nAHn0008.spa, Sat Nov 04 13:15:49 2006 (GMT-10:00)
9999.26	-0.00759156
9997.33	-0.00695625
9995.4	-0.00768914
9993.48	-0.00799613
9991.55	-0.00706374
9989.62	-0.0070387
9987.69	-0.00768712
9985.76	-0.00826256
9983.84	-0.00767973
9981.91	-0.00730719
9979.98	-0.00710169
9978.05	-0.00643813
9976.12	-0.00719314
9974.2	-0.00798653
9972.27	-0.00762188
9970.34	-0.00760807
9968.41	-0.00828714
9966.48	-0.00777591
9964.56	-0.00741743
9962.63	-0.00811644
9960.7	-0.00775511
9958.77	-0.00695048
9956.84	-0.00708389
9954.92	-0.0072329
9952.99	-0.00698527
9951.06	-0.00705641
9949.13	-0.007924
9947.2	-0.00846131
9945.28	-0.00801334
9943.35	-0.00771029
9941.42	-0.00755122
9939.49	-0.00754044
9937.56	-0.00747078
9935.64	-0.00695171
9933.71	-0.00659115
9931.78	-0.00733987
9929.85	-0.00766091
9927.92	-0.00749058
9926	-0.00722638
9924.07	-0.00671381
9922.14	-0.00669377
9920.21	-0.00691842
9918.28	-0.00631268
9916.36	-0.00649173
9914.43	-0.00723101
9912.5	-0.00690329
9910.57	-0.00667645
9908.64	-0.00696632
9906.71	-0.00699303
9904.79	-0.00701706
9902.86	-0.00646787
9900.93	-0.00673328
9899	-0.00716886
9897.08	-0.00740115
9895.15	-0.00772953
9893.22	-0.00755177
9891.29	-0.00670376
9889.36	-0.00686053
9887.43	-0.00722782
9885.51	-0.00730501
9883.58	-0.00715465
9881.65	-0.00757945
9879.72	-0.00714813
9877.79	-0.0065057
9875.87	-0.00679592
9873.94	-0.00716039
9872.01	-0.00804742
9870.08	-0.00762992
9868.15	-0.0064569
9866.23	-0.00556105
9864.3	-0.00639121
9862.37	-0.00695155
9860.44	-0.00625047
9858.51	-0.00628757
9856.59	-0.0071321
9854.66	-0.00746303
9852.73	-0.00712183
9850.8	-0.00684348
9848.87	-0.00612249
9846.95	-0.00610893
9845.02	-0.00705243
9843.09	-0.00724417
9841.16	-0.00709673
9839.23	-0.00692817
9837.31	-0.00691033
9835.38	-0.00678268
9833.45	-0.00670484
9831.52	-0.00673136
9829.59	-0.00628104
9827.67	-0.00606596
9825.74	-0.00610638
9823.81	-0.00634162
9821.88	-0.00684175
9819.95	-0.0068288
9818.03	-0.00682573
9816.1	-0.00671316
9814.17	-0.00668669
9812.24	-0.00620174
9810.31	-0.00592891
9808.39	-0.00546552
9806.46	-0.00540891
9804.53	-0.00527861
9802.6	-0.00578079
9800.67	-0.00706139
9798.75	-0.00758538
9796.82	-0.0065247
9794.89	-0.00606433
9792.96	-0.00664382
9791.03	-0.00632382
9789.11	-0.00696658
9787.18	-0.00724698
9785.25	-0.00657196
9783.32	-0.00628186
9781.39	-0.00568622
9779.46	-0.00558601
9777.54	-0.00637897
9775.61	-0.00686967
9773.68	-0.00653224
9771.75	-0.00583313
9769.83	-0.00582921
9767.9	-0.00623564
9765.97	-0.00624146
9764.04	-0.00664946
9762.11	-0.00741062
9760.18	-0.0066324
9758.26	-0.00654539
9756.33	-0.00669505
9754.4	-0.00592243
9752.47	-0.00597103
9750.54	-0.00634253
9748.62	-0.00596267
9746.69	-0.00538073
9744.76	-0.00577572
9742.83	-0.00648021
9740.9	-0.00654836
9738.98	-0.00653531
9737.05	-0.00614078
9735.12	-0.00572641
9733.19	-0.00546889
9731.26	-0.005477
9729.34	-0.0059743
9727.41	-0.00626876
9725.48	-0.0068074
9723.55	-0.00713056
9721.62	-0.00684644
9719.7	-0.00636676
9717.77	-0.00583355
9715.84	-0.00558915
9713.91	-0.00611899
9711.98	-0.00612036
9710.06	-0.00585235
9708.13	-0.00542007
9706.2	-0.00506491
9704.27	-0.00569276
9702.34	-0.00636676
9700.42	-0.00627412
9698.49	-0.00539592
9696.56	-0.00525082
9694.63	-0.00599257
9692.7	-0.0064284
9690.78	-0.00638834
9688.85	-0.00612249
9686.92	-0.00587788
9684.99	-0.0061023
9683.06	-0.00620063
9681.14	-0.00580312
9679.21	-0.00592864
9677.28	-0.00616754
9675.35	-0.00581982
9673.42	-0.00581096
9671.5	-0.00629035
9669.57	-0.00650087
9667.64	-0.00660153
9665.71	-0.00600123
9663.78	-0.00620347
9661.86	-0.00672242
9659.93	-0.00644476
9658	-0.00618975
9656.07	-0.00590511
9654.14	-0.00608005
9652.21	-0.00614104
9650.29	-0.00575783
9648.36	-0.00524745
9646.43	-0.00516924
9644.5	-0.00440876
9642.57	-0.00493805
9640.65	-0.00571814
9638.72	-0.00599365
9636.79	-0.00556314
9634.86	-0.00562473
9632.93	-0.00543407
9631.01	-0.00491141
9629.08	-0.00492616
9627.15	-0.00566205
9625.22	-0.00610543
9623.29	-0.0059529
9621.37	-0.00569878
9619.44	-0.00566853
9617.51	-0.00516541
9615.58	-0.00506072
9613.65	-0.00565652
9611.73	-0.00646333
9609.8	-0.00652718
9607.87	-0.00590433
9605.94	-0.0055388
9604.01	-0.00544654
9602.09	-0.00615382
9600.16	-0.00639778
9598.23	-0.00558587
9596.3	-0.00535082
9594.37	-0.00537834
9592.45	-0.00557004
9590.52	-0.00604502
9588.59	-0.00603012
9586.66	-0.00574802
9584.73	-0.00596469
9582.81	-0.00563945
9580.88	-0.00541925
9578.95	-0.00515175
9577.02	-0.0047738
9575.09	-0.00512376
9573.17	-0.00542056
9571.24	-0.00569135
9569.31	-0.00594028
9567.38	-0.00592828
9565.45	-0.00576565
9563.53	-0.00531216
9561.6	-0.00466527
9559.67	-0.00497837
9557.74	-0.00512903
9555.81	-0.00560429
9553.88	-0.00597992
9551.96	-0.00566764
9550.03	-0.00537536
9548.1	-0.00488766
9546.17	-0.0042801
9544.25	-0.00431127
9542.32	-0.005468
9540.39	-0.00597492
9538.46	-0.00601943
9536.53	-0.00564266
9534.6	-0.00511629
9532.68	-0.00520152
9530.75	-0.00552987
9528.82	-0.00556013
9526.89	-0.00547841
9524.96	-0.00486928
9523.04	-0.00487046
9521.11	-0.00541692
9519.18	-0.00527583
9517.25	-0.00507788
9515.32	-0.00512248
9513.4	-0.00537157
9511.47	-0.00569498
9509.54	-0.00542854
9507.61	-0.00556533
9505.68	-0.00570921
9503.76	-0.00541444
9501.83	-0.00530009
9499.9	-0.00559229
9497.97	-0.00622852
9496.04	-0.00626399
9494.12	-0.00544736
9492.19	-0.00503976
9490.26	-0.00490673
9488.33	-0.00490919
9486.4	-0.00565181
9484.48	-0.00625808
9482.55	-0.00605463
9480.62	-0.00535439
9478.69	-0.00502371
9476.76	-0.00511613
9474.84	-0.00519739
9472.91	-0.00533046
9470.98	-0.0052957
9469.05	-0.00520722
9467.12	-0.00558139
9465.2	-0.00540835
9463.27	-0.00506334
9461.34	-0.00544952
9459.41	-0.00639533
9457.48	-0.0056925
9455.56	-0.00499577
9453.63	-0.00543293
9451.7	-0.00516622
9449.77	-0.00523589
9447.84	-0.00535052
9445.92	-0.00595888
9443.99	-0.00607861
9442.06	-0.00550596
9440.13	-0.00512055
9438.2	-0.0048699
9436.28	-0.00542134
9434.35	-0.00566091
9432.42	-0.00528018
9430.49	-0.00547399
9428.56	-0.00564001
9426.63	-0.00532555
9424.71	-0.00512464
9422.78	-0.00482901
9420.85	-0.00436238
9418.92	-0.00461738
9417	-0.00492924
9415.07	-0.00516757
9413.14	-0.00532362
9411.21	-0.00538008
9409.28	-0.00528447
9407.35	-0.00518977
9405.43	-0.00500877
9403.5	-0.00489264
9401.57	-0.00488747
9399.64	-0.00444448
9397.71	-0.0042111
9395.79	-0.0042511
9393.86	-0.00470569
9391.93	-0.00470222
9390	-0.00472224
9388.07	-0.00536208
9386.15	-0.00560059
9384.22	-0.00525023
9382.29	-0.00529717
9380.36	-0.00563863
9378.43	-0.0054807
9376.51	-0.00548626
9374.58	-0.00570689
9372.65	-0.00505741
9370.72	-0.00520771
9368.79	-0.00581838
9366.87	-0.00549153
9364.94	-0.0052649
9363.01	-0.00554731
9361.08	-0.00579233
9359.15	-0.00537553
9357.23	-0.00575875
9355.3	-0.00606018
9353.37	-0.00560612
9351.44	-0.00538027
9349.51	-0.00556088
9347.59	-0.00588896
9345.66	-0.00577474
9343.73	-0.00458319
9341.8	-0.00407362
9339.87	-0.0047289
9337.95	-0.00496953
9336.02	-0.00465685
9334.09	-0.00494381
9332.16	-0.00497084
9330.23	-0.00485562
9328.31	-0.00558493
9326.38	-0.0062831
9324.45	-0.00575548
9322.52	-0.00491214
9320.59	-0.00527387
9318.67	-0.00540917
9316.74	-0.0048526
9314.81	-0.00467829
9312.88	-0.004628
9310.95	-0.00492396
9309.03	-0.00507847
9307.1	-0.00496557
9305.17	-0.00532391
9303.24	-0.00529626
9301.31	-0.00536807
9299.38	-0.00552186
9297.46	-0.00525537
9295.53	-0.00486499
9293.6	-0.00495806
9291.67	-0.00557966
9289.74	-0.00537883
9287.82	-0.00519851
9285.89	-0.00515729
9283.96	-0.00501761
9282.03	-0.00494404
9280.1	-0.00501683
9278.18	-0.0054576
9276.25	-0.00539379
9274.32	-0.00512791
9272.39	-0.00489903
9270.46	-0.00482066
9268.54	-0.00521733
9266.61	-0.00536479
9264.68	-0.00510699
9262.75	-0.00475636
9260.82	-0.00482891
9258.9	-0.00495718
9256.97	-0.00484907
9255.04	-0.00521969
9253.11	-0.00551898
9251.18	-0.00511272
9249.26	-0.00519576
9247.33	-0.00537762
9245.4	-0.00508934
9243.47	-0.00514412
9241.54	-0.00559647
9239.62	-0.00570512
9237.69	-0.00528928
9235.76	-0.00551688
9233.83	-0.00552915
9231.9	-0.00539071
9229.98	-0.0051213
9228.05	-0.00479274
9226.12	-0.0052409
9224.19	-0.00545943
9222.26	-0.0053752
9220.34	-0.00535897
9218.41	-0.00539025
9216.48	-0.00513584
9214.55	-0.00484877
9212.62	-0.00440502
9210.7	-0.00443198
9208.77	-0.0051844
9206.84	-0.00557655
9204.91	-0.00557721
9202.98	-0.00543934
9201.05	-0.00521979
9199.13	-0.00492907
9197.2	-0.00471782
9195.27	-0.00481384
9193.34	-0.00469874
9191.42	-0.0047616
9189.49	-0.00482229
9187.56	-0.00516449
9185.63	-0.00530879
9183.7	-0.00523972
9181.77	-0.00542501
9179.85	-0.0055514
9177.92	-0.00562208
9175.99	-0.00573583
9174.06	-0.0059291
9172.13	-0.00549149
9170.21	-0.0050054
9168.28	-0.00481568
9166.35	-0.004699
9164.42	-0.00442591
9162.49	-0.00461863
9160.57	-0.00510362
9158.64	-0.00512222
9156.71	-0.00501915
9154.78	-0.00479772
9152.85	-0.00484379
9150.93	-0.00459994
9149	-0.00456315
9147.07	-0.0051656
9145.14	-0.00505286
9143.21	-0.00473693
9141.29	-0.00528061
9139.36	-0.00507797
9137.43	-0.00471854
9135.5	-0.00515175
9133.57	-0.00517005
9131.65	-0.00490512
9129.72	-0.00484123
9127.79	-0.00481138
9125.86	-0.00509838
9123.93	-0.00537788
9122.01	-0.00518371
9120.08	-0.00460672
9118.15	-0.00459469
9116.22	-0.00475475
9114.29	-0.00502675
9112.37	-0.00509956
9110.44	-0.00465223
9108.51	-0.00455443
9106.58	-0.0048565
9104.65	-0.0048626
9102.73	-0.00529118
9100.8	-0.00515175
9098.87	-0.0045444
9096.94	-0.00462931
9095.01	-0.00536466
9093.08	-0.00562993
9091.16	-0.00534666
9089.23	-0.00518662
9087.3	-0.0054022
9085.37	-0.00537399
9083.45	-0.00523661
9081.52	-0.00483665
9079.59	-0.00467753
9077.66	-0.00498738
9075.73	-0.00517922
9073.8	-0.0049295
9071.88	-0.00489795
9069.95	-0.00477697
9068.02	-0.00470202
9066.09	-0.00499062
9064.17	-0.00514121
9062.24	-0.00529102
9060.31	-0.00555084
9058.38	-0.00531511
9056.45	-0.00532454
9054.52	-0.00552009
9052.6	-0.00525036
9050.67	-0.00507516
9048.74	-0.00455168
9046.81	-0.0039862
9044.88	-0.00425139
9042.96	-0.00478661
9041.03	-0.00520014
9039.1	-0.00512601
9037.17	-0.00495499
9035.24	-0.00496819
9033.32	-0.00523697
9031.39	-0.00515768
9029.46	-0.00525632
9027.53	-0.00548489
9025.6	-0.00525233
9023.68	-0.00506746
9021.75	-0.00513302
9019.82	-0.00528951
9017.89	-0.00570496
9015.96	-0.0058312
9014.04	-0.00593361
9012.11	-0.00599025
9010.18	-0.00621879
9008.25	-0.00605963
9006.32	-0.00556913
9004.4	-0.0051119
9002.47	-0.00528428
9000.54	-0.00549182
8998.61	-0.00542425
8996.68	-0.00528054
8994.76	-0.00550304
8992.83	-0.00558486
8990.9	-0.00544745
8988.97	-0.00542579
8987.04	-0.00527891
8985.12	-0.00508619
8983.19	-0.00575218
8981.26	-0.00567324
8979.33	-0.00477566
8977.4	-0.00489759
8975.48	-0.00513292
8973.55	-0.00542546
8971.62	-0.00585055
8969.69	-0.00565002
8967.76	-0.00541899
8965.83	-0.00537006
8963.91	-0.00561907
8961.98	-0.00505155
8960.05	-0.00486171
8958.12	-0.00547353
8956.2	-0.00558915
8954.27	-0.00519098
8952.34	-0.00505331
8950.41	-0.00516148
8948.48	-0.00558012
8946.55	-0.00584856
8944.63	-0.00557829
8942.7	-0.00524316
8940.77	-0.00540289
8938.84	-0.00532306
8936.92	-0.00518859
8934.99	-0.00570388
8933.06	-0.00582845
8931.13	-0.00552807
8929.2	-0.00611236
8927.27	-0.00611452
8925.35	-0.00585137
8923.42	-0.00595705
8921.49	-0.00571559
8919.56	-0.00552879
8917.63	-0.00556579
8915.71	-0.00587432
8913.78	-0.00600117
8911.85	-0.00547288
8909.92	-0.00511213
8907.99	-0.00510037
8906.07	-0.005359
8904.14	-0.00562221
8902.21	-0.00551996
8900.28	-0.00538973
8898.35	-0.00567144
8896.43	-0.00587108
8894.5	-0.00573393
8892.57	-0.00576238
8890.64	-0.00550226
8888.71	-0.00541637
8886.79	-0.00553687
8884.86	-0.00556932
8882.93	-0.00554086
8881	-0.00551672
8879.07	-0.00539038
8877.15	-0.00552578
8875.22	-0.00578134
8873.29	-0.00568952
8871.36	-0.00579785
8869.43	-0.00581593
8867.51	-0.00540606
8865.58	-0.00594443
8863.65	-0.00618678
8861.72	-0.00597973
8859.79	-0.00586935
8857.87	-0.00610818
8855.94	-0.0062845
8854.01	-0.00636953
8852.08	-0.00606279
8850.15	-0.00610367
8848.22	-0.00613752
8846.3	-0.00565999
8844.37	-0.00515084
8842.44	-0.0050276
8840.51	-0.00507244
8838.58	-0.00533066
8836.66	-0.00558548
8834.73	-0.00591636
8832.8	-0.00577569
8830.87	-0.00582649
8828.94	-0.00610883
8827.02	-0.00614477
8825.09	-0.00575335
8823.16	-0.00564311
8821.23	-0.00574577
8819.3	-0.00580384
8817.38	-0.00584019
8815.45	-0.00580122
8813.52	-0.0058294
8811.59	-0.00571967
8809.66	-0.00559127
8807.74	-0.00562182
8805.81	-0.00557668
8803.88	-0.00532935
8801.95	-0.00571987
8800.02	-0.00590067
8798.1	-0.00568131
8796.17	-0.00564691
8794.24	-0.00558358
8792.31	-0.00565443
8790.38	-0.00585363
8788.46	-0.00557701
8786.53	-0.00548397
8784.6	-0.00560557
8782.67	-0.00572804
8780.74	-0.00562836
8778.82	-0.00591273
8776.89	-0.00609459
8774.96	-0.00588579
8773.03	-0.00545472
8771.1	-0.00503998
8769.18	-0.00517939
8767.25	-0.00551976
8765.32	-0.00590812
8763.39	-0.00606668
8761.46	-0.00622349
8759.54	-0.00632095
8757.61	-0.00626043
8755.68	-0.00630651
8753.75	-0.00609446
8751.82	-0.00584264
8749.9	-0.00613895
8747.97	-0.00623303
8746.04	-0.00640078
8744.11	-0.00639314
8742.18	-0.00622454
8740.25	-0.00581201
8738.33	-0.00555539
8736.4	-0.00590086
8734.47	-0.00581413
8732.54	-0.00555375
8730.62	-0.00559265
8728.69	-0.00575335
8726.76	-0.00601662
8724.83	-0.00625236
8722.9	-0.00602231
8720.97	-0.0055865
8719.05	-0.00538492
8717.12	-0.00533174
8715.19	-0.00623623
8713.26	-0.00667123
8711.33	-0.00600996
8709.41	-0.00576601
8707.48	-0.00633855
8705.55	-0.00640558
8703.62	-0.00628248
8701.69	-0.00627333
8699.77	-0.00623107
8697.84	-0.00619975
8695.91	-0.00604113
8693.98	-0.00565636
8692.05	-0.00567644
8690.13	-0.00571529
8688.2	-0.00563203
8686.27	-0.00589138
8684.34	-0.00641293
8682.41	-0.00627768
8680.49	-0.00608851
8678.56	-0.00615222
8676.63	-0.00616117
8674.7	-0.00615163
8672.77	-0.00612768
8670.85	-0.00617561
8668.92	-0.00616907
8666.99	-0.00600715
8665.06	-0.00579743
8663.13	-0.00558309
8661.21	-0.00585046
8659.28	-0.00638305
8657.35	-0.00639722
8655.42	-0.00622385
8653.49	-0.00579605
8651.57	-0.00568354
8649.64	-0.0057752
8647.71	-0.00614977
8645.78	-0.00638273
8643.85	-0.00619494
8641.93	-0.00579341
8640	-0.00564289
8638.07	-0.00578827
8636.14	-0.00613768
8634.21	-0.00619955
8632.29	-0.00632999
8630.36	-0.00624956
8628.43	-0.00594505
8626.5	-0.00567337
8624.57	-0.00613931
8622.65	-0.00656191
8620.72	-0.00621353
8618.79	-0.00597368
8616.86	-0.00608315
8614.93	-0.00601107
8613	-0.00651458
8611.08	-0.00669603
8609.15	-0.0063886
8607.22	-0.00629335
8605.29	-0.0063663
8603.37	-0.00648122
8601.44	-0.00653723
8599.51	-0.00653883
8597.58	-0.00621827
8595.65	-0.0059426
8593.72	-0.00618955
8591.8	-0.00644077
8589.87	-0.0065421
8587.94	-0.0064899
8586.01	-0.00629374
8584.08	-0.00668601
8582.16	-0.00659595
8580.23	-0.00624404
8578.3	-0.00600417
8576.37	-0.00583499
8574.44	-0.00597845
8572.52	-0.0064395
8570.59	-0.00669515
8568.66	-0.00657023
8566.73	-0.00648925
8564.8	-0.00648974
8562.88	-0.00642399
8560.95	-0.00626941
8559.02	-0.00636114
8557.09	-0.00631435
8555.16	-0.00641335
8553.24	-0.0063711
8551.31	-0.00618292
8549.38	-0.00622496
8547.45	-0.00641645
8545.52	-0.00644708
8543.6	-0.0062637
8541.67	-0.00621778
8539.74	-0.0065076
8537.81	-0.00613431
8535.88	-0.00588033
8533.96	-0.00622277
8532.03	-0.00614464
8530.1	-0.00606008
8528.17	-0.00643369
8526.24	-0.00684286
8524.32	-0.00675661
8522.39	-0.00653325
8520.46	-0.00647211
8518.53	-0.00643656
8516.6	-0.00620089
8514.68	-0.00615999
8512.75	-0.00664793
8510.82	-0.00693111
8508.89	-0.00703153
8506.96	-0.00691461
8505.04	-0.00667828
8503.11	-0.00652552
8501.18	-0.00678845
8499.25	-0.00689429
8497.32	-0.00669913
8495.39	-0.00655917
8493.47	-0.00672278
8491.54	-0.00684403
8489.61	-0.00686259
8487.68	-0.00670702
8485.75	-0.00678016
8483.83	-0.00675214
8481.9	-0.00654911
8479.97	-0.00639252
8478.04	-0.00646327
8476.11	-0.00659334
8474.19	-0.00653485
8472.26	-0.00675358
8470.33	-0.00701947
8468.4	-0.00685962
8466.47	-0.00670183
8464.55	-0.00633629
8462.62	-0.006331
8460.69	-0.00654918
8458.76	-0.00652542
8456.83	-0.00661794
8454.91	-0.00679775
8452.98	-0.00666594
8451.05	-0.00665279
8449.12	-0.0067784
8447.19	-0.00676039
8445.27	-0.00653687
8443.34	-0.00645021
8441.41	-0.00697783
8439.48	-0.00719438
8437.55	-0.00699567
8435.63	-0.00684925
8433.7	-0.00681285
8431.77	-0.00681738
8429.84	-0.00686513
8427.91	-0.00679364
8425.99	-0.00651703
8424.06	-0.00657483
8422.13	-0.00682472
8420.2	-0.0071583
8418.27	-0.00688072
8416.35	-0.00655166
8414.42	-0.00684644
8412.49	-0.00693261
8410.56	-0.00663638
8408.63	-0.0067678
8406.71	-0.00659689
8404.78	-0.00685368
8402.85	-0.00709402
8400.92	-0.00703606
8398.99	-0.00669133
8397.07	-0.00640137
8395.14	-0.00650587
8393.21	-0.00692635
8391.28	-0.00700255
8389.35	-0.00687329
8387.43	-0.00710902
8385.5	-0.00717339
8383.57	-0.00698364
8381.64	-0.00667753
8379.71	-0.00664163
8377.79	-0.00694004
8375.86	-0.00703332
8373.93	-0.00732658
8372	-0.00734322
8370.07	-0.00710638
8368.14	-0.00699176
8366.22	-0.00695804
8364.29	-0.00725776
8362.36	-0.00707913
8360.43	-0.00690815
8358.5	-0.00691741
8356.58	-0.00671035
8354.65	-0.00676773
8352.72	-0.00703975
8350.79	-0.00690446
8348.86	-0.00686768
8346.94	-0.00703906
8345.01	-0.00710345
8343.08	-0.00686239
8341.15	-0.00704558
8339.22	-0.00745639
8337.3	-0.00746121
8335.37	-0.00721107
8333.44	-0.00698849
8331.51	-0.00693567
8329.58	-0.00693453
8327.66	-0.00691258
8325.73	-0.00674832
8323.8	-0.00647061
8321.87	-0.00658988
8319.94	-0.00689973
8318.02	-0.00722798
8316.09	-0.00736929
8314.16	-0.00718816
8312.23	-0.00710051
8310.3	-0.00700877
8308.38	-0.00701976
8306.45	-0.00700291
8304.52	-0.00711766
8302.59	-0.00731934
8300.66	-0.00765492
8298.74	-0.0074631
8296.81	-0.00689572
8294.88	-0.00692348
8292.95	-0.00732146
8291.02	-0.0071026
8289.1	-0.00691751
8287.17	-0.00716697
8285.24	-0.00764854
8283.31	-0.00750635
8281.38	-0.00699772
8279.46	-0.0067968
8277.53	-0.00707932
8275.6	-0.00740323
8273.67	-0.00745108
8271.74	-0.00757112
8269.82	-0.00745525
8267.89	-0.00718121
8265.96	-0.0068468
8264.03	-0.00699032
8262.1	-0.0074204
8260.17	-0.00736903
8258.25	-0.00729905
8256.32	-0.00729442
8254.39	-0.00738649
8252.46	-0.00739079
8250.54	-0.00737886
8248.61	-0.00747896
8246.68	-0.00746111
8244.75	-0.00739965
8242.82	-0.00747179
8240.89	-0.00746707
8238.97	-0.00727063
8237.04	-0.00724183
8235.11	-0.00724346
8233.18	-0.00720191
8231.25	-0.0070536
8229.33	-0.0070106
8227.4	-0.00711691
8225.47	-0.00717649
8223.54	-0.00746417
8221.61	-0.00773126
8219.69	-0.0074985
8217.76	-0.00736238
8215.83	-0.00762627
8213.9	-0.00788577
8211.97	-0.00773598
8210.05	-0.007366
8208.12	-0.00737056
8206.19	-0.00740014
8204.26	-0.00721123
8202.33	-0.00749791
8200.41	-0.00786703
8198.48	-0.00779
8196.55	-0.00760195
8194.62	-0.00736557
8192.69	-0.00742509
8190.77	-0.00747684
8188.84	-0.00722355
8186.91	-0.00724883
8184.98	-0.00750127
8183.05	-0.00740069
8181.13	-0.00709901
8179.2	-0.00735459
8177.27	-0.00785249
8175.34	-0.0079663
8173.41	-0.00764073
8171.49	-0.00741994
8169.56	-0.0076098
8167.63	-0.00761064
8165.7	-0.00768243
8163.77	-0.00761003
8161.85	-0.00751967
8159.92	-0.00732159
8157.99	-0.00721713
8156.06	-0.00711671
8154.13	-0.00715801
8152.21	-0.00752269
8150.28	-0.0079687
8148.35	-0.0079189
8146.42	-0.00746147
8144.49	-0.00747231
8142.56	-0.00758196
8140.64	-0.00755187
8138.71	-0.00741929
8136.78	-0.00736069
8134.85	-0.00727044
8132.92	-0.00709246
8131	-0.00690456
8129.07	-0.00717691
8127.14	-0.0074943
8125.21	-0.00738538
8123.28	-0.00724303
8121.36	-0.00752735
8119.43	-0.00754598
8117.5	-0.00755021
8115.57	-0.00761696
8113.64	-0.00758297
8111.72	-0.00746508
8109.79	-0.00739036
8107.86	-0.00743359
8105.93	-0.0073081
8104	-0.00723088
8102.08	-0.0074401
8100.15	-0.00734945
8098.22	-0.00721341
8096.29	-0.00731296
8094.36	-0.00762836
8092.44	-0.00782391
8090.51	-0.00786713
8088.58	-0.0077185
8086.65	-0.00776804
8084.72	-0.00777871
8082.8	-0.00750745
8080.87	-0.00765691
8078.94	-0.00780592
8077.01	-0.0076697
8075.08	-0.00765394
8073.16	-0.007678
8071.23	-0.0078533
8069.3	-0.00798777
8067.37	-0.00775043
8065.44	-0.00771013
8063.52	-0.00761921
8061.59	-0.00776472
8059.66	-0.0077668
8057.73	-0.0074015
8055.8	-0.00738346
8053.88	-0.00772279
8051.95	-0.00794073
8050.02	-0.00784998
8048.09	-0.00763757
8046.16	-0.00759951
8044.24	-0.00757427
8042.31	-0.00764353
8040.38	-0.00777275
8038.45	-0.00771094
8036.52	-0.0077971
8034.6	-0.00793738
8032.67	-0.00786417
8030.74	-0.00746482
8028.81	-0.00761315
8026.88	-0.0080146
8024.96	-0.0081046
8023.03	-0.00793562
8021.1	-0.00759723
8019.17	-0.00752735
8017.24	-0.00775801
8015.31	-0.00792866
8013.39	-0.00801454
8011.46	-0.00777292
8009.53	-0.00756584
8007.6	-0.00768695
8005.67	-0.00768002
8003.75	-0.00761097
8001.82	-0.00766143
7999.89	-0.0080119
7997.96	-0.00809449
7996.03	-0.00792833
7994.11	-0.00786251
7992.18	-0.00787227
7990.25	-0.00806352
7988.32	-0.00811787
7986.39	-0.0079295
7984.47	-0.00769031
7982.54	-0.00781383
7980.61	-0.00796607
7978.68	-0.00803484
7976.75	-0.00785151
7974.83	-0.00773526
7972.9	-0.00809071
7970.97	-0.00838481
7969.04	-0.00826916
7967.11	-0.00806857
7965.19	-0.00795579
7963.26	-0.00780859
7961.33	-0.00780875
7959.4	-0.00777158
7957.47	-0.00798582
7955.55	-0.00810301
7953.62	-0.00795533
7951.69	-0.008215
7949.76	-0.00812811
7947.83	-0.00801812
7945.91	-0.00798725
7943.98	-0.00801545
7942.05	-0.00811439
7940.12	-0.00832624
7938.19	-0.00833872
7936.27	-0.00823054
7934.34	-0.0083031
7932.41	-0.00846274
7930.48	-0.00809023
7928.55	-0.00788711
7926.63	-0.00804739
7924.7	-0.00788437
7922.77	-0.00797785
7920.84	-0.00802192
7918.91	-0.00783966
7916.99	-0.00772882
7915.06	-0.00791776
7913.13	-0.00793972
7911.2	-0.00785792
7909.27	-0.00826224
7907.35	-0.00832189
7905.42	-0.00798256
7903.49	-0.00810018
7901.56	-0.00818528
7899.63	-0.0080092
7897.71	-0.00801425
7895.78	-0.00823782
7893.85	-0.00820271
7891.92	-0.00802862
7889.99	-0.00803249
7888.06	-0.00820423
7886.14	-0.0082083
7884.21	-0.0081511
7882.28	-0.00818203
7880.35	-0.00815192
7878.42	-0.0080979
7876.5	-0.00790159
7874.57	-0.00801545
7872.64	-0.008249
7870.71	-0.00816525
7868.78	-0.00842014
7866.86	-0.00860397
7864.93	-0.00835173
7863	-0.00836001
7861.07	-0.0082333
7859.14	-0.00819243
7857.22	-0.00808453
7855.29	-0.00789869
7853.36	-0.00807803
7851.43	-0.00826581
7849.5	-0.00809858
7847.58	-0.0083018
7845.65	-0.00866263
7843.72	-0.008526
7841.79	-0.00847051
7839.86	-0.0085454
7837.94	-0.00836323
7836.01	-0.00826672
7834.08	-0.00838377
7832.15	-0.00857636
7830.22	-0.00858214
7828.3	-0.00838403
7826.37	-0.00825564
7824.44	-0.00840477
7822.51	-0.00842183
7820.58	-0.00828434
7818.66	-0.0083709
7816.73	-0.00855099
7814.8	-0.00857084
7812.87	-0.00855391
7810.94	-0.00845202
7809.02	-0.00846173
7807.09	-0.00853997
7805.16	-0.00838982
7803.23	-0.00824579
7801.3	-0.00838715
7799.38	-0.00838133
7797.45	-0.00837555
7795.52	-0.00860342
7793.59	-0.00880812
7791.66	-0.00867189
7789.74	-0.00865377
7787.81	-0.00863454
7785.88	-0.00844945
7783.95	-0.00833609
7782.02	-0.00830771
7780.09	-0.0085069
7778.17	-0.00837688
7776.24	-0.00833736
7774.31	-0.0083905
7772.38	-0.00836346
7770.46	-0.00843902
7768.53	-0.00834539
7766.6	-0.00838332
7764.67	-0.00853871
7762.74	-0.00854602
7760.81	-0.00870391
7758.89	-0.00871064
7756.96	-0.00855742
7755.03	-0.00843973
7753.1	-0.00834152
7751.17	-0.00829039
7749.25	-0.00829816
7747.32	-0.00848601
7745.39	-0.00871729
7743.46	-0.00874866
7741.53	-0.00856363
7739.61	-0.00835706
7737.68	-0.00837636
7735.75	-0.008371
7733.82	-0.00839024
7731.89	-0.00847697
7729.97	-0.00842277
7728.04	-0.00844792
7726.11	-0.00848575
7724.18	-0.00873434
7722.25	-0.00877568
7720.33	-0.00844633
7718.4	-0.00841894
7716.47	-0.00857292
7714.54	-0.00852604
7712.61	-0.00842797
7710.69	-0.00847223
7708.76	-0.0085595
7706.83	-0.0085325
7704.9	-0.00854676
7702.97	-0.00866741
7701.05	-0.00848224
7699.12	-0.00850021
7697.19	-0.00884292
7695.26	-0.0088761
7693.33	-0.00887114
7691.41	-0.0087699
7689.48	-0.00852259
7687.55	-0.00845787
7685.62	-0.00851642
7683.69	-0.00855297
7681.77	-0.00857886
7679.84	-0.00847944
7677.91	-0.00840187
7675.98	-0.00863941
7674.05	-0.00881516
7672.12	-0.00868492
7670.2	-0.00867797
7668.27	-0.0088624
7666.34	-0.00876737
7664.41	-0.00872369
7662.48	-0.00865065
7660.56	-0.00865828
7658.63	-0.00871541
7656.7	-0.00863762
7654.77	-0.00852337
7652.84	-0.00865633
7650.92	-0.00858893
7648.99	-0.0084632
7647.06	-0.00861102
7645.13	-0.00884276
7643.2	-0.0088552
7641.28	-0.00881218
7639.35	-0.00866254
7637.42	-0.00875357
7635.49	-0.00889074
7633.56	-0.00867839
7631.64	-0.00855203
7629.71	-0.00863477
7627.78	-0.00875013
7625.85	-0.00872765
7623.92	-0.00877062
7622	-0.00884646
7620.07	-0.00894538
7618.14	-0.00915981
7616.21	-0.00897793
7614.28	-0.00879435
7612.36	-0.00886474
7610.43	-0.00883981
7608.5	-0.00879497
7606.57	-0.00873723
7604.64	-0.00883104
7602.72	-0.0089407
7600.79	-0.00901165
7598.86	-0.00896323
7596.93	-0.00885477
7595	-0.00891094
7593.08	-0.00893093
7591.15	-0.00881734
7589.22	-0.00877153
7587.29	-0.00878159
7585.36	-0.00890986
7583.44	-0.00875201
7581.51	-0.00866481
7579.58	-0.00894972
7577.65	-0.00899624
7575.72	-0.00894294
7573.8	-0.00888873
7571.87	-0.00888802
7569.94	-0.00894463
7568.01	-0.00893629
7566.08	-0.00899877
7564.16	-0.00893733
7562.23	-0.00889938
7560.3	-0.00901217
7558.37	-0.00911306
7556.44	-0.00904443
7554.52	-0.00891866
7552.59	-0.0089508
7550.66	-0.0089296
7548.73	-0.00911231
7546.8	-0.00918047
7544.88	-0.00912792
7542.95	-0.00914261
7541.02	-0.00899899
7539.09	-0.00886403
7537.16	-0.0088614
7535.23	-0.00893463
7533.31	-0.00898342
7531.38	-0.00895956
7529.45	-0.00900065
7527.52	-0.0090661
7525.59	-0.00902171
7523.67	-0.00901055
7521.74	-0.00897134
7519.81	-0.00881234
7517.88	-0.00880234
7515.95	-0.00890019
7514.03	-0.0088563
7512.1	-0.00874824
7510.17	-0.00884692
7508.24	-0.0090196
7506.31	-0.00906536
7504.39	-0.00911293
7502.46	-0.00903482
7500.53	-0.00900026
7498.6	-0.00907853
7496.67	-0.00909466
7494.75	-0.00908022
7492.82	-0.00918352
7490.89	-0.009199
7488.96	-0.00905254
7487.03	-0.00889497
7485.11	-0.00914501
7483.18	-0.00915069
7481.25	-0.0090771
7479.32	-0.0089681
7477.39	-0.00893285
7475.47	-0.00903064
7473.54	-0.00917603
7471.61	-0.0091272
7469.68	-0.00891282
7467.75	-0.00903213
7465.83	-0.00919909
7463.9	-0.00915621
7461.97	-0.00907295
7460.04	-0.00900201
7458.11	-0.00913126
7456.19	-0.00912266
7454.26	-0.00898601
7452.33	-0.00907844
7450.4	-0.00918232
7448.47	-0.0091153
7446.54	-0.00905913
7444.62	-0.00899286
7442.69	-0.00897326
7440.76	-0.00875863
7438.83	-0.00874866
7436.91	-0.00909761
7434.98	-0.00909297
7433.05	-0.00890399
7431.12	-0.00881283
7429.19	-0.00884237
7427.26	-0.00891181
7425.34	-0.00892795
7423.41	-0.008994
7421.48	-0.00923208
7419.55	-0.00935436
7417.62	-0.00924957
7415.7	-0.0091274
7413.77	-0.00894015
7411.84	-0.00887993
7409.91	-0.00904894
7407.98	-0.00925336
7406.06	-0.00930578
7404.13	-0.00917395
7402.2	-0.00915017
7400.27	-0.0092374
7398.34	-0.00907594
7396.42	-0.0091224
7394.49	-0.00920435
7392.56	-0.00919579
7390.63	-0.00912694
7388.7	-0.00904654
7386.78	-0.00883169
7384.85	-0.0088102
7382.92	-0.00887893
7380.99	-0.00895248
7379.06	-0.00905069
7377.14	-0.00907269
7375.21	-0.00893346
7373.28	-0.00896303
7371.35	-0.00897757
7369.42	-0.00897615
7367.5	-0.00915848
7365.57	-0.0092965
7363.64	-0.00931067
7361.71	-0.00937031
7359.78	-0.00928706
7357.86	-0.00935273
7355.93	-0.00928878
7354	-0.00923679
7352.07	-0.00917107
7350.14	-0.00913836
7348.22	-0.00913334
7346.29	-0.00928139
7344.36	-0.00914521
7342.43	-0.00916107
7340.5	-0.00921892
7338.58	-0.00917434
7336.65	-0.00909959
7334.72	-0.00918875
7332.79	-0.00901568
7330.86	-0.00900338
7328.94	-0.00914394
7327.01	-0.00927094
7325.08	-0.00916883
7323.15	-0.0090909
7321.22	-0.00912879
7319.29	-0.00925839
7317.37	-0.00937624
7315.44	-0.00931677
7313.51	-0.00915783
7311.58	-0.00906286
7309.65	-0.00905799
7307.73	-0.0089223
7305.8	-0.00889974
7303.87	-0.00905851
7301.94	-0.00922647
7300.01	-0.00917181
7298.09	-0.00917314
7296.16	-0.00915543
7294.23	-0.00931904
7292.3	-0.00916146
7290.37	-0.00891084
7288.45	-0.00902525
7286.52	-0.00917577
7284.59	-0.00930847
7282.66	-0.00929284
7280.73	-0.00911244
7278.81	-0.0092036
7276.88	-0.00919154
7274.95	-0.0091627
7273.02	-0.00929903
7271.09	-0.00929073
7269.17	-0.00911257
7267.24	-0.00908986
7265.31	-0.00924743
7263.38	-0.00927198
7261.45	-0.00919679
7259.53	-0.00911513
7257.6	-0.00903914
7255.67	-0.0088726
7253.74	-0.00883783
7251.81	-0.00920649
7249.89	-0.00926734
7247.96	-0.00908077
7246.03	-0.00902454
7244.1	-0.00914703
7242.17	-0.00927869
7240.25	-0.00943415
7238.32	-0.00951014
7236.39	-0.00935238
7234.46	-0.00918661
7232.53	-0.00914936
7230.61	-0.00920811
7228.68	-0.00922067
7226.75	-0.00923838
7224.82	-0.00928833
7222.89	-0.00948619
7220.97	-0.00943218
7219.04	-0.0091927
7217.11	-0.00911844
7215.18	-0.00914187
7213.25	-0.00928161
7211.33	-0.00934408
7209.4	-0.00928966
7207.47	-0.00916578
7205.54	-0.00902869
7203.61	-0.00905455
7201.69	-0.00916107
7199.76	-0.00919254
7197.83	-0.00931966
7195.9	-0.00952606
7193.97	-0.0094526
7192.04	-0.00936697
7190.12	-0.00936395
7188.19	-0.00937245
7186.26	-0.00935273
7184.33	-0.00925713
7182.4	-0.00927344
7180.48	-0.00918382
7178.55	-0.00906169
7176.62	-0.00913619
7174.69	-0.00918534
7172.76	-0.00916724
7170.84	-0.00917395
7168.91	-0.00916026
7166.98	-0.00921463
7165.05	-0.00923507
7163.12	-0.00928589
7161.2	-0.00928651
7159.27	-0.00921476
7157.34	-0.00926173
7155.41	-0.00925009
7153.48	-0.00920617
7151.56	-0.00933389
7149.63	-0.00939713
7147.7	-0.00934489
7145.77	-0.00923108
7143.84	-0.0091018
7141.92	-0.0091078
7139.99	-0.00908213
7138.06	-0.0091116
7136.13	-0.00913531
7134.2	-0.00895145
7132.28	-0.0090493
7130.35	-0.00919251
7128.42	-0.00916098
7126.49	-0.00912594
7124.56	-0.00920435
7122.64	-0.00910358
7120.71	-0.0091126
7118.78	-0.00909249
7116.85	-0.00906932
7114.92	-0.00915835
7113	-0.00923066
7111.07	-0.00934044
7109.14	-0.00932828
7107.21	-0.00927788
7105.28	-0.00925644
7103.36	-0.00917048
7101.43	-0.00929128
7099.5	-0.00942874
7097.57	-0.00942485
7095.64	-0.00918823
7093.71	-0.0088451
7091.79	-0.00888019
7089.86	-0.00898208
7087.93	-0.00899052
7086	-0.00909284
7084.08	-0.00913162
7082.15	-0.00917551
7080.22	-0.00913308
7078.29	-0.00897361
7076.36	-0.00909618
7074.43	-0.00933146
7072.51	-0.00938552
7070.58	-0.00911556
7068.65	-0.00882156
7066.72	-0.00878555
7064.79	-0.00898426
7062.87	-0.00914008
7060.94	-0.00923679
7059.01	-0.00922018
7057.08	-0.00918579
7055.15	-0.00907347
7053.23	-0.00894833
7051.3	-0.00899052
7049.37	-0.00901532
7047.44	-0.0090333
7045.51	-0.00907402
7043.59	-0.00905614
7041.66	-0.00902914
7039.73	-0.00884211
7037.8	-0.00880948
7035.87	-0.00883698
7033.95	-0.00897838
7032.02	-0.00912295
7030.09	-0.00919968
7028.16	-0.00908184
7026.23	-0.00893736
7024.31	-0.00900477
7022.38	-0.00904355
7020.45	-0.00907889
7018.52	-0.00908593
7016.59	-0.00908502
7014.67	-0.00911844
7012.74	-0.00910663
7010.81	-0.00908635
7008.88	-0.00910232
7006.95	-0.00901344
7005.03	-0.0088661
7003.1	-0.00890983
7001.17	-0.00913123
6999.24	-0.00911043
6997.31	-0.00901126
6995.39	-0.00900607
6993.46	-0.00894486
6991.53	-0.00902077
6989.6	-0.0090442
6987.67	-0.00905137
6985.75	-0.00911942
6983.82	-0.00912993
6981.89	-0.00916263
6979.96	-0.00915449
6978.03	-0.00921103
6976.1	-0.00915611
6974.18	-0.00892986
6972.25	-0.00888795
6970.32	-0.0089692
6968.39	-0.00881598
6966.46	-0.00889766
6964.54	-0.0090933
6962.61	-0.00908103
6960.68	-0.00897592
6958.75	-0.00884221
6956.82	-0.00891743
6954.9	-0.00904592
6952.97	-0.00889487
6951.04	-0.00876048
6949.11	-0.00886974
6947.18	-0.00895024
6945.26	-0.00900837
6943.33	-0.00906241
6941.4	-0.00888487
6939.47	-0.00873743
6937.54	-0.00873714
6935.62	-0.00870654
6933.69	-0.00868384
6931.76	-0.0086728
6929.83	-0.00864298
6927.9	-0.00870339
6925.98	-0.00901967
6924.05	-0.00906708
6922.12	-0.00886695
6920.19	-0.00876825
6918.26	-0.00879286
6916.34	-0.00883088
6914.41	-0.00885169
6912.48	-0.00879974
6910.55	-0.00889289
6908.62	-0.00886705
6906.7	-0.00876734
6904.77	-0.00874681
6902.84	-0.00869079
6900.91	-0.00883643
6898.98	-0.00884601
6897.06	-0.00866549
6895.13	-0.00863077
6893.2	-0.00879218
6891.27	-0.00865432
6889.34	-0.00865542
6887.42	-0.00880335
6885.49	-0.00884322
6883.56	-0.00881091
6881.63	-0.00878705
6879.7	-0.00883049
6877.78	-0.00881309
6875.85	-0.00872424
6873.92	-0.00866247
6871.99	-0.0086298
6870.06	-0.00873866
6868.14	-0.00873454
6866.21	-0.00867537
6864.28	-0.0086321
6862.35	-0.00856401
6860.42	-0.0085351
6858.5	-0.00866796
6856.57	-0.00857204
6854.64	-0.00855203
6852.71	-0.00870278
6850.78	-0.00875815
6848.85	-0.00884195
6846.93	-0.00874525
6845	-0.00861102
6843.07	-0.00857584
6841.14	-0.00848555
6839.21	-0.008415
6837.29	-0.00850216
6835.36	-0.00854153
6833.43	-0.00845975
6831.5	-0.00844259
6829.57	-0.0084734
6827.65	-0.00834555
6825.72	-0.00831217
6823.79	-0.00849026
6821.86	-0.00872226
6819.93	-0.00875899
6818.01	-0.00862103
6816.08	-0.00863928
6814.15	-0.00862304
6812.22	-0.00846771
6810.29	-0.00821532
6808.37	-0.00828008
6806.44	-0.00848441
6804.51	-0.00836252
6802.58	-0.00827891
6800.65	-0.00826926
6798.73	-0.00832956
6796.8	-0.00838033
6794.87	-0.00833723
6792.94	-0.00841663
6791.01	-0.00849722
6789.09	-0.00857945
6787.16	-0.00858731
6785.23	-0.0085455
6783.3	-0.00861157
6781.37	-0.00858666
6779.45	-0.00850976
6777.52	-0.00834467
6775.59	-0.00821057
6773.66	-0.00819539
6771.73	-0.00834311
6769.81	-0.00841517
6767.88	-0.00832283
6765.95	-0.00838468
6764.02	-0.00843193
6762.09	-0.00829383
6760.17	-0.00827241
6758.24	-0.00830547
6756.31	-0.00835163
6754.38	-0.00848289
6752.45	-0.00841643
6750.53	-0.00829156
6748.6	-0.00828515
6746.67	-0.00829608
6744.74	-0.00819393
6742.81	-0.00828766
6740.88	-0.00846128
6738.96	-0.00851528
6737.03	-0.0085222
6735.1	-0.00844549
6733.17	-0.008311
6731.25	-0.00829403
6729.32	-0.0082821
6727.39	-0.00819279
6725.46	-0.00805113
6723.53	-0.00800849
6721.6	-0.00814961
6719.68	-0.00828164
6717.75	-0.00833258
6715.82	-0.00822033
6713.89	-0.00801311
6711.96	-0.00810496
6710.04	-0.00823665
6708.11	-0.00819311
6706.18	-0.00820963
6704.25	-0.00826935
6702.32	-0.00826331
6700.4	-0.00825853
6698.47	-0.00829201
6696.54	-0.00829715
6694.61	-0.00816587
6692.68	-0.00810684
6690.76	-0.00801161
6688.83	-0.00808717
6686.9	-0.00821275
6684.97	-0.0081671
6683.04	-0.0080965
6681.12	-0.0080673
6679.19	-0.00824946
6677.26	-0.00833833
6675.33	-0.008228
6673.4	-0.00809419
6671.48	-0.00810834
6669.55	-0.00811995
6667.62	-0.00815988
6665.69	-0.00814398
6663.76	-0.00821779
6661.84	-0.0082149
6659.91	-0.00817253
6657.98	-0.00817721
6656.05	-0.00823054
6654.12	-0.00832813
6652.2	-0.0082885
6650.27	-0.00823151
6648.34	-0.00825417
6646.41	-0.00808535
6644.48	-0.00800784
6642.56	-0.00808372
6640.63	-0.00813494
6638.7	-0.00806099
6636.77	-0.00815979
6634.84	-0.00813416
6632.92	-0.00806063
6630.99	-0.00807722
6629.06	-0.00807406
6627.13	-0.00814707
6625.2	-0.00822654
6623.27	-0.00812938
6621.35	-0.00799743
6619.42	-0.00800732
6617.49	-0.00800032
6615.56	-0.00803396
6613.63	-0.00809325
6611.71	-0.00809475
6609.78	-0.00809058
6607.85	-0.00800332
6605.92	-0.00799255
6603.99	-0.00799509
6602.07	-0.00796148
6600.14	-0.00797134
6598.21	-0.00795524
6596.28	-0.00801662
6594.35	-0.00800322
6592.43	-0.00797371
6590.5	-0.0079283
6588.57	-0.00786479
6586.64	-0.00774138
6584.71	-0.0076432
6582.79	-0.00761364
6580.86	-0.00753393
6578.93	-0.00759573
6577	-0.00757121
6575.07	-0.00748176
6573.15	-0.0074685
6571.22	-0.0075734
6569.29	-0.007611
6567.36	-0.00752129
6565.43	-0.00746665
6563.51	-0.0074802
6561.58	-0.00743587
6559.65	-0.00745245
6557.72	-0.00751527
6555.79	-0.00750869
6553.87	-0.00744482
6551.94	-0.00743297
6550.01	-0.0073069
6548.08	-0.00726998
6546.15	-0.00738193
6544.23	-0.00748635
6542.3	-0.00756867
6540.37	-0.00765108
6538.44	-0.00769988
6536.51	-0.00751442
6534.59	-0.00731296
6532.66	-0.0074272
6530.73	-0.00761055
6528.8	-0.00755711
6526.87	-0.00752533
6524.95	-0.0075563
6523.02	-0.00752129
6521.09	-0.00752644
6519.16	-0.00763353
6517.23	-0.00787995
6515.31	-0.00802989
6513.38	-0.0079392
6511.45	-0.00787647
6509.52	-0.00800615
6507.59	-0.00805663
6505.67	-0.00806908
6503.74	-0.00810522
6501.81	-0.00802466
6499.88	-0.00811237
6497.95	-0.00811634
6496.02	-0.00802781
6494.1	-0.00812753
6492.17	-0.00827196
6490.24	-0.00821796
6488.31	-0.00809143
6486.38	-0.00810034
6484.46	-0.0081338
6482.53	-0.00824757
6480.6	-0.00824377
6478.67	-0.00813819
6476.74	-0.0082374
6474.82	-0.00836235
6472.89	-0.00841136
6470.96	-0.00841338
6469.03	-0.00838338
6467.1	-0.00825121
6465.18	-0.00823974
6463.25	-0.00830924
6461.32	-0.00837581
6459.39	-0.00843899
6457.46	-0.00858058
6455.54	-0.00863447
6453.61	-0.00854686
6451.68	-0.00850453
6449.75	-0.0085519
6447.82	-0.00852032
6445.9	-0.00857539
6443.97	-0.0085824
6442.04	-0.00861274
6440.11	-0.00848854
6438.18	-0.00839622
6436.26	-0.00843431
6434.33	-0.00855157
6432.4	-0.00854706
6430.47	-0.00846573
6428.54	-0.00853575
6426.62	-0.00847691
6424.69	-0.00838241
6422.76	-0.00853266
6420.83	-0.00865335
6418.9	-0.00855138
6416.98	-0.00848558
6415.05	-0.00850823
6413.12	-0.00851411
6411.19	-0.00858159
6409.26	-0.00862518
6407.34	-0.00857863
6405.41	-0.00855089
6403.48	-0.00856353
6401.55	-0.00859449
6399.62	-0.00851479
6397.7	-0.00858818
6395.77	-0.00869131
6393.84	-0.0085826
6391.91	-0.00846365
6389.98	-0.0084721
6388.06	-0.00843853
6386.13	-0.00851392
6384.2	-0.00856895
6382.27	-0.00851652
6380.34	-0.00860478
6378.42	-0.00880072
6376.49	-0.00879828
6374.56	-0.00871678
6372.63	-0.00859072
6370.7	-0.00856047
6368.77	-0.00865507
6366.85	-0.00867257
6364.92	-0.0086324
6362.99	-0.00861128
6361.06	-0.00877864
6359.13	-0.00875376
6357.21	-0.00856226
6355.28	-0.00856606
6353.35	-0.00854728
6351.42	-0.00846544
6349.49	-0.00843704
6347.57	-0.00848217
6345.64	-0.00860082
6343.71	-0.0086562
6341.78	-0.00861651
6339.85	-0.00867481
6337.93	-0.00861446
6336	-0.00851671
6334.07	-0.00844324
6332.14	-0.00841614
6330.21	-0.00855635
6328.29	-0.00863522
6326.36	-0.00874672
6324.43	-0.00873116
6322.5	-0.00861365
6320.57	-0.00863178
6318.65	-0.00863269
6316.72	-0.00852838
6314.79	-0.00856372
6312.86	-0.00860335
6310.93	-0.00857717
6309.01	-0.00850976
6307.08	-0.00853595
6305.15	-0.00871366
6303.22	-0.00865432
6301.29	-0.00869105
6299.37	-0.0087965
6297.44	-0.00865513
6295.51	-0.00856762
6293.58	-0.00859783
6291.65	-0.00863067
6289.73	-0.0086053
6287.8	-0.00861011
6285.87	-0.00867478
6283.94	-0.00872038
6282.01	-0.00866767
6280.08	-0.00849614
6278.16	-0.0084529
6276.23	-0.00857688
6274.3	-0.00868391
6272.37	-0.00867803
6270.45	-0.00863162
6268.52	-0.00851473
6266.59	-0.00858205
6264.66	-0.00860108
6262.73	-0.00855255
6260.8	-0.00864623
6258.88	-0.00867767
6256.95	-0.00861609
6255.02	-0.00862005
6253.09	-0.00866634
6251.17	-0.00868011
6249.24	-0.00860599
6247.31	-0.00859403
6245.38	-0.00863671
6243.45	-0.00863584
6241.52	-0.00863012
6239.6	-0.00859673
6237.67	-0.00857906
6235.74	-0.00857756
6233.81	-0.00857561
6231.88	-0.00857828
6229.96	-0.00857321
6228.03	-0.00851778
6226.1	-0.00855281
6224.17	-0.00863246
6222.24	-0.00860072
6220.32	-0.00859381
6218.39	-0.00878935
6216.46	-0.00880948
6214.53	-0.0087145
6212.6	-0.00864665
6210.68	-0.00856889
6208.75	-0.00855326
6206.82	-0.00863925
6204.89	-0.00872821
6202.96	-0.00867507
6201.04	-0.00870934
6199.11	-0.00867706
6197.18	-0.00851528
6195.25	-0.00845199
6193.32	-0.00849787
6191.4	-0.00848367
6189.47	-0.00860381
6187.54	-0.0086183
6185.61	-0.00867118
6183.68	-0.00865991
6181.76	-0.00859741
6179.83	-0.00862905
6177.9	-0.0085287
6175.97	-0.00846095
6174.04	-0.00847376
6172.12	-0.00848591
6170.19	-0.00854764
6168.26	-0.00851483
6166.33	-0.00848243
6164.4	-0.00856606
6162.48	-0.00857168
6160.55	-0.0085761
6158.62	-0.00849472
6156.69	-0.00847275
6154.76	-0.0084926
6152.83	-0.00848448
6150.91	-0.0084501
6148.98	-0.00846885
6147.05	-0.00853611
6145.12	-0.00858412
6143.19	-0.00850742
6141.27	-0.00839739
6139.34	-0.00836892
6137.41	-0.0083918
6135.48	-0.00850914
6133.55	-0.00850436
6131.63	-0.00839749
6129.7	-0.00834269
6127.77	-0.0083841
6125.84	-0.00842934
6123.91	-0.0084281
6121.99	-0.00853776
6120.06	-0.00862083
6118.13	-0.0085991
6116.2	-0.00857837
6114.27	-0.00852116
6112.35	-0.0085003
6110.42	-0.00860625
6108.49	-0.00867527
6106.56	-0.00865471
6104.63	-0.00861148
6102.71	-0.00856038
6100.78	-0.00852997
6098.85	-0.00844142
6096.92	-0.00854751
6094.99	-0.00865403
6093.07	-0.00860173
6091.14	-0.00855914
6089.21	-0.00847359
6087.28	-0.00843158
6085.35	-0.00855966
6083.43	-0.00860992
6081.5	-0.00862466
6079.57	-0.00859215
6077.64	-0.00858188
6075.71	-0.00854144
6073.79	-0.0084798
6071.86	-0.00847512
6069.93	-0.00850424
6068	-0.00858883
6066.07	-0.00860923
6064.15	-0.00863386
6062.22	-0.00866351
6060.29	-0.00857639
6058.36	-0.00854261
6056.43	-0.00857373
6054.51	-0.00867579
6052.58	-0.0088176
6050.65	-0.00878078
6048.72	-0.00876042
6046.79	-0.00860904
6044.87	-0.00849621
6042.94	-0.00858052
6041.01	-0.00862499
6039.08	-0.00855739
6037.15	-0.00859163
6035.23	-0.00869563
6033.3	-0.00871827
6031.37	-0.00873266
6029.44	-0.00877789
6027.51	-0.00874691
6025.58	-0.0086626
6023.66	-0.00868823
6021.73	-0.00873642
6019.8	-0.00871775
6017.87	-0.00866598
6015.94	-0.00872613
6014.02	-0.00874983
6012.09	-0.00870132
6010.16	-0.00871109
6008.23	-0.00858591
6006.3	-0.00854043
6004.38	-0.00860297
6002.45	-0.00865078
6000.52	-0.00882533
5998.59	-0.00876977
5996.66	-0.0086527
5994.74	-0.00863834
5992.81	-0.00863447
5990.88	-0.00870132
5988.95	-0.00876351
5987.02	-0.00875123
5985.1	-0.00867014
5983.17	-0.00862005
5981.24	-0.00859423
5979.31	-0.00865552
5977.38	-0.00876799
5975.46	-0.0087661
5973.53	-0.00859686
5971.6	-0.00849946
5969.67	-0.00858451
5967.74	-0.00860543
5965.82	-0.00861235
5963.89	-0.00863204
5961.96	-0.00862418
5960.03	-0.0085222
5958.1	-0.00854722
5956.18	-0.00872272
5954.25	-0.00874636
5952.32	-0.00863636
5950.39	-0.00867767
5948.46	-0.00871902
5946.54	-0.00871674
5944.61	-0.00867514
5942.68	-0.00867806
5940.75	-0.0086728
5938.82	-0.00864493
5936.9	-0.00855073
5934.97	-0.0085926
5933.04	-0.00863873
5931.11	-0.00857386
5929.18	-0.00854296
5927.25	-0.00856853
5925.33	-0.00864097
5923.4	-0.00862392
5921.47	-0.00862733
5919.54	-0.00865159
5917.62	-0.00856083
5915.69	-0.0085299
5913.76	-0.0086194
5911.83	-0.00863314
5909.9	-0.00856616
5907.97	-0.00853601
5906.05	-0.00842501
5904.12	-0.00849549
5902.19	-0.00857269
5900.26	-0.00859046
5898.33	-0.0086422
5896.41	-0.00864659
5894.48	-0.00847346
5892.55	-0.00843265
5890.62	-0.00842771
5888.69	-0.00841068
5886.77	-0.00859195
5884.84	-0.00857301
5882.91	-0.00847892
5880.98	-0.00849078
5879.05	-0.00839586
5877.13	-0.00838644
5875.2	-0.00853234
5873.27	-0.00857067
5871.34	-0.00848857
5869.41	-0.00845585
5867.49	-0.00848117
5865.56	-0.00844578
5863.63	-0.00851551
5861.7	-0.00849325
5859.77	-0.00850216
5857.85	-0.00855118
5855.92	-0.00842726
5853.99	-0.0083267
5852.06	-0.00836931
5850.13	-0.00844922
5848.21	-0.00846697
5846.28	-0.00841257
5844.35	-0.00841318
5842.42	-0.00844831
5840.49	-0.00849543
5838.57	-0.00845215
5836.64	-0.00838192
5834.71	-0.00836424
5832.78	-0.00831402
5830.85	-0.0083306
5828.93	-0.00839079
5827	-0.00841435
5825.07	-0.00842365
5823.14	-0.00837779
5821.21	-0.00832878
5819.29	-0.00844035
5817.36	-0.00844146
5815.43	-0.00834457
5813.5	-0.00832842
5811.57	-0.00832589
5809.65	-0.00832975
5807.72	-0.00826373
5805.79	-0.00819188
5803.86	-0.00829718
5801.93	-0.00832527
5800	-0.00828759
5798.08	-0.00836102
5796.15	-0.00835387
5794.22	-0.00824045
5792.29	-0.00823613
5790.36	-0.00827124
5788.44	-0.00826103
5786.51	-0.00820992
5784.58	-0.00822761
5782.65	-0.00831262
5780.72	-0.00817995
5778.8	-0.00810398
5776.87	-0.00816642
5774.94	-0.0082279
5773.01	-0.00831984
5771.08	-0.00834214
5769.16	-0.00831773
5767.23	-0.00833996
5765.3	-0.0082884
5763.37	-0.00822169
5761.44	-0.00819565
5759.52	-0.00819376
5757.59	-0.00810174
5755.66	-0.0081791
5753.73	-0.00828119
5751.8	-0.00822049
5749.88	-0.00817676
5747.95	-0.00820261
5746.02	-0.00810453
5744.09	-0.00808951
5742.16	-0.00806567
5740.24	-0.00809188
5738.31	-0.00814541
5736.38	-0.0081138
5734.45	-0.00806512
5732.52	-0.00805516
5730.6	-0.0081726
5728.67	-0.00825762
5726.74	-0.00822111
5724.81	-0.00809627
5722.88	-0.00807842
5720.96	-0.00809936
5719.03	-0.0081085
5717.1	-0.00809403
5715.17	-0.00804632
5713.24	-0.0080459
5711.32	-0.00799557
5709.39	-0.0080174
5707.46	-0.00810509
5705.53	-0.00809114
5703.6	-0.00805621
5701.68	-0.00803939
5699.75	-0.00803341
5697.82	-0.00799193
5695.89	-0.00803985
5693.96	-0.00804833
5692.03	-0.00809143
5690.11	-0.00799915
5688.18	-0.00791369
5686.25	-0.00809849
5684.32	-0.00815504
5682.4	-0.00800533
5680.47	-0.00792563
5678.54	-0.00790175
5676.61	-0.00790191
5674.68	-0.0079717
5672.75	-0.00801779
5670.83	-0.00805003
5668.9	-0.00803214
5666.97	-0.0078725
5665.04	-0.00782395
5663.11	-0.00781292
5661.19	-0.00782707
5659.26	-0.00797414
5657.33	-0.00798848
5655.4	-0.00784507
5653.47	-0.00782847
5651.55	-0.00785415
5649.62	-0.00782147
5647.69	-0.00788665
5645.76	-0.00791441
5643.83	-0.0078411
5641.91	-0.00784272
5639.98	-0.00795803
5638.05	-0.00799382
5636.12	-0.0079472
5634.19	-0.007845
5632.27	-0.00783368
5630.34	-0.00788919
5628.41	-0.00781643
5626.48	-0.00774349
5624.55	-0.00773816
5622.63	-0.00782531
5620.7	-0.00793536
5618.77	-0.00790006
5616.84	-0.0077707
5614.91	-0.00768829
5612.99	-0.00778974
5611.06	-0.0077556
5609.13	-0.00772572
5607.2	-0.0077365
5605.27	-0.00773975
5603.35	-0.00778558
5601.42	-0.00771514
5599.49	-0.0077018
5597.56	-0.00781835
5595.63	-0.00778027
5593.71	-0.00771013
5591.78	-0.00768236
5589.85	-0.007775
5587.92	-0.00776797
5585.99	-0.00774281
5584.07	-0.00772204
5582.14	-0.00771085
5580.21	-0.00770434
5578.28	-0.0077129
5576.35	-0.00774997
5574.43	-0.0076922
5572.5	-0.00769024
5570.57	-0.00768477
5568.64	-0.00766264
5566.71	-0.00765069
5564.79	-0.00761598
5562.86	-0.00759671
5560.93	-0.00769525
5559	-0.00771274
5557.07	-0.00768995
5555.14	-0.00766931
5553.22	-0.00761813
5551.29	-0.0077113
5549.36	-0.00775876
5547.43	-0.00771931
5545.5	-0.00767068
5543.58	-0.00770225
5541.65	-0.00767012
5539.72	-0.00753608
5537.79	-0.0075463
5535.86	-0.00760573
5533.94	-0.00758079
5532.01	-0.00755363
5530.08	-0.00756584
5528.15	-0.00761237
5526.22	-0.00759778
5524.3	-0.00762503
5522.37	-0.00757854
5520.44	-0.00759759
5518.51	-0.0076573
5516.58	-0.00754008
5514.66	-0.00746925
5512.73	-0.00751071
5510.8	-0.00755402
5508.87	-0.00756353
5506.94	-0.00751266
5505.02	-0.00745215
5503.09	-0.00749641
5501.16	-0.00747938
5499.23	-0.00735424
5497.3	-0.00740935
5495.38	-0.00754008
5493.45	-0.00756259
5491.52	-0.00759365
5489.59	-0.00759889
5487.66	-0.0075579
5485.74	-0.0075492
5483.81	-0.00749466
5481.88	-0.00748931
5479.95	-0.00746173
5478.02	-0.00744456
5476.1	-0.00744779
5474.17	-0.0074671
5472.24	-0.00745254
5470.31	-0.00741196
5468.38	-0.00745407
5466.46	-0.00747938
5464.53	-0.00756079
5462.6	-0.00748635
5460.67	-0.00737437
5458.74	-0.0073874
5456.82	-0.00740991
5454.89	-0.00742128
5452.96	-0.00742466
5451.03	-0.00738899
5449.1	-0.00734756
5447.17	-0.00738603
5445.25	-0.00742844
5443.32	-0.00744131
5441.39	-0.00747339
5439.46	-0.00744951
5437.54	-0.0073499
5435.61	-0.00736238
5433.68	-0.00738385
5431.75	-0.00735183
5429.82	-0.00731713
5427.89	-0.007269
5425.97	-0.00724492
5424.04	-0.00731993
5422.11	-0.00734798
5420.18	-0.00737235
5418.25	-0.00735626
5416.33	-0.00726571
5414.4	-0.00722746
5412.47	-0.00722482
5410.54	-0.00734248
5408.61	-0.00738101
5406.69	-0.00727552
5404.76	-0.00717105
5402.83	-0.00714826
5400.9	-0.00718483
5398.97	-0.00720494
5397.05	-0.00719122
5395.12	-0.00721423
5393.19	-0.00727911
5391.26	-0.00738492
5389.33	-0.00739225
5387.41	-0.0073197
5385.48	-0.00718897
5383.55	-0.00706674
5381.62	-0.00700245
5379.69	-0.00715944
5377.77	-0.00728839
5375.84	-0.00718842
5373.91	-0.00716433
5371.98	-0.00719731
5370.05	-0.00719783
5368.13	-0.00712812
5366.2	-0.00701686
5364.27	-0.00707808
5362.34	-0.00715279
5360.41	-0.00716306
5358.49	-0.00714025
5356.56	-0.00706821
5354.63	-0.00698879
5352.7	-0.00694033
5350.77	-0.00684547
5348.85	-0.00685998
5346.92	-0.00690453
5344.99	-0.00692103
5343.06	-0.00705298
5341.13	-0.00701233
5339.21	-0.0069133
5337.28	-0.00695383
5335.35	-0.00696424
5333.42	-0.0069253
5331.49	-0.00676121
5329.56	-0.00672957
5327.64	-0.0067921
5325.71	-0.00679608
5323.78	-0.00682978
5321.85	-0.00689165
5319.92	-0.00687032
5318	-0.00677879
5316.07	-0.00682599
5314.14	-0.00683196
5312.21	-0.00684664
5310.28	-0.00684413
5308.36	-0.00673136
5306.43	-0.00672875
5304.5	-0.00670082
5302.57	-0.00662251
5300.64	-0.00663697
5298.72	-0.00665384
5296.79	-0.00659804
5294.86	-0.00666288
5292.93	-0.00668624
5291	-0.00662662
5289.08	-0.00663077
5287.15	-0.00659967
5285.22	-0.00656609
5283.29	-0.0065453
5281.36	-0.00653616
5279.44	-0.00649634
5277.51	-0.00637819
5275.58	-0.00632999
5273.65	-0.00632464
5271.72	-0.00630913
5269.8	-0.00627624
5267.87	-0.00616835
5265.94	-0.00616705
5264.01	-0.00617469
5262.08	-0.00619455
5260.16	-0.00623094
5258.23	-0.0061808
5256.3	-0.00619984
5254.37	-0.00616842
5252.44	-0.00598885
5250.52	-0.00585765
5248.59	-0.00579099
5246.66	-0.00574364
5244.73	-0.005867
5242.8	-0.00591067
5240.88	-0.00584183
5238.95	-0.00580557
5237.02	-0.00566879
5235.09	-0.00550016
5233.16	-0.00549918
5231.24	-0.005484
5229.31	-0.00538155
5227.38	-0.00528591
5225.45	-0.00527979
5223.52	-0.00524853
5221.6	-0.00518112
5219.67	-0.00518603
5217.74	-0.0052023
5215.81	-0.00506301
5213.88	-0.0050036
5211.96	-0.00500432
5210.03	-0.00495708
5208.1	-0.00486833
5206.17	-0.00465151
5204.24	-0.00448262
5202.31	-0.00449921
5200.39	-0.00457886
5198.46	-0.00451423
5196.53	-0.0044004
5194.6	-0.0042947
5192.67	-0.00419568
5190.75	-0.00413637
5188.82	-0.00404982
5186.89	-0.00400114
5184.96	-0.0039706
5183.03	-0.00387334
5181.11	-0.00381367
5179.18	-0.00383584
5177.25	-0.00379912
5175.32	-0.00372945
5173.39	-0.00366877
5171.47	-0.00369314
5169.54	-0.00360391
5167.61	-0.00356125
5165.68	-0.00352372
5163.75	-0.0035039
5161.83	-0.00339118
5159.9	-0.00332611
5157.97	-0.00339059
5156.04	-0.00336524
5154.11	-0.00322996
5152.19	-0.00312487
5150.26	-0.00305361
5148.33	-0.00308667
5146.4	-0.00307098
5144.47	-0.00291741
5142.55	-0.00290036
5140.62	-0.00300188
5138.69	-0.00295371
5136.76	-0.00294528
5134.83	-0.0029745
5132.91	-0.00287021
5130.98	-0.00276569
5129.05	-0.00283894
5127.12	-0.0029591
5125.19	-0.00296733
5123.27	-0.00286297
5121.34	-0.00270961
5119.41	-0.00260275
5117.48	-0.00253351
5115.55	-0.00248364
5113.62	-0.00243689
5111.7	-0.00252086
5109.77	-0.00254211
5107.84	-0.00251368
5105.91	-0.00255147
5103.99	-0.00261075
5102.06	-0.00260222
5100.13	-0.00255822
5098.2	-0.00257838
5096.27	-0.00251497
5094.34	-0.00241013
5092.42	-0.00233622
5090.49	-0.00219352
5088.56	-0.00213299
5086.63	-0.00209811
5084.71	-0.0019716
5082.78	-0.00189203
5080.85	-0.00191104
5078.92	-0.00181651
5076.99	-0.00156406
5075.06	-0.00136787
5073.14	-0.00127505
5071.21	-0.00115927
5069.28	-0.0010391
5067.35	-0.000747887
5065.42	-0.000356575
5063.5	-0.000206641
5061.57	-0.000111879
5059.64	0.000133617
5057.71	0.000510597
5055.78	0.000740746
5053.86	0.000915962
5051.93	0.00124019
5050	0.00168774
5048.07	0.00197853
5046.14	0.00218744
5044.22	0.00241795
5042.29	0.00265935
5040.36	0.00308324
5038.43	0.003678
5036.5	0.0041899
5034.58	0.00478193
5032.65	0.00547189
5030.72	0.00609446
5028.79	0.00690412
5026.86	0.00789149
5024.94	0.00880855
5023.01	0.00966144
5021.08	0.0103949
5019.15	0.0110864
5017.22	0.0117946
5015.3	0.0123263
5013.37	0.0124837
5011.44	0.0123855
5009.51	0.0119907
5007.58	0.0113113
5005.66	0.0106072
5003.73	0.00985517
5001.8	0.00890147
4999.87	0.00787257
4997.94	0.00701725
4996.02	0.00626046
4994.09	0.00543753
4992.16	0.00469436
4990.23	0.00399711
4988.3	0.00336314
4986.38	0.00280669
4984.45	0.0023765
4982.52	0.00197283
4980.59	0.0015749
4978.66	0.00120586
4976.73	0.000911645
4974.81	0.000698497
4972.88	0.000544402
4970.95	0.000329245
4969.02	0.000104782
4967.09	-5.84445e-05
4965.17	-0.000117047
4963.24	-0.000272376
4961.31	-0.000457109
4959.38	-0.000533958
4957.45	-0.000584025
4955.53	-0.000722549
4953.6	-0.000867973
4951.67	-0.000888673
4949.74	-0.00091334
4947.81	-0.000966967
4945.89	-0.00106696
4943.96	-0.00114023
4942.03	-0.00111875
4940.1	-0.00116988
4938.17	-0.00126342
4936.25	-0.00132499
4934.32	-0.00138296
4932.39	-0.00145948
4930.46	-0.00154785
4928.53	-0.00164385
4926.61	-0.00176309
4924.68	-0.00191315
4922.75	-0.00201494
4920.82	-0.0021113
4918.89	-0.00219768
4916.97	-0.00226881
4915.04	-0.00233668
4913.11	-0.00237418
4911.18	-0.00244156
4909.25	-0.00265238
4907.33	-0.00277007
4905.4	-0.00281514
4903.47	-0.00287179
4901.54	-0.00288555
4899.61	-0.00302225
4897.69	-0.0031577
4895.76	-0.00319092
4893.83	-0.00321388
4891.9	-0.00318582
4889.97	-0.00323183
4888.05	-0.00328925
4886.12	-0.00326913
4884.19	-0.00335544
4882.26	-0.00349253
4880.33	-0.00351892
4878.41	-0.00348201
4876.48	-0.00355534
4874.55	-0.00360453
4872.62	-0.00364222
4870.69	-0.00362195
4868.77	-0.00363042
4866.84	-0.0036913
4864.91	-0.00376233
4862.98	-0.00384464
4861.05	-0.00388864
4859.12	-0.0038739
4857.2	-0.00389324
4855.27	-0.00389669
4853.34	-0.00396003
4851.41	-0.0040811
4849.48	-0.00413864
4847.56	-0.00408924
4845.63	-0.00413526
4843.7	-0.00411721
4841.77	-0.00419945
4839.84	-0.00436523
4837.92	-0.00441814
4835.99	-0.00438961
4834.06	-0.00439685
4832.13	-0.00436828
4830.2	-0.00428719
4828.28	-0.00428909
4826.35	-0.00445012
4824.42	-0.00465672
4822.49	-0.00469523
4820.56	-0.00470657
4818.64	-0.00478431
4816.71	-0.00478153
4814.78	-0.00486243
4812.85	-0.00490814
4810.92	-0.00489782
4809	-0.00489304
4807.07	-0.00486555
4805.14	-0.00486571
4803.21	-0.00490794
4801.28	-0.00495273
4799.36	-0.00493969
4797.43	-0.00501329
4795.5	-0.00503294
4793.57	-0.00505269
4791.64	-0.00512539
4789.72	-0.00507811
4787.79	-0.00511547
4785.86	-0.00518996
4783.93	-0.00515869
4782	-0.00514524
4780.08	-0.00526545
4778.15	-0.00536898
4776.22	-0.00533629
4774.29	-0.00530899
4772.36	-0.00538999
4770.44	-0.00536636
4768.51	-0.00530408
4766.58	-0.00538466
4764.65	-0.00546097
4762.72	-0.00548996
4760.79	-0.00551636
4758.87	-0.00553566
4756.94	-0.00549624
4755.01	-0.00548253
4753.08	-0.00545292
4751.16	-0.00549679
4749.23	-0.00568436
4747.3	-0.00579059
4745.37	-0.00585716
4743.44	-0.00587069
4741.51	-0.00586732
4739.59	-0.00586124
4737.66	-0.00573341
4735.73	-0.0056232
4733.8	-0.00570676
4731.88	-0.00597447
4729.95	-0.00604675
4728.02	-0.00587723
4726.09	-0.00591286
4724.16	-0.00587259
4722.23	-0.00590956
4720.31	-0.00600836
4718.38	-0.00599738
4716.45	-0.00606204
4714.52	-0.00612696
4712.59	-0.00615836
4710.67	-0.00603032
4708.74	-0.0059879
4706.81	-0.0060507
4704.88	-0.00600071
4702.95	-0.0060528
4701.03	-0.00610462
4699.1	-0.00606904
4697.17	-0.0060923
4695.24	-0.00617744
4693.31	-0.00620899
4691.39	-0.0062004
4689.46	-0.00615672
4687.53	-0.00623976
4685.6	-0.00627216
4683.67	-0.00620193
4681.75	-0.00617479
4679.82	-0.00623195
4677.89	-0.00628809
4675.96	-0.00632402
4674.03	-0.00641606
4672.11	-0.0064285
4670.18	-0.00629289
4668.25	-0.00622793
4666.32	-0.0063566
4664.39	-0.00646771
4662.47	-0.00645354
4660.54	-0.00641345
4658.61	-0.00637473
4656.68	-0.00637247
4654.75	-0.00645452
4652.83	-0.00651837
4650.9	-0.00651347
4648.97	-0.00643986
4647.04	-0.0064013
4645.11	-0.00644482
4643.19	-0.00646732
4641.26	-0.0065731
4639.33	-0.00657966
4637.4	-0.00651399
4635.47	-0.00654138
4633.54	-0.00666089
4631.62	-0.00666539
4629.69	-0.00652565
4627.76	-0.00646043
4625.83	-0.00656334
4623.9	-0.00656631
4621.98	-0.0065434
4620.05	-0.00652842
4618.12	-0.00656494
4616.19	-0.00665328
4614.26	-0.00659118
4612.34	-0.00653306
4610.41	-0.00652189
4608.48	-0.00658936
4606.55	-0.00663184
4604.62	-0.00659236
4602.7	-0.00656432
4600.77	-0.00651837
4598.84	-0.00646767
4596.91	-0.00635641
4594.98	-0.00626876
4593.06	-0.00620425
4591.13	-0.00625429
4589.2	-0.00621395
4587.27	-0.0061499
4585.34	-0.00605809
4583.42	-0.00598355
4581.49	-0.00598339
4579.56	-0.0058991
4577.63	-0.00570352
4575.7	-0.00549827
4573.78	-0.00538446
4571.85	-0.00524342
4569.92	-0.00509098
4567.99	-0.00494323
4566.06	-0.00469264
4564.14	-0.00445359
4562.21	-0.00427446
4560.28	-0.00400524
4558.35	-0.0037143
4556.42	-0.00347113
4554.5	-0.00326824
4552.57	-0.00307545
4550.64	-0.00281151
4548.71	-0.00242473
4546.78	-0.00219943
4544.86	-0.00198618
4542.93	-0.00165632
4541	-0.00145622
4539.07	-0.00134022
4537.14	-0.00109132
4535.22	-0.000800906
4533.29	-0.000673854
4531.36	-0.000557652
4529.43	-0.00038392
4527.5	-0.000225783
4525.58	-0.000165473
4523.65	-8.00776e-05
4521.72	1.3055e-05
4519.79	-2.9157e-05
4517.86	-0.000113105
4515.94	-0.000159942
4514.01	-0.000142619
4512.08	-0.000221411
4510.15	-0.000320023
4508.22	-0.0003917
4506.29	-0.00053366
4504.37	-0.000670844
4502.44	-0.000837649
4500.51	-0.00113743
4498.58	-0.00139416
4496.65	-0.00167372
4494.73	-0.00190441
4492.8	-0.00208337
4490.87	-0.00223381
4488.94	-0.00237566
4487.01	-0.0024444
4485.09	-0.00267214
4483.16	-0.00307792
4481.23	-0.00331171
4479.3	-0.00351461
4477.37	-0.00376367
4475.45	-0.00388349
4473.52	-0.0039333
4471.59	-0.00411058
4469.66	-0.00427912
4467.73	-0.00441788
4465.81	-0.00447298
4463.88	-0.00468238
4461.95	-0.00492524
4460.02	-0.00497654
4458.09	-0.00509998
4456.17	-0.0052718
4454.24	-0.00538508
4452.31	-0.00552169
4450.38	-0.00559683
4448.45	-0.00563062
4446.53	-0.00565764
4444.6	-0.00566908
4442.67	-0.00578144
4440.74	-0.00584608
4438.81	-0.00590076
4436.89	-0.00602061
4434.96	-0.00611216
4433.03	-0.00608655
4431.1	-0.00605303
4429.17	-0.00611589
4427.25	-0.00607335
4425.32	-0.00601077
4423.39	-0.0060492
4421.46	-0.00615029
4419.53	-0.00618407
4417.61	-0.00622049
4415.68	-0.00622199
4413.75	-0.00617587
4411.82	-0.00620357
4409.89	-0.00628385
4407.96	-0.00622839
4406.04	-0.00617724
4404.11	-0.00620951
4402.18	-0.00626053
4400.25	-0.00628323
4398.33	-0.00623094
4396.4	-0.00613895
4394.47	-0.00625348
4392.54	-0.00638736
4390.61	-0.00635115
4388.68	-0.00628999
4386.76	-0.00633466
4384.83	-0.00637055
4382.9	-0.0064108
4380.97	-0.00638945
4379.04	-0.00644544
4377.12	-0.00649552
4375.19	-0.00639921
4373.26	-0.00627728
4371.33	-0.00628248
4369.4	-0.00638906
4367.48	-0.00638723
4365.55	-0.00643624
4363.62	-0.00658544
4361.69	-0.00667541
4359.76	-0.00665106
4357.84	-0.00659471
4355.91	-0.00656207
4353.98	-0.00660205
4352.05	-0.00669577
4350.12	-0.0065656
4348.2	-0.00649673
4346.27	-0.00666888
4344.34	-0.00674474
4342.41	-0.00671061
4340.48	-0.00673547
4338.56	-0.00675397
4336.63	-0.00682488
4334.7	-0.00681255
4332.77	-0.00677703
4330.84	-0.00676128
4328.92	-0.0068316
4326.99	-0.00692338
4325.06	-0.00697076
4323.13	-0.0070077
4321.2	-0.00705096
4319.28	-0.00708855
4317.35	-0.00705396
4315.42	-0.00701184
4313.49	-0.00702987
4311.56	-0.00708121
4309.64	-0.00704783
4307.71	-0.00703877
4305.78	-0.00712978
4303.85	-0.0071524
4301.92	-0.00714002
4300	-0.00712721
4298.07	-0.00717841
4296.14	-0.00729533
4294.21	-0.0072401
4292.28	-0.00713386
4290.35	-0.00712662
4288.43	-0.0072735
4286.5	-0.00726474
4284.57	-0.00712848
4282.64	-0.00720344
4280.71	-0.00726346
4278.79	-0.00725444
4276.86	-0.00729517
4274.93	-0.00732964
4273	-0.00732449
4271.07	-0.00729083
4269.15	-0.00723424
4267.22	-0.00718001
4265.29	-0.00723424
4263.36	-0.00724196
4261.43	-0.00720364
4259.51	-0.00727344
4257.58	-0.00735831
4255.65	-0.00731234
4253.72	-0.00722084
4251.79	-0.00720918
4249.87	-0.00721377
4247.94	-0.00721713
4246.01	-0.0072429
4244.08	-0.00721126
4242.15	-0.00711779
4240.23	-0.00714569
4238.3	-0.00713884
4236.37	-0.00716788
4234.44	-0.00723544
4232.51	-0.00722765
4230.59	-0.00725695
4228.66	-0.00729354
4226.73	-0.00730546
4224.8	-0.0073329
4222.87	-0.00734948
4220.95	-0.00730608
4219.02	-0.00722879
4217.09	-0.00721869
4215.16	-0.00728774
4213.23	-0.00737714
4211.31	-0.00728992
4209.38	-0.00717981
4207.45	-0.00723062
4205.52	-0.00719842
4203.59	-0.00717385
4201.67	-0.00720553
4199.74	-0.00718933
4197.81	-0.00727598
4195.88	-0.00728373
4193.95	-0.00710615
4192.03	-0.0070893
4190.1	-0.00710778
4188.17	-0.00716225
4186.24	-0.00716515
4184.31	-0.00708786
4182.39	-0.0070817
4180.46	-0.0071053
4178.53	-0.00712851
4176.6	-0.00715504
4174.67	-0.00714689
4172.75	-0.00711384
4170.82	-0.00710586
4168.89	-0.00713096
4166.96	-0.0071362
4165.03	-0.00704522
4163.1	-0.00709347
4161.18	-0.00715521
4159.25	-0.00709275
4157.32	-0.00711091
4155.39	-0.00711736
4153.46	-0.0070612
4151.54	-0.00701973
4149.61	-0.00700473
4147.68	-0.00696883
4145.75	-0.00693391
4143.82	-0.00690854
4141.9	-0.00693124
4139.97	-0.0070032
4138.04	-0.00713223
4136.11	-0.00722462
4134.18	-0.00708865
4132.26	-0.00703857
4130.33	-0.00709565
4128.4	-0.00708982
4126.47	-0.00705634
4124.54	-0.00698491
4122.62	-0.00696133
4120.69	-0.00701621
4118.76	-0.00703756
4116.83	-0.0070344
4114.9	-0.00705595
4112.98	-0.00707714
4111.05	-0.00702237
4109.12	-0.00684657
4107.19	-0.0068319
4105.26	-0.00687139
4103.34	-0.00686957
4101.41	-0.00691855
4099.48	-0.00694213
4097.55	-0.00691014
4095.62	-0.00686637
4093.7	-0.00685509
4091.77	-0.0068709
4089.84	-0.0068471
4087.91	-0.00690913
4085.98	-0.0069704
4084.06	-0.00688848
4082.13	-0.00685264
4080.2	-0.00687371
4078.27	-0.00687762
4076.34	-0.00691353
4074.42	-0.00698155
4072.49	-0.00703597
4070.56	-0.00691154
4068.63	-0.00680968
4066.7	-0.00684576
4064.78	-0.0068454
4062.85	-0.00684631
4060.92	-0.00682736
4058.99	-0.00678104
4057.06	-0.0068241
4055.14	-0.00685434
4053.21	-0.00669648
4051.28	-0.00668063
4049.35	-0.00681745
4047.42	-0.00683131
4045.5	-0.00676963
4043.57	-0.00679439
4041.64	-0.0067817
4039.71	-0.00673537
4037.78	-0.00675531
4035.85	-0.0068423
4033.93	-0.00692321
4032	-0.00690534
4030.07	-0.0068952
4028.14	-0.00686927
4026.21	-0.00684302
4024.29	-0.00686813
4022.36	-0.00693857
4020.43	-0.0068287
4018.5	-0.00672669
4016.57	-0.00680489
4014.65	-0.00680287
4012.72	-0.00678323
4010.79	-0.00686243
4008.86	-0.00687661
4006.93	-0.00688786
4005.01	-0.00689602
4003.08	-0.0069539
4001.15	-0.00694395
3999.22	-0.00682162
3997.29	-0.00683421
3995.37	-0.00684622
3993.44	-0.00691105
3991.51	-0.00698396
3989.58	-0.00696221
3987.65	-0.00695338
3985.73	-0.0070061
3983.8	-0.00692204
3981.87	-0.00688134
3979.94	-0.00690922
3978.01	-0.0069869
3976.09	-0.00700904
3974.16	-0.00696114
3972.23	-0.00696394
3970.3	-0.0069374
3968.37	-0.00692729
3966.45	-0.0069838
3964.52	-0.00696622
3962.59	-0.006948
3960.66	-0.00690515
3958.73	-0.00692328
3956.81	-0.00699022
3954.88	-0.00694366
3952.95	-0.0069029
3951.02	-0.00697513
3949.09	-0.00699088
3947.17	-0.00692093
3945.24	-0.00685926
3943.31	-0.00691992
3941.38	-0.00700353
3939.45	-0.00707981
3937.53	-0.00702762
3935.6	-0.00692204
3933.67	-0.00694568
3931.74	-0.00699192
3929.81	-0.00699684
3927.88	-0.00702951
3925.96	-0.00705507
3924.03	-0.0069733
3922.1	-0.00689184
3920.17	-0.00692237
3918.24	-0.00695879
3916.32	-0.00694741
3914.39	-0.00697493
3912.46	-0.00692021
3910.53	-0.00695263
3908.6	-0.00703006
3906.68	-0.00703209
3904.75	-0.00698188
3902.82	-0.00685316
3900.89	-0.00676183
3898.96	-0.00679077
3897.04	-0.00689856
3895.11	-0.00693642
3893.18	-0.00685228
3891.25	-0.00683027
3889.32	-0.00677243
3887.4	-0.00675531
3885.47	-0.006927
3883.54	-0.00691966
3881.61	-0.00685108
3879.68	-0.00682798
3877.76	-0.00679934
3875.83	-0.00675739
3873.9	-0.00666467
3871.97	-0.00665981
3870.04	-0.00670177
3868.12	-0.00674389
3866.19	-0.00677899
3864.26	-0.00675948
3862.33	-0.00673394
3860.4	-0.00672343
3858.48	-0.00672539
3856.55	-0.00674389
3854.62	-0.00675792
3852.69	-0.0067342
3850.76	-0.00667844
3848.84	-0.00669639
3846.91	-0.00663077
3844.98	-0.00653939
3843.05	-0.00658038
3841.12	-0.00664137
3839.2	-0.00663475
3837.27	-0.00660991
3835.34	-0.00663149
3833.41	-0.00659605
3831.48	-0.00649092
3829.56	-0.00641283
3827.63	-0.00637799
3825.7	-0.00638841
3823.77	-0.00636545
3821.84	-0.00634988
3819.92	-0.00637489
3817.99	-0.00630364
3816.06	-0.0062052
3814.13	-0.00623502
3812.2	-0.00620239
3810.27	-0.00619756
3808.35	-0.00625109
3806.42	-0.00608759
3804.49	-0.00598574
3802.56	-0.00602715
3800.64	-0.00603522
3798.71	-0.00596113
3796.78	-0.00594218
3794.85	-0.00590237
3792.92	-0.00591854
3790.99	-0.00584892
3789.07	-0.00579841
3787.14	-0.00579233
3785.21	-0.00570077
3783.28	-0.00563144
3781.35	-0.00566133
3779.43	-0.00570551
3777.5	-0.0057183
3775.57	-0.00568854
3773.64	-0.00570911
3771.71	-0.00564854
3769.79	-0.00552588
3767.86	-0.00556013
3765.93	-0.00564164
3764	-0.00558983
3762.07	-0.00544245
3760.15	-0.00542026
3758.22	-0.00540145
3756.29	-0.00526863
3754.36	-0.0051636
3752.43	-0.00515031
3750.51	-0.00512958
3748.58	-0.00503039
3746.65	-0.00502351
3744.72	-0.00509612
3742.79	-0.00509962
3740.87	-0.00509402
3738.94	-0.0050616
3737.01	-0.00501002
3735.08	-0.00502705
3733.15	-0.00505453
3731.23	-0.00499449
3729.3	-0.00480761
3727.37	-0.00472132
3725.44	-0.0047011
3723.51	-0.00452508
3721.59	-0.00434736
3719.66	-0.00438298
3717.73	-0.00433758
3715.8	-0.00408796
3713.87	-0.00392654
3711.95	-0.00372747
3710.02	-0.00343234
3708.09	-0.00318161
3706.16	-0.00303989
3704.23	-0.00283436
3702.31	-0.00277119
3700.38	-0.00285428
3698.45	-0.00292751
3696.52	-0.00296911
3694.59	-0.00301758
3692.67	-0.00307049
3690.74	-0.00321608
3688.81	-0.00324348
3686.88	-0.00320562
3684.95	-0.0031871
3683.02	-0.00312332
3681.1	-0.00306529
3679.17	-0.0029926
3677.24	-0.00272206
3675.31	-0.00267962
3673.38	-0.00269318
3671.46	-0.00244193
3669.53	-0.00212742
3667.6	-0.00188108
3665.67	-0.00171973
3663.74	-0.0016145
3661.82	-0.00142811
3659.89	-0.00119073
3657.96	-0.000897005
3656.03	-0.000497819
3654.1	-0.000206972
3652.18	6.0507e-05
3650.25	0.000274768
3648.32	0.00066478
3646.39	0.00116755
3644.46	0.00147847
3642.54	0.00168482
3640.61	0.00211715
3638.68	0.00257374
3636.75	0.0029377
3634.82	0.0034134
3632.9	0.00389395
3630.97	0.00440671
3629.04	0.00490935
3627.11	0.00530764
3625.18	0.00580185
3623.26	0.00634255
3621.33	0.00695055
3619.4	0.00761011
3617.47	0.00825933
3615.54	0.00906212
3613.62	0.00989222
3611.69	0.0105248
3609.76	0.0112547
3607.83	0.0120439
3605.9	0.0129126
3603.98	0.0137424
3602.05	0.0146865
3600.12	0.0156508
3598.19	0.0165535
3596.26	0.0174548
3594.34	0.0185603
3592.41	0.0198236
3590.48	0.0209357
3588.55	0.0220962
3586.62	0.0233912
3584.7	0.0246973
3582.77	0.0259617
3580.84	0.0274113
3578.91	0.0289757
3576.98	0.0304861
3575.05	0.0319844
3573.13	0.0335342
3571.2	0.0351867
3569.27	0.0368707
3567.34	0.0386108
3565.42	0.0404089
3563.49	0.042416
3561.56	0.0443829
3559.63	0.0463045
3557.7	0.0483633
3555.77	0.0505306
3553.85	0.0527809
3551.92	0.0551463
3549.99	0.0574468
3548.06	0.0598463
3546.13	0.0625015
3544.21	0.0652762
3542.28	0.0679446
3540.35	0.0708277
3538.42	0.0737171
3536.49	0.0765232
3534.57	0.0795026
3532.64	0.0826213
3530.71	0.0857831
3528.78	0.0890183
3526.85	0.0923271
3524.93	0.0956761
3523	0.099033
3521.07	0.102677
3519.14	0.106268
3517.21	0.109741
3515.29	0.113462
3513.36	0.117349
3511.43	0.121137
3509.5	0.124825
3507.57	0.128629
3505.65	0.132443
3503.72	0.136354
3501.79	0.140344
3499.86	0.144264
3497.93	0.148284
3496.01	0.152191
3494.08	0.156063
3492.15	0.159872
3490.22	0.163645
3488.29	0.167573
3486.37	0.171484
3484.44	0.175179
3482.51	0.178869
3480.58	0.182624
3478.65	0.18638
3476.73	0.19018
3474.8	0.193939
3472.87	0.197509
3470.94	0.201201
3469.01	0.204812
3467.09	0.208158
3465.16	0.211531
3463.23	0.215216
3461.3	0.218735
3459.37	0.222104
3457.44	0.225508
3455.52	0.228864
3453.59	0.232269
3451.66	0.235698
3449.73	0.238812
3447.81	0.241956
3445.88	0.245373
3443.95	0.248718
3442.02	0.252052
3440.09	0.255499
3438.16	0.259099
3436.24	0.262958
3434.31	0.266994
3432.38	0.271595
3430.45	0.276551
3428.52	0.281591
3426.6	0.28729
3424.67	0.293682
3422.74	0.300592
3420.81	0.307719
3418.88	0.315159
3416.96	0.322639
3415.03	0.328958
3413.1	0.334269
3411.17	0.338699
3409.24	0.341753
3407.32	0.343862
3405.39	0.3453
3403.46	0.345741
3401.53	0.345591
3399.6	0.345361
3397.68	0.344892
3395.75	0.344342
3393.82	0.343699
3391.89	0.342665
3389.96	0.341416
3388.04	0.340145
3386.11	0.338713
3384.18	0.33691
3382.25	0.334688
3380.32	0.332149
3378.4	0.329408
3376.47	0.326607
3374.54	0.323575
3372.61	0.320366
3370.68	0.317022
3368.76	0.313718
3366.83	0.31001
3364.9	0.306411
3362.97	0.303158
3361.04	0.299982
3359.12	0.296926
3357.19	0.294008
3355.26	0.291559
3353.33	0.289673
3351.4	0.28807
3349.48	0.286726
3347.55	0.28556
3345.62	0.28468
3343.69	0.283982
3341.76	0.283375
3339.83	0.283043
3337.91	0.282959
3335.98	0.2829
3334.05	0.282984
3332.12	0.283009
3330.19	0.283074
3328.27	0.283141
3326.34	0.283517
3324.41	0.284226
3322.48	0.284883
3320.55	0.285607
3318.63	0.286408
3316.7	0.286993
3314.77	0.287576
3312.84	0.288184
3310.91	0.288455
3308.99	0.288498
3307.06	0.288438
3305.13	0.288118
3303.2	0.287879
3301.27	0.287854
3299.35	0.287452
3297.42	0.287009
3295.49	0.286977
3293.56	0.286962
3291.63	0.28677
3289.71	0.286661
3287.78	0.28655
3285.85	0.28646
3283.92	0.286334
3281.99	0.286112
3280.07	0.285952
3278.14	0.285838
3276.21	0.285866
3274.28	0.285812
3272.35	0.285627
3270.43	0.28542
3268.5	0.285275
3266.57	0.285053
3264.64	0.284775
3262.71	0.284166
3260.79	0.283543
3258.86	0.283294
3256.93	0.282961
3255	0.282649
3253.07	0.282122
3251.15	0.281173
3249.22	0.280363
3247.29	0.279368
3245.36	0.278059
3243.43	0.276744
3241.51	0.275704
3239.58	0.274756
3237.65	0.273554
3235.72	0.272396
3233.79	0.271284
3231.87	0.270184
3229.94	0.269044
3228.01	0.267605
3226.08	0.266195
3224.15	0.264934
3222.22	0.263455
3220.3	0.261931
3218.37	0.260264
3216.44	0.258321
3214.51	0.256428
3212.58	0.2547
3210.66	0.253038
3208.73	0.251169
3206.8	0.249206
3204.87	0.247305
3202.94	0.245482
3201.02	0.243752
3199.09	0.242142
3197.16	0.24042
3195.23	0.238423
3193.3	0.236611
3191.38	0.23487
3189.45	0.233035
3187.52	0.231145
3185.59	0.229313
3183.66	0.22759
3181.74	0.225757
3179.81	0.224087
3177.88	0.222378
3175.95	0.220386
3174.02	0.21834
3172.1	0.216467
3170.17	0.214678
3168.24	0.212818
3166.31	0.210892
3164.38	0.209344
3162.46	0.207699
3160.53	0.205716
3158.6	0.203689
3156.67	0.202003
3154.74	0.200375
3152.82	0.198471
3150.89	0.196618
3148.96	0.194815
3147.03	0.192953
3145.1	0.191244
3143.18	0.189523
3141.25	0.187706
3139.32	0.185914
3137.39	0.184173
3135.46	0.182592
3133.54	0.180935
3131.61	0.178988
3129.68	0.177074
3127.75	0.175457
3125.82	0.173811
3123.9	0.172175
3121.97	0.170664
3120.04	0.169071
3118.11	0.167288
3116.18	0.165856
3114.26	0.164224
3112.33	0.162441
3110.4	0.160984
3108.47	0.159721
3106.54	0.158264
3104.61	0.156601
3102.69	0.15509
3100.76	0.153635
3098.83	0.152336
3096.9	0.150958
3094.98	0.149411
3093.05	0.14806
3091.12	0.146753
3089.19	0.145415
3087.26	0.144279
3085.33	0.143234
3083.41	0.142229
3081.48	0.141059
3079.55	0.139902
3077.62	0.138874
3075.69	0.137854
3073.77	0.136792
3071.84	0.135853
3069.91	0.134968
3067.98	0.134065
3066.05	0.133231
3064.13	0.132429
3062.2	0.131746
3060.27	0.130983
3058.34	0.130218
3056.41	0.129714
3054.49	0.129026
3052.56	0.128308
3050.63	0.127774
3048.7	0.127265
3046.77	0.126639
3044.85	0.125919
3042.92	0.125431
3040.99	0.125063
3039.06	0.124601
3037.13	0.124393
3035.21	0.124176
3033.28	0.123614
3031.35	0.123199
3029.42	0.122835
3027.49	0.122353
3025.57	0.121953
3023.64	0.121749
3021.71	0.121743
3019.78	0.121485
3017.85	0.121128
3015.93	0.120895
3014	0.120739
3012.07	0.120562
3010.14	0.120218
3008.21	0.119828
3006.29	0.119633
3004.36	0.119396
3002.43	0.119155
3000.5	0.11894
2998.57	0.118873
2996.65	0.118705
2994.72	0.118321
2992.79	0.117999
2990.86	0.117746
2988.93	0.117584
2987	0.117592
2985.08	0.11726
2983.15	0.116766
2981.22	0.116475
2979.29	0.116319
2977.36	0.116067
2975.44	0.115894
2973.51	0.115666
2971.58	0.115355
2969.65	0.115015
2967.72	0.114638
2965.8	0.114263
2963.87	0.114016
2961.94	0.113756
2960.01	0.113353
2958.08	0.113035
2956.16	0.112884
2954.23	0.112632
2952.3	0.112292
2950.37	0.112006
2948.44	0.111643
2946.52	0.111184
2944.59	0.110682
2942.66	0.110212
2940.73	0.109848
2938.8	0.109548
2936.88	0.108957
2934.95	0.10827
2933.02	0.107893
2931.09	0.107445
2929.16	0.106992
2927.24	0.106631
2925.31	0.106111
2923.38	0.105653
2921.45	0.105335
2919.52	0.104624
2917.6	0.104056
2915.67	0.103589
2913.74	0.102977
2911.81	0.102351
2909.88	0.101652
2907.96	0.101057
2906.03	0.100588
2904.1	0.0998825
2902.17	0.0991393
2900.24	0.0986671
2898.32	0.0980347
2896.39	0.0973712
2894.46	0.0966427
2892.53	0.0958002
2890.6	0.0951509
2888.68	0.0945725
2886.75	0.0940168
2884.82	0.0933107
2882.89	0.0925393
2880.96	0.0918627
2879.04	0.0910807
2877.11	0.0903758
2875.18	0.0897702
2873.25	0.0890863
2871.32	0.0882306
2869.39	0.087427
2867.47	0.086613
2865.54	0.0859707
2863.61	0.0852969
2861.68	0.0845088
2859.75	0.0837568
2857.83	0.0829559
2855.9	0.0820531
2853.97	0.0812201
2852.04	0.0805101
2850.11	0.079626
2848.19	0.0788222
2846.26	0.0781943
2844.33	0.0775101
2842.4	0.07687
2840.47	0.0760748
2838.55	0.0751642
2836.62	0.0743704
2834.69	0.0735475
2832.76	0.0727743
2830.83	0.0720163
2828.91	0.0712551
2826.98	0.0705168
2825.05	0.0696234
2823.12	0.0688168
2821.19	0.0680251
2819.27	0.0671264
2817.34	0.0663451
2815.41	0.0655494
2813.48	0.0646272
2811.55	0.0639401
2809.63	0.0633098
2807.7	0.0624534
2805.77	0.0617653
2803.84	0.0610029
2801.91	0.0600519
2799.99	0.0594078
2798.06	0.0586306
2796.13	0.0576403
2794.2	0.0570704
2792.27	0.0565108
2790.35	0.0556714
2788.42	0.0548441
2786.49	0.0540539
2784.56	0.0534742
2782.63	0.0527213
2780.71	0.0520255
2778.78	0.0513381
2776.85	0.0506286
2774.92	0.0499749
2772.99	0.0492659
2771.06	0.0484931
2769.14	0.0477114
2767.21	0.0471381
2765.28	0.0463976
2763.35	0.0456909
2761.43	0.045072
2759.5	0.0444513
2757.57	0.0439492
2755.64	0.0432928
2753.71	0.0425573
2751.78	0.0415402
2749.86	0.0407762
2747.93	0.0402495
2746	0.0396926
2744.07	0.0391893
2742.15	0.0387328
2740.22	0.0382895
2738.29	0.037721
2736.36	0.0368998
2734.43	0.0362131
2732.5	0.0355919
2730.58	0.0349667
2728.65	0.0344526
2726.72	0.0340718
2724.79	0.0335285
2722.86	0.0328715
2720.94	0.0323856
2719.01	0.0318379
2717.08	0.031238
2715.15	0.0308914
2713.22	0.0305058
2711.3	0.0298984
2709.37	0.0294158
2707.44	0.0288348
2705.51	0.0282642
2703.58	0.0277896
2701.66	0.0273054
2699.73	0.0269925
2697.8	0.0265754
2695.87	0.0260557
2693.94	0.0256515
2692.02	0.0252575
2690.09	0.0248886
2688.16	0.0244361
2686.23	0.0240525
2684.3	0.0236939
2682.38	0.0235471
2680.45	0.0231852
2678.52	0.0225878
2676.59	0.0221959
2674.66	0.0220237
2672.74	0.0216601
2670.81	0.0212681
2668.88	0.0210305
2666.95	0.0205688
2665.02	0.020482
2663.1	0.0203373
2661.17	0.0201794
2659.24	0.0199016
2657.31	0.019443
2655.38	0.0191301
2653.46	0.0184866
2651.53	0.0183285
2649.6	0.0185644
2647.67	0.0185287
2645.74	0.0180611
2643.81	0.0176
2641.89	0.017382
2639.96	0.0174346
2638.03	0.0171499
2636.1	0.0167784
2634.17	0.0165494
2632.25	0.0162624
2630.32	0.0162329
2628.39	0.0158221
2626.46	0.0153112
2624.53	0.0153441
2622.61	0.0155512
2620.68	0.0155129
2618.75	0.0152805
2616.82	0.014876
2614.89	0.0145188
2612.97	0.0144267
2611.04	0.0142656
2609.11	0.0141094
2607.18	0.0139723
2605.25	0.0139478
2603.33	0.0139695
2601.4	0.0135869
2599.47	0.013339
2597.54	0.0135931
2595.61	0.0137951
2593.69	0.0135224
2591.76	0.0131419
2589.83	0.0129891
2587.9	0.0128031
2585.97	0.0125598
2584.05	0.0123828
2582.12	0.0122245
2580.19	0.0122053
2578.26	0.012194
2576.33	0.0120626
2574.41	0.0119171
2572.48	0.0121462
2570.55	0.0124241
2568.62	0.0122266
2566.69	0.0119121
2564.77	0.0118401
2562.84	0.0117331
2560.91	0.0114324
2558.98	0.0113087
2557.05	0.0114538
2555.13	0.0112704
2553.2	0.0111625
2551.27	0.0112989
2549.34	0.0114263
2547.41	0.0115655
2545.49	0.0114993
2543.56	0.0111823
2541.63	0.0112401
2539.7	0.01156
2537.77	0.0114541
2535.85	0.0110725
2533.92	0.0111397
2531.99	0.0113029
2530.06	0.0113705
2528.13	0.0112859
2526.21	0.0110433
2524.28	0.0110758
2522.35	0.011375
2520.42	0.0113718
2518.49	0.0112907
2516.56	0.0116357
2514.64	0.0118531
2512.71	0.0114652
2510.78	0.0112186
2508.85	0.0114612
2506.92	0.0116664
2505	0.0116012
2503.07	0.0114354
2501.14	0.0111509
2499.21	0.0112889
2497.28	0.0117465
2495.36	0.0117174
2493.43	0.0114586
2491.5	0.0114803
2489.57	0.0116091
2487.64	0.0118424
2485.72	0.0119123
2483.79	0.0121341
2481.86	0.0122034
2479.93	0.0118315
2478	0.011893
2476.08	0.0121433
2474.15	0.0121407
2472.22	0.0121376
2470.29	0.0121207
2468.36	0.0123225
2466.44	0.0126047
2464.51	0.0126148
2462.58	0.0126805
2460.65	0.0128302
2458.72	0.0130263
2456.8	0.0131502
2454.87	0.0129097
2452.94	0.0129932
2451.01	0.013044
2449.08	0.0129852
2447.16	0.0132268
2445.23	0.0135134
2443.3	0.0134864
2441.37	0.0136274
2439.44	0.0139227
2437.52	0.0140759
2435.59	0.0140871
2433.66	0.0142124
2431.73	0.014235
2429.8	0.0142843
2427.88	0.0143629
2425.95	0.0145932
2424.02	0.0144631
2422.09	0.0145224
2420.16	0.0146934
2418.24	0.0146914
2416.31	0.0147585
2414.38	0.0148709
2412.45	0.0151416
2410.52	0.0155153
2408.6	0.0156384
2406.67	0.0157565
2404.74	0.0156029
2402.81	0.0155016
2400.88	0.0156065
2398.95	0.0159135
2397.03	0.016035
2395.1	0.0157545
2393.17	0.015731
2391.24	0.0156935
2389.31	0.0156787
2387.39	0.0158546
2385.46	0.0162922
2383.53	0.0163192
2381.6	0.0164635
2379.67	0.0165191
2377.75	0.0165353
2375.82	0.0166176
2373.89	0.0167522
2371.96	0.0174208
2370.03	0.0177582
2368.11	0.0171875
2366.18	0.0170465
2364.25	0.0173272
2362.32	0.0170186
2360.39	0.0168534
2358.47	0.0174864
2356.54	0.0176385
2354.61	0.0173544
2352.68	0.0175451
2350.75	0.0180181
2348.83	0.0184318
2346.9	0.0185677
2344.97	0.0183064
2343.04	0.0179982
2341.11	0.0176699
2339.19	0.0174861
2337.26	0.0176258
2335.33	0.0177816
2333.4	0.018255
2331.47	0.0183121
2329.55	0.0181801
2327.62	0.0176623
2325.69	0.0175265
2323.76	0.0172767
2321.83	0.0173486
2319.91	0.0178479
2317.98	0.0181258
2316.05	0.0187522
2314.12	0.0190776
2312.19	0.0183992
2310.27	0.0182849
2308.34	0.018112
2306.41	0.0177083
2304.48	0.0179916
2302.55	0.0187122
2300.63	0.0188311
2298.7	0.0187439
2296.77	0.0183041
2294.84	0.0183038
2292.91	0.0186386
2290.98	0.0184909
2289.06	0.0186057
2287.13	0.0190992
2285.2	0.0191995
2283.27	0.0191469
2281.35	0.0184486
2279.42	0.0177333
2277.49	0.0174664
2275.56	0.0174381
2273.63	0.0178128
2271.7	0.01821
2269.78	0.0176455
2267.85	0.0174372
2265.92	0.0177407
2263.99	0.0173485
2262.06	0.0172578
2260.14	0.0178634
2258.21	0.0186558
2256.28	0.0190092
2254.35	0.018241
2252.42	0.0180802
2250.5	0.0184224
2248.57	0.0189412
2246.64	0.0185813
2244.71	0.0181119
2242.78	0.0183836
2240.86	0.0185393
2238.93	0.0182849
2237	0.0175974
2235.07	0.0172826
2233.14	0.0169255
2231.22	0.0171971
2229.29	0.0173425
2227.36	0.0174929
2225.43	0.0173756
2223.5	0.0167187
2221.58	0.0165847
2219.65	0.0168451
2217.72	0.0167831
2215.79	0.0165307
2213.86	0.0165028
2211.94	0.0168096
2210.01	0.016795
2208.08	0.0168177
2206.15	0.0170827
2204.22	0.0169679
2202.3	0.0165199
2200.37	0.0159928
2198.44	0.0158
2196.51	0.0154818
2194.58	0.0151852
2192.66	0.0147304
2190.73	0.0151973
2188.8	0.0153675
2186.87	0.0146457
2184.94	0.0145191
2183.02	0.0143714
2181.09	0.0141308
2179.16	0.0144853
2177.23	0.0145819
2175.3	0.0135874
2173.38	0.01301
2171.45	0.0140118
2169.52	0.0144655
2167.59	0.0137573
2165.66	0.0134636
2163.73	0.0131029
2161.81	0.0131911
2159.88	0.0132832
2157.95	0.0132081
2156.02	0.0131704
2154.09	0.0126117
2152.17	0.0123988
2150.24	0.012278
2148.31	0.0123247
2146.38	0.0129802
2144.45	0.012987
2142.53	0.0123182
2140.6	0.0122728
2138.67	0.0118003
2136.74	0.0112936
2134.81	0.0111755
2132.89	0.0107901
2130.96	0.0107664
2129.03	0.0108828
2127.1	0.011094
2125.17	0.0116562
2123.25	0.0115725
2121.32	0.0110926
2119.39	0.0107949
2117.46	0.00969586
2115.53	0.00936638
2113.61	0.010276
2111.68	0.00997575
2109.75	0.00878836
2107.82	0.00919605
2105.89	0.00885771
2103.97	0.00877923
2102.04	0.00996731
2100.11	0.0100968
2098.18	0.00971995
2096.25	0.0101159
2094.33	0.008684
2092.4	0.006972
2090.47	0.00779787
2088.54	0.00820004
2086.61	0.00862049
2084.69	0.00800424
2082.76	0.00775368
2080.83	0.00892258
2078.9	0.00941209
2076.97	0.00917012
2075.05	0.00830881
2073.12	0.00717211
2071.19	0.00727072
2069.26	0.00847001
2067.33	0.00891308
2065.41	0.00801372
2063.48	0.00712418
2061.55	0.00728026
2059.62	0.00718609
2057.69	0.00749181
2055.77	0.00795507
2053.84	0.00683613
2051.91	0.00628032
2049.98	0.00817839
2048.05	0.00863563
2046.12	0.00910918
2044.2	0.00922708
2042.27	0.00876422
2040.34	0.00704914
2038.41	0.00667153
2036.48	0.00827757
2034.56	0.00899266
2032.63	0.00833097
2030.7	0.00737535
2028.77	0.00731136
2026.84	0.00703163
2024.92	0.00730812
2022.99	0.00646724
2021.06	0.00911473
2019.13	0.0098974
2017.2	0.0073732
2015.28	0.0072811
2013.35	0.00858274
2011.42	0.00913459
2009.49	0.0093025
2007.56	0.00951463
2005.64	0.00850802
2003.71	0.00776599
2001.78	0.00721931
