nAHg0367.spa, Tue Oct 24 23:56:19 2006 (GMT-10:00)
9999.26	-0.000329956
9997.33	-0.00122113
9995.4	-0.000967
9993.48	-0.000397791
9991.55	0.000173193
9989.62	0.000108561
9987.69	0.000199015
9985.76	0.000446844
9983.84	0.000117443
9981.91	-0.000499639
9979.98	-0.000368294
9978.05	0.000236376
9976.12	-8.65375e-05
9974.2	-0.000195646
9972.27	-0.000312474
9970.34	-0.0010274
9968.41	-0.000653243
9966.48	-0.000483686
9964.56	-0.00155821
9962.63	-0.00135902
9960.7	-0.00102836
9958.77	-0.000214059
9956.84	9.4144e-05
9954.92	-0.000601629
9952.99	-0.000371472
9951.06	0.000356868
9949.13	0.000410891
9947.2	0.000326261
9945.28	0.00127624
9943.35	0.00143123
9941.42	0.000477525
9939.49	-0.000700683
9937.56	-0.000588856
9935.64	9.81541e-05
9933.71	0.000102463
9931.78	0.000455534
9929.85	0.00122301
9927.92	0.000515839
9926	-0.000568771
9924.07	-0.000865493
9922.14	-0.00108514
9920.21	-0.00109638
9918.28	-0.0005143
9916.36	0.000302951
9914.43	0.000107732
9912.5	0.000118537
9910.57	0.000603923
9908.64	0.000839334
9906.71	0.000240122
9904.79	-0.00042904
9902.86	-0.000204555
9900.93	-0.000289727
9899	-0.000558513
9897.08	-0.000671836
9895.15	-7.45452e-05
9893.22	0.000365755
9891.29	-0.000256912
9889.36	-0.000859375
9887.43	-0.000514532
9885.51	0.000412748
9883.58	0.000599012
9881.65	0.000668696
9879.72	0.000370199
9877.79	0.000275299
9875.87	-0.000286118
9873.94	-0.000764557
9872.01	-0.000886821
9870.08	-0.000119067
9868.15	0.000433742
9866.23	-0.0002078
9864.3	-0.000935228
9862.37	-0.000910529
9860.44	-3.90301e-05
9858.51	-0.000454063
9856.59	-0.00116175
9854.66	-0.000858085
9852.73	-0.000541768
9850.8	-7.50752e-05
9848.87	0.000536075
9846.95	0.000488405
9845.02	0.000318866
9843.09	0.000130965
9841.16	0.000198783
9839.23	-2.40215e-05
9837.31	-0.000315785
9835.38	-0.000591305
9833.45	-0.000165937
9831.52	0.000247383
9829.59	0.000415733
9827.67	-9.12747e-05
9825.74	0.000357929
9823.81	0.0016768
9821.88	0.00199733
9819.95	0.00133646
9818.03	0.000246886
9816.1	0.000174254
9814.17	-0.000391269
9812.24	-0.00106789
9810.31	-0.000749673
9808.39	-0.000449661
9806.46	3.1843e-05
9804.53	0.000381574
9802.6	0.000520782
9800.67	-6.45403e-05
9798.75	-8.60406e-05
9796.82	4.84447e-05
9794.89	-0.00014401
9792.96	0.000250168
9791.03	0.000690134
9789.11	0.000562284
9787.18	0.000363599
9785.25	0.000102297
9783.32	4.52635e-05
9781.39	-3.31339e-06
9779.46	7.43923e-05
9777.54	0.000686019
9775.61	0.000568389
9773.68	0.00057602
9771.75	0.000607075
9769.83	0.000502702
9767.9	-7.39158e-05
9765.97	-0.000238798
9764.04	0.000312401
9762.11	0.000958
9760.18	0.000787116
9758.26	0.000274238
9756.33	-3.25033e-05
9754.4	0.000524265
9752.47	0.000221756
9750.54	-0.000515293
9748.62	-0.00089975
9746.69	-0.000660687
9744.76	-0.000411495
9742.83	0.000178662
9740.9	0.000740746
9738.98	0.00122975
9737.05	0.00133766
9735.12	0.000631762
9733.19	0.000557772
9731.26	0.00103996
9729.34	0.000945813
9727.41	0.000681041
9725.48	0.00131273
9723.55	0.000955775
9721.62	-0.000168222
9719.7	6.04076e-05
9717.77	0.000387045
9715.84	0.000517365
9713.91	0.000546658
9711.98	4.74505e-05
9710.06	0.000305935
9708.13	0.000829275
9706.2	0.00020064
9704.27	-1.33197e-05
9702.34	3.66147e-05
9700.42	-0.000202733
9698.49	8.02249e-05
9696.56	0.000187049
9694.63	-8.34898e-05
9692.7	-1.64673e-05
9690.78	0.00035826
9688.85	0.00125919
9686.92	0.00183868
9684.99	0.00136435
9683.06	0.000610393
9681.14	0.000655687
9679.21	0.000120857
9677.28	-0.00052585
9675.35	-0.000160869
9673.42	7.72755e-05
9671.5	0.00050446
9669.57	0.00047862
9667.64	0.000780942
9665.71	0.000936051
9663.78	0.00072674
9661.86	0.000177602
9659.93	-0.000430463
9658	-0.000309031
9656.07	-0.000223498
9654.14	-0.000362004
9652.21	2.42217e-05
9650.29	0.000495139
9648.36	0.000530734
9646.43	0.000442631
9644.5	8.78804e-05
9642.57	0.000345394
9640.65	0.000783598
9638.72	0.000867453
9636.79	-1.21269e-05
9634.86	5.20236e-05
9632.93	0.00061547
9631.01	0.000817822
9629.08	0.00041895
9627.15	-0.000203627
9625.22	-5.03634e-06
9623.29	-0.000256415
9621.37	-0.000240321
9619.44	0.000347649
9617.51	0.000281963
9615.58	-7.67648e-05
9613.65	-5.16888e-06
9611.73	0.000501973
9609.8	0.00113722
9607.87	0.0011137
9605.94	0.000619618
9604.01	0.000255738
9602.09	0.000137793
9600.16	0.000182972
9598.23	0.000281499
9596.3	0.000571142
9594.37	0.000635678
9592.45	0.000535445
9590.52	0.000701119
9588.59	0.000922868
9586.66	0.0005946
9584.73	0.000241382
9582.81	-4.887e-05
9580.88	-0.000248732
9578.95	0.000341647
9577.02	0.000467839
9575.09	8.16168e-05
9573.17	0.000648088
9571.24	0.00100416
9569.31	0.000852978
9567.38	0.00069541
9565.45	0.000743003
9563.53	0.000706761
9561.6	0.000214165
9559.67	0.000204419
9557.74	0.000293402
9555.81	0.000445583
9553.88	0.000788344
9551.96	0.000401605
9550.03	-0.000212205
9548.1	-8.65375e-05
9546.17	-1.14311e-05
9544.25	9.35806e-05
9542.32	1.04705e-05
9540.39	9.42103e-05
9538.46	0.00032016
9536.53	0.000474341
9534.6	0.000885415
9532.68	0.000904075
9530.75	0.00100536
9528.82	0.000740414
9526.89	0.00010518
9524.96	-0.000290952
9523.04	-0.000239493
9521.11	1.63354e-05
9519.18	0.000113068
9517.25	0.000166398
9515.32	0.000175447
9513.4	0.000144455
9511.47	2.38572e-05
9509.54	0.000508143
9507.61	0.000554488
9505.68	0.000295756
9503.76	0.00112457
9501.83	0.00127531
9499.9	0.00102867
9497.97	0.000308654
9496.04	-0.000348066
9494.12	0.000188839
9492.19	0.00059085
9490.26	0.000447971
9488.33	0.000158542
9486.4	0.000121387
9484.48	0.000592708
9482.55	0.000892056
9480.62	0.000643243
9478.69	0.000586139
9476.76	0.00058302
9474.84	-0.000156894
9472.91	-0.000623499
9470.98	-0.000308137
9469.05	5.78227e-05
9467.12	0.000277155
9465.2	0.000583319
9463.27	0.000617627
9461.34	-0.000132251
9459.41	-0.000578168
9457.48	0.000235846
9455.56	0.000807664
9453.63	0.000680377
9451.7	0.000384127
9449.77	-0.000282906
9447.84	-0.00073879
9445.92	-0.0003529
9443.99	0.000154134
9442.06	0.000556943
9440.13	0.000461106
9438.2	0.000151681
9436.28	1.93507e-05
9434.35	0.000513019
9432.42	0.000749675
9430.49	0.000430956
9428.56	0.000300431
9426.63	0.00060681
9424.71	0.00104066
9422.78	0.0015889
9420.85	0.00131449
9418.92	0.0010294
9417	0.000532824
9415.07	0.000208695
9413.14	6.59417e-05
9411.21	-0.000471506
9409.28	-0.00082829
9407.35	-0.000467303
9405.43	0.000165569
9403.5	0.000386681
9401.57	0.000363699
9399.64	0.000682468
9397.71	0.000498191
9395.79	-0.000206475
9393.86	0.00045152
9391.93	0.000694713
9390	0.000637038
9388.07	0.000515607
9386.15	-0.000166367
9384.22	-9.7105e-05
9382.29	0.00052035
9380.36	0.000272911
9378.43	0.000690565
9376.51	0.000766204
9374.58	0.000182176
9372.65	-0.000263866
9370.72	-7.28225e-05
9368.79	0.000404589
9366.87	4.21817e-05
9364.94	0.000287002
9363.01	0.000704537
9361.08	0.000566332
9359.15	0.000599377
9357.23	0.000569019
9355.3	0.000314357
9353.37	0.000243869
9351.44	1.6004e-05
9349.51	-8.08064e-05
9347.59	-4.62858e-05
9345.66	8.05232e-05
9343.73	0.000184231
9341.8	-4.9897e-05
9339.87	0.00049086
9337.95	0.000735668
9336.02	0.000514578
9334.09	0.000603691
9332.16	0.000356901
9330.23	3.07495e-05
9328.31	-2.77986e-05
9326.38	-0.000164612
9324.45	-5.36738e-05
9322.52	7.38952e-05
9320.59	-0.000123506
9318.67	-0.000291581
9316.74	0.000246985
9314.81	0.000259219
9312.88	-2.97533e-05
9310.95	8.46989e-05
9309.03	-6.45072e-05
9307.1	0.000171503
9305.17	0.000664614
9303.24	0.00110503
9301.31	0.0016599
9299.38	0.00135242
9297.46	0.000958465
9295.53	0.000985729
9293.6	0.000878642
9291.67	0.000569749
9289.74	6.16005e-05
9287.82	-0.000441386
9285.89	-0.000695887
9283.96	-0.000159114
9282.03	0.000483794
9280.1	0.000870209
9278.18	0.000584281
9276.25	-0.000224789
9274.32	-8.90552e-05
9272.39	0.000443494
9270.46	-7.66654e-05
9268.54	-0.000184484
9266.61	0.000600804
9264.68	0.000805008
9262.75	0.00073922
9260.82	0.000361709
9258.9	5.05324e-05
9256.97	-0.000113933
9255.04	4.91737e-05
9253.11	0.000205181
9251.18	0.000633056
9249.26	0.000659802
9247.33	0.000205877
9245.4	0.000154465
9243.47	3.61507e-05
9241.54	-6.35133e-05
9239.62	5.10626e-05
9237.69	0.000108097
9235.76	-0.000144838
9233.83	0.00014893
9231.9	0.000179093
9229.98	0.000159835
9228.05	0.000484126
9226.12	0.000880933
9224.19	0.000848198
9222.26	0.000173723
9220.34	0.000125066
9218.41	0.000396796
9216.48	0.000295623
9214.55	0.000372155
9212.62	0.000593405
9210.7	0.000306664
9208.77	-0.000254759
9206.84	0.00013829
9204.91	0.000578906
9202.98	0.00040313
9201.05	0.000493215
9199.13	0.000448966
9197.2	0.000172066
9195.27	0.000215358
9193.34	0.000370364
9191.42	0.000329046
9189.49	0.000441902
9187.56	0.000715655
9185.63	0.00071914
9183.7	0.00075628
9181.77	0.000731652
9179.85	0.000228619
9177.92	0.000320757
9175.99	0.000406049
9174.06	0.000274569
9172.13	0.00040323
9170.21	-0.00011337
9168.28	-0.000487062
9166.35	-0.000396169
9164.42	-0.000627238
9162.49	-0.000200945
9160.57	0.000293004
9158.64	2.0643e-05
9156.71	9.76901e-05
9154.78	0.000197292
9152.85	-0.000167394
9150.93	-0.000354125
9149	-0.00028125
9147.07	-4.50931e-05
9145.14	0.00022726
9143.21	-6.66274e-05
9141.29	-0.000419407
9139.36	-0.000453765
9137.43	-0.000333499
9135.5	-0.000146295
9133.57	0.000288395
9131.65	0.000479947
9129.72	0.000184596
9127.79	-0.000129568
9125.86	-0.000406629
9123.93	-1.09342e-06
9122.01	0.000205115
9120.08	1.75283e-05
9118.15	0.000285179
9116.22	0.00024788
9114.29	0.00017021
9112.37	0.000874426
9110.44	0.00122171
9108.51	0.000877646
9106.58	0.000653265
9104.65	0.000383165
9102.73	-1.08347e-05
9100.8	-0.000169713
9098.87	-0.000204124
9096.94	-0.000174813
9095.01	0.000262203
9093.08	0.000494376
9091.16	0.000497262
9089.23	0.00036602
9087.3	0.000238697
9085.37	8.61239e-05
9083.45	-0.000192797
9081.52	-0.000388124
9079.59	-0.000466773
9077.66	-0.000295091
9075.73	0.000416529
9073.8	0.000228619
9071.88	-0.000116053
9069.95	0.000360947
9068.02	0.000116018
9066.09	-0.000717587
9064.17	-0.000757181
9062.24	-0.000373591
9060.31	-1.32534e-05
9058.38	-1.1663e-05
9056.45	1.34858e-05
9054.52	2.79992e-05
9052.6	-6.98741e-05
9050.67	-0.000163221
9048.74	0.000110251
9046.81	0.000239625
9044.88	-0.000103366
9042.96	-0.000300157
9041.03	-0.000164181
9039.1	-5.42702e-05
9037.17	-0.000363957
9035.24	-0.000444332
9033.32	-0.000297541
9031.39	1.97483e-05
9029.46	-0.000105486
9027.53	-0.000130098
9025.6	-1.5573e-06
9023.68	1.78265e-05
9021.75	6.05401e-05
9019.82	-0.000173091
9017.89	-8.92539e-05
9015.96	5.66629e-05
9014.04	-3.49881e-05
9012.11	-0.000229095
9010.18	-0.000357866
9008.25	-0.0003036
9006.32	4.55286e-05
9004.4	0.000105677
9002.47	8.00924e-05
9000.54	9.53371e-05
8998.61	-8.06408e-05
8996.68	-3.59821e-05
8994.76	-3.97607e-06
8992.83	-0.00048971
8990.9	-0.000212933
8988.97	6.62686e-06
8987.04	-5.6523e-05
8985.12	-0.000349688
8983.19	-0.000597956
8981.26	-0.000540676
8979.33	-9.38917e-05
8977.4	0.00017727
8975.48	9.54365e-05
8973.55	1.82238e-06
8971.62	-7.4744e-05
8969.69	-0.000312176
8967.76	-5.61254e-05
8965.83	0.000261142
8963.91	6.66708e-05
8961.98	0.000101435
8960.05	0.000336242
8958.12	-1.14974e-05
8956.2	-0.000387661
8954.27	-5.66224e-05
8952.34	0.000275763
8950.41	0.000226033
8948.48	-0.000277508
8946.55	-0.000387595
8944.63	-0.000384582
8942.7	-0.000283965
8940.77	-0.000316149
8938.84	-0.000235817
8936.92	-0.000140731
8934.99	-0.000150734
8933.06	-0.000220451
8931.13	-9.14734e-05
8929.2	-0.000305554
8927.27	-0.000457009
8925.35	9.86512e-05
8923.42	0.000656152
8921.49	0.000664547
8919.56	-2.94892e-06
8917.63	-0.000501029
8915.71	-0.000110256
8913.78	5.31171e-05
8911.85	-0.000363858
8909.92	-0.000634782
8907.99	-0.000430463
8906.07	-0.000106215
8904.14	-0.00034843
8902.21	-0.000596401
8900.28	-0.000268502
8898.35	-0.000222008
8896.43	-0.000303336
8894.5	-0.00035098
8892.57	-0.000133046
8890.64	-0.000112475
8888.71	-0.000411661
8886.79	-0.000542661
8884.86	-0.00029817
8882.93	-0.000203362
8881	-0.000659231
8879.07	-0.000969744
8877.15	-0.000672101
8875.22	7.13766e-05
8873.29	-2.53799e-05
8871.36	-0.00047657
8869.43	-0.000649604
8867.51	-0.000334161
8865.58	-0.000192532
8863.65	-0.000138478
8861.72	-8.75976e-05
8859.79	-0.000113834
8857.87	-0.000558413
8855.94	-0.000632201
8854.01	-0.000290488
8852.08	-1.10335e-05
8850.15	0.000349672
8848.22	0.000163514
8846.3	-0.000348232
8844.37	-0.000606195
8842.44	-0.000395606
8840.51	-0.000349423
8838.58	-0.000404577
8836.66	-0.000606691
8834.73	-0.000487095
8832.8	-0.000599941
8830.87	-0.000810266
8828.94	-0.000663532
8827.02	-0.000388621
8825.09	-0.000651357
8823.16	-0.000754039
8821.23	-0.000622937
8819.3	-0.000634782
8817.38	-0.000506192
8815.45	-0.000695655
8813.52	-0.000679346
8811.59	-0.000175939
8809.66	2.68725e-05
8807.74	-0.00021492
8805.81	-0.000405901
8803.88	-0.000552721
8801.95	-0.000319527
8800.02	-0.000149376
8798.1	-0.000464887
8796.17	-0.00062254
8794.24	-0.000811952
8792.31	-0.000870089
8790.38	-0.000428146
8788.46	-0.000158252
8786.53	-0.000392262
8784.6	-0.000483587
8782.67	-0.000331413
8780.74	-0.000154973
8778.82	-0.000779507
8776.89	-0.0011519
8774.96	-0.00102475
8773.03	-0.000879943
8771.1	-0.00049206
8769.18	-0.000395871
8767.25	-0.000473923
8765.32	-0.00099391
8763.39	-0.00120054
8761.46	-0.000665881
8759.54	-0.000323566
8757.61	-0.00068798
8755.68	-0.000783939
8753.75	-0.000244494
8751.82	-0.000199653
8749.9	-0.000240818
8747.97	0.000246024
8746.04	0.00013017
8744.11	-0.000714908
8742.18	-0.00116119
8740.25	-0.00116879
8738.33	-0.00062469
8736.4	-0.000153516
8734.47	-0.000722185
8732.54	-0.00100703
8730.62	-0.000688807
8728.69	-0.000587533
8726.76	-0.000580584
8724.83	-0.000472632
8722.9	-0.000466376
8720.97	-0.000358594
8719.05	-0.000385013
8717.12	-0.000658239
8715.19	-0.000430165
8713.26	-0.000472102
8711.33	-0.000703462
8709.41	-0.000491563
8707.48	-0.00038968
8705.55	-0.000815888
8703.62	-0.000758107
8701.69	-0.000698268
8699.77	-0.000752154
8697.84	-0.000894261
8695.91	-0.00110104
8693.98	-0.00110094
8692.05	-0.00105444
8690.13	-0.00110656
8688.2	-0.00104578
8686.27	-0.000649405
8684.34	-0.000738195
8682.41	-0.000670612
8680.49	-0.000526313
8678.56	-0.000887714
8676.63	-0.000740808
8674.7	-0.000624062
8672.77	-0.000520985
8670.85	-0.000677725
8668.92	-0.000968025
8666.99	-0.000852927
8665.06	-0.000561987
8663.13	-0.000598849
8661.21	-0.000524295
8659.28	-0.000542331
8657.35	-0.000925573
8655.42	-0.00108762
8653.49	-0.000854746
8651.57	-0.000711236
8649.64	-0.000599478
8647.71	-0.000707961
8645.78	-0.000966041
8643.85	-0.00121686
8641.93	-0.00129672
8640	-0.00113012
8638.07	-0.000577176
8636.14	-0.000224491
8634.21	-0.000492325
8632.29	-0.000682025
8630.36	-0.000893401
8628.43	-0.000883018
8626.5	-0.000576349
8624.57	-0.000559406
8622.65	-0.000768328
8620.72	-0.000854779
8618.79	-0.000888574
8616.86	-0.000729826
8614.93	-0.000883878
8613	-0.00122066
8611.08	-0.00107149
8609.15	-0.000970273
8607.22	-0.00101917
8605.29	-0.000964421
8603.37	-0.00110676
8601.44	-0.00107635
8599.51	-0.000787346
8597.58	-0.000986439
8595.65	-0.00100508
8593.72	-0.000878257
8591.8	-0.000724137
8589.87	-0.000693902
8587.94	-0.00125496
8586.01	-0.00146001
8584.08	-0.00116502
8582.16	-0.000895518
8580.23	-0.00081774
8578.3	-0.000766211
8576.37	-0.000952651
8574.44	-0.00104254
8572.52	-0.000919258
8570.59	-0.000967529
8568.66	-0.00112721
8566.73	-0.000817343
8564.8	-0.000974901
8562.88	-0.00110831
8560.95	-0.00110553
8559.02	-0.00113961
8557.09	-0.0013426
8555.16	-0.00141236
8553.24	-0.00110775
8551.31	-0.000994075
8549.38	-0.000996852
8547.45	-0.00104221
8545.52	-0.00117814
8543.6	-0.00131251
8541.67	-0.00154065
8539.74	-0.00141081
8537.81	-0.00105632
8535.88	-0.00111803
8533.96	-0.00105688
8532.03	-0.00111158
8530.1	-0.00147197
8528.17	-0.0016622
8526.24	-0.00149792
8524.32	-0.00116528
8522.39	-0.00118144
8520.46	-0.00115421
8518.53	-0.000899023
8516.6	-0.00114797
8514.68	-0.00130171
8512.75	-0.00143032
8510.82	-0.00121901
8508.89	-0.00125443
8506.96	-0.00150433
8505.04	-0.00131462
8503.11	-0.000878091
8501.18	-0.000801204
8499.25	-0.00114374
8497.32	-0.00131053
8495.39	-0.00128529
8493.47	-0.0011678
8491.54	-0.00122549
8489.61	-0.00124412
8487.68	-0.00135519
8485.75	-0.00168481
8483.83	-0.0017651
8481.9	-0.00135912
8479.97	-0.00085501
8478.04	-0.000714279
8476.11	-0.00103381
8474.19	-0.00117153
8472.26	-0.00135337
8470.33	-0.00132612
8468.4	-0.00102558
8466.47	-0.000989778
8464.55	-0.000883713
8462.62	-0.000647652
8460.69	-0.000535679
8458.76	-0.000725427
8456.83	-0.00098396
8454.91	-0.00128958
8452.98	-0.00144515
8451.05	-0.00145849
8449.12	-0.00136354
8447.19	-0.00140962
8445.27	-0.00120682
8443.34	-0.00116677
8441.41	-0.00124442
8439.48	-0.00152414
8437.55	-0.00159651
8435.63	-0.00126665
8433.7	-0.00150671
8431.77	-0.0018147
8429.84	-0.00136116
8427.91	-0.000965876
8425.99	-0.00127197
8424.06	-0.00144984
8422.13	-0.00132813
8420.2	-0.00127584
8418.27	-0.00118015
8416.35	-0.00104898
8414.42	-0.0010232
8412.49	-0.00120791
8410.56	-0.00104283
8408.63	-0.00104825
8406.71	-0.00136975
8404.78	-0.00147428
8402.85	-0.00151648
8400.92	-0.00147471
8398.99	-0.00122265
8397.07	-0.00128112
8395.14	-0.00134693
8393.21	-0.00127131
8391.28	-0.0012276
8389.35	-0.00151839
8387.43	-0.00164731
8385.5	-0.0014929
8383.57	-0.00132371
8381.64	-0.00101834
8379.71	-0.00105705
8377.79	-0.00109215
8375.86	-0.00122737
8373.93	-0.0017522
8372	-0.00188966
8370.07	-0.00157119
8368.14	-0.00129087
8366.22	-0.00104045
8364.29	-0.00133969
8362.36	-0.00140645
8360.43	-0.00122109
8358.5	-0.00151139
8356.58	-0.00180002
8354.65	-0.00185073
8352.72	-0.00157297
8350.79	-0.00132929
8348.86	-0.00130346
8346.94	-0.00147567
8345.01	-0.00155854
8343.08	-0.00154269
8341.15	-0.00157928
8339.22	-0.00142448
8337.3	-0.00152698
8335.37	-0.00159892
8333.44	-0.00127802
8331.51	-0.00118395
8329.58	-0.00133035
8327.66	-0.0013025
8325.73	-0.0012389
8323.8	-0.00122423
8321.87	-0.00114519
8319.94	-0.00126735
8318.02	-0.00155973
8316.09	-0.00177942
8314.16	-0.00175283
8312.23	-0.00196748
8310.3	-0.00197707
8308.38	-0.00177005
8306.45	-0.00181592
8304.52	-0.00189048
8302.59	-0.00157604
8300.66	-0.00133279
8298.74	-0.00151096
8296.81	-0.00190187
8294.88	-0.00187109
8292.95	-0.00155445
8291.02	-0.0016519
8289.1	-0.00165421
8287.17	-0.00143719
8285.24	-0.0016246
8283.31	-0.00171586
8281.38	-0.00161833
8279.46	-0.00139895
8277.53	-0.00154837
8275.6	-0.00174504
8273.67	-0.00176263
8271.74	-0.00160681
8269.82	-0.00164655
8267.89	-0.00177771
8265.96	-0.00175091
8264.03	-0.00184687
8262.1	-0.00180308
8260.17	-0.00181321
8258.25	-0.00199759
8256.32	-0.00201349
8254.39	-0.00177692
8252.46	-0.00191275
8250.54	-0.00200748
8248.61	-0.00187574
8246.68	-0.002015
8244.75	-0.00204314
8242.82	-0.00187943
8240.89	-0.00189263
8238.97	-0.00168996
8237.04	-0.00167131
8235.11	-0.00168299
8233.18	-0.00171405
8231.25	-0.00201962
8229.33	-0.00188069
8227.4	-0.00160037
8225.47	-0.00168022
8223.54	-0.00190645
8221.61	-0.00174468
8219.69	-0.00174817
8217.76	-0.00200758
8215.83	-0.00196573
8213.9	-0.00185386
8211.97	-0.00180602
8210.05	-0.0016654
8208.12	-0.00167141
8206.19	-0.00160552
8204.26	-0.00185314
8202.33	-0.00208564
8200.41	-0.00193696
8198.48	-0.00168821
8196.55	-0.0019428
8194.62	-0.00212175
8192.69	-0.00205982
8190.77	-0.00204013
8188.84	-0.00227448
8186.91	-0.00267379
8184.98	-0.00248182
8183.05	-0.00207519
8181.13	-0.00205095
8179.2	-0.00198855
8177.27	-0.0015798
8175.34	-0.0016318
8173.41	-0.00179784
8171.49	-0.00188326
8169.56	-0.00239448
8167.63	-0.00230477
8165.7	-0.00179975
8163.77	-0.0017095
8161.85	-0.00181216
8159.92	-0.00187775
8157.99	-0.00199004
8156.06	-0.00219415
8154.13	-0.00214262
8152.21	-0.00153764
8150.28	-0.00154302
8148.35	-0.00202922
8146.42	-0.00196042
8144.49	-0.00166893
8142.56	-0.00163734
8140.64	-0.00192733
8138.71	-0.00209887
8136.78	-0.00164741
8134.85	-0.00142455
8132.92	-0.00177959
8131	-0.00220061
8129.07	-0.00204033
8127.14	-0.00170966
8125.21	-0.00185419
8123.28	-0.00179328
8121.36	-0.00203997
8119.43	-0.00209115
8117.5	-0.00192136
8115.57	-0.00193515
8113.64	-0.00210074
8111.72	-0.00215363
8109.79	-0.00181143
8107.86	-0.00182324
8105.93	-0.0019996
8104	-0.00202206
8102.08	-0.0020991
8100.15	-0.00212686
8098.22	-0.0020306
8096.29	-0.0020961
8094.36	-0.00217374
8092.44	-0.00227241
8090.51	-0.00250185
8088.58	-0.00228526
8086.65	-0.00200633
8084.72	-0.00178998
8082.8	-0.00168425
8080.87	-0.00202242
8078.94	-0.00228678
8077.01	-0.00223875
8075.08	-0.00215571
8073.16	-0.00212686
8071.23	-0.00230405
8069.3	-0.00245682
8067.37	-0.00217071
8065.44	-0.00237398
8063.52	-0.00274386
8061.59	-0.00251029
8059.66	-0.00215462
8057.73	-0.00203407
8055.8	-0.00205689
8053.88	-0.00208169
8051.95	-0.00207146
8050.02	-0.00231146
8048.09	-0.0024441
8046.16	-0.00244025
8044.24	-0.0023607
8042.31	-0.00224746
8040.38	-0.00214325
8038.45	-0.0022852
8036.52	-0.00235329
8034.6	-0.00241978
8032.67	-0.00240651
8030.74	-0.00255338
8028.81	-0.00247916
8026.88	-0.00213985
8024.96	-0.00204498
8023.03	-0.00210124
8021.1	-0.00207354
8019.17	-0.00212383
8017.24	-0.00218822
8015.31	-0.00232831
8013.39	-0.00258556
8011.46	-0.00270688
8009.53	-0.00253536
8007.6	-0.0024666
8005.67	-0.00246387
8003.75	-0.00239164
8001.82	-0.0023662
7999.89	-0.00233035
7997.96	-0.00207245
7996.03	-0.0018765
7994.11	-0.00194063
7992.18	-0.00189434
7990.25	-0.00187613
7988.32	-0.00207446
7986.39	-0.00228134
7984.47	-0.00229868
7982.54	-0.00237283
7980.61	-0.00252857
7978.68	-0.00255229
7976.75	-0.00229973
7974.83	-0.0022224
7972.9	-0.00244097
7970.97	-0.00254175
7969.04	-0.00228978
7967.11	-0.00212458
7965.19	-0.00238242
7963.26	-0.00249187
7961.33	-0.00225039
7959.4	-0.00204551
7957.47	-0.0021266
7955.55	-0.00217899
7953.62	-0.00223282
7951.69	-0.00251678
7949.76	-0.00244486
7947.83	-0.00226618
7945.91	-0.00223298
7943.98	-0.00222039
7942.05	-0.00230725
7940.12	-0.00240697
7938.19	-0.00246295
7936.27	-0.00254313
7934.34	-0.00241435
7932.41	-0.00238716
7930.48	-0.00222451
7928.55	-0.00218719
7926.63	-0.00223806
7924.7	-0.00213279
7922.77	-0.0023524
7920.84	-0.00253954
7918.91	-0.00239323
7916.99	-0.00241738
7915.06	-0.00242377
7913.13	-0.00240585
7911.2	-0.00247332
7909.27	-0.00238515
7907.35	-0.00230899
7905.42	-0.00232221
7903.49	-0.00238041
7901.56	-0.00243395
7899.63	-0.00245748
7897.71	-0.00240789
7895.78	-0.00229235
7893.85	-0.00239698
7891.92	-0.00244539
7889.99	-0.0026425
7888.06	-0.00263615
7886.14	-0.00261256
7884.21	-0.00247461
7882.28	-0.00240496
7880.35	-0.00241247
7878.42	-0.00235645
7876.5	-0.00258533
7874.57	-0.00262785
7872.64	-0.00248677
7870.71	-0.0025678
7868.78	-0.00262399
7866.86	-0.00257936
7864.93	-0.00272318
7863	-0.00267705
7861.07	-0.002692
7859.14	-0.00262001
7857.22	-0.0024756
7855.29	-0.00239942
7853.36	-0.00255357
7851.43	-0.00255703
7849.5	-0.00236703
7847.58	-0.00253592
7845.65	-0.0026703
7843.72	-0.00254237
7841.79	-0.00236436
7839.86	-0.00228243
7837.94	-0.00246815
7836.01	-0.00273951
7834.08	-0.00269582
7832.15	-0.00247451
7830.22	-0.00246973
7828.3	-0.00267395
7826.37	-0.00298642
7824.44	-0.00272637
7822.51	-0.00251302
7820.58	-0.00265693
7818.66	-0.00259455
7816.73	-0.00264214
7814.8	-0.00282277
7812.87	-0.00266417
7810.94	-0.00268861
7809.02	-0.00271897
7807.09	-0.00260239
7805.16	-0.00255884
7803.23	-0.00265874
7801.3	-0.00267323
7799.38	-0.00284733
7797.45	-0.00294301
7795.52	-0.00275097
7793.59	-0.00272374
7791.66	-0.00265284
7789.74	-0.00257607
7787.81	-0.00268686
7785.88	-0.00270961
7783.95	-0.0028575
7782.02	-0.00297697
7780.09	-0.00287166
7778.17	-0.00275025
7776.24	-0.00273974
7774.31	-0.00264461
7772.38	-0.00271969
7770.46	-0.00280216
7768.53	-0.00272269
7766.6	-0.00279403
7764.67	-0.00291645
7762.74	-0.00291109
7760.81	-0.00281079
7758.89	-0.00270626
7756.96	-0.00277761
7755.03	-0.00283219
7753.1	-0.00276569
7751.17	-0.00253829
7749.25	-0.00266753
7747.32	-0.00292692
7745.39	-0.00292162
7743.46	-0.00309746
7741.53	-0.0031926
7739.61	-0.00294492
7737.68	-0.00317036
7735.75	-0.00329793
7733.82	-0.0028918
7731.89	-0.00264942
7729.97	-0.00289068
7728.04	-0.00291902
7726.11	-0.00284687
7724.18	-0.00288801
7722.25	-0.00295367
7720.33	-0.00294893
7718.4	-0.00292692
7716.47	-0.00284397
7714.54	-0.00288482
7712.61	-0.00301327
7710.69	-0.0028445
7708.76	-0.00261457
7706.83	-0.00261204
7704.9	-0.00286362
7702.97	-0.00300109
7701.05	-0.00303485
7699.12	-0.00304209
7697.19	-0.0030133
7695.26	-0.00314924
7693.33	-0.00297148
7691.41	-0.00266618
7689.48	-0.00273141
7687.55	-0.0030186
7685.62	-0.00325854
7683.69	-0.00314974
7681.77	-0.00300679
7679.84	-0.00285934
7677.91	-0.0027455
7675.98	-0.00294061
7674.05	-0.00319404
7672.12	-0.00298777
7670.2	-0.00267797
7668.27	-0.00279301
7666.34	-0.00295048
7664.41	-0.00299366
7662.48	-0.00297582
7660.56	-0.0028839
7658.63	-0.00272608
7656.7	-0.00258154
7654.77	-0.00273405
7652.84	-0.00305177
7650.92	-0.00313859
7648.99	-0.00308148
7647.06	-0.00302636
7645.13	-0.00286415
7643.2	-0.00295469
7641.28	-0.00306489
7639.35	-0.00291464
7637.42	-0.00293064
7635.49	-0.00308121
7633.56	-0.00306884
7631.64	-0.0029546
7629.71	-0.00299356
7627.78	-0.00292544
7625.85	-0.00279706
7623.92	-0.00279301
7622	-0.00289223
7620.07	-0.00294703
7618.14	-0.00303857
7616.21	-0.00306272
7614.28	-0.00292076
7612.36	-0.00287166
7610.43	-0.00283732
7608.5	-0.00298293
7606.57	-0.00316562
7604.64	-0.00318921
7602.72	-0.00306802
7600.79	-0.00290441
7598.86	-0.00293057
7596.93	-0.00300787
7595	-0.00303959
7593.08	-0.00299718
7591.15	-0.00285102
7589.22	-0.00298997
7587.29	-0.00309792
7585.36	-0.00288321
7583.44	-0.00277566
7581.51	-0.00282386
7579.58	-0.00285612
7577.65	-0.00289647
7575.72	-0.00305923
7573.8	-0.00301939
7571.87	-0.002967
7569.94	-0.00301156
7568.01	-0.00308335
7566.08	-0.00315112
7564.16	-0.00322026
7562.23	-0.0032145
7560.3	-0.00328011
7558.37	-0.00333391
7556.44	-0.00316079
7554.52	-0.00308194
7552.59	-0.0031777
7550.66	-0.00314069
7548.73	-0.00308036
7546.8	-0.00305394
7544.88	-0.00314888
7542.95	-0.00328314
7541.02	-0.0033273
7539.09	-0.00319908
7537.16	-0.003242
7535.23	-0.00327906
7533.31	-0.00321302
7531.38	-0.00326656
7529.45	-0.00325443
7527.52	-0.00310717
7525.59	-0.00304318
7523.67	-0.00300981
7521.74	-0.0029493
7519.81	-0.0029384
7517.88	-0.00301501
7515.95	-0.00320575
7514.03	-0.00341748
7512.1	-0.0034947
7510.17	-0.0033126
7508.24	-0.0032517
7506.31	-0.00330464
7504.39	-0.0032568
7502.46	-0.00317108
7500.53	-0.00321851
7498.6	-0.00325716
7496.67	-0.00322831
7494.75	-0.003082
7492.82	-0.00320799
7490.89	-0.00333098
7488.96	-0.00309213
7487.03	-0.00294196
7485.11	-0.00294627
7483.18	-0.0030971
7481.25	-0.0032122
7479.32	-0.00324861
7477.39	-0.0034021
7475.47	-0.00335945
7473.54	-0.00321513
7471.61	-0.00315875
7469.68	-0.00328761
7467.75	-0.00328659
7465.83	-0.00336383
7463.9	-0.0034566
7461.97	-0.00350147
7460.04	-0.00341784
7458.11	-0.00334186
7456.19	-0.00330339
7454.26	-0.00317145
7452.33	-0.00318993
7450.4	-0.00334834
7448.47	-0.00329261
7446.54	-0.00324594
7444.62	-0.00330158
7442.69	-0.00331625
7440.76	-0.00339223
7438.83	-0.00337589
7436.91	-0.00340111
7434.98	-0.00354534
7433.05	-0.00353151
7431.12	-0.00324065
7429.19	-0.00323933
7427.26	-0.00319796
7425.34	-0.00310641
7423.41	-0.0030287
7421.48	-0.00320671
7419.55	-0.00349496
7417.62	-0.00350357
7415.7	-0.00316789
7413.77	-0.00303469
7411.84	-0.00315987
7409.91	-0.00326426
7407.98	-0.00338816
7406.06	-0.00332825
7404.13	-0.00330043
7402.2	-0.00322493
7400.27	-0.00324357
7398.34	-0.00348392
7396.42	-0.00345545
7394.49	-0.00336511
7392.56	-0.00333792
7390.63	-0.00319339
7388.7	-0.00323312
7386.78	-0.0033897
7384.85	-0.00358899
7382.92	-0.00356237
7380.99	-0.00345519
7379.06	-0.00335817
7377.14	-0.00330405
7375.21	-0.00334229
7373.28	-0.0033707
7371.35	-0.00355813
7369.42	-0.00359878
7367.5	-0.00342228
7365.57	-0.00307608
7363.64	-0.00310095
7361.71	-0.0034896
7359.78	-0.00343681
7357.86	-0.00328028
7355.93	-0.00338191
7354	-0.00342383
7352.07	-0.00331819
7350.14	-0.00324903
7348.22	-0.00320858
7346.29	-0.00329784
7344.36	-0.00347974
7342.43	-0.00358876
7340.5	-0.0035483
7338.58	-0.00343947
7336.65	-0.00325002
7334.72	-0.00324364
7332.79	-0.00338178
7330.86	-0.00355826
7328.94	-0.00358508
7327.01	-0.00356388
7325.08	-0.00349762
7323.15	-0.00342277
7321.22	-0.00330987
7319.29	-0.00332322
7317.37	-0.00340328
7315.44	-0.00329724
7313.51	-0.00339644
7311.58	-0.00342268
7309.65	-0.00335492
7307.73	-0.00355303
7305.8	-0.00366233
7303.87	-0.0036113
7301.94	-0.00356243
7300.01	-0.00340903
7298.09	-0.0033948
7296.16	-0.00349789
7294.23	-0.00345479
7292.3	-0.00330076
7290.37	-0.00320306
7288.45	-0.00332394
7286.52	-0.0033442
7284.59	-0.00347189
7282.66	-0.00342577
7280.73	-0.00329491
7278.81	-0.0032812
7276.88	-0.00332677
7274.95	-0.00334624
7273.02	-0.00333108
7271.09	-0.00334821
7269.17	-0.00338487
7267.24	-0.00347383
7265.31	-0.00358025
7263.38	-0.00346797
7261.45	-0.00331207
7259.53	-0.00323496
7257.6	-0.00326403
7255.67	-0.0034685
7253.74	-0.00368401
7251.81	-0.00358675
7249.89	-0.00335627
7247.96	-0.00326426
7246.03	-0.00333624
7244.1	-0.00345364
7242.17	-0.00351287
7240.25	-0.00364169
7238.32	-0.00364544
7236.39	-0.00349848
7234.46	-0.00367429
7232.53	-0.00369449
7230.61	-0.00354045
7228.68	-0.0035651
7226.75	-0.00373046
7224.82	-0.00374728
7222.89	-0.00359986
7220.97	-0.00340762
7219.04	-0.00353759
7217.11	-0.00359888
7215.18	-0.00347159
7213.25	-0.00343497
7211.33	-0.00353141
7209.4	-0.00361021
7207.47	-0.00352099
7205.54	-0.00339036
7203.61	-0.00339263
7201.69	-0.00348783
7199.76	-0.0033825
7197.83	-0.00317638
7195.9	-0.00324246
7193.97	-0.0032959
7192.04	-0.00333124
7190.12	-0.00343464
7188.19	-0.00360154
7186.26	-0.00362168
7184.33	-0.0035578
7182.4	-0.00356329
7180.48	-0.00359796
7178.55	-0.00367363
7176.62	-0.00368897
7174.69	-0.00372409
7172.76	-0.00366998
7170.84	-0.00349361
7168.91	-0.00349719
7166.98	-0.00358527
7165.05	-0.00349545
7163.12	-0.00336705
7161.2	-0.00337277
7159.27	-0.00348668
7157.34	-0.00352756
7155.41	-0.00344858
7153.48	-0.00353003
7151.56	-0.0036089
7149.63	-0.00364002
7147.7	-0.00367471
7145.77	-0.00365553
7143.84	-0.00364715
7141.92	-0.00357177
7139.99	-0.00354393
7138.06	-0.00352135
7136.13	-0.00348148
7134.2	-0.00356201
7132.28	-0.003586
7130.35	-0.00349391
7128.42	-0.00337892
7126.49	-0.00344684
7124.56	-0.00360644
7122.64	-0.00362323
7120.71	-0.00360078
7118.78	-0.00364623
7116.85	-0.00356516
7114.92	-0.00353953
7113	-0.00352336
7111.07	-0.00344066
7109.14	-0.00339013
7107.21	-0.00350577
7105.28	-0.00354137
7103.36	-0.00348112
7101.43	-0.00346998
7099.5	-0.00343109
7097.57	-0.00351662
7095.64	-0.00357173
7093.71	-0.00354419
7091.79	-0.00348129
7089.86	-0.00353394
7087.93	-0.00361074
7086	-0.00359714
7084.08	-0.00351113
7082.15	-0.00346613
7080.22	-0.00340019
7078.29	-0.00345305
7076.36	-0.0035808
7074.43	-0.00367116
7072.51	-0.00363995
7070.58	-0.00352392
7068.65	-0.00351231
7066.72	-0.0034898
7064.79	-0.00352247
7062.87	-0.0035904
7060.94	-0.00362066
7059.01	-0.00352083
7057.08	-0.00346268
7055.15	-0.00357311
7053.23	-0.00346456
7051.3	-0.00336935
7049.37	-0.00335821
7047.44	-0.00337935
7045.51	-0.00339684
7043.59	-0.00353161
7041.66	-0.00373802
7039.73	-0.0037532
7037.8	-0.00349772
7035.87	-0.00336886
7033.95	-0.00352093
7032.02	-0.0036458
7030.09	-0.00359355
7028.16	-0.00350331
7026.23	-0.00344286
7024.31	-0.00347744
7022.38	-0.00347461
7020.45	-0.00337336
7018.52	-0.00333177
7016.59	-0.00333973
7014.67	-0.00329231
7012.74	-0.0033535
7010.81	-0.00347501
7008.88	-0.00339891
7006.95	-0.00332092
7005.03	-0.00331438
7003.1	-0.00337718
7001.17	-0.00323933
6999.24	-0.0032442
6997.31	-0.00334811
6995.39	-0.0032713
6993.46	-0.00318437
6991.53	-0.00319329
6989.6	-0.00318931
6987.67	-0.0033466
6985.75	-0.00339828
6983.82	-0.00340101
6981.89	-0.00346377
6979.96	-0.00340676
6978.03	-0.0033633
6976.1	-0.00334512
6974.18	-0.00327104
6972.25	-0.00324621
6970.32	-0.00342685
6968.39	-0.00339342
6966.46	-0.0032514
6964.54	-0.00329435
6962.61	-0.00332062
6960.68	-0.00328034
6958.75	-0.00335765
6956.82	-0.00351116
6954.9	-0.00346022
6952.97	-0.00313089
6951.04	-0.00290905
6949.11	-0.00310112
6947.18	-0.00324348
6945.26	-0.00328715
6943.33	-0.00329471
6941.4	-0.00310332
6939.47	-0.00299152
6937.54	-0.00302998
6935.62	-0.00313151
6933.69	-0.00315628
6931.76	-0.00296493
6929.83	-0.00295798
6927.9	-0.00309473
6925.98	-0.00300718
6924.05	-0.00294314
6922.12	-0.00303341
6920.19	-0.00313007
6918.26	-0.00313638
6916.34	-0.0032421
6914.41	-0.00326794
6912.48	-0.00321388
6910.55	-0.00307815
6908.62	-0.00308282
6906.7	-0.00314783
6904.77	-0.00309296
6902.84	-0.0030798
6900.91	-0.00310128
6898.98	-0.00295795
6897.06	-0.00290559
6895.13	-0.00293607
6893.2	-0.00297526
6891.27	-0.00308638
6889.34	-0.0030723
6887.42	-0.00285375
6885.49	-0.00260825
6883.56	-0.00263051
6881.63	-0.00286336
6879.7	-0.00304597
6877.78	-0.00314595
6875.85	-0.00314095
6873.92	-0.0030516
6871.99	-0.00300004
6870.06	-0.00282768
6868.14	-0.00273905
6866.21	-0.00276552
6864.28	-0.00277138
6862.35	-0.0027595
6860.42	-0.00271129
6858.5	-0.00271116
6856.57	-0.00281744
6854.64	-0.00278501
6852.71	-0.00262943
6850.78	-0.00260624
6848.85	-0.00272789
6846.93	-0.00284957
6845	-0.00288666
6843.07	-0.0029229
6841.14	-0.00282745
6839.21	-0.00278442
6837.29	-0.00292076
6835.36	-0.00291365
6833.43	-0.00288683
6831.5	-0.00278995
6829.57	-0.00259639
6827.65	-0.00266233
6825.72	-0.00276351
6823.79	-0.00259629
6821.86	-0.00251803
6819.93	-0.00240061
6818.01	-0.00245656
6816.08	-0.00267287
6814.15	-0.00261263
6812.22	-0.00251348
6810.29	-0.00243497
6808.37	-0.00246097
6806.44	-0.0024326
6804.51	-0.00239916
6802.58	-0.0024326
6800.65	-0.00241428
6798.73	-0.00237691
6796.8	-0.00242707
6794.87	-0.00236192
6792.94	-0.00226809
6791.01	-0.00232748
6789.09	-0.0023576
6787.16	-0.00224722
6785.23	-0.00206767
6783.3	-0.00201246
6781.37	-0.00206635
6779.45	-0.00208403
6777.52	-0.00208887
6775.59	-0.00217981
6773.66	-0.00215162
6771.73	-0.00211842
6769.81	-0.00198377
6767.88	-0.00187254
6765.95	-0.00192934
6764.02	-0.00187577
6762.09	-0.00178226
6760.17	-0.00191691
6758.24	-0.00197773
6756.31	-0.00196527
6754.38	-0.00196068
6752.45	-0.00188191
6750.53	-0.00177758
6748.6	-0.00169497
6746.67	-0.00155587
6744.74	-0.00157918
6742.81	-0.00167454
6740.88	-0.00168553
6738.96	-0.0016516
6737.03	-0.00154302
6735.1	-0.00153031
6733.17	-0.00161532
6731.25	-0.00156435
6729.32	-0.00148379
6727.39	-0.00140628
6725.46	-0.0013826
6723.53	-0.00147818
6721.6	-0.00151813
6719.68	-0.0015035
6717.75	-0.00135215
6715.82	-0.00125427
6713.89	-0.00123044
6711.96	-0.00116882
6710.04	-0.00107754
6708.11	-0.00121039
6706.18	-0.00128288
6704.25	-0.00106541
6702.32	-0.00108286
6700.4	-0.00112113
6698.47	-0.000875149
6696.54	-0.00076373
6694.61	-0.000909835
6692.68	-0.00104211
6690.76	-0.00111499
6688.83	-0.001043
6686.9	-0.00094799
6684.97	-0.000952321
6683.04	-0.000889731
6681.12	-0.000827165
6679.19	-0.000689767
6677.26	-0.000666741
6675.33	-0.000767633
6673.4	-0.000874322
6671.48	-0.000948056
6669.55	-0.000894096
6667.62	-0.000769882
6665.69	-0.000759
6663.76	-0.00074577
6661.84	-0.000604838
6659.91	-0.000636634
6657.98	-0.000739088
6656.05	-0.000823957
6654.12	-0.000838376
6652.2	-0.000730984
6650.27	-0.000572775
6648.34	-0.000535249
6646.41	-0.000650133
6644.48	-0.00078943
6642.56	-0.000903784
6640.63	-0.000819757
6638.7	-0.000741404
6636.77	-0.000717587
6634.84	-0.000592066
6632.92	-0.000693802
6630.99	-0.000839666
6629.06	-0.000841683
6627.13	-0.000779342
6625.2	-0.00071676
6623.27	-0.000737137
6621.35	-0.000855738
6619.42	-0.000808116
6617.49	-0.000708325
6615.56	-0.000785494
6613.63	-0.000997778
6611.71	-0.000945047
6609.78	-0.000842245
6607.85	-0.000835168
6605.92	-0.000765252
6603.99	-0.000726386
6602.07	-0.000815987
6600.14	-0.000842543
6598.21	-0.000821775
6596.28	-0.000891219
6594.35	-0.000974769
6592.43	-0.000938534
6590.5	-0.000800178
6588.57	-0.000817078
6586.64	-0.000916018
6584.71	-0.000884308
6582.79	-0.00081817
6580.86	-0.000778052
6578.93	-0.000830605
6577	-0.000883614
6575.07	-0.000891748
6573.15	-0.000862947
6571.22	-0.000766112
6569.29	-0.000725228
6567.36	-0.000736541
6565.43	-0.000867444
6563.51	-0.000936418
6561.58	-0.000953776
6559.65	-0.000974141
6557.72	-0.000970008
6555.79	-0.000972885
6553.87	-0.000883878
6551.94	-0.000830406
6550.01	-0.00089598
6548.08	-0.000956156
6546.15	-0.00101298
6544.23	-0.000961181
6542.3	-0.000830803
6540.37	-0.000780003
6538.44	-0.00100502
6536.51	-0.0011596
6534.59	-0.00114556
6532.66	-0.000913703
6530.73	-0.000872404
6528.8	-0.000966239
6526.87	-0.00107764
6524.95	-0.00113425
6523.02	-0.00104736
6521.09	-0.00100522
6519.16	-0.0011012
6517.23	-0.00108048
6515.31	-0.00103312
6513.38	-0.00106339
6511.45	-0.00104264
6509.52	-0.00113495
6507.59	-0.00131452
6505.67	-0.00126583
6503.74	-0.00109711
6501.81	-0.00107443
6499.88	-0.00112913
6497.95	-0.00106954
6496.02	-0.00100227
6494.1	-0.0011284
6492.17	-0.00117292
6490.24	-0.00106313
6488.31	-0.00108544
6486.38	-0.00113637
6484.46	-0.00109235
6482.53	-0.00109066
6480.6	-0.00123186
6478.67	-0.00126702
6476.74	-0.00110048
6474.82	-0.00109892
6472.89	-0.00116386
6470.96	-0.00105744
6469.03	-0.00103193
6467.1	-0.00111013
6465.18	-0.00116105
6463.25	-0.00119486
6461.32	-0.00120127
6459.39	-0.00123946
6457.46	-0.0013759
6455.54	-0.00131644
6453.61	-0.00116998
6451.68	-0.00120993
6449.75	-0.00129041
6447.82	-0.00128489
6445.9	-0.00123058
6443.97	-0.00125674
6442.04	-0.00126758
6440.11	-0.00113749
6438.18	-0.00109965
6436.26	-0.00128588
6434.33	-0.00144948
6432.4	-0.00137299
6430.47	-0.00119331
6428.54	-0.00116965
6426.62	-0.00122826
6424.69	-0.00126547
6422.76	-0.00122132
6420.83	-0.00120441
6418.9	-0.00113977
6416.98	-0.00113759
6415.05	-0.00112939
6413.12	-0.00105258
6411.19	-0.00110857
6409.26	-0.00109112
6407.34	-0.00118283
6405.41	-0.00129232
6403.48	-0.00134894
6401.55	-0.00130607
6399.62	-0.00128268
6397.7	-0.00129602
6395.77	-0.00138663
6393.84	-0.00139135
6391.91	-0.00124416
6389.98	-0.00116538
6388.06	-0.00123718
6386.13	-0.0012277
6384.2	-0.00119816
6382.27	-0.00120523
6380.34	-0.00119681
6378.42	-0.00135334
6376.49	-0.00130537
6374.56	-0.00127719
6372.63	-0.00135023
6370.7	-0.00133712
6368.77	-0.00139786
6366.85	-0.00142336
6364.92	-0.00133837
6362.99	-0.00128747
6361.06	-0.00136447
6359.13	-0.00143766
6357.21	-0.00148973
6355.28	-0.00156343
6353.35	-0.00153995
6351.42	-0.0013753
6349.49	-0.0013681
6347.57	-0.00137867
6345.64	-0.00151067
6343.71	-0.00160859
6341.78	-0.00149162
6339.85	-0.00149241
6337.93	-0.00161694
6336	-0.00161704
6334.07	-0.00167164
6332.14	-0.0017591
6330.21	-0.00175745
6328.29	-0.00180708
6326.36	-0.00187943
6324.43	-0.00182516
6322.5	-0.00186356
6320.57	-0.00194458
6318.65	-0.00194574
6316.72	-0.00195422
6314.79	-0.00186511
6312.86	-0.00180562
6310.93	-0.00191889
6309.01	-0.00191902
6307.08	-0.00185337
6305.15	-0.00193614
6303.22	-0.00197335
6301.29	-0.00193914
6299.37	-0.00188342
6297.44	-0.00187135
6295.51	-0.00200128
6293.58	-0.00204046
6291.65	-0.00200913
6289.73	-0.00207575
6287.8	-0.00206955
6285.87	-0.00212989
6283.94	-0.00213174
6282.01	-0.00210816
6280.08	-0.00214107
6278.16	-0.00207842
6276.23	-0.00203664
6274.3	-0.00206579
6272.37	-0.00222662
6270.45	-0.00235863
6268.52	-0.0022668
6266.59	-0.00214813
6264.66	-0.00223631
6262.73	-0.00225672
6260.8	-0.0021353
6258.88	-0.00215854
6256.95	-0.00231446
6255.02	-0.002401
6253.09	-0.00240733
6251.17	-0.00235543
6249.24	-0.00223912
6247.31	-0.00228361
6245.38	-0.00229607
6243.45	-0.00227877
6241.52	-0.00241168
6239.6	-0.00249728
6237.67	-0.00250261
6235.74	-0.00248364
6233.81	-0.00247879
6231.88	-0.00235899
6229.96	-0.00233308
6228.03	-0.00238697
6226.1	-0.00243524
6224.17	-0.00242011
6222.24	-0.00242726
6220.32	-0.00249204
6218.39	-0.00250607
6216.46	-0.00258348
6214.53	-0.00264606
6212.6	-0.0025124
6210.68	-0.00238433
6208.75	-0.00235131
6206.82	-0.00243853
6204.89	-0.00255611
6202.96	-0.00260881
6201.04	-0.00261615
6199.11	-0.00257087
6197.18	-0.00257561
6195.25	-0.00264817
6193.32	-0.00262179
6191.4	-0.00262235
6189.47	-0.00253743
6187.54	-0.00247721
6185.61	-0.0023894
6183.68	-0.0023576
6181.76	-0.00238271
6179.83	-0.00239807
6177.9	-0.00228691
6175.97	-0.00229756
6174.04	-0.00245392
6172.12	-0.00246377
6170.19	-0.00254066
6168.26	-0.00251266
6166.33	-0.00236848
6164.4	-0.00244852
6162.48	-0.00256629
6160.55	-0.00245326
6158.62	-0.00229452
6156.69	-0.00241352
6154.76	-0.00247247
6152.83	-0.00244074
6150.91	-0.00246828
6148.98	-0.00244002
6147.05	-0.00230395
6145.12	-0.00226671
6143.19	-0.00242819
6141.27	-0.00238215
6139.34	-0.00214905
6137.41	-0.00218403
6135.48	-0.00235447
6133.55	-0.00228856
6131.63	-0.00228263
6129.7	-0.00236393
6127.77	-0.00238426
6125.84	-0.00234459
6123.91	-0.00223371
6121.99	-0.00222385
6120.06	-0.0022051
6118.13	-0.0021384
6116.2	-0.00211522
6114.27	-0.00209399
6112.35	-0.00220012
6110.42	-0.00222441
6108.49	-0.00201896
6106.56	-0.00196566
6104.63	-0.00208851
6102.71	-0.00214288
6100.78	-0.0021231
6098.85	-0.00212986
6096.92	-0.00206962
6094.99	-0.00197674
6093.07	-0.00192229
6091.14	-0.00198311
6089.21	-0.00206945
6087.28	-0.0020891
6085.35	-0.00200432
6083.43	-0.00196629
6081.5	-0.00201843
6079.57	-0.00206286
6077.64	-0.00204426
6075.71	-0.00203041
6073.79	-0.00206312
6071.86	-0.00204683
6069.93	-0.00203647
6068	-0.00195996
6066.07	-0.00187646
6064.15	-0.00190559
6062.22	-0.0018469
6060.29	-0.00172983
6058.36	-0.00172817
6056.43	-0.00175778
6054.51	-0.00170956
6052.58	-0.00173989
6050.65	-0.00180625
6048.72	-0.00184053
6046.79	-0.00190239
6044.87	-0.00195171
6042.94	-0.00194125
6041.01	-0.00193419
6039.08	-0.00193772
6037.15	-0.00192651
6035.23	-0.00193861
6033.3	-0.00197325
6031.37	-0.00213421
6029.44	-0.00220351
6027.51	-0.00203344
6025.58	-0.00199403
6023.66	-0.00217358
6021.73	-0.00213134
6019.8	-0.00204765
6017.87	-0.00210985
6015.94	-0.00221139
6014.02	-0.00227963
6012.09	-0.00229034
6010.16	-0.00220592
6008.23	-0.00216662
6006.3	-0.0022852
6004.38	-0.00238318
6002.45	-0.00239339
6000.52	-0.00244628
5998.59	-0.00245665
5996.66	-0.00238861
5994.74	-0.00237214
5992.81	-0.00240914
5990.88	-0.00248225
5988.95	-0.00254432
5987.02	-0.00257439
5985.1	-0.00266381
5983.17	-0.00263927
5981.24	-0.00259811
5979.31	-0.00263618
5977.38	-0.00267797
5975.46	-0.00268979
5973.53	-0.00274969
5971.6	-0.00272417
5969.67	-0.0026862
5967.74	-0.00274448
5965.82	-0.00280924
5963.89	-0.00277444
5961.96	-0.0027646
5960.03	-0.0027997
5958.1	-0.00282623
5956.18	-0.0027593
5954.25	-0.00275337
5952.32	-0.0027401
5950.39	-0.00279887
5948.46	-0.0028501
5946.54	-0.00286208
5944.61	-0.00285378
5942.68	-0.00278715
5940.75	-0.00277757
5938.82	-0.00280638
5936.9	-0.00284193
5934.97	-0.00292596
5933.04	-0.00301676
5931.11	-0.00303459
5929.18	-0.00307141
5927.25	-0.00305259
5925.33	-0.00295157
5923.4	-0.00287452
5921.47	-0.00284582
5919.54	-0.00285339
5917.62	-0.00288143
5915.69	-0.00290826
5913.76	-0.00292883
5911.83	-0.00297984
5909.9	-0.00300652
5907.97	-0.00301393
5906.05	-0.00309894
5904.12	-0.0031371
5902.19	-0.00311809
5900.26	-0.00313766
5898.33	-0.00311372
5896.41	-0.00312891
5894.48	-0.00315062
5892.55	-0.00314332
5890.62	-0.00306802
5888.69	-0.00308486
5886.77	-0.0030622
5884.84	-0.00302047
5882.91	-0.00303703
5880.98	-0.00306427
5879.05	-0.00311891
5877.13	-0.00316388
5875.2	-0.00320671
5873.27	-0.00318819
5871.34	-0.00307917
5869.41	-0.00305969
5867.49	-0.0030999
5865.56	-0.00323769
5863.63	-0.00330172
5861.7	-0.00321009
5859.77	-0.00316783
5857.85	-0.00321897
5855.92	-0.00324193
5853.99	-0.00312835
5852.06	-0.00310668
5850.13	-0.00318885
5848.21	-0.00324374
5846.28	-0.00322674
5844.35	-0.00318881
5842.42	-0.00314549
5840.49	-0.00312974
5838.57	-0.00314796
5836.64	-0.0031752
5834.71	-0.00323249
5832.78	-0.00317072
5830.85	-0.00312102
5828.93	-0.00314322
5827	-0.00320154
5825.07	-0.00327774
5823.14	-0.00330487
5821.21	-0.00329067
5819.29	-0.00325663
5817.36	-0.00323624
5815.43	-0.00323111
5813.5	-0.00321667
5811.57	-0.00329478
5809.65	-0.00335939
5807.72	-0.00328902
5805.79	-0.00318408
5803.86	-0.003155
5801.93	-0.00315796
5800	-0.00319039
5798.08	-0.00321897
5796.15	-0.00313062
5794.22	-0.00313618
5792.29	-0.00320187
5790.36	-0.00331898
5788.44	-0.00329981
5786.51	-0.00318224
5784.58	-0.00319302
5782.65	-0.00330888
5780.72	-0.00320792
5778.8	-0.00314553
5776.87	-0.00312724
5774.94	-0.00312954
5773.01	-0.00325495
5771.08	-0.00326554
5769.16	-0.00319635
5767.23	-0.00311654
5765.3	-0.0031403
5763.37	-0.00320227
5761.44	-0.00313082
5759.52	-0.00308427
5757.59	-0.00312678
5755.66	-0.00317237
5753.73	-0.00319822
5751.8	-0.00314691
5749.88	-0.00309177
5747.95	-0.00310437
5746.02	-0.00314842
5744.09	-0.00314125
5742.16	-0.00318582
5740.24	-0.00317257
5738.31	-0.00317895
5736.38	-0.00327909
5734.45	-0.00330852
5732.52	-0.00328126
5730.6	-0.00321055
5728.67	-0.00315559
5726.74	-0.00320141
5724.81	-0.00317875
5722.88	-0.00317385
5720.96	-0.00322263
5719.03	-0.00321769
5717.1	-0.00318773
5715.17	-0.00322993
5713.24	-0.00324801
5711.32	-0.00316839
5709.39	-0.00321065
5707.46	-0.0032292
5705.53	-0.00316368
5703.6	-0.00316049
5701.68	-0.00322463
5699.75	-0.00320227
5697.82	-0.00311855
5695.89	-0.00314454
5693.96	-0.00323259
5692.03	-0.00328166
5690.11	-0.00320911
5688.18	-0.00326209
5686.25	-0.0032217
5684.32	-0.00323706
5682.4	-0.00321953
5680.47	-0.00305937
5678.54	-0.00303972
5676.61	-0.00319056
5674.68	-0.00328685
5672.75	-0.00324949
5670.83	-0.00313737
5668.9	-0.00312178
5666.97	-0.00312944
5665.04	-0.00316747
5663.11	-0.00319121
5661.19	-0.00325479
5659.26	-0.0032587
5657.33	-0.00320289
5655.4	-0.00315227
5653.47	-0.00311536
5651.55	-0.0031849
5649.62	-0.0031973
5647.69	-0.00310822
5645.76	-0.00313053
5643.83	-0.00330464
5641.91	-0.00326225
5639.98	-0.00318625
5638.05	-0.0032443
5636.12	-0.00317743
5634.19	-0.00311671
5632.27	-0.00314414
5630.34	-0.00326472
5628.41	-0.00323019
5626.48	-0.00308184
5624.55	-0.00301886
5622.63	-0.00307865
5620.7	-0.00310388
5618.77	-0.00313283
5616.84	-0.00315977
5614.91	-0.00307098
5612.99	-0.00308733
5611.06	-0.00309964
5609.13	-0.00319612
5607.2	-0.00326219
5605.27	-0.00321361
5603.35	-0.00320556
5601.42	-0.00318161
5599.49	-0.0031095
5597.56	-0.00312039
5595.63	-0.00320375
5593.71	-0.00324193
5591.78	-0.00326373
5589.85	-0.0031774
5587.92	-0.0030002
5585.99	-0.00301959
5584.07	-0.00317066
5582.14	-0.00326318
5580.21	-0.00323302
5578.28	-0.00310723
5576.35	-0.00303949
5574.43	-0.00314049
5572.5	-0.00327962
5570.57	-0.00330093
5568.64	-0.00323203
5566.71	-0.00321845
5564.79	-0.00317789
5562.86	-0.00315339
5560.93	-0.0031127
5559	-0.00304196
5557.07	-0.0029778
5555.14	-0.00295443
5553.22	-0.00299382
5551.29	-0.00312312
5549.36	-0.00315766
5547.43	-0.00312763
5545.5	-0.00308631
5543.58	-0.00306328
5541.65	-0.00305979
5539.72	-0.00307545
5537.79	-0.00314477
5535.86	-0.00316579
5533.94	-0.00322128
5532.01	-0.0031698
5530.08	-0.00313408
5528.15	-0.00315118
5526.22	-0.00323003
5524.3	-0.00323206
5522.37	-0.00321138
5520.44	-0.00306924
5518.51	-0.00298898
5516.58	-0.00306118
5514.66	-0.00308345
5512.73	-0.00306581
5510.8	-0.0030695
5508.87	-0.00313576
5506.94	-0.00315303
5505.02	-0.00311329
5503.09	-0.00313803
5501.16	-0.00310569
5499.23	-0.0030897
5497.3	-0.00310595
5495.38	-0.00302808
5493.45	-0.00300386
5491.52	-0.00309957
5489.59	-0.00313714
5487.66	-0.00311309
5485.74	-0.00305279
5483.81	-0.00306591
5481.88	-0.00310177
5479.95	-0.00315125
5478.02	-0.00320963
5476.1	-0.00317016
5474.17	-0.00309378
5472.24	-0.00302469
5470.31	-0.00308184
5468.38	-0.00303877
5466.46	-0.00312194
5464.53	-0.00328932
5462.6	-0.00325239
5460.67	-0.00318444
5458.74	-0.00313303
5456.82	-0.00303433
5454.89	-0.00296677
5452.96	-0.00296559
5451.03	-0.00311694
5449.1	-0.00320233
5447.17	-0.00319329
5445.25	-0.00308414
5443.32	-0.00304022
5441.39	-0.00309325
5439.46	-0.00312286
5437.54	-0.00309325
5435.61	-0.00307424
5433.68	-0.00302423
5431.75	-0.00295759
5429.82	-0.0029905
5427.89	-0.0030948
5425.97	-0.00319723
5424.04	-0.00323588
5422.11	-0.00316937
5420.18	-0.00309717
5418.25	-0.00309454
5416.33	-0.00314865
5414.4	-0.0031075
5412.47	-0.00303176
5410.54	-0.00298323
5408.61	-0.00297253
5406.69	-0.00299382
5404.76	-0.00303183
5402.83	-0.00303012
5400.9	-0.00298145
5398.97	-0.00300504
5397.05	-0.00303423
5395.12	-0.00300879
5393.19	-0.00295302
5391.26	-0.00303439
5389.33	-0.00309388
5387.41	-0.0030054
5385.48	-0.00296292
5383.55	-0.00296216
5381.62	-0.00297161
5379.69	-0.00303186
5377.77	-0.00301774
5375.84	-0.00294123
5373.91	-0.00297434
5371.98	-0.00302416
5370.05	-0.00301238
5368.13	-0.0030033
5366.2	-0.00300277
5364.27	-0.0029978
5362.34	-0.00303387
5360.41	-0.00305815
5358.49	-0.00295571
5356.56	-0.00290118
5354.63	-0.00298606
5352.7	-0.00306558
5350.77	-0.00304811
5348.85	-0.00293064
5346.92	-0.00281428
5344.99	-0.00278363
5343.06	-0.00282916
5341.13	-0.00285734
5339.21	-0.00279258
5337.28	-0.00281507
5335.35	-0.00283015
5333.42	-0.00278221
5331.49	-0.00288038
5329.56	-0.00297332
5327.64	-0.00290338
5325.71	-0.00284206
5323.78	-0.00284726
5321.85	-0.00290908
5319.92	-0.002884
5318	-0.00283591
5316.07	-0.00278498
5314.14	-0.00280078
5312.21	-0.00275153
5310.28	-0.00263318
5308.36	-0.00265933
5306.43	-0.00266707
5304.5	-0.00272483
5302.57	-0.00281234
5300.64	-0.00276924
5298.72	-0.00263674
5296.79	-0.00263473
5294.86	-0.00264392
5292.93	-0.00264886
5291	-0.00265591
5289.08	-0.00260716
5287.15	-0.00262837
5285.22	-0.00262152
5283.29	-0.00253094
5281.36	-0.00245399
5279.44	-0.00247092
5277.51	-0.00250195
5275.58	-0.00243478
5273.65	-0.00236492
5271.72	-0.00240321
5269.8	-0.00238262
5267.87	-0.00227705
5265.94	-0.00217421
5264.01	-0.00220196
5262.08	-0.00227231
5260.16	-0.00228803
5258.23	-0.0023115
5256.3	-0.00222972
5254.37	-0.00213408
5252.44	-0.0021689
5250.52	-0.00220012
5248.59	-0.00219016
5246.66	-0.00217516
5244.73	-0.00204518
5242.8	-0.00196306
5240.88	-0.00199653
5238.95	-0.00197602
5237.02	-0.00195867
5235.09	-0.00187188
5233.16	-0.0018211
5231.24	-0.00177137
5229.31	-0.00166484
5227.38	-0.00152671
5225.45	-0.00142755
5223.52	-0.00148399
5221.6	-0.00145536
5219.67	-0.00140711
5217.74	-0.00135079
5215.81	-0.00127491
5213.88	-0.00132988
5211.96	-0.00126656
5210.03	-0.00117318
5208.1	-0.0011405
5206.17	-0.001105
5204.24	-0.00105523
5202.31	-0.000992125
5200.39	-0.000984257
5198.46	-0.000960388
5196.53	-0.000837186
5194.6	-0.000724269
5192.67	-0.00068487
5190.75	-0.000673656
5188.82	-0.000599412
5186.89	-0.000548651
5184.96	-0.000447245
5183.03	-0.000317672
5181.11	-0.000245056
5179.18	-0.000197732
5177.25	-0.000168686
5175.32	-7.17624e-05
5173.39	2.83305e-05
5171.47	-6.56049e-06
5169.54	1.32538e-05
5167.61	0.000126723
5165.68	0.000102197
5163.75	0.000109091
5161.83	0.00024178
5159.9	0.000310179
5157.97	0.000312102
5156.04	0.000402135
5154.11	0.000533255
5152.19	0.000671815
5150.26	0.00073673
5148.33	0.000751699
5146.4	0.000773108
5144.47	0.000873098
5142.55	0.00102256
5140.62	0.00105069
5138.69	0.0010662
5136.76	0.0011356
5134.83	0.00131871
5132.91	0.00137921
5130.98	0.00138678
5129.05	0.00143229
5127.12	0.00151438
5125.19	0.00157014
5123.27	0.00156502
5121.34	0.00163087
5119.41	0.00175195
5117.48	0.00179683
5115.55	0.00180225
5113.62	0.00184304
5111.7	0.00189256
5109.77	0.00197863
5107.84	0.00214795
5105.91	0.0022391
5103.99	0.00217785
5102.06	0.00219124
5100.13	0.00235478
5098.2	0.0024482
5096.27	0.00243997
5094.34	0.00248283
5092.42	0.00254951
5090.49	0.00259044
5088.56	0.00272142
5086.63	0.00282587
5084.71	0.00285341
5082.78	0.00294341
5080.85	0.00296162
5078.92	0.00297213
5076.99	0.0030158
5075.06	0.00305351
5073.14	0.0030738
5071.21	0.00311157
5069.28	0.00319835
5067.35	0.00334658
5065.42	0.00348049
5063.5	0.00353764
5061.57	0.0035458
5059.64	0.00357867
5057.71	0.00364479
5055.78	0.00379898
5053.86	0.00387099
5051.93	0.00388362
5050	0.00390208
5048.07	0.00391873
5046.14	0.00396079
5044.22	0.00415551
5042.29	0.00428328
5040.36	0.00425672
5038.43	0.00438288
5036.5	0.00448739
5034.58	0.0045218
5032.65	0.00468797
5030.72	0.00489943
5028.79	0.00496588
5026.86	0.00501965
5024.94	0.00516236
5023.01	0.00531693
5021.08	0.00539922
5019.15	0.00544736
5017.22	0.00548763
5015.3	0.00540133
5013.37	0.00527802
5011.44	0.00520002
5009.51	0.00506765
5007.58	0.00502454
5005.66	0.00504442
5003.73	0.00500838
5001.8	0.0048689
4999.87	0.00477817
4997.94	0.00475985
4996.02	0.00469667
4994.09	0.00465313
4992.16	0.00466928
4990.23	0.00460417
4988.3	0.00450064
4986.38	0.00447661
4984.45	0.0044918
4982.52	0.0044822
4980.59	0.00451668
4978.66	0.00450898
4976.73	0.00449887
4974.81	0.00447061
4972.88	0.00447734
4970.95	0.00445069
4969.02	0.00446629
4967.09	0.00452448
4965.17	0.00442977
4963.24	0.00438552
4961.31	0.00433391
4959.38	0.00430226
4957.45	0.00443985
4955.53	0.00443242
4953.6	0.00435721
4951.67	0.0043384
4949.74	0.00433211
4947.81	0.00430805
4945.89	0.00427358
4943.96	0.00424808
4942.03	0.00421948
4940.1	0.00424791
4938.17	0.00429503
4936.25	0.00422399
4934.32	0.00415236
4932.39	0.0041633
4930.46	0.0041519
4928.53	0.00408316
4926.61	0.00400085
4924.68	0.00393301
4922.75	0.00391592
4920.82	0.00400938
4918.89	0.00402446
4916.97	0.00401791
4915.04	0.00400222
4913.11	0.00394909
4911.18	0.00379661
4909.25	0.00364512
4907.33	0.00368138
4905.4	0.0036912
4903.47	0.00365698
4901.54	0.0036789
4899.61	0.00367172
4897.69	0.00366641
4895.76	0.00369775
4893.83	0.0037173
4891.9	0.00368228
4889.97	0.0035932
4888.05	0.00357292
4886.12	0.00355709
4884.19	0.0035027
4882.26	0.00352549
4880.33	0.00359023
4878.41	0.00348904
4876.48	0.00338818
4874.55	0.00343373
4872.62	0.00336143
4870.69	0.00323226
4868.77	0.0032568
4866.84	0.00326361
4864.91	0.00332704
4862.98	0.00334654
4861.05	0.00319317
4859.12	0.00309105
4857.2	0.00304223
4855.27	0.00297277
4853.34	0.00289908
4851.41	0.00291162
4849.48	0.0028881
4847.56	0.00283861
4845.63	0.00281586
4843.7	0.00280085
4841.77	0.00272036
4839.84	0.00269135
4837.92	0.00266021
4835.99	0.00253798
4834.06	0.00247653
4832.13	0.0023842
4830.2	0.00231111
4828.28	0.00228539
4826.35	0.00217682
4824.42	0.00212784
4822.49	0.00205809
4820.56	0.00202173
4818.64	0.00197723
4816.71	0.00187319
4814.78	0.00178146
4812.85	0.00177124
4810.92	0.00181722
4809	0.00181576
4807.07	0.00172799
4805.14	0.00166745
4803.21	0.00155827
4801.28	0.00144901
4799.36	0.00133895
4797.43	0.00131735
4795.5	0.00126039
4793.57	0.00117148
4791.64	0.00114653
4789.72	0.00111676
4787.79	0.00106531
4785.86	0.00100927
4783.93	0.000858489
4782	0.000728599
4780.08	0.0006234
4778.15	0.000610393
4776.22	0.00058886
4774.29	0.000361145
4772.36	0.000201866
4770.44	0.000181016
4768.51	0.000138191
4766.58	0.00013491
4764.65	0.000161128
4762.72	4.03591e-05
4760.79	-0.000116484
4758.87	-0.000184584
4756.94	-0.000203097
4755.01	-0.00036505
4753.08	-0.00040312
4751.16	-0.000418281
4749.23	-0.000578929
4747.3	-0.000671472
4745.37	-0.000625054
4743.44	-0.000666477
4741.51	-0.000779805
4739.59	-0.000852662
4737.66	-0.0010233
4735.73	-0.00114291
4733.8	-0.00108514
4731.88	-0.00106356
4729.95	-0.00116925
4728.02	-0.00126074
4726.09	-0.00133884
4724.16	-0.00136407
4722.23	-0.00131618
4720.31	-0.00131892
4718.38	-0.00156188
4716.45	-0.00169857
4714.52	-0.00163744
4712.59	-0.00162411
4710.67	-0.00160466
4708.74	-0.00165867
4706.81	-0.00185786
4704.88	-0.00191872
4702.95	-0.00191773
4701.03	-0.00193693
4699.1	-0.00206431
4697.17	-0.00221967
4695.24	-0.00220506
4693.31	-0.00221386
4691.39	-0.00231268
4689.46	-0.00231522
4687.53	-0.00227933
4685.6	-0.00226305
4683.67	-0.00235164
4681.75	-0.00249965
4679.82	-0.00253898
4677.89	-0.00250011
4675.96	-0.00252837
4674.03	-0.00262116
4672.11	-0.00266901
4670.18	-0.00264086
4668.25	-0.00267596
4666.32	-0.00271449
4664.39	-0.0027674
4662.47	-0.0028395
4660.54	-0.00285559
4658.61	-0.00279808
4656.68	-0.00284377
4654.75	-0.00292879
4652.83	-0.00285987
4650.9	-0.00287001
4648.97	-0.00292359
4647.04	-0.00293149
4645.11	-0.00297536
4643.19	-0.00306483
4641.26	-0.0032072
4639.33	-0.00321559
4637.4	-0.00313536
4635.47	-0.00315437
4633.54	-0.00319707
4631.62	-0.00324344
4629.69	-0.00318497
4627.76	-0.00313026
4625.83	-0.0031703
4623.9	-0.00323104
4621.98	-0.0032271
4620.05	-0.00324969
4618.12	-0.00329606
4616.19	-0.00330349
4614.26	-0.00335525
4612.34	-0.00348977
4610.41	-0.00349253
4608.48	-0.00341051
4606.55	-0.00344102
4604.62	-0.00351123
4602.7	-0.0035107
4600.77	-0.00346127
4598.84	-0.00346768
4596.91	-0.0035135
4594.98	-0.00349289
4593.06	-0.00341617
4591.13	-0.00335104
4589.2	-0.00335899
4587.27	-0.00340798
4585.34	-0.00339717
4583.42	-0.00340328
4581.49	-0.00351925
4579.56	-0.00356726
4577.63	-0.00354482
4575.7	-0.00350613
4573.78	-0.00352737
4571.85	-0.00349289
4569.92	-0.00346603
4567.99	-0.00346469
4566.06	-0.00346502
4564.14	-0.00346548
4562.21	-0.00342876
4560.28	-0.00343034
4558.35	-0.00337435
4556.42	-0.00333095
4554.5	-0.00332184
4552.57	-0.00323664
4550.64	-0.00322453
4548.71	-0.00322782
4546.78	-0.00318187
4544.86	-0.0032666
4542.93	-0.00325952
4541	-0.00316974
4539.07	-0.00312039
4537.14	-0.00302261
4535.22	-0.00298283
4533.29	-0.00309181
4531.36	-0.00318845
4529.43	-0.00316783
4527.5	-0.00319789
4525.58	-0.00316326
4523.65	-0.00314151
4521.72	-0.00319815
4519.79	-0.00325883
4517.86	-0.00326923
4515.94	-0.00330257
4514.01	-0.00337415
4512.08	-0.00348369
4510.15	-0.00346268
4508.22	-0.00340506
4506.29	-0.00347938
4504.37	-0.0035902
4502.44	-0.00364087
4500.51	-0.00365214
4498.58	-0.00372764
4496.65	-0.00371269
4494.73	-0.00362132
4492.8	-0.00368565
4490.87	-0.00369682
4488.94	-0.0036804
4487.01	-0.00382483
4485.09	-0.00390319
4483.16	-0.00384086
4481.23	-0.0038585
4479.3	-0.00387206
4477.37	-0.00380181
4475.45	-0.00384231
4473.52	-0.00397014
4471.59	-0.0039901
4469.66	-0.00392897
4467.73	-0.00386569
4465.81	-0.00386743
4463.88	-0.00389403
4461.95	-0.00397188
4460.02	-0.00403275
4458.09	-0.00391183
4456.17	-0.00389324
4454.24	-0.0039577
4452.31	-0.00393721
4450.38	-0.00388428
4448.45	-0.00383045
4446.53	-0.00384208
4444.6	-0.0039508
4442.67	-0.00403606
4440.74	-0.00397878
4438.81	-0.0039901
4436.89	-0.00401617
4434.96	-0.00392053
4433.03	-0.00397257
4431.1	-0.00393311
4429.17	-0.00389324
4427.25	-0.0039266
4425.32	-0.00392907
4423.39	-0.00387153
4421.46	-0.00380519
4419.53	-0.00385154
4417.61	-0.00389718
4415.68	-0.00383222
4413.75	-0.00390201
4411.82	-0.00407378
4409.89	-0.00406387
4407.96	-0.00391331
4406.04	-0.00386713
4404.11	-0.00389699
4402.18	-0.003905
4400.25	-0.00388536
4398.33	-0.00392286
4396.4	-0.00396738
4394.47	-0.00406068
4392.54	-0.00404375
4390.61	-0.00396591
4388.68	-0.00391127
4386.76	-0.00380792
4384.83	-0.00376906
4382.9	-0.00386776
4380.97	-0.00383656
4379.04	-0.00381945
4377.12	-0.0038292
4375.19	-0.00383804
4373.26	-0.00383521
4371.33	-0.00380733
4369.4	-0.00376887
4367.48	-0.00379642
4365.55	-0.00388464
4363.62	-0.00388713
4361.69	-0.00382434
4359.76	-0.00376716
4357.84	-0.00375284
4355.91	-0.00380992
4353.98	-0.00384405
4352.05	-0.00388135
4350.12	-0.00386651
4348.2	-0.00383722
4346.27	-0.00380319
4344.34	-0.00376141
4342.41	-0.00366903
4340.48	-0.0036092
4338.56	-0.00371325
4336.63	-0.00375803
4334.7	-0.00374344
4332.77	-0.00372652
4330.84	-0.00372521
4328.92	-0.00371256
4326.99	-0.00371075
4325.06	-0.00369426
4323.13	-0.00372163
4321.2	-0.00377711
4319.28	-0.00377612
4317.35	-0.00372117
4315.42	-0.00367044
4313.49	-0.00361038
4311.56	-0.0036644
4309.64	-0.00372665
4307.71	-0.00376732
4305.78	-0.00369144
4303.85	-0.0035441
4301.92	-0.00352447
4300	-0.00352839
4298.07	-0.00353065
4296.14	-0.00357706
4294.21	-0.00360525
4292.28	-0.00358255
4290.35	-0.0036276
4288.43	-0.00360808
4286.5	-0.00353854
4284.57	-0.00351662
4282.64	-0.00350038
4280.71	-0.00349726
4278.79	-0.00349023
4276.86	-0.00337418
4274.93	-0.0034117
4273	-0.00352773
4271.07	-0.00358245
4269.15	-0.00354554
4267.22	-0.00345315
4265.29	-0.00333072
4263.36	-0.00338832
4261.43	-0.00345144
4259.51	-0.0033919
4257.58	-0.00331891
4255.65	-0.00327656
4253.72	-0.00328767
4251.79	-0.00332539
4249.87	-0.00329136
4247.94	-0.00331105
4246.01	-0.00333269
4244.08	-0.0033295
4242.15	-0.00338556
4240.23	-0.00333332
4238.3	-0.00324746
4236.37	-0.00322526
4234.44	-0.00317158
4232.51	-0.00329724
4230.59	-0.00339079
4228.66	-0.00334384
4226.73	-0.00324723
4224.8	-0.00322164
4222.87	-0.00327554
4220.95	-0.00327159
4219.02	-0.00317529
4217.09	-0.00303568
4215.16	-0.00309638
4213.23	-0.00318947
4211.31	-0.00318608
4209.38	-0.00326942
4207.45	-0.00334841
4205.52	-0.00319717
4203.59	-0.00315349
4201.67	-0.00313704
4199.74	-0.00312661
4197.81	-0.00316671
4195.88	-0.00318181
4193.95	-0.00309187
4192.03	-0.0031777
4190.1	-0.00326143
4188.17	-0.00330816
4186.24	-0.00324663
4184.31	-0.00314056
4182.39	-0.00316625
4180.46	-0.00323634
4178.53	-0.00325413
4176.6	-0.0032367
4174.67	-0.0032813
4172.75	-0.00333437
4170.82	-0.00335225
4168.89	-0.00331332
4166.96	-0.00325423
4165.03	-0.00321384
4163.1	-0.00318776
4161.18	-0.0032122
4159.25	-0.00325397
4157.32	-0.00322466
4155.39	-0.00321871
4153.46	-0.00326979
4151.54	-0.00327626
4149.61	-0.00318599
4147.68	-0.00317566
4145.75	-0.00316645
4143.82	-0.003239
4141.9	-0.00324545
4139.97	-0.00329363
4138.04	-0.00334173
4136.11	-0.00328057
4134.18	-0.00323039
4132.26	-0.00325331
4130.33	-0.00326403
4128.4	-0.00324216
4126.47	-0.00324611
4124.54	-0.00323864
4122.62	-0.00318908
4120.69	-0.00311654
4118.76	-0.00316645
4116.83	-0.00322519
4114.9	-0.00322558
4112.98	-0.00320092
4111.05	-0.00317286
4109.12	-0.00316661
4107.19	-0.00319138
4105.26	-0.00313566
4103.34	-0.00315273
4101.41	-0.00321095
4099.48	-0.00315391
4097.55	-0.00314878
4095.62	-0.0031476
4093.7	-0.00318941
4091.77	-0.00318737
4089.84	-0.00321687
4087.91	-0.00321815
4085.98	-0.00319667
4084.06	-0.00317674
4082.13	-0.00312151
4080.2	-0.00304716
4078.27	-0.00299464
4076.34	-0.00304538
4074.42	-0.00318628
4072.49	-0.00313967
4070.56	-0.00305348
4068.63	-0.00306693
4066.7	-0.00308108
4064.78	-0.00316789
4062.85	-0.00318355
4060.92	-0.00314312
4058.99	-0.00315283
4057.06	-0.00311704
4055.14	-0.0031024
4053.21	-0.00308026
4051.28	-0.00305048
4049.35	-0.00309674
4047.42	-0.00319513
4045.5	-0.00317661
4043.57	-0.00309286
4041.64	-0.00307029
4039.71	-0.00307305
4037.78	-0.00306595
4035.85	-0.00305177
4033.93	-0.00296282
4032	-0.00302775
4030.07	-0.00298474
4028.14	-0.00287998
4026.21	-0.0029489
4024.29	-0.00295009
4022.36	-0.00293054
4020.43	-0.0030771
4018.5	-0.00313237
4016.57	-0.00295947
4014.65	-0.00293149
4012.72	-0.00305193
4010.79	-0.00300442
4008.86	-0.0030288
4006.93	-0.00304703
4005.01	-0.00303403
4003.08	-0.00304936
4001.15	-0.00312908
3999.22	-0.00310707
3997.29	-0.00305084
3995.37	-0.00300814
3993.44	-0.00295196
3991.51	-0.00291418
3989.58	-0.00290095
3987.65	-0.00292086
3985.73	-0.00290595
3983.8	-0.00293363
3981.87	-0.00289535
3979.94	-0.00291119
3978.01	-0.00292544
3976.09	-0.00283008
3974.16	-0.00279831
3972.23	-0.00289983
3970.3	-0.002967
3968.37	-0.00293011
3966.45	-0.00285908
3964.52	-0.00285474
3962.59	-0.00292481
3960.66	-0.00291181
3958.73	-0.00289855
3956.81	-0.00285365
3954.88	-0.0029335
3952.95	-0.00291737
3951.02	-0.00285464
3949.09	-0.00284124
3947.17	-0.0028263
3945.24	-0.00279538
3943.31	-0.00282923
3941.38	-0.0029332
3939.45	-0.00288851
3937.53	-0.00278208
3935.6	-0.00271222
3933.67	-0.00274646
3931.74	-0.00287268
3929.81	-0.00286626
3927.88	-0.00276183
3925.96	-0.00275456
3924.03	-0.00281918
3922.1	-0.0028659
3920.17	-0.00287778
3918.24	-0.00294564
3916.32	-0.00288262
3914.39	-0.00285721
3912.46	-0.00286392
3910.53	-0.00290269
3908.6	-0.00289084
3906.68	-0.00291402
3904.75	-0.00285329
3902.82	-0.00280272
3900.89	-0.00284269
3898.96	-0.00288472
3897.04	-0.00291586
3895.11	-0.00291388
3893.18	-0.00289196
3891.25	-0.00286181
3889.32	-0.00292919
3887.4	-0.0029206
3885.47	-0.00283683
3883.54	-0.00288285
3881.61	-0.00295891
3879.68	-0.00295851
3877.76	-0.00292843
3875.83	-0.0029101
3873.9	-0.0027837
3871.97	-0.00274043
3870.04	-0.00282149
3868.12	-0.00282113
3866.19	-0.0028364
3864.26	-0.00282725
3862.33	-0.00276411
3860.4	-0.00277418
3858.48	-0.00287817
3856.55	-0.00286461
3854.62	-0.00278379
3852.69	-0.00277356
3850.76	-0.00272891
3848.84	-0.00268373
3846.91	-0.00267379
3844.98	-0.00278343
3843.05	-0.00285256
3841.12	-0.00285273
3839.2	-0.00286425
3837.27	-0.00284618
3835.34	-0.00286353
3833.41	-0.00283209
3831.48	-0.00278096
3829.56	-0.00275565
3827.63	-0.00274284
3825.7	-0.0028182
3823.77	-0.0027967
3821.84	-0.00273095
3819.92	-0.00265788
3817.99	-0.00267389
3816.06	-0.00275528
3814.13	-0.0027911
3812.2	-0.0027857
3810.27	-0.00279891
3808.35	-0.00266957
3806.42	-0.00251091
3804.49	-0.00244651
3802.56	-0.00247441
3800.64	-0.00256866
3798.71	-0.00258457
3796.78	-0.00254514
3794.85	-0.00248235
3792.92	-0.00241336
3790.99	-0.00245758
3789.07	-0.00247263
3787.14	-0.00244476
3785.21	-0.00250897
3783.28	-0.00256846
3781.35	-0.00248018
3779.43	-0.0023547
3777.5	-0.00227191
3775.57	-0.00223536
3773.64	-0.0022317
3771.71	-0.00217483
3769.79	-0.00213016
3767.86	-0.0021114
3765.93	-0.00212274
3764	-0.00217951
3762.07	-0.00211285
3760.15	-0.00198664
3758.22	-0.00194138
3756.29	-0.00204152
3754.36	-0.0020185
3752.43	-0.00197025
3750.51	-0.00201147
3748.58	-0.00202318
3746.65	-0.00196273
3744.72	-0.00186402
3742.79	-0.00173811
3740.87	-0.00157994
3738.94	-0.00147362
3737.01	-0.00149891
3735.08	-0.00152404
3733.15	-0.00146295
3731.23	-0.00130323
3729.3	-0.00118914
3727.37	-0.00111502
3725.44	-0.00115193
3723.51	-0.00108653
3721.59	-0.00098753
3719.66	-0.000984984
3717.73	-0.000893401
3715.8	-0.000725956
3713.87	-0.000698169
3711.95	-0.000641564
3710.02	-0.000538459
3708.09	-0.000435494
3706.16	-0.000407424
3704.23	-0.000294495
3702.31	-5.76825e-05
3700.38	0.000221856
3698.45	0.000439115
3696.52	0.000616897
3694.59	0.000653497
3692.67	0.000803979
3690.74	0.00100901
3688.81	0.00115825
3686.88	0.00132536
3684.95	0.00137515
3683.02	0.00144835
3681.1	0.00155358
3679.17	0.00180268
3677.24	0.00205569
3675.31	0.00212121
3673.38	0.00234489
3671.46	0.00258028
3669.53	0.00277718
3667.6	0.00299769
3665.67	0.00320145
3663.74	0.00345818
3661.82	0.00375948
3659.89	0.00407409
3657.96	0.00433314
3656.03	0.0046035
3654.1	0.00487591
3652.18	0.00514704
3650.25	0.00548554
3648.32	0.00585931
3646.39	0.00631848
3644.46	0.00664653
3642.54	0.00696476
3640.61	0.0073735
3638.68	0.00778833
3636.75	0.00816722
3634.82	0.00868315
3632.9	0.00921842
3630.97	0.00970535
3629.04	0.0102127
3627.11	0.010685
3625.18	0.0111677
3623.26	0.0116794
3621.33	0.0123158
3619.4	0.0129729
3617.47	0.0136069
3615.54	0.0143326
3613.62	0.0151422
3611.69	0.0158336
3609.76	0.0166157
3607.83	0.0174089
3605.9	0.0180927
3603.98	0.0189133
3602.05	0.0198724
3600.12	0.0209281
3598.19	0.0220431
3596.26	0.0232069
3594.34	0.0241804
3592.41	0.0252522
3590.48	0.0265413
3588.55	0.0279363
3586.62	0.0293266
3584.7	0.0307373
3582.77	0.0321677
3580.84	0.033673
3578.91	0.035174
3576.98	0.0368049
3575.05	0.0386704
3573.13	0.0404786
3571.2	0.0424161
3569.27	0.0443442
3567.34	0.0461784
3565.42	0.0482601
3563.49	0.0506092
3561.56	0.0530945
3559.63	0.0554266
3557.7	0.0578217
3555.77	0.0603209
3553.85	0.0629788
3551.92	0.0660173
3549.99	0.0690213
3548.06	0.0720161
3546.13	0.0752291
3544.21	0.0784639
3542.28	0.0816306
3540.35	0.0851319
3538.42	0.0890042
3536.49	0.0929083
3534.57	0.0969016
3532.64	0.101159
3530.71	0.105618
3528.78	0.110336
3526.85	0.115117
3524.93	0.119945
3523	0.125023
3521.07	0.13026
3519.14	0.135713
3517.21	0.141528
3515.29	0.147679
3513.36	0.154179
3511.43	0.160921
3509.5	0.167951
3507.57	0.175168
3505.65	0.182619
3503.72	0.190474
3501.79	0.198617
3499.86	0.207117
3497.93	0.216056
3496.01	0.22511
3494.08	0.234404
3492.15	0.24407
3490.22	0.253985
3488.29	0.264341
3486.37	0.274996
3484.44	0.285774
3482.51	0.296726
3480.58	0.307861
3478.65	0.319111
3476.73	0.330561
3474.8	0.342175
3472.87	0.353683
3470.94	0.365319
3469.01	0.376797
3467.09	0.387878
3465.16	0.398841
3463.23	0.409891
3461.3	0.420305
3459.37	0.430019
3457.44	0.439577
3455.52	0.448314
3453.59	0.456112
3451.66	0.463423
3449.73	0.469658
3447.81	0.4747
3445.88	0.478624
3443.95	0.481795
3442.02	0.484211
3440.09	0.485265
3438.16	0.485697
3436.24	0.485028
3434.31	0.483385
3432.38	0.481625
3430.45	0.479432
3428.52	0.476677
3426.6	0.472946
3424.67	0.468672
3422.74	0.464704
3420.81	0.460648
3418.88	0.456207
3416.96	0.452175
3415.03	0.448192
3413.1	0.444241
3411.17	0.440521
3409.24	0.43683
3407.32	0.433321
3405.39	0.430097
3403.46	0.426919
3401.53	0.423818
3399.6	0.420906
3397.68	0.418124
3395.75	0.415238
3393.82	0.41272
3391.89	0.410857
3389.96	0.40865
3388.04	0.406366
3386.11	0.404292
3384.18	0.402443
3382.25	0.400803
3380.32	0.399278
3378.4	0.397709
3376.47	0.396049
3374.54	0.394681
3372.61	0.393842
3370.68	0.392745
3368.76	0.391593
3366.83	0.390568
3364.9	0.389333
3362.97	0.388461
3361.04	0.387628
3359.12	0.386628
3357.19	0.385625
3355.26	0.384878
3353.33	0.384282
3351.4	0.383597
3349.48	0.38304
3347.55	0.382676
3345.62	0.381865
3343.69	0.381082
3341.76	0.38061
3339.83	0.38
3337.91	0.379296
3335.98	0.378495
3334.05	0.377678
3332.12	0.376797
3330.19	0.375955
3328.27	0.37493
3326.34	0.373842
3324.41	0.372608
3322.48	0.371204
3320.55	0.37004
3318.63	0.368899
3316.7	0.367496
3314.77	0.366021
3312.84	0.364351
3310.91	0.362664
3308.99	0.361097
3307.06	0.359333
3305.13	0.357728
3303.2	0.356385
3301.27	0.354668
3299.35	0.35296
3297.42	0.351315
3295.49	0.349764
3293.56	0.348448
3291.63	0.347154
3289.71	0.345875
3287.78	0.344245
3285.85	0.342721
3283.92	0.341602
3281.99	0.340491
3280.07	0.339092
3278.14	0.337844
3276.21	0.337083
3274.28	0.336123
3272.35	0.334969
3270.43	0.334029
3268.5	0.333164
3266.57	0.332164
3264.64	0.331293
3262.71	0.330622
3260.79	0.329977
3258.86	0.329306
3256.93	0.328969
3255	0.328814
3253.07	0.328867
3251.15	0.328702
3249.22	0.328983
3247.29	0.329868
3245.36	0.3305
3243.43	0.331556
3241.51	0.333432
3239.58	0.33591
3237.65	0.338903
3235.72	0.342292
3233.79	0.346353
3231.87	0.350916
3229.94	0.356312
3228.01	0.362501
3226.08	0.36951
3224.15	0.377137
3222.22	0.385568
3220.3	0.394092
3218.37	0.402888
3216.44	0.411694
3214.51	0.420524
3212.58	0.428676
3210.66	0.436035
3208.73	0.442964
3206.8	0.449273
3204.87	0.454936
3202.94	0.459798
3201.02	0.4641
3199.09	0.467641
3197.16	0.470485
3195.23	0.472919
3193.3	0.475355
3191.38	0.477634
3189.45	0.479494
3187.52	0.480361
3185.59	0.481219
3183.66	0.482333
3181.74	0.483024
3179.81	0.483571
3177.88	0.484284
3175.95	0.484683
3174.02	0.484869
3172.1	0.484999
3170.17	0.485533
3168.24	0.486622
3166.31	0.487069
3164.38	0.487369
3162.46	0.488078
3160.53	0.488911
3158.6	0.489749
3156.67	0.490841
3154.74	0.492109
3152.82	0.493164
3150.89	0.494721
3148.96	0.496773
3147.03	0.498425
3145.1	0.500493
3143.18	0.50302
3141.25	0.505198
3139.32	0.507029
3137.39	0.508906
3135.46	0.51145
3133.54	0.51378
3131.61	0.515638
3129.68	0.517315
3127.75	0.518935
3125.82	0.520452
3123.9	0.521588
3121.97	0.521641
3120.04	0.520713
3118.11	0.519797
3116.18	0.518467
3114.26	0.515921
3112.33	0.512355
3110.4	0.507873
3108.47	0.502907
3106.54	0.497033
3104.61	0.489723
3102.69	0.481238
3100.76	0.472682
3098.83	0.463194
3096.9	0.452848
3094.98	0.442454
3093.05	0.431675
3091.12	0.420651
3089.19	0.409358
3087.26	0.3978
3085.33	0.38632
3083.41	0.375191
3081.48	0.364264
3079.55	0.353812
3077.62	0.343682
3075.69	0.333284
3073.77	0.323058
3071.84	0.313165
3069.91	0.303338
3067.98	0.293561
3066.05	0.284105
3064.13	0.274526
3062.2	0.26496
3060.27	0.255626
3058.34	0.246453
3056.41	0.237418
3054.49	0.228373
3052.56	0.219094
3050.63	0.210033
3048.7	0.201583
3046.77	0.193375
3044.85	0.185121
3042.92	0.177219
3040.99	0.169658
3039.06	0.162184
3037.13	0.15506
3035.21	0.148181
3033.28	0.141609
3031.35	0.135538
3029.42	0.129759
3027.49	0.124331
3025.57	0.119115
3023.64	0.113985
3021.71	0.109186
3019.78	0.104855
3017.85	0.100725
3015.93	0.0965759
3014	0.0927877
3012.07	0.0893527
3010.14	0.0859404
3008.21	0.0828164
3006.29	0.0798932
3004.36	0.0771143
3002.43	0.0745675
3000.5	0.0720996
2998.57	0.0697812
2996.65	0.0676753
2994.72	0.0656313
2992.79	0.0635714
2990.86	0.061659
2988.93	0.0598389
2987	0.0580271
2985.08	0.0563616
2983.15	0.054957
2981.22	0.0535676
2979.29	0.0522479
2977.36	0.0510139
2975.44	0.0496601
2973.51	0.0484196
2971.58	0.0475284
2969.65	0.0464334
2967.72	0.0452384
2965.8	0.0442748
2963.87	0.0433309
2961.94	0.0424648
2960.01	0.0417525
2958.08	0.0408969
2956.16	0.0399056
2954.23	0.0391292
2952.3	0.0383492
2950.37	0.0376343
2948.44	0.037051
2946.52	0.036251
2944.59	0.0355841
2942.66	0.0352112
2940.73	0.0345738
2938.8	0.0339346
2936.88	0.0333942
2934.95	0.0329513
2933.02	0.0323608
2931.09	0.0317284
2929.16	0.0314384
2927.24	0.0310318
2925.31	0.0305517
2923.38	0.0300367
2921.45	0.0296101
2919.52	0.0293155
2917.6	0.0290272
2915.67	0.0287433
2913.74	0.0284354
2911.81	0.0281592
2909.88	0.0278832
2907.96	0.0276048
2906.03	0.0273278
2904.1	0.0267366
2902.17	0.0262001
2900.24	0.026038
2898.32	0.0258879
2896.39	0.0255061
2894.46	0.0251915
2892.53	0.02496
2890.6	0.0246745
2888.68	0.0243431
2886.75	0.0239368
2884.82	0.0236882
2882.89	0.023522
2880.96	0.0233271
2879.04	0.0230197
2877.11	0.0227106
2875.18	0.0224033
2873.25	0.0222101
2871.32	0.0219717
2869.39	0.0216382
2867.47	0.0214468
2865.54	0.021277
2863.61	0.0210683
2861.68	0.020822
2859.75	0.0207289
2857.83	0.0206061
2855.9	0.0203379
2853.97	0.0199958
2852.04	0.0197232
2850.11	0.0194043
2848.19	0.0193156
2846.26	0.0192534
2844.33	0.0188773
2842.4	0.0185153
2840.47	0.0185134
2838.55	0.0185305
2836.62	0.0182239
2834.69	0.0178251
2832.76	0.0176304
2830.83	0.017515
2828.91	0.0174088
2826.98	0.0173332
2825.05	0.017043
2823.12	0.0167893
2821.19	0.016725
2819.27	0.0165313
2817.34	0.0163562
2815.41	0.0162667
2813.48	0.015994
2811.55	0.0157938
2809.63	0.0156134
2807.7	0.0154204
2805.77	0.0151034
2803.84	0.0146903
2801.91	0.0145897
2799.99	0.0144622
2798.06	0.0143003
2796.13	0.0142213
2794.2	0.0140006
2792.27	0.0137467
2790.35	0.0135219
2788.42	0.013264
2786.49	0.013122
2784.56	0.0131961
2782.63	0.0132103
2780.71	0.0128795
2778.78	0.0126056
2776.85	0.012511
2774.92	0.0123392
2772.99	0.012176
2771.06	0.012025
2769.14	0.0118365
2767.21	0.011627
2765.28	0.0115477
2763.35	0.0115517
2761.43	0.0113037
2759.5	0.0111959
2757.57	0.0109273
2755.64	0.0104948
2753.71	0.0104567
2751.78	0.0103822
2749.86	0.0103012
2747.93	0.0102225
2746	0.0100885
2744.07	0.00991466
2742.15	0.00980867
2740.22	0.0097616
2738.29	0.00962044
2736.36	0.00953756
2734.43	0.00957973
2732.5	0.00945408
2730.58	0.00944683
2728.65	0.00957661
2726.72	0.00916593
2724.79	0.00886958
2722.86	0.00897467
2720.94	0.00889677
2719.01	0.00869607
2717.08	0.00864874
2715.15	0.00869444
2713.22	0.00893222
2711.3	0.00896885
2709.37	0.00870239
2707.44	0.00843109
2705.51	0.00835792
2703.58	0.00845011
2701.66	0.00853083
2699.73	0.00839346
2697.8	0.00833897
2695.87	0.00828277
2693.94	0.0081524
2692.02	0.00813204
2690.09	0.00807293
2688.16	0.00816374
2686.23	0.00832776
2684.3	0.00825889
2682.38	0.00808079
2680.45	0.00791086
2678.52	0.00792392
2676.59	0.00804306
2674.66	0.00801086
2672.74	0.00801254
2670.81	0.00824022
2668.88	0.00834816
2666.95	0.00830702
2665.02	0.00837819
2663.1	0.00818835
2661.17	0.00810955
2659.24	0.00840014
2657.31	0.00860274
2655.38	0.00872203
2653.46	0.00847268
2651.53	0.00840085
2649.6	0.00871659
2647.67	0.00883888
2645.74	0.00879337
2643.81	0.00872808
2641.89	0.00864077
2639.96	0.0086672
2638.03	0.00888037
2636.1	0.00921652
2634.17	0.00929681
2632.25	0.00895316
2630.32	0.00888169
2628.39	0.00908922
2626.46	0.00893807
2624.53	0.00884405
2622.61	0.00904114
2620.68	0.00917994
2618.75	0.00926167
2616.82	0.00929881
2614.89	0.0092435
2612.97	0.00941134
2611.04	0.00940948
2609.11	0.00933933
2607.18	0.00945875
2605.25	0.00953939
2603.33	0.00942424
2601.4	0.00950809
2599.47	0.00996147
2597.54	0.0101331
2595.61	0.0099629
2593.69	0.00989011
2591.76	0.00992283
2589.83	0.00995188
2587.9	0.0101302
2585.97	0.0102231
2584.05	0.0104823
2582.12	0.0106935
2580.19	0.0106701
2578.26	0.0105697
2576.33	0.0104807
2574.41	0.0107336
2572.48	0.0109264
2570.55	0.0109744
2568.62	0.0108883
2566.69	0.0108985
2564.77	0.0112285
2562.84	0.0112953
2560.91	0.0115054
2558.98	0.0114972
2557.05	0.0114336
2555.13	0.011827
2553.2	0.0120112
2551.27	0.0119164
2549.34	0.0116662
2547.41	0.0115625
2545.49	0.0117861
2543.56	0.0119303
2541.63	0.0119116
2539.7	0.0119377
2537.77	0.0122367
2535.85	0.0124458
2533.92	0.0122784
2531.99	0.0124477
2530.06	0.0127296
2528.13	0.0127838
2526.21	0.0130837
2524.28	0.0134124
2522.35	0.0132669
2520.42	0.0132031
2518.49	0.0134184
2516.56	0.0136276
2514.64	0.0135422
2512.71	0.0137043
2510.78	0.0139606
2508.85	0.0137557
2506.92	0.0140363
2505	0.0142988
2503.07	0.0139593
2501.14	0.0139058
2499.21	0.0141898
2497.28	0.0146906
2495.36	0.0147734
2493.43	0.0147692
2491.5	0.0149807
2489.57	0.0150335
2487.64	0.0150162
2485.72	0.0152483
2483.79	0.0154098
2481.86	0.0151447
2479.93	0.0154687
2478	0.0156145
2476.08	0.0156236
2474.15	0.0154935
2472.22	0.0155797
2470.29	0.0156513
2468.36	0.0157018
2466.44	0.0158973
2464.51	0.0161387
2462.58	0.0163128
2460.65	0.0162801
2458.72	0.0163344
2456.8	0.0165126
2454.87	0.0165756
2452.94	0.0168605
2451.01	0.0168937
2449.08	0.0166583
2447.16	0.0167202
2445.23	0.0170992
2443.3	0.0172535
2441.37	0.0172684
2439.44	0.0174965
2437.52	0.0175529
2435.59	0.017577
2433.66	0.0177836
2431.73	0.0175657
2429.8	0.0176106
2427.88	0.0181498
2425.95	0.0183926
2424.02	0.0184797
2422.09	0.0189559
2420.16	0.0194002
2418.24	0.0192628
2416.31	0.0191015
2414.38	0.0191644
2412.45	0.0189615
2410.52	0.0189055
2408.6	0.0191255
2406.67	0.019562
2404.74	0.0199216
2402.81	0.0198257
2400.88	0.01954
2398.95	0.0196399
2397.03	0.0199762
2395.1	0.0200428
2393.17	0.020019
2391.24	0.0202876
2389.31	0.0205062
2387.39	0.0206412
2385.46	0.0204161
2383.53	0.0204557
2381.6	0.0208612
2379.67	0.0213149
2377.75	0.0215353
2375.82	0.0215193
2373.89	0.0215004
2371.96	0.0216585
2370.03	0.0218624
2368.11	0.0221619
2366.18	0.0228329
2364.25	0.0228588
2362.32	0.0224729
2360.39	0.0230963
2358.47	0.0237535
2356.54	0.0235098
2354.61	0.0236326
2352.68	0.0239002
2350.75	0.0239459
2348.83	0.0240507
2346.9	0.0243672
2344.97	0.0247863
2343.04	0.0250862
2341.11	0.0252671
2339.19	0.0256859
2337.26	0.0255913
2335.33	0.0257858
2333.4	0.0259345
2331.47	0.0261053
2329.55	0.026379
2327.62	0.0266761
2325.69	0.0266364
2323.76	0.0263994
2321.83	0.0263094
2319.91	0.0265327
2317.98	0.027243
2316.05	0.0278289
2314.12	0.0284193
2312.19	0.0286581
2310.27	0.0280287
2308.34	0.0277591
2306.41	0.0281606
2304.48	0.0283002
2302.55	0.028321
2300.63	0.0283103
2298.7	0.0288583
2296.77	0.0293507
2294.84	0.0290228
2292.91	0.0288696
2290.98	0.029322
2289.06	0.0299172
2287.13	0.0301379
2285.2	0.0302233
2283.27	0.030322
2281.35	0.0307022
2279.42	0.0304783
2277.49	0.0302651
2275.56	0.0308879
2273.63	0.0309616
2271.7	0.0309846
2269.78	0.0314131
2267.85	0.0322554
2265.92	0.0322491
2263.99	0.0317061
2262.06	0.0317039
2260.14	0.0312959
2258.21	0.0310056
2256.28	0.0312308
2254.35	0.0315457
2252.42	0.0314029
2250.5	0.0310863
2248.57	0.0311708
2246.64	0.0315652
2244.71	0.0321324
2242.78	0.0319769
2240.86	0.0315019
2238.93	0.0312719
2237	0.030744
2235.07	0.0307725
2233.14	0.0310518
2231.22	0.0304854
2229.29	0.0296416
2227.36	0.0295155
2225.43	0.029736
2223.5	0.0296551
2221.58	0.0292553
2219.65	0.0292711
2217.72	0.0291335
2215.79	0.0294633
2213.86	0.029767
2211.94	0.0292756
2210.01	0.0288829
2208.08	0.0283956
2206.15	0.0281783
2204.22	0.0284059
2202.3	0.0277467
2200.37	0.0275215
2198.44	0.027502
2196.51	0.0276041
2194.58	0.0271414
2192.66	0.0260791
2190.73	0.0251962
2188.8	0.0249838
2186.87	0.025246
2184.94	0.0249124
2183.02	0.0243443
2181.09	0.0241148
2179.16	0.0244837
2177.23	0.0250513
2175.3	0.0242289
2173.38	0.0233418
2171.45	0.0227818
2169.52	0.022594
2167.59	0.0221802
2165.66	0.0219962
2163.73	0.0220109
2161.81	0.0220625
2159.88	0.0214022
2157.95	0.0213371
2156.02	0.0215077
2154.09	0.0213964
2152.17	0.0198145
2150.24	0.0192391
2148.31	0.0192328
2146.38	0.0189529
2144.45	0.0192764
2142.53	0.0192049
2140.6	0.0186506
2138.67	0.018528
2136.74	0.0186939
2134.81	0.0178323
2132.89	0.0174069
2130.96	0.0181605
2129.03	0.0178243
2127.1	0.0171131
2125.17	0.0166083
2123.25	0.0157623
2121.32	0.0159432
2119.39	0.0151574
2117.46	0.0148684
2115.53	0.0146836
2113.61	0.0136722
2111.68	0.0136331
2109.75	0.0149138
2107.82	0.0152713
2105.89	0.0134706
2103.97	0.0124306
2102.04	0.0122574
2100.11	0.0124042
2098.18	0.0124629
2096.25	0.0125672
2094.33	0.0129911
2092.4	0.0123803
2090.47	0.0114872
2088.54	0.0114244
2086.61	0.0107038
2084.69	0.0102402
2082.76	0.0105536
2080.83	0.0105969
2078.9	0.0119979
2076.97	0.0109806
2075.05	0.00920126
2073.12	0.00859761
2071.19	0.0087672
2069.26	0.0088937
2067.33	0.00835187
2065.41	0.00841241
2063.48	0.00912728
2061.55	0.00864259
2059.62	0.00638579
2057.69	0.00641831
2055.77	0.00789986
2053.84	0.00924414
2051.91	0.00837842
2049.98	0.00846329
2048.05	0.0098371
2046.12	0.00799361
2044.2	0.0050237
2042.27	0.00696129
2040.34	0.00966073
2038.41	0.00800546
2036.48	0.00736972
2034.56	0.00810648
2032.63	0.00567588
2030.7	0.00524884
2028.77	0.00784132
2026.84	0.00867906
2024.92	0.00687221
2022.99	0.00707167
2021.06	0.00781636
2019.13	0.00656737
2017.2	0.00578889
2015.28	0.00802358
2013.35	0.00770542
2011.42	0.00642513
2009.49	0.00559216
2007.56	0.00529288
2005.64	0.00708639
2003.71	0.00734846
2001.78	0.0043471
