mAHt0008.spa, Thu Nov 09 18:32:48 2006 (GMT-10:00)
7999.41	-0.0360529
7997.48	-0.0375917
7995.55	-0.0365303
7993.62	-0.0387184
7991.7	-0.0425848
7989.77	-0.0400207
7987.84	-0.0357857
7985.91	-0.0378803
7983.98	-0.0377752
7982.06	-0.0377455
7980.13	-0.0407357
7978.2	-0.0425883
7976.27	-0.0445965
7974.34	-0.0428524
7972.42	-0.0401952
7970.49	-0.0413667
7968.56	-0.043828
7966.63	-0.043837
7964.7	-0.041382
7962.78	-0.0396145
7960.85	-0.0405919
7958.92	-0.038703
7956.99	-0.0363104
7955.06	-0.0380316
7953.14	-0.0392704
7951.21	-0.0383825
7949.28	-0.0348754
7947.35	-0.032586
7945.42	-0.0345605
7943.5	-0.0383077
7941.57	-0.040139
7939.64	-0.0369311
7937.71	-0.0370993
7935.78	-0.0378539
7933.86	-0.0365978
7931.93	-0.0366893
7930	-0.0393598
7928.07	-0.0412859
7926.14	-0.0421034
7924.22	-0.0427548
7922.29	-0.042002
7920.36	-0.0401036
7918.43	-0.037676
7916.5	-0.0375088
7914.58	-0.0377699
7912.65	-0.0396693
7910.72	-0.0396183
7908.79	-0.0395958
7906.86	-0.0393331
7904.94	-0.0400725
7903.01	-0.0415029
7901.08	-0.0400902
7899.15	-0.03557
7897.22	-0.0346596
7895.3	-0.038789
7893.37	-0.0410637
7891.44	-0.0407141
7889.51	-0.0402616
7887.58	-0.0382873
7885.66	-0.0382947
7883.73	-0.0411841
7881.8	-0.0399731
7879.87	-0.0411298
7877.94	-0.0424923
7876.02	-0.0407531
7874.09	-0.0388389
7872.16	-0.0380334
7870.23	-0.0394771
7868.3	-0.0375197
7866.38	-0.035372
7864.45	-0.0370357
7862.52	-0.0393226
7860.59	-0.0413314
7858.66	-0.0410542
7856.74	-0.040644
7854.81	-0.0413896
7852.88	-0.0407952
7850.95	-0.0388195
7849.02	-0.0393336
7847.1	-0.0400212
7845.17	-0.0381948
7843.24	-0.0388618
7841.31	-0.0403955
7839.38	-0.0376396
7837.46	-0.0367607
7835.53	-0.0392231
7833.6	-0.041767
7831.67	-0.041731
7829.74	-0.0396397
7827.82	-0.0377921
7825.89	-0.0364421
7823.96	-0.0381633
7822.03	-0.0400955
7820.1	-0.0413931
7818.18	-0.040928
7816.25	-0.038274
7814.32	-0.0397269
7812.39	-0.0401061
7810.46	-0.036647
7808.54	-0.0372221
7806.61	-0.0399438
7804.68	-0.0396078
7802.75	-0.0369241
7800.82	-0.0397718
7798.9	-0.0442074
7796.97	-0.0426073
7795.04	-0.0397475
7793.11	-0.037784
7791.18	-0.0361601
7789.26	-0.0347065
7787.33	-0.0342663
7785.4	-0.0353571
7783.47	-0.0388783
7781.54	-0.0386903
7779.62	-0.035469
7777.69	-0.0360373
7775.76	-0.0368621
7773.83	-0.0382058
7771.9	-0.0394809
7769.98	-0.0394922
7768.05	-0.0394277
7766.12	-0.0387854
7764.19	-0.0389953
7762.26	-0.0387397
7760.34	-0.0395491
7758.41	-0.0388555
7756.48	-0.0400365
7754.55	-0.0422266
7752.62	-0.0417782
7750.7	-0.0413683
7748.77	-0.0416213
7746.84	-0.0413237
7744.91	-0.0411156
7742.98	-0.0404098
7741.06	-0.0402544
7739.13	-0.0374691
7737.2	-0.0376537
7735.27	-0.0394292
7733.34	-0.0371593
7731.42	-0.0382347
7729.49	-0.0402767
7727.56	-0.0406251
7725.63	-0.0408588
7723.7	-0.0409866
7721.78	-0.0404901
7719.85	-0.0400787
7717.92	-0.0387648
7715.99	-0.0378183
7714.06	-0.0389962
7712.14	-0.0388979
7710.21	-0.0376983
7708.28	-0.0365557
7706.35	-0.0378241
7704.42	-0.0399529
7702.5	-0.0381621
7700.57	-0.0378398
7698.64	-0.0416287
7696.71	-0.0420744
7694.78	-0.0413698
7692.86	-0.0406273
7690.93	-0.0392184
7689	-0.0384566
7687.07	-0.0366025
7685.14	-0.0375048
7683.22	-0.0398474
7681.29	-0.0373713
7679.36	-0.0370693
7677.43	-0.0393929
7675.5	-0.0382724
7673.58	-0.0356877
7671.65	-0.0362713
7669.72	-0.0366665
7667.79	-0.0387614
7665.86	-0.0390253
7663.94	-0.0376747
7662.01	-0.0388282
7660.08	-0.0394313
7658.15	-0.0397708
7656.22	-0.0388074
7654.29	-0.0389867
7652.37	-0.0412115
7650.44	-0.0402954
7648.51	-0.0380048
7646.58	-0.0376313
7644.66	-0.0377251
7642.73	-0.0390953
7640.8	-0.0398245
7638.87	-0.0398228
7636.94	-0.0385027
7635.02	-0.0382129
7633.09	-0.0390365
7631.16	-0.038378
7629.23	-0.0390357
7627.3	-0.0410108
7625.38	-0.0401289
7623.45	-0.0371129
7621.52	-0.038523
7619.59	-0.0388912
7617.66	-0.0389955
7615.73	-0.0407195
7613.81	-0.0413177
7611.88	-0.0410699
7609.95	-0.0397442
7608.02	-0.0387486
7606.09	-0.040513
7604.17	-0.0417044
7602.24	-0.0402672
7600.31	-0.0408312
7598.38	-0.040973
7596.46	-0.0412469
7594.53	-0.0419739
7592.6	-0.0399115
7590.67	-0.0402168
7588.74	-0.0402237
7586.81	-0.0387019
7584.89	-0.0374164
7582.96	-0.0381472
7581.03	-0.0388913
7579.1	-0.0391205
7577.17	-0.0384537
7575.25	-0.0379507
7573.32	-0.0387502
7571.39	-0.0380067
7569.46	-0.0361704
7567.53	-0.0384937
7565.61	-0.0384472
7563.68	-0.0384421
7561.75	-0.0400862
7559.82	-0.0377459
7557.89	-0.0374428
7555.97	-0.0382128
7554.04	-0.038383
7552.11	-0.0395189
7550.18	-0.0390349
7548.25	-0.0383124
7546.33	-0.0391589
7544.4	-0.0383686
7542.47	-0.0380563
7540.54	-0.0377054
7538.61	-0.0364415
7536.69	-0.0372641
7534.76	-0.038318
7532.83	-0.0379773
7530.9	-0.0378192
7528.97	-0.0384607
7527.05	-0.0408476
7525.12	-0.04203
7523.19	-0.041054
7521.26	-0.0391052
7519.33	-0.0382955
7517.41	-0.0386807
7515.48	-0.0392354
7513.55	-0.0399306
7511.62	-0.0391391
7509.69	-0.0372207
7507.77	-0.037452
7505.84	-0.0381601
7503.91	-0.0392348
7501.98	-0.0402637
7500.05	-0.0401494
7498.13	-0.0407698
7496.2	-0.0411568
7494.27	-0.0412325
7492.34	-0.0396257
7490.41	-0.036475
7488.49	-0.0347191
7486.56	-0.0368303
7484.63	-0.0383252
7482.7	-0.0377003
7480.77	-0.0375186
7478.85	-0.0378555
7476.92	-0.0374667
7474.99	-0.0377637
7473.06	-0.0373324
7471.13	-0.0379894
7469.21	-0.0381356
7467.28	-0.0387524
7465.35	-0.0384023
7463.42	-0.0388039
7461.49	-0.0391959
7459.57	-0.0382717
7457.64	-0.0381619
7455.71	-0.0379557
7453.78	-0.0367033
7451.85	-0.0358887
7449.93	-0.0380193
7448	-0.039035
7446.07	-0.0379857
7444.14	-0.0382734
7442.21	-0.0379277
7440.29	-0.0364638
7438.36	-0.0363965
7436.43	-0.0369855
7434.5	-0.037753
7432.57	-0.037559
7430.65	-0.0383994
7428.72	-0.0396885
7426.79	-0.0391475
7424.86	-0.040104
7422.93	-0.0404764
7421.01	-0.0389911
7419.08	-0.0389002
7417.15	-0.0386759
7415.22	-0.0393797
7413.29	-0.0410219
7411.37	-0.0390704
7409.44	-0.0381092
7407.51	-0.0373886
7405.58	-0.0355714
7403.65	-0.0371569
7401.73	-0.0373548
7399.8	-0.0359666
7397.87	-0.0360085
7395.94	-0.0369494
7394.01	-0.0377493
7392.09	-0.0386613
7390.16	-0.0400121
7388.23	-0.0397583
7386.3	-0.0399526
7384.37	-0.0405897
7382.45	-0.0399299
7380.52	-0.0385521
7378.59	-0.0368299
7376.66	-0.0367952
7374.73	-0.0378462
7372.81	-0.0387546
7370.88	-0.0389352
7368.95	-0.0382111
7367.02	-0.0385704
7365.09	-0.0377138
7363.17	-0.0368093
7361.24	-0.0382309
7359.31	-0.0386607
7357.38	-0.0370206
7355.45	-0.0357705
7353.53	-0.0359144
7351.6	-0.0376373
7349.67	-0.0384311
7347.74	-0.0390093
7345.81	-0.0395896
7343.89	-0.0387968
7341.96	-0.0386327
7340.03	-0.0387247
7338.1	-0.0382197
7336.17	-0.0371232
7334.25	-0.0362793
7332.32	-0.0366102
7330.39	-0.0369725
7328.46	-0.0379715
7326.53	-0.0391433
7324.61	-0.0401447
7322.68	-0.0387179
7320.75	-0.0365052
7318.82	-0.0358086
7316.89	-0.0355726
7314.97	-0.0368743
7313.04	-0.0367109
7311.11	-0.03526
7309.18	-0.0358967
7307.25	-0.0368775
7305.33	-0.0379386
7303.4	-0.0385857
7301.47	-0.0380935
7299.54	-0.037574
7297.61	-0.038239
7295.69	-0.0382981
7293.76	-0.0384707
7291.83	-0.0386156
7289.9	-0.0375874
7287.97	-0.0374262
7286.05	-0.0376164
7284.12	-0.0383183
7282.19	-0.0385537
7280.26	-0.0375937
7278.33	-0.0385149
7276.41	-0.0382866
7274.48	-0.0364736
7272.55	-0.0361002
7270.62	-0.0360948
7268.69	-0.0362233
7266.77	-0.035357
7264.84	-0.0357277
7262.91	-0.0382695
7260.98	-0.0374174
7259.05	-0.0358922
7257.13	-0.0368294
7255.2	-0.0367132
7253.27	-0.0359563
7251.34	-0.0347759
7249.41	-0.0362158
7247.49	-0.036615
7245.56	-0.0354449
7243.63	-0.0351641
7241.7	-0.036551
7239.77	-0.0373093
7237.85	-0.0376355
7235.92	-0.0356229
7233.99	-0.0343509
7232.06	-0.037364
7230.13	-0.0392709
7228.21	-0.039107
7226.28	-0.0376445
7224.35	-0.0363643
7222.42	-0.0352062
7220.49	-0.0350786
7218.57	-0.0366344
7216.64	-0.0368629
7214.71	-0.0363826
7212.78	-0.0356207
7210.85	-0.0355775
7208.93	-0.0368188
7207	-0.036154
7205.07	-0.036266
7203.14	-0.0359076
7201.21	-0.0352441
7199.29	-0.0353937
7197.36	-0.0354114
7195.43	-0.0350173
7193.5	-0.0341982
7191.57	-0.0342566
7189.65	-0.0350891
7187.72	-0.0353895
7185.79	-0.0351562
7183.86	-0.0351891
7181.93	-0.0352067
7180	-0.0356046
7178.08	-0.036713
7176.15	-0.0354416
7174.22	-0.034799
7172.29	-0.035811
7170.37	-0.0363738
7168.44	-0.0366559
7166.51	-0.0349371
7164.58	-0.0339715
7162.65	-0.0337326
7160.73	-0.0342237
7158.8	-0.0359204
7156.87	-0.037385
7154.94	-0.0371565
7153.01	-0.0368084
7151.08	-0.0360386
7149.16	-0.0356905
7147.23	-0.0352218
7145.3	-0.0352306
7143.37	-0.0354944
7141.44	-0.0357549
7139.52	-0.0356742
7137.59	-0.0349437
7135.66	-0.0345153
7133.73	-0.0349105
7131.8	-0.0356473
7129.88	-0.035438
7127.95	-0.0348688
7126.02	-0.0350801
7124.09	-0.0358835
7122.17	-0.0347561
7120.24	-0.0338745
7118.31	-0.0351174
7116.38	-0.0375495
7114.45	-0.0370471
7112.52	-0.0365831
7110.6	-0.0358184
7108.67	-0.0339048
7106.74	-0.0343131
7104.81	-0.0350521
7102.88	-0.0344878
7100.96	-0.0351654
7099.03	-0.0354369
7097.1	-0.0343591
7095.17	-0.0341719
7093.24	-0.0343173
7091.32	-0.034966
7089.39	-0.0352408
7087.46	-0.0351506
7085.53	-0.0344486
7083.6	-0.0345338
7081.68	-0.0345108
7079.75	-0.0344208
7077.82	-0.0355645
7075.89	-0.0354364
7073.96	-0.0355453
7072.04	-0.0353973
7070.11	-0.0355373
7068.18	-0.0353499
7066.25	-0.033322
7064.32	-0.0337647
7062.4	-0.0351576
7060.47	-0.0342924
7058.54	-0.0340727
7056.61	-0.0342376
7054.68	-0.0347788
7052.76	-0.0343373
7050.83	-0.0338356
7048.9	-0.0346922
7046.97	-0.0346192
7045.04	-0.0340389
7043.12	-0.0337167
7041.19	-0.0333423
7039.26	-0.0332146
7037.33	-0.033937
7035.4	-0.0338583
7033.48	-0.0345153
7031.55	-0.0354154
7029.62	-0.0347866
7027.69	-0.0342394
7025.76	-0.0343903
7023.84	-0.0341816
7021.91	-0.0344119
7019.98	-0.0350488
7018.05	-0.0340213
7016.12	-0.0333347
7014.2	-0.0333074
7012.27	-0.0329221
7010.34	-0.0334869
7008.41	-0.0348725
7006.48	-0.0352637
7004.56	-0.0343756
7002.63	-0.0340021
7000.7	-0.0340732
6998.77	-0.0339155
6996.84	-0.0343199
6994.92	-0.0343232
6992.99	-0.0336128
6991.06	-0.0326069
6989.13	-0.032946
6987.2	-0.0342057
6985.28	-0.033677
6983.35	-0.0329352
6981.42	-0.0333386
6979.49	-0.034557
6977.56	-0.0350256
6975.64	-0.0344906
6973.71	-0.033336
6971.78	-0.033313
6969.85	-0.0336811
6967.92	-0.0336974
6966	-0.0344877
6964.07	-0.033553
6962.14	-0.0326935
6960.21	-0.0332606
6958.28	-0.0329248
6956.36	-0.0329004
6954.43	-0.033258
6952.5	-0.0337156
6950.57	-0.0341186
6948.64	-0.0341904
6946.72	-0.0324298
6944.79	-0.0312683
6942.86	-0.0314963
6940.93	-0.0325338
6939	-0.0334593
6937.08	-0.0338378
6935.15	-0.0336475
6933.22	-0.0345722
6931.29	-0.0350855
6929.36	-0.03424
6927.44	-0.0335067
6925.51	-0.0334246
6923.58	-0.0325186
6921.65	-0.031463
6919.72	-0.0319768
6917.8	-0.0320898
6915.87	-0.0323385
6913.94	-0.0325281
6912.01	-0.0326458
6910.08	-0.032805
6908.16	-0.0323116
6906.23	-0.0315303
6904.3	-0.0319899
6902.37	-0.0327266
6900.44	-0.0323829
6898.52	-0.0313768
6896.59	-0.0315361
6894.66	-0.0329885
6892.73	-0.0332438
6890.8	-0.0323974
6888.88	-0.0311489
6886.95	-0.0309591
6885.02	-0.0321777
6883.09	-0.0333257
6881.16	-0.0330433
6879.24	-0.0320139
6877.31	-0.0321854
6875.38	-0.0326148
6873.45	-0.0330556
6871.52	-0.0326273
6869.6	-0.0319566
6867.67	-0.0321784
6865.74	-0.0320015
6863.81	-0.0318217
6861.88	-0.0326415
6859.96	-0.0328797
6858.03	-0.0322284
6856.1	-0.0316822
6854.17	-0.0321952
6852.24	-0.0326783
6850.32	-0.0325349
6848.39	-0.0319902
6846.46	-0.0318322
6844.53	-0.0311153
6842.6	-0.0321473
6840.68	-0.0327305
6838.75	-0.0320186
6836.82	-0.0321145
6834.89	-0.0323233
6832.96	-0.0322936
6831.04	-0.0311795
6829.11	-0.030779
6827.18	-0.0305587
6825.25	-0.0309475
6823.32	-0.0311868
6821.4	-0.0313231
6819.47	-0.0318632
6817.54	-0.0308952
6815.61	-0.030024
6813.68	-0.0309008
6811.76	-0.0319479
6809.83	-0.0315932
6807.9	-0.0313839
6805.97	-0.0317
6804.04	-0.0321849
6802.12	-0.0322234
6800.19	-0.0317151
6798.26	-0.0313486
6796.33	-0.0315551
6794.4	-0.03155
6792.48	-0.031891
6790.55	-0.0323342
6788.62	-0.0321709
6786.69	-0.0323518
6784.76	-0.0311399
6782.84	-0.0307131
6780.91	-0.0305482
6778.98	-0.0293843
6777.05	-0.0296063
6775.12	-0.0309197
6773.2	-0.0307013
6771.27	-0.0302233
6769.34	-0.0304841
6767.41	-0.0306008
6765.48	-0.0305609
6763.56	-0.0288826
6761.63	-0.0279572
6759.7	-0.0294983
6757.77	-0.0302121
6755.84	-0.0295065
6753.92	-0.0294183
6751.99	-0.0293602
6750.06	-0.0288158
6748.13	-0.0291573
6746.2	-0.0295193
6744.28	-0.0296448
6742.35	-0.0296226
6740.42	-0.0290643
6738.49	-0.0279866
6736.56	-0.0283593
6734.64	-0.0291204
6732.71	-0.0287615
6730.78	-0.0279095
6728.85	-0.0284693
6726.92	-0.0289137
6725	-0.0284196
6723.07	-0.0286367
6721.14	-0.0287375
6719.21	-0.0283094
6717.28	-0.0282809
6715.35	-0.0283688
6713.43	-0.0297879
6711.5	-0.0294764
6709.57	-0.0289256
6707.64	-0.0288771
6705.71	-0.0285037
6703.79	-0.0284531
6701.86	-0.0290985
6699.93	-0.0294392
6698	-0.0291753
6696.08	-0.0284702
6694.15	-0.0282133
6692.22	-0.0283108
6690.29	-0.0289221
6688.36	-0.0290751
6686.44	-0.0282391
6684.51	-0.0284519
6682.58	-0.0296687
6680.65	-0.0298898
6678.72	-0.0292346
6676.79	-0.0287002
6674.87	-0.0285081
6672.94	-0.0284514
6671.01	-0.0286173
6669.08	-0.0283534
6667.15	-0.0280093
6665.23	-0.0277753
6663.3	-0.0273021
6661.37	-0.02776
6659.44	-0.0290727
6657.51	-0.0292008
6655.59	-0.0284635
6653.66	-0.0280607
6651.73	-0.0282003
6649.8	-0.0290414
6647.88	-0.0286829
6645.95	-0.027859
6644.02	-0.0283988
6642.09	-0.0281942
6640.16	-0.0279384
6638.23	-0.028349
6636.31	-0.0287145
6634.38	-0.0285861
6632.45	-0.0274639
6630.52	-0.0272086
6628.59	-0.0278452
6626.67	-0.0278414
6624.74	-0.0272049
6622.81	-0.0274124
6620.88	-0.0277506
6618.95	-0.0275338
6617.03	-0.0274613
6615.1	-0.0282828
6613.17	-0.0285887
6611.24	-0.0277847
6609.31	-0.0271663
6607.39	-0.0270368
6605.46	-0.0268115
6603.53	-0.0274063
6601.6	-0.0279115
6599.67	-0.0278843
6597.75	-0.0272048
6595.82	-0.0267085
6593.89	-0.026368
6591.96	-0.0270162
6590.03	-0.0272452
6588.11	-0.0265621
6586.18	-0.0268146
6584.25	-0.0273356
6582.32	-0.027224
6580.39	-0.0271132
6578.47	-0.0269525
6576.54	-0.0279284
6574.61	-0.0273495
6572.68	-0.0260848
6570.75	-0.0256713
6568.83	-0.0260191
6566.9	-0.0260935
6564.97	-0.0261436
6563.04	-0.0260031
6561.11	-0.025699
6559.19	-0.0260938
6557.26	-0.0265576
6555.33	-0.0265642
6553.4	-0.0262832
6551.47	-0.0263809
6549.55	-0.0266848
6547.62	-0.0266494
6545.69	-0.026757
6543.76	-0.0264562
6541.83	-0.0256767
6539.91	-0.0256448
6537.98	-0.0263578
6536.05	-0.0269358
6534.12	-0.0261821
6532.19	-0.0250513
6530.27	-0.0251176
6528.34	-0.0257661
6526.41	-0.0256282
6524.48	-0.0262742
6522.55	-0.0272305
6520.63	-0.0265331
6518.7	-0.0260134
6516.77	-0.0261642
6514.84	-0.0253753
6512.91	-0.0252276
6510.99	-0.0256013
6509.06	-0.025116
6507.13	-0.0247545
6505.2	-0.0254757
6503.27	-0.0259676
6501.35	-0.0255926
6499.42	-0.025255
6497.49	-0.0255901
6495.56	-0.0259176
6493.63	-0.0255114
6491.71	-0.0250922
6489.78	-0.025653
6487.85	-0.0260098
6485.92	-0.0252557
6483.99	-0.024992
6482.07	-0.0246098
6480.14	-0.024252
6478.21	-0.0244406
6476.28	-0.0247746
6474.35	-0.0252371
6472.43	-0.0252726
6470.5	-0.0256167
6468.57	-0.0259217
6466.64	-0.0248568
6464.71	-0.0245196
6462.79	-0.0254766
6460.86	-0.0258679
6458.93	-0.0255495
6457	-0.0252694
6455.07	-0.0255529
6453.15	-0.0253702
6451.22	-0.0254688
6449.29	-0.0262193
6447.36	-0.0264585
6445.43	-0.02623
6443.51	-0.0252198
6441.58	-0.0248689
6439.65	-0.0246043
6437.72	-0.0252053
6435.79	-0.025232
6433.87	-0.0248397
6431.94	-0.0254503
6430.01	-0.025854
6428.08	-0.0254931
6426.15	-0.0250276
6424.23	-0.0253359
6422.3	-0.0259325
6420.37	-0.0254007
6418.44	-0.0249618
6416.51	-0.0258605
6414.59	-0.0260829
6412.66	-0.0257272
6410.73	-0.0263356
6408.8	-0.0257948
6406.87	-0.0252059
6404.95	-0.025103
6403.02	-0.024956
6401.09	-0.0246889
6399.16	-0.0252759
6397.23	-0.0254034
6395.31	-0.0248024
6393.38	-0.0247872
6391.45	-0.0248409
6389.52	-0.0251314
6387.59	-0.0247615
6385.67	-0.0243275
6383.74	-0.0252319
6381.81	-0.0261453
6379.88	-0.0256163
6377.95	-0.0255161
6376.03	-0.0253858
6374.1	-0.0243836
6372.17	-0.0244345
6370.24	-0.0252112
6368.31	-0.0252671
6366.39	-0.0251536
6364.46	-0.0248329
6362.53	-0.0243261
6360.6	-0.0250304
6358.67	-0.0260637
6356.75	-0.0255519
6354.82	-0.0248332
6352.89	-0.0246326
6350.96	-0.0248092
6349.03	-0.0245077
6347.11	-0.0248557
6345.18	-0.0253641
6343.25	-0.0245338
6341.32	-0.0235012
6339.39	-0.0234459
6337.47	-0.0245999
6335.54	-0.0250616
6333.61	-0.0243449
6331.68	-0.0242978
6329.75	-0.0248226
6327.83	-0.025033
6325.9	-0.0247718
6323.97	-0.0244065
6322.04	-0.0242408
6320.11	-0.0241089
6318.19	-0.0240591
6316.26	-0.0243645
6314.33	-0.0246287
6312.4	-0.0240998
6310.47	-0.0238338
6308.55	-0.0237394
6306.62	-0.023657
6304.69	-0.0239666
6302.76	-0.0242163
6300.83	-0.0237783
6298.91	-0.0233487
6296.98	-0.0239935
6295.05	-0.024594
6293.12	-0.0238858
6291.19	-0.0236937
6289.27	-0.0237882
6287.34	-0.0237527
6285.41	-0.0234436
6283.48	-0.0234266
6281.55	-0.0233212
6279.62	-0.0235285
6277.7	-0.0242122
6275.77	-0.0245111
6273.84	-0.0241045
6271.91	-0.0236251
6269.99	-0.0234575
6268.06	-0.0232239
6266.13	-0.0235039
6264.2	-0.0241301
6262.27	-0.0239247
6260.34	-0.0237636
6258.42	-0.0236522
6256.49	-0.0231352
6254.56	-0.0232362
6252.63	-0.0231361
6250.71	-0.0229883
6248.78	-0.0231304
6246.85	-0.0231238
6244.92	-0.0231879
6242.99	-0.0231023
6241.06	-0.0228345
6239.14	-0.0226151
6237.21	-0.0228362
6235.28	-0.0233726
6233.35	-0.02359
6231.42	-0.0233204
6229.5	-0.0238112
6227.57	-0.0239822
6225.64	-0.0230247
6223.71	-0.0232774
6221.79	-0.0236186
6219.86	-0.0232315
6217.93	-0.0233733
6216	-0.0234789
6214.07	-0.0230036
6212.15	-0.022416
6210.22	-0.0223847
6208.29	-0.0227741
6206.36	-0.0230802
6204.43	-0.0230372
6202.5	-0.0227677
6200.58	-0.0225201
6198.65	-0.0223506
6196.72	-0.022293
6194.79	-0.0225792
6192.86	-0.022753
6190.94	-0.0225218
6189.01	-0.0220713
6187.08	-0.0219938
6185.15	-0.0221558
6183.22	-0.0222899
6181.3	-0.0227774
6179.37	-0.0229332
6177.44	-0.0223357
6175.51	-0.0219297
6173.58	-0.0219836
6171.66	-0.0225291
6169.73	-0.0227027
6167.8	-0.0222655
6165.87	-0.0224914
6163.94	-0.0226493
6162.02	-0.0224841
6160.09	-0.0224981
6158.16	-0.0225316
6156.23	-0.0222055
6154.3	-0.0222811
6152.38	-0.0226067
6150.45	-0.0224842
6148.52	-0.0220865
6146.59	-0.0215867
6144.66	-0.0213646
6142.74	-0.0209566
6140.81	-0.0210036
6138.88	-0.0213485
6136.95	-0.021388
6135.02	-0.0218737
6133.1	-0.0220438
6131.17	-0.0214139
6129.24	-0.0211454
6127.31	-0.0213918
6125.38	-0.0210205
6123.46	-0.0206972
6121.53	-0.0208958
6119.6	-0.0208999
6117.67	-0.0212651
6115.74	-0.0211734
6113.82	-0.020904
6111.89	-0.020886
6109.96	-0.0207479
6108.03	-0.0209093
6106.1	-0.0209521
6104.18	-0.0206885
6102.25	-0.0209835
6100.32	-0.020939
6098.39	-0.0210071
6096.46	-0.0212178
6094.54	-0.020968
6092.61	-0.0206875
6090.68	-0.0208483
6088.75	-0.0210925
6086.82	-0.0210611
6084.9	-0.0208837
6082.97	-0.0203562
6081.04	-0.0202001
6079.11	-0.0199297
6077.18	-0.0203526
6075.26	-0.0213482
6073.33	-0.0216152
6071.4	-0.0209124
6069.47	-0.0203424
6067.54	-0.0206622
6065.62	-0.0209989
6063.69	-0.0210554
6061.76	-0.0208039
6059.83	-0.0208988
6057.9	-0.0209985
6055.98	-0.0207217
6054.05	-0.0205016
6052.12	-0.0204007
6050.19	-0.0201387
6048.26	-0.0203857
6046.34	-0.0209969
6044.41	-0.0211012
6042.48	-0.0209838
6040.55	-0.0209827
6038.62	-0.0207086
6036.7	-0.0202884
6034.77	-0.0200716
6032.84	-0.0200471
6030.91	-0.0204889
6028.98	-0.0208232
6027.06	-0.02058
6025.13	-0.0205212
6023.2	-0.0202742
6021.27	-0.0199535
6019.34	-0.0198283
6017.42	-0.019781
6015.49	-0.020369
6013.56	-0.0203214
6011.63	-0.0197455
6009.7	-0.0196618
6007.78	-0.0197872
6005.85	-0.020101
6003.92	-0.0202806
6001.99	-0.0205811
6000.06	-0.0205236
5998.14	-0.0203087
5996.21	-0.0200022
5994.28	-0.020147
5992.35	-0.020472
5990.42	-0.0205601
5988.5	-0.0207951
5986.57	-0.02058
5984.64	-0.0202803
5982.71	-0.0205978
5980.78	-0.0201702
5978.86	-0.0197188
5976.93	-0.0201263
5975	-0.0204477
5973.07	-0.0203681
5971.14	-0.0201415
5969.22	-0.020171
5967.29	-0.0201547
5965.36	-0.0196948
5963.43	-0.0197323
5961.5	-0.0202914
5959.58	-0.0201948
5957.65	-0.0196399
5955.72	-0.019431
5953.79	-0.0192706
5951.86	-0.0195822
5949.94	-0.0199056
5948.01	-0.0196685
5946.08	-0.0196568
5944.15	-0.0197852
5942.22	-0.019707
5940.3	-0.0198283
5938.37	-0.0196927
5936.44	-0.019237
5934.51	-0.0190032
5932.58	-0.0188828
5930.66	-0.0188972
5928.73	-0.0189623
5926.8	-0.019223
5924.87	-0.019695
5922.94	-0.0194763
5921.02	-0.0194318
5919.09	-0.019531
5917.16	-0.0193309
5915.23	-0.0190834
5913.3	-0.0192628
5911.38	-0.0192501
5909.45	-0.0188492
5907.52	-0.0191953
5905.59	-0.0192919
5903.66	-0.0186465
5901.74	-0.018737
5899.81	-0.0192092
5897.88	-0.0192741
5895.95	-0.0191688
5894.02	-0.0192605
5892.1	-0.0193451
5890.17	-0.0192215
5888.24	-0.0188129
5886.31	-0.0188687
5884.38	-0.019211
5882.46	-0.0191638
5880.53	-0.0188091
5878.6	-0.0192194
5876.67	-0.0198887
5874.74	-0.0199035
5872.82	-0.0193909
5870.89	-0.0189704
5868.96	-0.0188559
5867.03	-0.0187889
5865.1	-0.0188244
5863.18	-0.0183856
5861.25	-0.0181487
5859.32	-0.0179578
5857.39	-0.017991
5855.46	-0.0184338
5853.54	-0.0185999
5851.61	-0.0187111
5849.68	-0.0187991
5847.75	-0.0189316
5845.82	-0.0191779
5843.9	-0.019175
5841.97	-0.0190137
5840.04	-0.0186562
5838.11	-0.018509
5836.18	-0.0187017
5834.25	-0.0184876
5832.33	-0.0183659
5830.4	-0.0182243
5828.47	-0.0183969
5826.54	-0.0184246
5824.62	-0.0188315
5822.69	-0.0192052
5820.76	-0.0188227
5818.83	-0.0184663
5816.9	-0.0186491
5814.98	-0.0184851
5813.05	-0.0181237
5811.12	-0.0182321
5809.19	-0.0185478
5807.26	-0.0186432
5805.33	-0.0187658
5803.41	-0.0180492
5801.48	-0.0178056
5799.55	-0.0182357
5797.62	-0.018555
5795.7	-0.0181683
5793.77	-0.0181952
5791.84	-0.0181892
5789.91	-0.0183957
5787.98	-0.0184031
5786.06	-0.0182874
5784.13	-0.0181325
5782.2	-0.0179961
5780.27	-0.018179
5778.34	-0.018372
5776.42	-0.0182675
5774.49	-0.0176452
5772.56	-0.01751
5770.63	-0.0176217
5768.7	-0.017668
5766.77	-0.0175109
5764.85	-0.0174486
5762.92	-0.0175535
5760.99	-0.017882
5759.06	-0.0180999
5757.13	-0.0178203
5755.21	-0.0176966
5753.28	-0.0177641
5751.35	-0.0178945
5749.42	-0.0178742
5747.49	-0.018004
5745.57	-0.0179971
5743.64	-0.0180391
5741.71	-0.0180352
5739.78	-0.0176292
5737.85	-0.0175159
5735.93	-0.0179659
5734	-0.0179749
5732.07	-0.017449
5730.14	-0.0171588
5728.21	-0.0172719
5726.29	-0.0175389
5724.36	-0.0179293
5722.43	-0.0177952
5720.5	-0.0177135
5718.57	-0.0179175
5716.65	-0.0175244
5714.72	-0.0171391
5712.79	-0.0170354
5710.86	-0.0172391
5708.93	-0.0176303
5707.01	-0.0178585
5705.08	-0.0177016
5703.15	-0.0174595
5701.22	-0.0175776
5699.29	-0.0175374
5697.37	-0.0175384
5695.44	-0.0174358
5693.51	-0.0174146
5691.58	-0.0174493
5689.65	-0.0173428
5687.73	-0.0170729
5685.8	-0.0169274
5683.87	-0.0169556
5681.94	-0.0173958
5680.01	-0.0176421
5678.09	-0.0175555
5676.16	-0.0175058
5674.23	-0.0175214
5672.3	-0.0173682
5670.37	-0.0169786
5668.45	-0.0168907
5666.52	-0.0169702
5664.59	-0.017116
5662.66	-0.0173793
5660.73	-0.0175778
5658.81	-0.0172426
5656.88	-0.0172416
5654.95	-0.0171407
5653.02	-0.0170088
5651.09	-0.0172702
5649.17	-0.0174774
5647.24	-0.0170854
5645.31	-0.0169095
5643.38	-0.0170832
5641.45	-0.017453
5639.53	-0.0173264
5637.6	-0.0173534
5635.67	-0.0177033
5633.74	-0.0178051
5631.81	-0.0173622
5629.89	-0.0167381
5627.96	-0.016644
5626.03	-0.016867
5624.1	-0.0170372
5622.17	-0.0172338
5620.25	-0.0171125
5618.32	-0.0168872
5616.39	-0.0168198
5614.46	-0.0167272
5612.53	-0.0167009
5610.61	-0.0167977
5608.68	-0.0167969
5606.75	-0.016765
5604.82	-0.0169822
5602.89	-0.0172127
5600.97	-0.0172256
5599.04	-0.0166308
5597.11	-0.0165704
5595.18	-0.0172143
5593.25	-0.0171515
5591.33	-0.0167287
5589.4	-0.0164319
5587.47	-0.0165463
5585.54	-0.0168056
5583.61	-0.0169464
5581.69	-0.017219
5579.76	-0.0172114
5577.83	-0.0165809
5575.9	-0.0164971
5573.97	-0.0166992
5572.05	-0.016839
5570.12	-0.0166277
5568.19	-0.0163898
5566.26	-0.0165865
5564.33	-0.017035
5562.41	-0.0173191
5560.48	-0.0170771
5558.55	-0.0169984
5556.62	-0.0170177
5554.69	-0.0170934
5552.77	-0.016873
5550.84	-0.0161729
5548.91	-0.0161719
5546.98	-0.0164545
5545.05	-0.0165092
5543.13	-0.0167428
5541.2	-0.0166201
5539.27	-0.0163235
5537.34	-0.0163459
5535.41	-0.0162971
5533.49	-0.0161723
5531.56	-0.0163788
5529.63	-0.0165321
5527.7	-0.0163925
5525.77	-0.0162726
5523.85	-0.0160793
5521.92	-0.0161681
5519.99	-0.0161755
5518.06	-0.0161619
5516.13	-0.016373
5514.21	-0.0165796
5512.28	-0.0164615
5510.35	-0.0163117
5508.42	-0.0164375
5506.49	-0.0164279
5504.57	-0.0162728
5502.64	-0.0164222
5500.71	-0.0163952
5498.78	-0.0160277
5496.85	-0.016071
5494.93	-0.0161997
5493	-0.0162431
5491.07	-0.0162048
5489.14	-0.0159437
5487.21	-0.0158275
5485.29	-0.0160525
5483.36	-0.016288
5481.43	-0.016371
5479.5	-0.0163741
5477.57	-0.0160964
5475.65	-0.0157077
5473.72	-0.0160101
5471.79	-0.0166283
5469.86	-0.0164997
5467.93	-0.0161342
5466.01	-0.0158135
5464.08	-0.0160352
5462.15	-0.0164487
5460.22	-0.0168578
5458.29	-0.016742
5456.37	-0.0164204
5454.44	-0.0162233
5452.51	-0.0159782
5450.58	-0.0160783
5448.65	-0.0164301
5446.73	-0.0163299
5444.8	-0.0160068
5442.87	-0.0161414
5440.94	-0.0161935
5439.01	-0.0159268
5437.09	-0.0162805
5435.16	-0.0163515
5433.23	-0.0159158
5431.3	-0.0155207
5429.37	-0.0155064
5427.45	-0.0158511
5425.52	-0.0161064
5423.59	-0.0160368
5421.66	-0.0161462
5419.73	-0.016287
5417.81	-0.0161216
5415.88	-0.0156721
5413.95	-0.0156818
5412.02	-0.0159093
5410.09	-0.0158376
5408.17	-0.0158831
5406.24	-0.015855
5404.31	-0.0160031
5402.38	-0.0162757
5400.45	-0.0163281
5398.53	-0.0163146
5396.6	-0.0159743
5394.67	-0.0156719
5392.74	-0.015749
5390.81	-0.015983
5388.88	-0.0160646
5386.96	-0.0163174
5385.03	-0.0160344
5383.1	-0.0156378
5381.17	-0.0158566
5379.25	-0.0161755
5377.32	-0.0161511
5375.39	-0.016111
5373.46	-0.0164499
5371.53	-0.0163463
5369.6	-0.0159931
5367.68	-0.0158682
5365.75	-0.015901
5363.82	-0.0158142
5361.89	-0.0156987
5359.96	-0.0159575
5358.04	-0.0159552
5356.11	-0.0159252
5354.18	-0.0160409
5352.25	-0.015858
5350.33	-0.0155703
5348.4	-0.0154998
5346.47	-0.0156385
5344.54	-0.0160775
5342.61	-0.0160598
5340.69	-0.0158915
5338.76	-0.015913
5336.83	-0.0159908
5334.9	-0.0159213
5332.97	-0.0157021
5331.04	-0.015617
5329.12	-0.0159273
5327.19	-0.015923
5325.26	-0.0158633
5323.33	-0.0159465
5321.4	-0.0159957
5319.48	-0.0159698
5317.55	-0.0158703
5315.62	-0.0159016
5313.69	-0.0157976
5311.76	-0.0158297
5309.84	-0.0158434
5307.91	-0.0158815
5305.98	-0.0157262
5304.05	-0.0156194
5302.12	-0.015717
5300.2	-0.0158878
5298.27	-0.0159858
5296.34	-0.0159466
5294.41	-0.0157573
5292.48	-0.015764
5290.56	-0.0158763
5288.63	-0.0158715
5286.7	-0.0156717
5284.77	-0.015823
5282.84	-0.0159994
5280.92	-0.0159529
5278.99	-0.0156398
5277.06	-0.0154414
5275.13	-0.0155049
5273.21	-0.0156005
5271.28	-0.0157171
5269.35	-0.0157296
5267.42	-0.0154071
5265.49	-0.0154277
5263.56	-0.0158403
5261.64	-0.0156637
5259.71	-0.0153661
5257.78	-0.0152554
5255.85	-0.0151766
5253.92	-0.0151105
5252	-0.0152735
5250.07	-0.0154326
5248.14	-0.015501
5246.21	-0.0152687
5244.28	-0.0151634
5242.36	-0.0151954
5240.43	-0.0153314
5238.5	-0.0154089
5236.57	-0.0155708
5234.64	-0.015582
5232.72	-0.0155982
5230.79	-0.0156258
5228.86	-0.0155123
5226.93	-0.0154836
5225	-0.0155204
5223.08	-0.0154208
5221.15	-0.0153674
5219.22	-0.0154729
5217.29	-0.0156746
5215.36	-0.0159073
5213.44	-0.0159307
5211.51	-0.0159073
5209.58	-0.0157876
5207.65	-0.0154253
5205.72	-0.0153849
5203.8	-0.0156735
5201.87	-0.0160356
5199.94	-0.0161603
5198.01	-0.0159133
5196.08	-0.0154985
5194.16	-0.015413
5192.23	-0.0153862
5190.3	-0.0156893
5188.37	-0.0158562
5186.44	-0.0159217
5184.52	-0.0160742
5182.59	-0.0161359
5180.66	-0.0162126
5178.73	-0.0161057
5176.8	-0.0158476
5174.88	-0.0157063
5172.95	-0.0156396
5171.02	-0.0157395
5169.09	-0.0157995
5167.16	-0.0158232
5165.24	-0.0159851
5163.31	-0.0158593
5161.38	-0.0157457
5159.45	-0.0157124
5157.52	-0.0158166
5155.6	-0.0160168
5153.67	-0.0160469
5151.74	-0.0158217
5149.81	-0.0157765
5147.88	-0.0160261
5145.96	-0.0160119
5144.03	-0.0158316
5142.1	-0.0155701
5140.17	-0.015684
5138.24	-0.0161726
5136.32	-0.0160786
5134.39	-0.0158338
5132.46	-0.0158409
5130.53	-0.0156964
5128.6	-0.0155521
5126.68	-0.0157447
5124.75	-0.0162459
5122.82	-0.0164781
5120.89	-0.0162824
5118.96	-0.0160954
5117.04	-0.0160559
5115.11	-0.0157847
5113.18	-0.01549
5111.25	-0.0156304
5109.32	-0.0158861
5107.4	-0.0158594
5105.47	-0.0158526
5103.54	-0.015829
5101.61	-0.0158784
5099.68	-0.0158261
5097.76	-0.0158622
5095.83	-0.0155973
5093.9	-0.0153773
5091.97	-0.0156869
5090.04	-0.0158144
5088.12	-0.0157789
5086.19	-0.0155731
5084.26	-0.0155349
5082.33	-0.0153934
5080.4	-0.0152247
5078.48	-0.015234
5076.55	-0.0152494
5074.62	-0.0150761
5072.69	-0.0150049
5070.76	-0.0148499
5068.84	-0.0143592
5066.91	-0.0140711
5064.98	-0.0139377
5063.05	-0.0134903
5061.12	-0.0133106
5059.2	-0.0131237
5057.27	-0.0128916
5055.34	-0.0129089
5053.41	-0.0126705
5051.48	-0.0124041
5049.56	-0.0120871
5047.63	-0.0116176
5045.7	-0.011406
5043.77	-0.0112159
5041.84	-0.0108709
5039.92	-0.0103486
5037.99	-0.00986561
5036.06	-0.0096639
5034.13	-0.00947611
5032.2	-0.00904193
5030.28	-0.00843574
5028.35	-0.00812649
5026.42	-0.00779244
5024.49	-0.00711518
5022.56	-0.00637166
5020.64	-0.0060029
5018.71	-0.00569603
5016.78	-0.00524614
5014.85	-0.00489294
5012.92	-0.00460807
5011	-0.00415186
5009.07	-0.00372242
5007.14	-0.00306407
5005.21	-0.00232692
5003.28	-0.00191902
5001.36	-0.00149419
4999.43	-0.00120209
4997.5	-0.00103576
4995.57	-0.000960487
4993.64	-0.000609537
4991.72	-0.000371472
4989.79	-0.000383986
4987.86	-0.00038968
4985.93	-0.000247971
4984	-0.000426855
4982.08	-0.000870288
4980.15	-0.00112447
4978.22	-0.00115372
4976.29	-0.0011978
4974.36	-0.00161998
4972.44	-0.00226727
4970.51	-0.00264049
4968.58	-0.00307634
4966.65	-0.00340374
4964.72	-0.00390125
4962.8	-0.00458302
4960.87	-0.00514176
4958.94	-0.00553262
4957.01	-0.00603973
4955.08	-0.00660189
4953.16	-0.00723596
4951.23	-0.00756913
4949.3	-0.00777246
4947.37	-0.00829835
4945.44	-0.0086002
4943.52	-0.00899922
4941.59	-0.00939748
4939.66	-0.0096406
4937.73	-0.00998019
4935.8	-0.010275
4933.88	-0.0106773
4931.95	-0.0110141
4930.02	-0.0111327
4928.09	-0.0113101
4926.16	-0.0115471
4924.24	-0.011865
4922.31	-0.0121683
4920.38	-0.0123029
4918.45	-0.0125691
4916.52	-0.0129381
4914.6	-0.0130103
4912.67	-0.0131106
4910.74	-0.0132419
4908.81	-0.013408
4906.88	-0.0137535
4904.96	-0.0138474
4903.03	-0.0138604
4901.1	-0.0139872
4899.17	-0.0139602
4897.24	-0.0139849
4895.32	-0.0143299
4893.39	-0.0145552
4891.46	-0.0145782
4889.53	-0.0145205
4887.6	-0.014448
4885.67	-0.0145537
4883.75	-0.014709
4881.82	-0.0146959
4879.89	-0.0146884
4877.96	-0.0145405
4876.04	-0.0148706
4874.11	-0.0152368
4872.18	-0.0152361
4870.25	-0.0152296
4868.32	-0.0152073
4866.4	-0.0151631
4864.47	-0.015241
4862.54	-0.0155184
4860.61	-0.0156173
4858.68	-0.0156063
4856.75	-0.0157199
4854.83	-0.0157454
4852.9	-0.0158371
4850.97	-0.0160069
4849.04	-0.0160819
4847.12	-0.015907
4845.19	-0.016005
4843.26	-0.0161081
4841.33	-0.0161893
4839.4	-0.0161415
4837.47	-0.0160981
4835.55	-0.0162041
4833.62	-0.0164222
4831.69	-0.0163959
4829.76	-0.0163699
4827.83	-0.0163157
4825.91	-0.0163228
4823.98	-0.0163952
4822.05	-0.0162849
4820.12	-0.0164097
4818.19	-0.0164753
4816.27	-0.0165315
4814.34	-0.0166841
4812.41	-0.0167515
4810.48	-0.0167746
4808.55	-0.016682
4806.63	-0.0166201
4804.7	-0.0167089
4802.77	-0.0167665
4800.84	-0.0166815
4798.91	-0.0166461
4796.99	-0.0166029
4795.06	-0.016705
4793.13	-0.0167898
4791.2	-0.0167568
4789.27	-0.0168097
4787.35	-0.0169484
4785.42	-0.0170298
4783.49	-0.0168914
4781.56	-0.0170112
4779.63	-0.0172088
4777.71	-0.0172028
4775.78	-0.0170921
4773.85	-0.0168548
4771.92	-0.0168385
4769.99	-0.0171044
4768.07	-0.0171984
4766.14	-0.0171828
4764.21	-0.0172048
4762.28	-0.0172457
4760.35	-0.0171647
4758.43	-0.0172184
4756.5	-0.0172903
4754.57	-0.0172098
4752.64	-0.0173314
4750.71	-0.0173007
4748.79	-0.0171514
4746.86	-0.0172203
4744.93	-0.0173379
4743	-0.0171754
4741.07	-0.0170609
4739.15	-0.0170542
4737.22	-0.0169558
4735.29	-0.017193
4733.36	-0.0173385
4731.43	-0.0171745
4729.51	-0.0170854
4727.58	-0.0170524
4725.65	-0.0172236
4723.72	-0.01743
4721.79	-0.0174369
4719.87	-0.0173644
4717.94	-0.0173696
4716.01	-0.0175131
4714.08	-0.0175232
4712.15	-0.0173103
4710.23	-0.0173536
4708.3	-0.0174949
4706.37	-0.0175359
4704.44	-0.0173949
4702.51	-0.0171836
4700.59	-0.0172626
4698.66	-0.0173387
4696.73	-0.017248
4694.8	-0.0172183
4692.87	-0.0173497
4690.95	-0.0173646
4689.02	-0.0174961
4687.09	-0.0175648
4685.16	-0.0175318
4683.23	-0.0176203
4681.31	-0.0175578
4679.38	-0.0176825
4677.45	-0.0178134
4675.52	-0.0177949
4673.59	-0.0175713
4671.67	-0.0172702
4669.74	-0.0173544
4667.81	-0.0175061
4665.88	-0.017436
4663.95	-0.0173036
4662.03	-0.0172608
4660.1	-0.0173792
4658.17	-0.0175997
4656.24	-0.0175863
4654.31	-0.0175911
4652.39	-0.0177463
4650.46	-0.0178351
4648.53	-0.0176
4646.6	-0.0174608
4644.67	-0.0176579
4642.75	-0.0178194
4640.82	-0.0177591
4638.89	-0.0176931
4636.96	-0.0176625
4635.03	-0.017717
4633.11	-0.0177856
4631.18	-0.0176377
4629.25	-0.0174642
4627.32	-0.0177131
4625.39	-0.0178427
4623.47	-0.0177046
4621.54	-0.0177725
4619.61	-0.0177899
4617.68	-0.0176334
4615.75	-0.0176243
4613.83	-0.0177636
4611.9	-0.0177197
4609.97	-0.0174664
4608.04	-0.0175097
4606.11	-0.0176124
4604.19	-0.0174915
4602.26	-0.0173792
4600.33	-0.0175782
4598.4	-0.0176521
4596.47	-0.0177305
4594.55	-0.0177285
4592.62	-0.0177628
4590.69	-0.0177836
4588.76	-0.0176698
4586.83	-0.0175037
4584.91	-0.0174019
4582.98	-0.017542
4581.05	-0.0175047
4579.12	-0.0174596
4577.19	-0.0174924
4575.27	-0.0176882
4573.34	-0.017729
4571.41	-0.0174764
4569.48	-0.0173485
4567.55	-0.0174779
4565.63	-0.0175506
4563.7	-0.0175582
4561.77	-0.0175596
4559.84	-0.01764
4557.91	-0.0175543
4555.99	-0.0174013
4554.06	-0.0172902
4552.13	-0.0172022
4550.2	-0.0171722
4548.27	-0.0170502
4546.35	-0.0169871
4544.42	-0.0168216
4542.49	-0.0165025
4540.56	-0.0163805
4538.63	-0.0164129
4536.71	-0.0160728
4534.78	-0.015861
4532.85	-0.0159406
4530.92	-0.0156749
4528.99	-0.0150861
4527.07	-0.0149195
4525.14	-0.0145871
4523.21	-0.0138926
4521.28	-0.013233
4519.35	-0.0124232
4517.43	-0.0113164
4515.5	-0.0102938
4513.57	-0.00952061
4511.64	-0.00904511
4509.71	-0.00871233
4507.79	-0.00829013
4505.86	-0.00793494
4503.93	-0.00756965
4502	-0.00733984
4500.07	-0.00727878
4498.15	-0.00714093
4496.22	-0.00673449
4494.29	-0.00631477
4492.36	-0.00620945
4490.43	-0.00598068
4488.51	-0.00572991
4486.58	-0.00570931
4484.65	-0.00560148
4482.72	-0.00563965
4480.79	-0.00618096
4478.87	-0.00652754
4476.94	-0.00655075
4475.01	-0.00655293
4473.08	-0.00670891
4471.15	-0.00699084
4469.23	-0.00736694
4467.3	-0.0077349
4465.37	-0.00818538
4463.44	-0.00878929
4461.51	-0.00919183
4459.58	-0.00958103
4457.66	-0.0101579
4455.73	-0.0105811
4453.8	-0.0111185
4451.87	-0.0117426
4449.95	-0.012063
4448.02	-0.0123387
4446.09	-0.0126478
4444.16	-0.0131209
4442.23	-0.0135144
4440.3	-0.0137271
4438.38	-0.0140655
4436.45	-0.0143946
4434.52	-0.0144003
4432.59	-0.0144313
4430.67	-0.0145908
4428.74	-0.0147296
4426.81	-0.0148896
4424.88	-0.0150633
4422.95	-0.0150857
4421.02	-0.0151973
4419.1	-0.0153105
4417.17	-0.0153752
4415.24	-0.0154029
4413.31	-0.0154053
4411.38	-0.0153366
4409.46	-0.0153338
4407.53	-0.0153186
4405.6	-0.0150957
4403.67	-0.0150844
4401.75	-0.0151828
4399.82	-0.0152163
4397.89	-0.0153588
4395.96	-0.015311
4394.03	-0.0150967
4392.1	-0.0149633
4390.18	-0.0150146
4388.25	-0.01526
4386.32	-0.0154152
4384.39	-0.015126
4382.46	-0.0148462
4380.54	-0.0148734
4378.61	-0.0150804
4376.68	-0.0150196
4374.75	-0.0146606
4372.82	-0.0145652
4370.9	-0.0148185
4368.97	-0.0148569
4367.04	-0.0147411
4365.11	-0.0146053
4363.18	-0.0145458
4361.26	-0.0145068
4359.33	-0.0143923
4357.4	-0.0143403
4355.47	-0.0142319
4353.54	-0.0141372
4351.62	-0.0142071
4349.69	-0.0142803
4347.76	-0.0142002
4345.83	-0.0140623
4343.9	-0.014055
4341.98	-0.01411
4340.05	-0.014063
4338.12	-0.0141385
4336.19	-0.0142269
4334.26	-0.014476
4332.34	-0.0147272
4330.41	-0.0146888
4328.48	-0.0146818
4326.55	-0.0147775
4324.62	-0.0149887
4322.7	-0.0151887
4320.77	-0.0153498
4318.84	-0.0154825
4316.91	-0.0155842
4314.98	-0.0156602
4313.06	-0.0158317
4311.13	-0.0159162
4309.2	-0.0160298
4307.27	-0.0158546
4305.34	-0.0158127
4303.42	-0.0162196
4301.49	-0.0163986
4299.56	-0.0163594
4297.63	-0.0163718
4295.7	-0.0164149
4293.78	-0.0164685
4291.85	-0.016627
4289.92	-0.0166829
4287.99	-0.0166517
4286.06	-0.0169094
4284.14	-0.0170391
4282.21	-0.0167836
4280.28	-0.016806
4278.35	-0.0169476
4276.42	-0.0168785
4274.5	-0.0168779
4272.57	-0.0169539
4270.64	-0.0169348
4268.71	-0.0169004
4266.78	-0.0168091
4264.86	-0.0166382
4262.93	-0.0166735
4261	-0.0166742
4259.07	-0.0165784
4257.14	-0.0166729
4255.22	-0.0168608
4253.29	-0.0169521
4251.36	-0.0170312
4249.43	-0.016988
4247.5	-0.0168307
4245.58	-0.016839
4243.65	-0.0169503
4241.72	-0.0169192
4239.79	-0.0169988
4237.86	-0.0170493
4235.94	-0.0170199
4234.01	-0.0168894
4232.08	-0.0167639
4230.15	-0.0168343
4228.22	-0.0168556
4226.3	-0.0169594
4224.37	-0.0169353
4222.44	-0.0168157
4220.51	-0.016873
4218.58	-0.0169635
4216.66	-0.0168754
4214.73	-0.0166813
4212.8	-0.0166604
4210.87	-0.0167871
4208.94	-0.0168939
4207.02	-0.016992
4205.09	-0.0168091
4203.16	-0.0168053
4201.23	-0.0169395
4199.3	-0.0169599
4197.38	-0.016925
4195.45	-0.0168546
4193.52	-0.0167745
4191.59	-0.0168037
4189.66	-0.0168904
4187.74	-0.0168228
4185.81	-0.0167742
4183.88	-0.0167536
4181.95	-0.016668
4180.02	-0.016656
4178.1	-0.0166821
4176.17	-0.0165961
4174.24	-0.0165521
4172.31	-0.0165558
4170.38	-0.0165678
4168.46	-0.0165152
4166.53	-0.0165869
4164.6	-0.0166722
4162.67	-0.0166011
4160.74	-0.0165587
4158.82	-0.0165435
4156.89	-0.0165131
4154.96	-0.0165657
4153.03	-0.0165688
4151.1	-0.0164896
4149.18	-0.0164996
4147.25	-0.0165104
4145.32	-0.0165066
4143.39	-0.0166494
4141.46	-0.0168249
4139.54	-0.016729
4137.61	-0.0164739
4135.68	-0.0164063
4133.75	-0.0165005
4131.82	-0.0165194
4129.9	-0.0164946
4127.97	-0.0163592
4126.04	-0.0163821
4124.11	-0.0165554
4122.18	-0.0165288
4120.26	-0.0164448
4118.33	-0.0164668
4116.4	-0.0165042
4114.47	-0.0165359
4112.54	-0.0165634
4110.62	-0.0165216
4108.69	-0.0164773
4106.76	-0.0164575
4104.83	-0.0164338
4102.9	-0.0164378
4100.98	-0.0164268
4099.05	-0.0163111
4097.12	-0.0162362
4095.19	-0.0163859
4093.26	-0.0164348
4091.34	-0.0164021
4089.41	-0.0164367
4087.48	-0.0163422
4085.55	-0.0162827
4083.62	-0.016353
4081.7	-0.0163659
4079.77	-0.0162875
4077.84	-0.0161466
4075.91	-0.016089
4073.98	-0.0161659
4072.06	-0.016229
4070.13	-0.0160793
4068.2	-0.016016
4066.27	-0.0159877
4064.34	-0.0159813
4062.42	-0.016138
4060.49	-0.0161457
4058.56	-0.0159604
4056.63	-0.0159516
4054.7	-0.0160567
4052.78	-0.0161605
4050.85	-0.0160561
4048.92	-0.0158916
4046.99	-0.0159829
4045.06	-0.0160327
4043.14	-0.0159555
4041.21	-0.0159757
4039.28	-0.0159994
4037.35	-0.0160211
4035.42	-0.0160089
4033.5	-0.0159606
4031.57	-0.0159527
4029.64	-0.0158995
4027.71	-0.0158114
4025.78	-0.0158303
4023.86	-0.0158727
4021.93	-0.0159919
4020	-0.0160415
4018.07	-0.0159636
4016.14	-0.0160042
4014.22	-0.0160528
4012.29	-0.0158976
4010.36	-0.0156713
4008.43	-0.0157284
4006.5	-0.0158229
4004.58	-0.0157496
4002.65	-0.0157643
4000.72	-0.0157683
3998.79	-0.0155632
3996.86	-0.0154478
3994.94	-0.0154986
3993.01	-0.0155977
3991.08	-0.0155916
3989.15	-0.0155031
3987.22	-0.0155614
3985.29	-0.0157053
3983.37	-0.0157831
3981.44	-0.015743
3979.51	-0.0155648
3977.58	-0.0154742
3975.66	-0.0154703
3973.73	-0.0155503
3971.8	-0.0156316
3969.87	-0.0156668
3967.94	-0.0155527
3966.01	-0.0155001
3964.09	-0.0155112
3962.16	-0.0154015
3960.23	-0.0154049
3958.3	-0.0154609
3956.38	-0.0154704
3954.45	-0.0155335
3952.52	-0.0155772
3950.59	-0.0155927
3948.66	-0.0155746
3946.73	-0.0155433
3944.81	-0.0154931
3942.88	-0.0154208
3940.95	-0.0153379
3939.02	-0.0153567
3937.09	-0.0153943
3935.17	-0.0153897
3933.24	-0.0153297
3931.31	-0.0152048
3929.38	-0.0151657
3927.45	-0.0151512
3925.53	-0.0151481
3923.6	-0.0152444
3921.67	-0.0152357
3919.74	-0.0153255
3917.81	-0.0153413
3915.89	-0.01521
3913.96	-0.0152487
3912.03	-0.0151489
3910.1	-0.0149953
3908.17	-0.0149012
3906.25	-0.0149392
3904.32	-0.0151053
3902.39	-0.0150341
3900.46	-0.014942
3898.53	-0.0148857
3896.61	-0.0148053
3894.68	-0.0148715
3892.75	-0.0149693
3890.82	-0.0148965
3888.89	-0.0148811
3886.97	-0.0148798
3885.04	-0.0148647
3883.11	-0.0147983
3881.18	-0.0147373
3879.25	-0.0147452
3877.33	-0.0146106
3875.4	-0.0144885
3873.47	-0.0144456
3871.54	-0.014429
3869.61	-0.0143689
3867.69	-0.0143782
3865.76	-0.0144423
3863.83	-0.014347
3861.9	-0.0142686
3859.97	-0.0142528
3858.05	-0.0141911
3856.12	-0.0142292
3854.19	-0.014148
3852.26	-0.0141226
3850.33	-0.0141194
3848.41	-0.0140308
3846.48	-0.014112
3844.55	-0.0142999
3842.62	-0.0142708
3840.69	-0.0141315
3838.77	-0.0141053
3836.84	-0.0140469
3834.91	-0.0139891
3832.98	-0.0139439
3831.05	-0.0139908
3829.13	-0.0140487
3827.2	-0.0140477
3825.27	-0.0139045
3823.34	-0.0138294
3821.41	-0.0138057
3819.49	-0.0138085
3817.56	-0.0138959
3815.63	-0.0138394
3813.7	-0.0137291
3811.77	-0.0136549
3809.85	-0.0137052
3807.92	-0.0135706
3805.99	-0.0134216
3804.06	-0.0134179
3802.13	-0.01347
3800.21	-0.0135655
3798.28	-0.0135998
3796.35	-0.0135545
3794.42	-0.0134849
3792.49	-0.0133388
3790.57	-0.0132546
3788.64	-0.0134387
3786.71	-0.0136686
3784.78	-0.0136344
3782.85	-0.0134735
3780.93	-0.0133609
3779	-0.013443
3777.07	-0.0132789
3775.14	-0.0130069
3773.21	-0.013041
3771.29	-0.0132474
3769.36	-0.0132155
3767.43	-0.0130724
3765.5	-0.0130268
3763.57	-0.0130152
3761.65	-0.0128835
3759.72	-0.0128567
3757.79	-0.0131118
3755.86	-0.0131882
3753.93	-0.0130185
3752.01	-0.0129661
3750.08	-0.0131049
3748.15	-0.0131217
3746.22	-0.0130534
3744.29	-0.013084
3742.37	-0.0130656
3740.44	-0.01294
3738.51	-0.0128988
3736.58	-0.0128878
3734.65	-0.0125883
3732.73	-0.0123374
3730.8	-0.0124629
3728.87	-0.0125516
3726.94	-0.0125122
3725.01	-0.0124636
3723.09	-0.0123953
3721.16	-0.0122509
3719.23	-0.0122198
3717.3	-0.0122785
3715.37	-0.0123516
3713.45	-0.012444
3711.52	-0.0124218
3709.59	-0.0124087
3707.66	-0.0123078
3705.73	-0.0123667
3703.81	-0.0124171
3701.88	-0.012389
3699.95	-0.0123912
3698.02	-0.0124609
3696.09	-0.0123532
3694.17	-0.0122425
3692.24	-0.0121924
3690.31	-0.0121061
3688.38	-0.0121224
3686.45	-0.0121324
3684.53	-0.0121994
3682.6	-0.0120899
3680.67	-0.0120071
3678.74	-0.0122028
3676.81	-0.0121547
3674.89	-0.0121888
3672.96	-0.0121711
3671.03	-0.0120967
3669.1	-0.0120154
3667.17	-0.0118956
3665.25	-0.0118889
3663.32	-0.0119774
3661.39	-0.0120947
3659.46	-0.0121568
3657.53	-0.0120888
3655.61	-0.0120005
3653.68	-0.0119251
3651.75	-0.0119972
3649.82	-0.0120533
3647.89	-0.0118635
3645.97	-0.011692
3644.04	-0.0116937
3642.11	-0.0118489
3640.18	-0.0118661
3638.25	-0.0116847
3636.33	-0.0116332
3634.4	-0.0117071
3632.47	-0.0116633
3630.54	-0.0116274
3628.61	-0.0116001
3626.69	-0.0115725
3624.76	-0.0115318
3622.83	-0.0116023
3620.9	-0.0115604
3618.97	-0.0113937
3617.05	-0.0113775
3615.12	-0.0114003
3613.19	-0.0113289
3611.26	-0.0112886
3609.33	-0.0111319
3607.41	-0.0110738
3605.48	-0.0111186
3603.55	-0.0110237
3601.62	-0.0109326
3599.69	-0.0109531
3597.77	-0.0109548
3595.84	-0.0110156
3593.91	-0.0110443
3591.98	-0.0109571
3590.05	-0.0108803
3588.12	-0.0106803
3586.2	-0.0106274
3584.27	-0.010734
3582.34	-0.0105857
3580.41	-0.010501
3578.49	-0.0105
3576.56	-0.0104478
3574.63	-0.0103072
3572.7	-0.00996723
3570.77	-0.00969919
3568.85	-0.00964203
3566.92	-0.00958152
3564.99	-0.00922368
3563.06	-0.00899539
3561.13	-0.00889208
3559.21	-0.00868238
3557.28	-0.00825352
3555.35	-0.00781894
3553.42	-0.00759342
3551.49	-0.00739505
3549.56	-0.00707121
3547.64	-0.00664699
3545.71	-0.00630201
3543.78	-0.00603038
3541.85	-0.00588141
3539.93	-0.00559657
3538	-0.00535825
3536.07	-0.0052446
3534.14	-0.004872
3532.21	-0.00463017
3530.28	-0.00463948
3528.36	-0.00453666
3526.43	-0.00449147
3524.5	-0.00432567
3522.57	-0.00400544
3520.65	-0.00375172
3518.72	-0.00349335
3516.79	-0.00320509
3514.86	-0.00289894
3512.93	-0.00261606
3511	-0.00249141
3509.08	-0.00224475
3507.15	-0.00211347
3505.22	-0.00203694
3503.29	-0.00180665
3501.37	-0.0014791
3499.44	-0.00127914
3497.51	-0.00103916
3495.58	-0.000932484
3493.65	-0.000861558
3491.72	-0.000664657
3489.8	-0.000403981
3487.87	-0.000103002
3485.94	0.000195137
3484.01	0.000634184
3482.08	0.000917722
3480.16	0.00118872
3478.23	0.00142381
3476.3	0.00142189
3474.37	0.00159781
3472.44	0.00184221
3470.52	0.00188344
3468.59	0.00198562
3466.66	0.00220636
3464.73	0.00242378
3462.81	0.00253618
3460.88	0.00262808
3458.95	0.00275514
3457.02	0.00281873
3455.09	0.00282763
3453.16	0.00295405
3451.24	0.0030732
3449.31	0.00300866
3447.38	0.00276817
3445.45	0.00262204
3443.52	0.00260191
3441.6	0.00262168
3439.67	0.00261561
3437.74	0.00265068
3435.81	0.00274
3433.88	0.0029327
3431.96	0.00299528
3430.03	0.00290832
3428.1	0.0029699
3426.17	0.00318096
3424.24	0.0033602
3422.32	0.00362257
3420.39	0.00399028
3418.46	0.00439476
3416.53	0.00512766
3414.6	0.00597862
3412.68	0.00683656
3410.75	0.00812039
3408.82	0.0097944
3406.89	0.0118451
3404.96	0.0144978
3403.04	0.0178876
3401.11	0.0221782
3399.18	0.0276538
3397.25	0.0348862
3395.32	0.0448747
3393.4	0.0594415
3391.47	0.0806337
3389.54	0.109225
3387.61	0.145537
3385.68	0.19216
3383.76	0.247175
3381.83	0.292879
3379.9	0.308472
3377.97	0.297806
3376.04	0.280032
3374.12	0.262863
3372.19	0.249486
3370.26	0.245792
3368.33	0.251036
3366.4	0.259392
3364.48	0.26348
3362.55	0.258674
3360.62	0.246862
3358.69	0.233489
3356.76	0.221
3354.84	0.20903
3352.91	0.196673
3350.98	0.183769
3349.05	0.170771
3347.12	0.15839
3345.2	0.147083
3343.27	0.137242
3341.34	0.128604
3339.41	0.121041
3337.48	0.114524
3335.56	0.10903
3333.63	0.104188
3331.7	0.100212
3329.77	0.096748
3327.84	0.0936141
3325.92	0.090839
3323.99	0.0884677
3322.06	0.0863397
3320.13	0.0844979
3318.2	0.0828722
3316.28	0.081294
3314.35	0.0797793
3312.42	0.0783066
3310.49	0.0769489
3308.56	0.0756649
3306.64	0.0745215
3304.71	0.0734354
3302.78	0.0723387
3300.85	0.0710939
3298.92	0.0698186
3297	0.0687832
3295.07	0.067732
3293.14	0.0665812
3291.21	0.0654197
3289.28	0.0642467
3287.36	0.0630056
3285.43	0.0614696
3283.5	0.0601697
3281.57	0.0588599
3279.64	0.0574037
3277.72	0.055984
3275.79	0.0546706
3273.86	0.0533266
3271.93	0.0520332
3270	0.0507912
3268.08	0.0496336
3266.15	0.0485778
3264.22	0.047714
3262.29	0.0470361
3260.36	0.0461734
3258.44	0.0456596
3256.51	0.0453478
3254.58	0.0449623
3252.65	0.0448124
3250.72	0.0446611
3248.8	0.0447917
3246.87	0.0451238
3244.94	0.0453109
3243.01	0.0454787
3241.08	0.0460951
3239.16	0.0470283
3237.23	0.0480558
3235.3	0.04923
3233.37	0.0503595
3231.44	0.0517276
3229.52	0.0533276
3227.59	0.0548777
3225.66	0.0565155
3223.73	0.0582229
3221.8	0.0598954
3219.88	0.0614701
3217.95	0.0631678
3216.02	0.0647894
3214.09	0.0659719
3212.16	0.0670082
3210.24	0.0679514
3208.31	0.0683457
3206.38	0.0681724
3204.45	0.0675507
3202.52	0.0662608
3200.6	0.0643137
3198.67	0.0618014
3196.74	0.0588432
3194.81	0.0555338
3192.88	0.0518729
3190.96	0.0479893
3189.03	0.0440569
3187.1	0.0402254
3185.17	0.036677
3183.24	0.0332914
3181.32	0.0300768
3179.39	0.0271589
3177.46	0.024504
3175.53	0.0220907
3173.6	0.0198313
3171.68	0.0177921
3169.75	0.0160736
3167.82	0.0145305
3165.89	0.0132818
3163.96	0.0122286
3162.04	0.0111243
3160.11	0.010033
3158.18	0.00919104
3156.25	0.00861792
3154.32	0.00804218
3152.4	0.00740949
3150.47	0.0068851
3148.54	0.00645866
3146.61	0.00603687
3144.68	0.00569733
3142.76	0.00531928
3140.83	0.00498563
3138.9	0.00483332
3136.97	0.00462195
3135.04	0.00424684
3133.12	0.00399326
3131.19	0.00382101
3129.26	0.00362775
3127.33	0.00350751
3125.4	0.00334397
3123.48	0.00316724
3121.55	0.00292419
3119.62	0.0027419
3117.69	0.00258648
3115.76	0.00251225
3113.84	0.00252205
3111.91	0.00249289
3109.98	0.00231647
3108.05	0.00219277
3106.12	0.00207873
3104.2	0.00198602
3102.27	0.00197596
3100.34	0.00184491
3098.41	0.00177021
3096.48	0.00185066
3094.56	0.00170517
3092.63	0.00149247
3090.7	0.00134304
3088.77	0.0012467
3086.84	0.00124461
3084.92	0.00124826
3082.99	0.00112254
3081.06	0.000952886
3079.13	0.000941729
3077.2	0.000939836
3075.28	0.000776096
3073.35	0.000693751
3071.42	0.000661461
3069.49	0.000666107
3067.56	0.000675266
3065.63	0.000571872
3063.71	0.000533023
3061.78	0.000504394
3059.85	0.000423295
3057.92	0.000249306
3055.99	0.000188905
3054.07	0.000242244
3052.14	5.20236e-05
3050.21	-0.000168189
3048.28	-0.000173157
3046.35	-0.000194321
3044.43	-0.000243202
3042.5	-0.000310223
3040.57	-0.000404941
3038.64	-0.00036452
3036.71	-0.000545375
3034.79	-0.000826636
3032.86	-0.000797268
3030.93	-0.000766277
3029	-0.000947229
3027.07	-0.00103014
3025.15	-0.00109079
3023.22	-0.00125754
3021.29	-0.00144502
3019.36	-0.00141903
3017.43	-0.00143885
3015.51	-0.0015492
3013.58	-0.00167484
3011.65	-0.00172817
3009.72	-0.00178263
3007.79	-0.00194821
3005.87	-0.00194303
3003.94	-0.00201246
3002.01	-0.00216148
3000.08	-0.00227119
2998.15	-0.00236245
2996.23	-0.00256095
2994.3	-0.00266506
2992.37	-0.00261806
2990.44	-0.00271465
2988.51	-0.00298823
2986.59	-0.00308016
2984.66	-0.00305891
2982.73	-0.00317138
2980.8	-0.00322973
2978.87	-0.00326117
2976.95	-0.00326176
2975.02	-0.00332565
2973.09	-0.00356529
2971.16	-0.00375234
2969.23	-0.00379718
2967.31	-0.00390776
2965.38	-0.00392864
2963.45	-0.0040275
2961.52	-0.00411018
2959.59	-0.00411429
2957.67	-0.00413844
2955.74	-0.00415157
2953.81	-0.00422157
2951.88	-0.00424992
2949.95	-0.00434325
2948.03	-0.00446999
2946.1	-0.00453892
2944.17	-0.00458292
2942.24	-0.00467737
2940.31	-0.00472345
2938.39	-0.00477625
2936.46	-0.00472499
2934.53	-0.00478336
2932.6	-0.00483602
2930.67	-0.00498558
2928.75	-0.00511845
2926.82	-0.00509117
2924.89	-0.00517317
2922.96	-0.00522607
2921.03	-0.00524627
2919.11	-0.0051899
2917.18	-0.00520172
2915.25	-0.00526716
2913.32	-0.00535779
2911.39	-0.00547651
2909.47	-0.00541817
2907.54	-0.0054131
2905.61	-0.00553851
2903.68	-0.00561695
2901.75	-0.00557485
2899.83	-0.00555365
2897.9	-0.00559127
2895.97	-0.00562382
2894.04	-0.00563981
2892.11	-0.00574694
2890.19	-0.00578876
2888.26	-0.00586226
2886.33	-0.00595803
2884.4	-0.00607034
2882.47	-0.00606332
2880.55	-0.00592672
2878.62	-0.00597858
2876.69	-0.00609165
2874.76	-0.00608851
2872.83	-0.00609129
2870.91	-0.0060675
2868.98	-0.00606858
2867.05	-0.00609609
2865.12	-0.00615013
2863.19	-0.00615744
2861.27	-0.00622859
2859.34	-0.00626778
2857.41	-0.00616545
2855.48	-0.00620945
2853.55	-0.00637362
2851.63	-0.00631598
2849.7	-0.00622307
2847.77	-0.00625991
2845.84	-0.00617851
2843.91	-0.00620419
2841.99	-0.00634864
2840.06	-0.00632431
2838.13	-0.00638217
2836.2	-0.00651592
2834.27	-0.00651693
2832.35	-0.00651076
2830.42	-0.00641335
2828.49	-0.00634345
2826.56	-0.00634789
2824.63	-0.00634478
2822.71	-0.00638217
2820.78	-0.00651762
2818.85	-0.00650371
2816.92	-0.00632402
2814.99	-0.00621464
2813.07	-0.00622594
2811.14	-0.00634717
2809.21	-0.00645625
2807.28	-0.00630677
2805.35	-0.00612948
2803.43	-0.00632813
2801.5	-0.00657819
2799.57	-0.00644965
2797.64	-0.00636882
2795.71	-0.00632405
2793.79	-0.00620076
2791.86	-0.00630981
2789.93	-0.00638038
2788	-0.00634034
2786.07	-0.0063457
2784.15	-0.00628568
2782.22	-0.0061807
2780.29	-0.00620429
2778.36	-0.00622924
2776.43	-0.00615548
2774.51	-0.00620327
2772.58	-0.00620827
2770.65	-0.00624204
2768.72	-0.00631213
2766.79	-0.00626605
2764.87	-0.00617943
2762.94	-0.00617387
2761.01	-0.0063086
2759.08	-0.00632826
2757.15	-0.00621474
2755.23	-0.00621199
2753.3	-0.00635344
2751.37	-0.0064509
2749.44	-0.00640032
2747.51	-0.00637962
2745.59	-0.00635354
2743.66	-0.0063439
2741.73	-0.00627931
2739.8	-0.00637809
2737.87	-0.00647646
2735.95	-0.00646722
2734.02	-0.00650946
2732.09	-0.00643075
2730.16	-0.00637071
2728.23	-0.00634622
2726.31	-0.00636696
2724.38	-0.0063918
2722.45	-0.00641446
2720.52	-0.00636885
2718.59	-0.00647531
2716.67	-0.00651187
2714.74	-0.00650433
2712.81	-0.00646421
2710.88	-0.00638896
2708.95	-0.00637793
2707.02	-0.00635948
2705.1	-0.00623476
2703.17	-0.00636369
2701.24	-0.00642896
2699.31	-0.0064111
2697.39	-0.00634841
2695.46	-0.00632202
2693.53	-0.00635716
2691.6	-0.00646105
2689.67	-0.00646816
2687.75	-0.00637002
2685.82	-0.0064255
2683.89	-0.0065025
2681.96	-0.00652943
2680.03	-0.00657823
2678.11	-0.00650404
2676.18	-0.00645723
2674.25	-0.00637071
2672.32	-0.00638165
2670.39	-0.00641524
2668.46	-0.00651004
2666.54	-0.00670689
2664.61	-0.00660747
2662.68	-0.00645263
2660.75	-0.00646379
2658.83	-0.00650221
2656.9	-0.00641058
2654.97	-0.00632232
2653.04	-0.00634524
2651.11	-0.00655936
2649.19	-0.00648148
2647.26	-0.00636124
2645.33	-0.00643588
2643.4	-0.00637309
2641.47	-0.00630697
2639.55	-0.00630635
2637.62	-0.00637744
2635.69	-0.00628875
2633.76	-0.00625625
2631.83	-0.00634926
2629.9	-0.00637917
2627.98	-0.00632911
2626.05	-0.00625661
2624.12	-0.00627288
2622.19	-0.00627983
2620.27	-0.00632176
2618.34	-0.00637326
2616.41	-0.00637662
2614.48	-0.00632323
2612.55	-0.0061708
2610.62	-0.00612569
2608.7	-0.00627268
2606.77	-0.00627157
2604.84	-0.00617234
2602.91	-0.00615209
2600.98	-0.00608782
2599.06	-0.00602911
2597.13	-0.00611471
2595.2	-0.006158
2593.27	-0.00619351
2591.34	-0.0061989
2589.42	-0.00613467
2587.49	-0.00602048
2585.56	-0.00602623
2583.63	-0.00612141
2581.71	-0.0061186
2579.78	-0.00604691
2577.85	-0.00598672
2575.92	-0.00598336
2573.99	-0.00603649
2572.06	-0.00600009
2570.14	-0.00604835
2568.21	-0.00608831
2566.28	-0.00606224
2564.35	-0.00605492
2562.42	-0.00603375
2560.5	-0.00597218
2558.57	-0.00598819
2556.64	-0.00610184
2554.71	-0.00611804
2552.78	-0.0060026
2550.86	-0.00582803
2548.93	-0.00589759
2547	-0.00597247
2545.07	-0.00594407
2543.15	-0.00598564
2541.22	-0.00604711
2539.29	-0.00604348
2537.36	-0.00603799
2535.43	-0.00595613
2533.5	-0.00587978
2531.58	-0.0059493
2529.65	-0.00597077
2527.72	-0.00592083
2525.79	-0.00597156
2523.86	-0.0059979
2521.94	-0.00594518
2520.01	-0.00608792
2518.08	-0.00618684
2516.15	-0.00606626
2514.22	-0.00598394
2512.3	-0.00600123
2510.37	-0.00594567
2508.44	-0.00581865
2506.51	-0.00583666
2504.58	-0.00592443
2502.66	-0.00588641
2500.73	-0.00584173
2498.8	-0.00593727
2496.87	-0.0058922
2494.94	-0.00575273
2493.02	-0.00579831
2491.09	-0.00580796
2489.16	-0.00585346
2487.23	-0.00580014
2485.3	-0.00578206
2483.38	-0.00573557
2481.45	-0.00573848
2479.52	-0.00591119
2477.59	-0.00590946
2475.66	-0.00575201
2473.74	-0.00570813
2471.81	-0.00560668
2469.88	-0.00539346
2467.95	-0.00548269
2466.02	-0.00562382
2464.1	-0.00569924
2462.17	-0.00571379
2460.24	-0.00559974
2458.31	-0.00553079
2456.38	-0.0055196
2454.46	-0.00553052
2452.53	-0.00553115
2450.6	-0.00556438
2448.67	-0.00551054
2446.74	-0.00542854
2444.82	-0.00536646
2442.89	-0.00543702
2440.96	-0.0055177
2439.03	-0.00555205
2437.1	-0.00558375
2435.18	-0.00555624
2433.25	-0.00553115
2431.32	-0.00557923
2429.39	-0.00564112
2427.46	-0.00566081
2425.54	-0.0056232
2423.61	-0.00543836
2421.68	-0.00530202
2419.75	-0.00530552
2417.82	-0.00542147
2415.9	-0.0055409
2413.97	-0.00546071
2412.04	-0.00535507
2410.11	-0.00525527
2408.18	-0.00528791
2406.26	-0.00547981
2404.33	-0.00551826
2402.4	-0.00547726
2400.47	-0.00544752
2398.54	-0.00547491
2396.62	-0.00549277
2394.69	-0.00547906
2392.76	-0.00539461
2390.83	-0.00534218
2388.9	-0.00532454
2386.98	-0.00532061
2385.05	-0.00537415
2383.12	-0.00532365
2381.19	-0.00550779
2379.26	-0.0055951
2377.34	-0.00545835
2375.41	-0.00539169
2373.48	-0.00547841
2371.55	-0.00552562
2369.62	-0.00540599
2367.7	-0.00537055
2365.77	-0.00531266
2363.84	-0.00535409
2361.91	-0.00560658
2359.98	-0.00545864
2358.06	-0.00515149
2356.13	-0.00515588
2354.2	-0.00535681
2352.27	-0.00539117
2350.34	-0.00523691
2348.42	-0.00519749
2346.49	-0.00526005
2344.56	-0.00530248
2342.63	-0.00518751
2340.7	-0.00509566
2338.78	-0.00510846
2336.85	-0.00501378
2334.92	-0.00502443
2332.99	-0.00503658
2331.06	-0.00515077
2329.14	-0.00529354
2327.21	-0.00540472
2325.28	-0.00521514
2323.35	-0.00522827
2321.42	-0.00539035
2319.5	-0.00538443
2317.57	-0.00524382
2315.64	-0.00526761
2313.71	-0.00522967
2311.78	-0.00514547
2309.86	-0.00518106
2307.93	-0.0052265
2306	-0.00521458
2304.07	-0.00523282
2302.14	-0.005212
2300.22	-0.00518744
2298.29	-0.00517317
2296.36	-0.00517002
2294.43	-0.00515686
2292.5	-0.00513669
2290.58	-0.00516265
2288.65	-0.00514127
2286.72	-0.00500209
2284.79	-0.00491374
2282.86	-0.0050332
2280.94	-0.00506189
2279.01	-0.0049885
2277.08	-0.00498617
2275.15	-0.00501951
2273.22	-0.00516629
2271.3	-0.00518888
2269.37	-0.00515532
2267.44	-0.00500084
2265.51	-0.0048528
2263.58	-0.00499763
2261.66	-0.00507951
2259.73	-0.00494988
2257.8	-0.00499112
2255.87	-0.00506641
2253.94	-0.00514173
2252.02	-0.00511121
2250.09	-0.00505155
2248.16	-0.00497254
2246.23	-0.00492806
2244.3	-0.00500677
2242.38	-0.00515005
2240.45	-0.00507116
2238.52	-0.00509717
2236.59	-0.00501355
2234.66	-0.00495105
2232.74	-0.00503903
2230.81	-0.00504588
2228.88	-0.00508171
2226.95	-0.00518371
2225.02	-0.005134
2223.1	-0.00495538
2221.17	-0.00479772
2219.24	-0.00480463
2217.31	-0.00485234
2215.38	-0.0048163
2213.46	-0.0048315
2211.53	-0.00485962
2209.6	-0.00487262
2207.67	-0.00489438
2205.74	-0.00490856
2203.81	-0.00490974
2201.89	-0.00500749
2199.96	-0.00498774
2198.03	-0.00488239
2196.1	-0.00490742
2194.18	-0.00492498
2192.25	-0.00488301
2190.32	-0.00489713
2188.39	-0.00489002
2186.46	-0.00472142
2184.54	-0.00465898
2182.61	-0.00463459
2180.68	-0.00475102
2178.75	-0.00466236
2176.82	-0.00457686
2174.9	-0.00470523
2172.97	-0.00469448
2171.04	-0.00470487
2169.11	-0.00469792
2167.18	-0.00464338
2165.25	-0.00456397
2163.33	-0.00449642
2161.4	-0.00455545
2159.47	-0.00454915
2157.54	-0.00445596
2155.62	-0.00433607
2153.69	-0.00446435
2151.76	-0.00447819
2149.83	-0.00437507
2147.9	-0.00428056
2145.98	-0.00416486
2144.05	-0.00399463
2142.12	-0.00390835
2140.19	-0.00386073
2138.26	-0.00382992
2136.33	-0.00371785
2134.41	-0.00356822
2132.48	-0.00350758
2130.55	-0.00323453
2128.62	-0.00301146
2126.69	-0.0029799
2124.77	-0.00300109
2122.84	-0.00293429
2120.91	-0.00287498
2118.98	-0.00285329
2117.05	-0.00283976
2115.13	-0.00293337
2113.2	-0.00309608
2111.27	-0.00335548
2109.34	-0.00365073
2107.41	-0.00369295
2105.49	-0.00385682
2103.56	-0.00400731
2101.63	-0.00404355
2099.7	-0.00412033
2097.77	-0.0041285
2095.85	-0.00406581
2093.92	-0.00403544
2091.99	-0.00411054
2090.06	-0.00423709
2088.13	-0.00429677
2086.21	-0.00441204
2084.28	-0.00448495
2082.35	-0.00459456
2080.42	-0.00457656
2078.49	-0.00447062
2076.57	-0.00442778
2074.64	-0.00432223
2072.71	-0.00433141
2070.78	-0.00434296
2068.85	-0.00426681
2066.93	-0.00434227
2065	-0.0044799
2063.07	-0.00446537
2061.14	-0.00444841
2059.21	-0.00433925
2057.29	-0.00435812
2055.36	-0.00446386
2053.43	-0.00449039
2051.5	-0.00451544
2049.57	-0.00457394
2047.65	-0.00456191
2045.72	-0.00460945
2043.79	-0.00468802
2041.86	-0.00476173
2039.93	-0.00465078
2038.01	-0.00460115
2036.08	-0.00459256
2034.15	-0.00442208
2032.22	-0.00443644
2030.29	-0.00462092
2028.37	-0.00470471
2026.44	-0.00453912
2024.51	-0.00454328
2022.58	-0.00454256
2020.65	-0.00453459
2018.73	-0.0044976
2016.8	-0.00438068
2014.87	-0.00428893
2012.94	-0.00445041
2011.01	-0.00457899
2009.09	-0.0045343
2007.16	-0.00455768
2005.23	-0.00452899
2003.3	-0.00446268
2001.37	-0.00444654
1999.45	-0.00446852
1997.52	-0.00452722
1995.59	-0.00442824
1993.66	-0.00437862
1991.73	-0.00449439
1989.81	-0.00455187
1987.88	-0.00451177
1985.95	-0.00451177
1984.02	-0.00425802
1982.09	-0.00404811
1980.17	-0.00422721
1978.24	-0.00440555
1976.31	-0.0044348
1974.38	-0.00438961
1972.45	-0.004282
1970.53	-0.00422029
1968.6	-0.00417746
1966.67	-0.00401509
1964.74	-0.00390772
1962.81	-0.00378184
1960.89	-0.0036781
1958.96	-0.00350291
1957.03	-0.00337599
1955.1	-0.00321595
1953.17	-0.00304749
1951.25	-0.00287389
1949.32	-0.00258687
1947.39	-0.00236841
1945.46	-0.00227274
1943.53	-0.00207803
1941.61	-0.00185162
1939.68	-0.00153936
1937.75	-0.00106154
1935.82	-0.000657742
1933.89	-0.000499407
1931.97	-0.000151396
1930.04	0.000325962
1928.11	0.000971648
1926.18	0.00151252
1924.25	0.00188544
1922.33	0.0024501
1920.4	0.00304206
1918.47	0.00336912
1916.54	0.00329339
1914.61	0.00311468
1912.69	0.00295779
1910.76	0.0029299
1908.83	0.00292196
1906.9	0.00274783
1904.97	0.00267922
1903.05	0.00247806
1901.12	0.00220709
1899.19	0.00193869
1897.26	0.00164873
1895.33	0.00150969
1893.41	0.00130662
1891.48	0.000934025
1889.55	0.000565734
1887.62	0.000435168
1885.69	0.000110715
1883.77	-0.000315586
1881.84	-0.000654302
1879.91	-0.000745638
1877.98	-0.00113852
1876.05	-0.00160915
1874.13	-0.00180167
1872.2	-0.00196546
1870.27	-0.00210652
1868.34	-0.00207565
1866.41	-0.00224452
1864.49	-0.0026065
1862.56	-0.00267329
1860.63	-0.00266802
1858.7	-0.00290796
1856.77	-0.00322545
1854.85	-0.00337086
1852.92	-0.00331181
1850.99	-0.00334035
1849.06	-0.0033873
1847.13	-0.00338109
1845.21	-0.00347455
1843.28	-0.00360801
1841.35	-0.00381058
1839.42	-0.00404371
1837.49	-0.00412922
1835.57	-0.00409029
1833.64	-0.00419607
1831.71	-0.00431343
1829.78	-0.00438878
1827.85	-0.00459666
1825.93	-0.00458669
1824	-0.0044229
1822.07	-0.00434709
1820.14	-0.00433732
1818.21	-0.00448501
1816.29	-0.00462692
1814.36	-0.00460732
1812.43	-0.00454292
1810.5	-0.00451
1808.57	-0.00450308
1806.65	-0.00459574
1804.72	-0.0045565
1802.79	-0.0044146
1800.86	-0.0044574
1798.93	-0.00469677
1797.01	-0.00480237
1795.08	-0.00465403
1793.15	-0.00449577
1791.22	-0.00461151
1789.29	-0.00462885
1787.37	-0.00449567
1785.44	-0.00458758
1783.51	-0.00478386
1781.58	-0.00487466
1779.65	-0.0047655
1777.73	-0.00461033
1775.8	-0.00454286
1773.87	-0.00469314
1771.94	-0.00479356
1770.01	-0.00467078
1768.08	-0.00463344
1766.16	-0.00472581
1764.23	-0.00472296
1762.3	-0.00483252
1760.37	-0.00507765
1758.45	-0.00502577
1756.52	-0.00471923
1754.59	-0.00461243
1752.66	-0.00478923
1750.73	-0.00493926
1748.81	-0.00491069
1746.88	-0.00479936
1744.95	-0.00472962
1743.02	-0.0048722
1741.09	-0.00493589
1739.17	-0.00486833
1737.24	-0.00476419
1735.31	-0.00458968
1733.38	-0.00454112
1731.45	-0.00441302
1729.52	-0.00456925
1727.6	-0.00495132
1725.67	-0.00482885
1723.74	-0.00478078
1721.81	-0.00477461
1719.89	-0.00469838
1717.96	-0.00456902
1716.03	-0.00450459
1714.1	-0.00453804
1712.17	-0.00446343
1710.24	-0.00442135
1708.32	-0.00449875
1706.39	-0.00444605
1704.46	-0.00420526
1702.53	-0.00410217
1700.6	-0.00401807
1698.68	-0.00386924
1696.75	-0.00385649
1694.82	-0.00372918
1692.89	-0.00328222
1690.96	-0.00299553
1689.04	-0.00293995
1687.11	-0.00283189
1685.18	-0.00244394
1683.25	-0.00219913
1681.33	-0.00201457
1679.4	-0.00157462
1677.47	-0.000911323
1675.54	-0.000252938
1673.61	0.000532857
1671.68	0.00159764
1669.76	0.00278645
1667.83	0.00422991
1665.9	0.00612985
1663.97	0.00882082
1662.04	0.0130996
1660.12	0.0189479
1658.19	0.0257681
1656.26	0.0327781
1654.33	0.0375162
1652.4	0.0386078
1650.48	0.0371204
1648.55	0.034588
1646.62	0.0319058
1644.69	0.029319
1642.76	0.0272846
1640.84	0.0256586
1638.91	0.0243117
1636.98	0.0230531
1635.05	0.0216629
1633.12	0.0204246
1631.2	0.0194712
1629.27	0.018767
1627.34	0.0183677
1625.41	0.0181686
1623.48	0.0180743
1621.56	0.0178647
1619.63	0.0176092
1617.7	0.0176581
1615.77	0.0177694
1613.84	0.0179557
1611.92	0.0184902
1609.99	0.0188463
1608.06	0.0187175
1606.13	0.0189812
1604.2	0.0194273
1602.28	0.0197568
1600.35	0.0199089
1598.42	0.0201408
1596.49	0.0205315
1594.56	0.0207283
1592.64	0.0208193
1590.71	0.0211713
1588.78	0.0214621
1586.85	0.0216761
1584.92	0.0216772
1583	0.0215525
1581.07	0.0214659
1579.14	0.0217064
1577.21	0.021857
1575.28	0.0215992
1573.36	0.0213559
1571.43	0.0213913
1569.5	0.0211367
1567.57	0.0209097
1565.64	0.0206861
1563.72	0.0204314
1561.79	0.0200995
1559.86	0.019818
1557.93	0.0195273
1556	0.019052
1554.08	0.0184605
1552.15	0.0181179
1550.22	0.0177213
1548.29	0.0172814
1546.36	0.0167152
1544.44	0.0160413
1542.51	0.0157534
1540.58	0.0151869
1538.65	0.0143126
1536.72	0.0137662
1534.8	0.0137234
1532.87	0.013467
1530.94	0.0126993
1529.01	0.0120691
1527.08	0.0117937
1525.16	0.0115953
1523.23	0.0113813
1521.3	0.0108155
1519.37	0.0103044
1517.44	0.0100044
1515.52	0.00990984
1513.59	0.00970247
1511.66	0.00955615
1509.73	0.00956377
1507.8	0.00943762
1505.88	0.00926391
1503.95	0.00921033
1502.02	0.00906472
1500.09	0.00895938
1498.16	0.00911338
1496.24	0.00908485
1494.31	0.00900609
1492.38	0.00879279
1490.45	0.00862431
1488.52	0.00873433
1486.6	0.00890898
1484.67	0.00891862
1482.74	0.00855063
1480.81	0.00807806
1478.88	0.00774059
1476.96	0.00771
1475.03	0.00789973
1473.1	0.00764633
1471.17	0.00711192
1469.24	0.00690833
1467.32	0.00678672
1465.39	0.00643784
1463.46	0.00603217
1461.53	0.00596088
1459.6	0.0058131
1457.68	0.00527752
1455.75	0.00485078
1453.82	0.0047627
1451.89	0.0047356
1449.96	0.00440745
1448.04	0.00398918
1446.11	0.00399289
1444.18	0.00381466
1442.25	0.00319738
1440.32	0.00277388
1438.4	0.00232563
1436.47	0.00192564
1434.54	0.00148322
1432.61	0.00134201
1430.68	0.00129183
1428.76	0.00101306
1426.83	0.000724251
1424.9	0.000461935
1422.97	0.00024367
1421.04	5.05324e-05
1419.12	-0.000172097
1417.19	-0.000396433
1415.26	-0.000468494
1413.33	-0.00056384
1411.4	-0.000870453
1409.48	-0.00110243
1407.55	-0.00119129
1405.62	-0.0012282
1403.69	-0.00110021
1401.76	-0.00109767
1399.84	-0.00131951
1397.91	-0.00149455
1395.98	-0.00173646
1394.05	-0.00178738
1392.12	-0.00159043
1390.2	-0.00159341
1388.27	-0.00164767
1386.34	-0.00140324
1384.41	-0.00134244
1382.48	-0.00144631
1380.56	-0.00150529
1378.63	-0.00152757
1376.7	-0.00107718
1374.77	-0.000859904
1372.84	-0.000895286
1370.92	-0.000741834
1368.99	-0.000776464
1367.06	-0.000681298
1365.13	-0.000691553
1363.2	-0.000810729
1361.28	-0.000773653
1359.35	-0.000837847
1357.42	-0.000881398
1355.49	-0.00102135
1353.56	-0.0012545
1351.64	-0.00132199
1349.71	-0.00139958
1347.78	-0.00144406
1345.85	-0.00144528
1343.92	-0.00156861
1342	-0.0018084
1340.07	-0.00215518
1338.14	-0.00228879
1336.21	-0.00215601
1334.28	-0.00207971
1332.36	-0.00225517
1330.43	-0.0026918
1328.5	-0.00294663
1326.57	-0.00292277
1324.64	-0.00276197
1322.72	-0.00277859
1320.79	-0.0031096
1318.86	-0.0032317
1316.93	-0.00323808
1315	-0.00299793
1313.08	-0.00307562
1311.15	-0.00324338
1309.22	-0.00309095
1307.29	-0.00306914
1305.36	-0.00306374
1303.44	-0.00268917
1301.51	-0.00269308
1299.58	-0.00310131
1297.65	-0.00286418
1295.72	-0.00222148
1293.8	-0.00212762
1291.87	-0.00231209
1289.94	-0.00225995
1288.01	-0.00223813
1286.08	-0.00243715
1284.15	-0.00233493
1282.23	-0.00219939
1280.3	-0.0021774
1278.37	-0.0021414
1276.44	-0.00228154
1274.52	-0.00209573
1272.59	-0.00177794
1270.66	-0.00178206
1268.73	-0.00196645
1266.8	-0.00204775
1264.88	-0.00198426
1262.95	-0.00209333
1261.02	-0.00207549
1259.09	-0.00187907
1257.16	-0.00211476
1255.24	-0.00213421
1253.31	-0.00216257
1251.38	-0.00231166
1249.45	-0.00218119
1247.52	-0.00218307
1245.59	-0.0024581
1243.67	-0.00240884
1241.74	-0.00217704
1239.81	-0.00242753
1237.88	-0.00239734
1235.96	-0.0016519
1234.03	-0.00157921
1232.1	-0.00228391
1230.17	-0.00240367
1228.24	-0.0023641
1226.31	-0.00223272
1224.39	-0.00198608
1222.46	-0.00162496
1220.53	-0.00128489
1218.6	-0.00123626
1216.68	-0.0013203
1214.75	-0.00143855
1212.82	-0.00132268
1210.89	-0.0012093
1208.96	-0.000841319
1207.03	-0.000249726
1205.11	-2.65727e-05
1203.18	-0.000234724
1201.25	-0.000432945
1199.32	-0.000192864
1197.39	-1.71962e-05
1195.47	-0.00030125
1193.54	6.57429e-05
1191.61	0.000994397
1189.68	0.0014679
1187.75	0.00185086
1185.83	0.00230271
1183.9	0.0028334
1181.97	0.00353627
1180.04	0.00408148
1178.11	0.00498687
1176.19	0.0065266
1174.26	0.00769294
1172.33	0.00909575
1170.4	0.0110089
1168.47	0.0135456
1166.55	0.0166976
1164.62	0.0197428
1162.69	0.0223407
1160.76	0.0242932
1158.83	0.0257358
1156.91	0.0272503
1154.98	0.0288999
1153.05	0.0311202
1151.12	0.0341788
1149.19	0.0381902
1147.27	0.0422856
1145.34	0.0463765
1143.41	0.0524127
1141.48	0.0599416
1139.55	0.0698219
1137.63	0.0821795
1135.7	0.0968277
1133.77	0.116008
1131.84	0.139304
1129.91	0.165306
1127.99	0.191246
1126.06	0.210571
1124.13	0.219401
1122.2	0.220702
1120.27	0.220428
1118.35	0.220462
1116.42	0.218772
1114.49	0.214433
1112.56	0.206955
1110.63	0.197591
1108.71	0.187705
1106.78	0.177956
1104.85	0.168772
1102.92	0.158762
1100.99	0.147944
1099.07	0.137247
1097.14	0.127931
1095.21	0.119374
1093.28	0.111263
1091.35	0.107959
1089.43	0.111215
1087.5	0.119796
1085.57	0.129706
1083.64	0.136067
1081.71	0.137199
1079.79	0.131436
1077.86	0.118907
1075.93	0.102799
1074	0.087259
1072.07	0.0716869
1070.15	0.0556675
1068.22	0.0421832
1066.29	0.0317988
1064.36	0.024078
1062.43	0.0185574
1060.51	0.014811
1058.58	0.0124026
1056.65	0.0101452
1054.72	0.00754979
1052.79	0.00559384
1050.87	0.00452622
1048.94	0.00383221
1047.01	0.0029375
1045.08	0.00252582
1043.15	0.00242555
1041.23	0.00166928
1039.3	0.000771515
1037.37	0.00077125
1035.44	0.000660997
1033.51	-0.000422452
1031.59	-0.00076631
1029.66	-0.000451978
1027.73	-0.000604011
1025.8	-0.0012056
1023.87	-0.00111271
1021.95	-0.000837219
1020.02	-0.00114585
1018.09	-0.00140658
1016.16	-0.00192727
1014.23	-0.00181922
1012.31	-0.00134151
1010.38	-0.00166144
1008.45	-0.0023111
1006.52	-0.00215624
1004.59	-0.0020057
1002.67	-0.00175989
1000.74	-0.00178025
998.81	-0.00189141
996.882	-0.00210899
994.954	-0.0020777
993.026	-0.00177154
991.098	-0.00191269
989.17	-0.00248848
987.242	-0.00251503
985.314	-0.00244848
983.386	-0.00225876
981.458	-0.00177081
979.53	-0.00151598
977.602	-0.00132836
975.673	-0.00164606
973.746	-0.00194795
971.817	-0.00215188
969.89	-0.00188062
967.962	-0.00180866
966.034	-0.00210121
964.106	-0.0019844
962.178	-0.00181295
960.25	-0.00219778
958.322	-0.00192149
956.394	-0.00176035
954.465	-0.00169837
952.538	-0.00153002
950.609	-0.00207374
948.682	-0.00276279
946.754	-0.00241768
944.826	-0.0019275
942.898	-0.00167557
940.97	-0.000914464
939.042	-0.00116221
937.113	-0.00167956
935.186	-0.0016319
933.257	-0.00134557
931.33	-0.000751393
929.401	-0.000484249
927.474	-0.000678916
925.546	-0.000580948
923.618	-0.000984918
921.69	-0.00131409
919.761	-0.0011406
917.833	-0.00106277
915.905	-0.00107747
913.978	-0.000344259
912.049	0.00015546
910.122	4.90387e-06
908.193	-0.000301117
906.266	-0.000247341
904.338	-0.000560994
902.409	-0.000431059
900.481	0.000672412
898.553	0.00109819
896.625	0.000915895
894.697	0.00086742
892.77	0.000935453
890.841	0.00103053
888.914	0.000795249
886.985	0.000408967
885.058	0.000665543
883.129	0.00109211
881.201	0.00167783
879.273	0.00174566
877.345	0.00171179
875.417	0.00211658
873.489	0.00226244
871.562	0.0020453
869.633	0.00134474
867.706	0.00148106
865.777	0.00184201
863.849	0.00216913
861.921	0.00241968
859.993	0.00257394
858.065	0.00295789
856.137	0.0031595
854.209	0.0030795
852.281	0.00338271
850.354	0.00362935
848.425	0.00367426
846.497	0.00325136
844.569	0.00320239
842.641	0.00340605
840.713	0.00370169
838.785	0.00393605
836.857	0.00446355
834.929	0.00499025
833.001	0.00487879
831.073	0.00437501
829.145	0.00428673
827.217	0.00482779
825.289	0.00478544
823.361	0.00475958
821.433	0.00520967
819.505	0.00613835
817.577	0.00616349
815.649	0.00542663
813.721	0.00537657
811.793	0.00520106
809.865	0.00509782
807.937	0.00594869
806.009	0.00622358
804.081	0.00604631
802.153	0.00578567
800.225	0.00522849
798.297	0.00503416
796.369	0.00582717
794.441	0.00652374
792.513	0.00709676
790.585	0.00655341
788.657	0.00652704
786.729	0.007035
784.801	0.00718818
782.873	0.00686629
780.945	0.00674539
779.017	0.00740167
777.089	0.00728818
775.161	0.00683882
773.232	0.00652885
771.305	0.00627178
769.377	0.00651257
767.449	0.00681317
765.521	0.00678624
763.593	0.00694432
761.665	0.00669606
759.737	0.0065413
757.809	0.00712509
755.881	0.00731928
753.953	0.00714692
752.024	0.00676784
750.097	0.00656438
748.169	0.00652055
746.241	0.00741987
744.313	0.00814531
742.385	0.00843176
740.457	0.00747721
738.529	0.00671806
736.601	0.00724842
734.672	0.00767982
732.745	0.00825413
730.816	0.00907433
728.889	0.009318
726.961	0.0087743
725.033	0.00858017
723.105	0.00836397
721.177	0.00782702
719.249	0.00813903
717.32	0.00907497
715.393	0.00901212
713.464	0.0095275
711.537	0.0099826
709.608	0.00975458
707.681	0.00952116
705.752	0.00939065
703.825	0.0099747
701.897	0.00985429
699.968	0.00857425
698.041	0.0084197
696.112	0.00976326
694.185	0.0105446
692.256	0.0108099
690.329	0.0113199
688.4	0.0112448
686.473	0.0112101
684.544	0.0114468
682.617	0.0121442
680.688	0.0116626
678.76	0.0115629
676.833	0.0122049
674.904	0.0124248
672.977	0.0127899
671.048	0.0138945
669.121	0.0145371
667.192	0.0136795
665.265	0.0134261
663.336	0.0133781
661.408	0.0133945
659.48	0.015072
657.552	0.0156907
655.625	0.0164566
653.696	0.0164996
651.769	0.0164236
649.84	0.0163747
647.913	0.0151158
645.984	0.0146295
644.056	0.015008
642.128	0.0156638
640.2	0.0162601
638.272	0.0165839
636.344	0.0179252
634.417	0.0175497
632.488	0.0173122
630.561	0.0194943
628.632	0.0201717
626.704	0.020496
624.776	0.0209404
622.848	0.0224369
620.92	0.0235574
618.992	0.0248647
617.064	0.0261512
615.136	0.026819
613.208	0.0272623
611.28	0.0274301
609.353	0.0271686
607.424	0.028153
605.496	0.0303525
603.568	0.0328845
601.64	0.0342644
599.712	0.0343247
597.784	0.0344972
595.856	0.0351671
593.928	0.0376925
592	0.0407528
590.072	0.043355
588.144	0.0431384
586.216	0.0429661
584.288	0.0459332
582.36	0.0479656
580.432	0.0483032
578.504	0.0475425
576.576	0.0453483
574.648	0.0457481
572.72	0.0475099
570.792	0.0467803
568.864	0.0448693
566.936	0.0446297
565.008	0.0442876
563.08	0.0436917
561.152	0.0454137
559.224	0.0472914
557.296	0.0468992
555.368	0.0470004
553.44	0.0480983
551.512	0.0502159
549.583	0.0522389
547.656	0.0531514
545.728	0.0539166
543.8	0.054386
541.872	0.0552796
539.944	0.055226
538.016	0.0540929
536.088	0.0529707
534.16	0.0527582
532.231	0.0529731
530.304	0.054063
528.375	0.0553256
526.448	0.0537099
524.52	0.0510305
522.592	0.0475401
520.664	0.0478015
518.736	0.047966
516.808	0.0469185
514.879	0.0457412
512.952	0.0446747
511.023	0.0459434
509.096	0.0478601
507.167	0.0505828
505.24	0.0498692
503.312	0.0476219
501.384	0.0484722
499.456	0.0517815
497.527	0.0553776
495.6	0.0569968
493.671	0.0582622
491.744	0.0638772
489.815	0.0654982
487.888	0.067426
485.959	0.0697286
484.032	0.0761076
482.104	0.0840687
480.176	0.0838801
478.248	0.0815578
476.319	0.0803709
474.392	0.0788987
472.463	0.081403
470.536	0.0844641
468.607	0.0811478
466.68	0.0776753
464.751	0.072538
462.824	0.0658846
460.895	0.0642508
458.967	0.058371
457.04	0.0554624
455.111	0.0521501
453.184	0.0465012
451.255	0.0343734
449.328	0.0284171
447.399	0.0357476
445.472	0.0396545
443.543	0.0345473
441.615	0.0305741
439.687	0.0262484
437.759	0.019973
435.832	0.016456
433.903	0.014692
431.976	0.0277363
430.047	0.0356144
428.12	0.0176755
426.191	0.00567819
424.263	0.000183436
422.335	-0.00462666
420.407	0.00128412
418.479	0.00649202
416.551	0.00373434
414.624	-0.0396867
412.695	-0.0751083
410.768	-0.0343766
408.839	-0.0167038
406.912	-0.0141102
404.983	0.0164868
403.055	0.00582764
401.127	-0.0381173
