mAHl0090.spa, Tue Oct 31 14:13:06 2006 (GMT-10:00)
7999.41	0.00439931
7997.48	0.00617044
7995.55	0.00802966
7993.62	0.00878802
7991.7	0.00849751
7989.77	0.00649283
7987.84	0.00670773
7985.91	0.0056747
7983.98	0.00903556
7982.06	0.0120019
7980.13	0.00913314
7978.2	0.00588722
7976.27	0.00526571
7974.34	0.00593471
7972.42	0.00326351
7970.49	0.00108311
7968.56	0.00277187
7966.63	0.00585904
7964.7	0.00630775
7962.78	0.00596582
7960.85	0.00586972
7958.92	0.00729357
7956.99	0.00439222
7955.06	0.00129582
7953.14	0.0018473
7951.21	0.00407169
7949.28	0.00569266
7947.35	0.00228013
7945.42	0.00617774
7943.5	0.00964914
7941.57	0.00518275
7939.64	0.00240599
7937.71	0.00223973
7935.78	0.00324368
7933.86	0.0052414
7931.93	0.00361569
7930	0.00489062
7928.07	0.0072627
7926.14	0.00781299
7924.22	0.00945282
7922.29	0.00766066
7920.36	0.0065821
7918.43	0.00486227
7916.5	0.00521514
7914.58	0.00652381
7912.65	0.00716248
7910.72	0.00664464
7908.79	0.00746976
7906.86	0.00559055
7904.94	0.00502008
7903.01	0.00292102
7901.08	0.00315779
7899.15	0.00564872
7897.22	0.00606634
7895.3	0.00614426
7893.37	0.00612773
7891.44	0.00715567
7889.51	0.00773921
7887.58	0.0075033
7885.66	0.00726432
7883.73	0.00465133
7881.8	0.00401322
7879.87	0.00726799
7877.94	0.00758031
7876.02	0.0050228
7874.09	0.00576011
7872.16	0.00540995
7870.23	0.00531669
7868.3	0.00839167
7866.38	0.00894592
7864.45	0.00663361
7862.52	0.00507724
7860.59	0.00445628
7858.66	0.00527363
7856.74	0.00659795
7854.81	0.00759835
7852.88	0.00573063
7850.95	0.00388974
7849.02	0.00300002
7847.1	0.0023781
7845.17	0.00517205
7843.24	0.00480735
7841.31	0.005844
7839.38	0.00799412
7837.46	0.00761352
7835.53	0.00777362
7833.6	0.0059292
7831.67	0.0049059
7829.74	0.00453925
7827.82	0.00363804
7825.89	0.00225935
7823.96	0.00386932
7822.03	0.00509899
7820.1	0.00594459
7818.18	0.00779554
7816.25	0.00933445
7814.32	0.00505843
7812.39	0.0019079
7810.46	0.00533934
7808.54	0.00775112
7806.61	0.00604423
7804.68	0.0053713
7802.75	0.00753408
7800.82	0.00681701
7798.9	0.00611472
7796.97	0.0076033
7795.04	0.00833542
7793.11	0.00762906
7791.18	0.00839325
7789.26	0.00802041
7787.33	0.00475101
7785.4	0.00366059
7783.47	0.00667011
7781.54	0.00574148
7779.62	0.0041981
7777.69	0.00735341
7775.76	0.00759339
7773.83	0.00761531
7771.9	0.0083205
7769.98	0.00582942
7768.05	0.00567101
7766.12	0.00537593
7764.19	0.00400714
7762.26	0.00519244
7760.34	0.0061367
7758.41	0.00581837
7756.48	0.0037925
7754.55	0.00288126
7752.62	0.00557498
7750.7	0.00530656
7748.77	0.00569263
7746.84	0.00568696
7744.91	0.00413213
7742.98	0.00485845
7741.06	0.00446998
7739.13	0.0064059
7737.2	0.00866213
7735.27	0.00795422
7733.34	0.00693069
7731.42	0.00678611
7729.49	0.00511321
7727.56	0.00413002
7725.63	0.00481841
7723.7	0.00625084
7721.78	0.00782904
7719.85	0.00821729
7717.92	0.00483818
7715.99	0.00274547
7714.06	0.00682724
7712.14	0.00621995
7710.21	0.0018875
7708.28	0.00122862
7706.35	0.00448655
7704.42	0.00684319
7702.5	0.00485915
7700.57	0.00411557
7698.64	0.0044287
7696.71	0.00368131
7694.78	0.00481134
7692.86	0.0060618
7690.93	0.00540485
7689	0.00457434
7687.07	0.00421325
7685.14	0.00608126
7683.22	0.00706797
7681.29	0.00479446
7679.36	0.00388673
7677.43	0.00488703
7675.5	0.0067641
7673.58	0.00628953
7671.65	0.00426063
7669.72	0.00514965
7667.79	0.0061814
7665.86	0.00609849
7663.94	0.00554776
7662.01	0.00515086
7660.08	0.00568004
7658.15	0.00645873
7656.22	0.00517685
7654.29	0.00299105
7652.37	0.00322489
7650.44	0.00721008
7648.51	0.00705662
7646.58	0.00431949
7644.66	0.00350234
7642.73	0.00528503
7640.8	0.00582643
7638.87	0.00537822
7636.94	0.00496689
7635.02	0.00344743
7633.09	0.0038049
7631.16	0.00530754
7629.23	0.00500993
7627.3	0.00495358
7625.38	0.00625851
7623.45	0.00720597
7621.52	0.00667048
7619.59	0.00446117
7617.66	0.00533682
7615.73	0.00718805
7613.81	0.00669299
7611.88	0.00574333
7609.95	0.00568286
7608.02	0.00425752
7606.09	0.00432458
7604.17	0.00474816
7602.24	0.00349876
7600.31	0.00404071
7598.38	0.0065785
7596.46	0.00634211
7594.53	0.00368592
7592.6	0.00411998
7590.67	0.00548642
7588.74	0.00382954
7586.81	0.00271806
7584.89	0.00222288
7582.96	0.00204008
7581.03	0.00234875
7579.1	0.00338765
7577.17	0.00331779
7575.25	0.00364302
7573.32	0.00551558
7571.39	0.00488288
7569.46	0.00337873
7567.53	0.00302384
7565.61	0.00303292
7563.68	0.00310299
7561.75	0.00372766
7559.82	0.00283947
7557.89	0.00213876
7555.97	0.00211715
7554.04	0.00290521
7552.11	0.00424765
7550.18	0.0043541
7548.25	0.00552994
7546.33	0.00499692
7544.4	0.00341059
7542.47	0.00417986
7540.54	0.00669209
7538.61	0.00622526
7536.69	0.00453874
7534.76	0.00450915
7532.83	0.00503785
7530.9	0.00503178
7528.97	0.00513044
7527.05	0.00575323
7525.12	0.00453566
7523.19	0.00451393
7521.26	0.00495191
7519.33	0.00290908
7517.41	0.00397487
7515.48	0.00617643
7513.55	0.00406754
7511.62	0.00202143
7509.69	0.00303185
7507.77	0.00530194
7505.84	0.00567091
7503.91	0.00411186
7501.98	0.00325239
7500.05	0.00221305
7498.13	0.000712734
7496.2	0.00195473
7494.27	0.00476363
7492.34	0.0054222
7490.41	0.00431266
7488.49	0.00395173
7486.56	0.00390619
7484.63	0.00315636
7482.7	0.00318289
7480.77	0.00327566
7478.85	0.00237417
7476.92	0.00225448
7474.99	0.00197613
7473.06	0.00290081
7471.13	0.00478551
7469.21	0.00445304
7467.28	0.00371219
7465.35	0.00385902
7463.42	0.00352261
7461.49	0.00217113
7459.57	0.00289407
7457.64	0.00468743
7455.71	0.00403877
7453.78	0.00301851
7451.85	0.00244657
7449.93	0.00308708
7448	0.00316243
7446.07	0.00265158
7444.14	0.00268878
7442.21	0.00174553
7440.29	0.00239053
7438.36	0.0041703
7436.43	0.00402085
7434.5	0.00215105
7432.57	2.50169e-05
7430.65	0.00225142
7428.72	0.00471356
7426.79	0.00451802
7424.86	0.00509531
7422.93	0.00537302
7421.01	0.00434175
7419.08	0.00232
7417.15	0.00286909
7415.22	0.00471747
7413.29	0.0063557
7411.37	0.00536886
7409.44	0.00428947
7407.51	0.00377743
7405.58	0.00319434
7403.65	0.00261628
7401.73	0.00263821
7399.8	0.00505203
7397.87	0.00479643
7395.94	0.00223597
7394.01	0.00250895
7392.09	0.00501673
7390.16	0.00556719
7388.23	0.0050174
7386.3	0.00527272
7384.37	0.00494196
7382.45	0.00245613
7380.52	0.00285538
7378.59	0.00474421
7376.66	0.00450617
7374.73	0.00299088
7372.81	0.00254895
7370.88	0.00210123
7368.95	0.00285171
7367.02	0.00248699
7365.09	0.00270832
7363.17	0.00306405
7361.24	0.00415929
7359.31	0.00460243
7357.38	0.00520022
7355.45	0.00549105
7353.53	0.00424905
7351.6	0.00305571
7349.67	0.00399958
7347.74	0.00398617
7345.81	0.00252385
7343.89	0.0034336
7341.96	0.00346536
7340.03	0.00308678
7338.1	0.00407212
7336.17	0.0039408
7334.25	0.00233556
7332.32	0.0041241
7330.39	0.00477298
7328.46	0.00377642
7326.53	0.00272416
7324.61	0.00312802
7322.68	0.00267435
7320.75	0.00161031
7318.82	0.00420201
7316.89	0.00644185
7314.97	0.00541351
7313.04	0.00292639
7311.11	0.00165066
7309.18	0.00330564
7307.25	0.00446251
7305.33	0.00395919
7303.4	0.00267815
7301.47	0.000674138
7299.54	0.00144389
7297.61	0.0022819
7295.69	0.00237144
7293.76	0.00358161
7291.83	0.00478172
7289.9	0.00455374
7287.97	0.00310917
7286.05	0.00230398
7284.12	0.00170231
7282.19	0.000775731
7280.26	0.00154364
7278.33	0.00341323
7276.41	0.00317712
7274.48	0.00200675
7272.55	0.00225142
7270.62	0.00372308
7268.69	0.00338224
7266.77	0.00323473
7264.84	0.00321851
7262.91	0.001886
7260.98	0.00161105
7259.05	0.00316791
7257.13	0.00262538
7255.2	0.00346022
7253.27	0.00477137
7251.34	0.00377117
7249.41	0.00246963
7247.49	0.00207044
7245.56	0.0021634
7243.63	0.00219733
7241.7	0.00197317
7239.77	0.00264264
7237.85	0.00302715
7235.92	0.0028904
7233.99	0.00228666
7232.06	0.000980548
7230.13	0.000393347
7228.21	0.00136056
7226.28	0.00358201
7224.35	0.00425327
7222.42	0.0036511
7220.49	0.00327953
7218.57	0.00381499
7216.64	0.00401122
7214.71	0.00342288
7212.78	0.00390271
7210.85	0.00388703
7208.93	0.00265535
7207	0.00292746
7205.07	0.00359307
7203.14	0.00263731
7201.21	0.00133207
7199.29	0.00202153
7197.36	0.00362831
7195.43	0.00323363
7193.5	0.00346626
7191.57	0.0027457
7189.65	0.00193363
7187.72	0.00184617
7185.79	0.00297343
7183.86	0.00337883
7181.93	0.00337983
7180	0.00306842
7178.08	0.00208612
7176.15	0.0018881
7174.22	0.002823
7172.29	0.00346035
7170.37	0.00179054
7168.44	0.00112254
7166.51	0.00369849
7164.58	0.00322262
7162.65	0.00188178
7160.73	0.00274306
7158.8	0.00238396
7156.87	0.00205392
7154.94	0.00300549
7153.01	0.00423025
7151.08	0.00408988
7149.16	0.00343079
7147.23	0.00227923
7145.3	0.00272703
7143.37	0.00325056
7141.44	0.00271649
7139.52	0.00275847
7137.59	0.00295128
7135.66	0.00307396
7133.73	0.00370413
7131.8	0.00361939
7129.88	0.00249706
7127.95	0.00253511
7126.02	0.00261628
7124.09	0.00284994
7122.17	0.00229592
7120.24	0.00151291
7118.31	0.00193652
7116.38	0.000652502
7114.45	0.00171625
7112.52	0.00293473
7110.6	0.00176292
7108.67	0.00131722
7106.74	0.0018094
7104.81	0.0028853
7102.88	0.00434436
7100.96	0.00320325
7099.03	0.000941596
7097.1	0.00179699
7095.17	0.00325289
7093.24	0.00318977
7091.32	0.00346406
7089.39	0.00336374
7087.46	0.00183779
7085.53	0.00112513
7083.6	0.00144888
7081.68	0.001827
7079.75	0.00208375
7077.82	0.00225895
7075.89	0.00301313
7073.96	0.00206707
7072.04	0.00119025
7070.11	0.00190627
7068.18	0.00133221
7066.25	0.0010031
7064.32	0.00191689
7062.4	0.00165255
7060.47	0.00162355
7058.54	0.00235658
7056.61	0.00339777
7054.68	0.00361572
7052.76	0.00339877
7050.83	0.00326818
7048.9	0.0033432
7046.97	0.00343153
7045.04	0.00338284
7043.12	0.00275287
7041.19	0.00259538
7039.26	0.00221145
7037.33	0.00277251
7035.4	0.00336878
7033.48	0.00354726
7031.55	0.00410674
7029.62	0.00411952
7027.69	0.00369551
7025.76	0.00322338
7023.84	0.00390061
7021.91	0.00269422
7019.98	0.00176702
7018.05	0.00235158
7016.12	0.00271339
7014.2	0.00398992
7012.27	0.00346035
7010.34	0.00313967
7008.41	0.00406697
7006.48	0.0035461
7004.56	0.00271356
7002.63	0.00326772
7000.7	0.00287696
6998.77	0.00182591
6996.84	0.00153626
6994.92	0.00108281
6992.99	0.00203821
6991.06	0.00280442
6989.13	0.00254345
6987.2	0.00211951
6985.28	0.00222208
6983.35	0.00243101
6981.42	0.00252688
6979.49	0.00312375
6977.56	0.00298835
6975.64	0.00298885
6973.71	0.00364659
6971.78	0.00251392
6969.85	0.00146959
6967.92	0.0020773
6966	0.00204504
6964.07	0.00122317
6962.14	0.00225552
6960.21	0.00323363
6958.28	0.00327423
6956.36	0.00261581
6954.43	0.00302131
6952.5	0.00269038
6950.57	0.0023286
6948.64	0.00273083
6946.72	0.0024563
6944.79	0.00140237
6942.86	0.000775631
6940.93	0.00163177
6939	0.00390723
6937.08	0.00440698
6935.15	0.0045133
6933.22	0.00457541
6931.29	0.0035145
6929.36	0.0030819
6927.44	0.00182547
6925.51	0.00092247
6923.58	0.00194521
6921.65	0.00337336
6919.72	0.00338074
6917.8	0.00228656
6915.87	0.00197829
6913.94	0.00157227
6912.01	0.00254658
6910.08	0.00317011
6908.16	0.00196688
6906.23	0.00125029
6904.3	0.00151351
6902.37	0.0017426
6900.44	0.00129482
6898.52	0.00109593
6896.59	0.00218028
6894.66	0.00292926
6892.73	0.00284551
6890.8	0.00230445
6888.88	0.00251892
6886.95	0.00257321
6885.02	0.00135391
6883.09	0.00058385
6881.16	0.000919581
6879.24	0.00146062
6877.31	0.00196967
6875.38	0.00221855
6873.45	0.00190234
6871.52	0.00267361
6869.6	0.00271702
6867.67	0.00125481
6865.74	-0.000115324
6863.81	0.000834454
6861.88	0.00203415
6859.96	0.00183885
6858.03	0.00152907
6856.1	0.00126152
6854.17	0.000844347
6852.24	0.00154114
6850.32	0.00244024
6848.39	0.0018857
6846.46	0.00205935
6844.53	0.00243321
6842.6	0.00215854
6840.68	0.00176176
6838.75	0.00197876
6836.82	0.00266925
6834.89	0.00250129
6832.96	0.00223993
6831.04	0.00187126
6829.11	0.00137844
6827.18	0.00123261
6825.25	0.00125275
6823.32	0.00128887
6821.4	0.00178222
6819.47	0.00116463
6817.54	0.000541914
6815.61	0.00198875
6813.68	0.00268528
6811.76	0.00251892
6809.83	0.0028874
6807.9	0.00284498
6805.97	0.00243434
6804.04	0.00228782
6802.12	0.00170531
6800.19	0.000826586
6798.26	0.00169885
6796.33	0.00290158
6794.4	0.0027406
6792.48	0.00282076
6790.55	0.00286375
6788.62	0.00228633
6786.69	0.00298865
6784.76	0.00375841
6782.84	0.00310356
6780.91	0.00282293
6778.98	0.00267301
6777.05	0.00250715
6775.12	0.00169925
6773.2	0.00177517
6771.27	0.0030134
6769.34	0.00376389
6767.41	0.00358755
6765.48	0.00260884
6763.56	0.00206947
6761.63	0.00193512
6759.7	0.00202403
6757.77	0.00196857
6755.84	0.00207863
6753.92	0.00196851
6751.99	0.00234649
6750.06	0.00302888
6748.13	0.00317198
6746.2	0.00339289
6744.28	0.00212224
6742.35	0.00121444
6740.42	0.00205359
6738.49	0.00295689
6736.56	0.00291442
6734.64	0.00278515
6732.71	0.00254758
6730.78	0.00272339
6728.85	0.00262538
6726.92	0.00226398
6725	0.00245593
6723.07	0.00310797
6721.14	0.00320325
6719.21	0.00297834
6717.28	0.00276977
6715.35	0.00306312
6713.43	0.00258361
6711.5	0.00227593
6709.57	0.00305968
6707.64	0.00298861
6705.71	0.00298337
6703.79	0.00309489
6701.86	0.00294885
6699.93	0.00277668
6698	0.00240602
6696.08	0.00246143
6694.15	0.00312492
6692.22	0.00295975
6690.29	0.00236511
6688.36	0.00291499
6686.44	0.00336351
6684.51	0.00286192
6682.58	0.00229495
6680.65	0.00271392
6678.72	0.002021
6676.79	0.00140989
6674.87	0.00204048
6672.94	0.00229632
6671.01	0.00184334
6669.08	0.00174519
6667.15	0.00182697
6665.23	0.00180471
6663.3	0.00179965
6661.37	0.00190391
6659.44	0.0021007
6657.51	0.00245827
6655.59	0.00226224
6653.66	0.00169919
6651.73	0.00174892
6649.8	0.00264054
6647.88	0.0027422
6645.95	0.00257451
6644.02	0.00258618
6642.09	0.00271249
6640.16	0.00308264
6638.23	0.00285125
6636.31	0.00264248
6634.38	0.00163107
6632.45	0.00095003
6630.52	0.00191985
6628.59	0.00246796
6626.67	0.00200149
6624.74	0.00227493
6622.81	0.0023761
6620.88	0.00218351
6618.95	0.00221272
6617.03	0.00210882
6615.1	0.00209564
6613.17	0.00185066
6611.24	0.00168665
6609.31	0.00164271
6607.39	0.00235498
6605.46	0.00296259
6603.53	0.0024653
6601.6	0.00170258
6599.67	0.00147242
6597.75	0.00144396
6595.82	0.000878177
6593.89	0.00108095
6591.96	0.00187296
6590.03	0.00255401
6588.11	0.00211372
6586.18	0.00152488
6584.25	0.00200016
6582.32	0.00187822
6580.39	0.00222201
6578.47	0.00239559
6576.54	0.00198498
6574.61	0.00138283
6572.68	0.0010201
6570.75	0.00115423
6568.83	0.00197094
6566.9	0.00248213
6564.97	0.00201621
6563.04	0.00211761
6561.11	0.00228636
6559.19	0.00189625
6557.26	0.00129661
6555.33	0.00161018
6553.4	0.00096959
6551.47	0.000796577
6549.55	0.00180851
6547.62	0.00249366
6545.69	0.00279809
6543.76	0.00192824
6541.83	0.00146078
6539.91	0.00116938
6537.98	0.000720368
6536.05	0.00106381
6534.12	0.00212138
6532.19	0.00194428
6530.27	0.00146075
6528.34	0.00150151
6526.41	0.00166443
6524.48	0.00134534
6522.55	0.00127295
6520.63	0.00185615
6518.7	0.00166506
6516.77	0.00147707
6514.84	0.00184358
6512.91	0.00173837
6510.99	0.00168798
6509.06	0.00197487
6507.13	0.00190737
6505.2	0.00156612
6503.27	0.00202653
6501.35	0.00222314
6499.42	0.00182471
6497.49	0.00159934
6495.56	0.00128398
6493.63	0.00154045
6491.71	0.00224982
6489.78	0.00249289
6487.85	0.00191476
6485.92	0.00171662
6483.99	0.00164021
6482.07	0.00131775
6480.14	0.00140437
6478.21	0.00142893
6476.28	0.00126029
6474.35	0.00112061
6472.43	0.00210609
6470.5	0.00140354
6468.57	-0.000144109
6466.64	0.00065207
6464.71	0.00170088
6462.79	0.00111427
6460.86	0.000650743
6458.93	0.00120935
6457	0.00169699
6455.07	0.000958697
6453.15	0.000232895
6451.22	8.65547e-05
6449.29	-0.00041987
6447.36	-0.000358164
6445.43	0.000389035
6443.51	0.00106374
6441.58	0.00131758
6439.65	0.00149376
6437.72	0.00145457
6435.79	0.00133168
6433.87	0.000960756
6431.94	0.000315285
6430.01	0.000743767
6428.08	0.00048061
6426.15	0.000561853
6424.23	0.00029874
6422.3	0.000594168
6420.37	0.00108431
6418.44	0.000549378
6416.51	0.00038227
6414.59	0.000998548
6412.66	0.00160173
6410.73	0.00155837
6408.8	0.0006678
6406.87	0.00073912
6404.95	0.00104916
6403.02	0.000894014
6401.09	0.000783531
6399.16	0.00124095
6397.23	0.000956506
6395.31	0.000474672
6393.38	0.000783199
6391.45	0.000774669
6389.52	0.000799232
6387.59	0.000572934
6385.67	0.000831698
6383.74	0.000943754
6381.81	0.00102877
6379.88	0.00075618
6377.95	0.000431288
6376.03	0.000623765
6374.1	0.000281631
6372.17	7.4094e-05
6370.24	0.000614309
6368.31	0.000327388
6366.39	0.000266977
6364.46	0.000623798
6362.53	0.000687246
6360.6	0.000837674
6358.67	0.000710046
6356.75	-6.81182e-05
6354.82	0.000177999
6352.89	0.000992869
6350.96	0.000526421
6349.03	-0.000130595
6347.11	-0.00013086
6345.18	4.47664e-05
6343.25	0.000709382
6341.32	0.000512289
6339.39	0.000310212
6337.47	0.000603989
6335.54	0.000121785
6333.61	-0.000166202
6331.68	-1.61028e-05
6329.75	0.000279675
6327.83	0.000505024
6325.9	0.000556246
6323.97	0.000222784
6322.04	1.18621e-05
6320.11	-4.61201e-05
6318.19	-0.000132781
6316.26	0.000273807
6314.33	0.000159305
6312.4	-0.000214424
6310.47	-0.000322672
6308.55	-0.000531277
6306.62	-0.000347768
6304.69	0.000208662
6302.76	0.000430956
6300.83	-0.000279959
6298.91	-0.000347503
6296.98	-0.000156696
6295.05	-2.42866e-05
6293.12	0.000326327
6291.19	0.000170939
6289.27	-0.00010002
6287.34	0.000227989
6285.41	0.000373316
6283.48	-0.00016332
6281.55	-0.000859706
6279.62	-0.000900312
6277.7	-0.000185147
6275.77	-0.000104923
6273.84	-0.000700683
6271.91	-0.000721821
6269.99	-7.77586e-05
6268.06	-0.000296647
6266.13	-0.00130114
6264.2	-0.00113448
6262.27	-0.000307971
6260.34	-0.000721358
6258.42	-0.000961578
6256.49	-0.000740907
6254.56	-0.000131622
6252.63	0.000383696
6250.71	7.28955e-06
6248.78	8.05895e-05
6246.85	0.000101634
6244.92	-0.000341974
6242.99	-0.000153582
6241.06	0.000247217
6239.14	-0.000199587
6237.21	6.01756e-05
6235.28	0.000130965
6233.35	-0.000569598
6231.42	-0.000621282
6229.5	-0.000358528
6227.57	-0.00060325
6225.64	-0.000671836
6223.71	-0.000513572
6221.79	-7.56716e-05
6219.86	0.000372752
6217.93	-0.000148912
6216	-0.000501691
6214.07	-0.000408913
6212.15	-0.000176867
6210.22	0.00031134
6208.29	-3.03497e-05
6206.36	-0.0006323
6204.43	-0.000419109
6202.5	-0.000391369
6200.58	-0.000633657
6198.65	-0.000175674
6196.72	6.90568e-05
6194.79	-4.69153e-05
6192.86	7.51876e-05
6190.94	-0.000250918
6189.01	-0.000434832
6187.08	-0.000662937
6185.15	-0.000862649
6183.22	-0.000980654
6181.3	-0.000715635
6179.37	-0.000113767
6177.44	0.000176773
6175.51	0.000348942
6173.58	0.000456993
6171.66	0.00025229
6169.73	0.000172099
6167.8	-0.000357866
6165.87	-0.0010307
6163.94	-0.000702403
6162.02	-6.23869e-05
6160.09	-0.000208893
6158.16	-0.000740941
6156.23	-0.000610794
6154.3	-0.000440095
6152.38	-3.30334e-05
6150.45	-4.81411e-05
6148.52	-0.000602357
6146.59	-0.000497455
6144.66	-6.95097e-05
6142.74	3.39637e-05
6140.81	-0.000440823
6138.88	-0.00111208
6136.95	-0.000378392
6135.02	-6.79195e-05
6133.1	-0.000220186
6131.17	-0.000239327
6129.24	-0.000197268
6127.31	-0.000163585
6125.38	-0.000170806
6123.46	4.72517e-05
6121.53	-1.71962e-05
6119.6	-0.000554078
6117.67	-0.000832126
6115.74	-0.000579161
6113.82	-0.000323467
6111.89	-0.000260786
6109.96	-0.000470646
6108.03	-0.000234062
6106.1	-0.000357866
6104.18	-0.00108683
6102.25	-0.00105873
6100.32	-0.000870387
6098.39	-0.000761018
6096.46	-0.00139575
6094.54	-0.00175963
6092.61	-0.00116446
6090.68	-0.000230055
6088.75	-0.000216874
6086.82	-0.000543356
6084.9	-0.000876868
6082.97	-0.000729429
6081.04	-0.000407192
6079.11	-0.000440989
6077.18	-0.000746828
6075.26	-0.000769221
6073.33	-0.000952321
6071.4	-0.000986439
6069.47	-0.000762804
6067.54	-0.000683746
6065.62	-0.000641928
6063.69	-0.000146792
6061.76	-8.43179e-05
6059.83	-0.000410105
6057.9	-0.000699592
6055.98	-0.000728404
6054.05	-0.000631837
6052.12	-0.000919688
6050.19	-0.000831696
6048.26	-0.000626411
6046.34	-0.000803585
6044.41	-0.00109516
6042.48	-0.00119892
6040.55	-0.00121673
6038.62	-0.00138878
6036.7	-0.00124029
6034.77	-0.000831497
6032.84	-0.000750864
6030.91	-0.000809207
6028.98	-0.000946766
6027.06	-0.00144492
6025.13	-0.00126381
6023.2	-0.000803783
6021.27	-0.000689535
6019.34	-0.000731447
6017.42	-0.000861988
6015.49	-0.00103308
6013.56	-0.00143581
6011.63	-0.0012723
6009.7	-0.0009468
6007.78	-0.00101685
6005.85	-0.00130554
6003.92	-0.00131674
6001.99	-0.00151876
6000.06	-0.00142848
5998.14	-0.000847867
5996.21	-0.000712063
5994.28	-0.0010276
5992.35	-0.000970769
5990.42	-0.00093126
5988.5	-0.000961214
5986.57	-0.00110547
5984.64	-0.00120467
5982.71	-0.000938997
5980.78	-0.000788173
5978.86	-0.000611886
5976.93	-0.00089565
5975	-0.000871544
5973.07	-0.000559505
5971.14	-0.000313666
5969.22	-0.000518172
5967.29	-0.000701973
5965.36	-0.000732208
5963.43	-0.000863641
5961.5	-0.00102485
5959.58	-0.00142316
5957.65	-0.0014082
5955.72	-0.00147068
5953.79	-0.00142603
5951.86	-0.00115421
5949.94	-0.000846644
5948.01	-0.000524559
5946.08	-0.000517676
5944.15	-0.00095156
5942.22	-0.0014648
5940.3	-0.00193459
5938.37	-0.00150525
5936.44	-0.00113838
5934.51	-0.0012092
5932.58	-0.00136777
5930.66	-0.0016312
5928.73	-0.00116882
5926.8	-0.000957346
5924.87	-0.000981149
5922.94	-0.000901866
5921.02	-0.000879844
5919.09	-0.000964223
5917.16	-0.00106541
5915.23	-0.0013614
5913.3	-0.0016279
5911.38	-0.00155303
5909.45	-0.00101695
5907.52	-0.00036505
5905.59	-0.000594051
5903.66	-0.00151615
5901.74	-0.00163157
5899.81	-0.00122559
5897.88	-0.00156792
5895.95	-0.00215518
5894.02	-0.00171662
5892.1	-0.00122132
5890.17	-0.00156541
5888.24	-0.00166421
5886.31	-0.00135968
5884.38	-0.001328
5882.46	-0.00144244
5880.53	-0.0018118
5878.6	-0.00168124
5876.67	-0.00120999
5874.74	-0.00124184
5872.82	-0.00136648
5870.89	-0.00159195
5868.96	-0.00155808
5867.03	-0.00166682
5865.1	-0.00202054
5863.18	-0.00163744
5861.25	-0.00121769
5859.32	-0.00123124
5857.39	-0.00104816
5855.46	-0.00103024
5853.54	-0.00124095
5851.61	-0.0012089
5849.68	-0.00155673
5847.75	-0.00160093
5845.82	-0.00147619
5843.9	-0.00153134
5841.97	-0.0011865
5840.04	-0.00138564
5838.11	-0.00148016
5836.18	-0.00157403
5834.25	-0.00169616
5832.33	-0.00126276
5830.4	-0.00133527
5828.47	-0.0017355
5826.54	-0.00160351
5824.62	-0.00152496
5822.69	-0.00132612
5820.76	-0.000828223
5818.83	-0.00108104
5816.9	-0.00156422
5814.98	-0.00148125
5813.05	-0.00102363
5811.12	-0.00106756
5809.19	-0.00150812
5807.26	-0.00140869
5805.33	-0.00149997
5803.41	-0.001709
5801.48	-0.00149373
5799.55	-0.00105787
5797.62	-0.00123966
5795.7	-0.00155128
5793.77	-0.0015455
5791.84	-0.00185403
5789.91	-0.00196378
5787.98	-0.00143062
5786.06	-0.00130114
5784.13	-0.00152985
5782.2	-0.00189913
5780.27	-0.00191572
5778.34	-0.00163592
5776.42	-0.00156871
5774.49	-0.00139208
5772.56	-0.00157508
5770.63	-0.00167461
5768.7	-0.00136609
5766.77	-0.00118376
5764.85	-0.00140172
5762.92	-0.00198275
5760.99	-0.00197437
5759.06	-0.00144978
5757.13	-0.00162807
5755.21	-0.00153728
5753.28	-0.00126913
5751.35	-0.0013503
5749.42	-0.00106551
5747.49	-0.000849884
5745.57	-0.000649207
5743.64	-0.000572014
5741.71	-0.00115904
5739.78	-0.00156023
5737.85	-0.00129464
5735.93	-0.0010307
5734	-0.00109516
5732.07	-0.00150994
5730.14	-0.00163734
5728.21	-0.00135714
5726.29	-0.00145747
5724.36	-0.00133177
5722.43	-0.00126259
5720.5	-0.0012204
5718.57	-0.00122588
5716.65	-0.00125754
5714.72	-0.00111984
5712.79	-0.0011823
5710.86	-0.00166613
5708.93	-0.00182295
5707.01	-0.00179978
5705.08	-0.00185558
5703.15	-0.00177659
5701.22	-0.00178847
5699.29	-0.00175695
5697.37	-0.00148547
5695.44	-0.00128506
5693.51	-0.00148501
5691.58	-0.0018825
5689.65	-0.00164824
5687.73	-0.00156874
5685.8	-0.00152506
5683.87	-0.00117378
5681.94	-0.00107212
5680.01	-0.00113472
5678.09	-0.00131304
5676.16	-0.00155792
5674.23	-0.00160872
5672.3	-0.00130977
5670.37	-0.00133058
5668.45	-0.00135327
5666.52	-0.0014081
5664.59	-0.00128727
5662.66	-0.00144694
5660.73	-0.00144519
5658.81	-0.00125489
5656.88	-0.0014651
5654.95	-0.0018628
5653.02	-0.00163348
5651.09	-0.00170864
5649.17	-0.00184486
5647.24	-0.00163629
5645.31	-0.00187841
5643.38	-0.00166619
5641.45	-0.00109241
5639.53	-0.0012613
5637.6	-0.0015495
5635.67	-0.00155752
5633.74	-0.00139234
5631.81	-0.00139158
5629.89	-0.00123408
5627.96	-0.00112573
5626.03	-0.00118511
5624.1	-0.00126428
5622.17	-0.00132747
5620.25	-0.00141685
5618.32	-0.001393
5616.39	-0.00140044
5614.46	-0.00161057
5612.53	-0.00160806
5610.61	-0.00154316
5608.68	-0.00136427
5606.75	-0.00133814
5604.82	-0.00160585
5602.89	-0.00165844
5600.97	-0.00159212
5599.04	-0.00152619
5597.11	-0.00152556
5595.18	-0.00164292
5593.25	-0.00137107
5591.33	-0.00128416
5589.4	-0.00156567
5587.47	-0.00154233
5585.54	-0.00162394
5583.61	-0.001662
5581.69	-0.00153279
5579.76	-0.00193459
5577.83	-0.00214051
5575.9	-0.0017325
5573.97	-0.00164536
5572.05	-0.00168425
5570.12	-0.00148663
5568.19	-0.0013972
5566.26	-0.00122156
5564.33	-0.00120513
5562.41	-0.00164246
5560.48	-0.00197816
5558.55	-0.00167345
5556.62	-0.00152239
5554.69	-0.00160532
5552.77	-0.00160476
5550.84	-0.00152371
5548.91	-0.00164503
5546.98	-0.00147002
5545.05	-0.00151635
5543.13	-0.00143115
5541.2	-0.00150849
5539.27	-0.00183361
5537.34	-0.00178474
5535.41	-0.00131337
5533.49	-0.00153058
5531.56	-0.001759
5529.63	-0.00151519
5527.7	-0.00126471
5525.77	-0.00127069
5523.85	-0.00136922
5521.92	-0.00130663
5519.99	-0.00136952
5518.06	-0.00176547
5516.13	-0.0019428
5514.21	-0.00182806
5512.28	-0.0016209
5510.35	-0.00179282
5508.42	-0.00182674
5506.49	-0.00150519
5504.57	-0.0011017
5502.64	-0.000993249
5500.71	-0.0014293
5498.78	-0.00175936
5496.85	-0.00154302
5494.93	-0.00149254
5493	-0.00151377
5491.07	-0.0015217
5489.14	-0.00160291
5487.21	-0.00176484
5485.29	-0.00159294
5483.36	-0.00131446
5481.43	-0.00130428
5479.5	-0.0015801
5477.57	-0.00171643
5475.65	-0.00168035
5473.72	-0.00169276
5471.79	-0.00155755
5469.86	-0.00154454
5467.93	-0.00151169
5466.01	-0.00163008
5464.08	-0.0018727
5462.15	-0.00201758
5460.22	-0.00180592
5458.29	-0.00147114
5456.37	-0.00146378
5454.44	-0.00156075
5452.51	-0.00178787
5450.58	-0.00190526
5448.65	-0.00194831
5446.73	-0.00194043
5444.8	-0.00173303
5442.87	-0.00163483
5440.94	-0.00186541
5439.01	-0.00154946
5437.09	-0.00101242
5435.16	-0.00133682
5433.23	-0.00158677
5431.3	-0.00163054
5429.37	-0.0014826
5427.45	-0.00146236
5425.52	-0.00158287
5423.59	-0.00163982
5421.66	-0.00182641
5419.73	-0.00163823
5417.81	-0.00150103
5415.88	-0.0013204
5413.95	-0.00120385
5412.02	-0.00149518
5410.09	-0.00169372
5408.17	-0.00176547
5406.24	-0.00144446
5404.31	-0.00132922
5402.38	-0.00131373
5400.45	-0.00131601
5398.53	-0.00157158
5396.6	-0.0017092
5394.67	-0.00188867
5392.74	-0.00193383
5390.81	-0.00151638
5388.88	-0.00143346
5386.96	-0.00166316
5385.03	-0.00166609
5383.1	-0.00147415
5381.17	-0.00132701
5379.25	-0.00173095
5377.32	-0.00202684
5375.39	-0.00185677
5373.46	-0.00153269
5371.53	-0.00128496
5369.6	-0.00130369
5367.68	-0.00165098
5365.75	-0.0017556
5363.82	-0.00189738
5361.89	-0.00173854
5359.96	-0.0015249
5358.04	-0.00154147
5356.11	-0.00151004
5354.18	-0.0013607
5352.25	-0.00124022
5350.33	-0.00136876
5348.4	-0.00143115
5346.47	-0.00146223
5344.54	-0.0017191
5342.61	-0.00146483
5340.69	-0.00114916
5338.76	-0.00108339
5336.83	-0.00145268
5334.9	-0.00174778
5332.97	-0.0016721
5331.04	-0.00150763
5329.12	-0.00114648
5327.19	-0.000960718
5325.26	-0.00132381
5323.33	-0.00169557
5321.4	-0.00143766
5319.48	-0.00125057
5317.55	-0.00141672
5315.62	-0.00132592
5313.69	-0.00110015
5311.76	-0.00107443
5309.84	-0.00107523
5307.91	-0.000864765
5305.98	-0.000997117
5304.05	-0.00112546
5302.12	-0.00104832
5300.2	-0.0010196
5298.27	-0.00118974
5296.34	-0.00118154
5294.41	-0.00131053
5292.48	-0.00125047
5290.56	-0.00112801
5288.63	-0.00100145
5286.7	-0.000854283
5284.77	-0.00115421
5282.84	-0.00126642
5280.92	-0.00109013
5278.99	-0.000970868
5277.06	-0.0012538
5275.13	-0.00125486
5273.21	-0.000974042
5271.28	-0.000784171
5269.35	-0.000529424
5267.42	-0.000595805
5265.49	-0.000650232
5263.56	-0.000532667
5261.64	-0.000572477
5259.71	-0.000729926
5257.78	-0.000500102
5255.85	-0.000496528
5253.92	-0.000670182
5252	-0.00057155
5250.07	-0.000342239
5248.14	-0.000354125
5246.21	-0.000210185
5244.28	-0.000170342
5242.36	-0.000250918
5240.43	-0.000221113
5238.5	-0.00012864
5236.57	2.88938e-05
5234.64	0.000195601
5232.72	0.000387709
5230.79	0.000409829
5228.86	0.000376699
5226.93	0.000267275
5225	0.000312235
5223.08	0.000632791
5221.15	0.00068562
5219.22	0.000640124
5217.29	0.000634715
5215.36	0.000461803
5213.44	0.0004356
5211.51	0.000624296
5209.58	0.00087675
5207.65	0.00128824
5205.72	0.00151371
5203.8	0.0013938
5201.87	0.00132177
5199.94	0.00137801
5198.01	0.00145068
5196.08	0.00149676
5194.16	0.00137505
5192.23	0.00167228
5190.3	0.00191639
5188.37	0.0019326
5186.44	0.00180774
5184.52	0.00170634
5182.59	0.00159332
5180.66	0.00192298
5178.73	0.00240146
5176.8	0.00239469
5174.88	0.00255968
5172.95	0.00279885
5171.02	0.00255661
5169.09	0.00274853
5167.16	0.00285155
5165.24	0.0028327
5163.31	0.00284824
5161.38	0.00287283
5159.45	0.00303679
5157.52	0.0032588
5155.6	0.003517
5153.67	0.0036785
5151.74	0.00350067
5149.81	0.00371332
5147.88	0.00386159
5145.96	0.00397236
5144.03	0.00403536
5142.1	0.0039074
5140.17	0.0038293
5138.24	0.0039625
5136.32	0.00405162
5134.39	0.00436317
5132.46	0.00478946
5130.53	0.00479469
5128.6	0.00438673
5126.68	0.00407878
5124.75	0.00444122
5122.82	0.00484957
5120.89	0.00456811
5118.96	0.00451986
5117.04	0.00459195
5115.11	0.00450864
5113.18	0.00460287
5111.25	0.00470491
5109.32	0.00492319
5107.4	0.00509041
5105.47	0.00508327
5103.54	0.0050597
5101.61	0.00504623
5099.68	0.00514493
5097.76	0.00515753
5095.83	0.00515287
5093.9	0.00513745
5091.97	0.00507268
5090.04	0.00521802
5088.12	0.00547464
5086.19	0.00541582
5084.26	0.00523265
5082.33	0.00525267
5080.4	0.00527209
5078.48	0.00512957
5076.55	0.00503617
5074.62	0.00526055
5072.69	0.00538204
5070.76	0.00531425
5068.84	0.00551363
5066.91	0.00600613
5064.98	0.00619478
5063.05	0.00616964
5061.12	0.00607575
5059.2	0.00602508
5057.27	0.00595873
5055.34	0.00603603
5053.41	0.00625588
5051.48	0.00623494
5049.56	0.00616224
5047.63	0.00626755
5045.7	0.00647373
5043.77	0.00672446
5041.84	0.00682495
5039.92	0.00682219
5037.99	0.00663822
5036.06	0.00679907
5034.13	0.00752414
5032.2	0.00805359
5030.28	0.00811799
5028.35	0.00825923
5026.42	0.00861548
5024.49	0.00900291
5022.56	0.00912035
5020.64	0.00891642
5018.71	0.00879837
5016.78	0.00898556
5014.85	0.00893056
5012.92	0.00850924
5011	0.00809622
5009.07	0.0079053
5007.14	0.00759872
5005.21	0.00731345
5003.28	0.00725361
5001.36	0.00696573
4999.43	0.00656993
4997.5	0.00639255
4995.57	0.0062817
4993.64	0.00624429
4991.72	0.00624177
4989.79	0.00599965
4987.86	0.00586327
4985.93	0.00576408
4984	0.00553695
4982.08	0.00572442
4980.15	0.00599431
4978.22	0.00562365
4976.29	0.00529932
4974.36	0.0053649
4972.44	0.0054121
4970.51	0.00528356
4968.58	0.00550276
4966.65	0.00575484
4964.72	0.00568397
4962.8	0.00511609
4960.87	0.004906
4958.94	0.00497731
4957.01	0.00502578
4955.08	0.00514694
4953.16	0.00525176
4951.23	0.005071
4949.3	0.00504234
4947.37	0.0049063
4945.44	0.00490603
4943.52	0.00493586
4941.59	0.0047017
4939.66	0.00457825
4937.73	0.00477539
4935.8	0.00473007
4933.88	0.00476494
4931.95	0.00480662
4930.02	0.00500822
4928.09	0.00503403
4926.16	0.00471878
4924.24	0.00435851
4922.31	0.00429044
4920.38	0.00440795
4918.45	0.0040851
4916.52	0.00398517
4914.6	0.00413132
4912.67	0.00402747
4910.74	0.00393782
4908.81	0.00397069
4906.88	0.00399336
4904.96	0.00408771
4903.03	0.00420746
4901.1	0.00401928
4899.17	0.00354229
4897.24	0.00348584
4895.32	0.00366921
4893.39	0.00390128
4891.46	0.00395133
4889.53	0.00379731
4887.6	0.00369705
4885.67	0.00354012
4883.75	0.00338678
4881.82	0.00327342
4879.89	0.00327192
4877.96	0.00331639
4876.04	0.00328074
4874.11	0.00337806
4872.18	0.00344058
4870.25	0.0032982
4868.32	0.0030476
4866.4	0.00296106
4864.47	0.00294121
4862.54	0.00298334
4860.61	0.0028228
4858.68	0.00269952
4856.75	0.00263078
4854.83	0.00280812
4852.9	0.0029338
4850.97	0.00294591
4849.04	0.00264648
4847.12	0.00236124
4845.19	0.00232703
4843.26	0.00245787
4841.33	0.00244894
4839.4	0.00218008
4837.47	0.00198518
4835.55	0.00222727
4833.62	0.00239299
4831.69	0.00226301
4829.76	0.0019066
4827.83	0.00174582
4825.91	0.00177959
4823.98	0.00163147
4822.05	0.00138712
4820.12	0.00142475
4818.19	0.00146933
4816.27	0.00143701
4814.34	0.00157154
4812.41	0.0015874
4810.48	0.00146321
4808.55	0.00148991
4806.63	0.00157832
4804.7	0.0013925
4802.77	0.0011944
4800.84	0.00121344
4798.91	0.00107168
4796.99	0.000922868
4795.06	0.000989581
4793.13	0.00107434
4791.2	0.00106713
4789.27	0.000801589
4787.35	0.000696074
4785.42	0.000624363
4783.49	0.000637536
4781.56	0.000518957
4779.63	0.000665609
4777.71	0.000758935
4775.78	0.000688408
4773.85	0.00050446
4771.92	0.000343736
4769.99	0.000270756
4768.07	0.000401173
4766.14	0.000325167
4764.21	0.000234056
4762.28	0.000288793
4760.35	0.000193579
4758.43	-8.54774e-05
4756.5	-0.000210416
4754.57	-1.04702e-05
4752.64	-1.39161e-05
4750.71	-0.000303534
4748.79	-0.000508376
4746.86	-0.000544415
4744.93	-0.000588658
4743	-0.000681562
4741.07	-0.000619463
4739.15	-0.000632499
4737.22	-0.00067928
4735.29	-0.000858317
4733.36	-0.0010621
4731.43	-0.00100971
4729.51	-0.00101014
4727.58	-0.00110481
4725.65	-0.00107552
4723.72	-0.00103083
4721.79	-0.000932186
4719.87	-0.000747986
4717.94	-0.00086622
4716.01	-0.00116836
4714.08	-0.00124743
4712.15	-0.00112411
4710.23	-0.0009589
4708.3	-0.00102796
4706.37	-0.0011137
4704.44	-0.00141969
4702.51	-0.00132995
4700.59	-0.00101665
4698.66	-0.00130346
4696.73	-0.00174072
4694.8	-0.00144912
4692.87	-0.0013825
4690.95	-0.00170728
4689.02	-0.00170395
4687.09	-0.00155412
4685.16	-0.00143204
4683.23	-0.00144178
4681.31	-0.0016008
4679.38	-0.00164758
4677.45	-0.00156505
4675.52	-0.00157261
4673.59	-0.0018634
4671.67	-0.00203581
4669.74	-0.0018533
4667.81	-0.00184255
4665.88	-0.00192103
4663.95	-0.00202127
4662.03	-0.00211357
4660.1	-0.00215617
4658.17	-0.00204033
4656.24	-0.00206355
4654.31	-0.00206919
4652.39	-0.00183242
4650.46	-0.00187145
4648.53	-0.00205844
4646.6	-0.00200217
4644.67	-0.00205059
4642.75	-0.00213926
4640.82	-0.00211651
4638.89	-0.00219989
4636.96	-0.00224333
4635.03	-0.00221103
4633.11	-0.00225912
4631.18	-0.00218235
4629.25	-0.00204122
4627.32	-0.00220697
4625.39	-0.00232017
4623.47	-0.00227099
4621.54	-0.00245013
4619.61	-0.00249589
4617.68	-0.00238107
4615.75	-0.00224116
4613.83	-0.00222309
4611.9	-0.0021898
4609.97	-0.00220625
4608.04	-0.00233875
4606.11	-0.00251167
4604.19	-0.00255509
4602.26	-0.00262804
4600.33	-0.00283686
4598.4	-0.00258951
4596.47	-0.00236924
4594.55	-0.00249207
4592.62	-0.00252676
4590.69	-0.00249711
4588.76	-0.00248759
4586.83	-0.00253121
4584.91	-0.00262995
4582.98	-0.00263727
4581.05	-0.00259461
4579.12	-0.00240641
4577.19	-0.00232247
4575.27	-0.00235378
4573.34	-0.00240173
4571.41	-0.00247606
4569.48	-0.00272753
4567.55	-0.00255545
4565.63	-0.00233226
4563.7	-0.00245207
4561.77	-0.0023467
4559.84	-0.00208637
4557.91	-0.00225052
4555.99	-0.0024637
4554.06	-0.00222174
4552.13	-0.00200933
4550.2	-0.0019746
4548.27	-0.00192156
4546.35	-0.00167758
4544.42	-0.00155564
4542.49	-0.00174973
4540.56	-0.00165088
4538.63	-0.00139218
4536.71	-0.0015179
4534.78	-0.00152434
4532.85	-0.00137877
4530.92	-0.00136589
4528.99	-0.00137306
4527.07	-0.00138934
4525.14	-0.00130038
4523.21	-0.00127224
4521.28	-0.00126315
4519.35	-0.00134818
4517.43	-0.00158654
4515.5	-0.00163061
4513.57	-0.00162246
4511.64	-0.00173808
4509.71	-0.00180912
4507.79	-0.00198479
4505.86	-0.00217421
4503.93	-0.00233767
4502	-0.00215716
4500.07	-0.00205276
4498.15	-0.00229785
4496.22	-0.00261889
4494.29	-0.00262604
4492.36	-0.00258447
4490.43	-0.00274656
4488.51	-0.00279538
4486.58	-0.00287185
4484.65	-0.00286728
4482.72	-0.00305275
4480.79	-0.00320243
4478.87	-0.00295558
4476.94	-0.0027996
4475.01	-0.00290118
4473.08	-0.00296878
4471.15	-0.00314342
4469.23	-0.00332394
4467.3	-0.00337501
4465.37	-0.0032665
4463.44	-0.00323443
4461.51	-0.00339398
4459.58	-0.00342688
4457.66	-0.00342567
4455.73	-0.00326472
4453.8	-0.0031203
4451.87	-0.00310404
4449.95	-0.00316783
4448.02	-0.00327643
4446.09	-0.00314161
4444.16	-0.00308914
4442.23	-0.00332868
4440.3	-0.00335216
4438.38	-0.00312569
4436.45	-0.00304667
4434.52	-0.00326785
4432.59	-0.00318789
4430.67	-0.00312066
4428.74	-0.00315905
4426.81	-0.00311319
4424.88	-0.00312832
4422.95	-0.00315793
4421.02	-0.00305443
4419.1	-0.00313961
4417.17	-0.00325762
4415.24	-0.00320717
4413.31	-0.0032464
4411.38	-0.00322657
4409.46	-0.00315329
4407.53	-0.00320381
4405.6	-0.00321868
4403.67	-0.00326147
4401.75	-0.00330642
4399.82	-0.00336751
4397.89	-0.00347008
4395.96	-0.00356552
4394.03	-0.00343984
4392.1	-0.00318766
4390.18	-0.00306581
4388.25	-0.0031202
4386.32	-0.00330047
4384.39	-0.00345082
4382.46	-0.00330257
4380.54	-0.00319641
4378.61	-0.00319164
4376.68	-0.00316322
4374.75	-0.00306197
4372.82	-0.00313622
4370.9	-0.0032168
4368.97	-0.00327633
4367.04	-0.00340851
4365.11	-0.00343573
4363.18	-0.00341291
4361.26	-0.00341314
4359.33	-0.00339006
4357.4	-0.00338102
4355.47	-0.0033003
4353.54	-0.00320408
4351.62	-0.0031846
4349.69	-0.00314049
4347.76	-0.00318947
4345.83	-0.00333361
4343.9	-0.0034327
4341.98	-0.00333828
4340.05	-0.00317895
4338.12	-0.00321092
4336.19	-0.00330941
4334.26	-0.0034041
4332.34	-0.00341117
4330.41	-0.00319835
4328.48	-0.00320519
4326.55	-0.00322427
4324.62	-0.00328485
4322.7	-0.0033561
4320.77	-0.00325768
4318.84	-0.00316033
4316.91	-0.0032021
4314.98	-0.00326235
4313.06	-0.00325791
4311.13	-0.00320177
4309.2	-0.00312796
4307.27	-0.00331161
4305.34	-0.00343826
4303.42	-0.00342843
4301.49	-0.0032715
4299.56	-0.00315513
4297.63	-0.00317579
4295.7	-0.00314516
4293.78	-0.00306262
4291.85	-0.00314763
4289.92	-0.00317062
4287.99	-0.00309217
4286.06	-0.00315757
4284.14	-0.00326965
4282.21	-0.00331142
4280.28	-0.0032589
4278.35	-0.0030033
4276.42	-0.00286501
4274.5	-0.00297806
4272.57	-0.00313437
4270.64	-0.00329445
4268.71	-0.00329461
4266.78	-0.00309345
4264.86	-0.00306947
4262.93	-0.0031275
4261	-0.00312085
4259.07	-0.00318911
4257.14	-0.00314178
4255.22	-0.00315536
4253.29	-0.00310378
4251.36	-0.00313355
4249.43	-0.0032144
4247.5	-0.00338201
4245.58	-0.00329057
4243.65	-0.00305578
4241.72	-0.00297599
4239.79	-0.00296848
4237.86	-0.00313033
4235.94	-0.00304061
4234.01	-0.00285651
4232.08	-0.002821
4230.15	-0.00296364
4228.22	-0.00288713
4226.3	-0.00287129
4224.37	-0.00297059
4222.44	-0.00302261
4220.51	-0.0029385
4218.58	-0.00306463
4216.66	-0.00308986
4214.73	-0.00293001
4212.8	-0.00288327
4210.87	-0.00303574
4208.94	-0.00312635
4207.02	-0.00300596
4205.09	-0.00284042
4203.16	-0.00273698
4201.23	-0.00290082
4199.3	-0.00297921
4197.38	-0.00278972
4195.45	-0.00267771
4193.52	-0.00284769
4191.59	-0.0028968
4189.66	-0.00278136
4187.74	-0.00274811
4185.81	-0.0028865
4183.88	-0.00288989
4181.95	-0.00273398
4180.02	-0.0028414
4178.1	-0.00285967
4176.17	-0.00289443
4174.24	-0.00297763
4172.31	-0.00293376
4170.38	-0.00279742
4168.46	-0.00285971
4166.53	-0.00284006
4164.6	-0.00283489
4162.67	-0.00282972
4160.74	-0.00286306
4158.82	-0.00305548
4156.89	-0.0030946
4154.96	-0.00290724
4153.03	-0.00280345
4151.1	-0.00271916
4149.18	-0.00270415
4147.25	-0.00278501
4145.32	-0.00288229
4143.39	-0.00283792
4141.46	-0.00280984
4139.54	-0.00287587
4137.61	-0.00283225
4135.68	-0.00278646
4133.75	-0.00290908
4131.82	-0.00280302
4129.9	-0.00270112
4127.97	-0.0028129
4126.04	-0.00283354
4124.11	-0.00271166
4122.18	-0.0026919
4120.26	-0.0028231
4118.33	-0.00292468
4116.4	-0.00288035
4114.47	-0.0028361
4112.54	-0.00286079
4110.62	-0.00289957
4108.69	-0.00294976
4106.76	-0.00302761
4104.83	-0.0028812
4102.9	-0.00268429
4100.98	-0.00263051
4099.05	-0.00275005
4097.12	-0.00279798
4095.19	-0.00273787
4093.26	-0.00269177
4091.34	-0.0026319
4089.41	-0.00253473
4087.48	-0.00266378
4085.55	-0.00275374
4083.62	-0.00266542
4081.7	-0.0027699
4079.77	-0.00295604
4077.84	-0.00293722
4075.91	-0.00288821
4073.98	-0.00277339
4072.06	-0.00278024
4070.13	-0.00274521
4068.2	-0.00266305
4066.27	-0.00274373
4064.34	-0.00277102
4062.42	-0.00277247
4060.49	-0.00276651
4058.56	-0.00271228
4056.63	-0.00276101
4054.7	-0.00259992
4052.78	-0.00259748
4050.85	-0.00270942
4048.92	-0.00277072
4046.99	-0.00281945
4045.06	-0.00278863
4043.14	-0.00276131
4041.21	-0.0027857
4039.28	-0.00270504
4037.35	-0.00259682
4035.42	-0.00253855
4033.5	-0.00258009
4031.57	-0.00262511
4029.64	-0.00260871
4027.71	-0.00263727
4025.78	-0.00272535
4023.86	-0.00273214
4021.93	-0.00270616
4020	-0.00266305
4018.07	-0.00270652
4016.14	-0.00271492
4014.22	-0.00264471
4012.29	-0.00263341
4010.36	-0.00260473
4008.43	-0.00253674
4006.5	-0.00263331
4004.58	-0.0026704
4002.65	-0.00265485
4000.72	-0.0026178
3998.79	-0.00262758
3996.86	-0.00274988
3994.94	-0.00283229
3993.01	-0.00274165
3991.08	-0.00267224
3989.15	-0.00265874
3987.22	-0.00270329
3985.29	-0.00264708
3983.37	-0.0026778
3981.44	-0.00270642
3979.51	-0.00269279
3977.58	-0.00265647
3975.66	-0.0026672
3973.73	-0.00282521
3971.8	-0.00282267
3969.87	-0.00273688
3967.94	-0.00270754
3966.01	-0.00262956
3964.09	-0.00261184
3962.16	-0.00264174
3960.23	-0.00261708
3958.3	-0.00263368
3956.38	-0.00277994
3954.45	-0.00290338
3952.52	-0.00290365
3950.59	-0.00289707
3948.66	-0.00287909
3946.73	-0.00279278
3944.81	-0.00278735
3942.88	-0.00279413
3940.95	-0.00282932
3939.02	-0.00281142
3937.09	-0.0027698
3935.17	-0.00284697
3933.24	-0.0028733
3931.31	-0.00280806
3929.38	-0.00284921
3927.45	-0.00286563
3925.53	-0.00277392
3923.6	-0.00272529
3921.67	-0.00278518
3919.74	-0.0028073
3917.81	-0.00284947
3915.89	-0.00290595
3913.96	-0.00275858
3912.03	-0.0027132
3910.1	-0.00300991
3908.17	-0.00317155
3906.25	-0.00303752
3904.32	-0.00289226
3902.39	-0.00284697
3900.46	-0.00288742
3898.53	-0.00298708
3896.61	-0.00308062
3894.68	-0.00296687
3892.75	-0.00279137
3890.82	-0.00271742
3888.89	-0.00276984
3886.97	-0.00286171
3885.04	-0.00275762
3883.11	-0.00265824
3881.18	-0.00271439
3879.25	-0.00293047
3877.33	-0.00289114
3875.4	-0.00273112
3873.47	-0.00289493
3871.54	-0.00289509
3869.61	-0.00277728
3867.69	-0.00284838
3865.76	-0.00284726
3863.83	-0.00277925
3861.9	-0.00286882
3859.97	-0.00281188
3858.05	-0.00274017
3856.12	-0.00280052
3854.19	-0.00271715
3852.26	-0.00274438
3850.33	-0.00280592
3848.41	-0.00274109
3846.48	-0.00271011
3844.55	-0.00270576
3842.62	-0.00274238
3840.69	-0.00262528
3838.77	-0.0024894
3836.84	-0.00264504
3834.91	-0.00275443
3832.98	-0.00273095
3831.05	-0.00266819
3829.13	-0.00246618
3827.2	-0.00244667
3825.27	-0.00260562
3823.34	-0.00259794
3821.41	-0.00261368
3819.49	-0.00268353
3817.56	-0.00251118
3815.63	-0.00235981
3813.7	-0.00243049
3811.77	-0.00250891
3809.85	-0.00251451
3807.92	-0.00245481
3805.99	-0.00247076
3804.06	-0.00241748
3802.13	-0.00229891
3800.21	-0.00226644
3798.28	-0.00241003
3796.35	-0.00235315
3794.42	-0.00227821
3792.49	-0.00242473
3790.57	-0.00241804
3788.64	-0.00225131
3786.71	-0.00210394
3784.78	-0.002009
3782.85	-0.00197361
3780.93	-0.00197671
3779	-0.00190295
3777.07	-0.00181562
3775.14	-0.00187448
3773.21	-0.0018019
3771.29	-0.00169157
3769.36	-0.00177669
3767.43	-0.00168392
3765.5	-0.00148194
3763.57	-0.00149492
3761.65	-0.00153692
3759.72	-0.00143848
3757.79	-0.00136113
3755.86	-0.00136526
3753.93	-0.00133249
3752.01	-0.00133685
3750.08	-0.00128433
3748.15	-0.00134584
3746.22	-0.00122807
3744.29	-0.00114684
3742.37	-0.00120761
3740.44	-0.00115758
3738.51	-0.0010587
3736.58	-0.00110428
3734.65	-0.00113439
3732.73	-0.00102869
3730.8	-0.00083659
3728.87	-0.000754535
3726.94	-0.000751757
3725.01	-0.000685532
3723.09	-0.000547294
3721.16	-0.000548916
3719.23	-0.000482396
3717.3	-0.000355681
3715.37	-0.000223995
3713.45	-0.000185776
3711.52	-0.000193956
3709.59	9.00014e-05
3707.66	0.000467607
3705.73	0.000529374
3703.81	0.000398553
3701.88	0.000457325
3699.95	0.000585044
3698.02	0.000820312
3696.09	0.00113842
3694.17	0.00124504
3692.24	0.00124102
3690.31	0.00130373
3688.38	0.00149912
3686.45	0.00173501
3684.53	0.00194571
3682.6	0.00201807
3680.67	0.0022369
3678.74	0.00251572
3676.81	0.00271779
3674.89	0.00281596
3672.96	0.00302825
3671.03	0.00337119
3669.1	0.00369073
3667.17	0.00405831
3665.25	0.00436772
3663.32	0.00451517
3661.39	0.00491448
3659.46	0.00546078
3657.53	0.00580017
3655.61	0.00600374
3653.68	0.00643838
3651.75	0.00706137
3649.82	0.00750755
3647.89	0.00790435
3645.97	0.00833819
3644.04	0.00890073
3642.11	0.00946725
3640.18	0.00997429
3638.25	0.0106615
3636.33	0.0113859
3634.4	0.0120451
3632.47	0.0126881
3630.54	0.0133708
3628.61	0.0141161
3626.69	0.0149169
3624.76	0.0159128
3622.83	0.0168411
3620.9	0.0176694
3618.97	0.018553
3617.05	0.019633
3615.12	0.0207517
3613.19	0.021825
3611.26	0.0230096
3609.33	0.024295
3607.41	0.0255203
3605.48	0.0268814
3603.55	0.0282769
3601.62	0.0296517
3599.69	0.0311171
3597.77	0.0326986
3595.84	0.0344483
3593.91	0.0360165
3591.98	0.0376123
3590.05	0.0394983
3588.12	0.0413887
3586.2	0.0433932
3584.27	0.0457468
3582.34	0.0480951
3580.41	0.0503249
3578.49	0.052545
3576.56	0.0549692
3574.63	0.0577001
3572.7	0.060548
3570.77	0.063528
3568.85	0.0666208
3566.92	0.069869
3564.99	0.073298
3563.06	0.0768059
3561.13	0.0805487
3559.21	0.0843713
3557.28	0.0883227
3555.35	0.0925084
3553.42	0.0970021
3551.49	0.101743
3549.56	0.106565
3547.64	0.111649
3545.71	0.117017
3543.78	0.122629
3541.85	0.128386
3539.93	0.134416
3538	0.140648
3536.07	0.147307
3534.14	0.15412
3532.21	0.161149
3530.28	0.168605
3528.36	0.1764
3526.43	0.184379
3524.5	0.192648
3522.57	0.201211
3520.65	0.209872
3518.72	0.218602
3516.79	0.227749
3514.86	0.237142
3512.93	0.246805
3511	0.256486
3509.08	0.266185
3507.15	0.276026
3505.22	0.28607
3503.29	0.296149
3501.37	0.306095
3499.44	0.315899
3497.51	0.325525
3495.58	0.335131
3493.65	0.344565
3491.72	0.353573
3489.8	0.362386
3487.87	0.370924
3485.94	0.379035
3484.01	0.386553
3482.08	0.393673
3480.16	0.400329
3478.23	0.406191
3476.3	0.41164
3474.37	0.416399
3472.44	0.420487
3470.52	0.424117
3468.59	0.427339
3466.66	0.430142
3464.73	0.432497
3462.81	0.434194
3460.88	0.435315
3458.95	0.436031
3457.02	0.436652
3455.09	0.436779
3453.16	0.436161
3451.24	0.435415
3449.31	0.434642
3447.38	0.433511
3445.45	0.432247
3443.52	0.430744
3441.6	0.428995
3439.67	0.427531
3437.74	0.425999
3435.81	0.424014
3433.88	0.422002
3431.96	0.420059
3430.03	0.417885
3428.1	0.415796
3426.17	0.413599
3424.24	0.411148
3422.32	0.408629
3420.39	0.406186
3418.46	0.403961
3416.53	0.401551
3414.6	0.399099
3412.68	0.396713
3410.75	0.394642
3408.82	0.393009
3406.89	0.391627
3404.96	0.390018
3403.04	0.388344
3401.11	0.386936
3399.18	0.385609
3397.25	0.384329
3395.32	0.383046
3393.4	0.382011
3391.47	0.381131
3389.54	0.380292
3387.61	0.379283
3385.68	0.37828
3383.76	0.377323
3381.83	0.37643
3379.9	0.375737
3377.97	0.37523
3376.04	0.374954
3374.12	0.374573
3372.19	0.37413
3370.26	0.373691
3368.33	0.373163
3366.4	0.372782
3364.48	0.372345
3362.55	0.371961
3360.62	0.371695
3358.69	0.37123
3356.76	0.370758
3354.84	0.370323
3352.91	0.36975
3350.98	0.369371
3349.05	0.369076
3347.12	0.368646
3345.2	0.36832
3343.27	0.368003
3341.34	0.36744
3339.41	0.367014
3337.48	0.366812
3335.56	0.366673
3333.63	0.366428
3331.7	0.366073
3329.77	0.3658
3327.84	0.365429
3325.92	0.365329
3323.99	0.365309
3322.06	0.365449
3320.13	0.365458
3318.2	0.365152
3316.28	0.365033
3314.35	0.365243
3312.42	0.365492
3310.49	0.365811
3308.56	0.366048
3306.64	0.366505
3304.71	0.366898
3302.78	0.367256
3300.85	0.367735
3298.92	0.36823
3297	0.368719
3295.07	0.369439
3293.14	0.370159
3291.21	0.371128
3289.28	0.372126
3287.36	0.372792
3285.43	0.373634
3283.5	0.374967
3281.57	0.376149
3279.64	0.377418
3277.72	0.378938
3275.79	0.380332
3273.86	0.381933
3271.93	0.383218
3270	0.384611
3268.08	0.386403
3266.15	0.38793
3264.22	0.389574
3262.29	0.391416
3260.36	0.393312
3258.44	0.395127
3256.51	0.396897
3254.58	0.399054
3252.65	0.400932
3250.72	0.402534
3248.8	0.404272
3246.87	0.405974
3244.94	0.407587
3243.01	0.409293
3241.08	0.410867
3239.16	0.41236
3237.23	0.414004
3235.3	0.415593
3233.37	0.416881
3231.44	0.418214
3229.52	0.419701
3227.59	0.42119
3225.66	0.422483
3223.73	0.423555
3221.8	0.4245
3219.88	0.425677
3217.95	0.426793
3216.02	0.427583
3214.09	0.428748
3212.16	0.429791
3210.24	0.430586
3208.31	0.431316
3206.38	0.432171
3204.45	0.432943
3202.52	0.433459
3200.6	0.4342
3198.67	0.434961
3196.74	0.435324
3194.81	0.435687
3192.88	0.436243
3190.96	0.436703
3189.03	0.437191
3187.1	0.437524
3185.17	0.437792
3183.24	0.438006
3181.32	0.438074
3179.39	0.438421
3177.46	0.438799
3175.53	0.438723
3173.6	0.438478
3171.68	0.438448
3169.75	0.438162
3167.82	0.43789
3165.89	0.437632
3163.96	0.437321
3162.04	0.436755
3160.11	0.435961
3158.18	0.435497
3156.25	0.434857
3154.32	0.433628
3152.4	0.432495
3150.47	0.431442
3148.54	0.430302
3146.61	0.428805
3144.68	0.427211
3142.76	0.425589
3140.83	0.423978
3138.9	0.42217
3136.97	0.420008
3135.04	0.417821
3133.12	0.41549
3131.19	0.413054
3129.26	0.410464
3127.33	0.407871
3125.4	0.404959
3123.48	0.401414
3121.55	0.398068
3119.62	0.394727
3117.69	0.390956
3115.76	0.387015
3113.84	0.383077
3111.91	0.378736
3109.98	0.373938
3108.05	0.369108
3106.12	0.364254
3104.2	0.35904
3102.27	0.353423
3100.34	0.347689
3098.41	0.341739
3096.48	0.335489
3094.56	0.329089
3092.63	0.322314
3090.7	0.315171
3088.77	0.308049
3086.84	0.300741
3084.92	0.29328
3082.99	0.285468
3081.06	0.277495
3079.13	0.269608
3077.2	0.261605
3075.28	0.25358
3073.35	0.245524
3071.42	0.23746
3069.49	0.229269
3067.56	0.221247
3065.63	0.21344
3063.71	0.205683
3061.78	0.198086
3059.85	0.190778
3057.92	0.183696
3055.99	0.176881
3054.07	0.1702
3052.14	0.163792
3050.21	0.157413
3048.28	0.151447
3046.35	0.145872
3044.43	0.140532
3042.5	0.135434
3040.57	0.130545
3038.64	0.125834
3036.71	0.121342
3034.79	0.117225
3032.86	0.113276
3030.93	0.109436
3029	0.105793
3027.07	0.102475
3025.15	0.0993679
3023.22	0.0963373
3021.29	0.093362
3019.36	0.0905066
3017.43	0.0879545
3015.51	0.0857464
3013.58	0.083661
3011.65	0.0815398
3009.72	0.0793817
3007.79	0.0774511
3005.87	0.0756732
3003.94	0.0739798
3002.01	0.0724021
3000.08	0.0708991
2998.15	0.0695658
2996.23	0.0682648
2994.3	0.0670059
2992.37	0.0657298
2990.44	0.0644895
2988.51	0.0634423
2986.59	0.0626511
2984.66	0.0617789
2982.73	0.0608358
2980.8	0.0599459
2978.87	0.0589293
2976.95	0.0580383
2975.02	0.0573885
2973.09	0.0568346
2971.16	0.0560839
2969.23	0.0553717
2967.31	0.0548088
2965.38	0.0541925
2963.45	0.0535137
2961.52	0.052975
2959.59	0.052453
2957.67	0.0519878
2955.74	0.0515288
2953.81	0.0509441
2951.88	0.0504448
2949.95	0.0499728
2948.03	0.0496378
2946.1	0.0492325
2944.17	0.0487793
2942.24	0.0483913
2940.31	0.0479787
2938.39	0.0474851
2936.46	0.0472422
2934.53	0.0469888
2932.6	0.0465663
2930.67	0.0462358
2928.75	0.0459986
2926.82	0.0457223
2924.89	0.0453438
2922.96	0.0450105
2921.03	0.0447256
2919.11	0.044405
2917.18	0.0440178
2915.25	0.0436563
2913.32	0.0433866
2911.39	0.0431238
2909.47	0.0428735
2907.54	0.042558
2905.61	0.042239
2903.68	0.0419105
2901.75	0.0414685
2899.83	0.0411545
2897.9	0.0409049
2895.97	0.0407669
2894.04	0.0405883
2892.11	0.0402812
2890.19	0.0400332
2888.26	0.0396739
2886.33	0.0393048
2884.4	0.0389328
2882.47	0.0386855
2880.55	0.0384171
2878.62	0.038046
2876.69	0.037728
2874.76	0.0375706
2872.83	0.037238
2870.91	0.0368076
2868.98	0.0365303
2867.05	0.0362973
2865.12	0.03604
2863.19	0.0356712
2861.27	0.0353156
2859.34	0.0350748
2857.41	0.0347231
2855.48	0.0343894
2853.55	0.0339804
2851.63	0.0335471
2849.7	0.0332414
2847.77	0.0329935
2845.84	0.032749
2843.91	0.0325257
2841.99	0.0322474
2840.06	0.0318603
2838.13	0.0315172
2836.2	0.0312021
2834.27	0.0308307
2832.35	0.0304769
2830.42	0.0300838
2828.49	0.0297609
2826.56	0.029416
2824.63	0.0291761
2822.71	0.0288742
2820.78	0.0285028
2818.85	0.0282207
2816.92	0.0279072
2814.99	0.0274324
2813.07	0.0271068
2811.14	0.026929
2809.21	0.0266987
2807.28	0.0263214
2805.35	0.02583
2803.43	0.0255918
2801.5	0.0254427
2799.57	0.0249784
2797.64	0.0245734
2795.71	0.0243405
2793.79	0.0241113
2791.86	0.0239136
2789.93	0.0236284
2788	0.0232417
2786.07	0.0228278
2784.15	0.0223618
2782.22	0.0221024
2780.29	0.0219556
2778.36	0.0218758
2776.43	0.0216344
2774.51	0.0212633
2772.58	0.0210089
2770.65	0.0206133
2768.72	0.0202617
2766.79	0.0200569
2764.87	0.019836
2762.94	0.0195118
2761.01	0.0191435
2759.08	0.0189223
2757.15	0.0186075
2755.23	0.0183254
2753.3	0.0180537
2751.37	0.0177412
2749.44	0.0174988
2747.51	0.0173024
2745.59	0.0171018
2743.66	0.0168371
2741.73	0.0166096
2739.8	0.0163725
2737.87	0.0161195
2735.95	0.0158966
2734.02	0.0156727
2732.09	0.0153846
2730.16	0.015134
2728.23	0.0150666
2726.31	0.0148235
2724.38	0.014684
2722.45	0.0145806
2720.52	0.014302
2718.59	0.0140138
2716.67	0.0137201
2714.74	0.0135156
2712.81	0.0133741
2710.88	0.0131963
2708.95	0.0130619
2707.02	0.0129303
2705.1	0.0127049
2703.17	0.0124316
2701.24	0.0122974
2699.31	0.0121452
2697.39	0.0120209
2695.46	0.0119692
2693.53	0.0118338
2691.6	0.0117521
2689.67	0.0116034
2687.75	0.0114229
2685.82	0.0113529
2683.89	0.0111862
2681.96	0.0109772
2680.03	0.0107937
2678.11	0.0106899
2676.18	0.010628
2674.25	0.0106223
2672.32	0.0104751
2670.39	0.0102101
2668.46	0.010138
2666.54	0.0100912
2664.61	0.010108
2662.68	0.0101056
2660.75	0.0101064
2658.83	0.00993283
2656.9	0.00971653
2654.97	0.00966272
2653.04	0.00961946
2651.11	0.00952956
2649.19	0.00942604
2647.26	0.0094429
2645.33	0.0095656
2643.4	0.00959524
2641.47	0.00962925
2639.55	0.00961377
2637.62	0.00941378
2635.69	0.00932674
2633.76	0.00926242
2631.83	0.00912921
2629.9	0.00916545
2627.98	0.00920268
2626.05	0.0090787
2624.12	0.00909622
2622.19	0.00913588
2620.27	0.00911436
2618.34	0.00907731
2616.41	0.00900417
2614.48	0.00917009
2612.55	0.0092543
2610.62	0.0091462
2608.7	0.00918265
2606.77	0.00921767
2604.84	0.00916156
2602.91	0.00914468
2600.98	0.00920261
2599.06	0.00909219
2597.13	0.00898918
2595.2	0.00907579
2593.27	0.00922624
2591.34	0.00923213
2589.42	0.0091505
2587.49	0.00909006
2585.56	0.00914904
2583.63	0.00916366
2581.71	0.00915713
2579.78	0.00923053
2577.85	0.00938771
2575.92	0.00946298
2573.99	0.00945929
2572.06	0.00942651
2570.14	0.00949268
2568.21	0.00956194
2566.28	0.00940698
2564.35	0.00932105
2562.42	0.00945059
2560.5	0.00956838
2558.57	0.0095927
2556.64	0.00962021
2554.71	0.00976044
2552.78	0.00980341
2550.86	0.00987876
2548.93	0.00992639
2547	0.00987588
2545.07	0.00985795
2543.15	0.00993547
2541.22	0.00992645
2539.29	0.00999667
2537.36	0.0101299
2535.43	0.0100835
2533.5	0.0100976
2531.58	0.0103542
2529.65	0.0105106
2527.72	0.0105914
2525.79	0.0104704
2523.86	0.0105115
2521.94	0.0106798
2520.01	0.0106348
2518.08	0.0106304
2516.15	0.0107319
2514.22	0.0106745
2512.3	0.0108134
2510.37	0.0109969
2508.44	0.0110402
2506.51	0.0110784
2504.58	0.0110324
2502.66	0.0110303
2500.73	0.011167
2498.8	0.0113797
2496.87	0.011525
2494.94	0.0115812
2493.02	0.0116441
2491.09	0.0116421
2489.16	0.0116203
2487.23	0.0116337
2485.3	0.0117544
2483.38	0.0119394
2481.45	0.0120574
2479.52	0.0121753
2477.59	0.0122007
2475.66	0.0122404
2473.74	0.0122384
2471.81	0.0123348
2469.88	0.0125738
2467.95	0.0125542
2466.02	0.0126445
2464.1	0.0127597
2462.17	0.0127183
2460.24	0.012883
2458.31	0.0130939
2456.38	0.0131526
2454.46	0.0130796
2452.53	0.0130441
2450.6	0.0131055
2448.67	0.0132775
2446.74	0.0134363
2444.82	0.0136064
2442.89	0.0137217
2440.96	0.0138352
2439.03	0.0139118
2437.1	0.0139361
2435.18	0.0140276
2433.25	0.0141075
2431.32	0.0142336
2429.39	0.0143837
2427.46	0.0143906
2425.54	0.0143126
2423.61	0.0143522
2421.68	0.0144719
2419.75	0.0145822
2417.82	0.014863
2415.9	0.0149758
2413.97	0.0150149
2412.04	0.0150442
2410.11	0.0150156
2408.18	0.0151335
2406.26	0.0152532
2404.33	0.0153892
2402.4	0.0154745
2400.47	0.0156122
2398.54	0.0157998
2396.62	0.0158174
2394.69	0.0158928
2392.76	0.0160206
2390.83	0.0161208
2388.9	0.0162239
2386.98	0.0163737
2385.05	0.0165593
2383.12	0.0165962
2381.19	0.0166372
2379.26	0.0168762
2377.34	0.0170894
2375.41	0.0171228
2373.48	0.0171508
2371.55	0.0172729
2369.62	0.0173826
2367.7	0.0175084
2365.77	0.0176749
2363.84	0.0178211
2361.91	0.0179567
2359.98	0.0180793
2358.06	0.0180627
2356.13	0.0180813
2354.2	0.0181467
2352.27	0.0183112
2350.34	0.0184458
2348.42	0.0185518
2346.49	0.0187739
2344.56	0.0191968
2342.63	0.0196021
2340.7	0.0196881
2338.78	0.0195641
2336.85	0.0195597
2334.92	0.0197543
2332.99	0.01985
2331.06	0.0199794
2329.14	0.0201766
2327.21	0.0204171
2325.28	0.0205225
2323.35	0.0206608
2321.42	0.0209055
2319.5	0.0209597
2317.57	0.0210303
2315.64	0.0212968
2313.71	0.0214715
2311.78	0.0215825
2309.86	0.0217798
2307.93	0.0219113
2306	0.0219883
2304.07	0.0221659
2302.14	0.0225044
2300.22	0.0227115
2298.29	0.0227982
2296.36	0.0230957
2294.43	0.0233825
2292.5	0.0235285
2290.58	0.0236628
2288.65	0.0238789
2286.72	0.0239412
2284.79	0.0239658
2282.86	0.0242494
2280.94	0.0245205
2279.01	0.0246771
2277.08	0.0248334
2275.15	0.0249377
2273.22	0.0251226
2271.3	0.025311
2269.37	0.0255577
2267.44	0.0257568
2265.51	0.0258325
2263.58	0.0259121
2261.66	0.0261312
2259.73	0.0263185
2257.8	0.0264181
2255.87	0.0264031
2253.94	0.0263497
2252.02	0.0265138
2250.09	0.0267432
2248.16	0.0269339
2246.23	0.0269027
2244.3	0.0268988
2242.38	0.0269549
2240.45	0.0270334
2238.52	0.0270491
2236.59	0.0271092
2234.66	0.0273044
2232.74	0.0272625
2230.81	0.0270477
2228.88	0.0269798
2226.95	0.0269476
2225.02	0.0270413
2223.1	0.0269879
2221.17	0.0267757
2219.24	0.0266662
2217.31	0.0265402
2215.38	0.0263378
2213.46	0.0262247
2211.53	0.0262533
2209.6	0.0261385
2207.67	0.0258855
2205.74	0.0256621
2203.81	0.0256568
2201.89	0.0253909
2199.96	0.0248996
2198.03	0.0245461
2196.1	0.0244548
2194.18	0.0243209
2192.25	0.024016
2190.32	0.0236322
2188.39	0.0233843
2186.46	0.0230685
2184.54	0.0227938
2182.61	0.0224452
2180.68	0.0222048
2178.75	0.0221207
2176.82	0.0217592
2174.9	0.0214319
2172.97	0.0212977
2171.04	0.0210174
2169.11	0.0207641
2167.18	0.0205428
2165.25	0.0201313
2163.33	0.0197262
2161.4	0.0194592
2159.47	0.0192342
2157.54	0.0191537
2155.62	0.0188314
2153.69	0.0185454
2151.76	0.0183538
2149.83	0.0181767
2147.9	0.0179444
2145.98	0.0175585
2144.05	0.0171825
2142.12	0.0169533
2140.19	0.0168696
2138.26	0.0166913
2136.33	0.0165276
2134.41	0.0162386
2132.48	0.0158644
2130.55	0.0157371
2128.62	0.0156114
2126.69	0.0153365
2124.77	0.0151297
2122.84	0.0149653
2120.91	0.0147375
2118.98	0.0144534
2117.05	0.0143052
2115.13	0.0141546
2113.2	0.0139205
2111.27	0.0137214
2109.34	0.0135985
2107.41	0.0134778
2105.49	0.0132829
2103.56	0.0130751
2101.63	0.0129128
2099.7	0.0128764
2097.77	0.0127748
2095.85	0.01258
2093.92	0.0124985
2091.99	0.0123976
2090.06	0.0122243
2088.13	0.0120491
2086.21	0.0119043
2084.28	0.0118802
2082.35	0.0117462
2080.42	0.0114862
2078.49	0.0113916
2076.57	0.0113607
2074.64	0.0113067
2072.71	0.0111853
2070.78	0.0111383
2068.85	0.0111408
2066.93	0.011047
2065	0.0109424
2063.07	0.0108747
2061.14	0.010804
2059.21	0.0106901
2057.29	0.0106106
2055.36	0.0103727
2053.43	0.0101925
2051.5	0.0102493
2049.57	0.0104641
2047.65	0.010415
2045.72	0.0102234
2043.79	0.0100551
2041.86	0.0101073
2039.93	0.0101607
2038.01	0.0101659
2036.08	0.0101588
2034.15	0.0100745
2032.22	0.00990069
2030.29	0.0097003
2028.37	0.00968065
2026.44	0.00964453
2024.51	0.0095633
2022.58	0.00956438
2020.65	0.00950139
2018.73	0.00944713
2016.8	0.00924566
2014.87	0.00925071
2012.94	0.00942387
2011.01	0.00947897
2009.09	0.00951216
2007.16	0.0095421
2005.23	0.00957468
2003.3	0.00948852
2001.37	0.00949285
1999.45	0.00958457
1997.52	0.00958881
1995.59	0.00959666
1993.66	0.00960971
1991.73	0.00957272
1989.81	0.00950911
1987.88	0.00955825
1985.95	0.00962946
1984.02	0.00958894
1982.09	0.0094302
1980.17	0.00935189
1978.24	0.00937379
1976.31	0.00933361
1974.38	0.00937708
1972.45	0.00951707
1970.53	0.00955348
1968.6	0.00946664
1966.67	0.00936628
1964.74	0.00943193
1962.81	0.00947914
1960.89	0.00952591
1958.96	0.0096259
1957.03	0.00971006
1955.1	0.00969888
1953.17	0.00964887
1951.25	0.00971534
1949.32	0.00986818
1947.39	0.00991062
1945.46	0.00990995
1943.53	0.0100442
1941.61	0.0100659
1939.68	0.0100971
1937.75	0.0101865
1935.82	0.010169
1933.89	0.0100535
1931.97	0.0101083
1930.04	0.0100677
1928.11	0.00997205
1926.18	0.010123
1924.25	0.0102982
1922.33	0.0102523
1920.4	0.0102852
1918.47	0.0103866
1916.54	0.0104523
1914.61	0.0105206
1912.69	0.0106759
1910.76	0.0108365
1908.83	0.0107969
1906.9	0.0107613
1904.97	0.0108205
1903.05	0.0108571
1901.12	0.0108798
1899.19	0.0110393
1897.26	0.0111532
1895.33	0.011316
1893.41	0.0115205
1891.48	0.0116122
1889.55	0.0116872
1887.62	0.0116483
1885.69	0.0116562
1883.77	0.0119034
1881.84	0.0121997
1879.91	0.0124038
1877.98	0.0124264
1876.05	0.0123861
1874.13	0.0124466
1872.2	0.012443
1870.27	0.0125151
1868.34	0.0126583
1866.41	0.0127325
1864.49	0.012956
1862.56	0.013108
1860.63	0.0132547
1858.7	0.0134675
1856.77	0.0135059
1854.85	0.0135819
1852.92	0.0137394
1850.99	0.0138101
1849.06	0.0139465
1847.13	0.0141607
1845.21	0.0143869
1843.28	0.0143926
1841.35	0.0145638
1839.42	0.0147353
1837.49	0.0149844
1835.57	0.0153027
1833.64	0.0155373
1831.71	0.0156681
1829.78	0.0157568
1827.85	0.0158059
1825.93	0.0160105
1824	0.0162269
1822.07	0.0164167
1820.14	0.0166065
1818.21	0.0169267
1816.29	0.0172371
1814.36	0.0174189
1812.43	0.0175244
1810.5	0.0176828
1808.57	0.0179962
1806.65	0.0182221
1804.72	0.0184191
1802.79	0.0188504
1800.86	0.0192507
1798.93	0.0195161
1797.01	0.0196657
1795.08	0.0199924
1793.15	0.0203155
1791.22	0.0205486
1789.29	0.0207067
1787.37	0.0210488
1785.44	0.0214905
1783.51	0.0217852
1781.58	0.0221047
1779.65	0.0223602
1777.73	0.0227003
1775.8	0.0232989
1773.87	0.0238989
1771.94	0.0243531
1770.01	0.0248111
1768.08	0.025206
1766.16	0.0255283
1764.23	0.0261478
1762.3	0.0267732
1760.37	0.0273724
1758.45	0.0280335
1756.52	0.028644
1754.59	0.0293481
1752.66	0.0300201
1750.73	0.0307208
1748.81	0.0314608
1746.88	0.0320957
1744.95	0.0329022
1743.02	0.0339251
1741.09	0.0348735
1739.17	0.0356242
1737.24	0.0364468
1735.31	0.0373011
1733.38	0.0381645
1731.45	0.0391779
1729.52	0.0403181
1727.6	0.0411744
1725.67	0.042063
1723.74	0.0432621
1721.81	0.0442404
1719.89	0.0450609
1717.96	0.0459392
1716.03	0.0469147
1714.1	0.0477209
1712.17	0.0485536
1710.24	0.0494702
1708.32	0.0502247
1706.39	0.0508906
1704.46	0.0515004
1702.53	0.0520857
1700.6	0.0524867
1698.68	0.0529966
1696.75	0.0536913
1694.82	0.0542431
1692.89	0.0546207
1690.96	0.0553719
1689.04	0.0558134
1687.11	0.0557106
1685.18	0.0557134
1683.25	0.0560869
1681.33	0.0561839
1679.4	0.0561807
1677.47	0.0562849
1675.54	0.0563474
1673.61	0.0563879
1671.68	0.0564056
1669.76	0.0564355
1667.83	0.0565394
1665.9	0.0565804
1663.97	0.0567736
1662.04	0.0571245
1660.12	0.0574282
1658.19	0.0576411
1656.26	0.0577411
1654.33	0.0578558
1652.4	0.0583384
1650.48	0.0589847
1648.55	0.0593418
1646.62	0.0595229
1644.69	0.0599181
1642.76	0.0602869
1640.84	0.0603596
1638.91	0.0602952
1636.98	0.0605978
1635.05	0.0608897
1633.12	0.0606677
1631.2	0.0603032
1629.27	0.0599082
1627.34	0.0593983
1625.41	0.0586047
1623.48	0.0577237
1621.56	0.0568695
1619.63	0.055991
1617.7	0.0550972
1615.77	0.0543311
1613.84	0.0538187
1611.92	0.0534834
1609.99	0.0530494
1608.06	0.0525758
1606.13	0.0523142
1604.2	0.0519307
1602.28	0.0515633
1600.35	0.0513915
1598.42	0.0512055
1596.49	0.0507826
1594.56	0.050355
1592.64	0.0500672
1590.71	0.0498452
1588.78	0.0497202
1586.85	0.0497556
1584.92	0.0494347
1583	0.0489583
1581.07	0.0488074
1579.14	0.0485174
1577.21	0.0482456
1575.28	0.0481358
1573.36	0.0480458
1571.43	0.0478099
1569.5	0.0476559
1567.57	0.0474961
1565.64	0.0472694
1563.72	0.0469156
1561.79	0.046473
1559.86	0.0463754
1557.93	0.046329
1556	0.0460641
1554.08	0.0458082
1552.15	0.0456983
1550.22	0.0456402
1548.29	0.0454821
1546.36	0.0451749
1544.44	0.0449821
1542.51	0.045041
1540.58	0.0449392
1538.65	0.0446317
1536.72	0.0444225
1534.8	0.0442922
1532.87	0.0442719
1530.94	0.0442255
1529.01	0.0438666
1527.08	0.0435855
1525.16	0.0433528
1523.23	0.0429922
1521.3	0.0428729
1519.37	0.0429414
1517.44	0.0429356
1515.52	0.0427242
1513.59	0.0424024
1511.66	0.0421706
1509.73	0.0420279
1507.8	0.0416677
1505.88	0.0415189
1503.95	0.0415091
1502.02	0.0414641
1500.09	0.0412658
1498.16	0.0408752
1496.24	0.0405674
1494.31	0.0404079
1492.38	0.0402457
1490.45	0.0400733
1488.52	0.0399417
1486.6	0.039839
1484.67	0.0395767
1482.74	0.0396598
1480.81	0.0397104
1478.88	0.0392991
1476.96	0.0390326
1475.03	0.0390884
1473.1	0.0390626
1471.17	0.0388771
1469.24	0.0384877
1467.32	0.0382406
1465.39	0.0382076
1463.46	0.0381173
1461.53	0.0379283
1459.6	0.0379017
1457.68	0.0377839
1455.75	0.037451
1453.82	0.0370557
1451.89	0.0370488
1449.96	0.0371967
1448.04	0.0371478
1446.11	0.0370161
1444.18	0.0368032
1442.25	0.0366474
1440.32	0.0365607
1438.4	0.036288
1436.47	0.0363212
1434.54	0.0360635
1432.61	0.0356014
1430.68	0.0355509
1428.76	0.035711
1426.83	0.0352753
1424.9	0.0348229
1422.97	0.0348106
1421.04	0.034882
1419.12	0.0347584
1417.19	0.0345702
1415.26	0.0343327
1413.33	0.0343234
1411.4	0.0342271
1409.48	0.0338296
1407.55	0.0334173
1405.62	0.0334654
1403.69	0.0335644
1401.76	0.0336226
1399.84	0.0334012
1397.91	0.0329911
1395.98	0.032788
1394.05	0.0327063
1392.12	0.0325052
1390.2	0.0322619
1388.27	0.0323408
1386.34	0.0323481
1384.41	0.0320093
1382.48	0.0316788
1380.56	0.0317509
1378.63	0.0318025
1376.7	0.0316385
1374.77	0.0313769
1372.84	0.0312705
1370.92	0.0311392
1368.99	0.0308969
1367.06	0.0305676
1365.13	0.0305478
1363.2	0.0304214
1361.28	0.0304102
1359.35	0.0305235
1357.42	0.0303432
1355.49	0.0300987
1353.56	0.0298052
1351.64	0.0296763
1349.71	0.0297287
1347.78	0.0300017
1345.85	0.0298711
1343.92	0.0295071
1342	0.0295021
1340.07	0.0295152
1338.14	0.029247
1336.21	0.0290763
1334.28	0.02903
1332.36	0.0290584
1330.43	0.0289296
1328.5	0.0283499
1326.57	0.0281646
1324.64	0.028296
1322.72	0.028289
1320.79	0.0282171
1318.86	0.0278083
1316.93	0.0275071
1315	0.0274621
1313.08	0.0276325
1311.15	0.0279055
1309.22	0.0277636
1307.29	0.0273321
1305.36	0.0269221
1303.44	0.0268189
1301.51	0.026965
1299.58	0.0270106
1297.65	0.0271029
1295.72	0.0269624
1293.8	0.0268128
1291.87	0.026501
1289.94	0.026225
1288.01	0.0262166
1286.08	0.0263547
1284.15	0.0261755
1282.23	0.0260641
1280.3	0.0261515
1278.37	0.0259267
1276.44	0.025883
1274.52	0.0260383
1272.59	0.0259214
1270.66	0.0258982
1268.73	0.0258398
1266.8	0.0254229
1264.88	0.0250887
1262.95	0.0251971
1261.02	0.0253608
1259.09	0.025251
1257.16	0.0248627
1255.24	0.0249551
1253.31	0.0251962
1251.38	0.0252329
1249.45	0.0252337
1247.52	0.0252485
1245.59	0.0251054
1243.67	0.0248397
1241.74	0.0244328
1239.81	0.0244492
1237.88	0.0244128
1235.96	0.0242713
1234.03	0.0245441
1232.1	0.0247113
1230.17	0.024485
1228.24	0.0243652
1226.31	0.0242568
1224.39	0.0243242
1222.46	0.0243649
1220.53	0.0243817
1218.6	0.0243628
1216.68	0.0246924
1214.75	0.024746
1212.82	0.024689
1210.89	0.0247009
1208.96	0.0248028
1207.03	0.0247898
1205.11	0.0249293
1203.18	0.0247516
1201.25	0.0248032
1199.32	0.0249811
1197.39	0.0251543
1195.47	0.0254423
1193.54	0.0251865
1191.61	0.0250891
1189.68	0.0251754
1187.75	0.0257075
1185.83	0.0260082
1183.9	0.026107
1181.97	0.0262508
1180.04	0.0264842
1178.11	0.0268159
1176.19	0.0273889
1174.26	0.0280286
1172.33	0.0283868
1170.4	0.0286853
1168.47	0.0296799
1166.55	0.030479
1164.62	0.0303983
1162.69	0.0306512
1160.76	0.0314899
1158.83	0.0325277
1156.91	0.0332436
1154.98	0.0341411
1153.05	0.0355428
1151.12	0.0368272
1149.19	0.037305
1147.27	0.0382456
1145.34	0.0394757
1143.41	0.040614
1141.48	0.0421951
1139.55	0.0439203
1137.63	0.0452094
1135.7	0.0460464
1133.77	0.0468668
1131.84	0.048068
1129.91	0.0493712
1127.99	0.0506409
1126.06	0.0511777
1124.13	0.051877
1122.2	0.053116
1120.27	0.0540965
1118.35	0.0540469
1116.42	0.0538707
1114.49	0.0540344
1112.56	0.053961
1110.63	0.0537943
1108.71	0.0532867
1106.78	0.0526603
1104.85	0.05171
1102.92	0.0502777
1100.99	0.0494855
1099.07	0.0478593
1097.14	0.0462559
1095.21	0.0451205
1093.28	0.0436224
1091.35	0.0416708
1089.43	0.0398404
1087.5	0.0381653
1085.57	0.0368188
1083.64	0.0356357
1081.71	0.0341768
1079.79	0.0330038
1077.86	0.0316649
1075.93	0.0305027
1074	0.0298331
1072.07	0.0292212
1070.15	0.0288185
1068.22	0.0280752
1066.29	0.0276246
1064.36	0.027199
1062.43	0.0272209
1060.51	0.0272926
1058.58	0.0271044
1056.65	0.0267584
1054.72	0.0265103
1052.79	0.02688
1050.87	0.0274758
1048.94	0.0278076
1047.01	0.0282044
1045.08	0.0289552
1043.15	0.0281891
1041.23	0.0276913
1039.3	0.0280771
1037.37	0.028278
1035.44	0.0283739
1033.51	0.0290589
1031.59	0.0295034
1029.66	0.02916
1027.73	0.0296633
1025.8	0.0308987
1023.87	0.0318954
1021.95	0.0325075
1020.02	0.0333316
1018.09	0.033438
1016.16	0.0332734
1014.23	0.0339705
1012.31	0.0350699
1010.38	0.0365546
1008.45	0.0375059
1006.52	0.0382198
1004.59	0.0390307
1002.67	0.0395283
1000.74	0.0406837
998.81	0.0425405
996.882	0.0442149
994.954	0.0454347
993.026	0.0468135
991.098	0.0483893
989.17	0.050338
987.242	0.0519286
985.314	0.0538644
983.386	0.0560808
981.458	0.0578346
979.53	0.0597036
977.602	0.0619974
975.673	0.0645604
973.746	0.0673413
971.817	0.0697308
969.89	0.07217
967.962	0.0748108
966.034	0.077436
964.106	0.0805624
962.178	0.0839817
960.25	0.0869125
958.322	0.0892524
956.394	0.0917499
954.465	0.0949489
952.538	0.0982799
950.609	0.101348
948.682	0.104505
946.754	0.107929
944.826	0.11093
942.898	0.113467
940.97	0.115777
939.042	0.118733
937.113	0.121156
935.186	0.122903
933.257	0.12596
931.33	0.12879
929.401	0.130776
927.474	0.132924
925.546	0.134826
923.618	0.136713
921.69	0.13803
919.761	0.139128
917.833	0.139971
915.905	0.141515
913.978	0.14292
912.049	0.144053
910.122	0.145146
908.193	0.145396
906.266	0.146081
904.338	0.146918
902.409	0.147353
900.481	0.147732
898.553	0.148051
896.625	0.148165
894.697	0.147844
892.77	0.1475
890.841	0.147531
888.914	0.147433
886.985	0.147255
885.058	0.147671
883.129	0.147566
881.201	0.146567
879.273	0.145315
877.345	0.145083
875.417	0.144933
873.489	0.143736
871.562	0.143137
869.633	0.143175
867.706	0.142266
865.777	0.14111
863.849	0.140704
861.921	0.139957
859.993	0.138562
858.065	0.137609
856.137	0.136935
854.209	0.135682
852.281	0.134253
850.354	0.133258
848.425	0.132749
846.497	0.132002
844.569	0.131151
842.641	0.13023
840.713	0.128728
838.785	0.127864
836.857	0.127068
834.929	0.12581
833.001	0.124728
831.073	0.123711
829.145	0.122467
827.217	0.121137
825.289	0.12049
823.361	0.119891
821.433	0.117728
819.505	0.115865
817.577	0.114842
815.649	0.114139
813.721	0.112969
811.793	0.111834
809.865	0.110622
807.937	0.108862
806.009	0.107677
804.081	0.106992
802.153	0.106569
800.225	0.105858
798.297	0.104734
796.369	0.103222
794.441	0.101641
792.513	0.10013
790.585	0.0990978
788.657	0.0982324
786.729	0.0968017
784.801	0.0959356
782.873	0.0943961
780.945	0.0927778
779.017	0.0923655
777.089	0.0913024
775.161	0.0894483
773.232	0.0881607
771.305	0.0871074
769.377	0.0861099
767.449	0.0846688
765.521	0.0834815
763.593	0.0821733
761.665	0.0813545
759.737	0.0803816
757.809	0.0794575
755.881	0.0784373
753.953	0.0772643
752.024	0.0756932
750.097	0.0743446
748.169	0.0729079
746.241	0.0719309
744.313	0.0712726
742.385	0.0707063
740.457	0.0694676
738.529	0.0680864
736.601	0.0662643
734.672	0.0647752
732.745	0.0641441
730.816	0.0633474
728.889	0.0628356
726.961	0.0619656
725.033	0.0597447
723.105	0.058001
721.177	0.0570736
719.249	0.0570447
717.32	0.0570277
715.393	0.0566021
713.464	0.055446
711.537	0.0545635
709.608	0.0534872
707.681	0.0523543
705.752	0.0510882
703.825	0.0496947
701.897	0.0488113
699.968	0.0479739
698.041	0.047972
696.112	0.0469789
694.185	0.0452101
692.256	0.0448787
690.329	0.0447482
688.4	0.0436087
686.473	0.0433297
684.544	0.04258
682.617	0.0412451
680.688	0.0402849
678.76	0.0400908
676.833	0.0399048
674.904	0.0384962
672.977	0.0382617
671.048	0.0383331
669.121	0.0379002
667.192	0.0365361
665.265	0.035974
663.336	0.0368153
661.408	0.036811
659.48	0.035363
657.552	0.0343022
655.625	0.033628
653.696	0.0330604
651.769	0.0336352
649.84	0.0331532
647.913	0.0327676
645.984	0.033216
644.056	0.0321839
642.128	0.0322283
640.2	0.0324569
638.272	0.0314955
636.344	0.0293204
634.417	0.0288835
632.488	0.0280053
630.561	0.0274893
628.632	0.0277383
626.704	0.0287683
624.776	0.0294469
622.848	0.0303801
620.92	0.0287323
618.992	0.0268827
617.064	0.0275722
615.136	0.0282055
613.208	0.0272542
611.28	0.027144
609.353	0.0260283
607.424	0.0240678
605.496	0.0237034
603.568	0.023684
601.64	0.0243034
599.712	0.0250333
597.784	0.0240564
595.856	0.0236657
593.928	0.0226374
592	0.0222868
590.072	0.0221621
588.144	0.0218804
586.216	0.0224567
584.288	0.0208842
582.36	0.0179355
580.432	0.0187706
578.504	0.0210339
576.576	0.020048
574.648	0.0190454
572.72	0.0200691
570.792	0.019793
568.864	0.0208137
566.936	0.0226005
565.008	0.0219393
563.08	0.0189722
561.152	0.0185405
559.224	0.0191108
557.296	0.020029
555.368	0.0178638
553.44	0.0159581
551.512	0.0171941
549.583	0.0194799
547.656	0.0198401
545.728	0.0202608
543.8	0.0197722
541.872	0.017509
539.944	0.0162921
538.016	0.0173198
536.088	0.0169973
534.16	0.0169412
532.231	0.0164943
530.304	0.0154338
528.375	0.0168215
526.448	0.0177419
524.52	0.0199444
522.592	0.0203731
520.664	0.0156172
518.736	0.0132461
516.808	0.0151011
514.879	0.0144383
512.952	0.0102085
511.023	0.00984205
509.096	0.0109302
507.167	0.0123432
505.24	0.0100981
503.312	0.0109168
501.384	0.0117515
499.456	0.00977817
497.527	0.00965798
495.6	0.0117393
493.671	0.0105529
491.744	0.00951067
489.815	0.00740751
487.888	0.00676753
485.959	0.00554451
484.032	0.00717033
482.104	0.005101
480.176	0.00689527
478.248	0.0102976
476.319	0.00987066
474.392	0.00728511
472.463	0.0110264
470.536	0.0156304
468.607	0.0145036
466.68	0.0116421
464.751	0.0101445
462.824	0.0041157
460.895	0.000205413
458.967	0.0022733
457.04	0.00715042
455.111	0.00662116
453.184	0.0061277
451.255	0.00587419
449.328	0.00832897
447.399	0.00698957
445.472	0.0109105
443.543	0.00760991
441.615	-0.00612298
439.687	-0.00577134
437.759	0.00915787
435.832	0.0111568
433.903	0.00170946
431.976	0.00142076
430.047	0.0096551
428.12	0.00820108
426.191	0.00641952
424.263	-0.00345535
422.335	0.0013468
420.407	0.00458612
418.479	0.012852
416.551	0.0300094
414.624	0.0514395
412.695	0.0602765
410.768	0.0510604
408.839	0.0301791
406.912	0.0314006
404.983	0.0355464
403.055	0.0375503
401.127	0.0375578
