mAHo0223.spa, Mon Nov 06 04:29:29 2006 (GMT-10:00)
7999.41	0.0153262
7997.48	0.0166789
7995.55	0.0140834
7993.62	0.00729832
7991.7	0.00530288
7989.77	0.00736507
7987.84	0.0110446
7985.91	0.0143219
7983.98	0.0139657
7982.06	0.0149509
7980.13	0.0167026
7978.2	0.0142939
7976.27	0.0101553
7974.34	0.010975
7972.42	0.0127151
7970.49	0.013137
7968.56	0.0131147
7966.63	0.00908347
7964.7	0.0105322
7962.78	0.0107458
7960.85	0.0105734
7958.92	0.0117796
7956.99	0.012632
7955.06	0.0149402
7953.14	0.0148335
7951.21	0.011325
7949.28	0.00912404
7947.35	0.0078313
7945.42	0.00817593
7943.5	0.0101175
7941.57	0.0130834
7939.64	0.0143021
7937.71	0.0128793
7935.78	0.012163
7933.86	0.0121046
7931.93	0.0136263
7930	0.0141035
7928.07	0.0120704
7926.14	0.00979487
7924.22	0.0085682
7922.29	0.00987876
7920.36	0.0122805
7918.43	0.0132326
7916.5	0.0147062
7914.58	0.0126608
7912.65	0.0103404
7910.72	0.0110268
7908.79	0.0140041
7906.86	0.0109595
7904.94	0.011568
7903.01	0.0149139
7901.08	0.0118053
7899.15	0.0100278
7897.22	0.0102392
7895.3	0.0133686
7893.37	0.0152897
7891.44	0.0144629
7889.51	0.0123204
7887.58	0.0108852
7885.66	0.0116691
7883.73	0.0129327
7881.8	0.0105991
7879.87	0.00801322
7877.94	0.00946796
7876.02	0.0127069
7874.09	0.0123475
7872.16	0.00971548
7870.23	0.00752124
7868.3	0.00896249
7866.38	0.011875
7864.45	0.0119598
7862.52	0.00955426
7860.59	0.00804619
7858.66	0.00997941
7856.74	0.0141074
7854.81	0.0170308
7852.88	0.0146091
7850.95	0.0115333
7849.02	0.0107777
7847.1	0.0108872
7845.17	0.0129062
7843.24	0.0116063
7841.31	0.00983504
7839.38	0.0118662
7837.46	0.0135218
7835.53	0.0160044
7833.6	0.0145883
7831.67	0.0117942
7829.74	0.0116522
7827.82	0.0115703
7825.89	0.0107226
7823.96	0.00961445
7822.03	0.0107427
7820.1	0.0113438
7818.18	0.0122742
7816.25	0.0125637
7814.32	0.0120404
7812.39	0.0109328
7810.46	0.00920918
7808.54	0.0108181
7806.61	0.0108558
7804.68	0.00964758
7802.75	0.0114528
7800.82	0.0122181
7798.9	0.011902
7796.97	0.0107239
7795.04	0.00920021
7793.11	0.00786551
7791.18	0.00833222
7789.26	0.0107753
7787.33	0.0124626
7785.4	0.0115445
7783.47	0.0109448
7781.54	0.0118933
7779.62	0.0116705
7777.69	0.0115396
7775.76	0.0106947
7773.83	0.0108609
7771.9	0.0109556
7769.98	0.0100096
7768.05	0.0106589
7766.12	0.0118874
7764.19	0.0113086
7762.26	0.0127638
7760.34	0.0143232
7758.41	0.0124031
7756.48	0.0102266
7754.55	0.0127125
7752.62	0.0120519
7750.7	0.0109349
7748.77	0.0112461
7746.84	0.0121233
7744.91	0.0132922
7742.98	0.0131322
7741.06	0.0115197
7739.13	0.0115572
7737.2	0.0125941
7735.27	0.0121369
7733.34	0.0131702
7731.42	0.0140157
7729.49	0.0144336
7727.56	0.0115104
7725.63	0.0104316
7723.7	0.0108898
7721.78	0.0130289
7719.85	0.0118245
7717.92	0.0104275
7715.99	0.0108428
7714.06	0.0116296
7712.14	0.0124962
7710.21	0.0126946
7708.28	0.01136
7706.35	0.0116662
7704.42	0.0136851
7702.5	0.0147278
7700.57	0.0146454
7698.64	0.0149445
7696.71	0.0146506
7694.78	0.0142788
7692.86	0.012706
7690.93	0.0121309
7689	0.011625
7687.07	0.0121083
7685.14	0.00979508
7683.22	0.00825386
7681.29	0.00834191
7679.36	0.00861964
7677.43	0.00810864
7675.5	0.00857037
7673.58	0.00970274
7671.65	0.0112465
7669.72	0.0144199
7667.79	0.0148433
7665.86	0.0135022
7663.94	0.0110397
7662.01	0.00942299
7660.08	0.0105253
7658.15	0.011652
7656.22	0.010976
7654.29	0.0094427
7652.37	0.00817127
7650.44	0.00930368
7648.51	0.0108643
7646.58	0.0111051
7644.66	0.0117196
7642.73	0.0156569
7640.8	0.0142723
7638.87	0.0109408
7636.94	0.0106229
7635.02	0.0114285
7633.09	0.0111617
7631.16	0.0103844
7629.23	0.0105402
7627.3	0.0103209
7625.38	0.00986378
7623.45	0.0107164
7621.52	0.0114742
7619.59	0.011395
7617.66	0.00923707
7615.73	0.00831803
7613.81	0.00944578
7611.88	0.0104813
7609.95	0.0106553
7608.02	0.0119318
7606.09	0.0133113
7604.17	0.0127011
7602.24	0.0121065
7600.31	0.0108199
7598.38	0.00924851
7596.46	0.00866017
7594.53	0.00741822
7592.6	0.00859774
7590.67	0.0105105
7588.74	0.0113111
7586.81	0.0124389
7584.89	0.0133394
7582.96	0.0118373
7581.03	0.00984531
7579.1	0.0100618
7577.17	0.0111089
7575.25	0.0126993
7573.32	0.0130794
7571.39	0.0116686
7569.46	0.0117005
7567.53	0.0108704
7565.61	0.00995252
7563.68	0.00967499
7561.75	0.00888846
7559.82	0.00945872
7557.89	0.0123693
7555.97	0.0135559
7554.04	0.0127409
7552.11	0.012916
7550.18	0.0117698
7548.25	0.0125431
7546.33	0.0132896
7544.4	0.0116834
7542.47	0.00907555
7540.54	0.00950887
7538.61	0.0110776
7536.69	0.0111992
7534.76	0.011021
7532.83	0.00919554
7530.9	0.0081447
7528.97	0.00987374
7527.05	0.0116586
7525.12	0.0124465
7523.19	0.0121389
7521.26	0.0120307
7519.33	0.0098006
7517.41	0.00960395
7515.48	0.0104018
7513.55	0.011186
7511.62	0.0107307
7509.69	0.00999114
7507.77	0.0101516
7505.84	0.0099968
7503.91	0.0113828
7501.98	0.0122012
7500.05	0.0108713
7498.13	0.00929116
7496.2	0.00988689
7494.27	0.0108263
7492.34	0.0116346
7490.41	0.010592
7488.49	0.00994513
7486.56	0.0107313
7484.63	0.00994995
7482.7	0.010545
7480.77	0.0128809
7478.85	0.0136853
7476.92	0.0123968
7474.99	0.0118324
7473.06	0.0101479
7471.13	0.00972764
7469.21	0.0118292
7467.28	0.0110419
7465.35	0.0109615
7463.42	0.0106835
7461.49	0.010545
7459.57	0.0111856
7457.64	0.01252
7455.71	0.0122227
7453.78	0.0105561
7451.85	0.00922857
7449.93	0.00914258
7448	0.00913926
7446.07	0.0100708
7444.14	0.0107908
7442.21	0.0108587
7440.29	0.010515
7438.36	0.00941947
7436.43	0.0081082
7434.5	0.00795547
7432.57	0.00869282
7430.65	0.0103968
7428.72	0.0123031
7426.79	0.0116941
7424.86	0.0110895
7422.93	0.0124477
7421.01	0.0114156
7419.08	0.00895309
7417.15	0.0109548
7415.22	0.0110957
7413.29	0.010424
7411.37	0.0101196
7409.44	0.00937278
7407.51	0.0097703
7405.58	0.0108255
7403.65	0.0118704
7401.73	0.0106002
7399.8	0.00826872
7397.87	0.010324
7395.94	0.0125713
7394.01	0.0111368
7392.09	0.00959118
7390.16	0.00972666
7388.23	0.0102197
7386.3	0.0108258
7384.37	0.0123811
7382.45	0.0131347
7380.52	0.0113338
7378.59	0.0116457
7376.66	0.012259
7374.73	0.0104303
7372.81	0.00907599
7370.88	0.00867423
7368.95	0.0095697
7367.02	0.01026
7365.09	0.0104958
7363.17	0.0108687
7361.24	0.0109965
7359.31	0.0109245
7357.38	0.00966709
7355.45	0.00956255
7353.53	0.0099689
7351.6	0.0103282
7349.67	0.0110316
7347.74	0.0119771
7345.81	0.0106569
7343.89	0.00973727
7341.96	0.0102801
7340.03	0.0119262
7338.1	0.0133517
7336.17	0.0115398
7334.25	0.0099313
7332.32	0.0108404
7330.39	0.0124091
7328.46	0.0125701
7326.53	0.0127266
7324.61	0.011263
7322.68	0.0101815
7320.75	0.011266
7318.82	0.0127055
7316.89	0.0123371
7314.97	0.010861
7313.04	0.0102073
7311.11	0.011136
7309.18	0.0120637
7307.25	0.0113235
7305.33	0.0104706
7303.4	0.00990018
7301.47	0.0105003
7299.54	0.0115211
7297.61	0.0117978
7295.69	0.0113529
7293.76	0.0105956
7291.83	0.00886681
7289.9	0.00771311
7287.97	0.00859842
7286.05	0.0110205
7284.12	0.0115471
7282.19	0.00981714
7280.26	0.00995893
7278.33	0.0104179
7276.41	0.0109773
7274.48	0.0111834
7272.55	0.010999
7270.62	0.0111738
7268.69	0.0108258
7266.77	0.00946952
7264.84	0.00986846
7262.91	0.00943315
7260.98	0.0101162
7259.05	0.0111515
7257.13	0.0109707
7255.2	0.0110086
7253.27	0.0105797
7251.34	0.0112779
7249.41	0.0123731
7247.49	0.011713
7245.56	0.0114487
7243.63	0.012156
7241.7	0.0111317
7239.77	0.0104758
7237.85	0.011398
7235.92	0.0110768
7233.99	0.0118014
7232.06	0.0125455
7230.13	0.0118696
7228.21	0.0125235
7226.28	0.0124644
7224.35	0.0106648
7222.42	0.0102077
7220.49	0.0106501
7218.57	0.0106632
7216.64	0.0116045
7214.71	0.0117357
7212.78	0.0102223
7210.85	0.0102644
7208.93	0.0111611
7207	0.0107541
7205.07	0.0110594
7203.14	0.0111603
7201.21	0.00954176
7199.29	0.0092832
7197.36	0.00919534
7195.43	0.00856824
7193.5	0.00901479
7191.57	0.00974621
7189.65	0.0100052
7187.72	0.00995917
7185.79	0.0101244
7183.86	0.0101574
7181.93	0.0104283
7180	0.0107936
7178.08	0.0110931
7176.15	0.0108102
7174.22	0.0109835
7172.29	0.0103341
7170.37	0.00880523
7168.44	0.00956452
7166.51	0.0100616
7164.58	0.0104016
7162.65	0.0110233
7160.73	0.0117756
7158.8	0.0122189
7156.87	0.0105106
7154.94	0.0101886
7153.01	0.0111079
7151.08	0.0113736
7149.16	0.0121073
7147.23	0.0114654
7145.3	0.0108283
7143.37	0.0109022
7141.44	0.0107218
7139.52	0.00900055
7137.59	0.00906953
7135.66	0.010416
7133.73	0.01113
7131.8	0.0108984
7129.88	0.0103256
7127.95	0.0098169
7126.02	0.0102108
7124.09	0.0114489
7122.17	0.011117
7120.24	0.0092961
7118.31	0.00928073
7116.38	0.0102011
7114.45	0.0096677
7112.52	0.00950128
7110.6	0.0107144
7108.67	0.010568
7106.74	0.0114488
7104.81	0.0122315
7102.88	0.0105225
7100.96	0.0103646
7099.03	0.0118998
7097.1	0.0117168
7095.17	0.0105738
7093.24	0.0101858
7091.32	0.011964
7089.39	0.0113799
7087.46	0.0107579
7085.53	0.0123242
7083.6	0.0116259
7081.68	0.0101298
7079.75	0.010164
7077.82	0.0111555
7075.89	0.0115437
7073.96	0.0108138
7072.04	0.00939807
7070.11	0.00932674
7068.18	0.00922685
7066.25	0.0105369
7064.32	0.011393
7062.4	0.010811
7060.47	0.00997646
7058.54	0.0104127
7056.61	0.0105521
7054.68	0.0106086
7052.76	0.0112491
7050.83	0.0107826
7048.9	0.0107717
7046.97	0.011278
7045.04	0.0112587
7043.12	0.011579
7041.19	0.0119633
7039.26	0.0100704
7037.33	0.00901661
7035.4	0.0101777
7033.48	0.0110131
7031.55	0.0123998
7029.62	0.0123411
7027.69	0.0115102
7025.76	0.0115966
7023.84	0.0118522
7021.91	0.0108705
7019.98	0.0105344
7018.05	0.0102279
7016.12	0.00985493
7014.2	0.0112546
7012.27	0.0110976
7010.34	0.0103856
7008.41	0.0107648
7006.48	0.0111828
7004.56	0.0113922
7002.63	0.00984503
7000.7	0.00872156
6998.77	0.00994266
6996.84	0.0107335
6994.92	0.011159
6992.99	0.0113006
6991.06	0.0115775
6989.13	0.012109
6987.2	0.011308
6985.28	0.0103332
6983.35	0.00987378
6981.42	0.00878515
6979.49	0.0083815
6977.56	0.00941845
6975.64	0.00944934
6973.71	0.00961387
6971.78	0.010008
6969.85	0.0105177
6967.92	0.0107769
6966	0.0104271
6964.07	0.0108425
6962.14	0.0119385
6960.21	0.0112058
6958.28	0.00999094
6956.36	0.0105244
6954.43	0.0107336
6952.5	0.0107823
6950.57	0.00990978
6948.64	0.0099252
6946.72	0.0118819
6944.79	0.0123115
6942.86	0.0110282
6940.93	0.0105166
6939	0.0108792
6937.08	0.0112681
6935.15	0.0109401
6933.22	0.0105776
6931.29	0.0110892
6929.36	0.0114058
6927.44	0.0108555
6925.51	0.0100062
6923.58	0.00888095
6921.65	0.00953901
6919.72	0.0112565
6917.8	0.0101226
6915.87	0.00899946
6913.94	0.00973445
6912.01	0.00986157
6910.08	0.00889823
6908.16	0.00884767
6906.23	0.0102354
6904.3	0.0112739
6902.37	0.0109149
6900.44	0.0100893
6898.52	0.0102547
6896.59	0.00958569
6894.66	0.0085532
6892.73	0.00919185
6890.8	0.0101898
6888.88	0.0116711
6886.95	0.0115429
6885.02	0.00968593
6883.09	0.00903712
6881.16	0.0106329
6879.24	0.0118562
6877.31	0.0111124
6875.38	0.0107637
6873.45	0.0105321
6871.52	0.0108709
6869.6	0.0112901
6867.67	0.0109515
6865.74	0.0107237
6863.81	0.011526
6861.88	0.0114277
6859.96	0.0106431
6858.03	0.0107807
6856.1	0.0104486
6854.17	0.00935392
6852.24	0.00948794
6850.32	0.00904026
6848.39	0.00883813
6846.46	0.0100376
6844.53	0.0108309
6842.6	0.0116358
6840.68	0.0116757
6838.75	0.0108938
6836.82	0.0118217
6834.89	0.0128559
6832.96	0.01155
6831.04	0.0102507
6829.11	0.0112739
6827.18	0.012913
6825.25	0.0121051
6823.32	0.0114335
6821.4	0.0114235
6819.47	0.0104368
6817.54	0.00961811
6815.61	0.0111673
6813.68	0.0128838
6811.76	0.0123214
6809.83	0.0108304
6807.9	0.0108758
6805.97	0.0104694
6804.04	0.0101258
6802.12	0.0100782
6800.19	0.010044
6798.26	0.0106342
6796.33	0.0113648
6794.4	0.011154
6792.48	0.0105359
6790.55	0.0102773
6788.62	0.00964924
6786.69	0.00947155
6784.76	0.00951409
6782.84	0.00943833
6780.91	0.0101412
6778.98	0.0104445
6777.05	0.0105524
6775.12	0.0111418
6773.2	0.0104928
6771.27	0.0101319
6769.34	0.010832
6767.41	0.0116283
6765.48	0.0108714
6763.56	0.0101563
6761.63	0.0105921
6759.7	0.0113196
6757.77	0.0108797
6755.84	0.0104844
6753.92	0.0100971
6751.99	0.00971029
6750.06	0.00916356
6748.13	0.0103368
6746.2	0.0111036
6744.28	0.0110115
6742.35	0.0109108
6740.42	0.0113631
6738.49	0.0118485
6736.56	0.012191
6734.64	0.011878
6732.71	0.0107597
6730.78	0.0102129
6728.85	0.00994337
6726.92	0.0104942
6725	0.0106137
6723.07	0.0102387
6721.14	0.0104974
6719.21	0.0108518
6717.28	0.0109301
6715.35	0.0103703
6713.43	0.0105931
6711.5	0.0114096
6709.57	0.0110055
6707.64	0.0106076
6705.71	0.0102764
6703.79	0.00997599
6701.86	0.0104341
6699.93	0.0102511
6698	0.0102832
6696.08	0.0110785
6694.15	0.0110779
6692.22	0.0104048
6690.29	0.00991791
6688.36	0.00998138
6686.44	0.0101422
6684.51	0.0105348
6682.58	0.0107749
6680.65	0.0110872
6678.72	0.0104974
6676.79	0.0100525
6674.87	0.0108242
6672.94	0.0106808
6671.01	0.0100841
6669.08	0.00993835
6667.15	0.01015
6665.23	0.0103228
6663.3	0.0105114
6661.37	0.0102568
6659.44	0.0102533
6657.51	0.0107103
6655.59	0.0109516
6653.66	0.0114944
6651.73	0.0114407
6649.8	0.0107472
6647.88	0.0103127
6645.95	0.0105666
6644.02	0.0106868
6642.09	0.010586
6640.16	0.0103638
6638.23	0.0110922
6636.31	0.0108273
6634.38	0.00980935
6632.45	0.0104265
6630.52	0.0108671
6628.59	0.0102079
6626.67	0.00999016
6624.74	0.0101395
6622.81	0.00996534
6620.88	0.00978006
6618.95	0.0105135
6617.03	0.0109049
6615.1	0.0104483
6613.17	0.0101808
6611.24	0.0102387
6609.31	0.0113089
6607.39	0.0113407
6605.46	0.0109314
6603.53	0.010716
6601.6	0.0104227
6599.67	0.00960154
6597.75	0.00958769
6595.82	0.0100146
6593.89	0.0103261
6591.96	0.0101445
6590.03	0.0107422
6588.11	0.0104376
6586.18	0.0102773
6584.25	0.0102321
6582.32	0.0108826
6580.39	0.0112505
6578.47	0.010511
6576.54	0.00956018
6574.61	0.0092063
6572.68	0.0099154
6570.75	0.0107866
6568.83	0.0112731
6566.9	0.0111691
6564.97	0.0109005
6563.04	0.0113965
6561.11	0.0113496
6559.19	0.0106259
6557.26	0.00991391
6555.33	0.00990686
6553.4	0.010569
6551.47	0.0107406
6549.55	0.0103566
6547.62	0.0104783
6545.69	0.010575
6543.76	0.0106287
6541.83	0.0105075
6539.91	0.00998049
6537.98	0.0102027
6536.05	0.0113164
6534.12	0.0112801
6532.19	0.0107779
6530.27	0.010074
6528.34	0.00982707
6526.41	0.0101721
6524.48	0.00981907
6522.55	0.00919882
6520.63	0.00908583
6518.7	0.00964531
6516.77	0.00944409
6514.84	0.00954176
6512.91	0.0100063
6510.99	0.0105875
6509.06	0.0106596
6507.13	0.0101684
6505.2	0.0103135
6503.27	0.0105746
6501.35	0.00973093
6499.42	0.00961157
6497.49	0.00994361
6495.56	0.00967953
6493.63	0.00916139
6491.71	0.00973649
6489.78	0.0109249
6487.85	0.0110719
6485.92	0.0112661
6483.99	0.0111455
6482.07	0.0109539
6480.14	0.0110571
6478.21	0.0110984
6476.28	0.0109335
6474.35	0.010792
6472.43	0.0103282
6470.5	0.0106259
6468.57	0.0110017
6466.64	0.0109923
6464.71	0.0104464
6462.79	0.0100883
6460.86	0.00995646
6458.93	0.0099984
6457	0.00971405
6455.07	0.0095152
6453.15	0.0102872
6451.22	0.0113367
6449.29	0.0112205
6447.36	0.0108644
6445.43	0.0110119
6443.51	0.010485
6441.58	0.0099249
6439.65	0.0102168
6437.72	0.0107857
6435.79	0.0112962
6433.87	0.0107653
6431.94	0.0108186
6430.01	0.0109077
6428.08	0.0104395
6426.15	0.00998507
6424.23	0.0102039
6422.3	0.0108088
6420.37	0.0106272
6418.44	0.0105764
6416.51	0.0100757
6414.59	0.0095022
6412.66	0.00958149
6410.73	0.0101413
6408.8	0.0106078
6406.87	0.0106497
6404.95	0.0104077
6403.02	0.0101393
6401.09	0.0100249
6399.16	0.0103683
6397.23	0.0102259
6395.31	0.0103094
6393.38	0.0112781
6391.45	0.0115525
6389.52	0.0105863
6387.59	0.0104239
6385.67	0.0105254
6383.74	0.0103273
6381.81	0.0103101
6379.88	0.00977091
6377.95	0.0097739
6376.03	0.0107284
6374.1	0.0112749
6372.17	0.0113676
6370.24	0.0106044
6368.31	0.0100699
6366.39	0.0106728
6364.46	0.010638
6362.53	0.0102491
6360.6	0.010624
6358.67	0.0106114
6356.75	0.0105336
6354.82	0.0107422
6352.89	0.0108692
6350.96	0.0107083
6349.03	0.0105615
6347.11	0.0105472
6345.18	0.0101442
6343.25	0.00957265
6341.32	0.00940894
6339.39	0.00983005
6337.47	0.00982283
6335.54	0.0100597
6333.61	0.0101197
6331.68	0.01044
6329.75	0.0107679
6327.83	0.0104989
6325.9	0.0100908
6323.97	0.0100375
6322.04	0.010544
6320.11	0.0106935
6318.19	0.010043
6316.26	0.00984636
6314.33	0.0100657
6312.4	0.00970399
6310.47	0.00982256
6308.55	0.0100032
6306.62	0.0102383
6304.69	0.0105587
6302.76	0.0107997
6300.83	0.0111717
6298.91	0.0105091
6296.98	0.010167
6295.05	0.010055
6293.12	0.010099
6291.19	0.0102849
6289.27	0.0102461
6287.34	0.0102876
6285.41	0.0101715
6283.48	0.00938067
6281.55	0.00952807
6279.62	0.0104616
6277.7	0.0105836
6275.77	0.0105487
6273.84	0.0102966
6271.91	0.0101645
6269.99	0.0103623
6268.06	0.0104348
6266.13	0.010264
6264.2	0.0106232
6262.27	0.0106803
6260.34	0.0105295
6258.42	0.0108493
6256.49	0.0107423
6254.56	0.010343
6252.63	0.010241
6250.71	0.0103364
6248.78	0.0102383
6246.85	0.0103616
6244.92	0.0103637
6242.99	0.0104007
6241.06	0.0103866
6239.14	0.00997222
6237.21	0.00966808
6235.28	0.00965148
6233.35	0.00968708
6231.42	0.00989778
6229.5	0.00983283
6227.57	0.00989903
6225.64	0.010385
6223.71	0.0106435
6221.79	0.0109761
6219.86	0.0110722
6217.93	0.0107493
6216	0.0104825
6214.07	0.0107133
6212.15	0.0109896
6210.22	0.0107921
6208.29	0.0106319
6206.36	0.0102021
6204.43	0.0100445
6202.5	0.0101749
6200.58	0.00997978
6198.65	0.0102668
6196.72	0.010053
6194.79	0.00979996
6192.86	0.0101018
6190.94	0.010185
6189.01	0.0103248
6187.08	0.0105511
6185.15	0.0103088
6183.22	0.00980277
6181.3	0.00982697
6179.37	0.0104167
6177.44	0.010589
6175.51	0.0103951
6173.58	0.0103941
6171.66	0.00971477
6169.73	0.00917019
6167.8	0.00978017
6165.87	0.00993791
6163.94	0.00991079
6162.02	0.00985588
6160.09	0.0100514
6158.16	0.0103316
6156.23	0.00980768
6154.3	0.00977227
6152.38	0.0104583
6150.45	0.0105907
6148.52	0.0106189
6146.59	0.010381
6144.66	0.0102562
6142.74	0.00955649
6140.81	0.00928134
6138.88	0.00962183
6136.95	0.0100389
6135.02	0.0107832
6133.1	0.0108335
6131.17	0.0108614
6129.24	0.0107469
6127.31	0.0112528
6125.38	0.0115112
6123.46	0.0108744
6121.53	0.0102761
6119.6	0.0101888
6117.67	0.0101865
6115.74	0.0100134
6113.82	0.00986188
6111.89	0.0101053
6109.96	0.0103144
6108.03	0.00994659
6106.1	0.00964738
6104.18	0.0106813
6102.25	0.0112193
6100.32	0.0107352
6098.39	0.0100466
6096.46	0.010371
6094.54	0.0106846
6092.61	0.0105055
6090.68	0.010311
6088.75	0.0101644
6086.82	0.00959487
6084.9	0.0094575
6082.97	0.0101453
6081.04	0.0101616
6079.11	0.0103518
6077.18	0.0109037
6075.26	0.0104779
6073.33	0.00998548
6071.4	0.0104542
6069.47	0.0103965
6067.54	0.0100144
6065.62	0.0102246
6063.69	0.0102135
6061.76	0.0106039
6059.83	0.010647
6057.9	0.0102688
6055.98	0.00990089
6054.05	0.0101657
6052.12	0.010399
6050.19	0.0105166
6048.26	0.0103287
6046.34	0.0101064
6044.41	0.010148
6042.48	0.0100164
6040.55	0.0101368
6038.62	0.01027
6036.7	0.0100885
6034.77	0.0106129
6032.84	0.0106436
6030.91	0.0100575
6028.98	0.0101042
6027.06	0.00996141
6025.13	0.00986727
6023.2	0.0105508
6021.27	0.0104983
6019.34	0.00974011
6017.42	0.00964429
6015.49	0.0100446
6013.56	0.0106285
6011.63	0.0110369
6009.7	0.011087
6007.78	0.0106968
6005.85	0.0101948
6003.92	0.009983
6001.99	0.00974923
6000.06	0.00933557
5998.14	0.00964324
5996.21	0.0102726
5994.28	0.0108327
5992.35	0.0109758
5990.42	0.010713
5988.5	0.0103134
5986.57	0.0101085
5984.64	0.00998978
5982.71	0.00998209
5980.78	0.0102493
5978.86	0.0106427
5976.93	0.0107027
5975	0.0100065
5973.07	0.00983497
5971.14	0.0101155
5969.22	0.00997253
5967.29	0.0101251
5965.36	0.0104259
5963.43	0.0107459
5961.5	0.0102792
5959.58	0.00946264
5957.65	0.00960689
5955.72	0.0102094
5953.79	0.00971378
5951.86	0.00934965
5949.94	0.00989117
5948.01	0.010044
5946.08	0.0100215
5944.15	0.0101054
5942.22	0.00999284
5940.3	0.00979592
5938.37	0.0101211
5936.44	0.010418
5934.51	0.0105513
5932.58	0.010408
5930.66	0.0101782
5928.73	0.0102137
5926.8	0.0100871
5924.87	0.00990286
5922.94	0.0100668
5921.02	0.0100844
5919.09	0.0103872
5917.16	0.0105199
5915.23	0.010443
5913.3	0.0101464
5911.38	0.0102043
5909.45	0.0106973
5907.52	0.010662
5905.59	0.010202
5903.66	0.010396
5901.74	0.0108155
5899.81	0.0107429
5897.88	0.0105372
5895.95	0.0100535
5894.02	0.00969732
5892.1	0.0100515
5890.17	0.0103338
5888.24	0.0102096
5886.31	0.0102168
5884.38	0.0101484
5882.46	0.0101409
5880.53	0.0101633
5878.6	0.0101681
5876.67	0.0101361
5874.74	0.0101857
5872.82	0.0101651
5870.89	0.0100469
5868.96	0.0103305
5867.03	0.0105066
5865.1	0.010226
5863.18	0.0102738
5861.25	0.0105456
5859.32	0.0105216
5857.39	0.0104779
5855.46	0.0102551
5853.54	0.0100633
5851.61	0.0100237
5849.68	0.0100268
5847.75	0.00990154
5845.82	0.00982128
5843.9	0.0101993
5841.97	0.0102266
5840.04	0.00986063
5838.11	0.00978471
5836.18	0.00981585
5834.25	0.0101067
5832.33	0.0103026
5830.4	0.0102833
5828.47	0.00999463
5826.54	0.00991703
5824.62	0.00983588
5822.69	0.0100063
5820.76	0.00975075
5818.83	0.00958162
5816.9	0.00981395
5814.98	0.0101508
5813.05	0.0103862
5811.12	0.0104202
5809.19	0.0101907
5807.26	0.0100026
5805.33	0.0101396
5803.41	0.010209
5801.48	0.0100533
5799.55	0.0102019
5797.62	0.0102051
5795.7	0.00966987
5793.77	0.0097537
5791.84	0.0100721
5789.91	0.0100971
5787.98	0.00999843
5786.06	0.0101409
5784.13	0.0103771
5782.2	0.0106575
5780.27	0.0105996
5778.34	0.0105095
5776.42	0.0101628
5774.49	0.0103193
5772.56	0.0107873
5770.63	0.0104028
5768.7	0.00979064
5766.77	0.00990252
5764.85	0.00997239
5762.92	0.0100418
5760.99	0.0103207
5759.06	0.0102219
5757.13	0.0100974
5755.21	0.0101976
5753.28	0.0103661
5751.35	0.0101318
5749.42	0.01012
5747.49	0.01032
5745.57	0.00997592
5743.64	0.00972195
5741.71	0.00985371
5739.78	0.00976573
5737.85	0.00996537
5735.93	0.0102326
5734	0.00989093
5732.07	0.00994744
5730.14	0.0100976
5728.21	0.0100655
5726.29	0.0100378
5724.36	0.00979552
5722.43	0.0094301
5720.5	0.0093442
5718.57	0.00979847
5716.65	0.0101317
5714.72	0.0100514
5712.79	0.00989228
5710.86	0.00971006
5708.93	0.0101116
5707.01	0.0103503
5705.08	0.0100265
5703.15	0.0098249
5701.22	0.00995425
5699.29	0.0103007
5697.37	0.0102024
5695.44	0.0101332
5693.51	0.0101393
5691.58	0.0100349
5689.65	0.0101728
5687.73	0.00986564
5685.8	0.00990489
5683.87	0.00965771
5681.94	0.00987812
5680.01	0.00991374
5678.09	0.00952221
5676.16	0.00969291
5674.23	0.0101166
5672.3	0.010061
5670.37	0.00973882
5668.45	0.00967767
5666.52	0.0100704
5664.59	0.0101463
5662.66	0.00985229
5660.73	0.00992212
5658.81	0.0101706
5656.88	0.0102713
5654.95	0.0100049
5653.02	0.00979945
5651.09	0.0101643
5649.17	0.0105265
5647.24	0.0104413
5645.31	0.0101927
5643.38	0.00978484
5641.45	0.00946034
5639.53	0.0096049
5637.6	0.00966323
5635.67	0.00952997
5633.74	0.0100543
5631.81	0.00987039
5629.89	0.00964036
5627.96	0.00993351
5626.03	0.00996788
5624.1	0.00981151
5622.17	0.0100336
5620.25	0.0102165
5618.32	0.0101347
5616.39	0.0100942
5614.46	0.0101103
5612.53	0.00998775
5610.61	0.00975509
5608.68	0.00949749
5606.75	0.00967482
5604.82	0.0097575
5602.89	0.00956692
5600.97	0.00975577
5599.04	0.0100582
5597.11	0.0100797
5595.18	0.0100306
5593.25	0.00983937
5591.33	0.00975834
5589.4	0.00970162
5587.47	0.00982792
5585.54	0.0101576
5583.61	0.0102193
5581.69	0.00975407
5579.76	0.00981558
5577.83	0.0102933
5575.9	0.0104771
5573.97	0.0100453
5572.05	0.0098713
5570.12	0.00999958
5568.19	0.0100766
5566.26	0.010045
5564.33	0.0100987
5562.41	0.0100546
5560.48	0.00971544
5558.55	0.00955382
5556.62	0.0097274
5554.69	0.0100011
5552.77	0.00968942
5550.84	0.00929678
5548.91	0.00977529
5546.98	0.0102109
5545.05	0.00991947
5543.13	0.00995307
5541.2	0.00999287
5539.27	0.00983226
5537.34	0.00997517
5535.41	0.009889
5533.49	0.00991801
5531.56	0.00985869
5529.63	0.00984219
5527.7	0.0100049
5525.77	0.0101096
5523.85	0.00996039
5521.92	0.00990137
5519.99	0.00977556
5518.06	0.00941954
5516.13	0.00915997
5514.21	0.00940074
5512.28	0.00998378
5510.35	0.0104158
5508.42	0.0103253
5506.49	0.0100874
5504.57	0.0101331
5502.64	0.0100058
5500.71	0.00995191
5498.78	0.00999002
5496.85	0.0100336
5494.93	0.00972598
5493	0.00948168
5491.07	0.00953515
5489.14	0.00969644
5487.21	0.00987673
5485.29	0.00981656
5483.36	0.00955741
5481.43	0.00940599
5479.5	0.00940525
5477.57	0.00968522
5475.65	0.00984595
5473.72	0.00972964
5471.79	0.00963975
5469.86	0.0100368
5467.93	0.010236
5466.01	0.0100064
5464.08	0.0097293
5462.15	0.00940403
5460.22	0.00945733
5458.29	0.0097253
5456.37	0.00975302
5454.44	0.00970982
5452.51	0.00976817
5450.58	0.0099413
5448.65	0.01003
5446.73	0.00995056
5444.8	0.0101122
5442.87	0.0101234
5440.94	0.00985283
5439.01	0.00983626
5437.09	0.00959158
5435.16	0.00931888
5433.23	0.0093831
5431.3	0.0094639
5429.37	0.0096941
5427.45	0.00978667
5425.52	0.00973001
5423.59	0.00980789
5421.66	0.00989778
5419.73	0.0100305
5417.81	0.00996751
5415.88	0.00995649
5413.95	0.00993747
5412.02	0.00985988
5410.09	0.00977322
5408.17	0.00996212
5406.24	0.00992232
5404.31	0.00973462
5402.38	0.00977285
5400.45	0.00979101
5398.53	0.0100269
5396.6	0.0100547
5394.67	0.00955737
5392.74	0.0095678
5390.81	0.0100182
5388.88	0.00980623
5386.96	0.00943853
5385.03	0.00959768
5383.1	0.00930663
5381.17	0.00913006
5379.25	0.00935226
5377.32	0.00963698
5375.39	0.00971687
5373.46	0.00943484
5371.53	0.00951581
5369.6	0.00981867
5367.68	0.0097575
5365.75	0.00940474
5363.82	0.00950606
5361.89	0.00970718
5359.96	0.00983426
5358.04	0.00993605
5356.11	0.00999348
5354.18	0.00989852
5352.25	0.00979603
5350.33	0.00964355
5348.4	0.00975726
5346.47	0.0100297
5344.54	0.00995236
5342.61	0.00981799
5340.69	0.00963694
5338.76	0.0097044
5336.83	0.00973933
5334.9	0.0096923
5332.97	0.00981084
5331.04	0.00967794
5329.12	0.00950846
5327.19	0.00980301
5325.26	0.0100698
5323.33	0.00983968
5321.4	0.00949309
5319.48	0.0095882
5317.55	0.00988666
5315.62	0.0099707
5313.69	0.00977983
5311.76	0.00933594
5309.84	0.00922048
5307.91	0.00940474
5305.98	0.00951104
5304.05	0.00932724
5302.12	0.00937799
5300.2	0.00953346
5298.27	0.00953519
5296.34	0.00974201
5294.41	0.00975007
5292.48	0.00932782
5290.56	0.00932687
5288.63	0.00951293
5286.7	0.00982734
5284.77	0.00982161
5282.84	0.0095971
5280.92	0.00955483
5278.99	0.00970833
5277.06	0.00997497
5275.13	0.0101546
5273.21	0.00992571
5271.28	0.00963064
5269.35	0.00963105
5267.42	0.00979382
5265.49	0.00971355
5263.56	0.00967475
5261.64	0.009624
5259.71	0.00940758
5257.78	0.00927653
5255.85	0.00942976
5253.92	0.00947043
5252	0.009411
5250.07	0.00954271
5248.14	0.00934691
5246.21	0.00955741
5244.28	0.00976919
5242.36	0.0095443
5240.43	0.00960198
5238.5	0.00946082
5236.57	0.00944656
5234.64	0.00986961
5232.72	0.0100791
5230.79	0.00990574
5228.86	0.00961472
5226.93	0.00949007
5225	0.00950874
5223.08	0.00960235
5221.15	0.00959189
5219.22	0.00956371
5217.29	0.00951595
5215.36	0.00958877
5213.44	0.0097274
5211.51	0.0097023
5209.58	0.00975228
5207.65	0.00984551
5205.72	0.0099094
5203.8	0.00992259
5201.87	0.00975519
5199.94	0.00976437
5198.01	0.00960568
5196.08	0.00949736
5194.16	0.009676
5192.23	0.00974259
5190.3	0.00983093
5188.37	0.00968288
5186.44	0.00969024
5184.52	0.00980748
5182.59	0.00979986
5180.66	0.00953481
5178.73	0.00936807
5176.8	0.00951812
5174.88	0.009553
5172.95	0.0095171
5171.02	0.00963894
5169.09	0.00970236
5167.16	0.00978325
5165.24	0.00983399
5163.31	0.00973232
5161.38	0.00977274
5159.45	0.00991913
5157.52	0.00970016
5155.6	0.00954653
5153.67	0.00963054
5151.74	0.00959487
5149.81	0.00959904
5147.88	0.00957007
5145.96	0.00955737
5144.03	0.00943918
5142.1	0.00930592
5140.17	0.00957576
5138.24	0.00970375
5136.32	0.00956486
5134.39	0.00945939
5132.46	0.0095189
5130.53	0.00949736
5128.6	0.00948513
5126.68	0.00950911
5124.75	0.00955669
5122.82	0.00958146
5120.89	0.00937982
5118.96	0.00934505
5117.04	0.00932508
5115.11	0.00926431
5113.18	0.00942177
5111.25	0.00966584
5109.32	0.00965327
5107.4	0.00957268
5105.47	0.00934965
5103.54	0.00935697
5101.61	0.00959026
5099.68	0.00934241
5097.76	0.00906492
5095.83	0.00912319
5093.9	0.00928926
5091.97	0.00932667
5090.04	0.00919459
5088.12	0.00913727
5086.19	0.00953989
5084.26	0.00989818
5082.33	0.0097211
5080.4	0.00957688
5078.48	0.0098574
5076.55	0.00979491
5074.62	0.00936943
5072.69	0.00935189
5070.76	0.00954704
5068.84	0.00956946
5066.91	0.0096117
5064.98	0.00975567
5063.05	0.00968996
5061.12	0.00955354
5059.2	0.00933059
5057.27	0.00924502
5055.34	0.00931739
5053.41	0.00930906
5051.48	0.00934529
5049.56	0.00959958
5047.63	0.00959724
5045.7	0.00949956
5043.77	0.00950399
5041.84	0.00955575
5039.92	0.0094872
5037.99	0.00922326
5036.06	0.00914444
5034.13	0.00938344
5032.2	0.00938591
5030.28	0.00916119
5028.35	0.0089652
5026.42	0.00907166
5024.49	0.00944913
5022.56	0.0095402
5020.64	0.00967861
5018.71	0.0096302
5016.78	0.00915327
5014.85	0.0092125
5012.92	0.00955757
5011	0.00972663
5009.07	0.00966831
5007.14	0.00959826
5005.21	0.0094473
5003.28	0.00940508
5001.36	0.009294
4999.43	0.00938344
4997.5	0.00938388
4995.57	0.00924797
4993.64	0.00937596
4991.72	0.00949184
4989.79	0.00952011
4987.86	0.00947487
4985.93	0.00933351
4984	0.00928489
4982.08	0.00925507
4980.15	0.00938178
4978.22	0.00955429
4976.29	0.00937339
4974.36	0.00911761
4972.44	0.0091286
4970.51	0.00928016
4968.58	0.00940691
4966.65	0.00949116
4964.72	0.00939289
4962.8	0.00923311
4960.87	0.00911876
4958.94	0.00932565
4957.01	0.00940775
4955.08	0.00931888
4953.16	0.00937708
4951.23	0.00932914
4949.3	0.00930947
4947.37	0.00950037
4945.44	0.00940586
4943.52	0.00915953
4941.59	0.00934099
4939.66	0.00969904
4937.73	0.00948334
4935.8	0.00896381
4933.88	0.00906327
4931.95	0.00923328
4930.02	0.00918843
4928.09	0.00917818
4926.16	0.00917706
4924.24	0.00927183
4922.31	0.00930605
4920.38	0.00917523
4918.45	0.00920593
4916.52	0.00938101
4914.6	0.00944686
4912.67	0.00954738
4910.74	0.00942157
4908.81	0.00939319
4906.88	0.00951741
4904.96	0.00947653
4903.03	0.00930565
4901.1	0.0091975
4899.17	0.00924211
4897.24	0.00942262
4895.32	0.0097269
4893.39	0.00968915
4891.46	0.00931201
4889.53	0.00905809
4887.6	0.00909524
4885.67	0.00938828
4883.75	0.00944053
4881.82	0.00934387
4879.89	0.00944947
4877.96	0.00971548
4876.04	0.00964944
4874.11	0.00939953
4872.18	0.00927606
4870.25	0.00931391
4868.32	0.00932213
4866.4	0.00900461
4864.47	0.00894774
4862.54	0.00929688
4860.61	0.00932965
4858.68	0.00922945
4856.75	0.00920975
4854.83	0.00940244
4852.9	0.00948273
4850.97	0.00920891
4849.04	0.00922942
4847.12	0.00932894
4845.19	0.00934563
4843.26	0.00951615
4841.33	0.0096009
4839.4	0.00947798
4837.47	0.00941588
4835.55	0.00951249
4833.62	0.00954196
4831.69	0.00938334
4829.76	0.00933973
4827.83	0.00933154
4825.91	0.00925792
4823.98	0.00926255
4822.05	0.00939407
4820.12	0.00959009
4818.19	0.00962058
4816.27	0.00950985
4814.34	0.0092347
4812.41	0.00920133
4810.48	0.00937935
4808.55	0.00947958
4806.63	0.00915216
4804.7	0.00902348
4802.77	0.00925985
4800.84	0.00919087
4798.91	0.00912221
4796.99	0.00921882
4795.06	0.0092983
4793.13	0.0091776
4791.2	0.0092153
4789.27	0.00929353
4787.35	0.00923883
4785.42	0.00909155
4783.49	0.00924912
4781.56	0.00942374
4779.63	0.009348
4777.71	0.00923389
4775.78	0.00927741
4773.85	0.00933902
4771.92	0.00936618
4769.99	0.00926634
4768.07	0.00936997
4766.14	0.00953878
4764.21	0.00946891
4762.28	0.00934556
4760.35	0.00926218
4758.43	0.00919872
4756.5	0.00935998
4754.57	0.00922674
4752.64	0.00912921
4750.71	0.00931499
4748.79	0.00925345
4746.86	0.0091772
4744.93	0.00915537
4743	0.0091463
4741.07	0.00915767
4739.15	0.00914349
4737.22	0.00917943
4735.29	0.00920491
4733.36	0.00929143
4731.43	0.00924935
4729.51	0.00914302
4727.58	0.00905319
4725.65	0.00890411
4723.72	0.00892918
4721.79	0.00928743
4719.87	0.00945756
4717.94	0.00924377
4716.01	0.00903999
4714.08	0.00900917
4712.15	0.00913605
4710.23	0.00913459
4708.3	0.00912468
4706.37	0.00889282
4704.44	0.00886096
4702.51	0.00907839
4700.59	0.00924502
4698.66	0.00940819
4696.73	0.00926195
4694.8	0.00918985
4692.87	0.00939888
4690.95	0.00942892
4689.02	0.00909165
4687.09	0.00908265
4685.16	0.0093352
4683.23	0.00932843
4681.31	0.00928056
4679.38	0.00925423
4677.45	0.009387
4675.52	0.00921094
4673.59	0.00904994
4671.67	0.00927264
4669.74	0.00932149
4667.81	0.00932122
4665.88	0.00920783
4663.95	0.00914031
4662.03	0.00919134
4660.1	0.00923219
4658.17	0.00917595
4656.24	0.0091948
4654.31	0.00926394
4652.39	0.00912221
4650.46	0.0090498
4648.53	0.00907288
4646.6	0.00898759
4644.67	0.00912045
4642.75	0.00931888
4640.82	0.00917391
4638.89	0.00904233
4636.96	0.00918809
4635.03	0.00923707
4633.11	0.009124
4631.18	0.00918281
4629.25	0.00913331
4627.32	0.00888061
4625.39	0.008887
4623.47	0.0091662
4621.54	0.00927173
4619.61	0.00915351
4617.68	0.00910268
4615.75	0.00912245
4613.83	0.00906892
4611.9	0.00902896
4609.97	0.00909409
4608.04	0.00915483
4606.11	0.00924756
4604.19	0.00924228
4602.26	0.00894122
4600.33	0.00897693
4598.4	0.00920366
4596.47	0.00915259
4594.55	0.00922014
4592.62	0.00940024
4590.69	0.00953773
4588.76	0.00923653
4586.83	0.00893256
4584.91	0.00902605
4582.98	0.00922204
4581.05	0.00923734
4579.12	0.00903278
4577.19	0.0090429
4575.27	0.00897095
4573.34	0.00879729
4571.41	0.00899087
4569.48	0.00908424
4567.55	0.00912052
4565.63	0.00913706
4563.7	0.00913124
4561.77	0.00913649
4559.84	0.00897017
4557.91	0.00893374
4555.99	0.00899754
4554.06	0.00915364
4552.13	0.0091573
4550.2	0.00907788
4548.27	0.00895715
4546.35	0.00894007
4544.42	0.00908194
4542.49	0.00916491
4540.56	0.00912962
4538.63	0.00901915
4536.71	0.00891419
4534.78	0.00886363
4532.85	0.0087058
4530.92	0.00881822
4528.99	0.00898614
4527.07	0.00914918
4525.14	0.00915726
4523.21	0.00900342
4521.28	0.00904486
4519.35	0.00915412
4517.43	0.00910576
4515.5	0.00905386
4513.57	0.00893225
4511.64	0.00893749
4509.71	0.00899111
4507.79	0.00908144
4505.86	0.00907798
4503.93	0.00901902
4502	0.00896706
4500.07	0.00880726
4498.15	0.00883533
4496.22	0.00892004
4494.29	0.00876757
4492.36	0.00878481
4490.43	0.00881947
4488.51	0.00904659
4486.58	0.00935213
4484.65	0.0092699
4482.72	0.00912755
4480.79	0.00929823
4478.87	0.00918711
4476.94	0.00890543
4475.01	0.00898458
4473.08	0.00919256
4471.15	0.00900153
4469.23	0.00885995
4467.3	0.00890161
4465.37	0.00889055
4463.44	0.00910093
4461.51	0.00920881
4459.58	0.00901266
4457.66	0.00890574
4455.73	0.00904889
4453.8	0.00898194
4451.87	0.00877737
4449.95	0.0088428
4448.02	0.00913947
4446.09	0.00916207
4444.16	0.0089055
4442.23	0.00874224
4440.3	0.00879063
4438.38	0.00895437
4436.45	0.0090227
4434.52	0.00905538
4432.59	0.00910664
4430.67	0.00890361
4428.74	0.00873298
4426.81	0.00876676
4424.88	0.00894453
4422.95	0.00898725
4421.02	0.00894308
4419.1	0.00878684
4417.17	0.00870006
4415.24	0.00891091
4413.31	0.00906611
4411.38	0.00899754
4409.46	0.00896165
4407.53	0.00891933
4405.6	0.00887527
4403.67	0.00887019
4401.75	0.00885416
4399.82	0.00889387
4397.89	0.00901594
4395.96	0.00902301
4394.03	0.0089678
4392.1	0.0089334
4390.18	0.00885569
4388.25	0.00886062
4386.32	0.00900112
4384.39	0.00900609
4382.46	0.00894067
4380.54	0.00902873
4378.61	0.00893996
4376.68	0.00885957
4374.75	0.00880926
4372.82	0.00870634
4370.9	0.00865341
4368.97	0.0088262
4367.04	0.0089582
4365.11	0.00889072
4363.18	0.0089007
4361.26	0.00889133
4359.33	0.00875401
4357.4	0.00870445
4355.47	0.00880449
4353.54	0.00895634
4351.62	0.00891977
4349.69	0.00890655
4347.76	0.00882106
4345.83	0.00874001
4343.9	0.00874678
4341.98	0.00873741
4340.05	0.008926
4338.12	0.00897399
4336.19	0.00881477
4334.26	0.00868677
4332.34	0.00874938
4330.41	0.00868214
4328.48	0.00863617
4326.55	0.00890161
4324.62	0.00897112
4322.7	0.0089126
4320.77	0.00886566
4318.84	0.00873217
4316.91	0.00882748
4314.98	0.00895596
4313.06	0.00890499
4311.13	0.00891558
4309.2	0.00899057
4307.27	0.00887936
4305.34	0.00879962
4303.42	0.00876926
4301.49	0.00874667
4299.56	0.00872274
4297.63	0.00874569
4295.7	0.00862147
4293.78	0.00857054
4291.85	0.00883083
4289.92	0.00872612
4287.99	0.00853113
4286.06	0.00865287
4284.14	0.0086501
4282.21	0.00868751
4280.28	0.00872578
4278.35	0.00868035
4276.42	0.00874475
4274.5	0.00865341
4272.57	0.00853276
4270.64	0.00855452
4268.71	0.00863532
4266.78	0.00874553
4264.86	0.00875073
4262.93	0.00863745
4261	0.00860453
4259.07	0.00865638
4257.14	0.00869583
4255.22	0.00861663
4253.29	0.00866899
4251.36	0.00874776
4249.43	0.00870465
4247.5	0.00850839
4245.58	0.00858699
4243.65	0.00878451
4241.72	0.00876595
4239.79	0.0086336
4237.86	0.00859946
4235.94	0.00866561
4234.01	0.00873771
4232.08	0.00873755
4230.15	0.00861258
4228.22	0.00862224
4226.3	0.00866757
4224.37	0.0087367
4222.44	0.00860409
4220.51	0.00848099
4218.58	0.00855621
4216.66	0.00874755
4214.73	0.00883408
4212.8	0.00876155
4210.87	0.00870006
4208.94	0.00866923
4207.02	0.0087248
4205.09	0.00862725
4203.16	0.00851826
4201.23	0.00841828
4199.3	0.00856057
4197.38	0.00880195
4195.45	0.008908
4193.52	0.00885535
4191.59	0.00882461
4189.66	0.00869062
4187.74	0.00867656
4185.81	0.00857942
4183.88	0.00841197
4181.95	0.00851701
4180.02	0.00872017
4178.1	0.00868846
4176.17	0.00866686
4174.24	0.00866274
4172.31	0.00889596
4170.38	0.00875222
4168.46	0.00857324
4166.53	0.00859291
4164.6	0.00859565
4162.67	0.00855178
4160.74	0.00854874
4158.82	0.00848129
4156.89	0.00841166
4154.96	0.00851204
4153.03	0.00855016
4151.1	0.00849481
4149.18	0.0086671
4147.25	0.00888829
4145.32	0.00878133
4143.39	0.00861771
4141.46	0.00856716
4139.54	0.00858358
4137.61	0.00867845
4135.68	0.00866892
4133.75	0.00858067
4131.82	0.00859612
4129.9	0.00855073
4127.97	0.00855986
4126.04	0.00867612
4124.11	0.00864371
4122.18	0.00861085
4120.26	0.00864864
4118.33	0.008526
4116.4	0.00855796
4114.47	0.00863617
4112.54	0.00858814
4110.62	0.00848268
4108.69	0.00826724
4106.76	0.00831712
4104.83	0.00848413
4102.9	0.00850643
4100.98	0.00854904
4099.05	0.00845004
4097.12	0.00852019
4095.19	0.00858551
4093.26	0.00846494
4091.34	0.00848653
4089.41	0.00850812
4087.48	0.00833948
4085.55	0.00838231
4083.62	0.00855955
4081.7	0.00846035
4079.77	0.00831448
4077.84	0.008359
4075.91	0.00850582
4073.98	0.00863509
4072.06	0.00852373
4070.13	0.00848292
4068.2	0.00864465
4066.27	0.00857767
4064.34	0.00851103
4062.42	0.00848369
4060.49	0.0084793
4058.56	0.00853232
4056.63	0.00853684
4054.7	0.00839687
4052.78	0.00836745
4050.85	0.00844656
4048.92	0.0084717
4046.99	0.00854083
4045.06	0.00859369
4043.14	0.00848363
4041.21	0.00838866
4039.28	0.00839356
4037.35	0.00847582
4035.42	0.00845376
4033.5	0.0085066
4031.57	0.00853546
4029.64	0.00846214
4027.71	0.0084144
4025.78	0.00845379
4023.86	0.00857631
4021.93	0.00844437
4020	0.00827419
4018.07	0.00838815
4016.14	0.00841173
4014.22	0.00832766
4012.29	0.00824961
4010.36	0.00836015
4008.43	0.00846335
4006.5	0.00846832
4004.58	0.0084069
4002.65	0.008369
4000.72	0.00839325
3998.79	0.00835103
3996.86	0.00836312
3994.94	0.00851944
3993.01	0.00844041
3991.08	0.00838015
3989.15	0.00843355
3987.22	0.00847126
3985.29	0.00867284
3983.37	0.0086387
3981.44	0.0083819
3979.51	0.00851569
3977.58	0.00858682
3975.66	0.00846717
3973.73	0.00843687
3971.8	0.00844731
3969.87	0.00839933
3967.94	0.00834569
3966.01	0.00847744
3964.09	0.00845122
3962.16	0.00833245
3960.23	0.00834187
3958.3	0.00828027
3956.38	0.00824542
3954.45	0.0082334
3952.52	0.00831425
3950.59	0.00840852
3948.66	0.0083994
3946.73	0.00834231
3944.81	0.00825947
3942.88	0.00815219
3940.95	0.00820257
3939.02	0.00840254
3937.09	0.00849035
3935.17	0.00844237
3933.24	0.00840906
3931.31	0.00834657
3929.38	0.00842886
3927.45	0.00841268
3925.53	0.00836471
3923.6	0.00845849
3921.67	0.0084422
3919.74	0.008404
3917.81	0.00841643
3915.89	0.00824866
3913.96	0.00826295
3912.03	0.00837045
3910.1	0.00823654
3908.17	0.00817086
3906.25	0.0081132
3904.32	0.00813774
3902.39	0.00812772
3900.46	0.00819254
3898.53	0.00816303
3896.61	0.00816729
3894.68	0.00827953
3892.75	0.00827048
3890.82	0.00824549
3888.89	0.00830722
3886.97	0.00828628
3885.04	0.00813089
3883.11	0.00802591
3881.18	0.00806459
3879.25	0.00807286
3877.33	0.00800728
3875.4	0.00808835
3873.47	0.00807016
3871.54	0.00806145
3869.61	0.00813335
3867.69	0.00799921
3865.76	0.00791427
3863.83	0.00815094
3861.9	0.00825133
3859.97	0.00833211
3858.05	0.00825403
3856.12	0.00808464
3854.19	0.0080626
3852.26	0.00816921
3850.33	0.00804572
3848.41	0.00801318
3846.48	0.0082258
3844.55	0.00816742
3842.62	0.00798433
3840.69	0.00801399
3838.77	0.00809041
3836.84	0.00805092
3834.91	0.00804306
3832.98	0.00797279
3831.05	0.00792328
3829.13	0.00798652
3827.2	0.00809386
3825.27	0.00830726
3823.34	0.00820753
3821.41	0.00802061
3819.49	0.00804427
3817.56	0.00808754
3815.63	0.00816911
3813.7	0.00826781
3811.77	0.00832624
3809.85	0.00815189
3807.92	0.00790867
3805.99	0.00794906
3804.06	0.00801997
3802.13	0.00799705
3800.21	0.007966
3798.28	0.0079307
3796.35	0.00788849
3794.42	0.00792868
3792.49	0.00794191
3790.57	0.00807239
3788.64	0.00814055
3786.71	0.00825298
3784.78	0.00828578
3782.85	0.00818305
3780.93	0.00815766
3779	0.00803695
3777.07	0.00791296
3775.14	0.00797306
3773.21	0.00800768
3771.29	0.00794312
3769.36	0.00795804
3767.43	0.00797991
3765.5	0.00796421
3763.57	0.00785107
3761.65	0.00763601
3759.72	0.0075356
3757.79	0.00773992
3755.86	0.00790057
3753.93	0.00787682
3752.01	0.00767348
3750.08	0.00747748
3748.15	0.00751537
3746.22	0.00750903
3744.29	0.00751655
3742.37	0.00754909
3740.44	0.00772073
3738.51	0.00784105
3736.58	0.00779274
3734.65	0.00779315
3732.73	0.00777719
3730.8	0.00785536
3728.87	0.00795986
3726.94	0.00786757
3725.01	0.00778165
3723.09	0.00767277
3721.16	0.00761271
3719.23	0.00759683
3717.3	0.00774248
3715.37	0.00785111
3713.45	0.00774228
3711.52	0.00758968
3709.59	0.00765624
3707.66	0.00794893
3705.73	0.00812664
3703.81	0.00799003
3701.88	0.00781157
3699.95	0.00771962
3698.02	0.00769988
3696.09	0.00775972
3694.17	0.00785161
3692.24	0.007831
3690.31	0.00770464
3688.38	0.00767408
3686.45	0.00772407
3684.53	0.00780833
3682.6	0.00783886
3680.67	0.00775227
3678.74	0.00755886
3676.81	0.00757606
3674.89	0.00760927
3672.96	0.00760128
3671.03	0.00769
3669.1	0.00776373
3667.17	0.0077973
3665.25	0.00785202
3663.32	0.00785711
3661.39	0.0079715
3659.46	0.00788566
3657.53	0.00768292
3655.61	0.00779382
3653.68	0.00781066
3651.75	0.00764795
3649.82	0.00758911
3647.89	0.00772228
3645.97	0.00786531
3644.04	0.0078146
3642.11	0.00775662
3640.18	0.0077129
3638.25	0.00765169
3636.33	0.00758314
3634.4	0.00774201
3632.47	0.00787236
3630.54	0.00776529
3628.61	0.00789713
3626.69	0.00801379
3624.76	0.0079493
3622.83	0.00795568
3620.9	0.00789359
3618.97	0.0077552
3617.05	0.0078027
3615.12	0.0078252
3613.19	0.00780627
3611.26	0.00786791
3609.33	0.00784082
3607.41	0.00790469
3605.48	0.00784068
3603.55	0.00774623
3601.62	0.00773527
3599.69	0.00766417
3597.77	0.00763385
3595.84	0.0077662
3593.91	0.00775021
3591.98	0.00759592
3590.05	0.00753894
3588.12	0.00760219
3586.2	0.00777564
3584.27	0.00783724
3582.34	0.00772373
3580.41	0.0077127
3578.49	0.00775813
3576.56	0.00785863
3574.63	0.00773432
3572.7	0.00763783
3570.77	0.00752474
3568.85	0.00745668
3566.92	0.00759737
3564.99	0.007667
3563.06	0.00764458
3561.13	0.00761821
3559.21	0.00758317
3557.28	0.00759413
3555.35	0.00765223
3553.42	0.0077357
3551.49	0.00779396
3549.56	0.00781369
3547.64	0.00775517
3545.71	0.0075917
3543.78	0.00754524
3541.85	0.00760216
3539.93	0.00759376
3538	0.00766643
3536.07	0.00766515
3534.14	0.00776066
3532.21	0.00798355
3530.28	0.00806651
3528.36	0.00799182
3526.43	0.00794818
3524.5	0.00783913
3522.57	0.00793418
3520.65	0.00792632
3518.72	0.00792723
3516.79	0.00796604
3514.86	0.00792146
3512.93	0.00788083
3511	0.0079389
3509.08	0.0078891
3507.15	0.00778941
3505.22	0.00781693
3503.29	0.0078724
3501.37	0.00791046
3499.44	0.00780816
3497.51	0.00766373
3495.58	0.00760792
3493.65	0.00763139
3491.72	0.00759167
3489.8	0.00754848
3487.87	0.00758739
3485.94	0.00770005
3484.01	0.0077465
3482.08	0.00769935
3480.16	0.00767196
3478.23	0.00768258
3476.3	0.00773301
3474.37	0.00792976
3472.44	0.00782962
3470.52	0.00774191
3468.59	0.0077521
3466.66	0.00774161
3464.73	0.00769068
3462.81	0.0076499
3460.88	0.00777881
3458.95	0.00784743
3457.02	0.00784298
3455.09	0.00777116
3453.16	0.00766049
3451.24	0.00772397
3449.31	0.00780371
3447.38	0.00774997
3445.45	0.00773284
3443.52	0.00780455
3441.6	0.00790999
3439.67	0.00796361
3437.74	0.00788745
3435.81	0.00767813
3433.88	0.00779227
3431.96	0.00797977
3430.03	0.00791711
3428.1	0.00780101
3426.17	0.00773351
3424.24	0.00767462
3422.32	0.00763183
3420.39	0.00769395
3418.46	0.00772535
3416.53	0.00768376
3414.6	0.00768791
3412.68	0.00785644
3410.75	0.00793155
3408.82	0.00773027
3406.89	0.00761089
3404.96	0.00767068
3403.04	0.00773365
3401.11	0.00775989
3399.18	0.00771766
3397.25	0.00783798
3395.32	0.00785104
3393.4	0.00777928
3391.47	0.00778768
3389.54	0.00783586
3387.61	0.00782007
3385.68	0.00792031
3383.76	0.0080895
3381.83	0.00811303
3379.9	0.00792591
3377.97	0.00775743
3376.04	0.00773324
3374.12	0.00773925
3372.19	0.00769169
3370.26	0.00778455
3368.33	0.00798386
3366.4	0.00803003
3364.48	0.00798976
3362.55	0.00785576
3360.62	0.0077889
3358.69	0.0079384
3356.76	0.00796573
3354.84	0.0078226
3352.91	0.00768558
3350.98	0.00767203
3349.05	0.00776357
3347.12	0.00770822
3345.2	0.00755728
3343.27	0.0075998
3341.34	0.00762397
3339.41	0.00763156
3337.48	0.00756429
3335.56	0.00744839
3333.63	0.00761362
3331.7	0.00767385
3329.77	0.0076002
3327.84	0.00767928
3325.92	0.00769102
3323.99	0.00754403
3322.06	0.007556
3320.13	0.00758702
3318.2	0.00768909
3316.28	0.00765692
3314.35	0.00756581
3312.42	0.00752778
3310.49	0.00759197
3308.56	0.00755849
3306.64	0.00747637
3304.71	0.00742365
3302.78	0.00742662
3300.85	0.00753216
3298.92	0.00755461
3297	0.00758186
3295.07	0.00766194
3293.14	0.00765095
3291.21	0.00757511
3289.28	0.00753324
3287.36	0.0074519
3285.43	0.00743919
3283.5	0.00749363
3281.57	0.00747708
3279.64	0.00735267
3277.72	0.0073492
3275.79	0.00743471
3273.86	0.00749076
3271.93	0.00743474
3270	0.00744414
3268.08	0.00741944
3266.15	0.00736157
3264.22	0.00736315
3262.29	0.00760098
3260.36	0.00785769
3258.44	0.00778994
3256.51	0.00742806
3254.58	0.00729003
3252.65	0.00748095
3250.72	0.00753486
3248.8	0.0074435
3246.87	0.00733316
3244.94	0.00744478
3243.01	0.00745061
3241.08	0.00737539
3239.16	0.00743723
3237.23	0.00743703
3235.3	0.0073827
3233.37	0.00737424
3231.44	0.00735378
3229.52	0.00725408
3227.59	0.00734347
3225.66	0.00742183
3223.73	0.00731554
3221.8	0.00732342
3219.88	0.00739696
3217.95	0.00732073
3216.02	0.00734792
3214.09	0.00736669
3212.16	0.00730266
3210.24	0.00734964
3208.31	0.00748146
3206.38	0.00743851
3204.45	0.00737212
3202.52	0.00732861
3200.6	0.00727702
3198.67	0.00729815
3196.74	0.00733565
3194.81	0.0073826
3192.88	0.00734944
3190.96	0.00730886
3189.03	0.00735719
3187.1	0.00734543
3185.17	0.00732531
3183.24	0.0073557
3181.32	0.00738968
3179.39	0.00722463
3177.46	0.00702877
3175.53	0.00705531
3173.6	0.00721816
3171.68	0.00724939
3169.75	0.00729336
3167.82	0.00739362
3165.89	0.00732881
3163.96	0.00715527
3162.04	0.00719054
3160.11	0.00733569
3158.18	0.00735351
3156.25	0.0071518
3154.32	0.00701348
3152.4	0.00716635
3150.47	0.00739685
3148.54	0.00745112
3146.61	0.00745837
3144.68	0.00744121
3142.76	0.00737933
3140.83	0.00733781
3138.9	0.00723868
3136.97	0.00719704
3135.04	0.00722234
3133.12	0.00719283
3131.19	0.00722089
3129.26	0.00722342
3127.33	0.00720961
3125.4	0.00720236
3123.48	0.00724424
3121.55	0.00735095
3119.62	0.00745493
3117.69	0.00738438
3115.76	0.00725293
3113.84	0.00711047
3111.91	0.00704551
3109.98	0.0071199
3108.05	0.00720054
3106.12	0.0072748
3104.2	0.00716039
3102.27	0.00695402
3100.34	0.00695176
3098.41	0.00714985
3096.48	0.00733245
3094.56	0.00724707
3092.63	0.00716787
3090.7	0.0071098
3088.77	0.00715433
3086.84	0.00727992
3084.92	0.00723535
3082.99	0.00712906
3081.06	0.00709791
3079.13	0.00712051
3077.2	0.00726176
3075.28	0.00728282
3073.35	0.00711859
3071.42	0.00709141
3069.49	0.00721291
3067.56	0.00718333
3065.63	0.00710306
3063.71	0.00705291
3061.78	0.00709178
3059.85	0.0071007
3057.92	0.00715123
3055.99	0.0072024
3054.07	0.00716096
3052.14	0.00711081
3050.21	0.0070973
3048.28	0.0070516
3046.35	0.00701274
3044.43	0.00700675
3042.5	0.00715564
3040.57	0.00720422
3038.64	0.0071362
3036.71	0.0071289
3034.79	0.00707824
3032.86	0.00702463
3030.93	0.00703476
3029	0.00705918
3027.07	0.00704642
3025.15	0.00706911
3023.22	0.00710636
3021.29	0.00706669
3019.36	0.00718232
3017.43	0.00728342
3015.51	0.00719906
3013.58	0.00709828
3011.65	0.00710528
3009.72	0.00705992
3007.79	0.00710037
3005.87	0.00720556
3003.94	0.00717942
3002.01	0.00703837
3000.08	0.00699173
2998.15	0.00705749
2996.23	0.00708026
2994.3	0.00707093
2992.37	0.00717993
2990.44	0.00724229
2988.51	0.00717319
2986.59	0.0071456
2984.66	0.0071808
2982.73	0.00723915
2980.8	0.0073124
2978.87	0.00732942
2976.95	0.00737165
2975.02	0.00740296
2973.09	0.00746238
2971.16	0.00754517
2969.23	0.00751443
2967.31	0.00737441
2965.38	0.00732726
2963.45	0.00733265
2961.52	0.00748095
2959.59	0.00763773
2957.67	0.00746791
2955.74	0.00741479
2953.81	0.00765513
2951.88	0.00756153
2949.95	0.00739999
2948.03	0.00734314
2946.1	0.00724151
2944.17	0.00725913
2942.24	0.0073059
2940.31	0.0072401
2938.39	0.0072718
2936.46	0.00728764
2934.53	0.00718357
2932.6	0.00725142
2930.67	0.00734502
2928.75	0.00727638
2926.82	0.00724805
2924.89	0.00709585
2922.96	0.0069858
2921.03	0.00700035
2919.11	0.00705184
2917.18	0.00714372
2915.25	0.00719115
2913.32	0.00723636
2911.39	0.00720489
2909.47	0.00715473
2907.54	0.00719185
2905.61	0.0071417
2903.68	0.0071066
2901.75	0.00722379
2899.83	0.00724589
2897.9	0.00719809
2895.97	0.00710549
2894.04	0.00707885
2892.11	0.00720735
2890.19	0.00726442
2888.26	0.00710559
2886.33	0.00698823
2884.4	0.00696099
2882.47	0.00687282
2880.55	0.00694489
2878.62	0.00701917
2876.69	0.00694311
2874.76	0.00697513
2872.83	0.00716541
2870.91	0.00713978
2868.98	0.00702055
2867.05	0.00696392
2865.12	0.00698637
2863.19	0.00696614
2861.27	0.00694048
2859.34	0.00707198
2857.41	0.00718333
2855.48	0.00711653
2853.55	0.00708922
2851.63	0.00714473
2849.7	0.00718202
2847.77	0.00719118
2845.84	0.00718667
2843.91	0.0070546
2841.99	0.00701227
2840.06	0.00709218
2838.13	0.00709077
2836.2	0.00717764
2834.27	0.00724124
2832.35	0.00715544
2830.42	0.00707703
2828.49	0.00700766
2826.56	0.00692611
2824.63	0.00690412
2822.71	0.00680489
2820.78	0.00685915
2818.85	0.00696685
2816.92	0.00689507
2814.99	0.00694065
2813.07	0.00698897
2811.14	0.00683916
2809.21	0.00679224
2807.28	0.00697765
2805.35	0.00706137
2803.43	0.00703032
2801.5	0.00705063
2799.57	0.00699792
2797.64	0.00692772
2795.71	0.00691321
2793.79	0.00692264
2791.86	0.00687191
2789.93	0.00680264
2788	0.0068578
2786.07	0.00694156
2784.15	0.00689237
2782.22	0.00694412
2780.29	0.00702045
2778.36	0.00711559
2776.43	0.00712721
2774.51	0.00698907
2772.58	0.00684094
2770.65	0.00686605
2768.72	0.00685989
2766.79	0.00678187
2764.87	0.00666049
2762.94	0.00673398
2761.01	0.00684091
2759.08	0.00689493
2757.15	0.0069182
2755.23	0.006946
2753.3	0.00691776
2751.37	0.00695294
2749.44	0.00699543
2747.51	0.00685965
2745.59	0.00679877
2743.66	0.00689419
2741.73	0.00692476
2739.8	0.00690375
2737.87	0.00699459
2735.95	0.00700816
2734.02	0.00692991
2732.09	0.00688547
2730.16	0.00692762
2728.23	0.00687238
2726.31	0.00683683
2724.38	0.00683821
2722.45	0.00685632
2720.52	0.00688285
2718.59	0.00684488
2716.67	0.00678924
2714.74	0.00684178
2712.81	0.00687322
2710.88	0.00691725
2708.95	0.00697089
2707.02	0.00700425
2705.1	0.00700395
2703.17	0.00694462
2701.24	0.00681748
2699.31	0.00674404
2697.39	0.0066618
2695.46	0.00663159
2693.53	0.00665235
2691.6	0.00667903
2689.67	0.00678396
2687.75	0.00691618
2685.82	0.00698048
2683.89	0.00702304
2681.96	0.0069484
2680.03	0.00686295
2678.11	0.0067951
2676.18	0.00678049
2674.25	0.00675798
2672.32	0.00663866
2670.39	0.00660057
2668.46	0.00670087
2666.54	0.00663206
2664.61	0.00662284
2662.68	0.00677335
2660.75	0.00699351
2658.83	0.00690123
2656.9	0.00672806
2654.97	0.00674694
2653.04	0.00660646
2651.11	0.00637493
2649.19	0.00644464
2647.26	0.00655792
2645.33	0.00669172
2643.4	0.00677665
2641.47	0.00662987
2639.55	0.00639843
2637.62	0.00649142
2635.69	0.00677288
2633.76	0.00699015
2631.83	0.00696776
2629.9	0.00676063
2627.98	0.00679594
2626.05	0.00680126
2624.12	0.00666712
2622.19	0.00654772
2620.27	0.0065922
2618.34	0.00675209
2616.41	0.00679934
2614.48	0.00676959
2612.55	0.00674246
2610.62	0.0067435
2608.7	0.00677218
2606.77	0.0067077
2604.84	0.00662937
2602.91	0.00671487
2600.98	0.00676911
2599.06	0.00675569
2597.13	0.00674556
2595.2	0.0067186
2593.27	0.00677184
2591.34	0.00686077
2589.42	0.00677302
2587.49	0.00675528
2585.56	0.0067252
2583.63	0.00665645
2581.71	0.00659028
2579.78	0.0066289
2577.85	0.00668764
2575.92	0.0067636
2573.99	0.00669602
2572.06	0.00671039
2570.14	0.00671884
2568.21	0.00670232
2566.28	0.00677918
2564.35	0.00672126
2562.42	0.0066362
2560.5	0.00663691
2558.57	0.00680324
2556.64	0.00686289
2554.71	0.00674576
2552.78	0.0067921
2550.86	0.00695213
2548.93	0.0069526
2547	0.00678823
2545.07	0.00673469
2543.15	0.00674051
2541.22	0.00667072
2539.29	0.0065895
2537.36	0.00660908
2535.43	0.00671672
2533.5	0.00671228
2531.58	0.00666197
2529.65	0.00666012
2527.72	0.00668532
2525.79	0.00661561
2523.86	0.0066178
2521.94	0.00663337
2520.01	0.00664697
2518.08	0.00664
2516.15	0.00650817
2514.22	0.00657104
2512.3	0.00665154
2510.37	0.00672567
2508.44	0.00662839
2506.51	0.00642967
2504.58	0.00647195
2502.66	0.00661716
2500.73	0.00662749
2498.8	0.00663206
2496.87	0.0067292
2494.94	0.00675232
2493.02	0.00666036
2491.09	0.0065602
2489.16	0.00647383
2487.23	0.00658893
2485.3	0.0066725
2483.38	0.00658298
2481.45	0.00650581
2479.52	0.00641212
2477.59	0.0064065
2475.66	0.00658503
2473.74	0.00659293
2471.81	0.00658991
2469.88	0.00672338
2467.95	0.00681273
2466.02	0.00668334
2464.1	0.00659034
2462.17	0.00653689
2460.24	0.00646683
2458.31	0.0065521
2456.38	0.0065337
2454.46	0.00647464
2452.53	0.00638145
2450.6	0.00654318
2448.67	0.00664189
2446.74	0.0066689
2444.82	0.00666201
2442.89	0.0066401
2440.96	0.00658015
2439.03	0.0064589
2437.1	0.00656868
2435.18	0.00654917
2433.25	0.00642412
2431.32	0.00644524
2429.39	0.00648553
2427.46	0.00647454
2425.54	0.00642217
2423.61	0.00642591
2421.68	0.0065041
2419.75	0.00664051
2417.82	0.00660165
2415.9	0.0065079
2413.97	0.00634427
2412.04	0.00633727
2410.11	0.0064512
2408.18	0.00647635
2406.26	0.00650558
2404.33	0.00661511
2402.4	0.0066109
2400.47	0.00661426
2398.54	0.00663758
2396.62	0.00647245
2394.69	0.00649471
2392.76	0.00662315
2390.83	0.00650793
2388.9	0.00634733
2386.98	0.00643065
2385.05	0.00656407
2383.12	0.00654826
2381.19	0.00643788
2379.26	0.00635745
2377.34	0.0063985
2375.41	0.00644719
2373.48	0.00641669
2371.55	0.00638498
2369.62	0.00634141
2367.7	0.00643895
2365.77	0.00640882
2363.84	0.00630591
2361.91	0.00623686
2359.98	0.00623881
2358.06	0.00633724
2356.13	0.00644111
2354.2	0.00644561
2352.27	0.00638519
2350.34	0.00632315
2348.42	0.00631313
2346.49	0.00626046
2344.56	0.00622476
2342.63	0.00621383
2340.7	0.00632715
2338.78	0.00644057
2336.85	0.006471
2334.92	0.00640903
2332.99	0.00634161
2331.06	0.00637211
2329.14	0.00649475
2327.21	0.00651399
2325.28	0.00639241
2323.35	0.00632194
2321.42	0.00615468
2319.5	0.00611782
2317.57	0.00625356
2315.64	0.00625299
2313.71	0.00630786
2311.78	0.00636481
2309.86	0.0063135
2307.93	0.00633236
2306	0.00631313
2304.07	0.00639558
2302.14	0.00642456
2300.22	0.00627884
2298.29	0.00623363
2296.36	0.00623205
2294.43	0.00621437
2292.5	0.00631754
2290.58	0.00628789
2288.65	0.0061696
2286.72	0.00622472
2284.79	0.00627807
2282.86	0.00616342
2280.94	0.00609107
2279.01	0.00611099
2277.08	0.00615253
2275.15	0.00631381
2273.22	0.00636683
2271.3	0.00636599
2269.37	0.00635028
2267.44	0.00631791
2265.51	0.00626392
2263.58	0.00627777
2261.66	0.00633132
2259.73	0.00631831
2257.8	0.00636057
2255.87	0.00632638
2253.94	0.00616547
2252.02	0.00618224
2250.09	0.00628617
2248.16	0.00617145
2246.23	0.00608045
2244.3	0.00613969
2242.38	0.00623716
2240.45	0.00625659
2238.52	0.00618523
2236.59	0.00622936
2234.66	0.00623716
2232.74	0.00620674
2230.81	0.00620358
2228.88	0.00617246
2226.95	0.00614534
2225.02	0.00611795
2223.1	0.00613811
2221.17	0.00626395
2219.24	0.00629757
2217.31	0.00621457
2215.38	0.00620234
2213.46	0.00605488
2211.53	0.00590858
2209.6	0.00590247
2207.67	0.00600217
2205.74	0.00608317
2203.81	0.00622348
2201.89	0.00629131
2199.96	0.00621289
2198.03	0.00615445
2196.1	0.00613274
2194.18	0.00604994
2192.25	0.00610673
2190.32	0.00614739
2188.39	0.0060157
2186.46	0.00600811
2184.54	0.0060365
2182.61	0.00604628
2180.68	0.00603381
2178.75	0.00607487
2176.82	0.00598691
2174.9	0.00586284
2172.97	0.00588588
2171.04	0.00597697
2169.11	0.00591254
2167.18	0.00588557
2165.25	0.00599004
2163.33	0.0059979
2161.4	0.00594351
2159.47	0.0060357
2157.54	0.00608512
2155.62	0.00606449
2153.69	0.00609362
2151.76	0.00608216
2149.83	0.00607259
2147.9	0.00605622
2145.98	0.006082
2144.05	0.00609174
2142.12	0.0060369
2140.19	0.00598789
2138.26	0.00611046
2136.33	0.00604107
2134.41	0.00585101
2132.48	0.00586922
2130.55	0.00597865
2128.62	0.00605424
2126.69	0.00602091
2124.77	0.00602286
2122.84	0.00609359
2120.91	0.00603842
2118.98	0.0059201
2117.05	0.00602461
2115.13	0.00609372
2113.2	0.00591023
2111.27	0.00591926
2109.34	0.00589216
2107.41	0.00589098
2105.49	0.00603207
2103.56	0.00606892
2101.63	0.00603385
2099.7	0.00603052
2097.77	0.0060363
2095.85	0.00588688
2093.92	0.00587143
2091.99	0.00592131
2090.06	0.00577979
2088.13	0.00568283
2086.21	0.00572543
2084.28	0.00575924
2082.35	0.0058623
2080.42	0.00590049
2078.49	0.00589289
2076.57	0.00591147
2074.64	0.0058496
2072.71	0.00564755
2070.78	0.00567595
2068.85	0.0057623
2066.93	0.00575434
2065	0.00575541
2063.07	0.00573873
2061.14	0.00576508
2059.21	0.00571479
2057.29	0.0055774
2055.36	0.00554373
2053.43	0.0055341
2051.5	0.00555686
2049.57	0.00546763
2047.65	0.00538462
2045.72	0.00560388
2043.79	0.00567517
2041.86	0.00559173
2039.93	0.00552873
2038.01	0.0054831
2036.08	0.00551913
2034.15	0.00564745
2032.22	0.00575051
2030.29	0.00554212
2028.37	0.00535883
2026.44	0.00534038
2024.51	0.00548977
2022.58	0.00559894
2020.65	0.00559069
2018.73	0.0055727
2016.8	0.0055183
2014.87	0.00550632
2012.94	0.00541451
2011.01	0.00536013
2009.09	0.0053224
2007.16	0.00528168
2005.23	0.00519308
2003.3	0.00509306
2001.37	0.00514224
1999.45	0.00529254
1997.52	0.00527172
1995.59	0.0052851
1993.66	0.00527098
1991.73	0.0052695
1989.81	0.00521135
1987.88	0.00521001
1985.95	0.00528134
1984.02	0.00528091
1982.09	0.00532729
1980.17	0.00537053
1978.24	0.00526816
1976.31	0.00508967
1974.38	0.00504442
1972.45	0.00528557
1970.53	0.00533437
1968.6	0.00526843
1966.67	0.00534779
1964.74	0.0052353
1962.81	0.00509437
1960.89	0.00518157
1958.96	0.00533004
1957.03	0.00525626
1955.1	0.00538492
1953.17	0.00544528
1951.25	0.00538348
1949.32	0.0053552
1947.39	0.00533357
1945.46	0.00529707
1943.53	0.00523841
1941.61	0.00519056
1939.68	0.00516907
1937.75	0.00517795
1935.82	0.00522912
1933.89	0.00526115
1931.97	0.00523332
1930.04	0.00515341
1928.11	0.00502913
1926.18	0.0051855
1924.25	0.00533726
1922.33	0.00525817
1920.4	0.0051852
1918.47	0.0051346
1916.54	0.00515508
1914.61	0.0052641
1912.69	0.00529815
1910.76	0.00537271
1908.83	0.00526119
1906.9	0.00518788
1904.97	0.00527131
1903.05	0.00522309
1901.12	0.00514576
1899.19	0.00521826
1897.26	0.00523208
1895.33	0.00512705
1893.41	0.00506252
1891.48	0.0051517
1889.55	0.00539438
1887.62	0.00548699
1885.69	0.00544498
1883.77	0.00531666
1881.84	0.0052741
1879.91	0.00520716
1877.98	0.00501569
1876.05	0.0049246
1874.13	0.00500982
1872.2	0.00506135
1870.27	0.00509799
1868.34	0.00513812
1866.41	0.00500339
1864.49	0.00496877
1862.56	0.004956
1860.63	0.00509993
1858.7	0.00528839
1856.77	0.00508092
1854.85	0.00498482
1852.92	0.00505397
1850.99	0.00498439
1849.06	0.00489055
1847.13	0.00490184
1845.21	0.00489517
1843.28	0.00472732
1841.35	0.0048234
1839.42	0.00502652
1837.49	0.00509018
1835.57	0.00516357
1833.64	0.00507258
1831.71	0.00488522
1829.78	0.00479941
1827.85	0.00482839
1825.93	0.00472213
1824	0.00471744
1822.07	0.00487691
1820.14	0.00505149
1818.21	0.00497839
1816.29	0.00472752
1814.36	0.00473918
1812.43	0.00490931
1810.5	0.00476631
1808.57	0.0047433
1806.65	0.00485868
1804.72	0.00500084
1802.79	0.00506279
1800.86	0.00498831
1798.93	0.00486699
1797.01	0.00477683
1795.08	0.00473697
1793.15	0.00474464
1791.22	0.00475027
1789.29	0.00493609
1787.37	0.00504874
1785.44	0.00498073
1783.51	0.00470589
1781.58	0.00469339
1779.65	0.00488311
1777.73	0.00486518
1775.8	0.00463324
1773.87	0.0045449
1771.94	0.00461964
1770.01	0.00470833
1768.08	0.00487805
1766.16	0.0049809
1764.23	0.00491729
1762.3	0.00487232
1760.37	0.00486522
1758.45	0.00488546
1756.52	0.00501043
1754.59	0.00498914
1752.66	0.00491773
1750.73	0.0048624
1748.81	0.00490881
1746.88	0.00514801
1744.95	0.0051004
1743.02	0.00487889
1741.09	0.00509772
1739.17	0.00517735
1737.24	0.00498398
1735.31	0.00481154
1733.38	0.00480521
1731.45	0.00494028
1729.52	0.00487091
1727.6	0.00471761
1725.67	0.0048807
1723.74	0.00483587
1721.81	0.00474447
1719.89	0.00485838
1717.96	0.00479141
1716.03	0.00471007
1714.1	0.00481757
1712.17	0.00496059
1710.24	0.00491072
1708.32	0.00480213
1706.39	0.00465344
1704.46	0.00457772
1702.53	0.00467611
1700.6	0.00470528
1698.68	0.00454906
1696.75	0.00452301
1694.82	0.00468207
1692.89	0.00476119
1690.96	0.00486585
1689.04	0.00478427
1687.11	0.00441899
1685.18	0.00446014
1683.25	0.00486646
1681.33	0.00485701
1679.4	0.00474156
1677.47	0.00462283
1675.54	0.00454685
1673.61	0.00456516
1671.68	0.00458234
1669.76	0.00480658
1667.83	0.00482769
1665.9	0.00468552
1663.97	0.00466831
1662.04	0.00479908
1660.12	0.00485506
1658.19	0.0048297
1656.26	0.00462343
1654.33	0.00433639
1652.4	0.00455123
1650.48	0.00476494
1648.55	0.00467809
1646.62	0.00469145
1644.69	0.00483885
1642.76	0.00490151
1640.84	0.00479171
1638.91	0.00461938
1636.98	0.00451531
1635.05	0.00444705
1633.12	0.00474732
1631.2	0.00480424
1629.27	0.00457792
1627.34	0.00462443
1625.41	0.00468251
1623.48	0.00458472
1621.56	0.0045139
1619.63	0.00450499
1617.7	0.0045743
1615.77	0.00475858
1613.84	0.00481117
1611.92	0.00482645
1609.99	0.00486941
1608.06	0.0048099
1606.13	0.00483865
1604.2	0.00506359
1602.28	0.0050715
1600.35	0.00495013
1598.42	0.00485098
1596.49	0.00474759
1594.56	0.00482565
1592.64	0.00482635
1590.71	0.00480481
1588.78	0.0047496
1586.85	0.00467946
1584.92	0.00481637
1583	0.00479767
1581.07	0.00487627
1579.14	0.00490955
1577.21	0.00474977
1575.28	0.00457467
1573.36	0.00457035
1571.43	0.00456191
1569.5	0.00466784
1567.57	0.00466844
1565.64	0.00462001
1563.72	0.0046169
1561.79	0.0042711
1559.86	0.00421094
1557.93	0.00445762
1556	0.00453446
1554.08	0.0044827
1552.15	0.00447055
1550.22	0.00427763
1548.29	0.00412861
1546.36	0.00414273
1544.44	0.00430831
1542.51	0.00429613
1540.58	0.00420847
1538.65	0.00436802
1536.72	0.00439982
1534.8	0.00422791
1532.87	0.00419324
1530.94	0.00446954
1529.01	0.00448903
1527.08	0.00434559
1525.16	0.00444591
1523.23	0.00445706
1521.3	0.0043872
1519.37	0.00440216
1517.44	0.00418127
1515.52	0.00424952
1513.59	0.00435376
1511.66	0.0044214
1509.73	0.00446596
1507.8	0.00445793
1505.88	0.0045595
1503.95	0.00437347
1502.02	0.00427107
1500.09	0.00445351
1498.16	0.00465337
1496.24	0.00479275
1494.31	0.00475583
1492.38	0.00455451
1490.45	0.00437331
1488.52	0.00424213
1486.6	0.00414768
1484.67	0.00424815
1482.74	0.00438582
1480.81	0.00444952
1478.88	0.00452348
1476.96	0.00459644
1475.03	0.00449298
1473.1	0.00432043
1471.17	0.00452756
1469.24	0.00481017
1467.32	0.00477791
1465.39	0.0046099
1463.46	0.00448993
1461.53	0.00457504
1459.6	0.0044448
1457.68	0.00446646
1455.75	0.00474484
1453.82	0.00470739
1451.89	0.00457705
1449.96	0.00458974
1448.04	0.00480983
1446.11	0.00478481
1444.18	0.00459895
1442.25	0.00462048
1440.32	0.0044208
1438.4	0.00423865
1436.47	0.00457625
1434.54	0.00482387
1432.61	0.00485761
1430.68	0.00478122
1428.76	0.00474236
1426.83	0.00471687
1424.9	0.00476494
1422.97	0.00464064
1421.04	0.00446706
1419.12	0.00447905
1417.19	0.00453001
1415.26	0.00457243
1413.33	0.00449984
1411.4	0.004389
1409.48	0.00428044
1407.55	0.00428007
1405.62	0.00443754
1403.69	0.00467986
1401.76	0.00439938
1399.84	0.004198
1397.91	0.00429396
1395.98	0.00452103
1394.05	0.00443125
1392.12	0.00429034
1390.2	0.0040874
1388.27	0.00378946
1386.34	0.00402192
1384.41	0.00429279
1382.48	0.0042539
1380.56	0.00409931
1378.63	0.00408222
1376.7	0.00394909
1374.77	0.00395765
1372.84	0.00398945
1370.92	0.00396206
1368.99	0.00423359
1367.06	0.00423363
1365.13	0.0039305
1363.2	0.00364512
1361.28	0.00376078
1359.35	0.00411038
1357.42	0.00398921
1355.49	0.00386955
1353.56	0.00408095
1351.64	0.00425119
1349.71	0.00417772
1347.78	0.00414935
1345.85	0.00430677
1343.92	0.00439095
1342	0.00442991
1340.07	0.00412042
1338.14	0.00389379
1336.21	0.00406051
1334.28	0.0042089
1332.36	0.00416782
1330.43	0.00417759
1328.5	0.00448943
1326.57	0.00455672
1324.64	0.00425481
1322.72	0.00409122
1320.79	0.00417297
1318.86	0.00424333
1316.93	0.00428024
1315	0.00424219
1313.08	0.00429971
1311.15	0.00417598
1309.22	0.00405078
1307.29	0.00397069
1305.36	0.00413852
1303.44	0.00418642
1301.51	0.00421061
1299.58	0.00405908
1297.65	0.00387353
1295.72	0.00407262
1293.8	0.00439473
1291.87	0.00442552
1289.94	0.00412289
1288.01	0.00411075
1286.08	0.00423942
1284.15	0.00414149
1282.23	0.00418351
1280.3	0.00414741
1278.37	0.00407322
1276.44	0.00413865
1274.52	0.0041979
1272.59	0.00433053
1270.66	0.00438894
1268.73	0.00442817
1266.8	0.00428482
1264.88	0.00425247
1262.95	0.00424982
1261.02	0.00409336
1259.09	0.0042786
1257.16	0.00477871
1255.24	0.00468016
1253.31	0.00421881
1251.38	0.00399798
1249.45	0.0039953
1247.52	0.00379631
1245.59	0.00360823
1243.67	0.00366387
1241.74	0.0038531
1239.81	0.00396614
1237.88	0.00420502
1235.96	0.00423657
1234.03	0.00400316
1232.1	0.00405178
1230.17	0.00415009
1228.24	0.00432264
1226.31	0.0041616
1224.39	0.00378174
1222.46	0.0036779
1220.53	0.00354129
1218.6	0.00333519
1216.68	0.00309155
1214.75	0.00324758
1212.82	0.00302898
1210.89	0.00289868
1208.96	0.0030492
1207.03	0.00344629
1205.11	0.00375309
1203.18	0.00340104
1201.25	0.00306936
1199.32	0.00324782
1197.39	0.00348707
1195.47	0.00332888
1193.54	0.00343266
1191.61	0.0036085
1189.68	0.00343931
1187.75	0.00318129
1185.83	0.00310313
1183.9	0.00318857
1181.97	0.00296339
1180.04	0.00285628
1178.11	0.0029287
1176.19	0.00267601
1174.26	0.0024557
1172.33	0.00299252
1170.4	0.00286932
1168.47	0.00278748
1166.55	0.00291502
1164.62	0.00284021
1162.69	0.00320693
1160.76	0.00337129
1158.83	0.0029377
1156.91	0.00257864
1154.98	0.00240625
1153.05	0.00253981
1151.12	0.00236764
1149.19	0.00248289
1147.27	0.00265618
1145.34	0.00278345
1143.41	0.00287896
1141.48	0.00280115
1139.55	0.00277204
1137.63	0.00273726
1135.7	0.00317498
1133.77	0.00317635
1131.84	0.00265438
1129.91	0.00262071
1127.99	0.00269178
1126.06	0.00266418
1124.13	0.00302054
1122.2	0.00266495
1120.27	0.0024688
1118.35	0.00274106
1116.42	0.00253102
1114.49	0.00258958
1112.56	0.00298841
1110.63	0.00267628
1108.71	0.00208765
1106.78	0.00227936
1104.85	0.00220523
1102.92	0.00208958
1100.99	0.00212541
1099.07	0.00216793
1097.14	0.00265401
1095.21	0.00266295
1093.28	0.00252812
1091.35	0.0030818
1089.43	0.00353794
1087.5	0.00335583
1085.57	0.00278641
1083.64	0.00236031
1081.71	0.00246606
1079.79	0.00306429
1077.86	0.0029736
1075.93	0.00230258
1074	0.00148642
1072.07	0.00179666
1070.15	0.0024487
1068.22	0.00259418
1066.29	0.00255631
1064.36	0.00207127
1062.43	0.00216879
1060.51	0.00271936
1058.58	0.00285281
1056.65	0.00300403
1054.72	0.00312749
1052.79	0.00281039
1050.87	0.00264088
1048.94	0.00263124
1047.01	0.00289744
1045.08	0.00329356
1043.15	0.00315349
1041.23	0.00298161
1039.3	0.00303109
1037.37	0.00313954
1035.44	0.00287776
1033.51	0.00316474
1031.59	0.00394324
1029.66	0.00381169
1027.73	0.00350164
1025.8	0.00361759
1023.87	0.00358144
1021.95	0.00381637
1020.02	0.00372288
1018.09	0.00355017
1016.16	0.00357115
1014.23	0.00355258
1012.31	0.00361963
1010.38	0.00370293
1008.45	0.00376843
1006.52	0.00353384
1004.59	0.00305628
1002.67	0.00330537
1000.74	0.0038865
998.81	0.0039646
996.882	0.00361218
994.954	0.0031657
993.026	0.00314628
991.098	0.00304303
989.17	0.0028235
987.242	0.00262678
985.314	0.00249819
983.386	0.00240169
981.458	0.00229768
979.53	0.00273506
977.602	0.00281156
975.673	0.00240279
973.746	0.00232546
971.817	0.00273966
969.89	0.00279348
967.962	0.00273273
966.034	0.00261128
964.106	0.00284694
962.178	0.00256724
960.25	0.00282813
958.322	0.00310346
956.394	0.00272646
954.465	0.0027513
952.538	0.00275167
950.609	0.0024606
948.682	0.00212128
946.754	0.00219151
944.826	0.00210902
942.898	0.00198392
940.97	0.00272086
939.042	0.00268502
937.113	0.00280279
935.186	0.00285265
933.257	0.00270392
931.33	0.00274383
929.401	0.00210223
927.474	0.00152964
925.546	0.00160509
923.618	0.00180315
921.69	0.00210633
919.761	0.00135986
917.833	0.000936217
915.905	0.00153356
913.978	0.00139486
912.049	0.00123195
910.122	0.00120533
908.193	0.00130798
906.266	0.00162698
904.338	0.00193116
902.409	0.00194231
900.481	0.00188244
898.553	0.00192521
896.625	0.00197164
894.697	0.00160173
892.77	0.00180588
890.841	0.00188367
888.914	0.00198778
886.985	0.00196661
885.058	0.00212055
883.129	0.00267615
881.201	0.0021615
879.273	0.00168369
877.345	0.0016014
875.417	0.00183326
873.489	0.00228416
871.562	0.00230448
869.633	0.0024717
867.706	0.00242295
865.777	0.00257658
863.849	0.00264128
861.921	0.00253755
859.993	0.00280506
858.065	0.00324378
856.137	0.00304683
854.209	0.00278398
852.281	0.00267095
850.354	0.00294277
848.425	0.00285315
846.497	0.00271909
844.569	0.00306098
842.641	0.00298201
840.713	0.00338484
838.785	0.00340632
836.857	0.00279892
834.929	0.00306562
833.001	0.00394895
831.073	0.00385755
829.145	0.00294141
827.217	0.00296149
825.289	0.0034825
823.361	0.00387169
821.433	0.00435169
819.505	0.00488954
817.577	0.00448789
815.649	0.00401256
813.721	0.00403834
811.793	0.00377753
809.865	0.00366998
807.937	0.00367199
806.009	0.0037158
804.081	0.0040756
802.153	0.0048162
800.225	0.00424055
798.297	0.00311988
796.369	0.0031902
794.441	0.00361555
792.513	0.00291899
790.585	0.00285431
788.657	0.00335836
786.729	0.00295675
784.801	0.00285171
782.873	0.00276987
780.945	0.00290528
779.017	0.00335746
777.089	0.00259644
775.161	0.00278134
773.232	0.00350504
771.305	0.0033406
769.377	0.00215015
767.449	0.0018909
765.521	0.00252492
763.593	0.00311144
761.665	0.00250372
759.737	0.00186138
757.809	0.00171582
755.881	0.00188966
753.953	0.00197543
752.024	0.00174316
750.097	0.00142598
748.169	0.00113832
746.241	0.00173628
744.313	0.00175211
742.385	0.00166143
740.457	0.00218827
738.529	0.0024565
736.601	0.00206148
734.672	0.00246087
732.745	0.00220326
730.816	0.00260918
728.889	0.0036233
726.961	0.0028354
725.033	0.00222817
723.105	0.00219753
721.177	0.00222727
719.249	0.00199044
717.32	0.00205639
715.393	0.00285835
713.464	0.00285141
711.537	0.00240612
709.608	0.00241278
707.681	0.00238426
705.752	0.00247823
703.825	0.00248582
701.897	0.00209171
699.968	0.00255791
698.041	0.00339296
696.112	0.00338972
694.185	0.00445381
692.256	0.00431216
690.329	0.00319024
688.4	0.00331769
686.473	0.00353955
684.544	0.00451845
682.617	0.00520763
680.688	0.00524945
678.76	0.00528094
676.833	0.00450459
674.904	0.00303983
672.977	0.00310386
671.048	0.00361204
669.121	0.00297116
667.192	0.00225848
665.265	0.00187892
663.336	0.00352432
661.408	0.0042802
659.48	0.00399346
657.552	0.003379
655.625	0.00338374
653.696	0.00431521
651.769	0.00526934
649.84	0.00444172
647.913	0.00336217
645.984	0.00397828
644.056	0.00393591
642.128	0.00251575
640.2	0.00299635
638.272	0.00371018
636.344	0.00311237
634.417	0.00278358
632.488	0.00249629
630.561	0.00444146
628.632	0.00674236
626.704	0.00597539
624.776	0.00559693
622.848	0.00441263
620.92	0.003592
618.992	0.00445967
617.064	0.00576622
615.136	0.00567158
613.208	0.00525364
611.28	0.00558488
609.353	0.00487946
607.424	0.00322001
605.496	0.0022739
603.568	0.00256258
601.64	0.00351182
599.712	0.00376472
597.784	0.00305674
595.856	0.00304533
593.928	0.00394387
592	0.00530583
590.072	0.00442709
588.144	0.0034343
586.216	0.00359537
584.288	0.00371326
582.36	0.00514858
580.432	0.0041523
578.504	0.00240382
576.576	0.000964376
574.648	0.0013921
572.72	0.00253198
570.792	0.00265388
568.864	0.00261104
566.936	0.00277011
565.008	0.00227097
563.08	0.00322178
561.152	0.00418987
559.224	0.0049195
557.296	0.00572469
555.368	0.00444052
553.44	0.0032142
551.512	0.00438703
549.583	0.00447748
547.656	0.00413714
545.728	0.00407068
543.8	0.00396019
541.872	0.00225095
539.944	-0.00123619
538.016	0.000282858
536.088	0.00507952
534.16	0.00588231
532.231	0.00632685
530.304	0.00584154
528.375	0.00682573
526.448	0.00733946
524.52	0.00728973
522.592	0.00893215
520.664	0.0100839
518.736	0.00602545
516.808	0.00430617
514.879	0.00547934
512.952	0.0049324
511.023	0.00649804
509.096	0.00862775
507.167	0.00886096
505.24	0.0102976
503.312	0.0106483
501.384	0.00826129
499.456	0.00823971
497.527	0.00802047
495.6	0.00595107
493.671	0.00790725
491.744	0.00924201
489.815	0.00787796
487.888	0.0060191
485.959	0.00885112
484.032	0.0096799
482.104	0.00685484
480.176	0.00555182
478.248	0.000760562
476.319	-0.00986075
474.392	-0.00439462
472.463	0.0021958
470.536	0.00575843
468.607	0.00768208
466.68	0.00464285
464.751	0.00453744
462.824	0.00661965
460.895	0.00255724
458.967	-0.00257413
457.04	0.00264701
455.111	0.00322278
453.184	0.0009147
451.255	0.00363105
449.328	0.00276931
447.399	0.00391552
445.472	0.00325126
443.543	0.00267942
441.615	0.0131119
439.687	0.0107275
437.759	0.013299
435.832	0.0277959
433.903	0.0237834
431.976	0.0122839
430.047	0.0170408
428.12	0.0228996
426.191	0.0190071
424.263	0.0218455
422.335	0.0230792
420.407	0.0206462
418.479	0.0104157
416.551	0.00871446
414.624	0.0327959
412.695	0.0375366
410.768	0.0220942
408.839	0.0239504
406.912	0.0294628
404.983	0.0469556
403.055	0.0420456
401.127	0.0302086
