mAHj0060.spa, Fri Oct 27 13:45:52 2006 (GMT-10:00)
7999.41	-0.0252477
7997.48	-0.0255802
7995.55	-0.0271234
7993.62	-0.0273798
7991.7	-0.0326039
7989.77	-0.0343222
7987.84	-0.0343017
7985.91	-0.0327059
7983.98	-0.0300749
7982.06	-0.0274068
7980.13	-0.0263671
7978.2	-0.0256982
7976.27	-0.0279375
7974.34	-0.0300717
7972.42	-0.0312937
7970.49	-0.0307703
7968.56	-0.0289617
7966.63	-0.0296447
7964.7	-0.0296875
7962.78	-0.0285716
7960.85	-0.0300153
7958.92	-0.0320184
7956.99	-0.0324663
7955.06	-0.033884
7953.14	-0.0323846
7951.21	-0.0288288
7949.28	-0.029265
7947.35	-0.0293463
7945.42	-0.0288615
7943.5	-0.0288821
7941.57	-0.0304858
7939.64	-0.0301496
7937.71	-0.0301412
7935.78	-0.0293366
7933.86	-0.0272924
7931.93	-0.0261306
7930	-0.0266558
7928.07	-0.0263691
7926.14	-0.0243584
7924.22	-0.0249361
7922.29	-0.0274802
7920.36	-0.0291723
7918.43	-0.0315649
7916.5	-0.0319891
7914.58	-0.0305706
7912.65	-0.0309732
7910.72	-0.0301945
7908.79	-0.0289381
7906.86	-0.0289458
7904.94	-0.0305978
7903.01	-0.032362
7901.08	-0.0312559
7899.15	-0.0291078
7897.22	-0.0294181
7895.3	-0.0310204
7893.37	-0.0309419
7891.44	-0.0309944
7889.51	-0.0304794
7887.58	-0.0288192
7885.66	-0.0281065
7883.73	-0.0282845
7881.8	-0.0273568
7879.87	-0.0283414
7877.94	-0.0309446
7876.02	-0.0298595
7874.09	-0.0283367
7872.16	-0.0308474
7870.23	-0.0295813
7868.3	-0.0281075
7866.38	-0.0295054
7864.45	-0.0310714
7862.52	-0.0293965
7860.59	-0.0283548
7858.66	-0.0284877
7856.74	-0.0293657
7854.81	-0.029848
7852.88	-0.0304806
7850.95	-0.0275649
7849.02	-0.0240976
7847.1	-0.0282336
7845.17	-0.0336981
7843.24	-0.0328818
7841.31	-0.0315651
7839.38	-0.0295098
7837.46	-0.0281889
7835.53	-0.0320883
7833.6	-0.0325666
7831.67	-0.0296084
7829.74	-0.027903
7827.82	-0.0308368
7825.89	-0.0324041
7823.96	-0.0292782
7822.03	-0.02646
7820.1	-0.0266318
7818.18	-0.027449
7816.25	-0.0278326
7814.32	-0.0297276
7812.39	-0.0293912
7810.46	-0.0293004
7808.54	-0.0322669
7806.61	-0.0294331
7804.68	-0.0285828
7802.75	-0.0302333
7800.82	-0.0307176
7798.9	-0.0307127
7796.97	-0.0295288
7795.04	-0.0292859
7793.11	-0.0283903
7791.18	-0.0264061
7789.26	-0.0269789
7787.33	-0.0290937
7785.4	-0.0299026
7783.47	-0.0304359
7781.54	-0.0299349
7779.62	-0.0277761
7777.69	-0.0271488
7775.76	-0.0296237
7773.83	-0.0327604
7771.9	-0.0323476
7769.98	-0.0302714
7768.05	-0.0270754
7766.12	-0.0256373
7764.19	-0.0272215
7762.26	-0.0280442
7760.34	-0.0289832
7758.41	-0.0289847
7756.48	-0.0282202
7754.55	-0.0288669
7752.62	-0.0297734
7750.7	-0.0301953
7748.77	-0.0290317
7746.84	-0.0253573
7744.91	-0.0264283
7742.98	-0.0300514
7741.06	-0.0295127
7739.13	-0.0285588
7737.2	-0.0289999
7735.27	-0.0276691
7733.34	-0.0273356
7731.42	-0.0287707
7729.49	-0.0279003
7727.56	-0.0276837
7725.63	-0.0270489
7723.7	-0.0295994
7721.78	-0.0315776
7719.85	-0.0287175
7717.92	-0.0282351
7715.99	-0.0286353
7714.06	-0.0288205
7712.14	-0.0289751
7710.21	-0.0257952
7708.28	-0.0265738
7706.35	-0.0277632
7704.42	-0.0257977
7702.5	-0.0288368
7700.57	-0.0318543
7698.64	-0.0306235
7696.71	-0.0298618
7694.78	-0.02957
7692.86	-0.0279136
7690.93	-0.0287616
7689	-0.0298194
7687.07	-0.0279979
7685.14	-0.0275784
7683.22	-0.0292166
7681.29	-0.0276366
7679.36	-0.0280175
7677.43	-0.0300044
7675.5	-0.0309263
7673.58	-0.0300442
7671.65	-0.0288293
7669.72	-0.0302234
7667.79	-0.0291906
7665.86	-0.0278031
7663.94	-0.0271352
7662.01	-0.0267208
7660.08	-0.0276677
7658.15	-0.0268696
7656.22	-0.0270964
7654.29	-0.0282128
7652.37	-0.0273206
7650.44	-0.0289554
7648.51	-0.0307109
7646.58	-0.0305297
7644.66	-0.0312807
7642.73	-0.029908
7640.8	-0.028886
7638.87	-0.0278901
7636.94	-0.0285572
7635.02	-0.029553
7633.09	-0.0304142
7631.16	-0.0296965
7629.23	-0.0285835
7627.3	-0.0275676
7625.38	-0.0286736
7623.45	-0.0297862
7621.52	-0.0289472
7619.59	-0.0264188
7617.66	-0.0272681
7615.73	-0.0287099
7613.81	-0.0267562
7611.88	-0.0255437
7609.95	-0.0277472
7608.02	-0.0299811
7606.09	-0.0319953
7604.17	-0.0311131
7602.24	-0.0305926
7600.31	-0.0294345
7598.38	-0.0289715
7596.46	-0.0276891
7594.53	-0.0279476
7592.6	-0.0281411
7590.67	-0.0289826
7588.74	-0.029729
7586.81	-0.028297
7584.89	-0.0273446
7582.96	-0.0280157
7581.03	-0.0296797
7579.1	-0.030544
7577.17	-0.0287947
7575.25	-0.0273295
7573.32	-0.0262984
7571.39	-0.027416
7569.46	-0.0279976
7567.53	-0.0270361
7565.61	-0.0257682
7563.68	-0.0249095
7561.75	-0.0268171
7559.82	-0.0277863
7557.89	-0.0256849
7555.97	-0.0250908
7554.04	-0.0254526
7552.11	-0.0268644
7550.18	-0.0281467
7548.25	-0.0283591
7546.33	-0.028311
7544.4	-0.0286262
7542.47	-0.0301715
7540.54	-0.0303502
7538.61	-0.0299737
7536.69	-0.0295284
7534.76	-0.0300985
7532.83	-0.0297717
7530.9	-0.0278813
7528.97	-0.0288389
7527.05	-0.0302341
7525.12	-0.0283201
7523.19	-0.0273121
7521.26	-0.0278489
7519.33	-0.0283818
7517.41	-0.0283108
7515.48	-0.027724
7513.55	-0.0279826
7511.62	-0.0289664
7509.69	-0.0294521
7507.77	-0.0298417
7505.84	-0.0306689
7503.91	-0.0302221
7501.98	-0.0289141
7500.05	-0.0264427
7498.13	-0.0280665
7496.2	-0.0298747
7494.27	-0.0287143
7492.34	-0.0296286
7490.41	-0.0312153
7488.49	-0.0286778
7486.56	-0.0272447
7484.63	-0.0280683
7482.7	-0.027369
7480.77	-0.0276999
7478.85	-0.0276339
7476.92	-0.0267511
7474.99	-0.0281352
7473.06	-0.0305804
7471.13	-0.0302692
7469.21	-0.0276959
7467.28	-0.0270049
7465.35	-0.02767
7463.42	-0.0291625
7461.49	-0.02935
7459.57	-0.0262175
7457.64	-0.0256333
7455.71	-0.0276582
7453.78	-0.0281667
7451.85	-0.0280667
7449.93	-0.0292787
7448	-0.0283882
7446.07	-0.0262126
7444.14	-0.0249924
7442.21	-0.0267225
7440.29	-0.0297126
7438.36	-0.0300614
7436.43	-0.0279133
7434.5	-0.027235
7432.57	-0.0273132
7430.65	-0.0283895
7428.72	-0.0289326
7426.79	-0.0269764
7424.86	-0.0258222
7422.93	-0.0282261
7421.01	-0.0285393
7419.08	-0.0255299
7417.15	-0.0263677
7415.22	-0.0289682
7413.29	-0.027044
7411.37	-0.0252223
7409.44	-0.0254944
7407.51	-0.0265706
7405.58	-0.0281416
7403.65	-0.0287239
7401.73	-0.0278733
7399.8	-0.0278123
7397.87	-0.0250779
7395.94	-0.0247864
7394.01	-0.0272645
7392.09	-0.0281601
7390.16	-0.02708
7388.23	-0.0272466
7386.3	-0.0289422
7384.37	-0.028239
7382.45	-0.0259853
7380.52	-0.02607
7378.59	-0.0276802
7376.66	-0.0270427
7374.73	-0.0251077
7372.81	-0.0251145
7370.88	-0.0261939
7368.95	-0.0248505
7367.02	-0.0244981
7365.09	-0.0274369
7363.17	-0.0290727
7361.24	-0.0287909
7359.31	-0.0288235
7357.38	-0.0292049
7355.45	-0.0289957
7353.53	-0.0288861
7351.6	-0.0272205
7349.67	-0.0257401
7347.74	-0.0253991
7345.81	-0.0271226
7343.89	-0.0274244
7341.96	-0.0265655
7340.03	-0.0270834
7338.1	-0.0274354
7336.17	-0.0258923
7334.25	-0.0264984
7332.32	-0.0269877
7330.39	-0.0278549
7328.46	-0.0286124
7326.53	-0.027536
7324.61	-0.0275428
7322.68	-0.0267106
7320.75	-0.0263122
7318.82	-0.0264317
7316.89	-0.0258315
7314.97	-0.0262574
7313.04	-0.0280075
7311.11	-0.0289524
7309.18	-0.0278516
7307.25	-0.0268452
7305.33	-0.0273262
7303.4	-0.0271999
7301.47	-0.0263564
7299.54	-0.0249356
7297.61	-0.0241461
7295.69	-0.0259874
7293.76	-0.0290292
7291.83	-0.0280051
7289.9	-0.0257795
7287.97	-0.0264767
7286.05	-0.0280444
7284.12	-0.0284094
7282.19	-0.0299472
7280.26	-0.0299523
7278.33	-0.0279712
7276.41	-0.0262544
7274.48	-0.0259802
7272.55	-0.026363
7270.62	-0.0265684
7268.69	-0.0280793
7266.77	-0.0284301
7264.84	-0.0270144
7262.91	-0.026135
7260.98	-0.0271168
7259.05	-0.0277983
7257.13	-0.0274422
7255.2	-0.0264442
7253.27	-0.0261445
7251.34	-0.0261069
7249.41	-0.0268537
7247.49	-0.026198
7245.56	-0.0250731
7243.63	-0.0259404
7241.7	-0.0269698
7239.77	-0.0272433
7237.85	-0.0268684
7235.92	-0.0260633
7233.99	-0.0257177
7232.06	-0.0249051
7230.13	-0.0245903
7228.21	-0.025464
7226.28	-0.0256919
7224.35	-0.0266629
7222.42	-0.0280634
7220.49	-0.0279197
7218.57	-0.0265014
7216.64	-0.0263805
7214.71	-0.0260621
7212.78	-0.027381
7210.85	-0.0274799
7208.93	-0.025077
7207	-0.0246373
7205.07	-0.026853
7203.14	-0.0265381
7201.21	-0.0264536
7199.29	-0.0276642
7197.36	-0.027299
7195.43	-0.0266195
7193.5	-0.0275695
7191.57	-0.0283
7189.65	-0.0280731
7187.72	-0.0268596
7185.79	-0.0260094
7183.86	-0.0262764
7181.93	-0.0263674
7180	-0.0259601
7178.08	-0.0256679
7176.15	-0.0248818
7174.22	-0.0244107
7172.29	-0.0249728
7170.37	-0.0254327
7168.44	-0.025689
7166.51	-0.0249632
7164.58	-0.0241299
7162.65	-0.0244067
7160.73	-0.0243381
7158.8	-0.0248793
7156.87	-0.0249578
7154.94	-0.0248269
7153.01	-0.0241689
7151.08	-0.0234767
7149.16	-0.0245621
7147.23	-0.0267359
7145.3	-0.0268368
7143.37	-0.0251815
7141.44	-0.0239009
7139.52	-0.0239086
7137.59	-0.0255434
7135.66	-0.0254418
7133.73	-0.0250917
7131.8	-0.026207
7129.88	-0.0251756
7127.95	-0.0250146
7126.02	-0.0249965
7124.09	-0.0246425
7122.17	-0.024558
7120.24	-0.0265251
7118.31	-0.0265697
7116.38	-0.0240453
7114.45	-0.0239051
7112.52	-0.0245762
7110.6	-0.0243308
7108.67	-0.0237347
7106.74	-0.0247308
7104.81	-0.0253465
7102.88	-0.0253186
7100.96	-0.0255384
7099.03	-0.0264636
7097.1	-0.0266776
7095.17	-0.0252405
7093.24	-0.024782
7091.32	-0.0259026
7089.39	-0.0260301
7087.46	-0.0261868
7085.53	-0.0259123
7083.6	-0.0257107
7081.68	-0.0253177
7079.75	-0.0251932
7077.82	-0.0253015
7075.89	-0.024697
7073.96	-0.0242032
7072.04	-0.0257494
7070.11	-0.0259224
7068.18	-0.0247162
7066.25	-0.0250455
7064.32	-0.0251202
7062.4	-0.0241548
7060.47	-0.0234036
7058.54	-0.0230173
7056.61	-0.024337
7054.68	-0.0244809
7052.76	-0.0227802
7050.83	-0.0227168
7048.9	-0.0242512
7046.97	-0.0248149
7045.04	-0.0248208
7043.12	-0.0248811
7041.19	-0.0243122
7039.26	-0.0239678
7037.33	-0.0238458
7035.4	-0.0247811
7033.48	-0.0245466
7031.55	-0.0238412
7029.62	-0.0237567
7027.69	-0.0249427
7025.76	-0.0263491
7023.84	-0.0251735
7021.91	-0.0238251
7019.98	-0.0233728
7018.05	-0.024039
7016.12	-0.0249357
7014.2	-0.0247411
7012.27	-0.0247479
7010.34	-0.0245957
7008.41	-0.0249696
7006.48	-0.0252837
7004.56	-0.0242142
7002.63	-0.0231684
7000.7	-0.0232367
6998.77	-0.0239829
6996.84	-0.023668
6994.92	-0.0225387
6992.99	-0.0230644
6991.06	-0.0233354
6989.13	-0.0222811
6987.2	-0.0227677
6985.28	-0.0244314
6983.35	-0.0233917
6981.42	-0.0231945
6979.49	-0.0246285
6977.56	-0.0241936
6975.64	-0.0231636
6973.71	-0.0232815
6971.78	-0.0240775
6969.85	-0.0240187
6967.92	-0.0240592
6966	-0.024084
6964.07	-0.0236509
6962.14	-0.0249355
6960.21	-0.0253251
6958.28	-0.0239479
6956.36	-0.022237
6954.43	-0.0236828
6952.5	-0.0249214
6950.57	-0.0242246
6948.64	-0.0237527
6946.72	-0.0242265
6944.79	-0.024854
6942.86	-0.0243289
6940.93	-0.0240523
6939	-0.0249951
6937.08	-0.0253795
6935.15	-0.0245058
6933.22	-0.0223145
6931.29	-0.023019
6929.36	-0.02533
6927.44	-0.0242994
6925.51	-0.0228058
6923.58	-0.0227825
6921.65	-0.0229492
6919.72	-0.0226394
6917.8	-0.023314
6915.87	-0.0233896
6913.94	-0.022867
6912.01	-0.022789
6910.08	-0.0231773
6908.16	-0.0227349
6906.23	-0.0223537
6904.3	-0.0225691
6902.37	-0.0221385
6900.44	-0.0222993
6898.52	-0.02373
6896.59	-0.0239229
6894.66	-0.0233706
6892.73	-0.0233105
6890.8	-0.0227531
6888.88	-0.0223929
6886.95	-0.0220876
6885.02	-0.0234568
6883.09	-0.0243
6881.16	-0.0235792
6879.24	-0.0235787
6877.31	-0.024607
6875.38	-0.0245107
6873.45	-0.0233145
6871.52	-0.0225539
6869.6	-0.0219844
6867.67	-0.0220443
6865.74	-0.0229031
6863.81	-0.0225384
6861.88	-0.0231282
6859.96	-0.0244353
6858.03	-0.0247356
6856.1	-0.0239459
6854.17	-0.0233036
6852.24	-0.0231711
6850.32	-0.022598
6848.39	-0.0214396
6846.46	-0.0209006
6844.53	-0.0215197
6842.6	-0.0221393
6840.68	-0.0221599
6838.75	-0.022249
6836.82	-0.0230275
6834.89	-0.0228937
6832.96	-0.0222987
6831.04	-0.0234846
6829.11	-0.0237622
6827.18	-0.022698
6825.25	-0.0209377
6823.32	-0.0202038
6821.4	-0.0216423
6819.47	-0.0230574
6817.54	-0.0225903
6815.61	-0.0219592
6813.68	-0.0218617
6811.76	-0.0207673
6809.83	-0.020601
6807.9	-0.0218717
6805.97	-0.0217952
6804.04	-0.0212282
6802.12	-0.0215908
6800.19	-0.0213537
6798.26	-0.0212979
6796.33	-0.022535
6794.4	-0.0230435
6792.48	-0.0229512
6790.55	-0.0234053
6788.62	-0.0231235
6786.69	-0.0226143
6784.76	-0.0221608
6782.84	-0.0220443
6780.91	-0.0227876
6778.98	-0.023203
6777.05	-0.0227267
6775.12	-0.0225609
6773.2	-0.0230472
6771.27	-0.0216353
6769.34	-0.0207211
6767.41	-0.0221832
6765.48	-0.0236973
6763.56	-0.0228085
6761.63	-0.0221724
6759.7	-0.0216456
6757.77	-0.0222026
6755.84	-0.0226639
6753.92	-0.0223288
6751.99	-0.0214692
6750.06	-0.0206148
6748.13	-0.0220015
6746.2	-0.0232451
6744.28	-0.0228612
6742.35	-0.0211112
6740.42	-0.0204168
6738.49	-0.0214354
6736.56	-0.0217262
6734.64	-0.0222315
6732.71	-0.0223281
6730.78	-0.0214928
6728.85	-0.021005
6726.92	-0.0207666
6725	-0.0216748
6723.07	-0.0231178
6721.14	-0.0227497
6719.21	-0.0209414
6717.28	-0.0207416
6715.35	-0.0216772
6713.43	-0.0224004
6711.5	-0.0225248
6709.57	-0.0219116
6707.64	-0.0215485
6705.71	-0.0213702
6703.79	-0.0214899
6701.86	-0.0215574
6699.93	-0.0210122
6698	-0.0208439
6696.08	-0.0204616
6694.15	-0.0213987
6692.22	-0.0222578
6690.29	-0.0222056
6688.36	-0.0216054
6686.44	-0.0212436
6684.51	-0.0216454
6682.58	-0.0217851
6680.65	-0.0218087
6678.72	-0.0220123
6676.79	-0.0223778
6674.87	-0.0215969
6672.94	-0.0202824
6671.01	-0.0203259
6669.08	-0.0209319
6667.15	-0.0215425
6665.23	-0.0216594
6663.3	-0.0213848
6661.37	-0.021653
6659.44	-0.0214589
6657.51	-0.0209142
6655.59	-0.0206243
6653.66	-0.0203603
6651.73	-0.0204159
6649.8	-0.0210608
6647.88	-0.0208604
6645.95	-0.0207782
6644.02	-0.0214866
6642.09	-0.0218578
6640.16	-0.0215052
6638.23	-0.0207345
6636.31	-0.0205866
6634.38	-0.0208743
6632.45	-0.021205
6630.52	-0.0210033
6628.59	-0.0205859
6626.67	-0.021524
6624.74	-0.0220027
6622.81	-0.0218364
6620.88	-0.0214806
6618.95	-0.0208566
6617.03	-0.0213437
6615.1	-0.0214646
6613.17	-0.0210228
6611.24	-0.0216171
6609.31	-0.0218617
6607.39	-0.0211643
6605.46	-0.0201844
6603.53	-0.020132
6601.6	-0.020564
6599.67	-0.0203487
6597.75	-0.0197727
6595.82	-0.020193
6593.89	-0.0207213
6591.96	-0.0204322
6590.03	-0.0201967
6588.11	-0.0204282
6586.18	-0.0201872
6584.25	-0.0201925
6582.32	-0.0208512
6580.39	-0.0208689
6578.47	-0.0207757
6576.54	-0.0217696
6574.61	-0.0219344
6572.68	-0.0212041
6570.75	-0.0203703
6568.83	-0.020155
6566.9	-0.0209133
6564.97	-0.021469
6563.04	-0.0214065
6561.11	-0.0204017
6559.19	-0.01996
6557.26	-0.0204196
6555.33	-0.0208843
6553.4	-0.0207289
6551.47	-0.0211647
6549.55	-0.0219229
6547.62	-0.0214507
6545.69	-0.02071
6543.76	-0.0206439
6541.83	-0.0205509
6539.91	-0.0212192
6537.98	-0.0221634
6536.05	-0.0222232
6534.12	-0.0214657
6532.19	-0.0206022
6530.27	-0.0203614
6528.34	-0.0211267
6526.41	-0.0211468
6524.48	-0.0203468
6522.55	-0.0208969
6520.63	-0.0216915
6518.7	-0.0212411
6516.77	-0.0216954
6514.84	-0.0216006
6512.91	-0.0203542
6510.99	-0.0207177
6509.06	-0.0218597
6507.13	-0.0214263
6505.2	-0.0207599
6503.27	-0.0207713
6501.35	-0.0205314
6499.42	-0.0205039
6497.49	-0.0215014
6495.56	-0.0217199
6493.63	-0.0207789
6491.71	-0.0201618
6489.78	-0.0200211
6487.85	-0.0203547
6485.92	-0.0207891
6483.99	-0.0212973
6482.07	-0.0208238
6480.14	-0.0200298
6478.21	-0.01985
6476.28	-0.0199768
6474.35	-0.0201027
6472.43	-0.0196014
6470.5	-0.0193918
6468.57	-0.0194754
6466.64	-0.0197643
6464.71	-0.0203812
6462.79	-0.0214691
6460.86	-0.0215581
6458.93	-0.0210336
6457	-0.0209529
6455.07	-0.0207829
6453.15	-0.0207869
6451.22	-0.0206088
6449.29	-0.0202824
6447.36	-0.0203193
6445.43	-0.0207167
6443.51	-0.0202046
6441.58	-0.020202
6439.65	-0.020637
6437.72	-0.0208655
6435.79	-0.0214058
6433.87	-0.0212737
6431.94	-0.0214548
6430.01	-0.0218776
6428.08	-0.0211688
6426.15	-0.0202963
6424.23	-0.0206573
6422.3	-0.0204937
6420.37	-0.0200033
6418.44	-0.0203545
6416.51	-0.021495
6414.59	-0.0214828
6412.66	-0.020552
6410.73	-0.0201741
6408.8	-0.0208516
6406.87	-0.0209187
6404.95	-0.0210212
6403.02	-0.0213156
6401.09	-0.0214441
6399.16	-0.0215066
6397.23	-0.0213684
6395.31	-0.0210537
6393.38	-0.0214159
6391.45	-0.021814
6389.52	-0.0217595
6387.59	-0.0209802
6385.67	-0.0206515
6383.74	-0.0206833
6381.81	-0.0209381
6379.88	-0.0219295
6377.95	-0.0223411
6376.03	-0.0218551
6374.1	-0.0216199
6372.17	-0.0214483
6370.24	-0.0216982
6368.31	-0.0219313
6366.39	-0.0214557
6364.46	-0.0205903
6362.53	-0.0205312
6360.6	-0.0204842
6358.67	-0.0204077
6356.75	-0.0203902
6354.82	-0.0206634
6352.89	-0.0213992
6350.96	-0.0223704
6349.03	-0.0221333
6347.11	-0.0213419
6345.18	-0.0207041
6343.25	-0.020405
6341.32	-0.0207128
6339.39	-0.0206058
6337.47	-0.0201505
6335.54	-0.020101
6333.61	-0.0205762
6331.68	-0.0205554
6329.75	-0.0205656
6327.83	-0.0201499
6325.9	-0.0205398
6323.97	-0.021179
6322.04	-0.0218202
6320.11	-0.021621
6318.19	-0.0211552
6316.26	-0.0205134
6314.33	-0.0203889
6312.4	-0.0203982
6310.47	-0.0201211
6308.55	-0.0198613
6306.62	-0.0197149
6304.69	-0.0197862
6302.76	-0.0202685
6300.83	-0.0201791
6298.91	-0.0203218
6296.98	-0.0203687
6295.05	-0.0204821
6293.12	-0.0201158
6291.19	-0.020474
6289.27	-0.0209388
6287.34	-0.0202029
6285.41	-0.0204494
6283.48	-0.0213463
6281.55	-0.0213074
6279.62	-0.0210897
6277.7	-0.0209187
6275.77	-0.020306
6273.84	-0.0204663
6271.91	-0.020918
6269.99	-0.0211322
6268.06	-0.0206128
6266.13	-0.020503
6264.2	-0.0206062
6262.27	-0.0201328
6260.34	-0.0204072
6258.42	-0.0210286
6256.49	-0.0210131
6254.56	-0.0210961
6252.63	-0.0208238
6250.71	-0.0207785
6248.78	-0.0211941
6246.85	-0.0206868
6244.92	-0.0202351
6242.99	-0.0200176
6241.06	-0.0194977
6239.14	-0.0197258
6237.21	-0.0204728
6235.28	-0.0211137
6233.35	-0.0207643
6231.42	-0.0205921
6229.5	-0.0209718
6227.57	-0.0208044
6225.64	-0.0206069
6223.71	-0.0203421
6221.79	-0.0204193
6219.86	-0.0203644
6217.93	-0.0196656
6216	-0.0200306
6214.07	-0.0208944
6212.15	-0.0209862
6210.22	-0.0205832
6208.29	-0.0208384
6206.36	-0.0202653
6204.43	-0.0193077
6202.5	-0.0196448
6200.58	-0.0198678
6198.65	-0.0198723
6196.72	-0.0201016
6194.79	-0.0202481
6192.86	-0.0199378
6190.94	-0.0195587
6189.01	-0.0197985
6187.08	-0.0197768
6185.15	-0.0196548
6183.22	-0.0200564
6181.3	-0.0204841
6179.37	-0.0201607
6177.44	-0.0198133
6175.51	-0.0201984
6173.58	-0.0202135
6171.66	-0.0203164
6169.73	-0.020689
6167.8	-0.0207148
6165.87	-0.0203127
6163.94	-0.0198615
6162.02	-0.0197432
6160.09	-0.019902
6158.16	-0.0200406
6156.23	-0.0199052
6154.3	-0.0200911
6152.38	-0.0196595
6150.45	-0.0191998
6148.52	-0.0198756
6146.59	-0.0200966
6144.66	-0.019908
6142.74	-0.0199958
6140.81	-0.0199538
6138.88	-0.0195364
6136.95	-0.0198021
6135.02	-0.0204192
6133.1	-0.0201397
6131.17	-0.0197628
6129.24	-0.019635
6127.31	-0.0197454
6125.38	-0.0199894
6123.46	-0.0199271
6121.53	-0.0194787
6119.6	-0.0194168
6117.67	-0.0197298
6115.74	-0.0199568
6113.82	-0.0199928
6111.89	-0.0196629
6109.96	-0.0194639
6108.03	-0.019481
6106.1	-0.0199012
6104.18	-0.0201066
6102.25	-0.0196175
6100.32	-0.0192405
6098.39	-0.0193589
6096.46	-0.0192762
6094.54	-0.0193907
6092.61	-0.0192285
6090.68	-0.0189256
6088.75	-0.0191545
6086.82	-0.0196897
6084.9	-0.0202438
6082.97	-0.0200746
6081.04	-0.0197726
6079.11	-0.019767
6077.18	-0.0195665
6075.26	-0.0198023
6073.33	-0.0200902
6071.4	-0.020072
6069.47	-0.019828
6067.54	-0.0200038
6065.62	-0.020047
6063.69	-0.0200105
6061.76	-0.0198655
6059.83	-0.0200288
6057.9	-0.019801
6055.98	-0.01967
6054.05	-0.0203975
6052.12	-0.020727
6050.19	-0.0205675
6048.26	-0.020428
6046.34	-0.02004
6044.41	-0.0194271
6042.48	-0.0193475
6040.55	-0.0192629
6038.62	-0.0192804
6036.7	-0.0196682
6034.77	-0.0191672
6032.84	-0.0188204
6030.91	-0.0194832
6028.98	-0.0192957
6027.06	-0.0189002
6025.13	-0.0194372
6023.2	-0.0196121
6021.27	-0.0192702
6019.34	-0.0193663
6017.42	-0.0193893
6015.49	-0.0191015
6013.56	-0.0188384
6011.63	-0.0191128
6009.7	-0.0194492
6007.78	-0.0194326
6005.85	-0.0192639
6003.92	-0.0189779
6001.99	-0.0190683
6000.06	-0.0193315
5998.14	-0.0192407
5996.21	-0.0192092
5994.28	-0.0190439
5992.35	-0.0189388
5990.42	-0.0190156
5988.5	-0.0192045
5986.57	-0.0189019
5984.64	-0.0183729
5982.71	-0.0190457
5980.78	-0.0196166
5978.86	-0.0189373
5976.93	-0.0183869
5975	-0.0183037
5973.07	-0.0189864
5971.14	-0.0194347
5969.22	-0.0194722
5967.29	-0.0193851
5965.36	-0.019174
5963.43	-0.0191875
5961.5	-0.0190092
5959.58	-0.0189814
5957.65	-0.0187071
5955.72	-0.0186728
5953.79	-0.0191148
5951.86	-0.0189586
5949.94	-0.0189291
5948.01	-0.0193662
5946.08	-0.0193155
5944.15	-0.019084
5942.22	-0.0189928
5940.3	-0.0191918
5938.37	-0.0196079
5936.44	-0.0193174
5934.51	-0.01876
5932.58	-0.0188187
5930.66	-0.0191142
5928.73	-0.0190692
5926.8	-0.0188231
5924.87	-0.0188693
5922.94	-0.0188025
5921.02	-0.0185788
5919.09	-0.0188026
5917.16	-0.019066
5915.23	-0.0192422
5913.3	-0.0194811
5911.38	-0.0192244
5909.45	-0.0187565
5907.52	-0.0189598
5905.59	-0.0192556
5903.66	-0.019142
5901.74	-0.018809
5899.81	-0.0186257
5897.88	-0.0188322
5895.95	-0.0187284
5894.02	-0.0185623
5892.1	-0.0187053
5890.17	-0.0191654
5888.24	-0.0192125
5886.31	-0.0190855
5884.38	-0.01891
5882.46	-0.0191398
5880.53	-0.0188375
5878.6	-0.0184555
5876.67	-0.0185588
5874.74	-0.0186002
5872.82	-0.0184016
5870.89	-0.0185434
5868.96	-0.0183869
5867.03	-0.0185439
5865.1	-0.0184912
5863.18	-0.0181715
5861.25	-0.0180791
5859.32	-0.018613
5857.39	-0.0190351
5855.46	-0.019386
5853.54	-0.0194271
5851.61	-0.0183443
5849.68	-0.0180339
5847.75	-0.018502
5845.82	-0.0184387
5843.9	-0.0182929
5841.97	-0.0183451
5840.04	-0.0186127
5838.11	-0.0189758
5836.18	-0.0186612
5834.25	-0.0183483
5832.33	-0.0181858
5830.4	-0.0181991
5828.47	-0.0183977
5826.54	-0.0185
5824.62	-0.0184844
5822.69	-0.0183681
5820.76	-0.0186878
5818.83	-0.018565
5816.9	-0.0185833
5814.98	-0.0185456
5813.05	-0.0179584
5811.12	-0.0178971
5809.19	-0.0184589
5807.26	-0.0186786
5805.33	-0.0184064
5803.41	-0.0178715
5801.48	-0.0177636
5799.55	-0.0181296
5797.62	-0.0187717
5795.7	-0.0191698
5793.77	-0.0184727
5791.84	-0.0180574
5789.91	-0.0178744
5787.98	-0.0179135
5786.06	-0.0182572
5784.13	-0.0182763
5782.2	-0.0180245
5780.27	-0.018287
5778.34	-0.0182091
5776.42	-0.0175807
5774.49	-0.0178771
5772.56	-0.0182509
5770.63	-0.018141
5768.7	-0.0179529
5766.77	-0.017571
5764.85	-0.0180327
5762.92	-0.0183005
5760.99	-0.0178888
5759.06	-0.0176739
5757.13	-0.0180338
5755.21	-0.0182888
5753.28	-0.0180498
5751.35	-0.0177219
5749.42	-0.0177364
5747.49	-0.0177603
5745.57	-0.0181227
5743.64	-0.0182353
5741.71	-0.0178155
5739.78	-0.0176376
5737.85	-0.0176179
5735.93	-0.0174883
5734	-0.0177737
5732.07	-0.0178032
5730.14	-0.0181999
5728.21	-0.0181501
5726.29	-0.0175767
5724.36	-0.0178004
5722.43	-0.0178827
5720.5	-0.0177871
5718.57	-0.018047
5716.65	-0.0178995
5714.72	-0.0175318
5712.79	-0.0177491
5710.86	-0.0174939
5708.93	-0.0171666
5707.01	-0.0173342
5705.08	-0.0178612
5703.15	-0.0181486
5701.22	-0.017867
5699.29	-0.0172173
5697.37	-0.0171269
5695.44	-0.0174259
5693.51	-0.017337
5691.58	-0.0171754
5689.65	-0.017567
5687.73	-0.0178955
5685.8	-0.0179857
5683.87	-0.0179976
5681.94	-0.0176465
5680.01	-0.0174148
5678.09	-0.0174579
5676.16	-0.0174196
5674.23	-0.0171802
5672.3	-0.0172644
5670.37	-0.0172953
5668.45	-0.0173651
5666.52	-0.0174303
5664.59	-0.01735
5662.66	-0.0173681
5660.73	-0.0175974
5658.81	-0.0174967
5656.88	-0.0171994
5654.95	-0.0171641
5653.02	-0.0169032
5651.09	-0.0167324
5649.17	-0.0171931
5647.24	-0.0171662
5645.31	-0.0171225
5643.38	-0.0167385
5641.45	-0.0166714
5639.53	-0.0171319
5637.6	-0.017272
5635.67	-0.0173726
5633.74	-0.0172596
5631.81	-0.0168137
5629.89	-0.0167202
5627.96	-0.0167511
5626.03	-0.0168552
5624.1	-0.0167586
5622.17	-0.0168451
5620.25	-0.017003
5618.32	-0.0170753
5616.39	-0.0169516
5614.46	-0.0169107
5612.53	-0.0170916
5610.61	-0.0171592
5608.68	-0.0170381
5606.75	-0.016721
5604.82	-0.0164249
5602.89	-0.0162593
5600.97	-0.0165716
5599.04	-0.0168298
5597.11	-0.0169376
5595.18	-0.0168648
5593.25	-0.0166543
5591.33	-0.0167239
5589.4	-0.0168654
5587.47	-0.0170705
5585.54	-0.0174143
5583.61	-0.0177598
5581.69	-0.0171985
5579.76	-0.0168609
5577.83	-0.0166531
5575.9	-0.0166146
5573.97	-0.0164682
5572.05	-0.0164647
5570.12	-0.0167058
5568.19	-0.0167807
5566.26	-0.0167681
5564.33	-0.0165324
5562.41	-0.0161593
5560.48	-0.0161369
5558.55	-0.0163822
5556.62	-0.0163206
5554.69	-0.0162792
5552.77	-0.016717
5550.84	-0.0166659
5548.91	-0.0164255
5546.98	-0.0165816
5545.05	-0.0168595
5543.13	-0.0166803
5541.2	-0.0163582
5539.27	-0.0164652
5537.34	-0.0164654
5535.41	-0.0165661
5533.49	-0.0166753
5531.56	-0.0166207
5529.63	-0.0164045
5527.7	-0.0164671
5525.77	-0.0164271
5523.85	-0.0161865
5521.92	-0.0162396
5519.99	-0.0164935
5518.06	-0.0163341
5516.13	-0.0162067
5514.21	-0.0161928
5512.28	-0.0162712
5510.35	-0.0162278
5508.42	-0.0159732
5506.49	-0.0159359
5504.57	-0.0163633
5502.64	-0.0163891
5500.71	-0.0162891
5498.78	-0.0162056
5496.85	-0.0165152
5494.93	-0.0165157
5493	-0.0165078
5491.07	-0.0166108
5489.14	-0.0164515
5487.21	-0.0161978
5485.29	-0.0160228
5483.36	-0.0158393
5481.43	-0.0157174
5479.5	-0.0159233
5477.57	-0.0161577
5475.65	-0.0160004
5473.72	-0.0158468
5471.79	-0.015828
5469.86	-0.0161298
5467.93	-0.0163704
5466.01	-0.0163933
5464.08	-0.0163248
5462.15	-0.0161094
5460.22	-0.01581
5458.29	-0.0158724
5456.37	-0.0160449
5454.44	-0.0159562
5452.51	-0.0158132
5450.58	-0.0159039
5448.65	-0.0161215
5446.73	-0.0162395
5444.8	-0.016072
5442.87	-0.0160088
5440.94	-0.0157601
5439.01	-0.0157355
5437.09	-0.0159549
5435.16	-0.0159585
5433.23	-0.0159585
5431.3	-0.0157958
5429.37	-0.015782
5427.45	-0.01599
5425.52	-0.0161404
5423.59	-0.0160833
5421.66	-0.0159738
5419.73	-0.0158155
5417.81	-0.0157884
5415.88	-0.0158304
5413.95	-0.0160795
5412.02	-0.0160465
5410.09	-0.0162124
5408.17	-0.0159574
5406.24	-0.0155055
5404.31	-0.0154111
5402.38	-0.015303
5400.45	-0.0152332
5398.53	-0.015455
5396.6	-0.0154294
5394.67	-0.0153626
5392.74	-0.0154606
5390.81	-0.0154939
5388.88	-0.0153558
5386.96	-0.0155693
5385.03	-0.0156113
5383.1	-0.01555
5381.17	-0.0153146
5379.25	-0.0151289
5377.32	-0.0152498
5375.39	-0.0154598
5373.46	-0.0153792
5371.53	-0.0152965
5369.6	-0.0151655
5367.68	-0.015175
5365.75	-0.0153001
5363.82	-0.0152723
5361.89	-0.015351
5359.96	-0.0151049
5358.04	-0.0148205
5356.11	-0.0149027
5354.18	-0.0149469
5352.25	-0.0149146
5350.33	-0.0150001
5348.4	-0.0151581
5346.47	-0.0153946
5344.54	-0.0154201
5342.61	-0.0149721
5340.69	-0.0144739
5338.76	-0.0147016
5336.83	-0.0150614
5334.9	-0.0152351
5332.97	-0.0149525
5331.04	-0.0149095
5329.12	-0.0150436
5327.19	-0.0148356
5325.26	-0.0147987
5323.33	-0.014867
5321.4	-0.0147823
5319.48	-0.0147217
5317.55	-0.0147662
5315.62	-0.0146467
5313.69	-0.014519
5311.76	-0.0146179
5309.84	-0.0146329
5307.91	-0.0144309
5305.98	-0.0143696
5304.05	-0.0143766
5302.12	-0.01419
5300.2	-0.0142273
5298.27	-0.0145947
5296.34	-0.0147016
5294.41	-0.0144482
5292.48	-0.014179
5290.56	-0.0143136
5288.63	-0.014285
5286.7	-0.01398
5284.77	-0.0139691
5282.84	-0.014122
5280.92	-0.0139872
5278.99	-0.0137286
5277.06	-0.0135236
5275.13	-0.013408
5273.21	-0.0133375
5271.28	-0.0134883
5269.35	-0.0136366
5267.42	-0.0136035
5265.49	-0.0136653
5263.56	-0.0135879
5261.64	-0.013515
5259.71	-0.013381
5257.78	-0.013174
5255.85	-0.0133287
5253.92	-0.0133747
5252	-0.0133862
5250.07	-0.01335
5248.14	-0.0132932
5246.21	-0.0132191
5244.28	-0.0129027
5242.36	-0.0125274
5240.43	-0.0125733
5238.5	-0.012522
5236.57	-0.0123539
5234.64	-0.0123293
5232.72	-0.0121012
5230.79	-0.0117118
5228.86	-0.0115536
5226.93	-0.0116709
5225	-0.0119862
5223.08	-0.0117704
5221.15	-0.0115591
5219.22	-0.0115476
5217.29	-0.0114983
5215.36	-0.011376
5213.44	-0.0112188
5211.51	-0.0114443
5209.58	-0.0115282
5207.65	-0.0110252
5205.72	-0.0109034
5203.8	-0.011047
5201.87	-0.0108677
5199.94	-0.0106611
5198.01	-0.0102549
5196.08	-0.0103515
5194.16	-0.010605
5192.23	-0.0103849
5190.3	-0.00995098
5188.37	-0.0100279
5186.44	-0.00991788
5184.52	-0.00971646
5182.59	-0.00958003
5180.66	-0.00935497
5178.73	-0.00919442
5176.8	-0.0089965
5174.88	-0.00881978
5172.95	-0.00870018
5171.02	-0.00863256
5169.09	-0.00841419
5167.16	-0.00829058
5165.24	-0.00844666
5163.31	-0.00840009
5161.38	-0.00821571
5159.45	-0.00800348
5157.52	-0.00779101
5155.6	-0.00768751
5153.67	-0.00763467
5151.74	-0.00748905
5149.81	-0.00726105
5147.88	-0.00703062
5145.96	-0.00725858
5144.03	-0.00731553
5142.1	-0.00719018
5140.17	-0.00731387
5138.24	-0.00717649
5136.32	-0.00681963
5134.39	-0.00673302
5132.46	-0.00674079
5130.53	-0.00677008
5128.6	-0.00664992
5126.68	-0.00620647
5124.75	-0.00589315
5122.82	-0.00598166
5120.89	-0.00629779
5118.96	-0.00657601
5117.04	-0.00656866
5115.11	-0.00623411
5113.18	-0.00609318
5111.25	-0.00597512
5109.32	-0.00573727
5107.4	-0.00555185
5105.47	-0.00559958
5103.54	-0.00566699
5101.61	-0.00569361
5099.68	-0.00583068
5097.76	-0.00576473
5095.83	-0.00571814
5093.9	-0.0058211
5091.97	-0.00561764
5090.04	-0.00529901
5088.12	-0.00514213
5086.19	-0.00507689
5084.26	-0.00524097
5082.33	-0.00533036
5080.4	-0.00499947
5078.48	-0.00493117
5076.55	-0.00503553
5074.62	-0.00501879
5072.69	-0.0049731
5070.76	-0.00489664
5068.84	-0.00477612
5066.91	-0.00478291
5064.98	-0.00476924
5063.05	-0.00460607
5061.12	-0.00458122
5059.2	-0.00445405
5057.27	-0.00425484
5055.34	-0.00409879
5053.41	-0.00398058
5051.48	-0.00405658
5049.56	-0.00402947
5047.63	-0.00379646
5045.7	-0.0037188
5043.77	-0.00371736
5041.84	-0.00370809
5039.92	-0.00351103
5037.99	-0.00311737
5036.06	-0.00271235
5034.13	-0.00242469
5032.2	-0.00241942
5030.28	-0.00225543
5028.35	-0.00211799
5026.42	-0.00195527
5024.49	-0.00145638
5022.56	-0.00103566
5020.64	-0.000776299
5018.71	-0.000703462
5016.78	-0.000810729
5014.85	-0.000889929
5012.92	-0.00115696
5011	-0.00159925
5009.07	-0.00192644
5007.14	-0.00219474
5005.21	-0.00247962
5003.28	-0.00297789
5001.36	-0.00308148
4999.43	-0.00294982
4997.5	-0.00319118
4995.57	-0.00344102
4993.64	-0.00362313
4991.72	-0.00385823
4989.79	-0.00389488
4987.86	-0.00395596
4985.93	-0.00425175
4984	-0.0042721
4982.08	-0.00414727
4980.15	-0.00444182
4978.22	-0.00440604
4976.29	-0.00413073
4974.36	-0.00436018
4972.44	-0.00458676
4970.51	-0.00459341
4968.58	-0.00449442
4966.65	-0.0045544
4964.72	-0.00482911
4962.8	-0.0049083
4960.87	-0.00468592
4958.94	-0.00461354
4957.01	-0.00471778
4955.08	-0.00483278
4953.16	-0.00492285
4951.23	-0.00500147
4949.3	-0.00489612
4947.37	-0.0046832
4945.44	-0.00452636
4943.52	-0.00461817
4941.59	-0.00481476
4939.66	-0.00483268
4937.73	-0.00475757
4935.8	-0.00483265
4933.88	-0.00484015
4931.95	-0.00477248
4930.02	-0.00491014
4928.09	-0.0050539
4926.16	-0.00509166
4924.24	-0.00490283
4922.31	-0.00484641
4920.38	-0.00513649
4918.45	-0.00536319
4916.52	-0.00540478
4914.6	-0.00555807
4912.67	-0.00569943
4910.74	-0.00551145
4908.81	-0.00541244
4906.88	-0.00547373
4904.96	-0.00549133
4903.03	-0.00563775
4901.1	-0.00567216
4899.17	-0.00548763
4897.24	-0.00559781
4895.32	-0.00572621
4893.39	-0.00558077
4891.46	-0.00576055
4889.53	-0.0059527
4887.6	-0.00583591
4885.67	-0.00577353
4883.75	-0.00584627
4881.82	-0.00583022
4879.89	-0.00613497
4877.96	-0.00630932
4876.04	-0.00607185
4874.11	-0.00578252
4872.18	-0.00591639
4870.25	-0.00616038
4868.32	-0.00609655
4866.4	-0.00615084
4864.47	-0.00629665
4862.54	-0.00634155
4860.61	-0.00633861
4858.68	-0.00652238
4856.75	-0.00670464
4854.83	-0.0067032
4852.9	-0.00674953
4850.97	-0.006853
4849.04	-0.00693195
4847.12	-0.00692002
4845.19	-0.00695824
4843.26	-0.00716635
4841.33	-0.00707528
4839.4	-0.00708575
4837.47	-0.00725317
4835.55	-0.00738639
4833.62	-0.00724329
4831.69	-0.00709031
4829.76	-0.00719813
4827.83	-0.0075152
4825.91	-0.00762536
4823.98	-0.00763008
4822.05	-0.00767296
4820.12	-0.00768422
4818.19	-0.00765893
4816.27	-0.00758043
4814.34	-0.00762979
4812.41	-0.00781897
4810.48	-0.00787871
4808.55	-0.00774431
4806.63	-0.00768497
4804.7	-0.00781308
4802.77	-0.00800335
4800.84	-0.0080807
4798.91	-0.00832198
4796.99	-0.00843863
4795.06	-0.00828571
4793.13	-0.00834327
4791.2	-0.00845533
4789.27	-0.00845939
4787.35	-0.00849134
4785.42	-0.00850108
4783.49	-0.00851564
4781.56	-0.00852084
4779.63	-0.008415
4777.71	-0.00853036
4775.78	-0.00863499
4773.85	-0.0085557
4771.92	-0.00867582
4769.99	-0.00889714
4768.07	-0.00877776
4766.14	-0.00863818
4764.21	-0.00880679
4762.28	-0.00911153
4760.35	-0.00920497
4758.43	-0.00910683
4756.5	-0.0090759
4754.57	-0.00925554
4752.64	-0.00932527
4750.71	-0.00933623
4748.79	-0.00929533
4746.86	-0.00929585
4744.93	-0.00934226
4743	-0.00945195
4741.07	-0.0093756
4739.15	-0.00940666
4737.22	-0.00963214
4735.29	-0.00990596
4733.36	-0.0100169
4731.43	-0.00980882
4729.51	-0.00953241
4727.58	-0.00945179
4725.65	-0.00962161
4723.72	-0.00985929
4721.79	-0.00985595
4719.87	-0.00976363
4717.94	-0.00981576
4716.01	-0.0100952
4714.08	-0.0101541
4712.15	-0.0100668
4710.23	-0.0101232
4708.3	-0.0100057
4706.37	-0.0101859
4704.44	-0.0104512
4702.51	-0.0104126
4700.59	-0.0103376
4698.66	-0.0101796
4696.73	-0.0100921
4694.8	-0.0100587
4692.87	-0.0103343
4690.95	-0.0104064
4689.02	-0.010403
4687.09	-0.0105586
4685.16	-0.0106457
4683.23	-0.0105628
4681.31	-0.010455
4679.38	-0.0105423
4677.45	-0.0104789
4675.52	-0.0101518
4673.59	-0.0102121
4671.67	-0.0105566
4669.74	-0.0106169
4667.81	-0.0105472
4665.88	-0.0105628
4663.95	-0.0106933
4662.03	-0.0106414
4660.1	-0.0104876
4658.17	-0.0105754
4656.24	-0.0106772
4654.31	-0.0106687
4652.39	-0.010754
4650.46	-0.01086
4648.53	-0.0109084
4646.6	-0.010708
4644.67	-0.0106337
4642.75	-0.0107566
4640.82	-0.0107946
4638.89	-0.0107593
4636.96	-0.0107531
4635.03	-0.0107406
4633.11	-0.0107261
4631.18	-0.0105973
4629.25	-0.0105917
4627.32	-0.0108137
4625.39	-0.010946
4623.47	-0.0110128
4621.54	-0.0109852
4619.61	-0.010815
4617.68	-0.0107499
4615.75	-0.0108553
4613.83	-0.010846
4611.9	-0.0109067
4609.97	-0.0108475
4608.04	-0.0106587
4606.11	-0.0108421
4604.19	-0.0108987
4602.26	-0.0107565
4600.33	-0.0107897
4598.4	-0.0108099
4596.47	-0.0108088
4594.55	-0.0109282
4592.62	-0.0109261
4590.69	-0.0109421
4588.76	-0.0108843
4586.83	-0.0108922
4584.91	-0.010881
4582.98	-0.0107622
4581.05	-0.0108143
4579.12	-0.0106745
4577.19	-0.0105052
4575.27	-0.010455
4573.34	-0.010391
4571.41	-0.0105642
4569.48	-0.0105819
4567.55	-0.0104628
4565.63	-0.0102845
4563.7	-0.0102006
4561.77	-0.0102589
4559.84	-0.0100687
4557.91	-0.00999893
4555.99	-0.00986233
4554.06	-0.00970405
4552.13	-0.00983626
4550.2	-0.00990687
4548.27	-0.00970602
4546.35	-0.00939372
4544.42	-0.00929442
4542.49	-0.00935734
4540.56	-0.00934417
4538.63	-0.00933866
4536.71	-0.00928612
4534.78	-0.00904569
4532.85	-0.00892041
4530.92	-0.00899669
4528.99	-0.00905218
4527.07	-0.00885727
4525.14	-0.0088524
4523.21	-0.0088251
4521.28	-0.00872856
4519.35	-0.00882624
4517.43	-0.00896719
4515.5	-0.00901522
4513.57	-0.00918184
4511.64	-0.0093564
4509.71	-0.00946709
4507.79	-0.00941999
4505.86	-0.0095882
4503.93	-0.00979826
4502	-0.00972987
4500.07	-0.00976797
4498.15	-0.0099775
4496.22	-0.0101683
4494.29	-0.0101973
4492.36	-0.0101505
4490.43	-0.0101517
4488.51	-0.0102726
4486.58	-0.0103428
4484.65	-0.010417
4482.72	-0.0105285
4480.79	-0.0106114
4478.87	-0.0106739
4476.94	-0.0106579
4475.01	-0.0106424
4473.08	-0.0106425
4471.15	-0.0105969
4469.23	-0.0107247
4467.3	-0.0108037
4465.37	-0.0107611
4463.44	-0.0107687
4461.51	-0.0107345
4459.58	-0.0107248
4457.66	-0.0107951
4455.73	-0.010857
4453.8	-0.010895
4451.87	-0.0108314
4449.95	-0.01081
4448.02	-0.0107924
4446.09	-0.0108309
4444.16	-0.0107694
4442.23	-0.0107273
4440.3	-0.0106439
4438.38	-0.0106914
4436.45	-0.0107795
4434.52	-0.0105866
4432.59	-0.0103482
4430.67	-0.0104906
4428.74	-0.0106583
4426.81	-0.0105798
4424.88	-0.0105341
4422.95	-0.0105661
4421.02	-0.0105674
4419.1	-0.0105929
4417.17	-0.010644
4415.24	-0.0106794
4413.31	-0.0106095
4411.38	-0.0105975
4409.46	-0.0104442
4407.53	-0.010412
4405.6	-0.0105831
4403.67	-0.0105606
4401.75	-0.0105712
4399.82	-0.0106983
4397.89	-0.0107606
4395.96	-0.0107585
4394.03	-0.0106754
4392.1	-0.0105464
4390.18	-0.0105234
4388.25	-0.0105673
4386.32	-0.0105637
4384.39	-0.010531
4382.46	-0.0104838
4380.54	-0.0104788
4378.61	-0.0106316
4376.68	-0.01071
4374.75	-0.0107098
4372.82	-0.0106617
4370.9	-0.0105343
4368.97	-0.0103796
4367.04	-0.0103586
4365.11	-0.0105112
4363.18	-0.0104458
4361.26	-0.0103143
4359.33	-0.0102563
4357.4	-0.0103458
4355.47	-0.0103397
4353.54	-0.0102793
4351.62	-0.0103031
4349.69	-0.0103922
4347.76	-0.0103537
4345.83	-0.0103352
4343.9	-0.010258
4341.98	-0.0101899
4340.05	-0.0101829
4338.12	-0.0102319
4336.19	-0.0103731
4334.26	-0.0103423
4332.34	-0.0102671
4330.41	-0.010235
4328.48	-0.0102546
4326.55	-0.0103355
4324.62	-0.0104427
4322.7	-0.0103752
4320.77	-0.0102288
4318.84	-0.0101651
4316.91	-0.0100194
4314.98	-0.00995593
4313.06	-0.010075
4311.13	-0.0103386
4309.2	-0.0102195
4307.27	-0.00997057
4305.34	-0.0100605
4303.42	-0.0100222
4301.49	-0.0101261
4299.56	-0.0102593
4297.63	-0.0101429
4295.7	-0.0101402
4293.78	-0.0102755
4291.85	-0.0101341
4289.92	-0.00996435
4287.99	-0.0100816
4286.06	-0.0101268
4284.14	-0.0100093
4282.21	-0.00988131
4280.28	-0.00991318
4278.35	-0.00991066
4276.42	-0.00982528
4274.5	-0.0098773
4272.57	-0.00979551
4270.64	-0.00979966
4268.71	-0.00982476
4266.78	-0.00985702
4264.86	-0.00986629
4262.93	-0.00984076
4261	-0.00980782
4259.07	-0.00970677
4257.14	-0.00956956
4255.22	-0.00951134
4253.29	-0.00950035
4251.36	-0.0096498
4249.43	-0.00972754
4247.5	-0.00963862
4245.58	-0.00952204
4243.65	-0.00951112
4241.72	-0.00955047
4239.79	-0.00959811
4237.86	-0.00955912
4235.94	-0.00947277
4234.01	-0.00948447
4232.08	-0.00948097
4230.15	-0.00943065
4228.22	-0.0094881
4226.3	-0.00959643
4224.37	-0.00970628
4222.44	-0.0096617
4220.51	-0.00951277
4218.58	-0.00934498
4216.66	-0.00938218
4214.73	-0.0094371
4212.8	-0.00933928
4210.87	-0.00920432
4208.94	-0.00917577
4207.02	-0.00923011
4205.09	-0.00926858
4203.16	-0.00941875
4201.23	-0.00949501
4199.3	-0.00951556
4197.38	-0.00941827
4195.45	-0.00922128
4193.52	-0.00926913
4191.59	-0.00931651
4189.66	-0.00919118
4187.74	-0.00918369
4185.81	-0.00932686
4183.88	-0.00935254
4181.95	-0.00926293
4180.02	-0.00917642
4178.1	-0.00912289
4176.17	-0.00917665
4174.24	-0.00905338
4172.31	-0.00901
4170.38	-0.0090121
4168.46	-0.00908275
4166.53	-0.00924253
4164.6	-0.00922923
4162.67	-0.00911594
4160.74	-0.00906591
4158.82	-0.00893502
4156.89	-0.00884494
4154.96	-0.00903002
4153.03	-0.00901084
4151.1	-0.00892597
4149.18	-0.00909294
4147.25	-0.00904141
4145.32	-0.00883166
4143.39	-0.00880179
4141.46	-0.00893408
4139.54	-0.00896086
4137.61	-0.00886185
4135.68	-0.00884724
4133.75	-0.00877153
4131.82	-0.00889513
4129.9	-0.00897008
4127.97	-0.00886711
4126.04	-0.00900454
4124.11	-0.00906133
4122.18	-0.00894232
4120.26	-0.00873788
4118.33	-0.00864532
4116.4	-0.00880542
4114.47	-0.00899575
4112.54	-0.0088775
4110.62	-0.00886971
4108.69	-0.00892626
4106.76	-0.00891428
4104.83	-0.00886585
4102.9	-0.00882221
4100.98	-0.00879179
4099.05	-0.00869008
4097.12	-0.00866468
4095.19	-0.00881581
4093.26	-0.00877909
4091.34	-0.00869719
4089.41	-0.00865682
4087.48	-0.00855875
4085.55	-0.00839755
4083.62	-0.00851915
4081.7	-0.00861879
4079.77	-0.0086234
4077.84	-0.00866345
4075.91	-0.00864422
4073.98	-0.00864448
4072.06	-0.00864032
4070.13	-0.00843298
4068.2	-0.00839495
4066.27	-0.00846164
4064.34	-0.00848646
4062.42	-0.00864954
4060.49	-0.00856194
4058.56	-0.00847746
4056.63	-0.00842628
4054.7	-0.00832452
4052.78	-0.00841328
4050.85	-0.00839411
4048.92	-0.00836109
4046.99	-0.00826201
4045.06	-0.00833908
4043.14	-0.00832654
4041.21	-0.00825248
4039.28	-0.00819864
4037.35	-0.00820729
4035.42	-0.00838926
4033.5	-0.00849705
4031.57	-0.00828606
4029.64	-0.00824751
4027.71	-0.00826737
4025.78	-0.00829916
4023.86	-0.00840191
4021.93	-0.00838793
4020	-0.00825687
4018.07	-0.00831448
4016.14	-0.00842485
4014.22	-0.00844448
4012.29	-0.00832949
4010.36	-0.00827621
4008.43	-0.00829578
4006.5	-0.00837155
4004.58	-0.00845065
4002.65	-0.00822625
4000.72	-0.00803776
3998.79	-0.00808427
3996.86	-0.0082504
3994.94	-0.00822283
3993.01	-0.00815491
3991.08	-0.00817816
3989.15	-0.00818037
3987.22	-0.00830482
3985.29	-0.00825411
3983.37	-0.00808971
3981.44	-0.00812684
3979.51	-0.00826513
3977.58	-0.00825931
3975.66	-0.00825391
3973.73	-0.00820505
3971.8	-0.00804677
3969.87	-0.00807442
3967.94	-0.00804739
3966.01	-0.00810896
3964.09	-0.00811933
3962.16	-0.00806967
3960.23	-0.00816935
3958.3	-0.008167
3956.38	-0.00827836
3954.45	-0.00828021
3952.52	-0.00828184
3950.59	-0.00826818
3948.66	-0.00832065
3946.73	-0.00820287
3944.81	-0.00803692
3942.88	-0.00817455
3940.95	-0.00820037
3939.02	-0.00811894
3937.09	-0.00810057
3935.17	-0.00814229
3933.24	-0.00818209
3931.31	-0.00830076
3929.38	-0.00827397
3927.45	-0.00812197
3925.53	-0.0081259
3923.6	-0.00815292
3921.67	-0.00816261
3919.74	-0.00831574
3917.81	-0.00833239
3915.89	-0.00822495
3913.96	-0.00820596
3912.03	-0.00831132
3910.1	-0.00833905
3908.17	-0.00827124
3906.25	-0.00808518
3904.32	-0.00795904
3902.39	-0.00804401
3900.46	-0.00813254
3898.53	-0.00819159
3896.61	-0.00821474
3894.68	-0.00811263
3892.75	-0.00798643
3890.82	-0.008023
3888.89	-0.00799258
3886.97	-0.00798373
3885.04	-0.00798572
3883.11	-0.00802781
3881.18	-0.00804921
3879.25	-0.00804785
3877.33	-0.00807513
3875.4	-0.00813036
3873.47	-0.00809943
3871.54	-0.00797534
3869.61	-0.00803493
3867.69	-0.0080523
3865.76	-0.00797622
3863.83	-0.00804947
3861.9	-0.00800514
3859.97	-0.00780865
3858.05	-0.00778974
3856.12	-0.00782138
3854.19	-0.00781649
3852.26	-0.00795641
3850.33	-0.00799736
3848.41	-0.00796584
3846.48	-0.00790028
3844.55	-0.00781744
3842.62	-0.00782105
3840.69	-0.00786794
3838.77	-0.00783143
3836.84	-0.0077044
3834.91	-0.00764935
3832.98	-0.00768136
3831.05	-0.00768741
3829.13	-0.00771869
3827.2	-0.00769923
3825.27	-0.0076252
3823.34	-0.00756486
3821.41	-0.00750814
3819.49	-0.00748769
3817.56	-0.0075913
3815.63	-0.00758994
3813.7	-0.00755444
3811.77	-0.00745342
3809.85	-0.00745873
3807.92	-0.00750986
3805.99	-0.00751358
3804.06	-0.00735795
3802.13	-0.00706935
3800.21	-0.00714272
3798.28	-0.00713141
3796.35	-0.00709833
3794.42	-0.00701125
3792.49	-0.0068683
3790.57	-0.00684491
3788.64	-0.00692602
3786.71	-0.00693942
3784.78	-0.00684165
3782.85	-0.00677269
3780.93	-0.00676943
3779	-0.00663217
3777.07	-0.00655724
3775.14	-0.00647884
3773.21	-0.00647551
3771.29	-0.00648817
3769.36	-0.00644531
3767.43	-0.0063966
3765.5	-0.00631739
3763.57	-0.0062589
3761.65	-0.00620938
3759.72	-0.006064
3757.79	-0.00606296
3755.86	-0.00613415
3753.93	-0.00613314
3752.01	-0.00608465
3750.08	-0.00604956
3748.15	-0.00590138
3746.22	-0.00568341
3744.29	-0.00552967
3742.37	-0.0055196
3740.44	-0.00551014
3738.51	-0.00548116
3736.58	-0.00555732
3734.65	-0.00550216
3732.73	-0.00537599
3730.8	-0.00535547
3728.87	-0.00521432
3726.94	-0.00508154
3725.01	-0.00510673
3723.09	-0.00495099
3721.16	-0.00473827
3719.23	-0.00453968
3717.3	-0.00429693
3715.37	-0.00422065
3713.45	-0.00410664
3711.52	-0.0040378
3709.59	-0.00396108
3707.66	-0.00361504
3705.73	-0.00317533
3703.81	-0.00266243
3701.88	-0.00213181
3699.95	-0.00188365
3698.02	-0.00180424
3696.09	-0.00172478
3694.17	-0.00171369
3692.24	-0.00169557
3690.31	-0.00170022
3688.38	-0.00187785
3686.45	-0.00201807
3684.53	-0.00181803
3682.6	-0.00164659
3680.67	-0.00155293
3678.74	-0.00129398
3676.81	-0.000910397
3674.89	-0.000511421
3672.96	-0.000340882
3671.03	-0.000186041
3669.1	0.000296353
3667.17	0.000830835
3665.25	0.00106936
3663.32	0.00149496
3661.39	0.00205526
3659.46	0.00256631
3657.53	0.0031899
3655.61	0.0036344
3653.68	0.00412758
3651.75	0.00486562
3649.82	0.0055444
3647.89	0.00621434
3645.97	0.00684572
3644.04	0.00751608
3642.11	0.00832063
3640.18	0.00899811
3638.25	0.00971053
3636.33	0.01052
3634.4	0.0115041
3632.47	0.0124659
3630.54	0.0134318
3628.61	0.0144082
3626.69	0.0154803
3624.76	0.0166738
3622.83	0.0179304
3620.9	0.0191249
3618.97	0.0203279
3617.05	0.0216576
3615.12	0.0229329
3613.19	0.0243362
3611.26	0.0258992
3609.33	0.0276455
3607.41	0.0293496
3605.48	0.0310824
3603.55	0.032946
3601.62	0.0348959
3599.69	0.0369773
3597.77	0.0390336
3595.84	0.0411621
3593.91	0.0433818
3591.98	0.0459614
3590.05	0.0485386
3588.12	0.0509671
3586.2	0.0538016
3584.27	0.0568671
3582.34	0.059778
3580.41	0.0627528
3578.49	0.0661495
3576.56	0.0697316
3574.63	0.0731399
3572.7	0.0768806
3570.77	0.0808229
3568.85	0.0849198
3566.92	0.0890711
3564.99	0.0935505
3563.06	0.0982989
3561.13	0.103016
3559.21	0.107952
3557.28	0.113122
3555.35	0.118686
3553.42	0.124405
3551.49	0.130152
3549.56	0.136292
3547.64	0.142719
3545.71	0.149156
3543.78	0.155875
3541.85	0.162926
3539.93	0.170347
3538	0.178066
3536.07	0.185869
3534.14	0.19386
3532.21	0.202221
3530.28	0.210765
3528.36	0.219123
3526.43	0.227851
3524.5	0.23705
3522.57	0.246247
3520.65	0.255563
3518.72	0.264816
3516.79	0.274124
3514.86	0.283602
3512.93	0.293205
3511	0.302388
3509.08	0.311483
3507.15	0.320787
3505.22	0.329875
3503.29	0.338662
3501.37	0.34714
3499.44	0.355137
3497.51	0.362908
3495.58	0.370385
3493.65	0.377393
3491.72	0.384036
3489.8	0.390642
3487.87	0.39657
3485.94	0.401839
3484.01	0.406831
3482.08	0.411292
3480.16	0.415107
3478.23	0.418519
3476.3	0.421662
3474.37	0.42436
3472.44	0.426508
3470.52	0.428061
3468.59	0.429235
3466.66	0.430502
3464.73	0.431279
3462.81	0.431241
3460.88	0.43122
3458.95	0.431082
3457.02	0.430465
3455.09	0.429696
3453.16	0.428829
3451.24	0.428147
3449.31	0.427312
3447.38	0.42606
3445.45	0.42443
3443.52	0.422698
3441.6	0.421354
3439.67	0.420305
3437.74	0.418958
3435.81	0.417394
3433.88	0.416018
3431.96	0.414472
3430.03	0.412803
3428.1	0.411048
3426.17	0.409197
3424.24	0.407441
3422.32	0.405663
3420.39	0.403883
3418.46	0.402017
3416.53	0.400228
3414.6	0.3985
3412.68	0.397279
3410.75	0.396065
3408.82	0.394746
3406.89	0.393742
3404.96	0.392877
3403.04	0.391595
3401.11	0.3902
3399.18	0.389417
3397.25	0.38884
3395.32	0.388121
3393.4	0.387455
3391.47	0.387058
3389.54	0.386683
3387.61	0.386025
3385.68	0.385377
3383.76	0.384843
3381.83	0.384206
3379.9	0.38424
3377.97	0.384553
3376.04	0.384335
3374.12	0.383888
3372.19	0.383476
3370.26	0.383374
3368.33	0.38308
3366.4	0.382945
3364.48	0.38301
3362.55	0.382806
3360.62	0.382714
3358.69	0.382525
3356.76	0.38226
3354.84	0.382309
3352.91	0.382444
3350.98	0.382366
3349.05	0.382149
3347.12	0.382115
3345.2	0.382213
3343.27	0.382192
3341.34	0.38202
3339.41	0.382076
3337.48	0.382207
3335.56	0.382365
3333.63	0.382503
3331.7	0.382433
3329.77	0.382551
3327.84	0.382836
3325.92	0.382991
3323.99	0.382994
3322.06	0.383238
3320.13	0.38373
3318.2	0.384181
3316.28	0.384833
3314.35	0.385486
3312.42	0.385938
3310.49	0.386435
3308.56	0.386951
3306.64	0.387769
3304.71	0.388823
3302.78	0.389663
3300.85	0.390357
3298.92	0.391006
3297	0.391826
3295.07	0.392695
3293.14	0.393543
3291.21	0.394612
3289.28	0.395869
3287.36	0.397239
3285.43	0.398422
3283.5	0.399475
3281.57	0.400636
3279.64	0.402021
3277.72	0.403372
3275.79	0.404841
3273.86	0.406414
3271.93	0.407686
3270	0.408944
3268.08	0.410642
3266.15	0.41229
3264.22	0.413838
3262.29	0.415328
3260.36	0.416936
3258.44	0.418673
3256.51	0.420247
3254.58	0.421937
3252.65	0.423671
3250.72	0.424912
3248.8	0.426128
3246.87	0.427609
3244.94	0.429185
3243.01	0.430699
3241.08	0.432316
3239.16	0.433703
3237.23	0.434663
3235.3	0.435709
3233.37	0.437375
3231.44	0.43885
3229.52	0.439672
3227.59	0.440469
3225.66	0.441566
3223.73	0.442521
3221.8	0.44335
3219.88	0.444102
3217.95	0.444781
3216.02	0.445664
3214.09	0.446467
3212.16	0.447204
3210.24	0.44773
3208.31	0.448213
3206.38	0.449148
3204.45	0.450018
3202.52	0.450225
3200.6	0.450146
3198.67	0.450498
3196.74	0.451058
3194.81	0.451276
3192.88	0.451207
3190.96	0.451105
3189.03	0.45118
3187.1	0.451364
3185.17	0.45135
3183.24	0.451343
3181.32	0.45097
3179.39	0.450707
3177.46	0.450598
3175.53	0.450408
3173.6	0.449835
3171.68	0.449156
3169.75	0.448537
3167.82	0.448041
3165.89	0.447421
3163.96	0.446749
3162.04	0.445835
3160.11	0.444701
3158.18	0.443493
3156.25	0.44234
3154.32	0.441026
3152.4	0.439518
3150.47	0.437832
3148.54	0.436399
3146.61	0.434713
3144.68	0.432831
3142.76	0.430939
3140.83	0.428881
3138.9	0.426734
3136.97	0.424421
3135.04	0.422031
3133.12	0.419476
3131.19	0.416689
3129.26	0.413753
3127.33	0.410818
3125.4	0.407845
3123.48	0.404447
3121.55	0.400916
3119.62	0.397386
3117.69	0.393777
3115.76	0.390043
3113.84	0.386001
3111.91	0.381468
3109.98	0.376676
3108.05	0.37212
3106.12	0.367556
3104.2	0.362511
3102.27	0.357042
3100.34	0.351435
3098.41	0.345906
3096.48	0.340173
3094.56	0.334133
3092.63	0.327711
3090.7	0.321136
3088.77	0.314468
3086.84	0.30762
3084.92	0.300665
3082.99	0.293562
3081.06	0.286263
3079.13	0.278734
3077.2	0.271086
3075.28	0.263547
3073.35	0.255809
3071.42	0.248079
3069.49	0.24055
3067.56	0.232975
3065.63	0.225178
3063.71	0.217436
3061.78	0.209962
3059.85	0.202535
3057.92	0.195265
3055.99	0.188267
3054.07	0.181444
3052.14	0.174763
3050.21	0.168211
3048.28	0.162034
3046.35	0.156221
3044.43	0.150439
3042.5	0.144874
3040.57	0.139565
3038.64	0.134409
3036.71	0.129617
3034.79	0.125074
3032.86	0.120921
3030.93	0.116788
3029	0.112747
3027.07	0.108859
3025.15	0.105267
3023.22	0.102059
3021.29	0.099067
3019.36	0.0961664
3017.43	0.0933857
3015.51	0.0906899
3013.58	0.0881264
3011.65	0.0857128
3009.72	0.0833696
3007.79	0.0812296
3005.87	0.0792956
3003.94	0.0774109
3002.01	0.0756546
3000.08	0.0739281
2998.15	0.0722882
2996.23	0.070806
2994.3	0.069421
2992.37	0.0682006
2990.44	0.06699
2988.51	0.0657324
2986.59	0.0646032
2984.66	0.0635049
2982.73	0.0623315
2980.8	0.0613528
2978.87	0.0605147
2976.95	0.0597955
2975.02	0.0590023
2973.09	0.0582065
2971.16	0.0575853
2969.23	0.0568503
2967.31	0.0559326
2965.38	0.0552251
2963.45	0.0547757
2961.52	0.0543558
2959.59	0.0538754
2957.67	0.0532879
2955.74	0.0525654
2953.81	0.0519434
2951.88	0.0514833
2949.95	0.0510395
2948.03	0.0505832
2946.1	0.0501732
2944.17	0.0497231
2942.24	0.0493681
2940.31	0.0489671
2938.39	0.0486064
2936.46	0.0482481
2934.53	0.0478743
2932.6	0.0475489
2930.67	0.0471185
2928.75	0.0467789
2926.82	0.0464405
2924.89	0.0461375
2922.96	0.0458007
2921.03	0.0454456
2919.11	0.0450762
2917.18	0.0448025
2915.25	0.0445039
2913.32	0.0441318
2911.39	0.0438506
2909.47	0.0435973
2907.54	0.0433755
2905.61	0.0430295
2903.68	0.0426225
2901.75	0.0423322
2899.83	0.0421003
2897.9	0.0419065
2895.97	0.0415966
2894.04	0.041134
2892.11	0.0409513
2890.19	0.0407471
2888.26	0.0403986
2886.33	0.0400224
2884.4	0.0397399
2882.47	0.0394355
2880.55	0.0391302
2878.62	0.0388346
2876.69	0.0384751
2874.76	0.0381702
2872.83	0.0378745
2870.91	0.0376019
2868.98	0.0373656
2867.05	0.0369611
2865.12	0.0365927
2863.19	0.0363766
2861.27	0.0360627
2859.34	0.0356376
2857.41	0.0352528
2855.48	0.0350455
2853.55	0.0348153
2851.63	0.0344828
2849.7	0.0340878
2847.77	0.0336129
2845.84	0.0333443
2843.91	0.0331498
2841.99	0.0327955
2840.06	0.0324976
2838.13	0.0321397
2836.2	0.0317021
2834.27	0.0313273
2832.35	0.0311223
2830.42	0.0309087
2828.49	0.0305294
2826.56	0.0302515
2824.63	0.0299079
2822.71	0.0294414
2820.78	0.0291749
2818.85	0.028944
2816.92	0.0286541
2814.99	0.0283133
2813.07	0.0279599
2811.14	0.0276711
2809.21	0.0272281
2807.28	0.0268615
2805.35	0.0266473
2803.43	0.0263035
2801.5	0.0259097
2799.57	0.0256067
2797.64	0.0253341
2795.71	0.0250342
2793.79	0.0247439
2791.86	0.024387
2789.93	0.0239822
2788	0.0236351
2786.07	0.0233793
2784.15	0.023173
2782.22	0.0228579
2780.29	0.0223995
2778.36	0.0221129
2776.43	0.0219547
2774.51	0.0217389
2772.58	0.021329
2770.65	0.0209483
2768.72	0.0207451
2766.79	0.0204762
2764.87	0.0200704
2762.94	0.0196336
2761.01	0.0193605
2759.08	0.0192221
2757.15	0.0189576
2755.23	0.0186468
2753.3	0.0184137
2751.37	0.0180961
2749.44	0.0178423
2747.51	0.0176475
2745.59	0.0173507
2743.66	0.0169976
2741.73	0.0168156
2739.8	0.0166815
2737.87	0.0163939
2735.95	0.0160627
2734.02	0.0158791
2732.09	0.0156437
2730.16	0.0153567
2728.23	0.0150502
2726.31	0.0147712
2724.38	0.0145932
2722.45	0.0143915
2720.52	0.0142858
2718.59	0.0141124
2716.67	0.0138242
2714.74	0.0136454
2712.81	0.0134192
2710.88	0.0131744
2708.95	0.0130139
2707.02	0.0128068
2705.1	0.0126066
2703.17	0.0124693
2701.24	0.0122852
2699.31	0.0121106
2697.39	0.0119268
2695.46	0.0116865
2693.53	0.0115714
2691.6	0.0113339
2689.67	0.0112175
2687.75	0.0112717
2685.82	0.0111627
2683.89	0.0110551
2681.96	0.0108473
2680.03	0.0107149
2678.11	0.0106605
2676.18	0.0105023
2674.25	0.0101994
2672.32	0.00993473
2670.39	0.00995625
2668.46	0.0100853
2666.54	0.0100817
2664.61	0.00991513
2662.68	0.00968861
2660.75	0.00954392
2658.83	0.00939797
2656.9	0.00930791
2654.97	0.00917858
2653.04	0.00925402
2651.11	0.00927924
2649.19	0.00909243
2647.26	0.00892282
2645.33	0.00886177
2643.4	0.00868464
2641.47	0.00864482
2639.55	0.00882985
2637.62	0.00894257
2635.69	0.0088218
2633.76	0.00870306
2631.83	0.00862062
2629.9	0.00853735
2627.98	0.00847896
2626.05	0.008457
2624.12	0.00852623
2622.19	0.00853982
2620.27	0.00841447
2618.34	0.00848984
2616.41	0.0085849
2614.48	0.00845589
2612.55	0.00830813
2610.62	0.0083917
2608.7	0.00843163
2606.77	0.00839498
2604.84	0.00829942
2602.91	0.0082255
2600.98	0.00806861
2599.06	0.00804143
2597.13	0.00811445
2595.2	0.00821419
2593.27	0.00823417
2591.34	0.00819109
2589.42	0.00819872
2587.49	0.00815868
2585.56	0.00814574
2583.63	0.00817397
2581.71	0.00814439
2579.78	0.0081475
2577.85	0.00832147
2575.92	0.0083332
2573.99	0.00822259
2572.06	0.00815922
2570.14	0.008197
2568.21	0.00830107
2566.28	0.00833546
2564.35	0.0082821
2562.42	0.00831786
2560.5	0.00857523
2558.57	0.00870489
2556.64	0.00861711
2554.71	0.00853259
2552.78	0.00849565
2550.86	0.00845119
2548.93	0.00858101
2547	0.00871848
2545.07	0.00873673
2543.15	0.00872095
2541.22	0.00874978
2539.29	0.00887192
2537.36	0.00889792
2535.43	0.00897727
2533.5	0.00910519
2531.58	0.00914535
2529.65	0.00913277
2527.72	0.00914292
2525.79	0.00923121
2523.86	0.00923896
2521.94	0.0092762
2520.01	0.00930978
2518.08	0.00930145
2516.15	0.00937698
2514.22	0.00949265
2512.3	0.00963393
2510.37	0.00983287
2508.44	0.00994524
2506.51	0.00987842
2504.58	0.00978555
2502.66	0.00985541
2500.73	0.0098694
2498.8	0.00995554
2496.87	0.0101368
2494.94	0.0102355
2493.02	0.0101855
2491.09	0.0102036
2489.16	0.010214
2487.23	0.0103319
2485.3	0.0106233
2483.38	0.0107172
2481.45	0.0106851
2479.52	0.0107808
2477.59	0.0109886
2475.66	0.0110262
2473.74	0.0110673
2471.81	0.0112309
2469.88	0.0113601
2467.95	0.0114396
2466.02	0.0114712
2464.1	0.0115907
2462.17	0.0116502
2460.24	0.0115497
2458.31	0.0115832
2456.38	0.0118026
2454.46	0.0119843
2452.53	0.0119567
2450.6	0.0119811
2448.67	0.0120674
2446.74	0.0122091
2444.82	0.0122945
2442.89	0.0123986
2440.96	0.0124459
2439.03	0.0125529
2437.1	0.0127162
2435.18	0.0127581
2433.25	0.0128267
2431.32	0.0130265
2429.39	0.0130254
2427.46	0.013057
2425.54	0.0132114
2423.61	0.0133052
2421.68	0.0133238
2419.75	0.0135083
2417.82	0.0137428
2415.9	0.0138371
2413.97	0.0138597
2412.04	0.0140738
2410.11	0.0142085
2408.18	0.0141819
2406.26	0.0142999
2404.33	0.0143386
2402.4	0.0144217
2400.47	0.0143904
2398.54	0.0144126
2396.62	0.014557
2394.69	0.0147062
2392.76	0.0149318
2390.83	0.0150955
2388.9	0.015117
2386.98	0.0151731
2385.05	0.0152313
2383.12	0.0153518
2381.19	0.0154413
2379.26	0.0155541
2377.34	0.015685
2375.41	0.0157942
2373.48	0.0159732
2371.55	0.0161498
2369.62	0.0162384
2367.7	0.0163771
2365.77	0.0165556
2363.84	0.0167227
2361.91	0.0168563
2359.98	0.0170143
2358.06	0.0171815
2356.13	0.0172718
2354.2	0.0172548
2352.27	0.0173991
2350.34	0.0175934
2348.42	0.0176696
2346.49	0.018121
2344.56	0.0187505
2342.63	0.0190914
2340.7	0.0189728
2338.78	0.0185174
2336.85	0.0183229
2334.92	0.0185758
2332.99	0.0187825
2331.06	0.0189503
2329.14	0.0192591
2327.21	0.0194144
2325.28	0.0194531
2323.35	0.0195132
2321.42	0.0196104
2319.5	0.0197804
2317.57	0.0200339
2315.64	0.020153
2313.71	0.0202873
2311.78	0.0204033
2309.86	0.0205448
2307.93	0.0207046
2306	0.0208756
2304.07	0.0211349
2302.14	0.0213884
2300.22	0.0214361
2298.29	0.0215758
2296.36	0.0218448
2294.43	0.0221457
2292.5	0.0222112
2290.58	0.0223217
2288.65	0.0225495
2286.72	0.0226664
2284.79	0.0226648
2282.86	0.0228195
2280.94	0.0231001
2279.01	0.0232668
2277.08	0.0233587
2275.15	0.023549
2273.22	0.0238627
2271.3	0.0241387
2269.37	0.0242492
2267.44	0.0243202
2265.51	0.0245051
2263.58	0.0246606
2261.66	0.0247882
2259.73	0.0248972
2257.8	0.025012
2255.87	0.0251696
2253.94	0.0253021
2252.02	0.0253532
2250.09	0.0254787
2248.16	0.0256916
2246.23	0.025759
2244.3	0.0258019
2242.38	0.0258105
2240.45	0.0258611
2238.52	0.0260579
2236.59	0.0261797
2234.66	0.0260422
2232.74	0.0261157
2230.81	0.0262768
2228.88	0.0263101
2226.95	0.0261671
2225.02	0.0261414
2223.1	0.0262681
2221.17	0.0261975
2219.24	0.0259458
2217.31	0.0257032
2215.38	0.0256256
2213.46	0.0257634
2211.53	0.0258354
2209.6	0.0256301
2207.67	0.0255186
2205.74	0.0254599
2203.81	0.0252117
2201.89	0.0248764
2199.96	0.0247646
2198.03	0.0247354
2196.1	0.024527
2194.18	0.0243067
2192.25	0.0242285
2190.32	0.0240134
2188.39	0.0236191
2186.46	0.0233848
2184.54	0.0232636
2182.61	0.0230269
2180.68	0.0227779
2178.75	0.0225999
2176.82	0.0224924
2174.9	0.0221997
2172.97	0.0218305
2171.04	0.0215093
2169.11	0.0211944
2167.18	0.0209527
2165.25	0.0207295
2163.33	0.0205606
2161.4	0.0202132
2159.47	0.0199873
2157.54	0.0199038
2155.62	0.0196196
2153.69	0.0192551
2151.76	0.0189671
2149.83	0.0187516
2147.9	0.0185798
2145.98	0.0183138
2144.05	0.0178829
2142.12	0.0176267
2140.19	0.0174457
2138.26	0.0172116
2136.33	0.0170331
2134.41	0.0168135
2132.48	0.0165228
2130.55	0.0164377
2128.62	0.0163584
2126.69	0.016015
2124.77	0.0156085
2122.84	0.0155161
2120.91	0.0153075
2118.98	0.0151228
2117.05	0.0149801
2115.13	0.0147358
2113.2	0.0145121
2111.27	0.0142848
2109.34	0.01409
2107.41	0.0140132
2105.49	0.0138799
2103.56	0.0136363
2101.63	0.0135752
2099.7	0.0134062
2097.77	0.0130952
2095.85	0.0130029
2093.92	0.0130085
2091.99	0.0127049
2090.06	0.0125118
2088.13	0.0124944
2086.21	0.0123929
2084.28	0.0122129
2082.35	0.0119346
2080.42	0.0118849
2078.49	0.0119173
2076.57	0.011702
2074.64	0.011369
2072.71	0.0113291
2070.78	0.0115145
2068.85	0.0115462
2066.93	0.0113912
2065	0.011188
2063.07	0.0111452
2061.14	0.0111384
2059.21	0.011079
2057.29	0.0109297
2055.36	0.0109546
2053.43	0.0110056
2051.5	0.0108857
2049.57	0.0107499
2047.65	0.0106953
2045.72	0.0106197
2043.79	0.0104371
2041.86	0.0102984
2039.93	0.0103434
2038.01	0.010327
2036.08	0.0102612
2034.15	0.0102325
2032.22	0.0102829
2030.29	0.0102584
2028.37	0.0101078
2026.44	0.0100977
2024.51	0.0100191
2022.58	0.009945
2020.65	0.00996771
2018.73	0.00998751
2016.8	0.0098773
2014.87	0.00976797
2012.94	0.0098005
2011.01	0.00970934
2009.09	0.00951023
2007.16	0.0096071
2005.23	0.00983446
2003.3	0.00984869
2001.37	0.00973672
1999.45	0.00974889
1997.52	0.00973571
1995.59	0.00969068
1993.66	0.0096776
1991.73	0.00955856
1989.81	0.00953061
1987.88	0.00974364
1985.95	0.00967811
1984.02	0.00971741
1982.09	0.00982846
1980.17	0.00973161
1978.24	0.00965087
1976.31	0.0096693
1974.38	0.00961225
1972.45	0.00966625
1970.53	0.00975204
1968.6	0.00983419
1966.67	0.00978545
1964.74	0.00978037
1962.81	0.00990201
1960.89	0.00993232
1958.96	0.00997198
1957.03	0.0101179
1955.1	0.00997527
1953.17	0.00987876
1951.25	0.0101075
1949.32	0.0101532
1947.39	0.0100214
1945.46	0.00997927
1943.53	0.0099909
1941.61	0.0101347
1939.68	0.0101963
1937.75	0.0100881
1935.82	0.0102906
1933.89	0.0104256
1931.97	0.0102787
1930.04	0.0102256
1928.11	0.0104044
1926.18	0.0105643
1924.25	0.0105185
1922.33	0.0104304
1920.4	0.0105982
1918.47	0.0108003
1916.54	0.010691
1914.61	0.0106713
1912.69	0.0109288
1910.76	0.0110174
1908.83	0.0109082
1906.9	0.0109499
1904.97	0.0109665
1903.05	0.0111777
1901.12	0.0113545
1899.19	0.0114608
1897.26	0.0114663
1895.33	0.0115076
1893.41	0.0116412
1891.48	0.0117965
1889.55	0.0117852
1887.62	0.0116909
1885.69	0.0117963
1883.77	0.0120899
1881.84	0.0122569
1879.91	0.0121147
1877.98	0.0119846
1876.05	0.0121434
1874.13	0.0124323
1872.2	0.0126028
1870.27	0.012768
1868.34	0.0128744
1866.41	0.0129022
1864.49	0.012962
1862.56	0.0129341
1860.63	0.0131686
1858.7	0.0133082
1856.77	0.0133923
1854.85	0.0135856
1852.92	0.0137239
1850.99	0.0138951
1849.06	0.0140171
1847.13	0.0141046
1845.21	0.0144958
1843.28	0.0145145
1841.35	0.0144879
1839.42	0.0146893
1837.49	0.0148789
1835.57	0.0150436
1833.64	0.0151675
1831.71	0.0153249
1829.78	0.0155649
1827.85	0.0157494
1825.93	0.0158746
1824	0.0161663
1822.07	0.0164657
1820.14	0.0164889
1818.21	0.0166331
1816.29	0.0168374
1814.36	0.0171561
1812.43	0.0174595
1810.5	0.0175753
1808.57	0.0179035
1806.65	0.01816
1804.72	0.0181348
1802.79	0.0184215
1800.86	0.0187713
1798.93	0.0190627
1797.01	0.0193269
1795.08	0.01953
1793.15	0.0197838
1791.22	0.0200485
1789.29	0.0204486
1787.37	0.0208862
1785.44	0.0212703
1783.51	0.0215349
1781.58	0.021809
1779.65	0.022227
1777.73	0.0227608
1775.8	0.023245
1773.87	0.0237255
1771.94	0.0240696
1770.01	0.0244085
1768.08	0.0249543
1766.16	0.025626
1764.23	0.026198
1762.3	0.0267208
1760.37	0.0271886
1758.45	0.0278148
1756.52	0.0285752
1754.59	0.0293221
1752.66	0.0301131
1750.73	0.0307741
1748.81	0.0316615
1746.88	0.0326422
1744.95	0.0334888
1743.02	0.0341728
1741.09	0.0351285
1739.17	0.0362471
1737.24	0.037303
1735.31	0.0383357
1733.38	0.0395966
1731.45	0.0407076
1729.52	0.041684
1727.6	0.0427177
1725.67	0.0437623
1723.74	0.0449802
1721.81	0.0462543
1719.89	0.0475764
1717.96	0.0489835
1716.03	0.0500583
1714.1	0.0510954
1712.17	0.0521221
1710.24	0.0530393
1708.32	0.0540935
1706.39	0.0549888
1704.46	0.055748
1702.53	0.0565802
1700.6	0.0574457
1698.68	0.0582124
1696.75	0.0588201
1694.82	0.0593013
1692.89	0.0597104
1690.96	0.0601472
1689.04	0.0606961
1687.11	0.0612109
1685.18	0.0612519
1683.25	0.0612997
1681.33	0.0614483
1679.4	0.0615088
1677.47	0.0616379
1675.54	0.0618611
1673.61	0.0618876
1671.68	0.0618129
1669.76	0.0617671
1667.83	0.06158
1665.9	0.0615869
1663.97	0.061661
1662.04	0.061794
1660.12	0.0621015
1658.19	0.0623999
1656.26	0.0626432
1654.33	0.0629713
1652.4	0.0633635
1650.48	0.0635705
1648.55	0.0638325
1646.62	0.0641309
1644.69	0.0641866
1642.76	0.0638286
1640.84	0.0637887
1638.91	0.0638723
1636.98	0.0639389
1635.05	0.0638459
1633.12	0.063666
1631.2	0.0633463
1629.27	0.0628244
1627.34	0.0620362
1625.41	0.0611472
1623.48	0.0600327
1621.56	0.0588298
1619.63	0.0579611
1617.7	0.0573481
1615.77	0.0564002
1613.84	0.0556729
1611.92	0.0553381
1609.99	0.054696
1608.06	0.0540706
1606.13	0.0536246
1604.2	0.0531015
1602.28	0.0527049
1600.35	0.0524364
1598.42	0.0520851
1596.49	0.0518374
1594.56	0.0516431
1592.64	0.0513915
1590.71	0.0509647
1588.78	0.0505721
1586.85	0.0503586
1584.92	0.0500857
1583	0.0498344
1581.07	0.0498389
1579.14	0.0496086
1577.21	0.0491023
1575.28	0.0488238
1573.36	0.0485411
1571.43	0.0483627
1569.5	0.0481662
1567.57	0.0477323
1565.64	0.0476801
1563.72	0.0477419
1561.79	0.0476288
1559.86	0.0474518
1557.93	0.0471842
1556	0.0468982
1554.08	0.0466423
1552.15	0.0462351
1550.22	0.045993
1548.29	0.0458272
1546.36	0.0454488
1544.44	0.0451417
1542.51	0.04525
1540.58	0.0453572
1538.65	0.0453002
1536.72	0.0450117
1534.8	0.0445808
1532.87	0.0443036
1530.94	0.0440602
1529.01	0.0440156
1527.08	0.0439964
1525.16	0.0438973
1523.23	0.0438009
1521.3	0.043636
1519.37	0.0434898
1517.44	0.0432525
1515.52	0.0429017
1513.59	0.0427352
1511.66	0.0426274
1509.73	0.0422329
1507.8	0.042108
1505.88	0.0423364
1503.95	0.042238
1502.02	0.0419226
1500.09	0.0417258
1498.16	0.0415942
1496.24	0.0414511
1494.31	0.0411037
1492.38	0.0407423
1490.45	0.0408045
1488.52	0.040731
1486.6	0.0405424
1484.67	0.0405081
1482.74	0.0403866
1480.81	0.0400753
1478.88	0.0398905
1476.96	0.0399135
1475.03	0.0397039
1473.1	0.0395897
1471.17	0.0393534
1469.24	0.0389502
1467.32	0.0387377
1465.39	0.0386462
1463.46	0.0384793
1461.53	0.0383839
1459.6	0.0385391
1457.68	0.03857
1455.75	0.0382114
1453.82	0.0380922
1451.89	0.038222
1449.96	0.0381296
1448.04	0.0378471
1446.11	0.0372574
1444.18	0.0370858
1442.25	0.0372721
1440.32	0.0372673
1438.4	0.0371429
1436.47	0.0367553
1434.54	0.0365944
1432.61	0.0365301
1430.68	0.0363781
1428.76	0.0362201
1426.83	0.0361234
1424.9	0.0360784
1422.97	0.0359395
1421.04	0.0357518
1419.12	0.0356133
1417.19	0.0353579
1415.26	0.0353882
1413.33	0.0353891
1411.4	0.0351303
1409.48	0.034958
1407.55	0.0348086
1405.62	0.0346186
1403.69	0.0344857
1401.76	0.0344737
1399.84	0.0343451
1397.91	0.0340779
1395.98	0.033816
1394.05	0.0336425
1392.12	0.0336768
1390.2	0.0337346
1388.27	0.0336745
1386.34	0.0333858
1384.41	0.0328722
1382.48	0.0326324
1380.56	0.0328019
1378.63	0.0330059
1376.7	0.0329567
1374.77	0.0327277
1372.84	0.0325435
1370.92	0.0325161
1368.99	0.0324262
1367.06	0.0322771
1365.13	0.032277
1363.2	0.0320901
1361.28	0.0319422
1359.35	0.0318476
1357.42	0.0316851
1355.49	0.0313987
1353.56	0.0310612
1351.64	0.0310968
1349.71	0.031167
1347.78	0.0313848
1345.85	0.0312252
1343.92	0.0306613
1342	0.0306998
1340.07	0.0306868
1338.14	0.0303209
1336.21	0.0304476
1334.28	0.0306319
1332.36	0.0303765
1330.43	0.0300491
1328.5	0.0299849
1326.57	0.0301304
1324.64	0.0296888
1322.72	0.0293981
1320.79	0.0295087
1318.86	0.0295858
1316.93	0.0295133
1315	0.0295053
1313.08	0.0296248
1311.15	0.0295323
1309.22	0.0294734
1307.29	0.0293191
1305.36	0.0289767
1303.44	0.0287355
1301.51	0.0285821
1299.58	0.0287604
1297.65	0.0287593
1295.72	0.0287032
1293.8	0.028934
1291.87	0.0285898
1289.94	0.0282907
1288.01	0.0281449
1286.08	0.028126
1284.15	0.0283172
1282.23	0.0283875
1280.3	0.0284034
1278.37	0.02813
1276.44	0.0279412
1274.52	0.0280085
1272.59	0.0279844
1270.66	0.0278892
1268.73	0.0276153
1266.8	0.0273556
1264.88	0.0276301
1262.95	0.0276622
1261.02	0.0272993
1259.09	0.0272083
1257.16	0.0272898
1255.24	0.0274265
1253.31	0.0271576
1251.38	0.0267888
1249.45	0.0266812
1247.52	0.0268696
1245.59	0.0272264
1243.67	0.0268908
1241.74	0.0265622
1239.81	0.026819
1237.88	0.0268312
1235.96	0.0269529
1234.03	0.0269783
1232.1	0.0268673
1230.17	0.0266542
1228.24	0.0264929
1226.31	0.0264031
1224.39	0.0265505
1222.46	0.0268696
1220.53	0.0270347
1218.6	0.0267808
1216.68	0.0263656
1214.75	0.026467
1212.82	0.0265325
1210.89	0.026461
1208.96	0.0267368
1207.03	0.0269781
1205.11	0.0270751
1203.18	0.0270913
1201.25	0.0270109
1199.32	0.0269935
1197.39	0.0269753
1195.47	0.0269044
1193.54	0.0273273
1191.61	0.0277534
1189.68	0.0278213
1187.75	0.0279742
1185.83	0.0280026
1183.9	0.028039
1181.97	0.0284233
1180.04	0.0288206
1178.11	0.0290136
1176.19	0.029649
1174.26	0.0303107
1172.33	0.0303351
1170.4	0.0309159
1168.47	0.0318112
1166.55	0.0326461
1164.62	0.0332247
1162.69	0.0335323
1160.76	0.0339932
1158.83	0.0347878
1156.91	0.0358215
1154.98	0.0371463
1153.05	0.0382329
1151.12	0.0393069
1149.19	0.0405577
1147.27	0.041406
1145.34	0.0423956
1143.41	0.0442303
1141.48	0.0455343
1139.55	0.0464424
1137.63	0.0474707
1135.7	0.0485534
1133.77	0.0496546
1131.84	0.0509235
1129.91	0.0518419
1127.99	0.052925
1126.06	0.0536146
1124.13	0.0538084
1122.2	0.0543657
1120.27	0.0553523
1118.35	0.0551926
1116.42	0.0544441
1114.49	0.0550622
1112.56	0.0552135
1110.63	0.0547982
1108.71	0.0541387
1106.78	0.0535261
1104.85	0.0524747
1102.92	0.0512181
1100.99	0.049783
1099.07	0.0493522
1097.14	0.0483596
1095.21	0.045971
1093.28	0.0445492
1091.35	0.0434947
1089.43	0.0416677
1087.5	0.0400031
1085.57	0.0390093
1083.64	0.0381917
1081.71	0.0371002
1079.79	0.0358873
1077.86	0.0345338
1075.93	0.0336139
1074	0.0326832
1072.07	0.0319833
1070.15	0.031926
1068.22	0.031707
1066.29	0.0314544
1064.36	0.0310059
1062.43	0.0307934
1060.51	0.0301231
1058.58	0.0298669
1056.65	0.0300811
1054.72	0.029935
1052.79	0.0297772
1050.87	0.0302113
1048.94	0.0310087
1047.01	0.031397
1045.08	0.0313511
1043.15	0.0312653
1041.23	0.0309896
1039.3	0.0311542
1037.37	0.0316486
1035.44	0.0322931
1033.51	0.0331777
1031.59	0.0339011
1029.66	0.0342298
1027.73	0.0347612
1025.8	0.03523
1023.87	0.0357911
1021.95	0.0358859
1020.02	0.0360074
1018.09	0.0371631
1016.16	0.0382583
1014.23	0.0389813
1012.31	0.0399229
1010.38	0.0405435
1008.45	0.0411112
1006.52	0.0420607
1004.59	0.0432074
1002.67	0.044128
1000.74	0.0451449
998.81	0.0463245
996.882	0.0473312
994.954	0.0484782
993.026	0.0500545
991.098	0.051765
989.17	0.0534782
987.242	0.0548002
985.314	0.0563976
983.386	0.0583742
981.458	0.0605586
979.53	0.0628317
977.602	0.0648317
975.673	0.0664534
973.746	0.0685386
971.817	0.0712055
969.89	0.074182
967.962	0.0766468
966.034	0.078886
964.106	0.0808535
962.178	0.083215
960.25	0.0862356
958.322	0.0896614
956.394	0.0927834
954.465	0.0954863
952.538	0.0981187
950.609	0.101102
948.682	0.103825
946.754	0.106423
944.826	0.109224
942.898	0.112058
940.97	0.114769
939.042	0.117472
937.113	0.120208
935.186	0.12286
933.257	0.125324
931.33	0.127526
929.401	0.129095
927.474	0.13112
925.546	0.132749
923.618	0.133987
921.69	0.136244
919.761	0.138547
917.833	0.139638
915.905	0.140283
913.978	0.141849
912.049	0.143805
910.122	0.145121
908.193	0.145533
906.266	0.145351
904.338	0.146208
902.409	0.147372
900.481	0.148376
898.553	0.149135
896.625	0.149369
894.697	0.149113
892.77	0.14952
890.841	0.149691
888.914	0.149734
886.985	0.150311
885.058	0.151633
883.129	0.151382
881.201	0.150529
879.273	0.14958
877.345	0.149305
875.417	0.149217
873.489	0.148812
871.562	0.148908
869.633	0.148544
867.706	0.147968
865.777	0.147507
863.849	0.14703
861.921	0.146406
859.993	0.145688
858.065	0.144474
856.137	0.14326
854.209	0.14283
852.281	0.142472
850.354	0.141156
848.425	0.140282
846.497	0.139793
844.569	0.138782
842.641	0.138411
840.713	0.138097
838.785	0.137184
836.857	0.135833
834.929	0.134635
833.001	0.133712
831.073	0.132465
829.145	0.131104
827.217	0.130396
825.289	0.129244
823.361	0.128426
821.433	0.127682
819.505	0.126463
817.577	0.125022
815.649	0.123941
813.721	0.123229
811.793	0.12316
809.865	0.122505
807.937	0.120666
806.009	0.118905
804.081	0.117421
802.153	0.116858
800.225	0.116622
798.297	0.115258
796.369	0.114303
794.441	0.113352
792.513	0.112311
790.585	0.111358
788.657	0.110602
786.729	0.1097
784.801	0.108189
782.873	0.106742
780.945	0.105593
779.017	0.104035
777.089	0.101924
775.161	0.100285
773.232	0.0989888
771.305	0.0978936
769.377	0.0974655
767.449	0.0964863
765.521	0.0959256
763.593	0.0944035
761.665	0.092808
759.737	0.0915975
757.809	0.0906551
755.881	0.0892272
753.953	0.0878184
752.024	0.0871649
750.097	0.0865873
748.169	0.0851175
746.241	0.0834815
744.313	0.082715
742.385	0.0820442
740.457	0.0800195
738.529	0.0790577
736.601	0.0782613
734.672	0.0769053
732.745	0.0766021
730.816	0.0751779
728.889	0.0727132
726.961	0.071244
725.033	0.0705065
723.105	0.0702062
721.177	0.0693879
719.249	0.0682935
717.32	0.0674229
715.393	0.0664914
713.464	0.065835
711.537	0.066214
709.608	0.064883
707.681	0.0625579
705.752	0.0622026
703.825	0.0615473
701.897	0.0594652
699.968	0.0587295
698.041	0.0588396
696.112	0.0589011
694.185	0.0579076
692.256	0.0567529
690.329	0.0559793
688.4	0.0552381
686.473	0.0540339
684.544	0.0534961
682.617	0.0529676
680.688	0.052528
678.76	0.0511147
676.833	0.0505965
674.904	0.0511601
672.977	0.0507429
671.048	0.0493658
669.121	0.0481386
667.192	0.0480081
665.265	0.0483123
663.336	0.0474857
661.408	0.046623
659.48	0.0454105
657.552	0.0444637
655.625	0.0443991
653.696	0.0434225
651.769	0.0409215
649.84	0.040554
647.913	0.0412787
645.984	0.0414772
644.056	0.0405424
642.128	0.0391835
640.2	0.0389663
638.272	0.0384349
636.344	0.0369199
634.417	0.0375985
632.488	0.0385856
630.561	0.0375952
628.632	0.0364587
626.704	0.0367927
624.776	0.0353688
622.848	0.0347601
620.92	0.0344458
618.992	0.0340667
617.064	0.0335156
615.136	0.0329511
613.208	0.0315929
611.28	0.0312222
609.353	0.0317872
607.424	0.0313246
605.496	0.0310304
603.568	0.0309645
601.64	0.0308257
599.712	0.0309226
597.784	0.0306056
595.856	0.0291418
593.928	0.0281464
592	0.0298189
590.072	0.0307222
588.144	0.0290963
586.216	0.0267398
584.288	0.0270494
582.36	0.027273
580.432	0.0263188
578.504	0.0260786
576.576	0.0263531
574.648	0.0258912
572.72	0.0257428
570.792	0.0256266
568.864	0.0254524
566.936	0.0249365
565.008	0.024733
563.08	0.0228742
561.152	0.0233972
559.224	0.0248594
557.296	0.0242885
555.368	0.0233969
553.44	0.0229094
551.512	0.022356
549.583	0.0229309
547.656	0.0227867
545.728	0.0209559
543.8	0.0210449
541.872	0.0230223
539.944	0.0217331
538.016	0.0210065
536.088	0.0221006
534.16	0.0239349
532.231	0.0238154
530.304	0.0221751
528.375	0.0203836
526.448	0.0203877
524.52	0.0188708
522.592	0.0175233
520.664	0.0183979
518.736	0.0196439
516.808	0.0205192
514.879	0.0187151
512.952	0.0172589
511.023	0.0174213
509.096	0.0156872
507.167	0.0128547
505.24	0.0158028
503.312	0.0166191
501.384	0.0153577
499.456	0.0149496
497.527	0.0126801
495.6	0.0117737
493.671	0.0108513
491.744	0.0122459
489.815	0.0123747
487.888	0.011501
485.959	0.0124935
484.032	0.0135982
482.104	0.0122801
480.176	0.0131476
478.248	0.0159755
476.319	0.0169307
474.392	0.011193
472.463	0.0127644
470.536	0.0170724
468.607	0.0123564
466.68	0.006885
464.751	0.00785661
462.824	0.0109162
460.895	0.0103283
458.967	0.00600791
457.04	0.00813396
455.111	0.0109578
453.184	0.0106968
451.255	0.00340758
449.328	0.00283864
447.399	0.00603143
445.472	0.00818285
443.543	0.00780789
441.615	0.00127511
439.687	-0.00424982
437.759	0.000233956
435.832	0.0102097
433.903	0.0206613
431.976	0.0329869
430.047	0.0402966
428.12	0.0289389
426.191	0.020168
424.263	0.0173237
422.335	0.0211244
420.407	0.0114234
418.479	0.00847156
416.551	0.014613
414.624	0.0355039
412.695	0.0334606
410.768	0.0375471
408.839	0.0387579
406.912	0.0359276
404.983	0.0519119
403.055	0.048086
401.127	0.0333288
