H2O0078.spa, Mon Jun 18 23:26:28 2007 (GMT-10:00)
7000.45	0.0235832
6998.52	0.023891
6996.59	0.0241447
6994.66	0.0224599
6992.73	0.0220983
6990.81	0.0237685
6988.88	0.0251651
6986.95	0.0261459
6985.02	0.0255978
6983.1	0.0237903
6981.17	0.0232285
6979.24	0.0247825
6977.31	0.0268998
6975.38	0.0271346
6973.46	0.0263729
6971.53	0.0262087
6969.6	0.0248733
6967.67	0.0228582
6965.74	0.0233803
6963.82	0.024726
6961.89	0.0243023
6959.96	0.0242071
6958.03	0.0243852
6956.1	0.0251984
6954.18	0.0260871
6952.25	0.0268368
6950.32	0.025735
6948.39	0.0242625
6946.46	0.0246302
6944.54	0.0263366
6942.61	0.0276581
6940.68	0.0290469
6938.75	0.0264054
6936.82	0.0265044
6934.9	0.0287906
6932.97	0.0274164
6931.04	0.0273423
6929.11	0.0273087
6927.19	0.0279337
6925.26	0.0293818
6923.33	0.0293358
6921.4	0.027955
6919.47	0.0264374
6917.55	0.0264366
6915.62	0.0253991
6913.69	0.0250579
6911.76	0.02596
6909.83	0.0265137
6907.91	0.026706
6905.98	0.0278637
6904.05	0.027785
6902.12	0.0262891
6900.19	0.0268898
6898.27	0.026723
6896.34	0.024742
6894.41	0.0249828
6892.48	0.0251342
6890.55	0.0249736
6888.63	0.025732
6886.7	0.0261211
6884.77	0.0253715
6882.84	0.0255058
6880.92	0.0262021
6878.99	0.0269744
6877.06	0.0268386
6875.13	0.0257029
6873.2	0.0248635
6871.28	0.0263005
6869.35	0.0268021
6867.42	0.0253439
6865.49	0.0256797
6863.56	0.0254876
6861.64	0.0256973
6859.71	0.0258018
6857.78	0.0242754
6855.85	0.0237781
6853.92	0.0249355
6852	0.0254712
6850.07	0.0250592
6848.14	0.0250163
6846.21	0.0259964
6844.28	0.0275332
6842.36	0.0285854
6840.43	0.0287677
6838.5	0.0271154
6836.57	0.0259303
6834.64	0.0249478
6832.72	0.02541
6830.79	0.0264405
6828.86	0.0245966
6826.93	0.0241567
6825	0.0255318
6823.08	0.0261074
6821.15	0.0247168
6819.22	0.0238417
6817.29	0.0248979
6815.37	0.026154
6813.44	0.026828
6811.51	0.0259453
6809.58	0.0261938
6807.65	0.028026
6805.73	0.0285794
6803.8	0.0271256
6801.87	0.0254287
6799.94	0.0252333
6798.01	0.0259981
6796.09	0.0260758
6794.16	0.0265895
6792.23	0.0273729
6790.3	0.0265384
6788.37	0.0262854
6786.45	0.0255678
6784.52	0.0256992
6782.59	0.0267794
6780.66	0.027349
6778.73	0.0260176
6776.81	0.0254786
6774.88	0.0274437
6772.95	0.0281126
6771.02	0.0268827
6769.09	0.0272666
6767.17	0.0281468
6765.24	0.0271856
6763.31	0.0268168
6761.38	0.0276746
6759.46	0.0269554
6757.53	0.0243813
6755.6	0.0247701
6753.67	0.0255603
6751.74	0.0249879
6749.82	0.0253142
6747.89	0.0255783
6745.96	0.0257736
6744.03	0.0269293
6742.1	0.0280564
6740.18	0.029304
6738.25	0.029099
6736.32	0.0280814
6734.39	0.0277134
6732.46	0.0275454
6730.54	0.0276373
6728.61	0.0273831
6726.68	0.0279769
6724.75	0.027512
6722.82	0.0259627
6720.9	0.0264435
6718.97	0.0266533
6717.04	0.0267525
6715.11	0.0272929
6713.18	0.0271286
6711.26	0.0271234
6709.33	0.0271345
6707.4	0.0261373
6705.47	0.0257078
6703.54	0.0260859
6701.62	0.0282353
6699.69	0.0279121
6697.76	0.0266754
6695.83	0.0277461
6693.91	0.0283889
6691.98	0.0277134
6690.05	0.0265652
6688.12	0.0252844
6686.19	0.0260449
6684.27	0.0276557
6682.34	0.0281209
6680.41	0.0266688
6678.48	0.0261405
6676.55	0.0267389
6674.63	0.0260481
6672.7	0.0250271
6670.77	0.0255586
6668.84	0.0259435
6666.91	0.0268111
6664.99	0.0277344
6663.06	0.0268208
6661.13	0.0254315
6659.2	0.0246144
6657.27	0.0255469
6655.35	0.0268827
6653.42	0.0275263
6651.49	0.0277499
6649.56	0.0273772
6647.63	0.0277037
6645.71	0.0296246
6643.78	0.0281251
6641.85	0.0269495
6639.92	0.0275681
6638	0.0280198
6636.07	0.0273508
6634.14	0.0261203
6632.21	0.0265618
6630.28	0.0268977
6628.36	0.0274697
6626.43	0.0271508
6624.5	0.0264892
6622.57	0.0265445
6620.64	0.0272309
6618.72	0.0271622
6616.79	0.0267167
6614.86	0.0256975
6612.93	0.0246503
6611	0.023855
6609.08	0.0252097
6607.15	0.0259962
6605.22	0.0253092
6603.29	0.0259204
6601.36	0.0259009
6599.44	0.0259609
6597.51	0.0262838
6595.58	0.0260909
6593.65	0.0265963
6591.72	0.0277192
6589.8	0.0267119
6587.87	0.0255654
6585.94	0.0256931
6584.01	0.0262737
6582.08	0.0261734
6580.16	0.0249677
6578.23	0.024569
6576.3	0.0259004
6574.37	0.0262138
6572.45	0.0260553
6570.52	0.0253705
6568.59	0.0238636
6566.66	0.0243064
6564.73	0.0257574
6562.81	0.0261366
6560.88	0.0260615
6558.95	0.0255538
6557.02	0.0254835
6555.09	0.0249908
6553.17	0.0247495
6551.24	0.0245192
6549.31	0.024674
6547.38	0.0250656
6545.45	0.0252786
6543.53	0.0258057
6541.6	0.0265764
6539.67	0.026356
6537.74	0.0257207
6535.81	0.0255164
6533.89	0.0250591
6531.96	0.0249267
6530.03	0.0253568
6528.1	0.0252741
6526.17	0.0255611
6524.25	0.0260348
6522.32	0.0255031
6520.39	0.0246696
6518.46	0.0241157
6516.54	0.0237759
6514.61	0.0228591
6512.68	0.0231534
6510.75	0.0238787
6508.82	0.0234923
6506.9	0.0234638
6504.97	0.0233096
6503.04	0.0228787
6501.11	0.0222675
6499.18	0.0235129
6497.26	0.0246829
6495.33	0.025145
6493.4	0.024572
6491.47	0.0239927
6489.54	0.0242749
6487.62	0.0241309
6485.69	0.0244742
6483.76	0.0241104
6481.83	0.0232797
6479.9	0.0227453
6477.98	0.0227422
6476.05	0.0225454
6474.12	0.0225744
6472.19	0.0240136
6470.26	0.0241708
6468.34	0.0236463
6466.41	0.0224807
6464.48	0.0217773
6462.55	0.0226224
6460.62	0.022335
6458.7	0.022392
6456.77	0.0227369
6454.84	0.0227371
6452.91	0.0228512
6450.99	0.0235068
6449.06	0.0244245
6447.13	0.0245141
6445.2	0.0239261
6443.27	0.0234273
6441.35	0.0231313
6439.42	0.0225171
6437.49	0.0232113
6435.56	0.0233252
6433.63	0.022334
6431.71	0.0225745
6429.78	0.0230105
6427.85	0.0231691
6425.92	0.0235248
6423.99	0.0252592
6422.07	0.0249222
6420.14	0.0235971
6418.21	0.0238571
6416.28	0.0233913
6414.35	0.0226503
6412.43	0.023024
6410.5	0.022995
6408.57	0.0229132
6406.64	0.0227511
6404.71	0.0221152
6402.79	0.0226643
6400.86	0.0235002
6398.93	0.0228464
6397	0.0213184
6395.08	0.0211224
6393.15	0.0228246
6391.22	0.0233579
6389.29	0.0223408
6387.36	0.0213306
6385.44	0.0226888
6383.51	0.0235308
6381.58	0.0230063
6379.65	0.0239378
6377.72	0.0241925
6375.8	0.0233663
6373.87	0.0227826
6371.94	0.0221445
6370.01	0.0213505
6368.08	0.0211735
6366.16	0.0214172
6364.23	0.0222
6362.3	0.0220222
6360.37	0.0212918
6358.44	0.021588
6356.52	0.0217095
6354.59	0.0214089
6352.66	0.0206546
6350.73	0.0212253
6348.8	0.0212946
6346.88	0.0210942
6344.95	0.0215237
6343.02	0.0211626
6341.09	0.0217226
6339.17	0.0215811
6337.24	0.0209916
6335.31	0.0203454
6333.38	0.0201622
6331.45	0.02055
6329.53	0.021304
6327.6	0.0216607
6325.67	0.0211721
6323.74	0.0210741
6321.81	0.0209928
6319.89	0.0208716
6317.96	0.0216205
6316.03	0.0214168
6314.1	0.0204047
6312.17	0.0200581
6310.25	0.0200869
6308.32	0.0204785
6306.39	0.0203878
6304.46	0.0200965
6302.53	0.0204026
6300.61	0.0205496
6298.68	0.0204849
6296.75	0.0203507
6294.82	0.0197237
6292.9	0.0192687
6290.97	0.0197758
6289.04	0.0199456
6287.11	0.0197562
6285.18	0.0201727
6283.26	0.0206933
6281.33	0.0201513
6279.4	0.0199596
6277.47	0.0202792
6275.54	0.0201661
6273.62	0.0194424
6271.69	0.0192385
6269.76	0.0192805
6267.83	0.019899
6265.9	0.0203084
6263.98	0.0199696
6262.05	0.0192617
6260.12	0.0191502
6258.19	0.018744
6256.26	0.0185693
6254.34	0.0189868
6252.41	0.0193624
6250.48	0.0189491
6248.55	0.0188744
6246.62	0.0189195
6244.7	0.0182849
6242.77	0.0186069
6240.84	0.0191315
6238.91	0.0195669
6236.98	0.0196463
6235.06	0.0191378
6233.13	0.0180556
6231.2	0.0178584
6229.27	0.0176251
6227.35	0.0178463
6225.42	0.0181528
6223.49	0.0180991
6221.56	0.0176459
6219.63	0.0171692
6217.71	0.0184114
6215.78	0.0188822
6213.85	0.0186531
6211.92	0.0179296
6209.99	0.0182887
6208.07	0.0190452
6206.14	0.0182429
6204.21	0.0173861
6202.28	0.0179233
6200.35	0.0182185
6198.43	0.0181222
6196.5	0.0178054
6194.57	0.0169788
6192.64	0.0175448
6190.71	0.0181368
6188.79	0.0185635
6186.86	0.0182401
6184.93	0.0179107
6183	0.0178919
6181.07	0.0180326
6179.15	0.0177562
6177.22	0.0166891
6175.29	0.0168449
6173.36	0.0171612
6171.44	0.0171596
6169.51	0.0177622
6167.58	0.0181153
6165.65	0.0178468
6163.72	0.0167367
6161.8	0.016434
6159.87	0.0172781
6157.94	0.0167075
6156.01	0.0164835
6154.08	0.0169249
6152.16	0.0167918
6150.23	0.0174592
6148.3	0.0179071
6146.37	0.0166049
6144.44	0.0165996
6142.52	0.017634
6140.59	0.0171777
6138.66	0.017492
6136.73	0.0176754
6134.8	0.0170636
6132.88	0.0161821
6130.95	0.0170101
6129.02	0.0176389
6127.09	0.0176617
6125.16	0.0175953
6123.24	0.0168855
6121.31	0.0160632
6119.38	0.0164635
6117.45	0.0176235
6115.52	0.0178433
6113.6	0.017119
6111.67	0.0164346
6109.74	0.0163488
6107.81	0.0167053
6105.89	0.0169161
6103.96	0.0165176
6102.03	0.0160477
6100.1	0.0157731
6098.17	0.0160781
6096.25	0.0167976
6094.32	0.0162897
6092.39	0.0160835
6090.46	0.0159415
6088.53	0.0162142
6086.61	0.0162348
6084.68	0.0153052
6082.75	0.0152355
6080.82	0.0158334
6078.89	0.0163866
6076.97	0.0165393
6075.04	0.0163625
6073.11	0.016912
6071.18	0.0171792
6069.25	0.0173956
6067.33	0.016825
6065.4	0.0160387
6063.47	0.0160181
6061.54	0.0163121
6059.61	0.0169317
6057.69	0.0177134
6055.76	0.016953
6053.83	0.0158896
6051.9	0.0163637
6049.98	0.0170259
6048.05	0.0168341
6046.12	0.0163095
6044.19	0.0161849
6042.26	0.0164748
6040.34	0.0160307
6038.41	0.0160753
6036.48	0.0165726
6034.55	0.0162327
6032.62	0.016344
6030.7	0.0157237
6028.77	0.0150773
6026.84	0.0150283
6024.91	0.0152313
6022.98	0.0151859
6021.06	0.0153413
6019.13	0.0151106
6017.2	0.0150857
6015.27	0.0156925
6013.34	0.01545
6011.42	0.0153319
6009.49	0.0158327
6007.56	0.0149828
6005.63	0.0145566
6003.7	0.015043
6001.78	0.0145227
5999.85	0.0145578
5997.92	0.0154302
5995.99	0.0152348
5994.06	0.0147465
5992.14	0.0144219
5990.21	0.0142738
5988.28	0.013687
5986.35	0.0136335
5984.43	0.0139805
5982.5	0.0139579
5980.57	0.0144171
5978.64	0.0147536
5976.71	0.0137543
5974.79	0.0133264
5972.86	0.0128179
5970.93	0.0125648
5969	0.0126685
5967.07	0.0134339
5965.15	0.0133124
5963.22	0.0130914
5961.29	0.0128792
5959.36	0.0131359
5957.43	0.0137033
5955.51	0.0139115
5953.58	0.0135143
5951.65	0.0130799
5949.72	0.0129292
5947.79	0.0127089
5945.87	0.0125301
5943.94	0.0128944
5942.01	0.0132807
5940.08	0.0136132
5938.15	0.0137757
5936.23	0.013095
5934.3	0.0130873
5932.37	0.0136795
5930.44	0.0129762
5928.52	0.0124047
5926.59	0.0128283
5924.66	0.0130543
5922.73	0.0133909
5920.8	0.0131411
5918.88	0.012971
5916.95	0.0126308
5915.02	0.0123228
5913.09	0.0117509
5911.16	0.0114009
5909.24	0.0115946
5907.31	0.0122849
5905.38	0.012733
5903.45	0.0125277
5901.52	0.0119891
5899.6	0.0120026
5897.67	0.0124126
5895.74	0.0119411
5893.81	0.0113533
5891.88	0.0116043
5889.96	0.0119576
5888.03	0.0119841
5886.1	0.012536
5884.17	0.012676
5882.25	0.0121167
5880.32	0.0119918
5878.39	0.0117779
5876.46	0.0121189
5874.53	0.0124774
5872.6	0.0123134
5870.68	0.0125152
5868.75	0.0126873
5866.82	0.0117415
5864.89	0.0110321
5862.97	0.0111764
5861.04	0.0114403
5859.11	0.0119063
5857.18	0.0116514
5855.25	0.0116276
5853.33	0.0120515
5851.4	0.0116484
5849.47	0.0109713
5847.54	0.010667
5845.61	0.0107215
5843.69	0.0107258
5841.76	0.0111687
5839.83	0.0111628
5837.9	0.0105939
5835.97	0.0104428
5834.05	0.0107977
5832.12	0.0113631
5830.19	0.0106954
5828.26	0.00974811
5826.33	0.00993052
5824.41	0.0105544
5822.48	0.0110001
5820.55	0.0111679
5818.62	0.0109989
5816.7	0.0111968
5814.77	0.0110222
5812.84	0.0105336
5810.91	0.0109322
5808.98	0.0113787
5807.06	0.0116185
5805.13	0.0115606
5803.2	0.0108246
5801.27	0.0103963
5799.34	0.010583
5797.42	0.0107599
5795.49	0.0111054
5793.56	0.0113378
5791.63	0.0112054
5789.7	0.010794
5787.78	0.0108809
5785.85	0.0110009
5783.92	0.0110255
5781.99	0.0109624
5780.06	0.0108653
5778.14	0.0103867
5776.21	0.0101062
5774.28	0.0104836
5772.35	0.0107346
5770.42	0.0104842
5768.5	0.0102315
5766.57	0.0104053
5764.64	0.0105673
5762.71	0.0107503
5760.79	0.010874
5758.86	0.0108003
5756.93	0.0105872
5755	0.0107733
5753.07	0.0108432
5751.15	0.0106844
5749.22	0.0106583
5747.29	0.0104555
5745.36	0.0107579
5743.43	0.0108787
5741.51	0.0107848
5739.58	0.0107581
5737.65	0.0104534
5735.72	0.0104938
5733.79	0.010934
5731.87	0.0108642
5729.94	0.010242
5728.01	0.00984764
5726.08	0.00994585
5724.15	0.0101777
5722.23	0.0101406
5720.3	0.00987395
5718.37	0.00963999
5716.44	0.00964494
5714.51	0.00980968
5712.59	0.00968942
5710.66	0.0097743
5708.73	0.009536
5706.8	0.00905278
5704.88	0.00943782
5702.95	0.00982111
5701.02	0.00972602
5699.09	0.00960622
5697.16	0.0106136
5695.24	0.0107891
5693.31	0.00987998
5691.38	0.00963484
5689.45	0.00983832
5687.52	0.0100466
5685.6	0.0100981
5683.67	0.0101501
5681.74	0.0103663
5679.81	0.0101468
5677.88	0.00981277
5675.96	0.00975973
5674.03	0.00960991
5672.1	0.00964399
5670.17	0.00964612
5668.24	0.00928517
5666.32	0.00946722
5664.39	0.00964738
5662.46	0.00921124
5660.53	0.00889163
5658.6	0.00880439
5656.68	0.00879668
5654.75	0.00921869
5652.82	0.00952232
5650.89	0.00946017
5648.96	0.00895099
5647.04	0.00885903
5645.11	0.00904943
5643.18	0.00919524
5641.25	0.00925924
5639.33	0.00932768
5637.4	0.00971815
5635.47	0.0099789
5633.54	0.00986215
5631.61	0.00956279
5629.69	0.00951642
5627.76	0.00926563
5625.83	0.0091504
5623.9	0.00914809
5621.97	0.00892529
5620.05	0.00906391
5618.12	0.00927318
5616.19	0.00918542
5614.26	0.00910915
5612.33	0.0089587
5610.41	0.00863989
5608.48	0.00894213
5606.55	0.00900647
5604.62	0.0091326
5602.69	0.00956635
5600.77	0.00955713
5598.84	0.00924678
5596.91	0.00941639
5594.98	0.00930845
5593.05	0.00888122
5591.13	0.00886525
5589.2	0.00876851
5587.27	0.00870039
5585.34	0.0089542
5583.42	0.00947666
5581.49	0.00940508
5579.56	0.00894264
5577.63	0.00912738
5575.7	0.00903752
5573.78	0.0083769
5571.85	0.00837548
5569.92	0.00866889
5567.99	0.00870685
5566.06	0.0085234
5564.14	0.00864658
5562.21	0.00914765
5560.28	0.0092479
5558.35	0.00913114
5556.42	0.00926262
5554.5	0.00898279
5552.57	0.00880199
5550.64	0.00871314
5548.71	0.00856209
5546.78	0.0087696
5544.86	0.00884375
5542.93	0.00915385
5541	0.00940095
5539.07	0.00916051
5537.14	0.00886052
5535.22	0.00827973
5533.29	0.00839741
5531.36	0.00909054
5529.43	0.00900417
5527.5	0.00860284
5525.58	0.00864171
5523.65	0.00893415
5521.72	0.00871429
5519.79	0.00838515
5517.87	0.00862248
5515.94	0.00899314
5514.01	0.00904381
5512.08	0.00889613
5510.15	0.00822087
5508.23	0.00796472
5506.3	0.00826615
5504.37	0.00838663
5502.44	0.00868893
5500.51	0.00877382
5498.59	0.00841849
5496.66	0.00844785
5494.73	0.00823803
5492.8	0.0081448
5490.87	0.00847332
5488.95	0.00845602
5487.02	0.00841795
5485.09	0.0084417
5483.16	0.0084172
5481.23	0.00828939
5479.31	0.0080115
5477.38	0.0078725
5475.45	0.00790243
5473.52	0.00818596
5471.59	0.00857814
5469.67	0.00864969
5467.74	0.00811894
5465.81	0.00763399
5463.88	0.00784804
5461.96	0.00823721
5460.03	0.0082905
5458.1	0.00828361
5456.17	0.0085534
5454.24	0.00832928
5452.32	0.00775786
5450.39	0.00810645
5448.46	0.00840474
5446.53	0.00810027
5444.6	0.00796465
5442.68	0.00819497
5440.75	0.00790648
5438.82	0.00743349
5436.89	0.00755596
5434.96	0.0074854
5433.04	0.0078113
5431.11	0.00809497
5429.18	0.00768757
5427.25	0.00755883
5425.32	0.00749781
5423.4	0.00772889
5421.47	0.00789693
5419.54	0.00798338
5417.61	0.00817026
5415.68	0.00791383
5413.76	0.00763335
5411.83	0.007786
5409.9	0.00815429
5407.97	0.00825045
5406.04	0.00800411
5404.12	0.00773516
5402.19	0.00801642
5400.26	0.0083182
5398.33	0.00814976
5396.41	0.00817795
5394.48	0.00799736
5392.55	0.00795234
5390.62	0.00762185
5388.69	0.00738728
5386.77	0.00751021
5384.84	0.00768768
5382.91	0.00780658
5380.98	0.00852481
5379.05	0.00876047
5377.13	0.00821179
5375.2	0.00809396
5373.27	0.0080573
5371.34	0.00778802
5369.41	0.00810057
5367.49	0.0081684
5365.56	0.0080387
5363.63	0.00805355
5361.7	0.00804113
5359.77	0.00824728
5357.85	0.00787807
5355.92	0.00746548
5353.99	0.00727463
5352.06	0.00748432
5350.13	0.00793722
5348.21	0.00808245
5346.28	0.00778026
5344.35	0.00754248
5342.42	0.00775948
5340.5	0.00781744
5338.57	0.00760077
5336.64	0.00746052
5334.71	0.00754726
5332.78	0.00750313
5330.86	0.00744215
5328.93	0.00753553
5327	0.00765989
5325.07	0.00775972
5323.14	0.00792483
5321.22	0.00797859
5319.29	0.00783775
5317.36	0.00759396
5315.43	0.00765399
5313.5	0.00777827
5311.58	0.00751965
5309.65	0.00795439
5307.72	0.00817164
5305.79	0.00820112
5303.86	0.00832411
5301.94	0.00824056
5300.01	0.00786966
5298.08	0.00802861
5296.15	0.00802932
5294.22	0.00772306
5292.3	0.00817208
5290.37	0.00835177
5288.44	0.00824083
5286.51	0.00805784
5284.58	0.00817157
5282.66	0.00819764
5280.73	0.00814348
5278.8	0.00803148
5276.87	0.00811732
5274.95	0.00801399
5273.02	0.0080943
5271.09	0.00827004
5269.16	0.00853911
5267.23	0.00860541
5265.31	0.0080227
5263.38	0.00783275
5261.45	0.00810429
5259.52	0.00843034
5257.59	0.00826409
5255.67	0.00809484
5253.74	0.00838494
5251.81	0.00835272
5249.88	0.00817245
5247.95	0.00855989
5246.03	0.00894362
5244.1	0.00863979
5242.17	0.0084646
5240.24	0.00876588
5238.31	0.00877852
5236.39	0.00861352
5234.46	0.00847927
5232.53	0.0084969
5230.6	0.00878072
5228.67	0.00847254
5226.75	0.00838663
5224.82	0.00866899
5222.89	0.00887036
5220.96	0.00908526
5219.04	0.00915452
5217.11	0.00895559
5215.18	0.00912211
5213.25	0.00936242
5211.32	0.00963071
5209.4	0.00975058
5207.47	0.00946691
5205.54	0.00932745
5203.61	0.00912197
5201.68	0.00907206
5199.76	0.00893063
5197.83	0.00896824
5195.9	0.00930473
5193.97	0.00945018
5192.04	0.00908336
5190.12	0.00921913
5188.19	0.00965635
5186.26	0.00959229
5184.33	0.00967448
5182.4	0.00960357
5180.48	0.00966056
5178.55	0.00984419
5176.62	0.0102706
5174.69	0.0104639
5172.77	0.0104196
5170.84	0.0105726
5168.91	0.0106478
5166.98	0.0104978
5165.05	0.0104533
5163.12	0.0102987
5161.2	0.0103382
5159.27	0.0104876
5157.34	0.0104198
5155.41	0.0103093
5153.49	0.0105309
5151.56	0.0105722
5149.63	0.0105035
5147.7	0.010559
5145.77	0.0104078
5143.85	0.0105992
5141.92	0.0108332
5139.99	0.0110092
5138.06	0.0110848
5136.13	0.011033
5134.21	0.0113512
5132.28	0.011348
5130.35	0.011283
5128.42	0.0112356
5126.49	0.0113173
5124.57	0.0115398
5122.64	0.0117013
5120.71	0.0112429
5118.78	0.0110597
5116.85	0.0115161
5114.93	0.0120405
5113	0.0121296
5111.07	0.0121469
5109.14	0.0121721
5107.22	0.0122131
5105.29	0.0123879
5103.36	0.0125188
5101.43	0.0125938
5099.5	0.012664
5097.58	0.0125771
5095.65	0.0126198
5093.72	0.0127565
5091.79	0.0127768
5089.86	0.0126478
5087.94	0.0125451
5086.01	0.0126988
5084.08	0.0128239
5082.15	0.0128508
5080.22	0.0130261
5078.3	0.0129152
5076.37	0.0126838
5074.44	0.0128983
5072.51	0.0133115
5070.58	0.0133736
5068.66	0.0134162
5066.73	0.0136048
5064.8	0.0135736
5062.87	0.0133085
5060.94	0.0130545
5059.02	0.013133
5057.09	0.0131473
5055.16	0.0131924
5053.23	0.0136265
5051.3	0.0137012
5049.38	0.0137214
5047.45	0.0140371
5045.52	0.0140744
5043.59	0.0139339
5041.67	0.0138703
5039.74	0.0138672
5037.81	0.0138679
5035.88	0.0138647
5033.95	0.0139046
5032.03	0.0140847
5030.1	0.0142566
5028.17	0.0143442
5026.24	0.0141288
5024.31	0.0140522
5022.39	0.0144141
5020.46	0.0144762
5018.53	0.0141223
5016.6	0.0140953
5014.67	0.014355
5012.75	0.014534
5010.82	0.014397
5008.89	0.014289
5006.96	0.0144083
5005.03	0.014407
5003.11	0.0145878
5001.18	0.0145917
4999.25	0.0143596
4997.32	0.0144323
4995.4	0.0145395
4993.47	0.0143407
4991.54	0.0141653
4989.61	0.0142606
4987.68	0.0145524
4985.76	0.0146578
4983.83	0.0147036
4981.9	0.0147159
4979.97	0.0146729
4978.04	0.0146703
4976.12	0.0144906
4974.19	0.0145116
4972.26	0.0145261
4970.33	0.014504
4968.4	0.0143915
4966.48	0.0141962
4964.55	0.014215
4962.62	0.0144016
4960.69	0.0144122
4958.76	0.014185
4956.84	0.0141856
4954.91	0.0143209
4952.98	0.0143118
4951.05	0.0141439
4949.12	0.0142373
4947.2	0.0142736
4945.27	0.014243
4943.34	0.0142966
4941.41	0.014297
4939.48	0.0142025
4937.56	0.014182
4935.63	0.0144084
4933.7	0.0145311
4931.77	0.01435
4929.85	0.0141158
4927.92	0.0138974
4925.99	0.0142086
4924.06	0.014464
4922.13	0.0143627
4920.21	0.0140579
4918.28	0.0141643
4916.35	0.0140911
4914.42	0.0139806
4912.49	0.0138547
4910.57	0.0135182
4908.64	0.013479
4906.71	0.0134693
4904.78	0.0135824
4902.85	0.0137092
4900.93	0.0137111
4899	0.0138476
4897.07	0.0140433
4895.14	0.0139159
4893.21	0.0141063
4891.29	0.0140029
4889.36	0.0137997
4887.43	0.0138245
4885.5	0.0137249
4883.57	0.0136318
4881.65	0.0137076
4879.72	0.0133963
4877.79	0.013322
4875.86	0.0134233
4873.94	0.013398
4872.01	0.0131896
4870.08	0.0132496
4868.15	0.0135132
4866.22	0.0135001
4864.3	0.0136321
4862.37	0.0137429
4860.44	0.0134051
4858.51	0.0131525
4856.58	0.0130584
4854.66	0.0130373
4852.73	0.0127848
4850.8	0.0128083
4848.87	0.0130071
4846.94	0.0129831
4845.02	0.0128284
4843.09	0.0128443
4841.16	0.0129755
4839.23	0.0129333
4837.3	0.0127197
4835.38	0.0127241
4833.45	0.0130229
4831.52	0.0128652
4829.59	0.0126761
4827.66	0.0126753
4825.74	0.0125397
4823.81	0.0123817
4821.88	0.0121466
4819.95	0.0119898
4818.03	0.0120432
4816.1	0.012063
4814.17	0.0119775
4812.24	0.0118511
4810.31	0.0117315
4808.39	0.0116259
4806.46	0.0114952
4804.53	0.0117323
4802.6	0.0118547
4800.67	0.0114754
4798.75	0.0111305
4796.82	0.0111245
4794.89	0.011094
4792.96	0.0111065
4791.03	0.0110729
4789.11	0.0110652
4787.18	0.0111063
4785.25	0.0110901
4783.32	0.0109095
4781.39	0.0105458
4779.47	0.0102839
4777.54	0.0101516
4775.61	0.010045
4773.68	0.00994188
4771.75	0.0101608
4769.83	0.0100297
4767.9	0.00970918
4765.97	0.00981073
4764.04	0.00994147
4762.11	0.00963467
4760.19	0.0093592
4758.26	0.00953502
4756.33	0.0099133
4754.4	0.00978098
4752.48	0.00917567
4750.55	0.00901526
4748.62	0.00902446
4746.69	0.00906256
4744.76	0.00901939
4742.84	0.00866575
4740.91	0.00860494
4738.98	0.00854154
4737.05	0.00875969
4735.12	0.00874847
4733.2	0.00836082
4731.27	0.00822644
4729.34	0.00787564
4727.41	0.00775189
4725.48	0.00806709
4723.56	0.00811698
4721.63	0.00781322
4719.7	0.00784807
4717.77	0.00794555
4715.84	0.00785668
4713.92	0.00775308
4711.99	0.00763419
4710.06	0.00745672
4708.13	0.00722847
4706.21	0.00712132
4704.28	0.00719492
4702.35	0.00707763
4700.42	0.00714025
4698.49	0.00706554
4696.56	0.00697503
4694.64	0.00690705
4692.71	0.00670046
4690.78	0.00690594
4688.85	0.00693355
4686.93	0.00692173
4685	0.0066795
4683.07	0.00613415
4681.14	0.0060903
4679.21	0.00620614
4677.29	0.00623427
4675.36	0.00651419
4673.43	0.00664643
4671.5	0.00640193
4669.57	0.00631327
4667.65	0.00621367
4665.72	0.00628842
4663.79	0.00627474
4661.86	0.00621135
4659.93	0.00602353
4658.01	0.00609345
4656.08	0.00615515
4654.15	0.00603479
4652.22	0.00601013
4650.29	0.00592961
4648.37	0.00590378
4646.44	0.00605323
4644.51	0.00598036
4642.58	0.0057818
4640.66	0.0058136
4638.73	0.00592322
4636.8	0.00575276
4634.87	0.00552021
4632.94	0.00551219
4631.02	0.00551444
4629.09	0.00554753
4627.16	0.00564164
4625.23	0.00552971
4623.3	0.00526977
4621.38	0.00530921
4619.45	0.00544515
4617.52	0.00547045
4615.59	0.0053276
4613.66	0.00518211
4611.74	0.0053177
4609.81	0.00537999
4607.88	0.00514332
4605.95	0.0049814
4604.02	0.0050479
4602.1	0.00528144
4600.17	0.00531334
4598.24	0.00519361
4596.31	0.00524569
4594.38	0.00531089
4592.46	0.00509913
4590.53	0.00497446
4588.6	0.00509765
4586.67	0.00512642
4584.75	0.00499799
4582.82	0.00468066
4580.89	0.0047237
4578.96	0.0049634
4577.03	0.00485389
4575.11	0.00463244
4573.18	0.00480588
4571.25	0.00489206
4569.32	0.00471423
4567.39	0.004603
4565.47	0.00472139
4563.54	0.00470629
4561.61	0.00477442
4559.68	0.00483965
4557.75	0.00466891
4555.83	0.00452836
4553.9	0.00451886
4551.97	0.00467068
4550.04	0.00474119
4548.11	0.00466583
4546.19	0.00449873
4544.26	0.00452692
4542.33	0.00455565
4540.4	0.004323
4538.47	0.00425223
4536.55	0.00462145
4534.62	0.00466462
4532.69	0.00453131
4530.76	0.00436183
4528.83	0.00430149
4526.91	0.0042255
4524.98	0.00417996
4523.05	0.0043048
4521.12	0.00426966
4519.2	0.00425441
4517.27	0.00454882
4515.34	0.00450955
4513.41	0.00444989
4511.48	0.00445538
4509.56	0.00459252
4507.63	0.00457327
4505.7	0.00447172
4503.77	0.00436055
4501.84	0.00437699
4499.92	0.00459366
4497.99	0.00458797
4496.06	0.00433077
4494.13	0.00434375
4492.2	0.00467999
4490.28	0.00463006
4488.35	0.00464751
4486.42	0.00481848
4484.49	0.00465899
4482.56	0.00449187
4480.64	0.00449786
4478.71	0.00440641
4476.78	0.00436849
4474.85	0.00432856
4472.92	0.00428452
4471	0.00433596
4469.07	0.00451711
4467.14	0.00459466
4465.21	0.00455016
4463.29	0.0044763
4461.36	0.00449753
4459.43	0.00466044
4457.5	0.00471228
4455.57	0.00464747
4453.65	0.00463327
4451.72	0.00469798
4449.79	0.00470354
4447.86	0.00466254
4445.93	0.00457551
4444.01	0.00462433
4442.08	0.00465595
4440.15	0.00446147
4438.22	0.00422001
4436.29	0.00428974
4434.37	0.00450034
4432.44	0.00444658
4430.51	0.00448327
4428.58	0.00464165
4426.65	0.00464058
4424.73	0.00451591
4422.8	0.00461884
4420.87	0.00461087
4418.94	0.00458123
4417.01	0.00440514
4415.09	0.00454973
4413.16	0.00488991
4411.23	0.0048678
4409.3	0.00471339
4407.38	0.00459788
4405.45	0.00449646
4403.52	0.00449736
4401.59	0.00455137
4399.66	0.00464248
4397.74	0.00470789
4395.81	0.00443617
4393.88	0.00448022
4391.95	0.00449003
4390.02	0.00456198
4388.1	0.00477968
4386.17	0.00474692
4384.24	0.00477794
4382.31	0.00490985
4380.38	0.00480605
4378.46	0.00456988
4376.53	0.00456992
4374.6	0.00467561
4372.67	0.00467788
4370.74	0.00460454
4368.82	0.00478595
4366.89	0.00502726
4364.96	0.00500989
4363.03	0.00483677
4361.1	0.00472086
4359.18	0.00456918
4357.25	0.0045353
4355.32	0.00473995
4353.39	0.00481178
4351.46	0.00484394
4349.54	0.0046592
4347.61	0.00463237
4345.68	0.0048565
4343.75	0.00480752
4341.83	0.0047761
4339.9	0.00489058
4337.97	0.00493311
4336.04	0.00486026
4334.11	0.00485222
4332.19	0.00486894
4330.26	0.00500188
4328.33	0.00493046
4326.4	0.00484253
4324.47	0.00480213
4322.55	0.00481851
4320.62	0.00487118
4318.69	0.00488093
4316.76	0.00496924
4314.83	0.0049251
4312.91	0.00475801
4310.98	0.00487661
4309.05	0.00502193
4307.12	0.00498201
4305.19	0.00485778
4303.27	0.00473657
4301.34	0.00488991
4299.41	0.00498425
4297.48	0.00492061
4295.55	0.00498328
4293.63	0.00508994
4291.7	0.00512813
4289.77	0.00529613
4287.84	0.00528238
4285.92	0.00527225
4283.99	0.00533112
4282.06	0.00518667
4280.13	0.0050995
4278.2	0.00502072
4276.28	0.00502766
4274.35	0.00504784
4272.42	0.005157
4270.49	0.00506574
4268.56	0.00502374
4266.64	0.0052036
4264.71	0.0052033
4262.78	0.00521407
4260.85	0.00523597
4258.92	0.00506285
4257	0.00494876
4255.07	0.00499317
4253.14	0.0052363
4251.21	0.00533048
4249.28	0.00525626
4247.36	0.00528839
4245.43	0.00533591
4243.5	0.00541113
4241.57	0.00546541
4239.64	0.00533286
4237.72	0.00516323
4235.79	0.00513638
4233.86	0.00521595
4231.93	0.0053489
4230	0.00537617
4228.08	0.00521816
4226.15	0.00533692
4224.22	0.00549843
4222.29	0.00531341
4220.37	0.00514201
4218.44	0.00532035
4216.51	0.00524522
4214.58	0.0051397
4212.65	0.00517611
4210.73	0.00520045
4208.8	0.00526028
4206.87	0.0053176
4204.94	0.00529519
4203.01	0.00535249
4201.09	0.00534645
4199.16	0.00525783
4197.23	0.00531425
4195.3	0.0053393
4193.37	0.00520535
4191.45	0.00530428
4189.52	0.00523503
4187.59	0.00511022
4185.66	0.0052141
4183.73	0.00520464
4181.81	0.00523677
4179.88	0.00522168
4177.95	0.00518275
4176.02	0.00531753
4174.09	0.0053859
4172.17	0.00533075
4170.24	0.00522473
4168.31	0.00509202
4166.38	0.005083
4164.46	0.0052299
4162.53	0.00526816
4160.6	0.00520706
4158.67	0.00520562
4156.74	0.00521662
4154.82	0.00523791
4152.89	0.00519328
4150.96	0.00499766
4149.03	0.00503027
4147.1	0.00512612
4145.18	0.00519123
4143.25	0.0051739
4141.32	0.00524257
4139.39	0.00512363
4137.46	0.00508454
4135.54	0.00515006
4133.61	0.00529855
4131.68	0.00541465
4129.75	0.0054026
4127.82	0.00516156
4125.9	0.00496327
4123.97	0.00501958
4122.04	0.00523533
4120.11	0.00525605
4118.18	0.0051809
4116.26	0.00519693
4114.33	0.00513001
4112.4	0.00526591
4110.47	0.00536527
4108.54	0.00519961
4106.62	0.00517809
4104.69	0.00528496
4102.76	0.00531626
4100.83	0.00501753
4098.91	0.00496364
4096.98	0.00512853
4095.05	0.00504056
4093.12	0.00490352
4091.19	0.00506379
4089.27	0.00517882
4087.34	0.00512236
4085.41	0.00509591
4083.48	0.0051061
4081.55	0.0049866
4079.63	0.00498308
4077.7	0.00510479
4075.77	0.00506775
4073.84	0.00499434
4071.91	0.00500982
4069.99	0.00517239
4068.06	0.00508049
4066.13	0.0051527
4064.2	0.00521601
4062.27	0.00519673
4060.35	0.00515656
4058.42	0.0051464
4056.49	0.00510982
4054.56	0.00507486
4052.63	0.00520085
4050.71	0.00510563
4048.78	0.00497081
4046.85	0.00501898
4044.92	0.00515679
4043	0.00520595
4041.07	0.00514322
4039.14	0.00511053
4037.21	0.00516897
4035.28	0.00519901
4033.36	0.00515975
4031.43	0.00513349
4029.5	0.00520753
4027.57	0.00509655
4025.64	0.00505957
4023.72	0.00510392
4021.79	0.00499032
4019.86	0.00478035
4017.93	0.00489695
4016	0.00519264
4014.08	0.0051004
4012.15	0.00498599
4010.22	0.00511602
4008.29	0.00505146
4006.36	0.00504968
4004.44	0.00522869
4002.51	0.00522413
4000.58	0.00524093
3998.65	0.00524579
3996.72	0.00519395
3994.8	0.00516866
3992.87	0.00517081
3990.94	0.00517819
3989.01	0.00502075
3987.09	0.00503996
3985.16	0.00495157
3983.23	0.00488559
3981.3	0.00505685
3979.37	0.00519707
3977.45	0.0050296
3975.52	0.00505679
3973.59	0.00518979
3971.66	0.00502454
3969.73	0.00485262
3967.81	0.0048556
3965.88	0.00488633
3963.95	0.00490305
3962.02	0.0049381
3960.09	0.00503845
3958.17	0.00508662
3956.24	0.00496696
3954.31	0.00495858
3952.38	0.00501304
3950.45	0.00503362
3948.53	0.00487436
3946.6	0.00478873
3944.67	0.00487674
3942.74	0.00498868
3940.81	0.00499776
3938.89	0.00483627
3936.96	0.00472937
3935.03	0.00487266
3933.1	0.00498341
3931.18	0.00492466
3929.25	0.00487795
3927.32	0.0049064
3925.39	0.00478521
3923.46	0.00463702
3921.54	0.00465571
3919.61	0.00466164
3917.68	0.00471526
3915.75	0.00483275
3913.82	0.0049376
3911.9	0.00491293
3909.97	0.00479667
3908.04	0.0047153
3906.11	0.00469001
3904.18	0.00463344
3902.26	0.00474655
3900.33	0.00487383
3898.4	0.00490774
3896.47	0.00485888
3894.54	0.00475948
3892.62	0.00463649
3890.69	0.00454454
3888.76	0.00462758
3886.83	0.00469754
3884.9	0.00479087
3882.98	0.00473811
3881.05	0.00463371
3879.12	0.0045946
3877.19	0.00464379
3875.27	0.00469349
3873.34	0.00457514
3871.41	0.00453697
3869.48	0.00464958
3867.55	0.0047504
3865.63	0.00462437
3863.7	0.00456379
3861.77	0.00468341
3859.84	0.00461476
3857.91	0.00446027
3855.99	0.00444818
3854.06	0.00449201
3852.13	0.00464128
3850.2	0.00474632
3848.27	0.00467443
3846.35	0.00460906
3844.42	0.004602
3842.49	0.00471486
3840.56	0.00467829
3838.63	0.00470568
3836.71	0.00478152
3834.78	0.00474233
3832.85	0.00463488
3830.92	0.00467356
3828.99	0.0047571
3827.07	0.00476621
3825.14	0.00466445
3823.21	0.00465611
3821.28	0.00478832
3819.35	0.00474709
3817.43	0.00470719
3815.5	0.00478916
3813.57	0.00473998
3811.64	0.00474715
3809.72	0.00481034
3807.79	0.00484019
3805.86	0.00491689
3803.93	0.00477874
3802	0.00461331
3800.08	0.00473014
3798.15	0.00477278
3796.22	0.00455103
3794.29	0.0046382
3792.36	0.00483379
3790.44	0.00487661
3788.51	0.00481848
3786.58	0.00476976
3784.65	0.00471111
3782.72	0.00466891
3780.8	0.00467085
3778.87	0.00472334
3776.94	0.00463592
3775.01	0.00465987
3773.08	0.00469537
3771.16	0.00448698
3769.23	0.00448441
3767.3	0.00458837
3765.37	0.00458874
3763.44	0.00465015
3761.52	0.00463361
3759.59	0.00464165
3757.66	0.0045956
3755.73	0.00448049
3753.81	0.00421282
3751.88	0.00400068
3749.95	0.00403292
3748.02	0.00398667
3746.09	0.00374223
3744.17	0.00365765
3742.24	0.00380764
3740.31	0.00395464
3738.38	0.0040568
3736.45	0.00432669
3734.53	0.00449904
3732.6	0.00464932
3730.67	0.00484099
3728.74	0.00485389
3726.81	0.00491649
3724.89	0.00507848
3722.96	0.00528084
3721.03	0.00550632
3719.1	0.00569236
3717.17	0.00577331
3715.25	0.00573359
3713.32	0.00575988
3711.39	0.0059856
3709.46	0.00607837
3707.53	0.00606093
3705.61	0.00620738
3703.68	0.00659468
3701.75	0.00690177
3699.82	0.00698846
3697.9	0.00708915
3695.97	0.00732878
3694.04	0.00757242
3692.11	0.00771034
3690.18	0.00764299
3688.26	0.00756867
3686.33	0.00775493
3684.4	0.00788643
3682.47	0.00797761
3680.54	0.00816158
3678.62	0.00829959
3676.69	0.00842886
3674.76	0.00852275
3672.83	0.00871101
3670.9	0.00912742
3668.98	0.00942746
3667.05	0.00963427
3665.12	0.00980785
3663.19	0.010166
3661.26	0.0106171
3659.34	0.0108375
3657.41	0.0110284
3655.48	0.0113373
3653.55	0.0116237
3651.62	0.0118155
3649.7	0.0121052
3647.77	0.0125955
3645.84	0.0130886
3643.91	0.0135349
3641.99	0.0138173
3640.06	0.0140866
3638.13	0.0144465
3636.2	0.0149213
3634.27	0.0153467
3632.35	0.0158276
3630.42	0.0163424
3628.49	0.0167507
3626.56	0.017202
3624.63	0.0177082
3622.71	0.0183039
3620.78	0.0190368
3618.85	0.0196509
3616.92	0.0201416
3614.99	0.0206111
3613.07	0.0214226
3611.14	0.0223105
3609.21	0.0230814
3607.28	0.0238338
3605.35	0.0246737
3603.43	0.0256911
3601.5	0.0265205
3599.57	0.027407
3597.64	0.0286381
3595.71	0.0297032
3593.79	0.0306038
3591.86	0.0316844
3589.93	0.0329743
3588	0.0343123
3586.07	0.0357463
3584.15	0.0371745
3582.22	0.0387147
3580.29	0.0401421
3578.36	0.0415632
3576.44	0.0431274
3574.51	0.0447829
3572.58	0.04662
3570.65	0.0485857
3568.72	0.0505102
3566.8	0.0525919
3564.87	0.0546344
3562.94	0.0566124
3561.01	0.0588148
3559.08	0.0612846
3557.16	0.0638597
3555.23	0.0664498
3553.3	0.0690588
3551.37	0.071788
3549.44	0.0747012
3547.52	0.0776599
3545.59	0.0807509
3543.66	0.0839198
3541.73	0.0872264
3539.8	0.0906964
3537.88	0.0942013
3535.95	0.0978304
3534.02	0.101592
3532.09	0.105573
3530.16	0.109655
3528.24	0.113881
3526.31	0.118517
3524.38	0.123417
3522.45	0.128352
3520.53	0.133371
3518.6	0.138398
3516.67	0.143671
3514.74	0.149241
3512.81	0.155171
3510.89	0.161384
3508.96	0.168039
3507.03	0.174917
3505.1	0.181921
3503.17	0.189209
3501.25	0.196754
3499.32	0.204621
3497.39	0.212552
3495.46	0.220786
3493.53	0.229404
3491.61	0.238244
3489.68	0.247386
3487.75	0.256851
3485.82	0.266568
3483.89	0.276353
3481.97	0.286379
3480.04	0.296734
3478.11	0.307159
3476.18	0.317272
3474.25	0.327552
3472.33	0.33833
3470.4	0.348894
3468.47	0.359015
3466.54	0.368925
3464.61	0.378894
3462.69	0.388885
3460.76	0.39804
3458.83	0.406602
3456.9	0.414919
3454.98	0.422664
3453.05	0.429687
3451.12	0.435596
3449.19	0.440775
3447.26	0.444934
3445.34	0.447844
3443.41	0.449891
3441.48	0.451281
3439.55	0.451425
3437.62	0.450797
3435.7	0.44949
3433.77	0.447971
3431.84	0.445716
3429.91	0.442793
3427.98	0.439584
3426.06	0.4366
3424.13	0.43336
3422.2	0.429829
3420.27	0.426265
3418.34	0.42263
3416.42	0.419037
3414.49	0.415947
3412.56	0.412961
3410.63	0.409804
3408.7	0.406875
3406.78	0.403878
3404.85	0.400681
3402.92	0.397562
3400.99	0.39514
3399.07	0.392954
3397.14	0.390533
3395.21	0.388023
3393.28	0.385657
3391.35	0.383603
3389.43	0.381472
3387.5	0.379388
3385.57	0.377582
3383.64	0.375825
3381.71	0.374408
3379.79	0.373009
3377.86	0.371841
3375.93	0.370853
3374	0.369944
3372.07	0.369046
3370.15	0.368405
3368.22	0.367916
3366.29	0.367168
3364.36	0.36661
3362.43	0.36632
3360.51	0.366235
3358.58	0.366113
3356.65	0.365805
3354.72	0.365401
3352.79	0.365257
3350.87	0.365136
3348.94	0.364829
3347.01	0.364417
3345.08	0.363965
3343.16	0.363636
3341.23	0.363179
3339.3	0.362746
3337.37	0.362256
3335.44	0.361576
3333.52	0.360927
3331.59	0.360103
3329.66	0.359006
3327.73	0.357812
3325.8	0.356705
3323.88	0.355424
3321.95	0.354011
3320.02	0.352515
3318.09	0.350658
3316.16	0.348821
3314.24	0.346932
3312.31	0.344753
3310.38	0.342701
3308.45	0.340314
3306.52	0.337769
3304.6	0.335571
3302.67	0.333736
3300.74	0.331596
3298.81	0.329231
3296.88	0.327112
3294.96	0.325097
3293.03	0.323108
3291.1	0.321276
3289.17	0.319331
3287.24	0.317288
3285.32	0.315326
3283.39	0.313496
3281.46	0.311431
3279.53	0.309527
3277.61	0.307884
3275.68	0.305941
3273.75	0.303803
3271.82	0.301846
3269.89	0.300037
3267.97	0.298143
3266.04	0.296131
3264.11	0.2943
3262.18	0.292581
3260.25	0.29094
3258.33	0.28907
3256.4	0.287348
3254.47	0.286113
3252.54	0.284956
3250.61	0.283502
3248.69	0.28256
3246.76	0.282007
3244.83	0.281931
3242.9	0.282348
3240.97	0.283147
3239.05	0.284599
3237.12	0.286831
3235.19	0.28983
3233.26	0.29372
3231.33	0.298468
3229.41	0.304455
3227.48	0.311632
3225.55	0.320583
3223.62	0.330969
3221.7	0.342182
3219.77	0.354199
3217.84	0.367216
3215.91	0.380825
3213.98	0.394352
3212.06	0.407537
3210.13	0.420024
3208.2	0.431367
3206.27	0.441477
3204.34	0.450404
3202.42	0.458162
3200.49	0.465094
3198.56	0.47087
3196.63	0.475411
3194.7	0.479656
3192.78	0.483575
3190.85	0.486563
3188.92	0.489092
3186.99	0.49133
3185.06	0.492827
3183.14	0.494231
3181.21	0.495655
3179.28	0.496747
3177.35	0.497513
3175.42	0.49839
3173.5	0.498785
3171.57	0.498888
3169.64	0.498959
3167.71	0.499278
3165.79	0.499635
3163.86	0.500038
3161.93	0.500426
3160	0.500764
3158.07	0.501253
3156.15	0.502255
3154.22	0.503421
3152.29	0.504801
3150.36	0.506635
3148.43	0.508559
3146.51	0.510911
3144.58	0.513659
3142.65	0.516522
3140.72	0.519435
3138.79	0.522781
3136.87	0.52635
3134.94	0.529697
3133.01	0.533338
3131.08	0.537325
3129.15	0.541304
3127.23	0.544834
3125.3	0.548037
3123.37	0.551279
3121.44	0.553424
3119.51	0.554755
3117.59	0.55568
3115.66	0.555672
3113.73	0.554499
3111.8	0.551914
3109.88	0.547875
3107.95	0.542444
3106.02	0.535382
3104.09	0.526643
3102.16	0.516536
3100.24	0.505014
3098.31	0.492456
3096.38	0.478641
3094.45	0.463801
3092.52	0.448393
3090.6	0.432931
3088.67	0.417258
3086.74	0.401735
3084.81	0.386906
3082.88	0.372573
3080.96	0.358832
3079.03	0.345891
3077.1	0.333792
3075.17	0.322625
3073.24	0.312245
3071.32	0.30235
3069.39	0.292814
3067.46	0.283498
3065.53	0.274529
3063.6	0.265927
3061.68	0.257547
3059.75	0.249222
3057.82	0.240875
3055.89	0.232542
3053.96	0.224466
3052.04	0.216739
3050.11	0.208989
3048.18	0.200949
3046.25	0.193213
3044.33	0.185766
3042.4	0.178453
3040.47	0.171102
3038.54	0.163912
3036.61	0.157016
3034.69	0.150376
3032.76	0.143865
3030.83	0.137493
3028.9	0.131332
3026.97	0.125487
3025.05	0.119895
3023.12	0.114629
3021.19	0.109546
3019.26	0.104536
3017.33	0.0999497
3015.41	0.0958845
3013.48	0.0918726
3011.55	0.0878346
3009.62	0.0840054
3007.69	0.0804573
3005.77	0.0772765
3003.84	0.0742161
3001.91	0.0711497
2999.98	0.06825
2998.05	0.0655071
2996.13	0.063034
2994.2	0.0607415
2992.27	0.0585183
2990.34	0.0562247
2988.42	0.0542096
2986.49	0.0523017
2984.56	0.0503644
2982.63	0.0484814
2980.7	0.0467897
2978.78	0.0452462
2976.85	0.0437749
2974.92	0.0423806
2972.99	0.0410281
2971.06	0.0396766
2969.14	0.0382424
2967.21	0.0369564
2965.28	0.0358766
2963.35	0.0347591
2961.42	0.0336193
2959.5	0.0325831
2957.57	0.0316506
2955.64	0.0306539
2953.71	0.0297151
2951.78	0.02882
2949.86	0.0279712
2947.93	0.0272052
2946	0.026461
2944.07	0.0256238
2942.14	0.0249825
2940.22	0.0243439
2938.29	0.0235695
2936.36	0.0228735
2934.43	0.0224189
2932.51	0.0219021
2930.58	0.0213276
2928.65	0.0207215
2926.72	0.0201929
2924.79	0.0198503
2922.87	0.0193494
2920.94	0.0190023
2919.01	0.018758
2917.08	0.0183588
2915.15	0.0178869
2913.23	0.0174613
2911.3	0.0171803
2909.37	0.0169032
2907.44	0.016561
2905.51	0.016258
2903.59	0.0159495
2901.66	0.0157488
2899.73	0.0156191
2897.8	0.0152455
2895.87	0.014744
2893.95	0.0145303
2892.02	0.014449
2890.09	0.0142425
2888.16	0.0140121
2886.23	0.0137816
2884.31	0.0135572
2882.38	0.0133372
2880.45	0.0130937
2878.52	0.0129064
2876.59	0.0127389
2874.67	0.0125384
2872.74	0.0124591
2870.81	0.0124176
2868.88	0.0123455
2866.96	0.0121575
2865.03	0.0119656
2863.1	0.0118425
2861.17	0.0117072
2859.24	0.01146
2857.32	0.0113794
2855.39	0.0113038
2853.46	0.0111523
2851.53	0.0110757
2849.6	0.0109503
2847.68	0.010941
2845.75	0.0109778
2843.82	0.010892
2841.89	0.0107244
2839.96	0.0106484
2838.04	0.0105876
2836.11	0.0105706
2834.18	0.0105117
2832.25	0.0103938
2830.32	0.0103241
2828.4	0.0102597
2826.47	0.010215
2824.54	0.0101245
2822.61	0.0100365
2820.68	0.00993449
2818.76	0.0100357
2816.83	0.0101561
2814.9	0.0100355
2812.97	0.00979698
2811.05	0.00962322
2809.12	0.00968475
2807.19	0.00958836
2805.26	0.00937789
2803.33	0.00936506
2801.41	0.0094898
2799.48	0.00947565
2797.55	0.0095444
2795.62	0.00957631
2793.69	0.00948225
2791.77	0.00944839
2789.84	0.00946112
2787.91	0.00946048
2785.98	0.00951036
2784.05	0.00944182
2782.13	0.00935077
2780.2	0.00934485
2778.27	0.00932135
2776.34	0.00927528
2774.41	0.00930111
2772.49	0.00936194
2770.56	0.00937562
2768.63	0.0093761
2766.7	0.00939082
2764.77	0.00946061
2762.85	0.00942079
2760.92	0.00940339
2758.99	0.00943643
2757.06	0.00936215
2755.14	0.00929109
2753.21	0.00922099
2751.28	0.00930395
2749.35	0.00927311
2747.42	0.00919544
2745.5	0.00928987
2743.57	0.00950437
2741.64	0.00963176
2739.71	0.00974591
2737.78	0.00968674
2735.86	0.00958254
2733.93	0.00956066
2732	0.00955151
2730.07	0.00950308
2728.14	0.0094471
2726.22	0.00946586
2724.29	0.00956557
2722.36	0.00980396
2720.43	0.00979843
2718.5	0.00982561
2716.58	0.00988815
2714.65	0.00981182
2712.72	0.00988947
2710.79	0.00996866
2708.86	0.00996303
2706.94	0.00993039
2705.01	0.0099294
2703.08	0.0100298
2701.15	0.0101378
2699.23	0.0102141
2697.3	0.0103493
2695.37	0.0103171
2693.44	0.0103387
2691.51	0.0104159
2689.59	0.010478
2687.66	0.0105964
2685.73	0.0106325
2683.8	0.0106705
2681.87	0.0107156
2679.95	0.0107616
2678.02	0.0107763
2676.09	0.0108314
2674.16	0.0109581
2672.23	0.0109999
2670.31	0.011126
2668.38	0.0113697
2666.45	0.0114943
2664.52	0.0114711
2662.59	0.0113194
2660.67	0.0111999
2658.74	0.0113665
2656.81	0.0117099
2654.88	0.0118021
2652.95	0.0118181
2651.03	0.0119192
2649.1	0.0120195
2647.17	0.0123907
2645.24	0.0125384
2643.31	0.0124085
2641.39	0.0124027
2639.46	0.0124034
2637.53	0.0124476
2635.6	0.012531
2633.68	0.012629
2631.75	0.012696
2629.82	0.0128393
2627.89	0.0129496
2625.96	0.0130165
2624.04	0.0132062
2622.11	0.0134279
2620.18	0.0135884
2618.25	0.0136245
2616.32	0.0136217
2614.4	0.0138553
2612.47	0.0139569
2610.54	0.0138795
2608.61	0.0139249
2606.68	0.0140541
2604.76	0.0141666
2602.83	0.0144452
2600.9	0.014548
2598.97	0.0144725
2597.04	0.0146133
2595.12	0.0147418
2593.19	0.0149071
2591.26	0.0150683
2589.33	0.0151311
2587.4	0.0152135
2585.48	0.015229
2583.55	0.0152736
2581.62	0.0154236
2579.69	0.0155849
2577.77	0.015643
2575.84	0.0156403
2573.91	0.0157665
2571.98	0.0158788
2570.05	0.0159149
2568.13	0.0159846
2566.2	0.0161286
2564.27	0.0162213
2562.34	0.0163017
2560.41	0.016442
2558.49	0.0165825
2556.56	0.0167086
2554.63	0.0167543
2552.7	0.0167299
2550.77	0.0168727
2548.85	0.017149
2546.92	0.0172643
2544.99	0.0172875
2543.06	0.0173653
2541.13	0.0176025
2539.21	0.0177189
2537.28	0.0176787
2535.35	0.0176819
2533.42	0.0177514
2531.49	0.0179174
2529.57	0.0180734
2527.64	0.0181726
2525.71	0.0181862
2523.78	0.0183081
2521.85	0.0184942
2519.93	0.0186193
2518	0.0187055
2516.07	0.0187682
2514.14	0.0187946
2512.22	0.0189383
2510.29	0.0190676
2508.36	0.0191585
2506.43	0.0192814
2504.5	0.019456
2502.58	0.0194942
2500.65	0.0193828
2498.72	0.0195494
2496.79	0.0199166
2494.86	0.0199585
2492.94	0.0198138
2491.01	0.0198172
2489.08	0.0200906
2487.15	0.0202239
2485.22	0.0201986
2483.3	0.0201934
2481.37	0.020337
2479.44	0.0205206
2477.51	0.0207697
2475.58	0.0209048
2473.66	0.0209833
2471.73	0.0210297
2469.8	0.0210042
2467.87	0.0211132
2465.94	0.021214
2464.02	0.0214376
2462.09	0.0215133
2460.16	0.0214793
2458.23	0.0215709
2456.31	0.0218082
2454.38	0.0220214
2452.45	0.0220436
2450.52	0.0220348
2448.59	0.0223009
2446.67	0.0224732
2444.74	0.0223171
2442.81	0.0223583
2440.88	0.0224533
2438.95	0.0227167
2437.03	0.0230301
2435.1	0.0232031
2433.17	0.0234757
2431.24	0.0236059
2429.31	0.0236533
2427.39	0.0239071
2425.46	0.024264
2423.53	0.0244625
2421.6	0.0245635
2419.67	0.0247835
2417.75	0.0249541
2415.82	0.0250602
2413.89	0.0250362
2411.96	0.0250507
2410.04	0.0249775
2408.11	0.0248788
2406.18	0.024855
2404.25	0.0248621
2402.32	0.0249164
2400.4	0.0248386
2398.47	0.0249871
2396.54	0.0252534
2394.61	0.0252524
2392.68	0.0252645
2390.76	0.0255581
2388.83	0.0257665
2386.9	0.0257216
2384.97	0.0257904
2383.04	0.0259762
2381.12	0.0260786
2379.19	0.026217
2377.26	0.0265305
2375.33	0.0267008
2373.4	0.0266102
2371.48	0.0267292
2369.55	0.0269509
2367.62	0.0272134
2365.69	0.0273483
2363.76	0.0272803
2361.84	0.0274575
2359.91	0.027717
2357.98	0.0279918
2356.05	0.0281782
2354.12	0.0283645
2352.2	0.0284624
2350.27	0.0287148
2348.34	0.0291777
2346.41	0.0300007
2344.48	0.0310829
2342.56	0.0323718
2340.63	0.0324084
2338.7	0.0309702
2336.77	0.0302154
2334.85	0.0301553
2332.92	0.0303637
2330.99	0.0308155
2329.06	0.0312569
2327.13	0.0313797
2325.21	0.03143
2323.28	0.0315859
2321.35	0.0319004
2319.42	0.0321967
2317.49	0.0324907
2315.57	0.0326914
2313.64	0.0329024
2311.71	0.0332735
2309.78	0.0334851
2307.85	0.0334025
2305.93	0.0335272
2304	0.0338233
2302.07	0.0339958
2300.14	0.0341057
2298.21	0.0342867
2296.29	0.0345708
2294.36	0.0348332
2292.43	0.0350699
2290.5	0.0351916
2288.58	0.0354056
2286.65	0.0355155
2284.72	0.0355754
2282.79	0.0356983
2280.86	0.0358759
2278.94	0.03612
2277.01	0.036148
2275.08	0.0362874
2273.15	0.0364607
2271.22	0.0365125
2269.3	0.0366026
2267.37	0.0366955
2265.44	0.0366366
2263.51	0.036832
2261.58	0.0369545
2259.66	0.0368678
2257.73	0.0368433
2255.8	0.0368246
2253.87	0.0368884
2251.94	0.0370091
2250.02	0.037
2248.09	0.0370053
2246.16	0.0369593
2244.23	0.0368389
2242.3	0.0367096
2240.38	0.0367068
2238.45	0.0366887
2236.52	0.0366004
2234.59	0.0364653
2232.67	0.0365053
2230.74	0.036386
2228.81	0.0360393
2226.88	0.0358956
2224.95	0.0358723
2223.03	0.0357446
2221.1	0.035483
2219.17	0.0352488
2217.24	0.0350517
2215.31	0.0349095
2213.39	0.0346978
2211.46	0.0343739
2209.53	0.0342365
2207.6	0.0339817
2205.67	0.0337269
2203.75	0.0335955
2201.82	0.0334399
2199.89	0.0330481
2197.96	0.0326128
2196.03	0.03243
2194.11	0.032245
2192.18	0.0319284
2190.25	0.0317288
2188.32	0.0314344
2186.39	0.0311663
2184.47	0.0309351
2182.54	0.0305483
2180.61	0.0302582
2178.68	0.0299759
2176.75	0.0295888
2174.83	0.0293419
2172.9	0.0291254
2170.97	0.0288523
2169.04	0.0285618
2167.12	0.0284123
2165.19	0.0281624
2163.26	0.0278177
2161.33	0.0275572
2159.4	0.027265
2157.48	0.0269746
2155.55	0.0266076
2153.62	0.0262769
2151.69	0.0260415
2149.76	0.0257492
2147.84	0.0255072
2145.91	0.0252912
2143.98	0.0250932
2142.05	0.0249213
2140.12	0.0246231
2138.2	0.0243164
2136.27	0.0241754
2134.34	0.0239162
2132.41	0.0237404
2130.48	0.0235754
2128.56	0.0231635
2126.63	0.0228334
2124.7	0.0226627
2122.77	0.0224536
2120.84	0.0223311
2118.92	0.0220068
2116.99	0.0217138
2115.06	0.0216253
2113.13	0.0214663
2111.21	0.0213359
2109.28	0.0210767
2107.35	0.0207556
2105.42	0.0206614
2103.49	0.0205497
2101.57	0.0203515
2099.64	0.0201195
2097.71	0.0198408
2095.78	0.0196716
2093.85	0.0196256
2091.93	0.0194125
2090	0.0191907
2088.07	0.0189314
2086.14	0.0186977
2084.21	0.0186878
2082.29	0.0184
2080.36	0.0181989
2078.43	0.0181979
2076.5	0.0181882
2074.57	0.0180376
2072.65	0.0178648
2070.72	0.0177013
2068.79	0.0174957
2066.86	0.0173727
2064.93	0.0172433
2063.01	0.0171977
2061.08	0.0170084
2059.15	0.016976
2057.22	0.016954
2055.29	0.0167632
2053.37	0.0166442
2051.44	0.0164956
2049.51	0.0161891
2047.58	0.0160567
2045.66	0.0161699
2043.73	0.0160029
2041.8	0.0157745
2039.87	0.0157877
2037.94	0.0158192
2036.02	0.0156466
2034.09	0.0154062
2032.16	0.0154061
2030.23	0.0153292
2028.3	0.0152672
2026.38	0.0153352
2024.45	0.0152763
2022.52	0.0151228
2020.59	0.0149793
2018.66	0.0150408
2016.74	0.0151601
2014.81	0.0150652
2012.88	0.0149655
2010.95	0.0149092
2009.02	0.0148501
2007.1	0.0149008
2005.17	0.0150216
2003.24	0.0148671
2001.31	0.0146122
1999.38	0.0146565
1997.46	0.0147858
1995.53	0.0147597
1993.6	0.014849
1991.67	0.0147841
1989.75	0.0145728
1987.82	0.0146521
1985.89	0.0147651
1983.96	0.0148149
1982.03	0.0148332
1980.11	0.0148501
1978.18	0.0150202
1976.25	0.0150118
1974.32	0.0151542
1972.39	0.0153161
1970.47	0.0151978
1968.54	0.0152308
1966.61	0.0153107
1964.68	0.0153729
1962.75	0.0154225
1960.83	0.0153453
1958.9	0.0154893
1956.97	0.0155739
1955.04	0.0154366
1953.11	0.0155501
1951.19	0.0158655
1949.26	0.0161405
1947.33	0.016255
1945.4	0.0162909
1943.47	0.0164161
1941.55	0.0165868
1939.62	0.0166821
1937.69	0.016981
1935.76	0.0170983
1933.84	0.0170281
1931.91	0.0172713
1929.98	0.017432
1928.05	0.0175212
1926.12	0.017789
1924.2	0.0179704
1922.27	0.0181485
1920.34	0.0182343
1918.41	0.0183175
1916.48	0.018445
1914.56	0.0186678
1912.63	0.0189006
1910.7	0.0190473
1908.77	0.0193217
1906.84	0.0194885
1904.92	0.019697
1902.99	0.019869
1901.06	0.0199385
1899.13	0.0201882
1897.2	0.0206115
1895.28	0.0210204
1893.35	0.0210575
1891.42	0.0210239
1889.49	0.0211437
1887.56	0.0214441
1885.64	0.021653
1883.71	0.0218072
1881.78	0.022003
1879.85	0.0221788
1877.93	0.0223262
1876	0.0224123
1874.07	0.0224549
1872.14	0.0227594
1870.21	0.0230871
1868.29	0.0231339
1866.36	0.0233417
1864.43	0.0236951
1862.5	0.0237928
1860.57	0.0238456
1858.65	0.0240606
1856.72	0.0241647
1854.79	0.0243185
1852.86	0.0246722
1850.93	0.0249376
1849.01	0.0250866
1847.08	0.0251903
1845.15	0.0251616
1843.22	0.0254654
1841.29	0.0258628
1839.37	0.0260645
1837.44	0.0260812
1835.51	0.0261789
1833.58	0.0264715
1831.65	0.0267209
1829.73	0.0269079
1827.8	0.0271794
1825.87	0.0274435
1823.94	0.02771
1822.02	0.0278703
1820.09	0.0281164
1818.16	0.0283115
1816.23	0.028529
1814.3	0.0286177
1812.38	0.0288959
1810.45	0.0292007
1808.52	0.029458
1806.59	0.0297973
1804.66	0.0299487
1802.74	0.0302418
1800.81	0.0304893
1798.88	0.0305862
1796.95	0.0308955
1795.02	0.031289
1793.1	0.0314824
1791.17	0.0316286
1789.24	0.0319786
1787.31	0.0322584
1785.38	0.0325011
1783.46	0.0328315
1781.53	0.0331762
1779.6	0.0335898
1777.67	0.0338562
1775.74	0.033959
1773.82	0.0342534
1771.89	0.0346414
1769.96	0.0349478
1768.03	0.0353831
1766.1	0.035802
1764.18	0.0362688
1762.25	0.0367672
1760.32	0.0371791
1758.39	0.0374288
1756.46	0.0377654
1754.54	0.0380499
1752.61	0.0383128
1750.68	0.0388068
1748.75	0.0393217
1746.83	0.0398156
1744.9	0.0403854
1742.97	0.0408441
1741.04	0.0412117
1739.11	0.0416589
1737.19	0.0419774
1735.26	0.0423684
1733.33	0.0431534
1731.4	0.0439116
1729.47	0.0444153
1727.55	0.0447602
1725.62	0.045155
1723.69	0.0457494
1721.76	0.0463244
1719.83	0.046862
1717.91	0.0475827
1715.98	0.0480459
1714.05	0.0482684
1712.12	0.0486961
1710.19	0.0492547
1708.27	0.0499589
1706.34	0.050487
1704.41	0.0510235
1702.48	0.0512202
1700.55	0.0517106
1698.63	0.0525094
1696.7	0.0529773
1694.77	0.0534601
1692.84	0.0538949
1690.92	0.0543339
1688.99	0.0549076
1687.06	0.0551565
1685.13	0.0555387
1683.2	0.0560547
1681.28	0.056355
1679.35	0.0569586
1677.42	0.0576342
1675.49	0.0580528
1673.56	0.0585167
1671.64	0.0588664
1669.71	0.0590643
1667.78	0.0595459
1665.85	0.0600557
1663.92	0.0603154
1662	0.0604454
1660.07	0.0607812
1658.14	0.0613064
1656.21	0.0614508
1654.28	0.0614885
1652.36	0.0617585
1650.43	0.0619424
1648.5	0.0620097
1646.57	0.0622917
1644.65	0.0627422
1642.72	0.062827
1640.79	0.0627102
1638.86	0.0627783
1636.93	0.0628058
1635.01	0.0629985
1633.08	0.0632077
1631.15	0.0632502
1629.22	0.0632089
1627.29	0.0632902
1625.37	0.0633175
1623.44	0.0633466
1621.51	0.0634874
1619.58	0.0634322
1617.65	0.0634844
1615.73	0.0636107
1613.8	0.0634079
1611.87	0.0632851
1609.94	0.0633522
1608.01	0.0636393
1606.09	0.0637692
1604.16	0.063784
1602.23	0.0640065
1600.3	0.0638945
1598.37	0.0636278
1596.45	0.0638292
1594.52	0.0640244
1592.59	0.0639348
1590.66	0.0637492
1588.73	0.0635908
1586.81	0.0635902
1584.88	0.0637852
1582.95	0.0638345
1581.02	0.0637229
1579.1	0.0636652
1577.17	0.063787
1575.24	0.063906
1573.31	0.0637958
1571.38	0.0634924
1569.46	0.0633877
1567.53	0.0633063
1565.6	0.0632251
1563.67	0.0632319
1561.74	0.0632328
1559.82	0.0632251
1557.89	0.0630969
1555.96	0.0629434
1554.03	0.0627263
1552.1	0.0627487
1550.18	0.0627232
1548.25	0.0624664
1546.32	0.0623998
1544.39	0.0621381
1542.46	0.0621459
1540.54	0.061974
1538.61	0.0618092
1536.68	0.061778
1534.75	0.0616325
1532.82	0.0614052
1530.9	0.0613645
1528.97	0.0610528
1527.04	0.0608141
1525.11	0.060636
1523.19	0.060279
1521.26	0.0601459
1519.33	0.0599695
1517.4	0.0598262
1515.47	0.0598033
1513.55	0.0595562
1511.62	0.0592524
1509.69	0.0589726
1507.76	0.0585466
1505.83	0.0583534
1503.91	0.0583688
1501.98	0.0580654
1500.05	0.0576323
1498.12	0.0574159
1496.19	0.0572557
1494.27	0.0571063
1492.34	0.0568403
1490.41	0.056534
1488.48	0.0559966
1486.55	0.0553417
1484.63	0.0550116
1482.7	0.05517
1480.77	0.0552314
1478.84	0.0548202
1476.91	0.0543364
1474.99	0.0539324
1473.06	0.0537536
1471.13	0.053452
1469.2	0.0530853
1467.27	0.052796
1465.35	0.0525543
1463.42	0.0522871
1461.49	0.0517369
1459.56	0.0510989
1457.64	0.0508929
1455.71	0.0508455
1453.78	0.0504158
1451.85	0.050147
1449.92	0.0499538
1448	0.0497453
1446.07	0.0494674
1444.14	0.0491268
1442.21	0.0488053
1440.28	0.0484323
1438.36	0.0481471
1436.43	0.0478589
1434.5	0.0476818
1432.57	0.0472948
1430.64	0.0468691
1428.72	0.046338
1426.79	0.0459251
1424.86	0.045795
1422.93	0.0454456
1421	0.0450194
1419.08	0.0448526
1417.15	0.0447722
1415.22	0.0445439
1413.29	0.044097
1411.37	0.0437395
1409.44	0.0434146
1407.51	0.0429371
1405.58	0.0426857
1403.65	0.0425151
1401.73	0.0421046
1399.8	0.0415947
1397.87	0.0416781
1395.94	0.0416279
1394.01	0.0411313
1392.09	0.0409746
1390.16	0.040933
1388.23	0.0404067
1386.3	0.0397358
1384.37	0.0396966
1382.45	0.0397704
1380.52	0.0395852
1378.59	0.0390662
1376.66	0.0385328
1374.73	0.0384267
1372.81	0.03836
1370.88	0.0384147
1368.95	0.0383293
1367.02	0.037937
1365.09	0.0376127
1363.17	0.0375835
1361.24	0.0373008
1359.31	0.0367848
1357.38	0.0367925
1355.46	0.0367637
1353.53	0.0363005
1351.6	0.0360987
1349.67	0.036206
1347.74	0.0360674
1345.81	0.0359383
1343.89	0.0358239
1341.96	0.0356661
1340.03	0.0355495
1338.1	0.0354986
1336.18	0.03545
1334.25	0.0352694
1332.32	0.035279
1330.39	0.0352902
1328.46	0.0351708
1326.54	0.0349509
1324.61	0.034649
1322.68	0.0347182
1320.75	0.0348002
1318.82	0.0345596
1316.9	0.0344194
1314.97	0.0344325
1313.04	0.0340841
1311.11	0.0337258
1309.18	0.0337507
1307.26	0.0338184
1305.33	0.0336432
1303.4	0.0334987
1301.47	0.0333388
1299.54	0.0335716
1297.62	0.0336924
1295.69	0.0333868
1293.76	0.0333238
1291.83	0.0334834
1289.9	0.0334378
1287.98	0.0332904
1286.05	0.0329845
1284.12	0.0328889
1282.19	0.0330929
1280.27	0.0330472
1278.34	0.0327341
1276.41	0.0325631
1274.48	0.0326579
1272.55	0.0324753
1270.63	0.0322652
1268.7	0.0324096
1266.77	0.0326305
1264.84	0.0328291
1262.91	0.0327323
1260.99	0.0321915
1259.06	0.0320223
1257.13	0.0324552
1255.2	0.0326254
1253.27	0.0324479
1251.35	0.0321289
1249.42	0.0316534
1247.49	0.0315764
1245.56	0.0316936
1243.63	0.0316962
1241.71	0.0315154
1239.78	0.0314214
1237.85	0.0314904
1235.92	0.0313774
1233.99	0.0310317
1232.07	0.0309988
1230.14	0.0311763
1228.21	0.0311734
1226.28	0.0310837
1224.35	0.03101
1222.43	0.0307685
1220.5	0.0304838
1218.57	0.0305541
1216.64	0.0307523
1214.72	0.0304684
1212.79	0.0303907
1210.86	0.0306169
1208.93	0.0304994
1207	0.0303493
1205.08	0.0304762
1203.15	0.0306012
1201.22	0.0309416
1199.29	0.0307443
1197.36	0.0303166
1195.44	0.0302725
1193.51	0.0304191
1191.58	0.0301856
1189.65	0.0302312
1187.72	0.0303195
1185.8	0.0303544
1183.87	0.0305653
1181.94	0.030469
1180.01	0.0306835
1178.08	0.0309051
1176.16	0.0305127
1174.23	0.0301622
1172.3	0.0303377
1170.37	0.0306842
1168.44	0.0310161
1166.52	0.0310945
1164.59	0.0311983
1162.66	0.0314609
1160.73	0.0315559
1158.81	0.0310494
1156.88	0.0310115
1154.95	0.0313418
1153.02	0.0313812
1151.09	0.0315073
1149.17	0.0316265
1147.24	0.0315375
1145.31	0.0318456
1143.38	0.0317616
1141.45	0.0317296
1139.53	0.0319428
1137.6	0.0317201
1135.67	0.0315386
1133.74	0.0314459
1131.81	0.0310092
1129.89	0.0308022
1127.96	0.0306338
1126.03	0.0302544
1124.1	0.029928
1122.17	0.0300711
1120.25	0.0300662
1118.32	0.0298181
1116.39	0.0294785
1114.46	0.0289816
1112.54	0.0284635
1110.61	0.0280524
1108.68	0.0280657
1106.75	0.0275335
1104.82	0.0271198
1102.9	0.0262093
1100.97	0.0251609
1099.04	0.0246165
1097.11	0.024048
1095.18	0.023331
1093.26	0.0226021
1091.33	0.0220107
1089.4	0.021164
1087.47	0.0203158
1085.54	0.0199254
1083.62	0.0188042
1081.69	0.0176933
1079.76	0.018119
1077.83	0.0182657
1075.9	0.0175247
1073.98	0.0175781
1072.05	0.018133
1070.12	0.0179533
1068.19	0.0182848
1066.26	0.0185079
1064.34	0.0185512
1062.41	0.0187279
1060.48	0.0190767
1058.55	0.0191193
1056.62	0.0192372
1054.7	0.0193979
1052.77	0.0196124
1050.84	0.0198955
1048.91	0.0200669
1046.99	0.0206586
1045.06	0.0213957
1043.13	0.0219272
1041.2	0.0225649
1039.27	0.0231988
1037.35	0.0238137
1035.42	0.0247979
1033.49	0.0256851
1031.56	0.026065
1029.63	0.0270217
1027.71	0.0279194
1025.78	0.028592
1023.85	0.0298904
1021.92	0.0307016
1019.99	0.0313783
1018.07	0.0331129
1016.14	0.0343315
1014.21	0.0357538
1012.28	0.0371307
1010.35	0.0382305
1008.43	0.0396085
1006.5	0.0417712
1004.57	0.0436501
1002.64	0.0455372
1000.71	0.0475376
998.787	0.0497613
996.859	0.0524256
994.931	0.0553183
993.003	0.0585265
991.075	0.0616135
989.147	0.0651621
987.219	0.0689295
985.292	0.0726638
983.363	0.076953
981.436	0.0820158
979.507	0.0873368
977.58	0.0925957
975.652	0.0980828
973.724	0.1043
971.795	0.110739
969.868	0.116462
967.94	0.122923
966.012	0.129148
964.084	0.134626
962.156	0.14057
960.229	0.146471
958.3	0.151585
956.372	0.156822
954.444	0.161579
952.516	0.165268
950.589	0.168549
948.661	0.171872
946.732	0.175038
944.805	0.17727
942.876	0.178012
940.949	0.179237
939.021	0.180946
937.093	0.181811
935.165	0.182171
933.237	0.182511
931.309	0.182954
929.381	0.182528
927.453	0.18184
925.525	0.181479
923.598	0.180368
921.669	0.179175
919.742	0.178058
917.813	0.177079
915.885	0.17509
913.958	0.173247
912.03	0.171777
910.102	0.170389
908.174	0.169209
906.246	0.167336
904.318	0.165631
902.39	0.164254
900.462	0.162869
898.534	0.16198
896.606	0.159899
894.678	0.157012
892.75	0.155533
890.822	0.155143
888.895	0.153721
886.967	0.151898
885.039	0.150641
883.111	0.149948
881.183	0.149173
879.255	0.147576
877.327	0.145861
875.399	0.144489
873.471	0.143314
871.543	0.142007
869.615	0.140654
867.688	0.139784
865.759	0.138438
863.832	0.136583
861.903	0.135421
859.976	0.134228
858.048	0.132789
856.12	0.130697
854.191	0.129247
852.264	0.128429
850.336	0.127143
848.408	0.125432
846.48	0.124037
844.552	0.123154
842.625	0.121183
840.696	0.119588
838.768	0.11842
836.84	0.116822
834.912	0.114728
832.985	0.112919
831.057	0.110766
829.128	0.108917
827.201	0.106774
825.273	0.104242
823.345	0.102643
821.417	0.101384
819.489	0.0999587
817.561	0.0981873
815.633	0.0961408
813.705	0.0946244
811.777	0.093617
809.849	0.091955
807.921	0.0901588
805.994	0.0884981
804.065	0.086747
802.138	0.0847856
800.209	0.0833605
798.281	0.0827842
796.354	0.0808548
794.426	0.0790637
792.498	0.0787349
790.57	0.0773285
788.642	0.0747726
786.714	0.0729635
784.786	0.0716047
782.858	0.0703487
780.931	0.0686595
779.002	0.0664542
777.074	0.0654052
775.146	0.0646552
773.218	0.0634084
771.291	0.0615665
769.363	0.0597939
767.435	0.0582205
765.507	0.057554
763.579	0.0564948
761.65	0.0547787
759.723	0.0536615
757.795	0.052147
755.867	0.0511033
753.939	0.050103
752.011	0.048077
750.083	0.0457844
748.155	0.044792
746.227	0.0445131
744.3	0.0439581
742.372	0.0433131
740.444	0.0417426
738.516	0.0409065
736.587	0.0413245
734.66	0.0404467
732.732	0.0394123
730.804	0.0388833
728.876	0.037853
726.948	0.0373734
725.021	0.0372432
723.092	0.0358751
721.164	0.0353856
719.236	0.0355214
717.308	0.0351249
715.38	0.0344929
713.453	0.0338517
711.524	0.0334441
709.597	0.0331343
707.669	0.032319
705.741	0.031675
703.813	0.0311896
701.885	0.0304998
699.957	0.0299386
698.029	0.0298037
696.101	0.0302587
694.173	0.029697
692.245	0.0286488
690.317	0.0277782
688.39	0.0273177
686.461	0.0273545
684.533	0.0266933
682.605	0.0267561
680.678	0.0272546
678.75	0.0266078
676.822	0.0265049
674.894	0.0257054
672.966	0.0249444
671.038	0.0249514
669.11	0.0253909
667.182	0.0256616
665.254	0.0251024
663.327	0.0248561
661.398	0.0254145
659.47	0.0246109
657.542	0.0241316
655.614	0.0247684
653.687	0.0233031
651.759	0.0219072
649.831	0.0216622
647.903	0.0219968
645.975	0.0223792
644.047	0.0222209
642.119	0.0229379
640.191	0.0221548
638.263	0.0218875
636.335	0.0235333
634.407	0.0241697
632.479	0.0232059
630.551	0.0216081
628.623	0.0214189
626.696	0.0216113
624.768	0.0212308
622.84	0.0201777
620.912	0.0195813
618.983	0.0205496
617.056	0.0207643
615.128	0.0189191
613.2	0.0199062
611.272	0.0211321
609.344	0.0195416
607.417	0.0178503
605.488	0.0181135
603.56	0.019427
601.632	0.0194816
599.705	0.019826
597.776	0.0196021
595.849	0.0189328
593.92	0.0189055
591.993	0.0185599
590.065	0.0192482
588.137	0.0201257
586.209	0.0195074
584.281	0.0195632
582.353	0.0201095
580.425	0.0190508
578.497	0.0180754
576.569	0.0177591
574.641	0.0177025
572.713	0.0193131
570.786	0.0199927
568.857	0.019589
566.929	0.0188789
565.001	0.0194927
563.074	0.0188436
561.146	0.0173889
559.218	0.0173501
557.29	0.0173165
555.362	0.0164072
553.434	0.0159217
551.506	0.0160473
549.578	0.0168287
547.65	0.0160212
545.723	0.0150704
543.794	0.0132805
541.866	0.0119371
539.938	0.011722
538.01	0.0136642
536.083	0.0143386
534.155	0.0125466
532.227	0.0125152
530.299	0.0146854
528.371	0.016212
526.443	0.0170955
524.515	0.015693
522.587	0.0150149
520.659	0.0166379
518.731	0.0175685
516.803	0.0181317
514.875	0.0173577
512.947	0.0152024
511.019	0.0145679
509.092	0.0165513
507.164	0.0176108
505.235	0.0182245
503.308	0.015217
501.379	0.0143245
499.452	0.0165348
497.524	0.0164043
495.596	0.0181192
493.668	0.0191762
491.74	0.0169846
489.812	0.0152915
487.884	0.0173198
485.956	0.0177339
484.028	0.0192859
482.101	0.0197081
480.172	0.0207556
478.245	0.0220023
476.316	0.0190034
474.389	0.0160224
472.461	0.0153111
470.533	0.0204042
468.605	0.0245875
466.677	0.0206228
464.749	0.0191191
462.821	0.0209512
460.893	0.0193744
458.965	0.0203637
457.037	0.0242615
455.109	0.0278025
453.182	0.0231422
451.253	0.0230642
449.325	0.0207396
447.398	0.0167784
445.47	0.0233064
443.542	0.0318552
441.614	0.0293391
439.686	0.0264275
437.758	0.0302024
435.83	0.0330699
433.902	0.0233591
431.974	0.0236863
430.046	0.0237669
428.119	0.0209745
426.19	0.029553
424.262	0.0377599
422.334	0.0336152
420.406	0.0365957
418.479	0.0322245
416.551	0.0170864
414.623	0.0126996
412.695	0.0335167
410.767	0.0592291
408.839	0.0682624
406.911	0.0681123
404.983	0.0581223
403.055	0.0674552
401.127	0.0756152
