H2O0086.spa, Mon Jun 18 23:42:29 2007 (GMT-10:00)
7000.45	0.0217672
6998.52	0.0230684
6996.59	0.02386
6994.66	0.0227343
6992.73	0.022848
6990.81	0.0234946
6988.88	0.0231921
6986.95	0.0239959
6985.02	0.0241696
6983.1	0.0238616
6981.17	0.0236797
6979.24	0.0246381
6977.31	0.0252022
6975.38	0.0250799
6973.46	0.0245413
6971.53	0.0244313
6969.6	0.0235341
6967.67	0.0216485
6965.74	0.0212775
6963.82	0.0224139
6961.89	0.0251432
6959.96	0.0249463
6958.03	0.02457
6956.1	0.0236776
6954.18	0.0218509
6952.25	0.0224793
6950.32	0.0225353
6948.39	0.0236145
6946.46	0.0251745
6944.54	0.0252271
6942.61	0.02396
6940.68	0.0243528
6938.75	0.0228813
6936.82	0.0216759
6934.9	0.022843
6932.97	0.0221283
6931.04	0.0232332
6929.11	0.025191
6927.19	0.0260546
6925.26	0.027001
6923.33	0.0262691
6921.4	0.0246072
6919.47	0.0241112
6917.55	0.0232602
6915.62	0.0226877
6913.69	0.0242603
6911.76	0.0247736
6909.83	0.0237767
6907.91	0.0247462
6905.98	0.0253075
6904.05	0.0243509
6902.12	0.0238634
6900.19	0.0243267
6898.27	0.0245658
6896.34	0.0240397
6894.41	0.0237649
6892.48	0.0232232
6890.55	0.0225198
6888.63	0.0227962
6886.7	0.0236736
6884.77	0.0247924
6882.84	0.0242897
6880.92	0.0228807
6878.99	0.0244142
6877.06	0.0255417
6875.13	0.0240574
6873.2	0.0238255
6871.28	0.0250401
6869.35	0.0251757
6867.42	0.0240524
6865.49	0.02426
6863.56	0.024095
6861.64	0.0234146
6859.71	0.0237693
6857.78	0.0228898
6855.85	0.0223965
6853.92	0.0230353
6852	0.0221641
6850.07	0.0226995
6848.14	0.0237928
6846.21	0.0236746
6844.28	0.0232725
6842.36	0.0237217
6840.43	0.0250772
6838.5	0.0243777
6836.57	0.0233927
6834.64	0.0227698
6832.72	0.0219632
6830.79	0.0233868
6828.86	0.0237011
6826.93	0.0244348
6825	0.0236926
6823.08	0.0227995
6821.15	0.0215782
6819.22	0.0222302
6817.29	0.0244793
6815.37	0.0254057
6813.44	0.0266332
6811.51	0.0265624
6809.58	0.0250886
6807.65	0.0246331
6805.73	0.0248711
6803.8	0.0250243
6801.87	0.024846
6799.94	0.0246389
6798.01	0.0243224
6796.09	0.0241647
6794.16	0.0253857
6792.23	0.0268601
6790.3	0.0261163
6788.37	0.0255398
6786.45	0.0249708
6784.52	0.0241117
6782.59	0.0242806
6780.66	0.0246931
6778.73	0.0244118
6776.81	0.023163
6774.88	0.0235026
6772.95	0.0244337
6771.02	0.0251982
6769.09	0.025546
6767.17	0.0254719
6765.24	0.0257989
6763.31	0.0254477
6761.38	0.0237243
6759.46	0.0233917
6757.53	0.0241848
6755.6	0.0248102
6753.67	0.0248571
6751.74	0.0249177
6749.82	0.0238186
6747.89	0.0237122
6745.96	0.0245472
6744.03	0.0246196
6742.1	0.0247004
6740.18	0.0260895
6738.25	0.026988
6736.32	0.0267131
6734.39	0.02552
6732.46	0.0253308
6730.54	0.0264273
6728.61	0.0258573
6726.68	0.0255425
6724.75	0.0250293
6722.82	0.0243328
6720.9	0.0238555
6718.97	0.0233542
6717.04	0.0232549
6715.11	0.0232258
6713.18	0.0241304
6711.26	0.0252689
6709.33	0.0249662
6707.4	0.024703
6705.47	0.0252817
6703.54	0.0252867
6701.62	0.0255516
6699.69	0.0252149
6697.76	0.024817
6695.83	0.0258576
6693.91	0.0268282
6691.98	0.0255914
6690.05	0.0243827
6688.12	0.0236918
6686.19	0.0246012
6684.27	0.0255802
6682.34	0.0255195
6680.41	0.0248507
6678.48	0.0253958
6676.55	0.0254678
6674.63	0.024734
6672.7	0.0243255
6670.77	0.024411
6668.84	0.0246326
6666.91	0.0248611
6664.99	0.0248467
6663.06	0.024848
6661.13	0.0251693
6659.2	0.0247316
6657.27	0.0242595
6655.35	0.025556
6653.42	0.0270528
6651.49	0.0261941
6649.56	0.024319
6647.63	0.0245121
6645.71	0.0266802
6643.78	0.0260687
6641.85	0.0254022
6639.92	0.0252686
6638	0.0257844
6636.07	0.0260387
6634.14	0.0254074
6632.21	0.0251127
6630.28	0.0254508
6628.36	0.0252569
6626.43	0.0248833
6624.5	0.0258172
6622.57	0.0257736
6620.64	0.0241823
6618.72	0.0244429
6616.79	0.025791
6614.86	0.0245955
6612.93	0.0236197
6611	0.0243524
6609.08	0.0249012
6607.15	0.0252294
6605.22	0.0232924
6603.29	0.0231346
6601.36	0.0241162
6599.44	0.0245059
6597.51	0.0236487
6595.58	0.0233537
6593.65	0.0242259
6591.72	0.0250867
6589.8	0.0248049
6587.87	0.0236573
6585.94	0.0234313
6584.01	0.0237807
6582.08	0.0232439
6580.16	0.0233916
6578.23	0.023662
6576.3	0.0238096
6574.37	0.0238243
6572.45	0.0241578
6570.52	0.0234073
6568.59	0.0224966
6566.66	0.0231278
6564.73	0.0242045
6562.81	0.0247601
6560.88	0.0237118
6558.95	0.0224988
6557.02	0.0234891
6555.09	0.0237233
6553.17	0.0225689
6551.24	0.0228635
6549.31	0.0240328
6547.38	0.0240571
6545.45	0.0232569
6543.53	0.0237346
6541.6	0.0240667
6539.67	0.0241517
6537.74	0.0243064
6535.81	0.0240658
6533.89	0.0236634
6531.96	0.0245605
6530.03	0.0248754
6528.1	0.0240417
6526.17	0.0226877
6524.25	0.0220853
6522.32	0.0231747
6520.39	0.0234197
6518.46	0.022307
6516.54	0.0219916
6514.61	0.0218067
6512.68	0.0227211
6510.75	0.023092
6508.82	0.0228503
6506.9	0.0225467
6504.97	0.0219145
6503.04	0.0218815
6501.11	0.0214973
6499.18	0.0218946
6497.26	0.0223101
6495.33	0.0223547
6493.4	0.022041
6491.47	0.0216428
6489.54	0.0222418
6487.62	0.0220415
6485.69	0.0222876
6483.76	0.0226705
6481.83	0.0225933
6479.9	0.0220128
6477.98	0.0224966
6476.05	0.0227504
6474.12	0.0225971
6472.19	0.0220842
6470.26	0.022275
6468.34	0.0218247
6466.41	0.021228
6464.48	0.0215255
6462.55	0.021922
6460.62	0.021402
6458.7	0.0221877
6456.77	0.0227879
6454.84	0.0223265
6452.91	0.0222166
6450.99	0.0221306
6449.06	0.0222821
6447.13	0.022693
6445.2	0.022372
6443.27	0.0224736
6441.35	0.0225563
6439.42	0.021479
6437.49	0.0212051
6435.56	0.0212995
6433.63	0.0216723
6431.71	0.0219682
6429.78	0.0222082
6427.85	0.0225383
6425.92	0.0215125
6423.99	0.0209264
6422.07	0.0215455
6420.14	0.0219328
6418.21	0.0218376
6416.28	0.0210132
6414.35	0.0219294
6412.43	0.0229832
6410.5	0.0220121
6408.57	0.0217747
6406.64	0.0214702
6404.71	0.020805
6402.79	0.0214258
6400.86	0.022572
6398.93	0.0221653
6397	0.0213019
6395.08	0.0213738
6393.15	0.0219266
6391.22	0.0223653
6389.29	0.0222519
6387.36	0.0209649
6385.44	0.0211119
6383.51	0.0210148
6381.58	0.0210359
6379.65	0.0217273
6377.72	0.0226676
6375.8	0.022743
6373.87	0.0215607
6371.94	0.0215177
6370.01	0.0222006
6368.08	0.0213292
6366.16	0.0207343
6364.23	0.0215294
6362.3	0.0212018
6360.37	0.0203088
6358.44	0.0198874
6356.52	0.0205081
6354.59	0.0208459
6352.66	0.0195388
6350.73	0.0198457
6348.8	0.0200169
6346.88	0.0200334
6344.95	0.0202309
6343.02	0.020252
6341.09	0.0201718
6339.17	0.0205422
6337.24	0.0203404
6335.31	0.0189096
6333.38	0.018491
6331.45	0.0190662
6329.53	0.0197927
6327.6	0.0198759
6325.67	0.0194739
6323.74	0.0196887
6321.81	0.0189489
6319.89	0.0192931
6317.96	0.0201896
6316.03	0.0192246
6314.1	0.0196894
6312.17	0.0202438
6310.25	0.0192753
6308.32	0.0185031
6306.39	0.0185751
6304.46	0.0192571
6302.53	0.0193897
6300.61	0.0180673
6298.68	0.0180015
6296.75	0.0182204
6294.82	0.0181584
6292.9	0.0193484
6290.97	0.0195531
6289.04	0.0188321
6287.11	0.0180545
6285.18	0.0187006
6283.26	0.0195786
6281.33	0.0190685
6279.4	0.0187479
6277.47	0.0187588
6275.54	0.0180652
6273.62	0.0180935
6271.69	0.0180147
6269.76	0.018074
6267.83	0.0184472
6265.9	0.0182229
6263.98	0.0176863
6262.05	0.0166569
6260.12	0.016749
6258.19	0.0173731
6256.26	0.0173826
6254.34	0.0173707
6252.41	0.0177874
6250.48	0.0177904
6248.55	0.0172007
6246.62	0.0167726
6244.7	0.016344
6242.77	0.0166703
6240.84	0.0166434
6238.91	0.0177297
6236.98	0.0177893
6235.06	0.0165566
6233.13	0.0158623
6231.2	0.0161916
6229.27	0.0171871
6227.35	0.0175551
6225.42	0.0169697
6223.49	0.0169735
6221.56	0.0168266
6219.63	0.0168308
6217.71	0.0169877
6215.78	0.0174365
6213.85	0.0174658
6211.92	0.0168142
6209.99	0.0174982
6208.07	0.0175536
6206.14	0.0167922
6204.21	0.0164331
6202.28	0.0167131
6200.35	0.0172282
6198.43	0.0165177
6196.5	0.0161084
6194.57	0.0170029
6192.64	0.0176652
6190.71	0.0176062
6188.79	0.0174764
6186.86	0.0164363
6184.93	0.016416
6183	0.0165563
6181.07	0.0170576
6179.15	0.0168415
6177.22	0.0159081
6175.29	0.015677
6173.36	0.0154307
6171.44	0.0158383
6169.51	0.0161104
6167.58	0.0158051
6165.65	0.0162739
6163.72	0.0162274
6161.8	0.0161344
6159.87	0.0169295
6157.94	0.0169611
6156.01	0.0164303
6154.08	0.0162114
6152.16	0.016243
6150.23	0.0163885
6148.3	0.0163729
6146.37	0.0153331
6144.44	0.0147704
6142.52	0.0158148
6140.59	0.0160246
6138.66	0.0162033
6136.73	0.0165974
6134.8	0.0162535
6132.88	0.0153006
6130.95	0.015181
6129.02	0.0158433
6127.09	0.0162177
6125.16	0.015915
6123.24	0.0158772
6121.31	0.0164556
6119.38	0.0163794
6117.45	0.0157965
6115.52	0.0154293
6113.6	0.0158633
6111.67	0.0159771
6109.74	0.0150139
6107.81	0.0146834
6105.89	0.0159074
6103.96	0.0158404
6102.03	0.0150014
6100.1	0.0145389
6098.17	0.0147754
6096.25	0.0151395
6094.32	0.0153586
6092.39	0.0157512
6090.46	0.0153107
6088.53	0.0147865
6086.61	0.0148679
6084.68	0.0149336
6082.75	0.0151927
6080.82	0.015259
6078.89	0.0154167
6076.97	0.0156321
6075.04	0.0157641
6073.11	0.0157434
6071.18	0.0158225
6069.25	0.0157497
6067.33	0.0156207
6065.4	0.0161139
6063.47	0.0162819
6061.54	0.015928
6059.61	0.0157867
6057.69	0.0164189
6055.76	0.0160262
6053.83	0.0151087
6051.9	0.0151909
6049.98	0.0156163
6048.05	0.016147
6046.12	0.0161739
6044.19	0.0157356
6042.26	0.0155932
6040.34	0.0152091
6038.41	0.015202
6036.48	0.0149566
6034.55	0.0149632
6032.62	0.0152322
6030.7	0.0141293
6028.77	0.0134909
6026.84	0.0141199
6024.91	0.0144934
6022.98	0.0143792
6021.06	0.0144627
6019.13	0.0141866
6017.2	0.013985
6015.27	0.0146914
6013.34	0.0145315
6011.42	0.014104
6009.49	0.0143816
6007.56	0.014112
6005.63	0.0136804
6003.7	0.0133871
6001.78	0.0130423
5999.85	0.0130581
5997.92	0.0128979
5995.99	0.0132763
5994.06	0.0132413
5992.14	0.0128697
5990.21	0.0133061
5988.28	0.0128107
5986.35	0.0126687
5984.43	0.012756
5982.5	0.0127414
5980.57	0.0128531
5978.64	0.0131555
5976.71	0.0130086
5974.79	0.0129475
5972.86	0.012663
5970.93	0.0119523
5969	0.0120621
5967.07	0.0128884
5965.15	0.0127532
5963.22	0.0127701
5961.29	0.013095
5959.36	0.0129362
5957.43	0.0126818
5955.51	0.0126556
5953.58	0.0125418
5951.65	0.012198
5949.72	0.0120471
5947.79	0.0117241
5945.87	0.0112615
5943.94	0.0117772
5942.01	0.0122658
5940.08	0.0122902
5938.15	0.0124703
5936.23	0.012434
5934.3	0.0122106
5932.37	0.0117896
5930.44	0.0115413
5928.52	0.0116044
5926.59	0.011595
5924.66	0.0115844
5922.73	0.011671
5920.8	0.0116131
5918.88	0.0123815
5916.95	0.0120604
5915.02	0.0113605
5913.09	0.011093
5911.16	0.0109862
5909.24	0.0116482
5907.31	0.012279
5905.38	0.0119708
5903.45	0.0113955
5901.52	0.0112595
5899.6	0.0117043
5897.67	0.0113988
5895.74	0.0105792
5893.81	0.0102974
5891.88	0.0104262
5889.96	0.0110325
5888.03	0.0109816
5886.1	0.0108005
5884.17	0.0112504
5882.25	0.0114884
5880.32	0.0110773
5878.39	0.0114337
5876.46	0.0114169
5874.53	0.0109507
5872.6	0.0113032
5870.68	0.0115424
5868.75	0.0116585
5866.82	0.0113682
5864.89	0.0107807
5862.97	0.0109861
5861.04	0.0112288
5859.11	0.0113351
5857.18	0.0108413
5855.25	0.010868
5853.33	0.0102286
5851.4	0.00978884
5849.47	0.0100677
5847.54	0.00960794
5845.61	0.00922397
5843.69	0.0095908
5841.76	0.0102379
5839.83	0.0104125
5837.9	0.0102744
5835.97	0.0102054
5834.05	0.0100842
5832.12	0.0102188
5830.19	0.00971944
5828.26	0.00937261
5826.33	0.00896804
5824.41	0.00922867
5822.48	0.0103616
5820.55	0.0108076
5818.62	0.0103871
5816.7	0.0104584
5814.77	0.0100074
5812.84	0.00906783
5810.91	0.0095004
5808.98	0.0104265
5807.06	0.0110843
5805.13	0.0110892
5803.2	0.00984307
5801.27	0.00932217
5799.34	0.00989839
5797.42	0.0100035
5795.49	0.00993398
5793.56	0.00989459
5791.63	0.00977237
5789.7	0.00958423
5787.78	0.00963139
5785.85	0.0100258
5783.92	0.0103588
5781.99	0.0101408
5780.06	0.0100687
5778.14	0.00974214
5776.21	0.00948303
5774.28	0.0100306
5772.35	0.0100504
5770.42	0.00984476
5768.5	0.0100794
5766.57	0.0101686
5764.64	0.00967031
5762.71	0.0092855
5760.79	0.00946979
5758.86	0.00947887
5756.93	0.00935145
5755	0.00942241
5753.07	0.0093395
5751.15	0.00957444
5749.22	0.0100156
5747.29	0.00958782
5745.36	0.00960991
5743.43	0.00984293
5741.51	0.00993018
5739.58	0.00993242
5737.65	0.00929948
5735.72	0.00866047
5733.79	0.00897274
5731.87	0.00928676
5729.94	0.00896614
5728.01	0.00881883
5726.08	0.00915967
5724.15	0.0093717
5722.23	0.00940924
5720.3	0.00941805
5718.37	0.00909727
5716.44	0.00861805
5714.51	0.00884101
5712.59	0.00881146
5710.66	0.0087533
5708.73	0.00838494
5706.8	0.00838332
5704.88	0.00885606
5702.95	0.00904131
5701.02	0.0089973
5699.09	0.00877815
5697.16	0.00918133
5695.24	0.00954423
5693.31	0.00918434
5691.38	0.00860977
5689.45	0.00910471
5687.52	0.00935338
5685.6	0.00887571
5683.67	0.00897744
5681.74	0.00924421
5679.81	0.00906428
5677.88	0.00907623
5675.96	0.00928781
5674.03	0.00891727
5672.1	0.00838089
5670.17	0.00857932
5668.24	0.00819291
5666.32	0.00801261
5664.39	0.00828834
5662.46	0.00830344
5660.53	0.00815905
5658.6	0.0081629
5656.68	0.0082027
5654.75	0.00839626
5652.82	0.00869857
5650.89	0.00907944
5648.96	0.00868545
5647.04	0.00880726
5645.11	0.00878897
5643.18	0.00836599
5641.25	0.00874427
5639.33	0.00865966
5637.4	0.00860105
5635.47	0.00846717
5633.54	0.00820605
5631.61	0.00845663
5629.69	0.00819524
5627.76	0.00798649
5625.83	0.00840514
5623.9	0.00844477
5621.97	0.00829337
5620.05	0.00860666
5618.12	0.00853235
5616.19	0.00832411
5614.26	0.00858446
5612.33	0.00785367
5610.41	0.00738489
5608.48	0.0079682
5606.55	0.00842224
5604.62	0.00913554
5602.69	0.00916474
5600.77	0.00854228
5598.84	0.00823819
5596.91	0.00832401
5594.98	0.00842832
5593.05	0.00825464
5591.13	0.00836001
5589.2	0.00834647
5587.27	0.00797518
5585.34	0.00774059
5583.42	0.00784662
5581.49	0.00811151
5579.56	0.00796114
5577.63	0.00793226
5575.7	0.00803306
5573.78	0.00751436
5571.85	0.00759393
5569.92	0.00796097
5567.99	0.00790789
5566.06	0.0079822
5564.14	0.00847822
5562.21	0.00841984
5560.28	0.00804187
5558.35	0.00772248
5556.42	0.00776377
5554.5	0.00812657
5552.57	0.00829976
5550.64	0.00792861
5548.71	0.00765493
5546.78	0.007783
5544.86	0.00844812
5542.93	0.00850761
5541	0.00786217
5539.07	0.00747155
5537.14	0.0076526
5535.22	0.00729097
5533.29	0.00732618
5531.36	0.00793381
5529.43	0.00800481
5527.5	0.00791191
5525.58	0.00778472
5523.65	0.00765318
5521.72	0.00740413
5519.79	0.00715911
5517.87	0.00738128
5515.94	0.00784419
5514.01	0.0079218
5512.08	0.00789942
5510.15	0.00770653
5508.23	0.00763918
5506.3	0.0080628
5504.37	0.0079029
5502.44	0.00778924
5500.51	0.008004
5498.59	0.00809193
5496.66	0.00797687
5494.73	0.00758014
5492.8	0.00740343
5490.87	0.00757653
5488.95	0.0073181
5487.02	0.00739301
5485.09	0.00752694
5483.16	0.00760779
5481.23	0.00750924
5479.31	0.00731759
5477.38	0.00728134
5475.45	0.00710939
5473.52	0.00732908
5471.59	0.00779544
5469.67	0.00766188
5467.74	0.00706157
5465.81	0.00724852
5463.88	0.00732615
5461.96	0.00719856
5460.03	0.00712694
5458.1	0.00727706
5456.17	0.00759255
5454.24	0.00738937
5452.32	0.00736285
5450.39	0.00768784
5448.46	0.00736828
5446.53	0.00713159
5444.6	0.0070609
5442.68	0.00683579
5440.75	0.00636508
5438.82	0.00609476
5436.89	0.00624378
5434.96	0.00677578
5433.04	0.00709693
5431.11	0.00721304
5429.18	0.00693846
5427.25	0.00702638
5425.32	0.00682805
5423.4	0.00672284
5421.47	0.00655553
5419.54	0.00681856
5417.61	0.00716032
5415.68	0.00671207
5413.76	0.00668492
5411.83	0.00699937
5409.9	0.00703325
5407.97	0.00728592
5406.04	0.00721971
5404.12	0.00716763
5402.19	0.00720135
5400.26	0.00750313
5398.33	0.00763871
5396.41	0.00738256
5394.48	0.00723858
5392.55	0.0075857
5390.62	0.00725381
5388.69	0.00678338
5386.77	0.00671268
5384.84	0.00695587
5382.91	0.00704497
5380.98	0.00734155
5379.05	0.00743983
5377.13	0.00718646
5375.2	0.00697759
5373.27	0.00727692
5371.34	0.00715328
5369.41	0.00686797
5367.49	0.00694338
5365.56	0.00716187
5363.63	0.00691002
5361.7	0.00664787
5359.77	0.00689891
5357.85	0.00698095
5355.92	0.00667032
5353.99	0.00638112
5352.06	0.00652236
5350.13	0.00694469
5348.21	0.00721698
5346.28	0.00699867
5344.35	0.00676841
5342.42	0.00686053
5340.5	0.00692251
5338.57	0.00682865
5336.64	0.00673657
5334.71	0.00661359
5332.78	0.006589
5330.86	0.00665935
5328.93	0.00665871
5327	0.00681906
5325.07	0.00721813
5323.14	0.00741758
5321.22	0.00713428
5319.29	0.00709737
5317.36	0.00714907
5315.43	0.00727503
5313.5	0.00743659
5311.58	0.00702207
5309.65	0.00686201
5307.72	0.00707353
5305.79	0.00726513
5303.86	0.00735456
5301.94	0.00732127
5300.01	0.00713085
5298.08	0.00735355
5296.15	0.00739483
5294.22	0.00712196
5292.3	0.00731763
5290.37	0.00752104
5288.44	0.00748072
5286.51	0.00724309
5284.58	0.0070837
5282.66	0.00714661
5280.73	0.00716672
5278.8	0.00702631
5276.87	0.00720799
5274.95	0.00710882
5273.02	0.00689951
5271.09	0.00703032
5269.16	0.00741141
5267.23	0.0074676
5265.31	0.0071645
5263.38	0.00732538
5261.45	0.0074495
5259.52	0.00741438
5257.59	0.00750445
5255.67	0.0075178
5253.74	0.00742156
5251.81	0.00731884
5249.88	0.00730364
5247.95	0.00758503
5246.03	0.00767473
5244.1	0.00732895
5242.17	0.00725846
5240.24	0.00775277
5238.31	0.00788934
5236.39	0.00767722
5234.46	0.00760185
5232.53	0.00761052
5230.6	0.0075533
5228.67	0.00733697
5226.75	0.00726698
5224.82	0.00794613
5222.89	0.00843183
5220.96	0.00835018
5219.04	0.00815476
5217.11	0.00790509
5215.18	0.00797049
5213.25	0.00825805
5211.32	0.00854441
5209.4	0.00881561
5207.47	0.008772
5205.54	0.00870246
5203.61	0.00841835
5201.68	0.00814635
5199.76	0.00800411
5197.83	0.00834491
5195.9	0.00853813
5193.97	0.00864151
5192.04	0.00838329
5190.12	0.00834978
5188.19	0.00877612
5186.26	0.00914454
5184.33	0.00922366
5182.4	0.00911138
5180.48	0.00902724
5178.55	0.00898871
5176.62	0.00914119
5174.69	0.00948415
5172.77	0.00953163
5170.84	0.00965307
5168.91	0.00963769
5166.98	0.00944998
5165.05	0.00966587
5163.12	0.00972507
5161.2	0.00957502
5159.27	0.0094705
5157.34	0.0095549
5155.41	0.00959704
5153.49	0.00979908
5151.56	0.00986442
5149.63	0.00969589
5147.7	0.0099708
5145.77	0.0101791
5143.85	0.0103425
5141.92	0.010236
5139.99	0.0102607
5138.06	0.0103353
5136.13	0.010302
5134.21	0.0104689
5132.28	0.0106107
5130.35	0.0106679
5128.42	0.0104882
5126.49	0.0107412
5124.57	0.0110256
5122.64	0.0109798
5120.71	0.0106579
5118.78	0.0103896
5116.85	0.010792
5114.93	0.0111464
5113	0.01125
5111.07	0.011516
5109.14	0.0116631
5107.22	0.0117246
5105.29	0.0117361
5103.36	0.0118181
5101.43	0.0116234
5099.5	0.0114491
5097.58	0.0114708
5095.65	0.0115092
5093.72	0.0117202
5091.79	0.0120894
5089.86	0.0119093
5087.94	0.0117297
5086.01	0.0119639
5084.08	0.0121668
5082.15	0.0121192
5080.22	0.0120189
5078.3	0.0119438
5076.37	0.01192
5074.44	0.0121335
5072.51	0.0124576
5070.58	0.0125113
5068.66	0.0124844
5066.73	0.0124806
5064.8	0.0125693
5062.87	0.0125221
5060.94	0.0121485
5059.02	0.012243
5057.09	0.0124114
5055.16	0.0124426
5053.23	0.0126989
5051.3	0.0127754
5049.38	0.0129123
5047.45	0.0131819
5045.52	0.0131781
5043.59	0.0128634
5041.67	0.012736
5039.74	0.0129794
5037.81	0.0130577
5035.88	0.012934
5033.95	0.0131321
5032.03	0.0136405
5030.1	0.0133951
5028.17	0.0133114
5026.24	0.0132869
5024.31	0.0133446
5022.39	0.0135988
5020.46	0.0136214
5018.53	0.0133554
5016.6	0.0132779
5014.67	0.013335
5012.75	0.0133886
5010.82	0.013311
5008.89	0.0134162
5006.96	0.0135266
5005.03	0.0135856
5003.11	0.013669
5001.18	0.0135942
4999.25	0.0133961
4997.32	0.0136147
4995.4	0.0137742
4993.47	0.0136723
4991.54	0.0136593
4989.61	0.0136741
4987.68	0.0136885
4985.76	0.013823
4983.83	0.0138102
4981.9	0.0138289
4979.97	0.0137314
4978.04	0.013693
4976.12	0.0137778
4974.19	0.0139758
4972.26	0.014004
4970.33	0.0138577
4968.4	0.0136809
4966.48	0.0137726
4964.55	0.0137323
4962.62	0.0136328
4960.69	0.0137244
4958.76	0.0136547
4956.84	0.0136637
4954.91	0.0137036
4952.98	0.0137309
4951.05	0.0136356
4949.12	0.0137585
4947.2	0.0136751
4945.27	0.0133154
4943.34	0.013492
4941.41	0.0137895
4939.48	0.0137405
4937.56	0.0138265
4935.63	0.0138873
4933.7	0.0137332
4931.77	0.0134354
4929.85	0.0133235
4927.92	0.0132389
4925.99	0.0133081
4924.06	0.0135293
4922.13	0.013547
4920.21	0.0132996
4918.28	0.0135398
4916.35	0.0134945
4914.42	0.0134559
4912.49	0.0134151
4910.57	0.0130525
4908.64	0.0130054
4906.71	0.0128452
4904.78	0.01287
4902.85	0.0130331
4900.93	0.013018
4899	0.0129277
4897.07	0.012948
4895.14	0.0128904
4893.21	0.0131211
4891.29	0.0132588
4889.36	0.0134038
4887.43	0.0133852
4885.5	0.012827
4883.57	0.0124431
4881.65	0.012517
4879.72	0.0124823
4877.79	0.012568
4875.86	0.0126885
4873.94	0.0126257
4872.01	0.012446
4870.08	0.0125222
4868.15	0.0126115
4866.22	0.0125645
4864.3	0.0127209
4862.37	0.0127849
4860.44	0.0124836
4858.51	0.0123027
4856.58	0.0121715
4854.66	0.0120862
4852.73	0.0119373
4850.8	0.0119984
4848.87	0.0120508
4846.94	0.0120737
4845.02	0.0119177
4843.09	0.0119212
4841.16	0.0122414
4839.23	0.0121811
4837.3	0.011758
4835.38	0.0116344
4833.45	0.0118562
4831.52	0.0118714
4829.59	0.011796
4827.66	0.0116052
4825.74	0.0115206
4823.81	0.0115392
4821.88	0.011632
4819.95	0.0115579
4818.03	0.0113197
4816.1	0.0110857
4814.17	0.0109767
4812.24	0.0109524
4810.31	0.0108927
4808.39	0.0110272
4806.46	0.0110695
4804.53	0.0109086
4802.6	0.0109199
4800.67	0.0106822
4798.75	0.0105069
4796.82	0.0103954
4794.89	0.0102642
4792.96	0.0102781
4791.03	0.0102421
4789.11	0.0100624
4787.18	0.010142
4785.25	0.0102754
4783.32	0.00991313
4781.39	0.0094683
4779.47	0.00933561
4777.54	0.00924028
4775.61	0.00910478
4773.68	0.00896533
4771.75	0.00925731
4769.83	0.00926303
4767.9	0.0091951
4765.97	0.00904256
4764.04	0.00887175
4762.11	0.00867007
4760.19	0.00853813
4758.26	0.00866443
4756.33	0.00888818
4754.4	0.00883076
4752.48	0.00846362
4750.55	0.00817032
4748.62	0.0079821
4746.69	0.00788937
4744.76	0.00794592
4742.84	0.0079493
4740.91	0.00803735
4738.98	0.00811327
4737.05	0.008179
4735.12	0.00795676
4733.2	0.00745557
4731.27	0.00725923
4729.34	0.00717683
4727.41	0.00713846
4725.48	0.00714496
4723.56	0.0072875
4721.63	0.00719293
4719.7	0.00692069
4717.77	0.00677278
4715.84	0.00698328
4713.92	0.00695967
4711.99	0.00681516
4710.06	0.006708
4708.13	0.0063758
4706.21	0.00634527
4704.28	0.00677396
4702.35	0.00676114
4700.42	0.00677743
4698.49	0.0065561
4696.56	0.00615455
4694.64	0.00601859
4692.71	0.00598345
4690.78	0.0059807
4688.85	0.00594986
4686.93	0.00616886
4685	0.0062177
4683.07	0.00599578
4681.14	0.00586505
4679.21	0.00566705
4677.29	0.00544508
4675.36	0.00555847
4673.43	0.00578785
4671.5	0.00584463
4669.57	0.0059152
4667.65	0.00576142
4665.72	0.00578698
4663.79	0.00551682
4661.86	0.00535869
4659.93	0.00549159
4658.01	0.00546545
4656.08	0.00551769
4654.15	0.00551098
4652.22	0.00534242
4650.29	0.00517879
4648.37	0.0051169
4646.44	0.00520334
4644.51	0.00524663
4642.58	0.00520132
4640.66	0.0053654
4638.73	0.00556481
4636.8	0.00554659
4634.87	0.00527098
4632.94	0.00493324
4631.02	0.00489661
4629.09	0.005006
4627.16	0.00496555
4625.23	0.00471607
4623.3	0.00460873
4621.38	0.00456145
4619.45	0.00460062
4617.52	0.00484019
4615.59	0.00482749
4613.66	0.0046944
4611.74	0.0048611
4609.81	0.00494551
4607.88	0.00461499
4605.95	0.00440052
4604.02	0.00440407
4602.1	0.00446676
4600.17	0.00445398
4598.24	0.00457491
4596.31	0.00467963
4594.38	0.00472327
4592.46	0.0044822
4590.53	0.00418117
4588.6	0.00423025
4586.67	0.00452565
4584.75	0.00446475
4582.82	0.00412597
4580.89	0.00400978
4578.96	0.0041343
4577.03	0.00415782
4575.11	0.00404513
4573.18	0.00412741
4571.25	0.00420201
4569.32	0.00403229
4567.39	0.00394538
4565.47	0.00400677
4563.54	0.00386072
4561.61	0.00383843
4559.68	0.00396089
4557.75	0.00403617
4555.83	0.00405235
4553.9	0.00410132
4551.97	0.00426324
4550.04	0.00410005
4548.11	0.00386825
4546.19	0.00374668
4544.26	0.00383786
4542.33	0.00379243
4540.4	0.00363376
4538.47	0.00370691
4536.55	0.00390957
4534.62	0.00387099
4532.69	0.00372302
4530.76	0.00357917
4528.83	0.00350234
4526.91	0.00354897
4524.98	0.00369621
4523.05	0.00373197
4521.12	0.00369097
4519.2	0.00371456
4517.27	0.0040157
4515.34	0.00393872
4513.41	0.00395828
4511.48	0.00405801
4509.56	0.0040353
4507.63	0.00393347
4505.7	0.00385538
4503.77	0.00373799
4501.84	0.00349976
4499.92	0.00381693
4497.99	0.00396317
4496.06	0.00372642
4494.13	0.00355949
4492.2	0.003791
4490.28	0.00386046
4488.35	0.00375567
4486.42	0.00393852
4484.49	0.00398203
4482.56	0.00376857
4480.64	0.00361244
4478.71	0.0036754
4476.78	0.00387396
4474.85	0.00388483
4472.92	0.00390084
4471	0.0038655
4469.07	0.00384013
4467.14	0.00378237
4465.21	0.00377976
4463.29	0.0038648
4461.36	0.00394621
4459.43	0.00399804
4457.5	0.00401095
4455.57	0.00397046
4453.65	0.00391589
4451.72	0.00396079
4449.79	0.00397537
4447.86	0.00381469
4445.93	0.00382295
4444.01	0.00395504
4442.08	0.00396113
4440.15	0.00385645
4438.22	0.0037422
4436.29	0.00364442
4434.37	0.00366296
4432.44	0.00373374
4430.51	0.00391646
4428.58	0.00405653
4426.65	0.00384244
4424.73	0.00382024
4422.8	0.00409225
4420.87	0.00389723
4418.94	0.00371727
4417.01	0.00362952
4415.09	0.00378224
4413.16	0.00409677
4411.23	0.00401988
4409.3	0.00391502
4407.38	0.00393732
4405.45	0.00390519
4403.52	0.00397681
4401.59	0.0039627
4399.66	0.00391231
4397.74	0.00394772
4395.81	0.0038987
4393.88	0.00393307
4391.95	0.00382258
4390.02	0.00385049
4388.1	0.00408567
4386.17	0.00429971
4384.24	0.00411808
4382.31	0.00391264
4380.38	0.00389198
4378.46	0.00389392
4376.53	0.00397082
4374.6	0.00398299
4372.67	0.0039425
4370.74	0.00400731
4368.82	0.00413815
4366.89	0.00410583
4364.96	0.00399788
4363.03	0.00389028
4361.1	0.00388998
4359.18	0.00403078
4357.25	0.00417314
4355.32	0.00419813
4353.39	0.0040352
4351.46	0.00416063
4349.54	0.00421178
4347.61	0.00413226
4345.68	0.00406001
4343.75	0.003887
4341.83	0.00393083
4339.9	0.00412841
4337.97	0.00413012
4336.04	0.00416575
4334.11	0.00428452
4332.19	0.00434908
4330.26	0.0044746
4328.33	0.00441166
4326.4	0.00424601
4324.47	0.00423282
4322.55	0.00436383
4320.62	0.00427478
4318.69	0.00430236
4316.76	0.00444279
4314.83	0.00439232
4312.91	0.00437799
4310.98	0.00432736
4309.05	0.00432448
4307.12	0.0044208
4305.19	0.00438341
4303.27	0.00424487
4301.34	0.00421526
4299.41	0.00429904
4297.48	0.00424617
4295.55	0.00426197
4293.63	0.00439603
4291.7	0.0044512
4289.77	0.00449907
4287.84	0.00442616
4285.92	0.00442736
4283.99	0.00449964
4282.06	0.00453663
4280.13	0.00445749
4278.2	0.00435838
4276.28	0.00447403
4274.35	0.00431959
4272.42	0.00422526
4270.49	0.00435346
4268.56	0.00442231
4266.64	0.0046039
4264.71	0.0046457
4262.78	0.00443466
4260.85	0.00443737
4258.92	0.00450449
4257	0.00459801
4255.07	0.00457427
4253.14	0.00454115
4251.21	0.00459018
4249.28	0.00465591
4247.36	0.00480065
4245.43	0.00461797
4243.5	0.00456627
4241.57	0.00476759
4239.64	0.00454708
4237.72	0.00422065
4235.79	0.00426819
4233.86	0.00439402
4231.93	0.00459131
4230	0.00466971
4228.08	0.00467628
4226.15	0.00484243
4224.22	0.00482173
4222.29	0.00460642
4220.37	0.0045518
4218.44	0.00461522
4216.51	0.00449837
4214.58	0.00446261
4212.65	0.00459101
4210.73	0.00463756
4208.8	0.00477104
4206.87	0.00467902
4204.94	0.00458267
4203.01	0.00471714
4201.09	0.00464567
4199.16	0.00453178
4197.23	0.0045291
4195.3	0.00467393
4193.37	0.0047901
4191.45	0.00474045
4189.52	0.00460993
4187.59	0.00447279
4185.66	0.00448876
4183.73	0.00462718
4181.81	0.0047083
4179.88	0.00464828
4177.95	0.00456134
4176.02	0.00459928
4174.09	0.00450851
4172.17	0.00451316
4170.24	0.00465551
4168.31	0.00459202
4166.38	0.00452334
4164.46	0.00449241
4162.53	0.00454835
4160.6	0.00451611
4158.67	0.00458545
4156.74	0.0046816
4154.82	0.00461733
4152.89	0.00456021
4150.96	0.00453191
4149.03	0.00450031
4147.1	0.00450265
4145.18	0.00460481
4143.25	0.00463133
4141.32	0.00463371
4139.39	0.00461278
4137.46	0.00454963
4135.54	0.00438522
4133.61	0.00439992
4131.68	0.0044433
4129.75	0.00449997
4127.82	0.00454075
4125.9	0.00464838
4123.97	0.00462202
4122.04	0.00460029
4120.11	0.00464248
4118.18	0.0045449
4116.26	0.00447098
4114.33	0.00447255
4112.4	0.00448015
4110.47	0.00448541
4108.54	0.00444986
4106.62	0.0044115
4104.69	0.00454809
4102.76	0.00460337
4100.83	0.00446214
4098.91	0.00437096
4096.98	0.00433281
4095.05	0.0044118
4093.12	0.00440915
4091.19	0.0044351
4089.27	0.00444002
4087.34	0.00436397
4085.41	0.00439212
4083.48	0.00445505
4081.55	0.0044437
4079.63	0.00451655
4077.7	0.00458951
4075.77	0.0046106
4073.84	0.00452602
4071.91	0.00446321
4069.99	0.00449572
4068.06	0.00447379
4066.13	0.00463418
4064.2	0.00476896
4062.27	0.00471469
4060.35	0.00475452
4058.42	0.00466211
4056.49	0.00436685
4054.56	0.0043206
4052.63	0.00456155
4050.71	0.00464135
4048.78	0.00450767
4046.85	0.00436019
4044.92	0.00442448
4043	0.00443259
4041.07	0.00436537
4039.14	0.00440761
4037.21	0.00450054
4035.28	0.00453091
4033.36	0.00445846
4031.43	0.00448112
4029.5	0.00452237
4027.57	0.00444695
4025.64	0.00456952
4023.72	0.00443262
4021.79	0.00423296
4019.86	0.00432063
4017.93	0.0043886
4016	0.00454644
4014.08	0.00458853
4012.15	0.00453898
4010.22	0.00443754
4008.29	0.00438522
4006.36	0.00435038
4004.44	0.0044441
4002.51	0.00455538
4000.58	0.0046326
3998.65	0.00462765
3996.72	0.00446653
3994.8	0.00427709
3992.87	0.00414962
3990.94	0.0043544
3989.01	0.00445618
3987.09	0.00429971
3985.16	0.00414313
3983.23	0.00430982
3981.3	0.00456687
3979.37	0.0046395
3977.45	0.00446171
3975.52	0.00439151
3973.59	0.00445655
3971.66	0.00433773
3969.73	0.00422563
3967.81	0.00427606
3965.88	0.00432173
3963.95	0.00434198
3962.02	0.00437806
3960.09	0.00446904
3958.17	0.00451129
3956.24	0.00431849
3954.31	0.00428984
3952.38	0.00440628
3950.45	0.00437424
3948.53	0.00438469
3946.6	0.00435413
3944.67	0.00436671
3942.74	0.00437485
3940.81	0.00441588
3938.89	0.00423707
3936.96	0.00404791
3935.03	0.00412982
3933.1	0.00417505
3931.18	0.00417157
3929.25	0.0042793
3927.32	0.00440567
3925.39	0.00421901
3923.46	0.00400657
3921.54	0.00407085
3919.61	0.00417528
3917.68	0.00421007
3915.75	0.00430513
3913.82	0.00434165
3911.9	0.00428031
3909.97	0.00410734
3908.04	0.00413139
3906.11	0.00425263
3904.18	0.00407259
3902.26	0.00400938
3900.33	0.0040157
3898.4	0.00413688
3896.47	0.00430473
3894.54	0.00429135
3892.62	0.00418465
3890.69	0.00411042
3888.76	0.00401112
3886.83	0.00400306
3884.9	0.0040761
3882.98	0.00408359
3881.05	0.00412657
3879.12	0.00420422
3877.19	0.00413323
3875.27	0.00408526
3873.34	0.00392612
3871.41	0.00382816
3869.48	0.00394524
3867.55	0.00401597
3865.63	0.00412718
3863.7	0.00418491
3861.77	0.00410982
3859.84	0.00398885
3857.91	0.00387306
3855.99	0.00389232
3854.06	0.00400614
3852.13	0.00394728
3850.2	0.00387924
3848.27	0.00397082
3846.35	0.00404219
3844.42	0.00407148
3842.49	0.00406095
3840.56	0.00396614
3838.63	0.00395297
3836.71	0.00400012
3834.78	0.00409125
3832.85	0.00408048
3830.92	0.00406038
3828.99	0.00408827
3827.07	0.00419351
3825.14	0.00408797
3823.21	0.00396109
3821.28	0.00413728
3819.35	0.00411985
3817.43	0.00418057
3815.5	0.00424631
3813.57	0.00406322
3811.64	0.00411025
3809.72	0.00427385
3807.79	0.00424122
3805.86	0.00422453
3803.93	0.00415798
3802	0.00404663
3800.08	0.004095
3798.15	0.00409185
3796.22	0.00408165
3794.29	0.00422195
3792.36	0.00415869
3790.44	0.00412142
3788.51	0.00413825
3786.58	0.00411942
3784.65	0.00413447
3782.72	0.00420027
3780.8	0.00427964
3778.87	0.00428325
3776.94	0.00419769
3775.01	0.00418047
3773.08	0.0042529
3771.16	0.00416869
3769.23	0.00411661
3767.3	0.00414146
3765.37	0.00403804
3763.44	0.00395909
3761.52	0.00393528
3759.59	0.00404643
3757.66	0.00396581
3755.73	0.00384207
3753.81	0.00378612
3751.88	0.00371626
3749.95	0.00369157
3748.02	0.00350908
3746.09	0.00304203
3744.17	0.00288927
3742.24	0.00321524
3740.31	0.00352822
3738.38	0.00348086
3736.45	0.00354877
3734.53	0.00382395
3732.6	0.00416558
3730.67	0.00439975
3728.74	0.00436437
3726.81	0.00429115
3724.89	0.00444152
3722.96	0.00473312
3721.03	0.00502709
3719.1	0.0052801
3717.17	0.00534101
3715.25	0.00512095
3713.32	0.00504569
3711.39	0.00530304
3709.46	0.00543344
3707.53	0.00548578
3705.61	0.00568269
3703.68	0.00591063
3701.75	0.00592333
3699.82	0.0061452
3697.9	0.00641343
3695.97	0.00674027
3694.04	0.00717663
3692.11	0.00739439
3690.18	0.00716167
3688.26	0.00707787
3686.33	0.00728113
3684.4	0.00735904
3682.47	0.00746942
3680.54	0.00763729
3678.62	0.00770022
3676.69	0.00777642
3674.76	0.00795119
3672.83	0.0082823
3670.9	0.00872243
3668.98	0.00901891
3667.05	0.0091883
3665.12	0.00939198
3663.19	0.00975753
3661.26	0.0100629
3659.34	0.0101957
3657.41	0.0104897
3655.48	0.0109274
3653.55	0.0113499
3651.62	0.0116381
3649.7	0.0118202
3647.77	0.0121831
3645.84	0.0125648
3643.91	0.0129886
3641.99	0.0133182
3640.06	0.0137197
3638.13	0.0141378
3636.2	0.0145748
3634.27	0.0150394
3632.35	0.0155413
3630.42	0.0160468
3628.49	0.0164924
3626.56	0.0169564
3624.63	0.0175223
3622.71	0.0181561
3620.78	0.0188235
3618.85	0.0194743
3616.92	0.0201079
3614.99	0.0206725
3613.07	0.0212799
3611.14	0.0220906
3609.21	0.0229842
3607.28	0.0237805
3605.35	0.0246671
3603.43	0.025748
3601.5	0.0266508
3599.57	0.0276632
3597.64	0.0288867
3595.71	0.0299605
3593.79	0.0309448
3591.86	0.0319774
3589.93	0.0332033
3588	0.0347178
3586.07	0.0361731
3584.15	0.0374997
3582.22	0.0390209
3580.29	0.0404824
3578.36	0.0420576
3576.44	0.0437591
3574.51	0.0453452
3572.58	0.0472705
3570.65	0.0494307
3568.72	0.0513517
3566.8	0.0533498
3564.87	0.055556
3562.94	0.0578165
3561.01	0.0602003
3559.08	0.0626665
3557.16	0.0652959
3555.23	0.067919
3553.3	0.0705625
3551.37	0.0735553
3549.44	0.0765579
3547.52	0.0794207
3545.59	0.082528
3543.66	0.0857831
3541.73	0.0891921
3539.8	0.092796
3537.88	0.0964649
3535.95	0.100099
3534.02	0.103894
3532.09	0.108007
3530.16	0.112279
3528.24	0.116713
3526.31	0.121343
3524.38	0.126169
3522.45	0.131395
3520.53	0.136569
3518.6	0.141861
3516.67	0.147478
3514.74	0.153229
3512.81	0.159332
3510.89	0.165745
3508.96	0.172529
3507.03	0.179337
3505.1	0.186431
3503.17	0.194111
3501.25	0.201803
3499.32	0.209764
3497.39	0.21807
3495.46	0.22652
3493.53	0.235116
3491.61	0.24415
3489.68	0.253657
3487.75	0.263318
3485.82	0.273176
3483.89	0.283139
3481.97	0.293049
3480.04	0.303253
3478.11	0.313758
3476.18	0.324251
3474.25	0.334695
3472.33	0.345246
3470.4	0.355593
3468.47	0.365865
3466.54	0.376006
3464.61	0.385705
3462.69	0.394978
3460.76	0.404076
3458.83	0.412561
3456.9	0.420455
3454.98	0.427749
3453.05	0.43386
3451.12	0.439194
3449.19	0.443736
3447.26	0.447404
3445.34	0.450497
3443.41	0.452031
3441.48	0.452466
3439.55	0.452213
3437.62	0.451583
3435.7	0.449965
3433.77	0.447959
3431.84	0.445519
3429.91	0.442496
3427.98	0.439405
3426.06	0.435842
3424.13	0.431974
3422.2	0.428426
3420.27	0.425155
3418.34	0.421858
3416.42	0.418293
3414.49	0.414671
3412.56	0.411405
3410.63	0.408463
3408.7	0.405542
3406.78	0.402469
3404.85	0.39955
3402.92	0.396824
3400.99	0.394152
3399.07	0.391615
3397.14	0.389186
3395.21	0.386952
3393.28	0.384613
3391.35	0.382623
3389.43	0.380612
3387.5	0.37867
3385.57	0.377314
3383.64	0.375667
3381.71	0.373928
3379.79	0.373037
3377.86	0.372098
3375.93	0.370724
3374	0.369427
3372.07	0.368617
3370.15	0.367909
3368.22	0.367154
3366.29	0.366725
3364.36	0.366445
3362.43	0.366061
3360.51	0.365846
3358.58	0.365657
3356.65	0.365444
3354.72	0.365092
3352.79	0.364736
3350.87	0.364394
3348.94	0.364089
3347.01	0.363918
3345.08	0.363551
3343.16	0.363008
3341.23	0.362642
3339.3	0.362171
3337.37	0.361405
3335.44	0.360599
3333.52	0.359836
3331.59	0.35886
3329.66	0.357885
3327.73	0.356828
3325.8	0.355519
3323.88	0.354058
3321.95	0.352591
3320.02	0.350937
3318.09	0.349171
3316.16	0.347272
3314.24	0.34533
3312.31	0.343334
3310.38	0.341322
3308.45	0.33927
3306.52	0.337278
3304.6	0.335302
3302.67	0.333165
3300.74	0.330992
3298.81	0.328998
3296.88	0.326989
3294.96	0.324829
3293.03	0.322692
3291.1	0.320789
3289.17	0.319045
3287.24	0.317155
3285.32	0.315245
3283.39	0.313454
3281.46	0.311592
3279.53	0.309708
3277.61	0.307974
3275.68	0.306198
3273.75	0.304334
3271.82	0.302644
3269.89	0.300897
3267.97	0.298747
3266.04	0.296925
3264.11	0.295417
3262.18	0.293711
3260.25	0.292199
3258.33	0.290743
3256.4	0.289308
3254.47	0.287894
3252.54	0.286761
3250.61	0.286041
3248.69	0.285779
3246.76	0.285597
3244.83	0.285875
3242.9	0.286993
3240.97	0.28815
3239.05	0.290185
3237.12	0.293176
3235.19	0.296708
3233.26	0.301123
3231.33	0.306681
3229.41	0.313397
3227.48	0.321482
3225.55	0.330632
3223.62	0.340778
3221.7	0.352212
3219.77	0.364509
3217.84	0.377065
3215.91	0.38987
3213.98	0.402513
3212.06	0.414536
3210.13	0.425478
3208.2	0.435489
3206.27	0.444789
3204.34	0.453191
3202.42	0.460458
3200.49	0.466608
3198.56	0.471706
3196.63	0.476251
3194.7	0.480172
3192.78	0.483519
3190.85	0.486218
3188.92	0.488312
3186.99	0.489992
3185.06	0.491708
3183.14	0.49318
3181.21	0.494379
3179.28	0.495344
3177.35	0.495889
3175.42	0.496357
3173.5	0.496902
3171.57	0.497335
3169.64	0.497702
3167.71	0.497905
3165.79	0.498387
3163.86	0.498785
3161.93	0.499313
3160	0.500172
3158.07	0.501053
3156.15	0.502139
3154.22	0.503528
3152.29	0.505227
3150.36	0.507248
3148.43	0.509578
3146.51	0.511937
3144.58	0.514551
3142.65	0.517732
3140.72	0.520931
3138.79	0.524061
3136.87	0.527354
3134.94	0.53083
3133.01	0.534455
3131.08	0.538207
3129.15	0.541739
3127.23	0.544907
3125.3	0.547884
3123.37	0.550484
3121.44	0.552166
3119.51	0.55312
3117.59	0.553147
3115.66	0.552251
3113.73	0.550341
3111.8	0.547169
3109.88	0.54273
3107.95	0.536595
3106.02	0.529059
3104.09	0.52019
3102.16	0.509999
3100.24	0.49873
3098.31	0.486361
3096.38	0.472929
3094.45	0.459011
3092.52	0.444671
3090.6	0.430191
3088.67	0.415815
3086.74	0.401414
3084.81	0.387461
3082.88	0.374622
3080.96	0.362512
3079.03	0.35084
3077.1	0.339658
3075.17	0.329134
3073.24	0.319237
3071.32	0.309697
3069.39	0.300557
3067.46	0.291795
3065.53	0.283169
3063.6	0.27477
3061.68	0.266785
3059.75	0.258475
3057.82	0.249811
3055.89	0.241477
3053.96	0.233602
3052.04	0.225572
3050.11	0.217391
3048.18	0.209417
3046.25	0.201719
3044.33	0.19402
3042.4	0.186604
3040.47	0.179335
3038.54	0.172121
3036.61	0.165118
3034.69	0.158402
3032.76	0.151697
3030.83	0.145127
3028.9	0.138829
3026.97	0.132676
3025.05	0.126934
3023.12	0.121642
3021.19	0.116508
3019.26	0.111528
3017.33	0.106713
3015.41	0.102267
3013.48	0.0981331
3011.55	0.0939806
3009.62	0.0899662
3007.69	0.0863403
3005.77	0.0831316
3003.84	0.0798983
3001.91	0.0767046
2999.98	0.0736697
2998.05	0.0708443
2996.13	0.0681919
2994.2	0.0656192
2992.27	0.0632284
2990.34	0.0609095
2988.42	0.0587013
2986.49	0.0566372
2984.56	0.0547283
2982.63	0.0526931
2980.7	0.050768
2978.78	0.0489955
2976.85	0.0473932
2974.92	0.0458325
2972.99	0.0442213
2971.06	0.042836
2969.14	0.0414056
2967.21	0.0399633
2965.28	0.0386903
2963.35	0.0376081
2961.42	0.0363764
2959.5	0.0351496
2957.57	0.0340309
2955.64	0.0329444
2953.71	0.031924
2951.78	0.030955
2949.86	0.029999
2947.93	0.0291638
2946	0.0283788
2944.07	0.0275582
2942.14	0.0268491
2940.22	0.0260486
2938.29	0.0251838
2936.36	0.0242672
2934.43	0.023567
2932.51	0.0230413
2930.58	0.0224366
2928.65	0.021725
2926.72	0.0212134
2924.79	0.0208843
2922.87	0.0203655
2920.94	0.0198128
2919.01	0.0194167
2917.08	0.019086
2915.15	0.0187585
2913.23	0.0183356
2911.3	0.0179058
2909.37	0.0175915
2907.44	0.0171941
2905.51	0.0168257
2903.59	0.0164829
2901.66	0.0161799
2899.73	0.0159495
2897.8	0.0156187
2895.87	0.0152665
2893.95	0.0149923
2892.02	0.0147666
2890.09	0.0145875
2888.16	0.0143135
2886.23	0.0139939
2884.31	0.0137396
2882.38	0.0134766
2880.45	0.0131977
2878.52	0.0130956
2876.59	0.0129722
2874.67	0.0127144
2872.74	0.0125025
2870.81	0.0123425
2868.88	0.0122265
2866.96	0.0121175
2865.03	0.0119014
2863.1	0.0116895
2861.17	0.0115572
2859.24	0.0113843
2857.32	0.0112827
2855.39	0.0111799
2853.46	0.011034
2851.53	0.0109562
2849.6	0.0108073
2847.68	0.0106836
2845.75	0.0106521
2843.82	0.0106457
2841.89	0.0105074
2839.96	0.0103698
2838.04	0.0102386
2836.11	0.0102576
2834.18	0.0102316
2832.25	0.0101065
2830.32	0.0100582
2828.4	0.00995456
2826.47	0.00980324
2824.54	0.00969206
2822.61	0.0097555
2820.68	0.0096407
2818.76	0.00962813
2816.83	0.0096838
2814.9	0.00965917
2812.97	0.00946691
2811.05	0.00933015
2809.12	0.00950426
2807.19	0.00953437
2805.26	0.00919449
2803.33	0.00906476
2801.41	0.00932599
2799.48	0.00934417
2797.55	0.00928029
2795.62	0.00924326
2793.69	0.00914095
2791.77	0.00914447
2789.84	0.00905247
2787.91	0.00892904
2785.98	0.00904287
2784.05	0.00913243
2782.13	0.00903201
2780.2	0.00887554
2778.27	0.00896533
2776.34	0.00907382
2774.41	0.00909785
2772.49	0.00902626
2770.56	0.0089332
2768.63	0.00896107
2766.7	0.00889907
2764.77	0.00893313
2762.85	0.00895414
2760.92	0.00892907
2758.99	0.00896033
2757.06	0.00889654
2755.14	0.0087744
2753.21	0.00880523
2751.28	0.00885731
2749.35	0.00888413
2747.42	0.00883759
2745.5	0.00886197
2743.57	0.00899797
2741.64	0.00908922
2739.71	0.00921263
2737.78	0.00918796
2735.86	0.00912904
2733.93	0.00919909
2732	0.00926699
2730.07	0.00911087
2728.14	0.00895623
2726.22	0.00906618
2724.29	0.00922109
2722.36	0.00930473
2720.43	0.00924252
2718.5	0.00915672
2716.58	0.00930246
2714.65	0.00936469
2712.72	0.00940833
2710.79	0.00947179
2708.86	0.00945662
2706.94	0.00939316
2705.01	0.00946522
2703.08	0.00956147
2701.15	0.00966025
2699.23	0.00977481
2697.3	0.00988459
2695.37	0.00982419
2693.44	0.00989815
2691.51	0.00996897
2689.59	0.010005
2687.66	0.0100556
2685.73	0.0100661
2683.8	0.0101395
2681.87	0.0101758
2679.95	0.0102352
2678.02	0.0103296
2676.09	0.0105092
2674.16	0.0106172
2672.23	0.0105924
2670.31	0.0108006
2668.38	0.0111781
2666.45	0.0111538
2664.52	0.010998
2662.59	0.0108966
2660.67	0.0110421
2658.74	0.0112252
2656.81	0.0112601
2654.88	0.0111427
2652.95	0.0111785
2651.03	0.0113742
2649.1	0.011433
2647.17	0.0117109
2645.24	0.0118743
2643.31	0.0119095
2641.39	0.0119537
2639.46	0.0118981
2637.53	0.0119711
2635.6	0.0122151
2633.68	0.0122533
2631.75	0.0122729
2629.82	0.012469
2627.89	0.0125962
2625.96	0.0126746
2624.04	0.0128287
2622.11	0.0129803
2620.18	0.0130192
2618.25	0.0130696
2616.32	0.0130458
2614.4	0.0133369
2612.47	0.0135272
2610.54	0.0134119
2608.61	0.0134054
2606.68	0.0134705
2604.76	0.0136755
2602.83	0.0138864
2600.9	0.0138874
2598.97	0.0138734
2597.04	0.0140206
2595.12	0.0141584
2593.19	0.0143796
2591.26	0.0145384
2589.33	0.0145192
2587.4	0.0145195
2585.48	0.0145619
2583.55	0.0146717
2581.62	0.0148789
2579.69	0.015121
2577.77	0.015207
2575.84	0.0151972
2573.91	0.0152479
2571.98	0.0155043
2570.05	0.0154959
2568.13	0.0154745
2566.2	0.0155698
2564.27	0.015677
2562.34	0.0156925
2560.41	0.0157855
2558.49	0.0159827
2556.56	0.0161256
2554.63	0.0161745
2552.7	0.0162157
2550.77	0.0162969
2548.85	0.0164995
2546.92	0.0166861
2544.99	0.0168966
2543.06	0.0169693
2541.13	0.0169753
2539.21	0.0169934
2537.28	0.0169862
2535.35	0.0169971
2533.42	0.0170518
2531.49	0.0172315
2529.57	0.0174448
2527.64	0.0175494
2525.71	0.0176333
2523.78	0.0178155
2521.85	0.0180475
2519.93	0.0181797
2518	0.0182006
2516.07	0.0183129
2514.14	0.0183779
2512.22	0.0183708
2510.29	0.0183573
2508.36	0.0185078
2506.43	0.0188194
2504.5	0.0190414
2502.58	0.0190078
2500.65	0.0189214
2498.72	0.0189542
2496.79	0.0191326
2494.86	0.0192494
2492.94	0.0192606
2491.01	0.019331
2489.08	0.0195654
2487.15	0.0197234
2485.22	0.0197987
2483.3	0.0197494
2481.37	0.0198794
2479.44	0.0200676
2477.51	0.0202268
2475.58	0.0203897
2473.66	0.0205939
2471.73	0.0206145
2469.8	0.0204896
2467.87	0.0204884
2465.94	0.0205353
2464.02	0.0207762
2462.09	0.0210241
2460.16	0.0209982
2458.23	0.0210818
2456.31	0.021334
2454.38	0.0214936
2452.45	0.0214499
2450.52	0.0214539
2448.59	0.0217119
2446.67	0.0219404
2444.74	0.0219383
2442.81	0.0219549
2440.88	0.0220704
2438.95	0.0222974
2437.03	0.022493
2435.1	0.0226543
2433.17	0.0229538
2431.24	0.0231348
2429.31	0.0232458
2427.39	0.023412
2425.46	0.023617
2423.53	0.0237777
2421.6	0.0238914
2419.67	0.0242472
2417.75	0.0244889
2415.82	0.0244917
2413.89	0.0244791
2411.96	0.0244353
2410.04	0.0243489
2408.11	0.0242399
2406.18	0.0242417
2404.25	0.0244316
2402.32	0.0245358
2400.4	0.0244453
2398.47	0.0244786
2396.54	0.0247194
2394.61	0.0248967
2392.68	0.0248492
2390.76	0.0249264
2388.83	0.0249991
2386.9	0.0251291
2384.97	0.0251852
2383.04	0.0253128
2381.12	0.0255922
2379.19	0.0256109
2377.26	0.0257809
2375.33	0.0260216
2373.4	0.0261246
2371.48	0.0261741
2369.55	0.0263793
2367.62	0.0267187
2365.69	0.0268568
2363.76	0.0269546
2361.84	0.026988
2359.91	0.0271496
2357.98	0.0274339
2356.05	0.0275297
2354.12	0.0277624
2352.2	0.0280442
2350.27	0.028398
2348.34	0.0286927
2346.41	0.0290247
2344.48	0.0301304
2342.56	0.031961
2340.63	0.0320332
2338.7	0.0304805
2336.77	0.0295292
2334.85	0.0295262
2332.92	0.0299225
2330.99	0.0304061
2329.06	0.030668
2327.13	0.0307714
2325.21	0.0308917
2323.28	0.0310277
2321.35	0.0313386
2319.42	0.0315363
2317.49	0.0318378
2315.57	0.0320376
2313.64	0.0321504
2311.71	0.032432
2309.78	0.0327328
2307.85	0.0329242
2305.93	0.0331032
2304	0.0332056
2302.07	0.033335
2300.14	0.03357
2298.21	0.0338226
2296.29	0.0340573
2294.36	0.0341954
2292.43	0.0343811
2290.5	0.0346638
2288.58	0.0348628
2286.65	0.0348441
2284.72	0.0347058
2282.79	0.0348891
2280.86	0.0352871
2278.94	0.0354946
2277.01	0.0355107
2275.08	0.0357422
2273.15	0.0359389
2271.22	0.0359782
2269.3	0.0360736
2267.37	0.0361937
2265.44	0.0362283
2263.51	0.0363672
2261.58	0.036434
2259.66	0.0363723
2257.73	0.0363902
2255.8	0.0363165
2253.87	0.0363503
2251.94	0.0366182
2250.02	0.0367003
2248.09	0.0366113
2246.16	0.0364117
2244.23	0.0361718
2242.3	0.0361121
2240.38	0.0361656
2238.45	0.0362134
2236.52	0.0362175
2234.59	0.0361253
2232.67	0.0360882
2230.74	0.0358669
2228.81	0.0355419
2226.88	0.0353146
2224.95	0.0351693
2223.03	0.0350364
2221.1	0.0348584
2219.17	0.0346598
2217.24	0.034462
2215.31	0.0342614
2213.39	0.0340489
2211.46	0.0339042
2209.53	0.0337503
2207.6	0.0334743
2205.67	0.0332839
2203.75	0.0331178
2201.82	0.0329078
2199.89	0.0326354
2197.96	0.0322474
2196.03	0.0319429
2194.11	0.0318025
2192.18	0.0315768
2190.25	0.0312918
2188.32	0.0308779
2186.39	0.0305264
2184.47	0.0302531
2182.54	0.0299798
2180.61	0.0297047
2178.68	0.0294413
2176.75	0.0291345
2174.83	0.0289669
2172.9	0.0287254
2170.97	0.0284586
2169.04	0.028125
2167.12	0.027853
2165.19	0.0274758
2163.26	0.0272378
2161.33	0.0270567
2159.4	0.0268117
2157.48	0.0265294
2155.55	0.0261751
2153.62	0.0258954
2151.69	0.0256477
2149.76	0.0252596
2147.84	0.0251416
2145.91	0.0249545
2143.98	0.0246671
2142.05	0.0243994
2140.12	0.0240056
2138.2	0.023768
2136.27	0.0235766
2134.34	0.0233706
2132.41	0.02311
2130.48	0.0228573
2128.56	0.0225439
2126.63	0.0223119
2124.7	0.0221666
2122.77	0.0219697
2120.84	0.0218392
2118.92	0.0215647
2116.99	0.0212986
2115.06	0.0212201
2113.13	0.0210854
2111.21	0.0207703
2109.28	0.0203928
2107.35	0.0202005
2105.42	0.0201742
2103.49	0.0200158
2101.57	0.0197491
2099.64	0.0195581
2097.71	0.0193145
2095.78	0.0191941
2093.85	0.0190151
2091.93	0.018666
2090	0.0185874
2088.07	0.0185427
2086.14	0.0182805
2084.21	0.0181979
2082.29	0.0180074
2080.36	0.0178145
2078.43	0.0177578
2076.5	0.0176872
2074.57	0.017452
2072.65	0.0173573
2070.72	0.0173022
2068.79	0.0172094
2066.86	0.0169716
2064.93	0.0168393
2063.01	0.0168396
2061.08	0.0166864
2059.15	0.0165212
2057.22	0.0163553
2055.29	0.016228
2053.37	0.016242
2051.44	0.0158976
2049.51	0.0156477
2047.58	0.0155897
2045.66	0.0156227
2043.73	0.0155347
2041.8	0.0153474
2039.87	0.0151459
2037.94	0.015173
2036.02	0.0151848
2034.09	0.0150368
2032.16	0.0150713
2030.23	0.0150164
2028.3	0.0149387
2026.38	0.0149153
2024.45	0.0147979
2022.52	0.0146059
2020.59	0.0144391
2018.66	0.0145262
2016.74	0.014717
2014.81	0.0146719
2012.88	0.0145626
2010.95	0.0144784
2009.02	0.0143768
2007.1	0.0144856
2005.17	0.0145492
2003.24	0.0145376
2001.31	0.0144183
1999.38	0.0143106
1997.46	0.0143794
1995.53	0.0143613
1993.6	0.0142865
1991.67	0.014314
1989.75	0.0142779
1987.82	0.0141919
1985.89	0.014207
1983.96	0.0143477
1982.03	0.0144263
1980.11	0.0144145
1978.18	0.0145413
1976.25	0.0146746
1974.32	0.0147304
1972.39	0.0146637
1970.47	0.0147107
1968.54	0.0148119
1966.61	0.0148983
1964.68	0.0150349
1962.75	0.0149816
1960.83	0.0148718
1958.9	0.015096
1956.97	0.0152047
1955.04	0.0152176
1953.11	0.015269
1951.19	0.0153958
1949.26	0.0156001
1947.33	0.0156719
1945.4	0.0158232
1943.47	0.0160181
1941.55	0.0160285
1939.62	0.0160517
1937.69	0.0163718
1935.76	0.0166247
1933.84	0.016666
1931.91	0.0168441
1929.98	0.0170214
1928.05	0.0171771
1926.12	0.0172781
1924.2	0.0172867
1922.27	0.0174197
1920.34	0.0175072
1918.41	0.0176642
1916.48	0.0180276
1914.56	0.0183724
1912.63	0.0185026
1910.7	0.0184645
1908.77	0.0186359
1906.84	0.0188737
1904.92	0.01918
1902.99	0.0195014
1901.06	0.0197035
1899.13	0.0198087
1897.2	0.0200182
1895.28	0.0202271
1893.35	0.0203825
1891.42	0.0204563
1889.49	0.0206694
1887.56	0.0209646
1885.64	0.0211556
1883.71	0.0213734
1881.78	0.0215131
1879.85	0.0214962
1877.93	0.0216488
1876	0.0218494
1874.07	0.021883
1872.14	0.0220775
1870.21	0.0225292
1868.29	0.022848
1866.36	0.0229129
1864.43	0.0230825
1862.5	0.0231523
1860.57	0.0231841
1858.65	0.0235053
1856.72	0.0237056
1854.79	0.0238911
1852.86	0.0241593
1850.93	0.0241325
1849.01	0.0242514
1847.08	0.0245725
1845.15	0.0247858
1843.22	0.0251303
1841.29	0.0254511
1839.37	0.0254546
1837.44	0.0254217
1835.51	0.0255789
1833.58	0.0259448
1831.65	0.0262283
1829.73	0.026288
1827.8	0.0265627
1825.87	0.026739
1823.94	0.027015
1822.02	0.0273464
1820.09	0.0275876
1818.16	0.0277099
1816.23	0.0280597
1814.3	0.0282509
1812.38	0.0283406
1810.45	0.0287676
1808.52	0.0290719
1806.59	0.0290979
1804.66	0.0291584
1802.74	0.0293931
1800.81	0.0297183
1798.88	0.030004
1796.95	0.0302325
1795.02	0.030704
1793.1	0.0310413
1791.17	0.0311863
1789.24	0.0313339
1787.31	0.0315041
1785.38	0.0319907
1783.46	0.0324744
1781.53	0.032796
1779.6	0.0329885
1777.67	0.0332145
1775.74	0.0334868
1773.82	0.0337106
1771.89	0.0340957
1769.96	0.0345349
1768.03	0.0349938
1766.1	0.0353624
1764.18	0.0357428
1762.25	0.0361629
1760.32	0.0365239
1758.39	0.0368738
1756.46	0.0372489
1754.54	0.0375579
1752.61	0.0381077
1750.68	0.0385955
1748.75	0.0389379
1746.83	0.0393897
1744.9	0.0400026
1742.97	0.0403991
1741.04	0.0407651
1739.11	0.0412746
1737.19	0.0415869
1735.26	0.041828
1733.33	0.0426468
1731.4	0.043475
1729.47	0.0441275
1727.55	0.0446854
1725.62	0.0451066
1723.69	0.045637
1721.76	0.04604
1719.83	0.0465426
1717.91	0.0471419
1715.98	0.0475422
1714.05	0.0479752
1712.12	0.048624
1710.19	0.0492444
1708.27	0.0497363
1706.34	0.0502212
1704.41	0.0507472
1702.48	0.050914
1700.55	0.0513399
1698.63	0.0520639
1696.7	0.0526195
1694.77	0.0530495
1692.84	0.0535829
1690.92	0.0542911
1688.99	0.0547289
1687.06	0.0548457
1685.13	0.0554632
1683.2	0.0559946
1681.28	0.0563322
1679.35	0.0568742
1677.42	0.0574495
1675.49	0.0577058
1673.56	0.0579247
1671.64	0.0584594
1669.71	0.0590614
1667.78	0.0595588
1665.85	0.0598788
1663.92	0.0600465
1662	0.0602832
1660.07	0.0603244
1658.14	0.060686
1656.21	0.0611457
1654.28	0.0609907
1652.36	0.06094
1650.43	0.0613749
1648.5	0.0617427
1646.57	0.0620695
1644.65	0.0624496
1642.72	0.0624801
1640.79	0.0624818
1638.86	0.0625285
1636.93	0.0624786
1635.01	0.0626128
1633.08	0.062717
1631.15	0.0626226
1629.22	0.0626568
1627.29	0.0627536
1625.37	0.062716
1623.44	0.0628145
1621.51	0.063032
1619.58	0.063301
1617.65	0.0632829
1615.73	0.0632579
1613.8	0.0630909
1611.87	0.0629022
1609.94	0.0630083
1608.01	0.0632894
1606.09	0.063371
1604.16	0.0633571
1602.23	0.0634112
1600.3	0.0633948
1598.37	0.0632577
1596.45	0.0634245
1594.52	0.0634054
1592.59	0.0632489
1590.66	0.0631658
1588.73	0.0630758
1586.81	0.0629226
1584.88	0.0628796
1582.95	0.0630805
1581.02	0.063062
1579.1	0.0629352
1577.17	0.0628927
1575.24	0.0629959
1573.31	0.062972
1571.38	0.0627197
1569.46	0.0627178
1567.53	0.0626784
1565.6	0.0627332
1563.67	0.0624775
1561.74	0.0622604
1559.82	0.0622212
1557.89	0.0621101
1555.96	0.0620919
1554.03	0.0621757
1552.1	0.0621754
1550.18	0.0619681
1548.25	0.0619352
1546.32	0.0620957
1544.39	0.0617648
1542.46	0.0614215
1540.54	0.0612025
1538.61	0.0610161
1536.68	0.0610194
1534.75	0.0609774
1532.82	0.0608474
1530.9	0.060584
1528.97	0.0601189
1527.04	0.0598384
1525.11	0.0597531
1523.19	0.0597599
1521.26	0.0598156
1519.33	0.0595947
1517.4	0.0593596
1515.47	0.059094
1513.55	0.0586717
1511.62	0.0581488
1509.69	0.0580351
1507.76	0.0581328
1505.83	0.0578012
1503.91	0.0575604
1501.98	0.0575313
1500.05	0.0572365
1498.12	0.0567814
1496.19	0.0564769
1494.27	0.0562458
1492.34	0.0559715
1490.41	0.0557003
1488.48	0.0553216
1486.55	0.055009
1484.63	0.0548915
1482.7	0.054706
1480.77	0.0544777
1478.84	0.0542531
1476.91	0.0539175
1474.99	0.0535079
1473.06	0.053225
1471.13	0.0530783
1469.2	0.0528243
1467.27	0.0523904
1465.35	0.0518471
1463.42	0.0514396
1461.49	0.0512843
1459.56	0.050785
1457.64	0.0504852
1455.71	0.0502826
1453.78	0.0499973
1451.85	0.0496756
1449.92	0.0492422
1448	0.0491322
1446.07	0.048843
1444.14	0.0483936
1442.21	0.048195
1440.28	0.0479462
1438.36	0.0476281
1436.43	0.0473085
1434.5	0.0469153
1432.57	0.0464825
1430.64	0.046158
1428.72	0.0458102
1426.79	0.0456052
1424.86	0.0453994
1422.93	0.0450706
1421	0.0447306
1419.08	0.0445172
1417.15	0.0444959
1415.22	0.0441961
1413.29	0.0436894
1411.37	0.0432895
1409.44	0.0429132
1407.51	0.0425877
1405.58	0.0422558
1403.65	0.0420097
1401.73	0.0418439
1399.8	0.0415913
1397.87	0.0412973
1395.94	0.0410906
1394.01	0.040613
1392.09	0.0404625
1390.16	0.0405586
1388.23	0.0402757
1386.3	0.0397626
1384.37	0.0397448
1382.45	0.0397842
1380.52	0.0393271
1378.59	0.0385761
1376.66	0.0381114
1374.73	0.0382345
1372.81	0.03826
1370.88	0.0382107
1368.95	0.0381611
1367.02	0.0378467
1365.09	0.0374733
1363.17	0.0373273
1361.24	0.0370864
1359.31	0.0367394
1357.38	0.0365705
1355.46	0.0364482
1353.53	0.0361726
1351.6	0.0359488
1349.67	0.0360403
1347.74	0.0359492
1345.81	0.0356693
1343.89	0.0354491
1341.96	0.0353312
1340.03	0.0354035
1338.1	0.0352872
1336.18	0.0349284
1334.25	0.0347861
1332.32	0.035084
1330.39	0.0350118
1328.46	0.0347255
1326.54	0.034553
1324.61	0.0343205
1322.68	0.0343013
1320.75	0.0343515
1318.82	0.0340496
1316.9	0.0338589
1314.97	0.0338868
1313.04	0.0335828
1311.11	0.033497
1309.18	0.0336214
1307.26	0.0334239
1305.33	0.0331839
1303.4	0.0332585
1301.47	0.0332559
1299.54	0.0335126
1297.62	0.0334204
1295.69	0.0328939
1293.76	0.0326668
1291.83	0.0328686
1289.9	0.0328957
1287.98	0.0327293
1286.05	0.0325136
1284.12	0.0324076
1282.19	0.0324939
1280.27	0.0326279
1278.34	0.0323908
1276.41	0.0319544
1274.48	0.0317779
1272.55	0.0318338
1270.63	0.032106
1268.7	0.0322792
1266.77	0.0323006
1264.84	0.0323354
1262.91	0.0321012
1260.99	0.0318909
1259.06	0.0320706
1257.13	0.0323847
1255.2	0.0323631
1253.27	0.0320665
1251.35	0.0316642
1249.42	0.0314458
1247.49	0.0314392
1245.56	0.0316618
1243.63	0.0314278
1241.71	0.0311126
1239.78	0.0312726
1237.85	0.031424
1235.92	0.0312567
1233.99	0.0308321
1232.07	0.0308278
1230.14	0.0310238
1228.21	0.0306557
1226.28	0.03043
1224.35	0.0305615
1222.43	0.0303581
1220.5	0.0301052
1218.57	0.0301453
1216.64	0.0304644
1214.72	0.0303063
1212.79	0.0299095
1210.86	0.0300854
1208.93	0.0301149
1207	0.0297298
1205.08	0.0297548
1203.15	0.0300831
1201.22	0.0304195
1199.29	0.0303662
1197.36	0.0299398
1195.44	0.0299909
1193.51	0.0303148
1191.58	0.0303998
1189.65	0.0301795
1187.72	0.0298796
1185.8	0.0297763
1183.87	0.0300624
1181.94	0.0304023
1180.01	0.0307302
1178.08	0.0308413
1176.16	0.0305928
1174.23	0.0303674
1172.3	0.0304991
1170.37	0.0304736
1168.44	0.0308059
1166.52	0.0309069
1164.59	0.030749
1162.66	0.0306163
1160.73	0.0307461
1158.81	0.0310845
1156.88	0.0310341
1154.95	0.0311794
1153.02	0.0312179
1151.09	0.0310606
1149.17	0.0311929
1147.24	0.0312304
1145.31	0.0315666
1143.38	0.0315982
1141.45	0.0314215
1139.53	0.0314059
1137.6	0.0315202
1135.67	0.0314825
1133.74	0.0314478
1131.81	0.0309532
1129.89	0.0304487
1127.96	0.0303324
1126.03	0.0305782
1124.1	0.0303272
1122.17	0.0301278
1120.25	0.0300865
1118.32	0.0298628
1116.39	0.0292384
1114.46	0.0288257
1112.54	0.0284936
1110.61	0.0284731
1108.68	0.0281053
1106.75	0.0276658
1104.82	0.0273883
1102.9	0.0265759
1100.97	0.0258888
1099.04	0.0252929
1097.11	0.0245432
1095.18	0.0239905
1093.26	0.0231713
1091.33	0.0225178
1089.4	0.0219576
1087.47	0.0211177
1085.54	0.0199289
1083.62	0.0187543
1081.69	0.0183359
1079.76	0.0185276
1077.83	0.0187181
1075.9	0.0182431
1073.98	0.0177149
1072.05	0.0175737
1070.12	0.017539
1068.19	0.0177751
1066.26	0.0178776
1064.34	0.0181948
1062.41	0.0186361
1060.48	0.0190657
1058.55	0.0189634
1056.62	0.019042
1054.7	0.0194158
1052.77	0.0196269
1050.84	0.0199551
1048.91	0.020062
1046.99	0.0205944
1045.06	0.0212205
1043.13	0.0216754
1041.2	0.0222707
1039.27	0.0229859
1037.35	0.0235676
1035.42	0.023935
1033.49	0.0245448
1031.56	0.0253576
1029.63	0.0262508
1027.71	0.0270679
1025.78	0.0280348
1023.85	0.0299173
1021.92	0.0311746
1019.99	0.0318743
1018.07	0.0330071
1016.14	0.0340567
1014.21	0.0351087
1012.28	0.0367694
1010.35	0.0384679
1008.43	0.0398541
1006.5	0.0413385
1004.57	0.0429898
1002.64	0.0451881
1000.71	0.0476711
998.787	0.0499073
996.859	0.0523746
994.931	0.0551459
993.003	0.0583413
991.075	0.0615134
989.147	0.0647612
987.219	0.068143
985.292	0.0719328
983.363	0.0760328
981.436	0.0804718
979.507	0.0853868
977.58	0.0905521
975.652	0.096087
973.724	0.101899
971.795	0.108186
969.868	0.113806
967.94	0.119847
966.012	0.126277
964.084	0.132466
962.156	0.1381
960.229	0.143911
958.3	0.150137
956.372	0.155259
954.444	0.159292
952.516	0.163352
950.589	0.167546
948.661	0.170671
946.732	0.172907
944.805	0.175387
942.876	0.177173
940.949	0.178897
939.021	0.180166
937.093	0.180814
935.165	0.180875
933.237	0.181308
931.309	0.182119
929.381	0.182163
927.453	0.181142
925.525	0.179962
923.598	0.179654
921.669	0.178778
919.742	0.177335
917.813	0.176215
915.885	0.174784
913.958	0.173071
912.03	0.17193
910.102	0.170357
908.174	0.168295
906.246	0.166549
904.318	0.165359
902.39	0.16414
900.462	0.162438
898.534	0.16101
896.606	0.159715
894.678	0.15745
892.75	0.155269
890.822	0.154316
888.895	0.15348
886.967	0.152596
885.039	0.151581
883.111	0.149848
881.183	0.148325
879.255	0.146998
877.327	0.145395
875.399	0.144182
873.471	0.143403
871.543	0.141818
869.615	0.14044
867.688	0.139115
865.759	0.138102
863.832	0.136971
861.903	0.135057
859.976	0.13354
858.048	0.132768
856.12	0.131639
854.191	0.130491
852.264	0.129368
850.336	0.127451
848.408	0.125757
846.48	0.12445
844.552	0.123359
842.625	0.121631
840.696	0.120069
838.768	0.118311
836.84	0.115838
834.912	0.114164
832.985	0.113008
831.057	0.111314
829.128	0.109538
827.201	0.107508
825.273	0.104712
823.345	0.102823
821.417	0.101379
819.489	0.0994873
817.561	0.0979961
815.633	0.0968343
813.705	0.0952187
811.777	0.0934068
809.849	0.0914859
807.921	0.0897716
805.994	0.0882852
804.065	0.0868522
802.138	0.0855145
800.209	0.0839667
798.281	0.0825228
796.354	0.0804195
794.426	0.0791858
792.498	0.0782897
790.57	0.0769382
788.642	0.0756212
786.714	0.0740227
784.786	0.0721501
782.858	0.0708908
780.931	0.0693637
779.002	0.0672894
777.074	0.065777
775.146	0.0641668
773.218	0.0624088
771.291	0.0610451
769.363	0.0601594
767.435	0.0583979
765.507	0.0572195
763.579	0.0564983
761.65	0.0554945
759.723	0.053911
757.795	0.0524328
755.867	0.0515354
753.939	0.0507336
752.011	0.0495789
750.083	0.0469103
748.155	0.0457764
746.227	0.0454625
744.3	0.0442079
742.372	0.0433918
740.444	0.0430399
738.516	0.0420856
736.587	0.0417453
734.66	0.0406647
732.732	0.0397694
730.804	0.0390963
728.876	0.0375502
726.948	0.0372322
725.021	0.0374339
723.092	0.0366755
721.164	0.0361168
719.236	0.0356261
717.308	0.0345489
715.38	0.0336326
713.453	0.0335529
711.524	0.0335934
709.597	0.0333535
707.669	0.0329667
705.741	0.0325789
703.813	0.0311938
701.885	0.0303673
699.957	0.0311327
698.029	0.0316273
696.101	0.0308201
694.173	0.0294462
692.245	0.0290477
690.317	0.0284713
688.39	0.027317
686.461	0.0264903
684.533	0.0264367
682.605	0.0258605
680.678	0.026389
678.75	0.0267346
676.822	0.0261961
674.894	0.025456
672.966	0.0248223
671.038	0.0249178
669.11	0.0245827
667.182	0.0244352
665.254	0.024371
663.327	0.0242881
661.398	0.0252376
659.47	0.0249577
657.542	0.0247157
655.614	0.0248515
653.687	0.0234289
651.759	0.0228532
649.831	0.0223863
647.903	0.0221588
645.975	0.0222208
644.047	0.0218733
642.119	0.0227257
640.191	0.0222714
638.263	0.0212437
636.335	0.0211113
634.407	0.0219689
632.479	0.023115
630.551	0.0222053
628.623	0.0212895
626.696	0.0208601
624.768	0.0200293
622.84	0.019238
620.912	0.0197573
618.983	0.0211648
617.056	0.0214924
615.128	0.0204063
613.2	0.0209073
611.272	0.0209164
609.344	0.0187803
607.417	0.0176689
605.488	0.0181061
603.56	0.0189275
601.632	0.0191962
599.705	0.0185228
597.776	0.0181504
595.849	0.0184564
593.92	0.0184424
591.993	0.0190765
590.065	0.0193066
588.137	0.0190699
586.209	0.0176424
584.281	0.018014
582.353	0.0192398
580.425	0.0190747
578.497	0.0186298
576.569	0.0188184
574.641	0.0191312
572.713	0.0189407
570.786	0.0184188
568.857	0.0176152
566.929	0.0173707
565.001	0.0187024
563.074	0.0182948
561.146	0.0173265
559.218	0.0164928
557.29	0.0159258
555.362	0.0154539
553.434	0.0161555
551.506	0.016535
549.578	0.0158699
547.65	0.0146929
545.723	0.0146851
543.794	0.0136506
541.866	0.0116728
539.938	0.0115965
538.01	0.0123315
536.083	0.0133807
534.155	0.0131435
532.227	0.012946
530.299	0.0130683
528.371	0.0138584
526.443	0.0139062
524.515	0.0126443
522.587	0.0140865
520.659	0.0170312
518.731	0.0185564
516.803	0.0181115
514.875	0.0173789
512.947	0.0142677
511.019	0.0116594
509.092	0.0110265
507.164	0.01212
505.235	0.0135838
503.308	0.0137115
501.379	0.0141966
499.452	0.0143466
497.524	0.0149936
495.596	0.0161244
493.668	0.0171884
491.74	0.0161404
489.812	0.0147226
487.884	0.0170136
485.956	0.0156314
484.028	0.0138495
482.101	0.0140817
480.172	0.0173772
478.245	0.0228862
476.316	0.0227928
474.389	0.0175429
472.461	0.0147703
470.533	0.0177836
468.605	0.0202374
466.677	0.0158086
464.749	0.0170966
462.821	0.0186862
460.893	0.0154041
458.965	0.018239
457.037	0.0233454
455.109	0.0236102
453.182	0.0196658
451.253	0.0205683
449.325	0.0201829
447.398	0.0143676
445.47	0.0145418
443.542	0.0153734
441.614	0.0191969
439.686	0.0254539
437.758	0.0254492
435.83	0.0212625
433.902	0.0218178
431.974	0.0267843
430.046	0.0254499
428.119	0.0196474
426.19	0.0230774
424.262	0.0312027
422.334	0.0306884
420.406	0.0339107
418.479	0.0333125
416.551	0.0218424
414.623	0.022446
412.695	0.0308845
410.767	0.0342708
408.839	0.0449498
406.911	0.0417413
404.983	0.0323429
403.055	0.0311459
401.127	0.0407723
