NIRW0143.spa, Mon Jun 18 17:36:59 2007 (GMT-10:00)
9999.26	0.00684895
9997.33	0.00682818
9995.4	0.00789696
9993.48	0.00850883
9991.55	0.00762003
9989.62	0.00659105
9987.69	0.00685945
9985.76	0.00737421
9983.84	0.00787732
9981.91	0.0080705
9979.98	0.00837373
9978.05	0.00770332
9976.12	0.0067075
9974.2	0.00711687
9972.27	0.00812849
9970.34	0.00798024
9968.41	0.00718559
9966.48	0.00724828
9964.56	0.00837069
9962.63	0.00888179
9960.7	0.00925907
9958.77	0.00940681
9956.84	0.00832455
9954.92	0.00747043
9952.99	0.00726506
9951.06	0.00669683
9949.13	0.00783144
9947.2	0.00815182
9945.28	0.0070477
9943.35	0.0070842
9941.42	0.00788805
9939.49	0.00852427
9937.56	0.00864661
9935.64	0.00867034
9933.71	0.0073856
9931.78	0.00735864
9929.85	0.00758546
9927.92	0.00740198
9926	0.00776029
9924.07	0.00764215
9922.14	0.00731311
9920.21	0.00745291
9918.28	0.00821631
9916.36	0.00752532
9914.43	0.0067849
9912.5	0.00710424
9910.57	0.00697068
9908.64	0.00636619
9906.71	0.00638192
9904.79	0.00615048
9902.86	0.00641125
9900.93	0.00711967
9899	0.00807657
9897.08	0.00866754
9895.15	0.00893993
9893.22	0.00879965
9891.29	0.00792915
9889.36	0.00771725
9887.43	0.00760199
9885.51	0.00762266
9883.58	0.00710933
9881.65	0.00684111
9879.72	0.00755232
9877.79	0.00811485
9875.87	0.0088728
9873.94	0.00837785
9872.01	0.00749632
9870.08	0.00770612
9868.15	0.00767506
9866.23	0.00768309
9864.3	0.00818805
9862.37	0.00798888
9860.44	0.00858845
9858.51	0.00915787
9856.59	0.00876808
9854.66	0.00881051
9852.73	0.00948567
9850.8	0.0093868
9848.87	0.00892988
9846.95	0.00882008
9845.02	0.00865047
9843.09	0.00900295
9841.16	0.00887347
9839.23	0.00825153
9837.31	0.00771523
9835.38	0.007803
9833.45	0.00825369
9831.52	0.00883726
9829.59	0.0081129
9827.67	0.00756422
9825.74	0.00785894
9823.81	0.00833802
9821.88	0.00907826
9819.95	0.00967617
9818.03	0.00980118
9816.1	0.00930612
9814.17	0.0086675
9812.24	0.00807965
9810.31	0.00829169
9808.39	0.00847356
9806.46	0.00839433
9804.53	0.00844524
9802.6	0.00867518
9800.67	0.00898745
9798.75	0.00923612
9796.82	0.00921933
9794.89	0.00976237
9792.96	0.0100452
9791.03	0.00937109
9789.11	0.00886356
9787.18	0.00885981
9785.25	0.00870154
9783.32	0.00930361
9781.39	0.00942214
9779.46	0.00881632
9777.54	0.00919991
9775.61	0.00927636
9773.68	0.00937136
9771.75	0.00947101
9769.83	0.0090108
9767.9	0.00927972
9765.97	0.00969569
9764.04	0.00941219
9762.11	0.00945347
9760.18	0.00977647
9758.26	0.00969555
9756.33	0.00971887
9754.4	0.00953004
9752.47	0.00981572
9750.54	0.0100068
9748.62	0.00984598
9746.69	0.0091686
9744.76	0.00876743
9742.83	0.0089537
9740.9	0.00880858
9738.98	0.00870195
9737.05	0.00884229
9735.12	0.00873924
9733.19	0.00892288
9731.26	0.00923145
9729.34	0.00919452
9727.41	0.00884338
9725.48	0.00897964
9723.55	0.00970687
9721.62	0.00974987
9719.7	0.00939631
9717.77	0.00985951
9715.84	0.0100186
9713.91	0.009458
9711.98	0.0086264
9710.06	0.0088872
9708.13	0.00975156
9706.2	0.0105662
9704.27	0.0103611
9702.34	0.00973754
9700.42	0.0100525
9698.49	0.0103295
9696.56	0.0100569
9694.63	0.0102362
9692.7	0.0106647
9690.78	0.0104755
9688.85	0.0103546
9686.92	0.0103357
9684.99	0.0100763
9683.06	0.00975333
9681.14	0.00990564
9679.21	0.0104961
9677.28	0.0105467
9675.35	0.00979416
9673.42	0.00938686
9671.5	0.00927271
9669.57	0.00913192
9667.64	0.00926296
9665.71	0.00973327
9663.78	0.0105357
9661.86	0.0106312
9659.93	0.0106239
9658	0.0100417
9656.07	0.00976102
9654.14	0.00963291
9652.21	0.00955006
9650.29	0.0100877
9648.36	0.0104158
9646.43	0.010355
9644.5	0.0100364
9642.57	0.00989452
9640.65	0.010316
9638.72	0.0100142
9636.79	0.00977014
9634.86	0.0106179
9632.93	0.0108276
9631.01	0.0102112
9629.08	0.00959263
9627.15	0.00958572
9625.22	0.0104318
9623.29	0.0104691
9621.37	0.0101796
9619.44	0.0108698
9617.51	0.011021
9615.58	0.0105561
9613.65	0.0105535
9611.73	0.0113401
9609.8	0.011275
9607.87	0.0106182
9605.94	0.00998928
9604.01	0.00980348
9602.09	0.00964893
9600.16	0.00975933
9598.23	0.00976597
9596.3	0.00991581
9594.37	0.0101494
9592.45	0.00995181
9590.52	0.010225
9588.59	0.0101986
9586.66	0.0100044
9584.73	0.00968115
9582.81	0.00973642
9580.88	0.0108486
9578.95	0.0109212
9577.02	0.0104986
9575.09	0.0103089
9573.17	0.0103307
9571.24	0.0104166
9569.31	0.010767
9567.38	0.0107733
9565.45	0.00972517
9563.53	0.00957045
9561.6	0.0102053
9559.67	0.0100069
9557.74	0.00985076
9555.81	0.00989157
9553.88	0.00959734
9551.96	0.00961821
9550.03	0.00976817
9548.1	0.0100108
9546.17	0.0104732
9544.25	0.0100831
9542.32	0.00994151
9540.39	0.0103907
9538.46	0.0107915
9536.53	0.0106077
9534.6	0.0100866
9532.68	0.0104075
9530.75	0.0105809
9528.82	0.0101987
9526.89	0.0102036
9524.96	0.0108706
9523.04	0.0109962
9521.11	0.0106317
9519.18	0.0100496
9517.25	0.0100656
9515.32	0.0105238
9513.4	0.0103423
9511.47	0.0105306
9509.54	0.0110811
9507.61	0.011068
9505.68	0.0107284
9503.76	0.0106287
9501.83	0.0107667
9499.9	0.011195
9497.97	0.0112151
9496.04	0.0109161
9494.12	0.0107971
9492.19	0.0104874
9490.26	0.0100288
9488.33	0.009971
9486.4	0.0100978
9484.48	0.00974418
9482.55	0.00997083
9480.62	0.0107287
9478.69	0.010523
9476.76	0.0102554
9474.84	0.0105422
9472.91	0.0107286
9470.98	0.0102258
9469.05	0.010012
9467.12	0.0105826
9465.2	0.0106648
9463.27	0.0104865
9461.34	0.0101576
9459.41	0.0095947
9457.48	0.00993049
9455.56	0.0105024
9453.63	0.0102732
9451.7	0.0102853
9449.77	0.0102363
9447.84	0.0106289
9445.92	0.0102883
9443.99	0.0103565
9442.06	0.0107572
9440.13	0.0111682
9438.2	0.0108242
9436.28	0.0100214
9434.35	0.0103379
9432.42	0.011354
9430.49	0.0113136
9428.56	0.0109323
9426.63	0.0112346
9424.71	0.0111628
9422.78	0.00995385
9420.85	0.00923368
9418.92	0.00948452
9417	0.00998941
9415.07	0.00980165
9413.14	0.0097046
9411.21	0.00986754
9409.28	0.0101835
9407.35	0.0106215
9405.43	0.0107046
9403.5	0.0100178
9401.57	0.00941114
9399.64	0.0101324
9397.71	0.0102323
9395.79	0.00999321
9393.86	0.00996988
9391.93	0.0104102
9390	0.0101986
9388.07	0.0101646
9386.15	0.0100708
9384.22	0.010204
9382.29	0.0101012
9380.36	0.00941463
9378.43	0.00986459
9376.51	0.0104702
9374.58	0.0103997
9372.65	0.0103455
9370.72	0.0102306
9368.79	0.0107762
9366.87	0.0109571
9364.94	0.0108105
9363.01	0.0103875
9361.08	0.010768
9359.15	0.010599
9357.23	0.00934525
9355.3	0.00960862
9353.37	0.0101308
9351.44	0.0103227
9349.51	0.0095884
9347.59	0.00904425
9345.66	0.00947914
9343.73	0.00980436
9341.8	0.00957847
9339.87	0.00956303
9337.95	0.010106
9336.02	0.0102766
9334.09	0.00975946
9332.16	0.0102755
9330.23	0.0113747
9328.31	0.0112189
9326.38	0.0100904
9324.45	0.00963803
9322.52	0.0101293
9320.59	0.0103399
9318.67	0.0100285
9316.74	0.010022
9314.81	0.0109639
9312.88	0.0113092
9310.95	0.0109102
9309.03	0.0102882
9307.1	0.0100261
9305.17	0.0099829
9303.24	0.00997782
9301.31	0.00993927
9299.38	0.0100792
9297.46	0.00950647
9295.53	0.00931567
9293.6	0.00993259
9291.67	0.0101945
9289.74	0.0101129
9287.82	0.010193
9285.89	0.0101164
9283.96	0.0101214
9282.03	0.0104346
9280.1	0.0100395
9278.18	0.00976071
9276.25	0.0101714
9274.32	0.0103263
9272.39	0.0100196
9270.46	0.00997127
9268.54	0.00992483
9266.61	0.0094512
9264.68	0.00946759
9262.75	0.010028
9260.82	0.0106187
9258.9	0.0106356
9256.97	0.0102097
9255.04	0.0102262
9253.11	0.0108682
9251.18	0.0103663
9249.26	0.00973415
9247.33	0.0100783
9245.4	0.0102875
9243.47	0.0102463
9241.54	0.0100663
9239.62	0.0097334
9237.69	0.0100018
9235.76	0.00990686
9233.83	0.00982795
9231.9	0.0105001
9229.98	0.010622
9228.05	0.0100109
9226.12	0.00958315
9224.19	0.00965449
9222.26	0.0101127
9220.34	0.0100957
9218.41	0.00972486
9216.48	0.00961719
9214.55	0.00984392
9212.62	0.00968258
9210.7	0.00949397
9208.77	0.00941673
9206.84	0.00946772
9204.91	0.00958129
9202.98	0.00967326
9201.05	0.00959873
9199.13	0.00961757
9197.2	0.00973256
9195.27	0.00933026
9193.34	0.0089354
9191.42	0.00880077
9189.49	0.00938974
9187.56	0.00993273
9185.63	0.00999796
9183.7	0.0100172
9181.77	0.00944162
9179.85	0.0088097
9177.92	0.00939306
9175.99	0.0100736
9174.06	0.00993588
9172.13	0.0100278
9170.21	0.0100243
9168.28	0.0100138
9166.35	0.0101349
9164.42	0.0101541
9162.49	0.00979271
9160.57	0.0093702
9158.64	0.00932799
9156.71	0.00967218
9154.78	0.00979474
9152.85	0.00968607
9150.93	0.00947368
9149	0.00911967
9147.07	0.00956957
9145.14	0.0099432
9143.21	0.0099053
9141.29	0.0100905
9139.36	0.00982771
9137.43	0.009086
9135.5	0.00919496
9133.57	0.00950826
9131.65	0.00939252
9129.72	0.00917726
9127.79	0.00978023
9125.86	0.00962922
9123.93	0.00952784
9122.01	0.00990469
9120.08	0.0101331
9118.15	0.010119
9116.22	0.0099251
9114.29	0.00969383
9112.37	0.0101403
9110.44	0.0102284
9108.51	0.00994635
9106.58	0.00989893
9104.65	0.00982961
9102.73	0.00956377
9100.8	0.00933357
9098.87	0.00962407
9096.94	0.00944392
9095.01	0.00958288
9093.08	0.00984246
9091.16	0.00956713
9089.23	0.00955652
9087.3	0.00968807
9085.37	0.00965642
9083.45	0.00946701
9081.52	0.00960676
9079.59	0.0102606
9077.66	0.010095
9075.73	0.00962922
9073.8	0.00925829
9071.88	0.00946319
9069.95	0.00947294
9068.02	0.00909209
9066.09	0.00912573
9064.17	0.00959795
9062.24	0.00979101
9060.31	0.00953112
9058.38	0.00948601
9056.45	0.00969901
9054.52	0.00986981
9052.6	0.00987947
9050.67	0.0100724
9048.74	0.00925399
9046.81	0.00898708
9044.88	0.00911243
9042.96	0.00942722
9041.03	0.00969867
9039.1	0.00952936
9037.17	0.00895522
9035.24	0.00921581
9033.32	0.0100005
9031.39	0.0100006
9029.46	0.00971585
9027.53	0.00908495
9025.6	0.00882654
9023.68	0.00888264
9021.75	0.00899023
9019.82	0.00969888
9017.89	0.00973022
9015.96	0.00930581
9014.04	0.00904588
9012.11	0.00863779
9010.18	0.00866564
9008.25	0.00932697
9006.32	0.00950857
9004.4	0.00879506
9002.47	0.00858476
9000.54	0.0089974
8998.61	0.00935995
8996.68	0.00928963
8994.76	0.00882099
8992.83	0.00868231
8990.9	0.00879174
8988.97	0.00914485
8987.04	0.00920268
8985.12	0.00920945
8983.19	0.00925284
8981.26	0.00935863
8979.33	0.00898336
8977.4	0.00835974
8975.48	0.00839322
8973.55	0.00925589
8971.62	0.00942248
8969.69	0.00875114
8967.76	0.0084945
8965.83	0.00885575
8963.91	0.00936838
8961.98	0.00962183
8960.05	0.00928611
8958.12	0.00894588
8956.2	0.00927339
8954.27	0.00930253
8952.34	0.00845872
8950.41	0.00847437
8948.48	0.00877372
8946.55	0.00910918
8944.63	0.00889495
8942.7	0.00847947
8940.77	0.00855482
8938.84	0.00861751
8936.92	0.00840822
8934.99	0.00825903
8933.06	0.00826119
8931.13	0.00842693
8929.2	0.00845568
8927.27	0.00894189
8925.35	0.00934498
8923.42	0.00937373
8921.49	0.00959836
8919.56	0.00900386
8917.63	0.00835262
8915.71	0.00892008
8913.78	0.00920244
8911.85	0.00853732
8909.92	0.00814308
8907.99	0.00840673
8906.07	0.0087673
8904.14	0.00845528
8902.21	0.00829932
8900.28	0.00857996
8898.35	0.00841318
8896.43	0.00823637
8894.5	0.00853573
8892.57	0.00846301
8890.64	0.00851549
8888.71	0.00849447
8886.79	0.00824951
8884.86	0.0085408
8882.93	0.00904791
8881	0.00882961
8879.07	0.00855364
8877.15	0.00867409
8875.22	0.00802581
8873.29	0.00792827
8871.36	0.00873626
8869.43	0.0086385
8867.51	0.00855563
8865.58	0.00881994
8863.65	0.00875922
8861.72	0.00845214
8859.79	0.00806628
8857.87	0.00794727
8855.94	0.00810196
8854.01	0.00821773
8852.08	0.00796189
8850.15	0.00773621
8848.22	0.00760431
8846.3	0.00783778
8844.37	0.00795402
8842.44	0.00781538
8840.51	0.00796813
8838.58	0.00835728
8836.66	0.00831921
8834.73	0.00828321
8832.8	0.00811847
8830.87	0.00781191
8828.94	0.00777355
8827.02	0.00763156
8825.09	0.00762512
8823.16	0.00775655
8821.23	0.00764016
8819.3	0.00786744
8817.38	0.00791582
8815.45	0.00785384
8813.52	0.00782958
8811.59	0.00777119
8809.66	0.0075829
8807.74	0.00753809
8805.81	0.0075588
8803.88	0.00738128
8801.95	0.00732494
8800.02	0.00736305
8798.1	0.00740188
8796.17	0.00760283
8794.24	0.00812552
8792.31	0.00807549
8790.38	0.00764458
8788.46	0.00767159
8786.53	0.00790222
8784.6	0.00768832
8782.67	0.00734509
8780.74	0.00733201
8778.82	0.00717484
8776.89	0.00745479
8774.96	0.00791407
8773.03	0.00772478
8771.1	0.00777719
8769.18	0.00773301
8767.25	0.00780681
8765.32	0.00814443
8763.39	0.00849031
8761.46	0.00802317
8759.54	0.00739655
8757.61	0.0073154
8755.68	0.00761787
8753.75	0.0078947
8751.82	0.00811982
8749.9	0.00802652
8747.97	0.00788633
8746.04	0.00761335
8744.11	0.00730536
8742.18	0.00709316
8740.25	0.00674276
8738.33	0.00683252
8736.4	0.007032
8734.47	0.00695068
8732.54	0.00707342
8730.62	0.00742052
8728.69	0.00734893
8726.76	0.00719027
8724.83	0.00751719
8722.9	0.0079765
8720.97	0.00784561
8719.05	0.00755337
8717.12	0.00732312
8715.19	0.00724822
8713.26	0.00740039
8711.33	0.00745243
8709.41	0.00733242
8707.48	0.00717346
8705.55	0.00723855
8703.62	0.00720129
8701.69	0.00692944
8699.77	0.00675498
8697.84	0.00722167
8695.91	0.00763362
8693.98	0.00732137
8692.05	0.00699287
8690.13	0.00702012
8688.2	0.00680546
8686.27	0.00697143
8684.34	0.00718148
8682.41	0.00692018
8680.49	0.00678409
8678.56	0.00679658
8676.63	0.0072684
8674.7	0.00736352
8672.77	0.00711482
8670.85	0.00674401
8668.92	0.00652811
8666.99	0.00622449
8665.06	0.0063482
8663.13	0.00652492
8661.21	0.00653161
8659.28	0.00646724
8657.35	0.00630268
8655.42	0.00651288
8653.49	0.00702988
8651.57	0.00697048
8649.64	0.00678046
8647.71	0.00676121
8645.78	0.00659034
8643.85	0.00686928
8641.93	0.00707194
8640	0.00693139
8638.07	0.00650659
8636.14	0.00649189
8634.21	0.0067713
8632.29	0.00654063
8630.36	0.00632742
8628.43	0.00638313
8626.5	0.00652213
8624.57	0.0066368
8622.65	0.00666231
8620.72	0.00678574
8618.79	0.00679553
8616.86	0.00656
8614.93	0.00622825
8613	0.00600489
8611.08	0.00640274
8609.15	0.00678837
8607.22	0.00671884
8605.29	0.00661114
8603.37	0.00653487
8601.44	0.00647982
8599.51	0.00630933
8597.58	0.00613986
8595.65	0.00619121
8593.72	0.0065306
8591.8	0.0066723
8589.87	0.00622573
8587.94	0.00611711
8586.01	0.00645624
8584.08	0.0065077
8582.16	0.00636868
8580.23	0.00629969
8578.3	0.00658069
8576.37	0.00636515
8574.44	0.00617354
8572.52	0.0060195
8570.59	0.00599256
8568.66	0.00643909
8566.73	0.00646021
8564.8	0.00601154
8562.88	0.00570606
8560.95	0.00613734
8559.02	0.0064402
8557.09	0.00636982
8555.16	0.00625931
8553.24	0.00612901
8551.31	0.00562593
8549.38	0.00562922
8547.45	0.00585061
8545.52	0.00614961
8543.6	0.00621309
8541.67	0.00574296
8539.74	0.00558283
8537.81	0.00572053
8535.88	0.00573107
8533.96	0.00546014
8532.03	0.00529483
8530.1	0.0054935
8528.17	0.00570871
8526.24	0.00559552
8524.32	0.00541693
8522.39	0.00557555
8520.46	0.00562784
8518.53	0.00567574
8516.6	0.00581404
8514.68	0.00582197
8512.75	0.00549346
8510.82	0.00516863
8508.89	0.00522473
8506.96	0.00527135
8505.04	0.00502079
8503.11	0.00537868
8501.18	0.00575672
8499.25	0.00570757
8497.32	0.00559025
8495.39	0.0054434
8493.47	0.00566383
8491.54	0.00563654
8489.61	0.00579896
8487.68	0.00584426
8485.75	0.0058931
8483.83	0.00562714
8481.9	0.00517842
8479.97	0.00528342
8478.04	0.00570666
8476.11	0.00545525
8474.19	0.00533296
8472.26	0.00530817
8470.33	0.00505726
8468.4	0.00512598
8466.47	0.00537546
8464.55	0.00542072
8462.62	0.00539774
8460.69	0.00523982
8458.76	0.00535758
8456.83	0.00560683
8454.91	0.00525196
8452.98	0.00499106
8451.05	0.0049809
8449.12	0.00502367
8447.19	0.00518945
8445.27	0.00559441
8443.34	0.00516112
8441.41	0.00466121
8439.48	0.00474725
8437.55	0.00505018
8435.63	0.00533498
8433.7	0.00509329
8431.77	0.00493093
8429.84	0.00461857
8427.91	0.00461499
8425.99	0.00453396
8424.06	0.00441367
8422.13	0.00452458
8420.2	0.0048162
8418.27	0.00519147
8416.35	0.00506309
8414.42	0.00465876
8412.49	0.00471989
8410.56	0.0050466
8408.63	0.00496498
8406.71	0.00475208
8404.78	0.00456891
8402.85	0.00466563
8400.92	0.00509712
8398.99	0.00521051
8397.07	0.0052467
8395.14	0.00491045
8393.21	0.00472253
8391.28	0.00447389
8389.35	0.00457065
8387.43	0.00506423
8385.5	0.00500289
8383.57	0.00471161
8381.64	0.00480209
8379.71	0.00495452
8377.79	0.00483583
8375.86	0.00453067
8373.93	0.00450915
8372	0.00459948
8370.07	0.00469212
8368.14	0.00470813
8366.22	0.0046315
8364.29	0.00432558
8362.36	0.00430092
8360.43	0.00413647
8358.5	0.00418977
8356.58	0.00428178
8354.65	0.00430306
8352.72	0.00458241
8350.79	0.00457902
8348.86	0.00474585
8346.94	0.00466787
8345.01	0.0042801
8343.08	0.00464379
8341.15	0.00462497
8339.22	0.00455492
8337.3	0.00461408
8335.37	0.00456081
8333.44	0.0045523
8331.51	0.00425109
8329.58	0.00400807
8327.66	0.00421991
8325.73	0.00427639
8323.8	0.0042078
8321.87	0.00426515
8319.94	0.0040169
8318.02	0.00403888
8316.09	0.00424025
8314.16	0.00402215
8312.23	0.00403269
8310.3	0.00431752
8308.38	0.00436614
8306.45	0.00408152
8304.52	0.00399657
8302.59	0.00388008
8300.66	0.00392094
8298.74	0.00402326
8296.81	0.00401359
8294.88	0.00395036
8292.95	0.00383238
8291.02	0.00401145
8289.1	0.00410159
8287.17	0.00388175
8285.24	0.00364405
8283.31	0.00378073
8281.38	0.00356574
8279.46	0.00352819
8277.53	0.00375777
8275.6	0.00368278
8273.67	0.00365291
8271.74	0.00379307
8269.82	0.00382084
8267.89	0.00382432
8265.96	0.00387777
8264.03	0.00372876
8262.1	0.00368345
8260.17	0.00356808
8258.25	0.0032133
8256.32	0.00312482
8254.39	0.00348366
8252.46	0.00375497
8250.54	0.00374851
8248.61	0.0036512
8246.68	0.00375029
8244.75	0.0039074
8242.82	0.00382572
8240.89	0.003608
8238.97	0.00339105
8237.04	0.00347695
8235.11	0.00377953
8233.18	0.00355057
8231.25	0.00351383
8229.33	0.00348751
8227.4	0.003344
8225.47	0.00332955
8223.54	0.00318673
8221.61	0.00338815
8219.69	0.00363095
8217.76	0.00354362
8215.83	0.00342308
8213.9	0.00341122
8211.97	0.00334083
8210.05	0.0032114
8208.12	0.0033196
8206.19	0.00320052
8204.26	0.00292649
8202.33	0.00290078
8200.41	0.00298518
8198.48	0.00307336
8196.55	0.00309115
8194.62	0.00332945
8192.69	0.00298738
8190.77	0.00299208
8188.84	0.00312702
8186.91	0.00301657
8184.98	0.00296199
8183.05	0.00277351
8181.13	0.00276537
8179.2	0.003165
8177.27	0.00327493
8175.34	0.00286052
8173.41	0.0027387
8171.49	0.00263401
8169.56	0.00238526
8167.63	0.00236398
8165.7	0.0027627
8163.77	0.0028853
8161.85	0.00259568
8159.92	0.00250892
8157.99	0.00251498
8156.06	0.00233729
8154.13	0.00234225
8152.21	0.00259564
8150.28	0.00291986
8148.35	0.00301373
8146.42	0.00283194
8144.49	0.00286325
8142.56	0.00296159
8140.64	0.00261274
8138.71	0.00227743
8136.78	0.00236064
8134.85	0.00249916
8132.92	0.00231377
8131	0.00228106
8129.07	0.00253485
8127.14	0.00282343
8125.21	0.00291585
8123.28	0.00275917
8121.36	0.00277848
8119.43	0.0029376
8117.5	0.00271199
8115.57	0.00294034
8113.64	0.00292866
8111.72	0.00285568
8109.79	0.00273556
8107.86	0.00265951
8105.93	0.00260611
8104	0.00259588
8102.08	0.00265665
8100.15	0.00262414
8098.22	0.00247326
8096.29	0.00256104
8094.36	0.00252722
8092.44	0.00244247
8090.51	0.00231054
8088.58	0.00215288
8086.65	0.00228126
8084.72	0.00255015
8082.8	0.00255085
8080.87	0.00221162
8078.94	0.00230418
8077.01	0.00239653
8075.08	0.00230814
8073.16	0.00248346
8071.23	0.00248093
8069.3	0.00239463
8067.37	0.00254511
8065.44	0.00272433
8063.52	0.00277774
8061.59	0.00267238
8059.66	0.00260441
8057.73	0.00262848
8055.8	0.00243807
8053.88	0.0023205
8051.95	0.00221388
8050.02	0.00216437
8048.09	0.00197437
8046.16	0.00196165
8044.24	0.00221002
8042.31	0.00230468
8040.38	0.00228403
8038.45	0.00219563
8036.52	0.00229129
8034.6	0.00203698
8032.67	0.00168232
8030.74	0.0017255
8028.81	0.00168159
8026.88	0.00198961
8024.96	0.00199504
8023.03	0.00205819
8021.1	0.00217316
8019.17	0.00203715
8017.24	0.00199597
8015.31	0.00202556
8013.39	0.00193013
8011.46	0.00176695
8009.53	0.00178907
8007.6	0.00174303
8005.67	0.00170078
8003.75	0.00174619
8001.82	0.00173275
7999.89	0.00170677
7997.96	0.00188983
7996.03	0.00184195
7994.11	0.00202929
7992.18	0.00236331
7990.25	0.00233936
7988.32	0.00209481
7986.39	0.00182537
7984.47	0.00159442
7982.54	0.00148878
7980.61	0.00127794
7978.68	0.0012038
7976.75	0.001545
7974.83	0.00189705
7972.9	0.00186311
7970.97	0.00145756
7969.04	0.00158131
7967.11	0.00167168
7965.19	0.00168096
7963.26	0.00148309
7961.33	0.00110816
7959.4	0.00106325
7957.47	0.00121025
7955.55	0.00159432
7953.62	0.00180681
7951.69	0.0017952
7949.76	0.00171206
7947.83	0.00183506
7945.91	0.00180069
7943.98	0.00165821
7942.05	0.00184787
7940.12	0.00173272
7938.19	0.00139862
7936.27	0.0011643
7934.34	0.00105624
7932.41	0.000952322
7930.48	0.001022
7928.55	0.00142312
7926.63	0.00173398
7924.7	0.00176086
7922.77	0.00199234
7920.84	0.00196748
7918.91	0.00148788
7916.99	0.00133809
7915.06	0.00156728
7913.13	0.00154733
7911.2	0.00148798
7909.27	0.00149213
7907.35	0.00128325
7905.42	0.00129173
7903.49	0.00154095
7901.56	0.00163489
7899.63	0.00157323
7897.71	0.00126338
7895.78	0.00112078
7893.85	0.00123623
7891.92	0.00116011
7889.99	0.00115353
7888.06	0.00108334
7886.14	0.000699028
7884.21	0.00084189
7882.28	0.0012039
7880.35	0.0012355
7878.42	0.00126079
7876.5	0.00131024
7874.57	0.00115307
7872.64	0.00101944
7870.71	0.00117314
7868.78	0.00120533
7866.86	0.00126601
7864.93	0.00115144
7863	0.00108945
7861.07	0.00101366
7859.14	0.00114613
7857.22	0.00134524
7855.29	0.00127764
7853.36	0.00107789
7851.43	0.000999112
7849.5	0.000947075
7847.58	0.00109583
7845.65	0.00117344
7843.72	0.00101957
7841.79	0.00101429
7839.86	0.00107902
7837.94	0.000948436
7836.01	0.00110646
7834.08	0.00111334
7832.15	0.000954048
7830.22	0.00087987
7828.3	0.000842487
7826.37	0.000789141
7824.44	0.000748679
7822.51	0.000582423
7820.58	0.000353253
7818.66	0.000437291
7816.73	0.00064915
7814.8	0.000595993
7812.87	0.000451951
7810.94	0.000554786
7809.02	0.000572569
7807.09	0.000806336
7805.16	0.000871338
7803.23	0.000398122
7801.3	9.07636e-05
7799.38	0.000297745
7797.45	0.000500082
7795.52	0.000804477
7793.59	0.000823498
7791.66	0.000574062
7789.74	0.000281664
7787.81	0.00032583
7785.88	0.000579437
7783.95	0.000683795
7782.02	0.000509337
7780.09	0.000503963
7778.17	0.000418154
7776.24	0.000474241
7774.31	0.000497262
7772.38	0.000461803
7770.46	0.000433908
7768.53	0.000494144
7766.6	0.000470062
7764.67	0.000360051
7762.74	0.000313163
7760.81	0.000126988
7758.89	0.000316181
7756.96	0.000574261
7755.03	0.000333423
7753.1	0.000156819
7751.17	0.000313163
7749.25	0.000177237
7747.32	7.25033e-05
7745.39	8.19814e-05
7743.46	0.000128579
7741.53	7.62813e-05
7739.61	0.00026827
7737.68	0.000338861
7735.75	8.59913e-05
7733.82	0.00016716
7731.89	0.000388803
7729.97	0.000468105
7728.04	0.000384591
7726.11	0.000113665
7724.18	-3.70754e-05
7722.25	3.3069e-05
7720.33	0.000217381
7718.4	0.000380744
7716.47	0.000523303
7714.54	0.000439248
7712.61	0.000243935
7710.69	0.000126624
7708.76	0.000136567
7706.83	8.94048e-05
7704.9	0.000169679
7702.97	0.000386581
7701.05	0.00039716
7699.12	0.000215856
7697.19	2.88276e-05
7695.26	-0.000119796
7693.33	4.78151e-05
7691.41	0.000117675
7689.48	2.44867e-05
7687.55	0.000162685
7685.62	0.000217016
7683.69	7.39615e-05
7681.77	-0.000256912
7679.84	-0.000108434
7677.91	0.00021622
7675.98	0.000141936
7674.05	1.01391e-05
7672.12	-0.000102505
7670.2	2.71045e-05
7668.27	0.000106937
7666.34	-1.8886e-05
7664.41	-0.000175509
7662.48	-0.000306382
7660.56	-0.000477398
7658.63	-0.000477696
7656.7	-0.000310355
7654.77	-0.000218828
7652.84	-0.000120657
7650.92	-2.04432e-05
7648.99	2.35252e-06
7647.06	-2.14703e-05
7645.13	-3.38948e-05
7643.2	-0.000180278
7641.28	-0.000393553
7639.35	-0.000392097
7637.42	-0.000474684
7635.49	-0.000506093
7633.56	-0.00022671
7631.64	-0.000282177
7629.71	-0.000458201
7627.78	-0.000437613
7625.85	-0.000212933
7623.92	-0.000211277
7622	-0.000337935
7620.07	-0.000394944
7618.14	-0.000497819
7616.21	-0.000517212
7614.28	-0.000459492
7612.36	-0.000501757
7610.43	-0.000438606
7608.5	-0.000457373
7606.57	-0.000603349
7604.64	-0.000416163
7602.72	-0.000499275
7600.79	-0.000631043
7598.86	-0.000446715
7596.93	-0.000599577
7595	-0.000651324
7593.08	-0.000553516
7591.15	-0.000573106
7589.22	-0.000648644
7587.29	-0.000633756
7585.36	-0.000603647
7583.44	-0.000539021
7581.51	-0.000383192
7579.58	-0.000516319
7577.65	-0.00049709
7575.72	-0.000355581
7573.8	-0.000447079
7571.87	-0.000453964
7569.94	-0.000602224
7568.01	-0.000667436
7566.08	-0.000604375
7564.16	-0.000450489
7562.23	-0.000271978
7560.3	-0.000415799
7558.37	-0.000516286
7556.44	-0.000306216
7554.52	-0.000419142
7552.59	-0.000816152
7550.66	-0.000876273
7548.73	-0.000865856
7546.8	-0.000840889
7544.88	-0.000557851
7542.95	-0.00050778
7541.02	-0.000594978
7539.09	-0.000741371
7537.16	-0.000844726
7535.23	-0.000790554
7533.31	-0.00085458
7531.38	-0.000907123
7529.45	-0.000776497
7527.52	-0.000685334
7525.59	-0.000592628
7523.67	-0.000673755
7521.74	-0.00066952
7519.81	-0.000602423
7517.88	-0.000749739
7515.95	-0.00079621
7514.03	-0.00067091
7512.1	-0.000565296
7510.17	-0.000510362
7508.24	-0.000671638
7506.31	-0.000762705
7504.39	-0.000711137
7502.46	-0.000692148
7500.53	-0.000713816
7498.6	-0.000827496
7496.67	-0.000917506
7494.75	-0.000965413
7492.82	-0.000877695
7490.89	-0.000752749
7488.96	-0.000801303
7487.03	-0.000776134
7485.11	-0.000880307
7483.18	-0.00112034
7481.25	-0.00108435
7479.32	-0.00106981
7477.39	-0.00107202
7475.47	-0.000884804
7473.54	-0.000811655
7471.61	-0.000852828
7469.68	-0.000884903
7467.75	-0.00092716
7465.83	-0.000911223
7463.9	-0.00101133
7461.97	-0.00112953
7460.04	-0.000997943
7458.11	-0.00103669
7456.19	-0.00107496
7454.26	-0.00107232
7452.33	-0.00114962
7450.4	-0.00125142
7448.47	-0.00110709
7446.54	-0.0011287
7444.62	-0.00123847
7442.69	-0.00126269
7440.76	-0.00126001
7438.83	-0.00125982
7436.91	-0.00111786
7434.98	-0.000969347
7433.05	-0.000992951
7431.12	-0.000961578
7429.19	-0.000776464
7427.26	-0.000829513
7425.34	-0.000923391
7423.41	-0.000920812
7421.48	-0.00105093
7419.55	-0.00117695
7417.62	-0.00122697
7415.7	-0.00125314
7413.77	-0.0012725
7411.84	-0.00127022
7409.91	-0.00107202
7407.98	-0.000951296
7406.06	-0.00105149
7404.13	-0.000989646
7402.2	-0.00101728
7400.27	-0.00108068
7398.34	-0.00108332
7396.42	-0.00111756
7394.49	-0.00116413
7392.56	-0.00129982
7390.63	-0.00143984
7388.7	-0.00134792
7386.78	-0.00144033
7384.85	-0.00150618
7382.92	-0.00136315
7380.99	-0.00125506
7379.06	-0.00120285
7377.14	-0.00134287
7375.21	-0.00149244
7373.28	-0.001444
7371.35	-0.00131396
7369.42	-0.0012428
7367.5	-0.00129123
7365.57	-0.00128592
7363.64	-0.00125939
7361.71	-0.00145694
7359.78	-0.00139287
7357.86	-0.00129758
7355.93	-0.0013605
7354	-0.00143465
7352.07	-0.00152021
7350.14	-0.00154501
7348.22	-0.00149033
7346.29	-0.00152239
7344.36	-0.00155577
7342.43	-0.00142002
7340.5	-0.00140916
7338.58	-0.00144099
7336.65	-0.00143984
7334.72	-0.00136292
7332.79	-0.00137831
7330.86	-0.00139096
7328.94	-0.00130114
7327.01	-0.00119053
7325.08	-0.00122218
7323.15	-0.0013353
7321.22	-0.00136932
7319.29	-0.00144007
7317.37	-0.00135416
7315.44	-0.00125945
7313.51	-0.00136354
7311.58	-0.00140466
7309.65	-0.00139849
7307.73	-0.00138191
7305.8	-0.00134574
7303.87	-0.00140314
7301.94	-0.00160697
7300.01	-0.00163431
7298.09	-0.00149333
7296.16	-0.00145717
7294.23	-0.00154827
7292.3	-0.00150304
7290.37	-0.00148782
7288.45	-0.00143475
7286.52	-0.00150317
7284.59	-0.00149138
7282.66	-0.00136932
7280.73	-0.0014004
7278.81	-0.00161849
7276.88	-0.00176164
7274.95	-0.00161777
7273.02	-0.00146411
7271.09	-0.00134178
7269.17	-0.00125949
7267.24	-0.00129391
7265.31	-0.0014115
7263.38	-0.00145113
7261.45	-0.00134865
7259.53	-0.00146242
7257.6	-0.00163034
7255.67	-0.00145176
7253.74	-0.00127875
7251.81	-0.00125536
7249.89	-0.00143145
7247.96	-0.00172326
7246.03	-0.00177035
7244.1	-0.00175788
7242.17	-0.0017787
7240.25	-0.0016892
7238.32	-0.00155214
7236.39	-0.00139007
7234.46	-0.00121544
7232.53	-0.00121567
7230.61	-0.00131654
7228.68	-0.00142966
7226.75	-0.00151427
7224.82	-0.00155745
7222.89	-0.0017059
7220.97	-0.00171075
7219.04	-0.0016617
7217.11	-0.00167576
7215.18	-0.00173864
7213.25	-0.00169161
7211.33	-0.00169382
7209.4	-0.00168309
7207.47	-0.00135968
7205.54	-0.00141995
7203.61	-0.00169969
7201.69	-0.00174111
7199.76	-0.00170395
7197.83	-0.00157416
7195.9	-0.00157944
7193.97	-0.00168593
7192.04	-0.00176606
7190.12	-0.00178777
7188.19	-0.00178596
7186.26	-0.00172577
7184.33	-0.00156597
7182.4	-0.00145915
7180.48	-0.00144575
7178.55	-0.00149426
7176.62	-0.00172514
7174.69	-0.0017419
7172.76	-0.00148993
7170.84	-0.0012722
7168.91	-0.00140585
7166.98	-0.00168563
7165.05	-0.00168662
7163.12	-0.0017255
7161.2	-0.00177309
7159.27	-0.00163064
7157.34	-0.00151727
7155.41	-0.00160806
7153.48	-0.00173553
7151.56	-0.00174276
7149.63	-0.00167712
7147.7	-0.00172247
7145.77	-0.00180424
7143.84	-0.00180612
7141.92	-0.00179721
7139.99	-0.00185017
7138.06	-0.00179978
7136.13	-0.00178619
7134.2	-0.00174798
7132.28	-0.00168451
7130.35	-0.00163995
7128.42	-0.00158093
7126.49	-0.00155544
7124.56	-0.00156554
7122.64	-0.00163018
7120.71	-0.00175174
7118.78	-0.00164896
7116.85	-0.00163467
7114.92	-0.00186577
7113	-0.00181602
7111.07	-0.0017057
7109.14	-0.00164338
7107.21	-0.00165669
7105.28	-0.00176448
7103.36	-0.00181602
7101.43	-0.00163586
7099.5	-0.00146401
7097.57	-0.0015769
7095.64	-0.00170379
7093.71	-0.00149006
7091.79	-0.00140126
7089.86	-0.00155151
7087.93	-0.00154028
7086	-0.0015901
7084.08	-0.0017189
7082.15	-0.00157297
7080.22	-0.00167979
7078.29	-0.00175679
7076.36	-0.00160057
7074.43	-0.00159413
7072.51	-0.0017025
7070.58	-0.00189151
7068.65	-0.00187181
7066.72	-0.00162513
7064.79	-0.00152506
7062.87	-0.00158103
7060.94	-0.00165761
7059.01	-0.00158462
7057.08	-0.00153048
7055.15	-0.00144948
7053.23	-0.00149482
7051.3	-0.00170854
7049.37	-0.00168996
7047.44	-0.00152718
7045.51	-0.0014927
7043.59	-0.00145526
7041.66	-0.0013863
7039.73	-0.00143085
7037.8	-0.0015107
7035.87	-0.00165226
7033.95	-0.00162982
7032.02	-0.00139657
7030.09	-0.00116191
7028.16	-0.00118888
7026.23	-0.00134389
7024.31	-0.00130607
7022.38	-0.00139585
7020.45	-0.00163275
7018.52	-0.00161183
7016.59	-0.00148151
7014.67	-0.0015936
7012.74	-0.00161836
7010.81	-0.00164081
7008.88	-0.00158103
7006.95	-0.00154808
7005.03	-0.001665
7003.1	-0.00160304
7001.17	-0.00150159
6999.24	-0.00149564
6997.31	-0.00145622
6995.39	-0.00162302
6993.46	-0.00171847
6991.53	-0.00159222
6989.6	-0.00149158
6987.67	-0.0014074
6985.75	-0.00131399
6983.82	-0.00133933
6981.89	-0.00142857
6979.96	-0.00148442
6978.03	-0.00140922
6976.1	-0.00131528
6974.18	-0.00126728
6972.25	-0.00137005
6970.32	-0.00148719
6968.39	-0.00155333
6966.46	-0.00134135
6964.54	-0.00114757
6962.61	-0.00133206
6960.68	-0.00142702
6958.75	-0.00132562
6956.82	-0.00136731
6954.9	-0.00145139
6952.97	-0.00156947
6951.04	-0.00174045
6949.11	-0.00167893
6947.18	-0.00144215
6945.26	-0.0014153
6943.33	-0.00136443
6941.4	-0.00127828
6939.47	-0.00120487
6937.54	-0.00124531
6935.62	-0.0013093
6933.69	-0.00143924
6931.76	-0.00148098
6929.83	-0.00135783
6927.9	-0.0013286
6925.98	-0.00144013
6924.05	-0.00133071
6922.12	-0.00124333
6920.19	-0.00128968
6918.26	-0.00143574
6916.34	-0.00138508
6914.41	-0.00124095
6912.48	-0.00128169
6910.55	-0.00131763
6908.62	-0.00121128
6906.7	-0.00106065
6904.77	-0.00102032
6902.84	-0.00115491
6900.91	-0.00116046
6898.98	-0.00112721
6897.06	-0.00118531
6895.13	-0.00115289
6893.2	-0.00106673
6891.27	-0.000979199
6889.34	-0.00101867
6887.42	-0.00118227
6885.49	-0.00123818
6883.56	-0.00113895
6881.63	-0.00115385
6879.7	-0.00109902
6877.78	-0.00100736
6875.85	-0.00110686
6873.92	-0.00112906
6871.99	-0.00113455
6870.06	-0.00106448
6868.14	-0.000892938
6866.21	-0.000927888
6864.28	-0.000865989
6862.35	-0.000817938
6860.42	-0.000799848
6858.5	-0.000706671
6856.57	-0.000690825
6854.64	-0.000728966
6852.71	-0.000842973
6850.78	-0.000852001
6848.85	-0.000754171
6846.93	-0.000672564
6845	-0.000606228
6843.07	-0.000343166
6841.14	-0.000343994
6839.21	-0.000587334
6837.29	-0.000650199
6835.36	-0.000544084
6833.43	-0.000517246
6831.5	-0.000625021
6829.57	-0.0006144
6827.65	-0.000497819
6825.72	-0.000524228
6823.79	-0.000428576
6821.86	-0.00046866
6819.93	-0.000539584
6818.01	-0.000451118
6816.08	-0.000159114
6814.15	-3.94293e-06
6812.22	-2.58438e-05
6810.29	-6.91784e-05
6808.37	-0.000177132
6806.44	-0.000283965
6804.51	-0.000218166
6802.58	4.10864e-06
6800.65	3.02193e-05
6798.73	-4.67827e-05
6796.8	-7.59366e-05
6794.87	-0.000125262
6792.94	4.94057e-05
6791.01	0.000224011
6789.09	0.000285146
6787.16	0.000162752
6785.23	4.56942e-05
6783.3	2.91589e-05
6781.37	0.000211148
6779.45	0.000357531
6777.52	0.000397127
6775.59	0.000363964
6773.66	0.000274702
6771.73	0.000326327
6769.81	0.000351197
6767.88	0.000294562
6765.95	0.000296883
6764.02	0.00039265
6762.09	0.00049013
6760.17	0.000441868
6758.24	0.000405087
6756.31	0.000484325
6754.38	0.000545563
6752.45	0.000565502
6750.53	0.000674105
6748.6	0.000685786
6746.67	0.000644703
6744.74	0.000680178
6742.81	0.000620314
6740.88	0.000358426
6738.96	0.000450326
6737.03	0.000686981
6735.1	0.000732482
6733.17	0.000748115
6731.25	0.000782834
6729.32	0.000704537
6727.39	0.000568687
6725.46	0.000615835
6723.53	0.000730059
6721.6	0.00072362
6719.68	0.000692324
6717.75	0.000758271
6715.82	0.000765706
6713.89	0.000772843
6711.96	0.000658143
6710.04	0.000629207
6708.11	0.000750239
6706.18	0.000708752
6704.25	0.000667235
6702.32	0.000548416
6700.4	0.000653066
6698.47	0.000729926
6696.54	0.000736133
6694.61	0.000925823
6692.68	0.00103309
6690.76	0.000919282
6688.83	0.000668331
6686.9	0.000541781
6684.97	0.000651207
6683.04	0.000819714
6681.12	0.000755417
6679.19	0.000624495
6677.26	0.000613214
6675.33	0.00067978
6673.4	0.00065957
6671.48	0.000617029
6669.55	0.000625292
6667.62	0.000631961
6665.69	0.000680145
6663.76	0.000697767
6661.84	0.000612086
6659.91	0.000458088
6657.98	0.000561056
6656.05	0.000715489
6654.12	0.000680974
6652.2	0.00051627
6650.27	0.00060671
6648.34	0.000690731
6646.41	0.000556379
6644.48	0.000477658
6642.56	0.000567725
6640.63	0.000584414
6638.7	0.000572337
6636.77	0.000583252
6634.84	0.000501807
6632.92	0.000428933
6630.99	0.000461007
6629.06	0.000624064
6627.13	0.000643807
6625.2	0.00058083
6623.27	0.000508839
6621.35	0.000436329
6619.42	0.000302851
6617.49	0.000264258
6615.56	0.000414672
6613.63	0.00057874
6611.71	0.000526488
6609.78	0.00038353
6607.85	0.000402467
6605.92	0.000386913
6603.99	0.000384757
6602.07	0.0004758
6600.14	0.000471156
6598.21	0.000390494
6596.28	0.000407939
6594.35	0.000288296
6592.43	0.00023999
6590.5	0.000278183
6588.57	0.000297612
6586.64	0.000307394
6584.71	0.000240587
6582.79	0.000255505
6580.86	0.000477791
6578.93	0.000507545
6577	0.000286008
6575.07	0.000243471
6573.15	0.000239062
6571.22	0.000116581
6569.29	0.00012195
6567.36	0.000193446
6565.43	0.00021937
6563.51	0.000250632
6561.58	0.000269463
6559.65	0.000153338
6557.72	7.56185e-05
6555.79	0.000275895
6553.87	0.000413511
6551.94	0.000306101
6550.01	0.000258257
6548.08	0.000329809
6546.15	0.000345427
6544.23	0.000397592
6542.3	0.000277222
6540.37	0.000172132
6538.44	0.000171337
6536.51	0.000145118
6534.59	-5.73512e-05
6532.66	-0.000120823
6530.73	-7.8123e-05
6528.8	1.31544e-05
6526.87	0.000110748
6524.95	1.76939e-05
6523.02	-3.63465e-05
6521.09	-5.51315e-05
6519.16	-0.000144043
6517.23	1.75614e-05
6515.31	0.000182143
6513.38	8.10866e-05
6511.45	-1.39161e-05
6509.52	-8.06076e-05
6507.59	-8.0707e-05
6505.67	-6.32856e-06
6503.74	2.92915e-05
6501.81	1.63023e-05
6499.88	0.00010465
6497.95	0.000132689
6496.02	-3.84353e-06
6494.1	-4.8108e-05
6492.17	-2.63408e-05
6490.24	1.85555e-05
6488.31	-2.80636e-05
6486.38	-0.000111184
6484.46	-7.59366e-05
6482.53	-8.97177e-05
6480.6	-9.07447e-05
6478.67	-0.000103101
6476.74	-9.25004e-05
6474.82	-7.74936e-05
6472.89	-0.000104923
6470.96	-0.000204256
6469.03	-0.000210151
6467.1	-0.000114496
6465.18	-0.000134437
6463.25	-0.000227571
6461.32	-8.47486e-05
6459.39	4.10219e-05
6457.46	-6.86483e-05
6455.54	-3.84007e-05
6453.61	-8.52455e-05
6451.68	-0.00024956
6449.75	-0.000320354
6447.82	-0.000210251
6445.9	-0.000165374
6443.97	-0.000210979
6442.04	-0.000112244
6440.11	-0.000171998
6438.18	-0.000271879
6436.26	-0.000188922
6434.33	-0.000152224
6432.4	-0.000262673
6430.47	-0.000380576
6428.54	-0.000315586
6426.62	-0.000361011
6424.69	-0.000391534
6422.76	-0.000337107
6420.83	-0.0002888
6418.9	-0.000335518
6416.98	-0.000304163
6415.05	-0.000183193
6413.12	-0.000286714
6411.19	-0.000413978
6409.26	-0.000336843
6407.34	-0.000338564
6405.41	-0.000444762
6403.48	-0.000479152
6401.55	-0.000450952
6399.62	-0.00055795
6397.7	-0.000612812
6395.77	-0.000680901
6393.84	-0.000504074
6391.91	-0.000367996
6389.98	-0.000529358
6388.06	-0.000606559
6386.13	-0.00059104
6384.2	-0.000624757
6382.27	-0.000547129
6380.34	-0.00048127
6378.42	-0.000651159
6376.49	-0.000743157
6374.56	-0.000604474
6372.63	-0.000501294
6370.7	-0.000549776
6368.77	-0.000522077
6366.85	-0.000557189
6364.92	-0.000601331
6362.99	-0.00060186
6361.06	-0.000659165
6359.13	-0.000702503
6357.21	-0.000577242
6355.28	-0.000588029
6353.35	-0.000663664
6351.42	-0.000544912
6349.49	-0.000559075
6347.57	-0.000769949
6345.64	-0.000888805
6343.71	-0.000835267
6341.78	-0.000705116
6339.85	-0.000710872
6337.93	-0.000748019
6336	-0.000718017
6334.07	-0.000611985
6332.14	-0.000638454
6330.21	-0.000756851
6328.29	-0.000830042
6326.36	-0.000872106
6324.43	-0.000848396
6322.5	-0.000830803
6320.57	-0.000874057
6318.65	-0.000839236
6316.72	-0.000817707
6314.79	-0.000803486
6312.86	-0.000784965
6310.93	-0.000876174
6309.01	-0.00092273
6307.08	-0.000821874
6305.15	-0.000803122
6303.22	-0.000870089
6301.29	-0.000870949
6299.37	-0.000853092
6297.44	-0.000898593
6295.51	-0.000946899
6293.58	-0.00089813
6291.65	-0.000861392
6289.73	-0.000855771
6287.8	-0.000884176
6285.87	-0.000959462
6283.94	-0.000967364
6282.01	-0.000918597
6280.08	-0.000913009
6278.16	-0.000979662
6276.23	-0.00103229
6274.3	-0.000995629
6272.37	-0.000990968
6270.45	-0.00100052
6268.52	-0.000988819
6266.59	-0.00096743
6264.66	-0.000854845
6262.73	-0.000879712
6260.8	-0.00109767
6258.88	-0.00108048
6256.95	-0.00109288
6255.02	-0.00121164
6253.09	-0.0011293
6251.17	-0.000983034
6249.24	-0.000937608
6247.31	-0.000945014
6245.38	-0.000974505
6243.45	-0.000989216
6241.52	-0.00102677
6239.6	-0.0010309
6237.67	-0.000952387
6235.74	-0.00100026
6233.81	-0.00107506
6231.88	-0.0010434
6229.96	-0.00087829
6228.03	-0.000833812
6226.1	-0.000965082
6224.17	-0.00101374
6222.24	-0.000959627
6220.32	-0.00101051
6218.39	-0.00106214
6216.46	-0.0010465
6214.53	-0.00103493
6212.6	-0.00104558
6210.68	-0.00109268
6208.75	-0.00111585
6206.82	-0.00110223
6204.89	-0.00110646
6202.96	-0.00116961
6201.04	-0.00113604
6199.11	-0.00105926
6197.18	-0.00104035
6195.25	-0.00100151
6193.32	-0.000923623
6191.4	-0.000883316
6189.47	-0.000892145
6187.54	-0.000937807
6185.61	-0.000967694
6183.68	-0.000942931
6181.76	-0.000867047
6179.83	-0.000856961
6177.9	-0.000880737
6175.97	-0.000995662
6174.04	-0.00104194
6172.12	-0.000988852
6170.19	-0.000937245
6168.26	-0.00105751
6166.33	-0.0010901
6164.4	-0.00111333
6162.48	-0.00120292
6160.55	-0.00116403
6158.62	-0.00104997
6156.69	-0.00108455
6154.76	-0.00111502
6152.83	-0.00106055
6150.91	-0.00101655
6148.98	-0.000998571
6147.05	-0.000981678
6145.12	-0.000996654
6143.19	-0.00103804
6141.27	-0.00102541
6139.34	-0.000920548
6137.41	-0.000804809
6135.48	-0.00090547
6133.55	-0.000976653
6131.63	-0.000987728
6129.7	-0.0010233
6127.77	-0.00101794
6125.84	-0.000969909
6123.91	-0.000968984
6121.99	-0.00100181
6120.06	-0.000921738
6118.13	-0.000918431
6116.2	-0.00106303
6114.27	-0.000974538
6112.35	-0.000949081
6110.42	-0.00103771
6108.49	-0.00117239
6106.56	-0.00119899
6104.63	-0.00105999
6102.71	-0.000942667
6100.78	-0.000896014
6098.85	-0.000981678
6096.92	-0.000978901
6094.99	-0.00091043
6093.07	-0.000900709
6091.14	-0.000952023
6089.21	-0.00100214
6087.28	-0.000917208
6085.35	-0.000779706
6083.43	-0.000883481
6081.5	-0.000982439
6079.57	-0.000874686
6077.64	-0.000818368
6075.71	-0.000905834
6073.79	-0.000966702
6071.86	-0.00106981
6069.93	-0.00112966
6068	-0.0010826
6066.07	-0.00112566
6064.15	-0.00111938
6062.22	-0.00106035
6060.29	-0.00109056
6058.36	-0.0011129
6056.43	-0.000964124
6054.51	-0.000844263
6052.58	-0.000910529
6050.65	-0.00115633
6048.72	-0.00111152
6046.79	-0.0010308
6044.87	-0.00101907
6042.94	-0.00106349
6041.01	-0.00118167
6039.08	-0.00120259
6037.15	-0.00116813
6035.23	-0.00109876
6033.3	-0.00107972
6031.37	-0.00121247
6029.44	-0.00124003
6027.51	-0.00107985
6025.58	-0.00100574
6023.66	-0.00111171
6021.73	-0.00128601
6019.8	-0.00120021
6017.87	-0.0010432
6015.94	-0.00107367
6014.02	-0.00122939
6012.09	-0.00127049
6010.16	-0.00120817
6008.23	-0.00131878
6006.3	-0.00138888
6004.38	-0.00137491
6002.45	-0.00142237
6000.52	-0.00132741
5998.59	-0.00127088
5996.66	-0.00116181
5994.74	-0.00107671
5992.81	-0.00118359
5990.88	-0.00120388
5988.95	-0.00116898
5987.02	-0.00113336
5985.1	-0.00114503
5983.17	-0.00124158
5981.24	-0.00136741
5979.31	-0.00136675
5977.38	-0.00123124
5975.46	-0.00123348
5973.53	-0.00135974
5971.6	-0.00135066
5969.67	-0.00132354
5967.74	-0.00126094
5965.82	-0.00122384
5963.89	-0.00120074
5961.96	-0.00128516
5960.03	-0.00136443
5958.1	-0.00137263
5956.18	-0.00137401
5954.25	-0.00129252
5952.32	-0.00132209
5950.39	-0.00133583
5948.46	-0.00134693
5946.54	-0.00134052
5944.61	-0.00128542
5942.68	-0.00133114
5940.75	-0.00135007
5938.82	-0.00139409
5936.9	-0.00142831
5934.97	-0.00143181
5933.04	-0.00146424
5931.11	-0.00146021
5929.18	-0.00139585
5927.25	-0.00141272
5925.33	-0.00147068
5923.4	-0.00141127
5921.47	-0.00128093
5919.54	-0.00126477
5917.62	-0.00132658
5915.69	-0.0012392
5913.76	-0.00119525
5911.83	-0.00135482
5909.9	-0.00151856
5907.97	-0.00158954
5906.05	-0.00153358
5904.12	-0.00146153
5902.19	-0.00139452
5900.26	-0.00135839
5898.33	-0.00142639
5896.41	-0.00145116
5894.48	-0.00141252
5892.55	-0.00136338
5890.62	-0.00142603
5888.69	-0.00145437
5886.77	-0.00136622
5884.84	-0.00136701
5882.91	-0.0014405
5880.98	-0.00137282
5879.05	-0.00128294
5877.13	-0.00139618
5875.2	-0.00138521
5873.27	-0.00129896
5871.34	-0.00128198
5869.41	-0.00137755
5867.49	-0.00136952
5865.56	-0.00124425
5863.63	-0.00122393
5861.7	-0.00125929
5859.77	-0.00126262
5857.85	-0.001247
5855.92	-0.00124977
5853.99	-0.00132955
5852.06	-0.00141094
5850.13	-0.00152156
5848.21	-0.00154646
5846.28	-0.00150538
5844.35	-0.00149148
5842.42	-0.001397
5840.49	-0.00129474
5838.57	-0.00140585
5836.64	-0.00149987
5834.71	-0.0014147
5832.78	-0.00133124
5830.85	-0.00134333
5828.93	-0.00131773
5827	-0.00125965
5825.07	-0.00132757
5823.14	-0.00140988
5821.21	-0.00140717
5819.29	-0.00137609
5817.36	-0.00134415
5815.43	-0.00140116
5813.5	-0.00140886
5811.57	-0.00132139
5809.65	-0.00134111
5807.72	-0.00131089
5805.79	-0.00124895
5803.86	-0.00125212
5801.93	-0.00132675
5800	-0.00136305
5798.08	-0.00132209
5796.15	-0.00138848
5794.22	-0.00144988
5792.29	-0.001454
5790.36	-0.00139215
5788.44	-0.00138187
5786.51	-0.00139915
5784.58	-0.00139793
5782.65	-0.00139535
5780.72	-0.00144317
5778.8	-0.00146711
5776.87	-0.00145186
5774.94	-0.00137603
5773.01	-0.00130197
5771.08	-0.00130821
5769.16	-0.0012872
5767.23	-0.00125506
5765.3	-0.00119919
5763.37	-0.00115448
5761.44	-0.00115897
5759.52	-0.00128836
5757.59	-0.00140199
5755.66	-0.00145443
5753.73	-0.00139231
5751.8	-0.00132258
5749.88	-0.00141259
5747.95	-0.00148194
5746.02	-0.0014505
5744.09	-0.00128856
5742.16	-0.00121643
5740.24	-0.00122935
5738.31	-0.00119677
5736.38	-0.00121558
5734.45	-0.00128519
5732.52	-0.00131958
5730.6	-0.00128846
5728.67	-0.00130673
5726.74	-0.00139373
5724.81	-0.00141454
5722.88	-0.00134277
5720.96	-0.00124696
5719.03	-0.00128459
5717.1	-0.00135601
5715.17	-0.00123259
5713.24	-0.00111961
5711.32	-0.00120176
5709.39	-0.00125314
5707.46	-0.00130425
5705.53	-0.00123424
5703.6	-0.00126018
5701.68	-0.00128701
5699.75	-0.00122747
5697.82	-0.00119549
5695.89	-0.00123193
5693.96	-0.00123414
5692.03	-0.00121875
5690.11	-0.00123616
5688.18	-0.00117163
5686.25	-0.00114823
5684.32	-0.00116089
5682.4	-0.00115266
5680.47	-0.00121944
5678.54	-0.00129262
5676.61	-0.0013286
5674.68	-0.0013246
5672.75	-0.0012584
5670.83	-0.00105615
5668.9	-0.00111125
5666.97	-0.00118329
5665.04	-0.00117744
5663.11	-0.00126854
5661.19	-0.00121267
5659.26	-0.00118613
5657.33	-0.00127868
5655.4	-0.00131162
5653.47	-0.00124211
5651.55	-0.00114704
5649.62	-0.00121432
5647.69	-0.00127845
5645.76	-0.00125982
5643.83	-0.00125027
5641.91	-0.00129959
5639.98	-0.00127782
5638.05	-0.00116495
5636.12	-0.00110629
5634.19	-0.00110104
5632.27	-0.00109711
5630.34	-0.00113234
5628.41	-0.00109701
5626.48	-0.00105444
5624.55	-0.00106633
5622.63	-0.00105295
5620.7	-0.00101933
5618.77	-0.00114889
5616.84	-0.00125073
5614.91	-0.00114922
5612.99	-0.00109836
5611.06	-0.00115051
5609.13	-0.00123642
5607.2	-0.00124112
5605.27	-0.00122056
5603.35	-0.001228
5601.42	-0.00121201
5599.49	-0.00121158
5597.56	-0.0012123
5595.63	-0.00116918
5593.71	-0.00111125
5591.78	-0.00114585
5589.85	-0.00123633
5587.92	-0.00128618
5585.99	-0.00125242
5584.07	-0.00116611
5582.14	-0.00115279
5580.21	-0.00124029
5578.28	-0.00126735
5576.35	-0.00114043
5574.43	-0.00100875
5572.5	-0.000992323
5570.57	-0.0011251
5568.64	-0.00105156
5566.71	-0.000996918
5564.79	-0.00109711
5562.86	-0.0011321
5560.93	-0.00114688
5559	-0.00106386
5557.07	-0.00108597
5555.14	-0.00114096
5553.22	-0.00102422
5551.29	-0.000925276
5549.36	-0.000986208
5547.43	-0.00108313
5545.5	-0.00116631
5543.58	-0.00116565
5541.65	-0.00108289
5539.72	-0.00109902
5537.79	-0.00114807
5535.86	-0.00113904
5533.94	-0.00112447
5532.01	-0.00116244
5530.08	-0.00111859
5528.15	-0.00100687
5526.22	-0.000943493
5524.3	-0.00100723
5522.37	-0.00111879
5520.44	-0.00114043
5518.51	-0.00111951
5516.58	-0.00114192
5514.66	-0.00112599
5512.73	-0.00107728
5510.8	-0.00105966
5508.87	-0.00110286
5506.94	-0.00113888
5505.02	-0.00105999
5503.09	-0.0010345
5501.16	-0.001117
5499.23	-0.00114073
5497.3	-0.00102465
5495.38	-0.000938038
5493.45	-0.000902891
5491.52	-0.000902428
5489.59	-0.000944287
5487.66	-0.00107837
5485.74	-0.0010351
5483.81	-0.00100594
5481.88	-0.00109694
5479.95	-0.00111618
5478.02	-0.00109473
5476.1	-0.00111499
5474.17	-0.00116713
5472.24	-0.00113604
5470.31	-0.00106921
5468.38	-0.00102036
5466.46	-0.000958702
5464.53	-0.000960454
5462.6	-0.000947428
5460.67	-0.000991332
5458.74	-0.0011247
5456.82	-0.00107774
5454.89	-0.00102998
5452.96	-0.00108253
5451.03	-0.00114807
5449.1	-0.00107876
5447.17	-0.00106663
5445.25	-0.00104062
5443.32	-0.000946899
5441.39	-0.00098148
5439.46	-0.00111307
5437.54	-0.00109856
5435.61	-0.000927689
5433.68	-0.000993976
5431.75	-0.00118194
5429.82	-0.00106571
5427.89	-0.000845585
5425.97	-0.000881233
5424.04	-0.00103292
5422.11	-0.000938633
5420.18	-0.000885432
5418.25	-0.0009468
5416.33	-0.0010307
5414.4	-0.00101609
5412.47	-0.000975331
5410.54	-0.00107711
5408.61	-0.00113346
5406.69	-0.00103659
5404.76	-0.000967562
5402.83	-0.00103034
5400.9	-0.00100079
5398.97	-0.000921705
5397.05	-0.000917737
5395.12	-0.000890954
5393.19	-0.000966273
5391.26	-0.00100816
5389.33	-0.00094184
5387.41	-0.000909339
5385.48	-0.000937575
5383.55	-0.000942931
5381.62	-0.000995827
5379.69	-0.00100849
5377.77	-0.00101136
5375.84	-0.00107536
5373.91	-0.00108147
5371.98	-0.00100446
5370.05	-0.000967463
5368.13	-0.000973976
5366.2	-0.000986174
5364.27	-0.000904908
5362.34	-0.000844726
5360.41	-0.000867411
5358.49	-0.000943857
5356.56	-0.000930169
5354.63	-0.000972885
5352.7	-0.000998737
5350.77	-0.000910132
5348.85	-0.00086999
5346.92	-0.000928053
5344.99	-0.000822767
5343.06	-0.000756718
5341.13	-0.000823957
5339.21	-0.000752319
5337.28	-0.000675144
5335.35	-0.00060282
5333.42	-0.000630183
5331.49	-0.000607783
5329.56	-0.000622077
5327.64	-0.000703694
5325.71	-0.000701213
5323.78	-0.000684507
5321.85	-0.000615592
5319.92	-0.000598849
5318	-0.000675144
5316.07	-0.000599147
5314.14	-0.000492887
5312.21	-0.000539451
5310.28	-0.000573238
5308.36	-0.000550041
5306.43	-0.000522541
5304.5	-0.00053591
5302.57	-0.000538988
5300.64	-0.00054372
5298.72	-0.000502353
5296.79	-0.000428245
5294.86	-0.000425034
5292.93	-0.00039256
5291	-0.00030562
5289.08	-0.000278998
5287.15	-0.000353032
5285.22	-0.000335618
5283.29	-0.000222504
5281.36	-0.000188194
5279.44	-0.000234294
5277.51	-0.000164181
5275.58	-8.44173e-05
5273.65	-9.2666e-05
5271.72	-0.00012185
5269.8	-7.19943e-05
5267.87	6.624e-05
5265.94	0.000161558
5264.01	0.000202364
5262.08	0.000220563
5260.16	0.000184762
5258.23	0.00010455
5256.3	0.000181745
5254.37	0.000305835
5252.44	0.000402102
5250.52	0.000368375
5248.59	0.00037713
5246.66	0.000551502
5244.73	0.000673773
5242.8	0.000642181
5240.88	0.000539791
5238.95	0.00061766
5237.02	0.000704338
5235.09	0.00078393
5233.16	0.000963811
5231.24	0.000972578
5229.31	0.00102711
5227.38	0.00112055
5225.45	0.00122297
5223.52	0.00131851
5221.6	0.00137957
5219.67	0.00136704
5217.74	0.00136405
5215.81	0.00147189
5213.88	0.0015585
5211.96	0.00160123
5210.03	0.00176735
5208.1	0.00189329
5206.17	0.00203595
5204.24	0.00208921
5202.31	0.00201261
5200.39	0.00207646
5198.46	0.00223626
5196.53	0.00238456
5194.6	0.00248226
5192.67	0.00255285
5190.75	0.00270212
5188.82	0.00286796
5186.89	0.0029336
5184.96	0.00302094
5183.03	0.00303125
5181.11	0.0030476
5179.18	0.00314047
5177.25	0.00329659
5175.32	0.0035184
5173.39	0.00359845
5171.47	0.00365087
5169.54	0.00375075
5167.61	0.00382893
5165.68	0.00391087
5163.75	0.00396735
5161.83	0.0040363
5159.9	0.00413601
5157.97	0.00424005
5156.04	0.00431912
5154.11	0.00440912
5152.19	0.00449452
5150.26	0.0045809
5148.33	0.00464938
5146.4	0.0047434
5144.47	0.00490033
5142.55	0.00506145
5140.62	0.0052032
5138.69	0.0052632
5136.76	0.0052739
5134.83	0.00531958
5132.91	0.00540193
5130.98	0.00550907
5129.05	0.00548447
5127.12	0.00553554
5125.19	0.00567467
5123.27	0.00576871
5121.34	0.00577908
5119.41	0.00583442
5117.48	0.00596652
5115.55	0.0060147
5113.62	0.00604524
5111.7	0.00613489
5109.77	0.00622119
5107.84	0.00627478
5105.91	0.00635281
5103.99	0.00627521
5102.06	0.00619757
5100.13	0.00635741
5098.2	0.00656293
5096.27	0.00665403
5094.34	0.00675101
5092.42	0.00681216
5090.49	0.00679708
5088.56	0.00683623
5086.63	0.00692564
5084.71	0.00699267
5082.78	0.00695412
5080.85	0.00687699
5078.92	0.00699392
5076.99	0.00706298
5075.06	0.006962
5073.14	0.00704638
5071.21	0.0071641
5069.28	0.00715258
5067.35	0.00712506
5065.42	0.00716504
5063.5	0.00717642
5061.57	0.00726826
5059.64	0.00740582
5057.71	0.00735355
5055.78	0.00732514
5053.86	0.00729208
5051.93	0.00728535
5050	0.00727571
5048.07	0.00727146
5046.14	0.00726469
5044.22	0.00730135
5042.29	0.00735324
5040.36	0.00739102
5038.43	0.00743693
5036.5	0.00748854
5034.58	0.00748095
5032.65	0.00746208
5030.72	0.00744782
5028.79	0.00752404
5026.86	0.00751092
5024.94	0.00739773
5023.01	0.00730047
5021.08	0.00733535
5019.15	0.00738307
5017.22	0.00736898
5015.3	0.00739005
5013.37	0.00746147
5011.44	0.00740929
5009.51	0.00736548
5007.58	0.00736551
5005.66	0.0073887
5003.73	0.00737218
5001.8	0.00728278
4999.87	0.00728268
4997.94	0.00729839
4996.02	0.00725394
4994.09	0.00724946
4992.16	0.00725991
4990.23	0.00727719
4988.3	0.00731028
4986.38	0.00723255
4984.45	0.00720344
4982.52	0.00726307
4980.59	0.00725071
4978.66	0.00717983
4976.73	0.00713782
4974.81	0.0071586
4972.88	0.00722224
4970.95	0.00719515
4969.02	0.00706999
4967.09	0.00703685
4965.17	0.00706362
4963.24	0.00703975
4961.31	0.00703651
4959.38	0.00703419
4957.45	0.00693207
4955.53	0.00686124
4953.6	0.00687016
4951.67	0.00673741
4949.74	0.00669124
4947.81	0.00672331
4945.89	0.00669818
4943.96	0.00670511
4942.03	0.00670295
4940.1	0.00662029
4938.17	0.00657117
4936.25	0.00651849
4934.32	0.00646609
4932.39	0.00651113
4930.46	0.00645577
4928.53	0.00642241
4926.61	0.00644851
4924.68	0.00649065
4922.75	0.00648883
4920.82	0.00635496
4918.89	0.00619441
4916.97	0.00610451
4915.04	0.00601621
4913.11	0.0059507
4911.18	0.00596125
4909.25	0.00593978
4907.33	0.00586448
4905.4	0.00581948
4903.47	0.00588856
4901.54	0.0059292
4899.61	0.00584786
4897.69	0.00564187
4895.76	0.00551917
4893.83	0.00554008
4891.9	0.00553739
4889.97	0.00558166
4888.05	0.00555897
4886.12	0.00544424
4884.19	0.00531438
4882.26	0.00526223
4880.33	0.0052367
4878.41	0.00514318
4876.48	0.00502876
4874.55	0.00498817
4872.62	0.00498093
4870.69	0.00497436
4868.77	0.00490868
4866.84	0.00481
4864.91	0.00475935
4862.98	0.00472414
4861.05	0.00469091
4859.12	0.00468706
4857.2	0.0045816
4855.27	0.00447048
4853.34	0.00443513
4851.41	0.00438003
4849.48	0.00426421
4847.56	0.00417337
4845.63	0.00411119
4843.7	0.00405299
4841.77	0.00391589
4839.84	0.0038873
4837.92	0.00390826
4835.99	0.0038299
4834.06	0.00373725
4832.13	0.00369521
4830.2	0.00359988
4828.28	0.00352275
4826.35	0.00351463
4824.42	0.00347351
4822.49	0.00339376
4820.56	0.00333439
4818.64	0.00327429
4816.71	0.00315613
4814.78	0.00304984
4812.85	0.00307533
4810.92	0.00307213
4809	0.00292736
4807.07	0.0028349
4805.14	0.0027574
4803.21	0.00273756
4801.28	0.00262728
4799.36	0.0024703
4797.43	0.00241395
4795.5	0.00233962
4793.57	0.00225548
4791.64	0.00222391
4789.72	0.00219577
4787.79	0.00207806
4785.86	0.00204271
4783.93	0.00203871
4782	0.00192707
4780.08	0.00184494
4778.15	0.0019104
4776.22	0.00192181
4774.29	0.00173545
4772.36	0.00153017
4770.44	0.00145969
4768.51	0.00148675
4766.58	0.00153782
4764.65	0.00153223
4762.72	0.001359
4760.79	0.00114643
4758.87	0.00103485
4756.94	0.00105518
4755.01	0.00101293
4753.08	0.000933593
4751.16	0.00086503
4749.23	0.000756579
4747.3	0.00072767
4745.37	0.000653198
4743.44	0.000647524
4741.51	0.000618854
4739.59	0.000552331
4737.66	0.000569915
4735.73	0.000585376
4733.8	0.000453212
4731.88	0.000324669
4729.95	0.000282261
4728.02	0.000308919
4726.09	0.000336971
4724.16	0.000252886
4722.23	0.000120293
4720.31	0.000187977
4718.38	0.00016905
4716.45	-6.72616e-06
4714.52	-2.76329e-05
4712.59	-5.23486e-05
4710.67	-0.000304263
4708.74	-0.000384549
4706.81	-0.000240155
4704.88	-0.00011284
4702.95	-0.000301051
4701.03	-0.000458499
4699.1	-0.0003723
4697.17	-0.000276879
4695.24	-0.000317904
4693.31	-0.000484613
4691.39	-0.000497752
4689.46	-0.000476769
4687.53	-0.000461676
4685.6	-0.000496197
4683.67	-0.000678419
4681.75	-0.000771437
4679.82	-0.000691487
4677.89	-0.00067961
4675.96	-0.000695192
4674.03	-0.000732373
4672.11	-0.000822965
4670.18	-0.000934368
4668.25	-0.0009751
4666.32	-0.000971397
4664.39	-0.00101226
4662.47	-0.000958239
4660.54	-0.000932616
4658.61	-0.00104449
4656.68	-0.00107982
4654.75	-0.00110196
4652.83	-0.00117473
4650.9	-0.00112685
4648.97	-0.00112731
4647.04	-0.00118081
4645.11	-0.00118075
4643.19	-0.0011552
4641.26	-0.00126097
4639.33	-0.00126523
4637.4	-0.00124019
4635.47	-0.00137187
4633.54	-0.00139968
4631.62	-0.00140361
4629.69	-0.00140886
4627.76	-0.00141305
4625.83	-0.00147259
4623.9	-0.00147012
4621.98	-0.00145645
4620.05	-0.0015244
4618.12	-0.00164292
4616.19	-0.00158228
4614.26	-0.00157495
4612.34	-0.00162302
4610.41	-0.00160552
4608.48	-0.00159331
4606.55	-0.0015836
4604.62	-0.0016521
4602.7	-0.00165299
4600.77	-0.00164933
4598.84	-0.00186482
4596.91	-0.00191321
4594.98	-0.0018635
4593.06	-0.0018826
4591.13	-0.00188537
4589.2	-0.00188435
4587.27	-0.00185357
4585.34	-0.00182146
4583.42	-0.00188438
4581.49	-0.00189372
4579.56	-0.0018598
4577.63	-0.00188042
4575.7	-0.00199607
4573.78	-0.00218083
4571.85	-0.00220305
4569.92	-0.00207601
4567.99	-0.00196048
4566.06	-0.00198588
4564.14	-0.00201418
4562.21	-0.00199099
4560.28	-0.00200623
4558.35	-0.00202407
4556.42	-0.00203008
4554.5	-0.00204812
4552.57	-0.00211667
4550.64	-0.00215314
4548.71	-0.0022406
4546.78	-0.00218779
4544.86	-0.00215894
4542.93	-0.0022341
4541	-0.00214974
4539.07	-0.00207925
4537.14	-0.00209946
4535.22	-0.0021168
4533.29	-0.00221195
4531.36	-0.00231549
4529.43	-0.00229007
4527.5	-0.00224993
4525.58	-0.00222603
4523.65	-0.00217635
4521.72	-0.00214384
4519.79	-0.00219471
4517.86	-0.00237629
4515.94	-0.00237929
4514.01	-0.0022851
4512.08	-0.00226011
4510.15	-0.0023489
4508.22	-0.00246838
4506.29	-0.00240894
4504.37	-0.00229548
4502.44	-0.00224109
4500.51	-0.00225477
4498.58	-0.00231021
4496.65	-0.00240374
4494.73	-0.00241471
4492.8	-0.00233747
4490.87	-0.00236106
4488.94	-0.00246242
4487.01	-0.00238588
4485.09	-0.00238459
4483.16	-0.00247122
4481.23	-0.00243662
4479.3	-0.00246828
4477.37	-0.00246545
4475.45	-0.00235111
4473.52	-0.00230148
4471.59	-0.00233025
4469.66	-0.00229245
4467.73	-0.00241553
4465.81	-0.00258457
4463.88	-0.00256481
4461.95	-0.00250393
4460.02	-0.00243494
4458.09	-0.00243639
4456.17	-0.00252099
4454.24	-0.00251302
4452.31	-0.00251217
4450.38	-0.00245392
4448.45	-0.00242766
4446.53	-0.00237701
4444.6	-0.00237253
4442.67	-0.00249876
4440.74	-0.00259415
4438.81	-0.00262439
4436.89	-0.00257643
4434.96	-0.00252847
4433.03	-0.00251915
4431.1	-0.00244861
4429.17	-0.00243478
4427.25	-0.0024843
4425.32	-0.00256994
4423.39	-0.00257709
4421.46	-0.00258404
4419.53	-0.00261056
4417.61	-0.00254814
4415.68	-0.00252814
4413.75	-0.00260865
4411.82	-0.00262627
4409.89	-0.00262851
4407.96	-0.00259228
4406.04	-0.00261639
4404.11	-0.00266269
4402.18	-0.00260835
4400.25	-0.00256609
4398.33	-0.00262966
4396.4	-0.00271999
4394.47	-0.00269397
4392.54	-0.00256922
4390.61	-0.00252007
4388.68	-0.00246038
4386.76	-0.00249326
4384.83	-0.00254287
4382.9	-0.00264056
4380.97	-0.00257709
4379.04	-0.00247678
4377.12	-0.00251395
4375.19	-0.00250268
4373.26	-0.00249062
4371.33	-0.00253075
4369.4	-0.00249681
4367.48	-0.00250469
4365.55	-0.00251908
4363.62	-0.00249079
4361.69	-0.00248822
4359.76	-0.00255074
4357.84	-0.00255436
4355.91	-0.00249224
4353.98	-0.00253901
4352.05	-0.00257979
4350.12	-0.00248775
4348.2	-0.00246005
4346.27	-0.00237639
4344.34	-0.00228925
4342.41	-0.00233051
4340.48	-0.00235315
4338.56	-0.00244044
4336.63	-0.00256204
4334.7	-0.00256217
4332.77	-0.00251787
4330.84	-0.0024299
4328.92	-0.00242189
4326.99	-0.00246555
4325.06	-0.0024926
4323.13	-0.00251849
4321.2	-0.0024758
4319.28	-0.00241712
4317.35	-0.00243946
4315.42	-0.00246993
4313.49	-0.00246031
4311.56	-0.00236202
4309.64	-0.00235988
4307.71	-0.00230945
4305.78	-0.00224498
4303.85	-0.00230899
4301.92	-0.0022815
4300	-0.00224508
4298.07	-0.00227448
4296.14	-0.00227406
4294.21	-0.00227139
4292.28	-0.00224637
4290.35	-0.00225995
4288.43	-0.00222685
4286.5	-0.00214905
4284.57	-0.00216837
4282.64	-0.00229087
4280.71	-0.00221489
4278.79	-0.00202031
4276.86	-0.00199983
4274.93	-0.00212524
4273	-0.00216431
4271.07	-0.00223559
4269.15	-0.00228246
4267.22	-0.00216527
4265.29	-0.00221057
4263.36	-0.00226377
4261.43	-0.00214143
4259.51	-0.00213283
4257.58	-0.00216781
4255.65	-0.0021418
4253.72	-0.00209451
4251.79	-0.00206302
4249.87	-0.00202219
4247.94	-0.00197919
4246.01	-0.0019967
4244.08	-0.00199558
4242.15	-0.00196372
4240.23	-0.00199624
4238.3	-0.00198921
4236.37	-0.00196094
4234.44	-0.00204782
4232.51	-0.00209863
4230.59	-0.00202196
4228.66	-0.0018894
4226.73	-0.00194092
4224.8	-0.0020372
4222.87	-0.00201428
4220.95	-0.00195197
4219.02	-0.00200643
4217.09	-0.00203189
4215.16	-0.0019432
4213.23	-0.00194495
4211.31	-0.00210111
4209.38	-0.00218439
4207.45	-0.0021262
4205.52	-0.00195824
4203.59	-0.00191984
4201.67	-0.00199772
4199.74	-0.00203601
4197.81	-0.00201685
4195.88	-0.00197892
4193.95	-0.00191955
4192.03	-0.00187043
4190.1	-0.00192928
4188.17	-0.00198275
4186.24	-0.00203783
4184.31	-0.00204957
4182.39	-0.00198186
4180.46	-0.00191549
4178.53	-0.00199551
4176.6	-0.00202701
4174.67	-0.00195237
4172.75	-0.00192202
4170.82	-0.00203189
4168.89	-0.00206111
4166.96	-0.00204221
4165.03	-0.00199789
4163.1	-0.00192522
4161.18	-0.00193119
4159.25	-0.00191011
4157.32	-0.00187831
4155.39	-0.00192202
4153.46	-0.00191994
4151.54	-0.00185924
4149.61	-0.00196012
4147.68	-0.00204399
4145.75	-0.00212808
4143.82	-0.00209151
4141.9	-0.00192196
4139.97	-0.00183159
4138.04	-0.00187089
4136.11	-0.00185825
4134.18	-0.00183598
4132.26	-0.00188382
4130.33	-0.00185083
4128.4	-0.00179823
4126.47	-0.00183984
4124.54	-0.00190876
4122.62	-0.00197048
4120.69	-0.00203222
4118.76	-0.00200019
4116.83	-0.00193568
4114.9	-0.00193677
4112.98	-0.00188181
4111.05	-0.00186419
4109.12	-0.00188227
4107.19	-0.00183136
4105.26	-0.00180295
4103.34	-0.0018567
4101.41	-0.00191826
4099.48	-0.00193429
4097.55	-0.00190371
4095.62	-0.00190111
4093.7	-0.00186851
4091.77	-0.00187775
4089.84	-0.00185845
4087.91	-0.00184984
4085.98	-0.00188709
4084.06	-0.00180315
4082.13	-0.00174662
4080.2	-0.0018533
4078.27	-0.00195263
4076.34	-0.00201246
4074.42	-0.00202127
4072.49	-0.00191229
4070.56	-0.00176484
4068.63	-0.00175745
4066.7	-0.0018344
4064.78	-0.00190051
4062.85	-0.00192103
4060.92	-0.00187336
4058.99	-0.00187603
4057.06	-0.00182463
4055.14	-0.00172679
4053.21	-0.00180655
4051.28	-0.00184311
4049.35	-0.00180701
4047.42	-0.001726
4045.5	-0.00170233
4043.57	-0.00177382
4041.64	-0.00182242
4039.71	-0.00182829
4037.78	-0.00187613
4035.85	-0.00186228
4033.93	-0.00182908
4032	-0.00179381
4030.07	-0.00175963
4028.14	-0.00173982
4026.21	-0.00182546
4024.29	-0.00178969
4022.36	-0.00170946
4020.43	-0.00163652
4018.5	-0.00169408
4016.57	-0.00180902
4014.65	-0.00185769
4012.72	-0.00184192
4010.79	-0.00177253
4008.86	-0.00172247
4006.93	-0.0017492
4005.01	-0.00175494
4003.08	-0.00179398
4001.15	-0.00174402
3999.22	-0.00173926
3997.29	-0.00177738
3995.37	-0.00175392
3993.44	-0.00175735
3991.51	-0.00174075
3989.58	-0.00173223
3987.65	-0.0017221
3985.73	-0.00170313
3983.8	-0.00172214
3981.87	-0.00171798
3979.94	-0.00163285
3978.01	-0.00162539
3976.09	-0.00162566
3974.16	-0.00156663
3972.23	-0.00158311
3970.3	-0.00165619
3968.37	-0.00161707
3966.45	-0.00159337
3964.52	-0.00167045
3962.59	-0.00176359
3960.66	-0.00170415
3958.73	-0.0016218
3956.81	-0.00167481
3954.88	-0.00169052
3952.95	-0.00166586
3951.02	-0.00166078
3949.09	-0.00166613
3947.17	-0.00169685
3945.24	-0.00167923
3943.31	-0.00167058
3941.38	-0.00175817
3939.45	-0.00181816
3937.53	-0.00177731
3935.6	-0.00172197
3933.67	-0.00175227
3931.74	-0.00175359
3929.81	-0.00168672
3927.88	-0.00171798
3925.96	-0.00181721
3924.03	-0.00180242
3922.1	-0.00170313
3920.17	-0.00167187
3918.24	-0.00174375
3916.32	-0.00185987
3914.39	-0.00190764
3912.46	-0.00182268
3910.53	-0.0018272
3908.6	-0.00185495
3906.68	-0.00183522
3904.75	-0.0017754
3902.82	-0.00187089
3900.89	-0.00201118
3898.96	-0.00190638
3897.04	-0.00173339
3895.11	-0.00183846
3893.18	-0.0019396
3891.25	-0.00189662
3889.32	-0.00187537
3887.4	-0.00183506
3885.47	-0.00182532
3883.54	-0.00194538
3881.61	-0.00197005
3879.68	-0.00187475
3877.76	-0.00183205
3875.83	-0.00185017
3873.9	-0.00186139
3871.97	-0.00185221
3870.04	-0.00177276
3868.12	-0.00180576
3866.19	-0.00186845
3864.26	-0.00184898
3862.33	-0.00183888
3860.4	-0.00187815
3858.48	-0.00179648
3856.55	-0.00166834
3854.62	-0.00168732
3852.69	-0.00170101
3850.76	-0.00173613
3848.84	-0.0017585
3846.91	-0.00173689
3844.98	-0.00171342
3843.05	-0.00171963
3841.12	-0.0016787
3839.2	-0.00172313
3837.27	-0.00180378
3835.34	-0.0018013
3833.41	-0.00174672
3831.48	-0.00173801
3829.56	-0.0017359
3827.63	-0.00178998
3825.7	-0.00177665
3823.77	-0.00167732
3821.84	-0.00164824
3819.92	-0.00155986
3817.99	-0.00150268
3816.06	-0.00148719
3814.13	-0.00155508
3812.2	-0.00153259
3810.27	-0.00155445
3808.35	-0.00153837
3806.42	-0.00150545
3804.49	-0.00147226
3802.56	-0.00147434
3800.64	-0.00156204
3798.71	-0.00155534
3796.78	-0.00139373
3794.85	-0.00130214
3792.92	-0.00130012
3790.99	-0.00126408
3789.07	-0.00131634
3787.14	-0.00132658
3785.21	-0.00134832
3783.28	-0.0012983
3781.35	-0.00116631
3779.43	-0.00107288
3777.5	-0.00107764
3775.57	-0.00106918
3773.64	-0.000957974
3771.71	-0.000936583
3769.79	-0.000933938
3767.86	-0.000861293
3765.93	-0.000719506
3764	-0.000660687
3762.07	-0.000681926
3760.15	-0.000615393
3758.22	-0.000512976
3756.29	-0.000390177
3754.36	-0.000398552
3752.43	-0.000459028
3750.51	-0.000395871
3748.58	-0.000341445
3746.65	-0.000275555
3744.72	-0.000179616
3742.79	-0.000166897
3740.87	-8.3821e-05
3738.94	0.000169315
3737.01	0.000310511
3735.08	0.000277686
3733.15	0.000251958
3731.23	0.000404623
3729.3	0.000442631
3727.37	0.000505091
3725.44	0.000647723
3723.51	0.000718874
3721.59	0.000762752
3719.66	0.000988087
3717.73	0.00114742
3715.8	0.00123447
3713.87	0.00138303
3711.95	0.00151341
3710.02	0.00165375
3708.09	0.00188268
3706.16	0.00210859
3704.23	0.00231354
3702.31	0.00259318
3700.38	0.00283374
3698.45	0.00300266
3696.52	0.00324762
3694.59	0.0034668
3692.67	0.00359287
3690.74	0.00378598
3688.81	0.00386387
3686.88	0.00397092
3684.95	0.0041259
3683.02	0.00435222
3681.1	0.00454752
3679.17	0.00468006
3677.24	0.00489879
3675.31	0.00525361
3673.38	0.00567292
3671.46	0.00596353
3669.53	0.00628563
3667.6	0.0066503
3665.67	0.00712391
3663.74	0.00756048
3661.82	0.00791326
3659.89	0.00829442
3657.96	0.00869015
3656.03	0.00917496
3654.1	0.00987852
3652.18	0.0104926
3650.25	0.011005
3648.32	0.0115781
3646.39	0.0122186
3644.46	0.0128978
3642.54	0.0135802
3640.61	0.014375
3638.68	0.0152301
3636.75	0.0160764
3634.82	0.0169168
3632.9	0.0177289
3630.97	0.0185443
3629.04	0.0195837
3627.11	0.0207592
3625.18	0.0218869
3623.26	0.0229314
3621.33	0.0240804
3619.4	0.0252224
3617.47	0.0264986
3615.54	0.0278147
3613.62	0.0293272
3611.69	0.0308438
3609.76	0.0323593
3607.83	0.0340784
3605.9	0.0359128
3603.98	0.0376833
3602.05	0.0396607
3600.12	0.0415953
3598.19	0.0434547
3596.26	0.0456697
3594.34	0.0480432
3592.41	0.0503184
3590.48	0.052755
3588.55	0.0553052
3586.62	0.0579702
3584.7	0.0607156
3582.77	0.0635342
3580.84	0.0667061
3578.91	0.0699426
3576.98	0.0733574
3575.05	0.0769401
3573.13	0.0804398
3571.2	0.0841412
3569.27	0.0879891
3567.34	0.091952
3565.42	0.0963846
3563.49	0.101007
3561.56	0.105638
3559.63	0.110438
3557.7	0.115295
3555.77	0.120529
3553.85	0.126148
3551.92	0.131841
3549.99	0.137787
3548.06	0.144036
3546.13	0.15049
3544.21	0.157324
3542.28	0.16445
3540.35	0.171836
3538.42	0.179549
3536.49	0.187699
3534.57	0.196021
3532.64	0.204798
3530.71	0.213911
3528.78	0.223403
3526.85	0.233262
3524.93	0.243488
3523	0.253787
3521.07	0.264473
3519.14	0.275557
3517.21	0.286792
3515.29	0.298408
3513.36	0.310017
3511.43	0.321962
3509.5	0.334572
3507.57	0.347019
3505.65	0.359295
3503.72	0.371532
3501.79	0.383854
3499.86	0.395909
3497.93	0.407759
3496.01	0.419194
3494.08	0.430019
3492.15	0.440605
3490.22	0.45056
3488.29	0.459957
3486.37	0.468199
3484.44	0.475522
3482.51	0.482305
3480.58	0.487583
3478.65	0.492021
3476.73	0.495909
3474.8	0.498725
3472.87	0.500412
3470.94	0.50114
3469.01	0.500769
3467.09	0.499864
3465.16	0.498424
3463.23	0.49621
3461.3	0.493763
3459.37	0.490835
3457.44	0.487316
3455.52	0.483313
3453.59	0.478927
3451.66	0.474909
3449.73	0.470917
3447.81	0.466805
3445.88	0.462701
3443.95	0.45861
3442.02	0.454642
3440.09	0.450497
3438.16	0.446517
3436.24	0.442858
3434.31	0.439119
3432.38	0.435628
3430.45	0.431991
3428.52	0.428534
3426.6	0.425703
3424.67	0.422714
3422.74	0.419693
3420.81	0.416835
3418.88	0.414104
3416.96	0.411661
3415.03	0.409285
3413.1	0.40726
3411.17	0.405176
3409.24	0.402879
3407.32	0.400671
3405.39	0.398715
3403.46	0.397049
3401.53	0.395645
3399.6	0.394114
3397.68	0.392669
3395.75	0.391487
3393.82	0.390215
3391.89	0.38902
3389.96	0.387765
3388.04	0.386638
3386.11	0.385676
3384.18	0.384763
3382.25	0.384004
3380.32	0.383187
3378.4	0.382047
3376.47	0.381065
3374.54	0.380674
3372.61	0.380138
3370.68	0.379285
3368.76	0.378435
3366.83	0.377719
3364.9	0.376803
3362.97	0.375985
3361.04	0.375394
3359.12	0.37467
3357.19	0.373796
3355.26	0.373114
3353.33	0.372449
3351.4	0.371428
3349.48	0.370462
3347.55	0.369992
3345.62	0.369267
3343.69	0.368305
3341.76	0.367623
3339.83	0.366848
3337.91	0.365905
3335.98	0.365001
3334.05	0.364154
3332.12	0.363245
3330.19	0.362728
3328.27	0.362304
3326.34	0.361514
3324.41	0.360531
3322.48	0.359624
3320.55	0.359319
3318.63	0.359093
3316.7	0.358416
3314.77	0.357983
3312.84	0.357618
3310.91	0.357393
3308.99	0.357292
3307.06	0.357184
3305.13	0.357292
3303.2	0.357598
3301.27	0.357985
3299.35	0.358688
3297.42	0.359405
3295.49	0.36007
3293.56	0.361203
3291.63	0.362795
3289.71	0.364309
3287.78	0.365712
3285.85	0.36767
3283.92	0.369823
3281.99	0.372055
3280.07	0.374677
3278.14	0.377432
3276.21	0.380395
3274.28	0.383689
3272.35	0.387004
3270.43	0.390467
3268.5	0.393701
3266.57	0.39708
3264.64	0.400917
3262.71	0.4045
3260.79	0.407976
3258.86	0.411967
3256.93	0.416101
3255	0.420065
3253.07	0.424049
3251.15	0.427999
3249.22	0.431458
3247.29	0.434966
3245.36	0.438956
3243.43	0.442676
3241.51	0.445965
3239.58	0.449203
3237.65	0.45269
3235.72	0.455852
3233.79	0.458802
3231.87	0.461576
3229.94	0.464533
3228.01	0.467409
3226.08	0.470088
3224.15	0.472748
3222.22	0.475315
3220.3	0.477801
3218.37	0.479989
3216.44	0.481802
3214.51	0.483683
3212.58	0.486055
3210.66	0.487978
3208.73	0.489621
3206.8	0.491382
3204.87	0.493289
3202.94	0.495049
3201.02	0.496744
3199.09	0.498291
3197.16	0.499668
3195.23	0.501131
3193.3	0.502309
3191.38	0.503525
3189.45	0.504842
3187.52	0.506016
3185.59	0.506975
3183.66	0.508152
3181.74	0.509517
3179.81	0.510399
3177.88	0.511138
3175.95	0.511823
3174.02	0.512459
3172.1	0.512938
3170.17	0.513046
3168.24	0.513032
3166.31	0.513219
3164.38	0.513176
3162.46	0.512706
3160.53	0.512202
3158.6	0.511509
3156.67	0.510526
3154.74	0.508945
3152.82	0.506975
3150.89	0.505024
3148.96	0.502533
3147.03	0.499767
3145.1	0.497186
3143.18	0.494551
3141.25	0.491513
3139.32	0.487902
3137.39	0.483849
3135.46	0.479207
3133.54	0.474542
3131.61	0.469812
3129.68	0.464932
3127.75	0.459436
3125.82	0.453452
3123.9	0.447497
3121.97	0.441328
3120.04	0.434911
3118.11	0.42806
3116.18	0.421219
3114.26	0.414459
3112.33	0.407076
3110.4	0.399329
3108.47	0.391828
3106.54	0.384047
3104.61	0.376242
3102.69	0.368489
3100.76	0.36063
3098.83	0.352446
3096.9	0.344323
3094.98	0.336158
3093.05	0.327835
3091.12	0.319544
3089.19	0.311241
3087.26	0.302711
3085.33	0.294327
3083.41	0.286054
3081.48	0.277826
3079.55	0.269722
3077.62	0.261751
3075.69	0.253869
3073.77	0.24606
3071.84	0.238383
3069.91	0.23073
3067.98	0.223161
3066.05	0.215785
3064.13	0.208668
3062.2	0.20168
3060.27	0.19486
3058.34	0.188173
3056.41	0.18179
3054.49	0.175561
3052.56	0.16959
3050.63	0.164067
3048.7	0.158378
3046.77	0.152733
3044.85	0.147218
3042.92	0.142017
3040.99	0.137158
3039.06	0.132564
3037.13	0.127921
3035.21	0.123363
3033.28	0.118993
3031.35	0.114851
3029.42	0.110817
3027.49	0.106927
3025.57	0.10322
3023.64	0.0996765
3021.71	0.0962438
3019.78	0.0929609
3017.85	0.0899676
3015.93	0.0868472
3014	0.0837837
3012.07	0.0808315
3010.14	0.0781135
3008.21	0.0756437
3006.29	0.0731015
3004.36	0.0705881
3002.43	0.0681385
3000.5	0.0659411
2998.57	0.0637969
2996.65	0.0614572
2994.72	0.0592807
2992.79	0.0573002
2990.86	0.0554662
2988.93	0.0536643
2987	0.051927
2985.08	0.0502597
2983.15	0.048567
2981.22	0.0470041
2979.29	0.0454792
2977.36	0.0438101
2975.44	0.0424439
2973.51	0.0413071
2971.58	0.0399976
2969.65	0.03856
2967.72	0.0373372
2965.8	0.0360803
2963.87	0.0347697
2961.94	0.0337004
2960.01	0.0328265
2958.08	0.0318073
2956.16	0.0307604
2954.23	0.0296085
2952.3	0.0286427
2950.37	0.0277755
2948.44	0.0267875
2946.52	0.0258408
2944.59	0.0250824
2942.66	0.0241864
2940.73	0.0233763
2938.8	0.0226033
2936.88	0.0217912
2934.95	0.0210575
2933.02	0.0203579
2931.09	0.0195462
2929.16	0.0188744
2927.24	0.0183495
2925.31	0.0177328
2923.38	0.0172895
2921.45	0.0169904
2919.52	0.0163889
2917.6	0.0158086
2915.67	0.0152979
2913.74	0.0148219
2911.81	0.0145287
2909.88	0.0141018
2907.96	0.0135225
2906.03	0.0130713
2904.1	0.0126894
2902.17	0.0122324
2900.24	0.0119984
2898.32	0.0117457
2896.39	0.0113608
2894.46	0.0109438
2892.53	0.0105942
2890.6	0.0101568
2888.68	0.009849
2886.75	0.00956194
2884.82	0.00930954
2882.89	0.00905261
2880.96	0.00871138
2879.04	0.00827922
2877.11	0.00796256
2875.18	0.00775324
2873.25	0.00760941
2871.32	0.00748574
2869.39	0.00730149
2867.47	0.00725856
2865.54	0.00700904
2863.61	0.00660676
2861.68	0.00646603
2859.75	0.00631428
2857.83	0.00612588
2855.9	0.0058849
2853.97	0.00570307
2852.04	0.0055884
2850.11	0.00537728
2848.19	0.00527306
2846.26	0.00529305
2844.33	0.00510647
2842.4	0.00490704
2840.47	0.00490566
2838.55	0.00494045
2836.62	0.00478571
2834.69	0.00453831
2832.76	0.00438459
2830.83	0.00435533
2828.91	0.00425718
2826.98	0.0040875
2825.05	0.00385902
2823.12	0.00373097
2821.19	0.00373702
2819.27	0.0037026
2817.34	0.00354596
2815.41	0.00357486
2813.48	0.00355659
2811.55	0.00330861
2809.63	0.00345638
2807.7	0.00372465
2805.77	0.00368435
2803.84	0.00328387
2801.91	0.00308601
2799.99	0.00321541
2798.06	0.00324875
2796.13	0.00310166
2794.2	0.00295405
2792.27	0.00302671
2790.35	0.00314835
2788.42	0.00314328
2786.49	0.0028342
2784.56	0.00270719
2782.63	0.00262971
2780.71	0.00260011
2778.78	0.00270115
2776.85	0.00256151
2774.92	0.00242085
2772.99	0.00241478
2771.06	0.00250219
2769.14	0.0024523
2767.21	0.00250649
2765.28	0.00267501
2763.35	0.00257258
2761.43	0.00254078
2759.5	0.00250532
2757.57	0.0023232
2755.64	0.00234149
2753.71	0.00255568
2751.78	0.00250189
2749.86	0.00241812
2747.93	0.00249172
2746	0.00248416
2744.07	0.00235265
2742.15	0.00246423
2740.22	0.00256424
2738.29	0.00234609
2736.36	0.00234489
2734.43	0.00239123
2732.5	0.00228433
2730.58	0.00234855
2728.65	0.00236614
2726.72	0.00240945
2724.79	0.00247809
2722.86	0.0024567
2720.94	0.00229519
2719.01	0.00239173
2717.08	0.00269512
2715.15	0.00275897
2713.22	0.00266868
2711.3	0.00265705
2709.37	0.00261088
2707.44	0.00262998
2705.51	0.00271189
2703.58	0.00267775
2701.66	0.00288206
2699.73	0.00273419
2697.8	0.00258298
2695.87	0.00280966
2693.94	0.00300252
2692.02	0.00287863
2690.09	0.00282573
2688.16	0.0027609
2686.23	0.00286128
2684.3	0.00295799
2682.38	0.00298367
2680.45	0.00291759
2678.52	0.00296529
2676.59	0.00302067
2674.66	0.00294448
2672.74	0.0028243
2670.81	0.00266331
2668.88	0.00296759
2666.95	0.00340254
2665.02	0.0033969
2663.1	0.00386016
2661.17	0.00410597
2659.24	0.00425183
2657.31	0.00420077
2655.38	0.00407011
2653.46	0.00438027
2651.53	0.00471821
2649.6	0.00427984
2647.67	0.00399597
2645.74	0.00443084
2643.81	0.00466077
2641.89	0.00482565
2639.96	0.00464396
2638.03	0.00435553
2636.1	0.00434596
2634.17	0.00458502
2632.25	0.0047362
2630.32	0.00477774
2628.39	0.0050105
2626.46	0.00498961
2624.53	0.00482002
2622.61	0.00497993
2620.68	0.00523422
2618.75	0.00525193
2616.82	0.00540109
2614.89	0.00591587
2612.97	0.00606755
2611.04	0.0059064
2609.11	0.00579111
2607.18	0.00579393
2605.25	0.005712
2603.33	0.00609604
2601.4	0.00618896
2599.47	0.00608898
2597.54	0.0062224
2595.61	0.00630473
2593.69	0.00634487
2591.76	0.00638979
2589.83	0.00643963
2587.9	0.00662325
2585.97	0.00668408
2584.05	0.00669814
2582.12	0.00708925
2580.19	0.00738061
2578.26	0.00719536
2576.33	0.00714271
2574.41	0.00749164
2572.48	0.00765264
2570.55	0.00734806
2568.62	0.00729963
2566.69	0.00760785
2564.77	0.00775766
2562.84	0.00767746
2560.91	0.0076379
2558.98	0.00797312
2557.05	0.00819963
2555.13	0.00836576
2553.2	0.00877298
2551.27	0.00866892
2549.34	0.00825396
2547.41	0.00835684
2545.49	0.00856452
2543.56	0.00887046
2541.63	0.00903651
2539.7	0.00892715
2537.77	0.00917598
2535.85	0.00933693
2533.92	0.00920532
2531.99	0.00938236
2530.06	0.00939462
2528.13	0.00946132
2526.21	0.00977105
2524.28	0.00990903
2522.35	0.0100041
2520.42	0.00998216
2518.49	0.0100813
2516.56	0.0103497
2514.64	0.0103845
2512.71	0.0102326
2510.78	0.0100611
2508.85	0.0100359
2506.92	0.0102696
2505	0.0106502
2503.07	0.0110954
2501.14	0.0112726
2499.21	0.0109718
2497.28	0.0108025
2495.36	0.0108768
2493.43	0.0110912
2491.5	0.0109266
2489.57	0.011012
2487.64	0.0118157
2485.72	0.0121935
2483.79	0.0120597
2481.86	0.0119261
2479.93	0.0120863
2478	0.012021
2476.08	0.0119481
2474.15	0.0123836
2472.22	0.0126075
2470.29	0.0125182
2468.36	0.0125064
2466.44	0.0127086
2464.51	0.0129151
2462.58	0.0126574
2460.65	0.0124378
2458.72	0.0127985
2456.8	0.0134027
2454.87	0.0137295
2452.94	0.0134617
2451.01	0.0131838
2449.08	0.013013
2447.16	0.0132909
2445.23	0.0137132
2443.3	0.0137124
2441.37	0.0139229
2439.44	0.0143963
2437.52	0.0144034
2435.59	0.0143307
2433.66	0.0146146
2431.73	0.0148826
2429.8	0.014999
2427.88	0.0150284
2425.95	0.0148602
2424.02	0.014598
2422.09	0.0149261
2420.16	0.0152189
2418.24	0.0154066
2416.31	0.0153082
2414.38	0.0147907
2412.45	0.015142
2410.52	0.0157715
2408.6	0.0159347
2406.67	0.0158839
2404.74	0.0161039
2402.81	0.0162331
2400.88	0.0163309
2398.95	0.0161795
2397.03	0.0163438
2395.1	0.0163792
2393.17	0.016332
2391.24	0.0160536
2389.31	0.0161556
2387.39	0.0165348
2385.46	0.0168567
2383.53	0.0169919
2381.6	0.0165477
2379.67	0.0164614
2377.75	0.016943
2375.82	0.0172244
2373.89	0.0172956
2371.96	0.017573
2370.03	0.0175976
2368.11	0.0175895
2366.18	0.0178993
2364.25	0.0183708
2362.32	0.018781
2360.39	0.0191735
2358.47	0.0190749
2356.54	0.0189079
2354.61	0.0192747
2352.68	0.0192951
2350.75	0.0193028
2348.83	0.0193782
2346.9	0.0202033
2344.97	0.0217599
2343.04	0.0233074
2341.11	0.0229984
2339.19	0.0211125
2337.26	0.0204504
2335.33	0.0204726
2333.4	0.0204583
2331.47	0.0204303
2329.55	0.0209642
2327.62	0.0212818
2325.69	0.0211363
2323.76	0.0213031
2321.83	0.0218527
2319.91	0.0224263
2317.98	0.0227766
2316.05	0.0223953
2314.12	0.0220517
2312.19	0.0218734
2310.27	0.0228141
2308.34	0.0235765
2306.41	0.0231997
2304.48	0.0235339
2302.55	0.0243608
2300.63	0.0244135
2298.7	0.0244005
2296.77	0.0245932
2294.84	0.024708
2292.91	0.0251816
2290.98	0.0252166
2289.06	0.0251933
2287.13	0.0252961
2285.2	0.0258067
2283.27	0.0263422
2281.35	0.0265632
2279.42	0.0269115
2277.49	0.0272541
2275.56	0.0274368
2273.63	0.0272464
2271.7	0.0272479
2269.78	0.0275226
2267.85	0.0274861
2265.92	0.0281323
2263.99	0.028929
2262.06	0.0288712
2260.14	0.0283713
2258.21	0.0286956
2256.28	0.0289795
2254.35	0.0284685
2252.42	0.0288846
2250.5	0.0295892
2248.57	0.0287815
2246.64	0.0287975
2244.71	0.0303686
2242.78	0.0310021
2240.86	0.0305483
2238.93	0.0308528
2237	0.0312261
2235.07	0.0315541
2233.14	0.031716
2231.22	0.0315361
2229.29	0.0316297
2227.36	0.0313237
2225.43	0.0311994
2223.5	0.0312356
2221.58	0.0310869
2219.65	0.0305618
2217.72	0.031002
2215.79	0.0313892
2213.86	0.0308164
2211.94	0.0302449
2210.01	0.0297801
2208.08	0.0291634
2206.15	0.0283904
2204.22	0.0282263
2202.3	0.0285662
2200.37	0.028811
2198.44	0.0285729
2196.51	0.0278855
2194.58	0.0274801
2192.66	0.0275105
2190.73	0.0267205
2188.8	0.0254037
2186.87	0.0254928
2184.94	0.0256714
2183.02	0.0253732
2181.09	0.0257355
2179.16	0.0252489
2177.23	0.0249011
2175.3	0.0247162
2173.38	0.0238195
2171.45	0.0232758
2169.52	0.0231965
2167.59	0.0225053
2165.66	0.0221178
2163.73	0.0224465
2161.81	0.022654
2159.88	0.0221733
2157.95	0.0210307
2156.02	0.02114
2154.09	0.0217046
2152.17	0.02171
2150.24	0.0204678
2148.31	0.0194978
2146.38	0.019578
2144.45	0.019725
2142.53	0.0193334
2140.6	0.0186346
2138.67	0.0186685
2136.74	0.0183476
2134.81	0.017941
2132.89	0.0178948
2130.96	0.0177865
2129.03	0.0166139
2127.1	0.0149654
2125.17	0.0143319
2123.25	0.0147568
2121.32	0.0155068
2119.39	0.0160149
2117.46	0.016403
2115.53	0.0147892
2113.61	0.0133864
2111.68	0.0134127
2109.75	0.0124704
2107.82	0.0120891
2105.89	0.0138061
2103.97	0.0146031
2102.04	0.0128143
2100.11	0.0113738
2098.18	0.0109384
2096.25	0.0109432
2094.33	0.0109554
2092.4	0.0101435
2090.47	0.0098794
2088.54	0.00952259
2086.61	0.00899743
2084.69	0.00827757
2082.76	0.00851552
2080.83	0.00898627
2078.9	0.00826436
2076.97	0.00637126
2075.05	0.0079086
2073.12	0.009849
2071.19	0.0091885
2069.26	0.00683734
2067.33	0.00808883
2065.41	0.00872024
2063.48	0.00914464
2061.55	0.0087795
2059.62	0.00930771
2057.69	0.0114514
2055.77	0.0111896
2053.84	0.0112206
2051.91	0.0106768
2049.98	0.00843562
2048.05	0.00711246
2046.12	0.00807779
2044.2	0.00800981
2042.27	0.00780438
2040.34	0.00876246
2038.41	0.00715446
2036.48	0.00526635
2034.56	0.00740582
2032.63	0.00845099
2030.7	0.0072121
2028.77	0.00756594
2026.84	0.00771658
2024.92	0.00766329
2022.99	0.00822911
2021.06	0.00897917
2019.13	0.00929803
2017.2	0.0088564
2015.28	0.00680354
2013.35	0.00709404
2011.42	0.0086962
2009.49	0.0072341
2007.56	0.00647541
2005.64	0.00749295
2003.71	0.007443
2001.78	0.006015
