nAHp0157.spa, Mon Nov 06 16:22:23 2006 (GMT-10:00)
9999.26	-0.00223209
9997.33	-0.00257344
9995.4	-0.0026317
9993.48	-0.00234185
9991.55	-0.00285503
9989.62	-0.0031076
9987.69	-0.00280602
9985.76	-0.00250634
9983.84	-0.00178365
9981.91	-0.00207331
9979.98	-0.0024558
9978.05	-0.00155884
9976.12	-0.00212092
9974.2	-0.00273158
9972.27	-0.00206859
9970.34	-0.00167388
9968.41	-0.00183925
9966.48	-0.00158816
9964.56	-0.00188603
9962.63	-0.00290529
9960.7	-0.00313885
9958.77	-0.00264451
9956.84	-0.00260222
9954.92	-0.00237988
9952.99	-0.00210444
9951.06	-0.00261415
9949.13	-0.00316178
9947.2	-0.00277309
9945.28	-0.00168279
9943.35	-0.00160704
9941.42	-0.00205402
9939.49	-0.00248719
9937.56	-0.00216385
9935.64	-0.00128317
9933.71	-0.00110619
9931.78	-0.00202648
9929.85	-0.00219145
9927.92	-0.00135251
9926	-0.00178721
9924.07	-0.00284963
9922.14	-0.00294143
9920.21	-0.00182691
9918.28	-0.00156706
9916.36	-0.00218472
9914.43	-0.00179012
9912.5	-0.00145116
9910.57	-0.00105533
9908.64	-0.000852894
9906.71	-0.00120926
9904.79	-0.00196497
9902.86	-0.00203736
9900.93	-0.00197965
9899	-0.00167774
9897.08	-0.00140433
9895.15	-0.00043662
9893.22	0.000129176
9891.29	-0.000232141
9889.36	-0.00165236
9887.43	-0.0019081
9885.51	-0.000866782
9883.58	-0.000606956
9881.65	-0.000871114
9879.72	-0.00113425
9877.79	-0.00150763
9875.87	-0.00128608
9873.94	-0.00133167
9872.01	-0.00200504
9870.08	-0.00191315
9868.15	-0.00127174
9866.23	-0.00180968
9864.3	-0.00237151
9862.37	-0.00242644
9860.44	-0.00230893
9858.51	-0.00152955
9856.59	-0.000680735
9854.66	-0.00102032
9852.73	-0.000649835
9850.8	-0.000692975
9848.87	-0.00108038
9846.95	-0.0012395
9845.02	-0.00235101
9843.09	-0.00300057
9841.16	-0.00181496
9839.23	-0.00135773
9837.31	-0.00162487
9835.38	-0.00170619
9833.45	-0.00164804
9831.52	-0.00163632
9829.59	-0.00208564
9827.67	-0.002083
9825.74	-0.00157393
9823.81	-0.00192466
9821.88	-0.00137249
9819.95	-0.000806595
9818.03	-0.00103401
9816.1	-0.00134356
9814.17	-0.00168979
9812.24	-0.00165065
9810.31	-0.00169841
9808.39	-0.00185624
9806.46	-0.00136123
9804.53	-0.00123745
9802.6	-0.00174652
9800.67	-0.00163843
9798.75	-0.00166583
9796.82	-0.00226542
9794.89	-0.00145189
9792.96	-0.00124148
9791.03	-0.00110755
9789.11	-0.00104991
9787.18	-0.001247
9785.25	-0.000767402
9783.32	-0.000803783
9781.39	-0.00094551
9779.46	-0.000734953
9777.54	-0.000336545
9775.61	-0.000179814
9773.68	-0.00107159
9771.75	-0.00155765
9769.83	-0.00158367
9767.9	-0.00135301
9765.97	-0.00152361
9764.04	-0.00200653
9762.11	-0.00185456
9760.18	-0.00132767
9758.26	-0.00123167
9756.33	-0.00145374
9754.4	-0.00139915
9752.47	-0.00134931
9750.54	-0.00135244
9748.62	-0.0013391
9746.69	-0.00128932
9744.76	-0.00136536
9742.83	-0.00134075
9740.9	-0.000771437
9738.98	-0.000967562
9737.05	-0.00179507
9735.12	-0.00158268
9733.19	-0.00140552
9731.26	-0.00186459
9729.34	-0.00197166
9727.41	-0.00153847
9725.48	-0.00155788
9723.55	-0.00145575
9721.62	-0.000845552
9719.7	-0.000865856
9717.77	-0.00135951
9715.84	-0.00163322
9713.91	-0.00131598
9711.98	-0.00101325
9710.06	-0.00148306
9708.13	-0.00244018
9706.2	-0.00265591
9704.27	-0.00210312
9702.34	-0.00144162
9700.42	-0.000684771
9698.49	2.42548e-05
9696.56	-0.000454692
9694.63	-0.00110666
9692.7	-0.00105906
9690.78	-0.000319891
9688.85	-0.00082194
9686.92	-0.00155725
9684.99	-0.000987034
9683.06	-0.00053002
9681.14	-0.000578466
9679.21	-0.000310223
9677.28	-0.000647222
9675.35	-0.00118947
9673.42	-0.00175652
9671.5	-0.00215482
9669.57	-0.00180543
9667.64	-0.00143534
9665.71	-0.00113822
9663.78	-0.000523864
9661.86	0.000211579
9659.93	-0.000490273
9658	-0.00158829
9656.07	-0.00124435
9654.14	-0.00131172
9652.21	-0.00135796
9650.29	-0.00109618
9648.36	-0.000892674
9646.43	-0.000962933
9644.5	-0.000561458
9642.57	-0.000470613
9640.65	-0.00107605
9638.72	-0.00148197
9636.79	-0.00153791
9634.86	-0.0014863
9632.93	-0.00109436
9631.01	-0.00117176
9629.08	-0.00141411
9627.15	-0.00142805
9625.22	-0.000556229
9623.29	-0.00027582
9621.37	-0.000349953
9619.44	-0.00045638
9617.51	-0.000911488
9615.58	-0.00121306
9613.65	-0.00147273
9611.73	-0.00123765
9609.8	-0.000664591
9607.87	-0.000297342
9605.94	-9.78007e-05
9604.01	-0.000539485
9602.09	-0.000730653
9600.16	-0.000862285
9598.23	-0.00111548
9596.3	-0.000781988
9594.37	-0.000808711
9592.45	-0.00100651
9590.52	-0.00118002
9588.59	-0.00123424
9586.66	-0.00104254
9584.73	-0.000648843
9582.81	-7.61354e-05
9580.88	-0.000571848
9578.95	-0.000831762
9577.02	-0.000346278
9575.09	-0.00061675
9573.17	-0.000571021
9571.24	-0.000124997
9569.31	-0.000525486
9567.38	-0.000286051
9565.45	-0.000124036
9563.53	-0.000233367
9561.6	-0.000673093
9559.67	-0.00109919
9557.74	-0.0010671
9555.81	-0.000826537
9553.88	-0.000487526
9551.96	-0.000499275
9550.03	-0.000981877
9548.1	-0.000573205
9546.17	8.57262e-05
9544.25	-0.000207204
9542.32	-0.000443207
9540.39	-0.000583496
9538.46	-0.000507118
9536.53	-0.000842841
9534.6	-0.000991398
9532.68	-0.00122182
9530.75	-0.00129156
9528.82	-0.000468991
9526.89	-0.000227737
9524.96	-0.00049527
9523.04	-0.000971794
9521.11	-0.000922432
9519.18	-0.00111631
9517.25	-0.00160991
9515.32	-0.00154203
9513.4	-0.00125727
9511.47	-0.000737368
9509.54	-0.000353827
9507.61	-0.000603912
9505.68	-0.000509568
9503.76	-0.000453765
9501.83	-0.00033224
9499.9	-0.000188459
9497.97	-0.000427682
9496.04	-0.000364255
9494.12	-7.77586e-05
9492.19	-0.000165937
9490.26	-0.000475842
9488.33	-0.000737533
9486.4	-0.000838012
9484.48	-0.000560994
9482.55	-0.000181537
9480.62	-5.33757e-05
9478.69	-0.000242275
9476.76	-0.000441287
9474.84	-0.000365348
9472.91	0.000371426
9470.98	6.62069e-05
9469.05	-0.000677725
9467.12	-0.000878918
9465.2	-0.000821411
9463.27	-0.000464192
9461.34	-0.000311977
9459.41	-0.000734424
9457.48	-0.00080084
9455.56	-0.00107972
9453.63	-0.00124696
9451.7	-0.000920614
9449.77	-0.00093245
9447.84	-0.00130617
9445.92	-0.000725493
9443.99	-0.000718315
9442.06	-0.000590015
9440.13	-0.000158816
9438.2	-0.0006766
9436.28	-0.000526446
9434.35	-0.000133344
9432.42	-0.000390806
9430.49	4.73819e-06
9428.56	-0.00023999
9426.63	-0.000763003
9424.71	-0.000475776
9422.78	-1.05034e-05
9420.85	-0.000442379
9418.92	-0.000979959
9417	-0.000752749
9415.07	-0.000236314
9413.14	-0.000468064
9411.21	-0.000880307
9409.28	-0.000672928
9407.35	-5.66886e-05
9405.43	-0.000432449
9403.5	-0.001444
9401.57	-0.00136457
9399.64	-0.000861888
9397.71	-0.000600868
9395.79	-0.000521184
9393.86	-0.000670347
9391.93	-0.000994935
9390	-0.00111528
9388.07	-0.000954767
9386.15	-0.000743851
9384.22	-0.000347834
9382.29	-0.000158617
9380.36	-0.000318235
9378.43	-0.000890491
9376.51	-0.00139452
9374.58	-0.00124941
9372.65	-0.000466674
9370.72	-0.000373691
9368.79	-0.000907322
9366.87	-0.000841419
9364.94	-0.000979596
9363.01	-0.000720068
9361.08	-0.000539021
9359.15	-0.000578797
9357.23	-0.000521647
9355.3	-0.000364388
9353.37	-0.000280985
9351.44	-0.000880208
9349.51	-0.000725295
9347.59	-0.000183656
9345.66	-0.00037528
9343.73	-0.000295621
9341.8	-0.000193393
9339.87	-0.000904809
9337.95	-0.00155471
9336.02	-0.00124353
9334.09	-0.000612382
9332.16	-0.000512645
9330.23	-0.00069324
9328.31	-0.000934963
9326.38	-0.000680305
9324.45	-0.000346477
9322.52	-0.000458962
9320.59	-0.000340882
9318.67	-0.000384648
9316.74	-0.000892409
9314.81	-0.000914662
9312.88	-0.000893897
9310.95	-0.00120596
9309.03	-0.000784634
9307.1	-0.00063058
9305.17	-0.000319725
9303.24	-0.000164281
9301.31	-0.000131787
9299.38	-0.000816516
9297.46	-0.00107119
9295.53	-0.000660323
9293.6	-0.000572477
9291.67	-0.00110894
9289.74	-0.00117969
9287.82	-0.000339955
9285.89	0.00048479
9283.96	1.4513e-05
9282.03	-0.000578102
9280.1	-0.000616419
9278.18	-0.000698202
9276.25	-0.000596665
9274.32	-0.000506258
9272.39	-0.00096733
9270.46	-0.000836756
9268.54	-0.000770875
9266.61	-0.000872933
9264.68	-0.000928318
9262.75	-0.00123718
9260.82	-0.000841518
9258.9	-0.000182729
9256.97	-0.000568274
9255.04	-0.00144152
9253.11	-0.00132552
9251.18	-0.00100498
9249.26	-0.00108121
9247.33	-0.000950106
9245.4	-0.000663168
9243.47	-0.000445524
9241.54	-0.000493781
9239.62	-0.000606327
9237.69	-0.000547129
9235.76	-0.000661547
9233.83	-0.00119697
9231.9	-0.000796077
9229.98	-0.000419937
9228.05	-0.00102449
9226.12	-0.00119608
9224.19	-0.000506821
9222.26	-0.000504901
9220.34	-0.000664922
9218.41	-0.000657742
9216.48	-0.000677692
9214.55	-0.000764359
9212.62	-0.000365811
9210.7	5.39456e-05
9208.77	-0.000167825
9206.84	-0.000918961
9204.91	-0.000846842
9202.98	-0.000465118
9201.05	-0.000591437
9199.13	-0.00102059
9197.2	-0.00102399
9195.27	-0.000967992
9193.34	-0.00100208
9191.42	-0.000682753
9189.49	-0.000305355
9187.56	-0.000607022
9185.63	-0.000588195
9183.7	-0.000518768
9181.77	-0.000381536
9179.85	-0.00070022
9177.92	-0.000642424
9175.99	-0.00075093
9174.06	-0.00107275
9172.13	-0.000835267
9170.21	-0.00100472
9168.28	-0.00118052
9166.35	-0.000936749
9164.42	-0.00052906
9162.49	-0.000687352
9160.57	-0.000774116
9158.64	-0.00055153
9156.71	-0.000401565
9154.78	-0.000249792
9152.85	-0.000508575
9150.93	-0.000624657
9149	-0.000549611
9147.07	-0.00033287
9145.14	-3.15425e-05
9143.21	-0.000698467
9141.29	-0.00124349
9139.36	-0.000769849
9137.43	-0.000499308
9135.5	-0.000775836
9133.57	-0.000833515
9131.65	-0.000814532
9129.72	-0.000718149
9127.79	-0.00061
9125.86	-0.000313997
9123.93	-0.000415269
9122.01	-0.000633988
9120.08	-0.000558843
9118.15	-0.000314394
9116.22	-0.000510329
9114.29	-0.000728702
9112.37	-0.000437414
9110.44	-0.00051013
9108.51	-0.00106118
9106.58	-0.00135912
9104.65	-0.000959826
9102.73	-0.000435792
9100.8	-0.000360117
9098.87	-0.000264362
9096.94	-0.000737798
9095.01	-0.00114926
9093.08	-0.00085964
9091.16	-0.000771503
9089.23	-0.000823858
9087.3	-0.000926301
9085.37	-0.000746067
9083.45	-0.000903685
9081.52	-0.00116667
9079.59	-0.000997018
9077.66	-0.000635807
9075.73	-0.00108987
9073.8	-0.00129533
9071.88	-0.000738427
9069.95	-0.000627337
9068.02	-0.000826008
9066.09	-0.000505728
9064.17	-0.000342173
9062.24	-0.00059875
9060.31	-0.000228664
9058.38	6.61074e-05
9056.45	-0.000188922
9054.52	-0.000521647
9052.6	-0.000566057
9050.67	-0.000520787
9048.74	-0.000746001
9046.81	-0.000333863
9044.88	-0.000144308
9042.96	-0.000306779
9041.03	-0.000340385
9039.1	-0.000436984
9037.17	-0.000499771
9035.24	-0.00119403
9033.32	-0.00146592
9031.39	-0.00120844
9029.46	-0.000796408
9027.53	-0.000604673
9025.6	-0.000955627
9023.68	-0.00134145
9021.75	-0.00108151
9019.82	-0.000876967
9017.89	-0.00115061
9015.96	-0.000891748
9014.04	-0.000786287
9012.11	-0.000570293
9010.18	-0.000169315
9008.25	-0.000469156
9006.32	-0.000604176
9004.4	-0.000978736
9002.47	-0.00107275
9000.54	-0.000866518
8998.61	-0.000852662
8996.68	-0.00103285
8994.76	-0.00103262
8992.83	-0.000411198
8990.9	-1.11992e-05
8988.97	-0.000228167
8987.04	-0.000736773
8985.12	-0.000986373
8983.19	-0.000864137
8981.26	-0.000837483
8979.33	-0.000785461
8977.4	-0.000527869
8975.48	-0.000545243
8973.55	-0.000758571
8971.62	-0.0010748
8969.69	-0.00147104
8967.76	-0.00148594
8965.83	-0.00128932
8963.91	-0.00112371
8961.98	-0.000921143
8960.05	-0.001007
8958.12	-0.000780499
8956.2	-0.000664028
8954.27	-0.00128331
8952.34	-0.00122949
8950.41	-0.00108534
8948.48	-0.00112008
8946.55	-0.00102743
8944.63	-0.00107536
8942.7	-0.00133021
8940.77	-0.00127633
8938.84	-0.000876703
8936.92	-0.000488519
8934.99	-0.000616154
8933.06	-0.00111766
8931.13	-0.00119476
8929.2	-0.000907123
8927.27	-0.000860698
8925.35	-0.000914894
8923.42	-0.000831795
8921.49	-0.000748184
8919.56	-0.00101778
8917.63	-0.0011364
8915.71	-0.00137722
8913.78	-0.00164236
8911.85	-0.0015737
8909.92	-0.00111168
8907.99	-0.000884804
8906.07	-0.000880076
8904.14	-0.00090461
8902.21	-0.00105953
8900.28	-0.00154276
8898.35	-0.00152345
8896.43	-0.00148181
8894.5	-0.00164319
8892.57	-0.00144545
8890.64	-0.00117341
8888.71	-0.000862947
8886.79	-0.000949643
8884.86	-0.00126358
8882.93	-0.00150241
8881	-0.00131601
8879.07	-0.00114245
8877.15	-0.000972521
8875.22	-0.00097867
8873.29	-0.00113921
8871.36	-0.00102614
8869.43	-0.00100776
8867.51	-0.00134528
8865.58	-0.00111657
8863.65	-0.00107992
8861.72	-0.00119073
8859.79	-0.00119985
8857.87	-0.000788239
8855.94	-0.000803287
8854.01	-0.00118561
8852.08	-0.00144591
8850.15	-0.00116614
8848.22	-0.000834705
8846.3	-0.000680305
8844.37	-0.000771801
8842.44	-0.00069506
8840.51	-0.000558479
8838.58	-0.000822601
8836.66	-0.00104515
8834.73	-0.00113429
8832.8	-0.00114585
8830.87	-0.00126289
8828.94	-0.00131644
8827.02	-0.00143029
8825.09	-0.00125156
8823.16	-0.00117741
8821.23	-0.00124505
8819.3	-0.00150789
8817.38	-0.00121994
8815.45	-0.0012468
8813.52	-0.00121571
8811.59	-0.00113485
8809.66	-0.00152387
8807.74	-0.00153939
8805.81	-0.0011982
8803.88	-0.00123633
8801.95	-0.00118419
8800.02	-0.00106779
8798.1	-0.00117989
8796.17	-0.00124459
8794.24	-0.00138686
8792.31	-0.001577
8790.38	-0.00117715
8788.46	-0.000928483
8786.53	-0.00126067
8784.6	-0.00117477
8782.67	-0.000893071
8780.74	-0.00122119
8778.82	-0.00154415
8776.89	-0.0019778
8774.96	-0.00171725
8773.03	-0.00160328
8771.1	-0.00165418
8769.18	-0.00134012
8767.25	-0.00116512
8765.32	-0.00114033
8763.39	-0.00127102
8761.46	-0.00148141
8759.54	-0.00132536
8757.61	-0.00111627
8755.68	-0.00125707
8753.75	-0.00139096
8751.82	-0.00138002
8749.9	-0.00128499
8747.97	-0.00153748
8746.04	-0.00143049
8744.11	-0.000988092
8742.18	-0.00102849
8740.25	-0.00147335
8738.33	-0.00158598
8736.4	-0.00135644
8734.47	-0.00130491
8732.54	-0.00128654
8730.62	-0.00109387
8728.69	-0.0011174
8726.76	-0.00141711
8724.83	-0.00152625
8722.9	-0.00126454
8720.97	-0.00125334
8719.05	-0.00164054
8717.12	-0.0015488
8715.19	-0.00121947
8713.26	-0.00107427
8711.33	-0.00114721
8709.41	-0.00113739
8707.48	-0.00122149
8705.55	-0.00132737
8703.62	-0.00121928
8701.69	-0.00112216
8699.77	-0.000906297
8697.84	-0.000940716
8695.91	-0.00107678
8693.98	-0.00118845
8692.05	-0.00127792
8690.13	-0.00127561
8688.2	-0.0013792
8686.27	-0.0014293
8684.34	-0.00123636
8682.41	-0.00121485
8680.49	-0.00129711
8678.56	-0.00146992
8676.63	-0.00154491
8674.7	-0.00174745
8672.77	-0.00161486
8670.85	-0.00149832
8668.92	-0.00158429
8666.99	-0.00136777
8665.06	-0.00135059
8663.13	-0.00161549
8661.21	-0.00179236
8659.28	-0.00166154
8657.35	-0.00175062
8655.42	-0.00185759
8653.49	-0.00161929
8651.57	-0.00165513
8649.64	-0.00184321
8647.71	-0.00182829
8645.78	-0.00163731
8643.85	-0.00146325
8641.93	-0.0016077
8640	-0.0017386
8638.07	-0.00163988
8636.14	-0.00173329
8634.21	-0.00161658
8632.29	-0.00134584
8630.36	-0.00127987
8628.43	-0.0012912
8626.5	-0.0013903
8624.57	-0.00139142
8622.65	-0.00105682
8620.72	-0.00113733
8618.79	-0.00164328
8616.86	-0.00190041
8614.93	-0.00178233
8613	-0.00162487
8611.08	-0.00179078
8609.15	-0.00193531
8607.22	-0.00152212
8605.29	-0.00119
8603.37	-0.00114998
8601.44	-0.00120411
8599.51	-0.00104825
8597.58	-0.00110603
8595.65	-0.00145106
8593.72	-0.00165721
8591.8	-0.00143016
8589.87	-0.00134111
8587.94	-0.0013896
8586.01	-0.00159284
8584.08	-0.00159997
8582.16	-0.00174438
8580.23	-0.00194927
8578.3	-0.00184624
8576.37	-0.00154765
8574.44	-0.00145592
8572.52	-0.00163226
8570.59	-0.00165051
8568.66	-0.00132671
8566.73	-0.000963892
8564.8	-0.00115537
8562.88	-0.00151892
8560.95	-0.0013573
8559.02	-0.00141824
8557.09	-0.00165761
8555.16	-0.0019619
8553.24	-0.00220968
8551.31	-0.00233763
8549.38	-0.00204188
8547.45	-0.00148115
8545.52	-0.00158835
8543.6	-0.00201748
8541.67	-0.00202678
8539.74	-0.00197684
8537.81	-0.00205375
8535.88	-0.00177447
8533.96	-0.00166329
8532.03	-0.00208409
8530.1	-0.00219821
8528.17	-0.00217394
8526.24	-0.00231186
8524.32	-0.00189243
8522.39	-0.00178814
8520.46	-0.00194102
8518.53	-0.00178236
8516.6	-0.00174685
8514.68	-0.00169781
8512.75	-0.00166108
8510.82	-0.00171115
8508.89	-0.00169369
8506.96	-0.00168567
8505.04	-0.0015389
8503.11	-0.00154864
8501.18	-0.00175487
8499.25	-0.00204554
8497.32	-0.00197325
8495.39	-0.0018404
8493.47	-0.00191958
8491.54	-0.00193337
8489.61	-0.00176045
8487.68	-0.00183723
8485.75	-0.00190378
8483.83	-0.0016653
8481.9	-0.00160456
8479.97	-0.00160275
8478.04	-0.00161688
8476.11	-0.00180025
8474.19	-0.00175385
8472.26	-0.00151067
8470.33	-0.00147454
8468.4	-0.00164206
8466.47	-0.00181764
8464.55	-0.00173072
8462.62	-0.001696
8460.69	-0.0017888
8458.76	-0.00177926
8456.83	-0.00187712
8454.91	-0.00187778
8452.98	-0.00179269
8451.05	-0.00186099
8449.12	-0.00196672
8447.19	-0.00199927
8445.27	-0.00205339
8443.34	-0.00188455
8441.41	-0.00183057
8439.48	-0.00170253
8437.55	-0.00157746
8435.63	-0.00183595
8433.7	-0.00229657
8431.77	-0.00238176
8429.84	-0.00228668
8427.91	-0.00212824
8425.99	-0.00193119
8424.06	-0.00195629
8422.13	-0.00200653
8420.2	-0.0020119
8418.27	-0.00195494
8416.35	-0.00188989
8414.42	-0.00182371
8412.49	-0.00185687
8410.56	-0.00177197
8408.63	-0.00194676
8406.71	-0.00213171
8404.78	-0.00196685
8402.85	-0.0019528
8400.92	-0.00199159
8398.99	-0.00201207
8397.07	-0.00211984
8395.14	-0.00198212
8393.21	-0.00174649
8391.28	-0.00166867
8389.35	-0.00168005
8387.43	-0.00178784
8385.5	-0.00166847
8383.57	-0.00168986
8381.64	-0.00175781
8379.71	-0.00219306
8377.79	-0.0024495
8375.86	-0.00229126
8373.93	-0.00214681
8372	-0.00222092
8370.07	-0.00232521
8368.14	-0.00235091
8366.22	-0.00210424
8364.29	-0.00197335
8362.36	-0.00211687
8360.43	-0.00209557
8358.5	-0.0021049
8356.58	-0.00213978
8354.65	-0.00193871
8352.72	-0.00183394
8350.79	-0.0018305
8348.86	-0.00178602
8346.94	-0.0017261
8345.01	-0.00179685
8343.08	-0.00198344
8341.15	-0.00211891
8339.22	-0.00194237
8337.3	-0.00190922
8335.37	-0.00199864
8333.44	-0.00185221
8331.51	-0.00169959
8329.58	-0.00173718
8327.66	-0.00203502
8325.73	-0.00224511
8323.8	-0.00212604
8321.87	-0.00179206
8319.94	-0.00155755
8318.02	-0.00181213
8316.09	-0.00199155
8314.16	-0.00222745
8312.23	-0.00210269
8310.3	-0.00201174
8308.38	-0.00201484
8306.45	-0.00193228
8304.52	-0.00179051
8302.59	-0.00223035
8300.66	-0.00251085
8298.74	-0.00232181
8296.81	-0.00213978
8294.88	-0.00179747
8292.95	-0.00178253
8291.02	-0.00222787
8289.1	-0.00217002
8287.17	-0.00207875
8285.24	-0.00236934
8283.31	-0.00237919
8281.38	-0.00198974
8279.46	-0.00190991
8277.53	-0.00213537
8275.6	-0.00238716
8273.67	-0.00235553
8271.74	-0.0020556
8269.82	-0.00177751
8267.89	-0.00202427
8265.96	-0.00225876
8264.03	-0.00224406
8262.1	-0.00219738
8260.17	-0.00204399
8258.25	-0.0022906
8256.32	-0.00210111
8254.39	-0.00153807
8252.46	-0.00168464
8250.54	-0.00183252
8248.61	-0.00190332
8246.68	-0.00198974
8244.75	-0.00197991
8242.82	-0.00202869
8240.89	-0.00189062
8238.97	-0.00195702
8237.04	-0.00222745
8235.11	-0.00205036
8233.18	-0.00190074
8231.25	-0.00195554
8229.33	-0.00201824
8227.4	-0.00200959
8225.47	-0.00189391
8223.54	-0.00204287
8221.61	-0.00219069
8219.69	-0.00210497
8217.76	-0.00211598
8215.83	-0.00223272
8213.9	-0.00222263
8211.97	-0.00207832
8210.05	-0.00193413
8208.12	-0.00197895
8206.19	-0.00212455
8204.26	-0.00202302
8202.33	-0.00215034
8200.41	-0.00223931
8198.48	-0.00234679
8196.55	-0.00217074
8194.62	-0.00162622
8192.69	-0.00144334
8190.77	-0.00196408
8188.84	-0.00226367
8186.91	-0.0022047
8184.98	-0.00211796
8183.05	-0.00200102
8181.13	-0.00223127
8179.2	-0.0024325
8177.27	-0.00223898
8175.34	-0.00175633
8173.41	-0.0018047
8171.49	-0.00253546
8169.56	-0.00280802
8167.63	-0.00257031
8165.7	-0.00248822
8163.77	-0.00272305
8161.85	-0.00239072
8159.92	-0.00204142
8157.99	-0.00212102
8156.06	-0.00231779
8154.13	-0.00268274
8152.21	-0.00287672
8150.28	-0.00228444
8148.35	-0.0019079
8146.42	-0.00196332
8144.49	-0.00200788
8142.56	-0.0021354
8140.64	-0.00217457
8138.71	-0.00201702
8136.78	-0.00182872
8134.85	-0.00192661
8132.92	-0.00208666
8131	-0.00212613
8129.07	-0.00204498
8127.14	-0.00213797
8125.21	-0.00212999
8123.28	-0.00213619
8121.36	-0.00192159
8119.43	-0.0018018
8117.5	-0.00213758
8115.57	-0.00238463
8113.64	-0.00221248
8111.72	-0.00200082
8109.79	-0.00219873
8107.86	-0.00228793
8105.93	-0.00217364
8104	-0.00201438
8102.08	-0.00201787
8100.15	-0.00207921
8098.22	-0.00210124
8096.29	-0.00215452
8094.36	-0.00206048
8092.44	-0.00197387
8090.51	-0.00187979
8088.58	-0.00198186
8086.65	-0.00217688
8084.72	-0.00213787
8082.8	-0.00225807
8080.87	-0.00238014
8078.94	-0.00208663
8077.01	-0.00203087
8075.08	-0.00222649
8073.16	-0.00226779
8071.23	-0.00216019
8069.3	-0.00233786
8067.37	-0.00244226
8065.44	-0.00232639
8063.52	-0.00230306
8061.59	-0.00218007
8059.66	-0.00225995
8057.73	-0.00247642
8055.8	-0.00234188
8053.88	-0.00198275
8051.95	-0.00204261
8050.02	-0.00213655
8048.09	-0.00213019
8046.16	-0.0024787
8044.24	-0.00279433
8042.31	-0.002823
8040.38	-0.00281589
8038.45	-0.00285237
8036.52	-0.00285648
8034.6	-0.00270158
8032.67	-0.0025034
8030.74	-0.00249418
8028.81	-0.00253015
8026.88	-0.00246861
8024.96	-0.00242427
8023.03	-0.00265979
8021.1	-0.00264751
8019.17	-0.00255868
8017.24	-0.00239992
8015.31	-0.00205085
8013.39	-0.00228869
8011.46	-0.00258832
8009.53	-0.00261003
8007.6	-0.00259333
8005.67	-0.00240295
8003.75	-0.00242654
8001.82	-0.00258967
7999.89	-0.00268047
7997.96	-0.00261332
7996.03	-0.0023521
7994.11	-0.00229067
7992.18	-0.00248298
7990.25	-0.00268027
7988.32	-0.00261355
7986.39	-0.00243128
7984.47	-0.00249049
7982.54	-0.0024981
7980.61	-0.00238262
7978.68	-0.0021504
7976.75	-0.00236446
7974.83	-0.00229235
7972.9	-0.00200076
7970.97	-0.00225003
7969.04	-0.00242789
7967.11	-0.00242967
7965.19	-0.00238515
7963.26	-0.0024702
7961.33	-0.00253984
7959.4	-0.00227396
7957.47	-0.00214374
7955.55	-0.00224924
7953.62	-0.0024385
7951.69	-0.00278363
7949.76	-0.00286254
7947.83	-0.00273069
7945.91	-0.00250772
7943.98	-0.00238252
7942.05	-0.00236423
7940.12	-0.00229218
7938.19	-0.00224983
7936.27	-0.00234406
7934.34	-0.00256955
7932.41	-0.00274271
7930.48	-0.00265353
7928.55	-0.00258029
7926.63	-0.00243059
7924.7	-0.00253417
7922.77	-0.00277556
7920.84	-0.00284516
7918.91	-0.00293146
7916.99	-0.00291339
7915.06	-0.00253789
7913.13	-0.00227056
7911.2	-0.00250222
7909.27	-0.00272335
7907.35	-0.00272802
7905.42	-0.00270451
7903.49	-0.00264487
7901.56	-0.00257752
7899.63	-0.00243385
7897.71	-0.00251226
7895.78	-0.00261392
7893.85	-0.0026724
7891.92	-0.00279212
7889.99	-0.00278435
7888.06	-0.00265686
7886.14	-0.00249543
7884.21	-0.00249958
7882.28	-0.00268604
7880.35	-0.0026833
7878.42	-0.00268614
7876.5	-0.00281665
7874.57	-0.00268475
7872.64	-0.00246835
7870.71	-0.00257225
7868.78	-0.00262604
7866.86	-0.00262251
7864.93	-0.00256444
7863	-0.00232109
7861.07	-0.00216853
7859.14	-0.00233928
7857.22	-0.00265949
7855.29	-0.00271465
7853.36	-0.00270507
7851.43	-0.00267369
7849.5	-0.00263684
7847.58	-0.00267211
7845.65	-0.00274573
7843.72	-0.00261375
7841.79	-0.00256626
7839.86	-0.00260937
7837.94	-0.00262729
7836.01	-0.0024724
7834.08	-0.00239814
7832.15	-0.00246591
7830.22	-0.00263568
7828.3	-0.00275515
7826.37	-0.00260624
7824.44	-0.00225738
7822.51	-0.00238772
7820.58	-0.00249345
7818.66	-0.00253002
7816.73	-0.00275281
7814.8	-0.00294334
7812.87	-0.00279028
7810.94	-0.00263746
7809.02	-0.00261322
7807.09	-0.00251441
7805.16	-0.00261915
7803.23	-0.00267026
7801.3	-0.00266259
7799.38	-0.00278551
7797.45	-0.00277892
7795.52	-0.00256774
7793.59	-0.00244308
7791.66	-0.00259465
7789.74	-0.00261579
7787.81	-0.00261431
7785.88	-0.00286511
7783.95	-0.00275344
7782.02	-0.00254863
7780.09	-0.00282534
7778.17	-0.00303795
7776.24	-0.00297901
7774.31	-0.00287238
7772.38	-0.00273092
7770.46	-0.00269858
7768.53	-0.00273879
7766.6	-0.00272045
7764.67	-0.00291474
7762.74	-0.00274514
7760.81	-0.00261131
7758.89	-0.0028235
7756.96	-0.00266282
7755.03	-0.00252472
7753.1	-0.00244249
7751.17	-0.00254083
7749.25	-0.00279561
7747.32	-0.00282067
7745.39	-0.00261184
7743.46	-0.00260061
7741.53	-0.00249352
7739.61	-0.00255591
7737.68	-0.00282264
7735.75	-0.0029672
7733.82	-0.00296447
7731.89	-0.00268768
7729.97	-0.00263233
7728.04	-0.00279515
7726.11	-0.00264952
7724.18	-0.00258091
7722.25	-0.00256372
7720.33	-0.00267333
7718.4	-0.002786
7716.47	-0.00271656
7714.54	-0.0025627
7712.61	-0.00270458
7710.69	-0.00274646
7708.76	-0.00255272
7706.83	-0.00263927
7704.9	-0.00275446
7702.97	-0.00248627
7701.05	-0.00237069
7699.12	-0.00238542
7697.19	-0.00221607
7695.26	-0.00230112
7693.33	-0.00243313
7691.41	-0.0026806
7689.48	-0.00268811
7687.55	-0.00250284
7685.62	-0.00242344
7683.69	-0.00260417
7681.77	-0.00287541
7679.84	-0.0027783
7677.91	-0.00268765
7675.98	-0.00279607
7674.05	-0.00277701
7672.12	-0.00286501
7670.2	-0.00260865
7668.27	-0.00249813
7666.34	-0.00265861
7664.41	-0.00278152
7662.48	-0.00272776
7660.56	-0.00264204
7658.63	-0.00257726
7656.7	-0.00253114
7654.77	-0.00261138
7652.84	-0.00277731
7650.92	-0.00269447
7648.99	-0.00260944
7647.06	-0.0025512
7645.13	-0.00264504
7643.2	-0.00261853
7641.28	-0.00246285
7639.35	-0.00244749
7637.42	-0.00242268
7635.49	-0.00238169
7633.56	-0.00248584
7631.64	-0.00280865
7629.71	-0.00286063
7627.78	-0.00273375
7625.85	-0.0027435
7623.92	-0.00274939
7622	-0.00267293
7620.07	-0.00267379
7618.14	-0.0026914
7616.21	-0.00280052
7614.28	-0.00290974
7612.36	-0.0027677
7610.43	-0.00260371
7608.5	-0.00278106
7606.57	-0.00281836
7604.64	-0.00281408
7602.72	-0.00273833
7600.79	-0.0027755
7598.86	-0.00253226
7596.93	-0.00269829
7595	-0.00294666
7593.08	-0.00278445
7591.15	-0.00279927
7589.22	-0.00285658
7587.29	-0.00272041
7585.36	-0.00268321
7583.44	-0.00272437
7581.51	-0.00276855
7579.58	-0.00297984
7577.65	-0.00285997
7575.72	-0.00273668
7573.8	-0.0028892
7571.87	-0.00289341
7569.94	-0.00285102
7568.01	-0.00264174
7566.08	-0.00244756
7564.16	-0.00275087
7562.23	-0.00292363
7560.3	-0.00284433
7558.37	-0.00268564
7556.44	-0.00263562
7554.52	-0.00283403
7552.59	-0.00288601
7550.66	-0.00263048
7548.73	-0.00273092
7546.8	-0.0027401
7544.88	-0.0024979
7542.95	-0.00256332
7541.02	-0.00264606
7539.09	-0.00261477
7537.16	-0.00251987
7535.23	-0.00244868
7533.31	-0.00254458
7531.38	-0.00273349
7529.45	-0.00266908
7527.52	-0.00278373
7525.59	-0.00293011
7523.67	-0.00277573
7521.74	-0.00270961
7519.81	-0.00268673
7517.88	-0.00261942
7515.95	-0.00279028
7514.03	-0.00284381
7512.1	-0.0027217
7510.17	-0.00261849
7508.24	-0.0026839
7506.31	-0.00272647
7504.39	-0.00282159
7502.46	-0.00290743
7500.53	-0.00275736
7498.6	-0.00279881
7496.67	-0.00278883
7494.75	-0.00281862
7492.82	-0.00297131
7490.89	-0.00281655
7488.96	-0.00273256
7487.03	-0.00274119
7485.11	-0.00272223
7483.18	-0.00277527
7481.25	-0.00278103
7479.32	-0.00284954
7477.39	-0.0029228
7475.47	-0.00283857
7473.54	-0.00263855
7471.61	-0.00264003
7469.68	-0.00266802
7467.75	-0.00271831
7465.83	-0.00281507
7463.9	-0.0028337
7461.97	-0.00293784
7460.04	-0.00307825
7458.11	-0.00299218
7456.19	-0.00285138
7454.26	-0.00273306
7452.33	-0.00277092
7450.4	-0.00281744
7448.47	-0.00286162
7446.54	-0.00282047
7444.62	-0.00280371
7442.69	-0.00281349
7440.76	-0.00289736
7438.83	-0.00284417
7436.91	-0.00285194
7434.98	-0.00284555
7433.05	-0.00284884
7431.12	-0.00287814
7429.19	-0.00282485
7427.26	-0.00289163
7425.34	-0.0027132
7423.41	-0.00263308
7421.48	-0.00276526
7419.55	-0.00266974
7417.62	-0.00248061
7415.7	-0.00255476
7413.77	-0.00277751
7411.84	-0.00295252
7409.91	-0.00292333
7407.98	-0.00279229
7406.06	-0.0027002
7404.13	-0.0026071
7402.2	-0.00261009
7400.27	-0.0026124
7398.34	-0.00274448
7396.42	-0.00283959
7394.49	-0.00292033
7392.56	-0.00294133
7390.63	-0.0029101
7388.7	-0.00275986
7386.78	-0.00273905
7384.85	-0.00289986
7382.92	-0.00294163
7380.99	-0.00275663
7379.06	-0.00263107
7377.14	-0.002526
7375.21	-0.00256721
7373.28	-0.00269937
7371.35	-0.00263792
7369.42	-0.00251493
7367.5	-0.0025399
7365.57	-0.00265429
7363.64	-0.00264734
7361.71	-0.0026973
7359.78	-0.00281132
7357.86	-0.00262897
7355.93	-0.00269318
7354	-0.00305045
7352.07	-0.00315648
7350.14	-0.0029725
7348.22	-0.00272246
7346.29	-0.00265564
7344.36	-0.00269506
7342.43	-0.00267168
7340.5	-0.00278281
7338.58	-0.0027858
7336.65	-0.00271202
7334.72	-0.00269536
7332.79	-0.00273882
7330.86	-0.00276832
7328.94	-0.00251668
7327.01	-0.00248153
7325.08	-0.00264095
7323.15	-0.00265373
7321.22	-0.00263615
7319.29	-0.00248107
7317.37	-0.00255512
7315.44	-0.00286191
7313.51	-0.00278508
7311.58	-0.00264507
7309.65	-0.00269825
7307.73	-0.00280091
7305.8	-0.00278307
7303.87	-0.00270148
7301.94	-0.00273049
7300.01	-0.00278636
7298.09	-0.0027836
7296.16	-0.00268887
7294.23	-0.00248252
7292.3	-0.00248894
7290.37	-0.00253252
7288.45	-0.00262251
7286.52	-0.00264109
7284.59	-0.002656
7282.66	-0.00274939
7280.73	-0.00285092
7278.81	-0.00267636
7276.88	-0.00252666
7274.95	-0.00261191
7273.02	-0.00271913
7271.09	-0.00263572
7269.17	-0.00255156
7267.24	-0.0026177
7265.31	-0.00267863
7263.38	-0.00262208
7261.45	-0.0025907
7259.53	-0.00254844
7257.6	-0.00250798
7255.67	-0.00263154
7253.74	-0.00271706
7251.81	-0.00278811
7249.89	-0.00287142
7247.96	-0.00276022
7246.03	-0.0026208
7244.1	-0.00244463
7242.17	-0.00246871
7240.25	-0.00273395
7238.32	-0.00296569
7236.39	-0.00301883
7234.46	-0.00296493
7232.53	-0.00262492
7230.61	-0.00248301
7228.68	-0.00271814
7226.75	-0.00275996
7224.82	-0.00261741
7222.89	-0.00268969
7220.97	-0.00280289
7219.04	-0.00274221
7217.11	-0.00283061
7215.18	-0.00281514
7213.25	-0.00263865
7211.33	-0.00255931
7209.4	-0.00256817
7207.47	-0.00261421
7205.54	-0.00266895
7203.61	-0.00293676
7201.69	-0.00286728
7199.76	-0.00250242
7197.83	-0.00234765
7195.9	-0.00254708
7193.97	-0.00278873
7192.04	-0.00279917
7190.12	-0.002759
7188.19	-0.0027514
7186.26	-0.00269648
7184.33	-0.00268577
7182.4	-0.00282465
7180.48	-0.00289236
7178.55	-0.0027408
7176.62	-0.00253954
7174.69	-0.00274129
7172.76	-0.00289134
7170.84	-0.00269954
7168.91	-0.00244555
7166.98	-0.00243833
7165.05	-0.00236321
7163.12	-0.00246571
7161.2	-0.0025517
7159.27	-0.00259662
7157.34	-0.00271162
7155.41	-0.00282248
7153.48	-0.00289493
7151.56	-0.00291402
7149.63	-0.00285098
7147.7	-0.00271824
7145.77	-0.00249856
7143.84	-0.0023957
7141.92	-0.00245876
7139.99	-0.0025011
7138.06	-0.00250485
7136.13	-0.00262044
7134.2	-0.00261803
7132.28	-0.00256685
7130.35	-0.00268732
7128.42	-0.00284993
7126.49	-0.00279947
7124.56	-0.00257571
7122.64	-0.0023663
7120.71	-0.0025347
7118.78	-0.00262353
7116.85	-0.00257696
7114.92	-0.00251368
7113	-0.00248822
7111.07	-0.00252106
7109.14	-0.00264165
7107.21	-0.00270188
7105.28	-0.00258549
7103.36	-0.00246479
7101.43	-0.00247247
7099.5	-0.00245583
7097.57	-0.0024442
7095.64	-0.00267942
7093.71	-0.00272341
7091.79	-0.00253918
7089.86	-0.00247982
7087.93	-0.00249434
7086	-0.00248545
7084.08	-0.00247494
7082.15	-0.00268558
7080.22	-0.002678
7078.29	-0.00259178
7076.36	-0.00253233
7074.43	-0.00250067
7072.51	-0.00264168
7070.58	-0.00278198
7068.65	-0.00271017
7066.72	-0.00262475
7064.79	-0.00263005
7062.87	-0.0028309
7060.94	-0.00285688
7059.01	-0.0026371
7057.08	-0.00240548
7055.15	-0.00237939
7053.23	-0.00249909
7051.3	-0.00246094
7049.37	-0.0023699
7047.44	-0.00248192
7045.51	-0.00239576
7043.59	-0.00245639
7041.66	-0.0026839
7039.73	-0.00265126
7037.8	-0.00259965
7035.87	-0.00270283
7033.95	-0.00277668
7032.02	-0.00273658
7030.09	-0.00258595
7028.16	-0.00251286
7026.23	-0.002667
7024.31	-0.00270728
7022.38	-0.00255338
7020.45	-0.002401
7018.52	-0.00237494
7016.59	-0.00237316
7014.67	-0.00245547
7012.74	-0.00251217
7010.81	-0.00246769
7008.88	-0.00237612
7006.95	-0.00241336
7005.03	-0.00242249
7003.1	-0.00238772
7001.17	-0.00239293
6999.24	-0.00260967
6997.31	-0.00262215
6995.39	-0.00251612
6993.46	-0.00246041
6991.53	-0.0025121
6989.6	-0.00257439
6987.67	-0.00244647
6985.75	-0.00235899
6983.82	-0.00237299
6981.89	-0.00245352
6979.96	-0.00251862
6978.03	-0.00241438
6976.1	-0.00238446
6974.18	-0.00236841
6972.25	-0.00235872
6970.32	-0.00241151
6968.39	-0.00242084
6966.46	-0.00250113
6964.54	-0.00257544
6962.61	-0.00241827
6960.68	-0.00232234
6958.75	-0.00233262
6956.82	-0.00241168
6954.9	-0.00227551
6952.97	-0.0022439
6951.04	-0.00245043
6949.11	-0.00249296
6947.18	-0.00238644
6945.26	-0.00236001
6943.33	-0.00233556
6941.4	-0.00215515
6939.47	-0.0022939
6937.54	-0.00253473
6935.62	-0.00252554
6933.69	-0.0025038
6931.76	-0.00241992
6929.83	-0.00231084
6927.9	-0.00239853
6925.98	-0.0024271
6924.05	-0.00218677
6922.12	-0.00208723
6920.19	-0.00213705
6918.26	-0.00229591
6916.34	-0.00243049
6914.41	-0.00235708
6912.48	-0.00236531
6910.55	-0.00243283
6908.62	-0.00245847
6906.7	-0.00240301
6904.77	-0.00230797
6902.84	-0.00221452
6900.91	-0.00212376
6898.98	-0.00219244
6897.06	-0.00231677
6895.13	-0.0024239
6893.2	-0.00236522
6891.27	-0.00228609
6889.34	-0.00219207
6887.42	-0.00208878
6885.49	-0.00213748
6883.56	-0.00227771
6881.63	-0.00234854
6879.7	-0.00231028
6877.78	-0.00214885
6875.85	-0.00205286
6873.92	-0.00210441
6871.99	-0.00222989
6870.06	-0.00225342
6868.14	-0.00221274
6866.21	-0.00221531
6864.28	-0.00232798
6862.35	-0.00219425
6860.42	-0.0021137
6858.5	-0.00211146
6856.57	-0.00211723
6854.64	-0.00207034
6852.71	-0.00210546
6850.78	-0.00216659
6848.85	-0.00208673
6846.93	-0.00211295
6845	-0.00205316
6843.07	-0.00213705
6841.14	-0.00220272
6839.21	-0.00205643
6837.29	-0.0020554
6835.36	-0.00210325
6833.43	-0.00215828
6831.5	-0.00217915
6829.57	-0.00219491
6827.65	-0.00225636
6825.72	-0.0021625
6823.79	-0.00210516
6821.86	-0.00219188
6819.93	-0.00209527
6818.01	-0.00197886
6816.08	-0.00185568
6814.15	-0.00174603
6812.22	-0.00179988
6810.29	-0.00195857
6808.37	-0.00209079
6806.44	-0.00200184
6804.51	-0.00188923
6802.58	-0.00212881
6800.65	-0.00219234
6798.73	-0.00206823
6796.8	-0.00199314
6794.87	-0.00201758
6792.94	-0.0019078
6791.01	-0.00177395
6789.09	-0.00179015
6787.16	-0.0018664
6785.23	-0.00198004
6783.3	-0.00196108
6781.37	-0.00197061
6779.45	-0.00177784
6777.52	-0.00167141
6775.59	-0.00172398
6773.66	-0.00166811
6771.73	-0.00175807
6769.81	-0.00173131
6767.88	-0.00167557
6765.95	-0.00172161
6764.02	-0.00164619
6762.09	-0.00150766
6760.17	-0.00168695
6758.24	-0.00176797
6756.31	-0.00177335
6754.38	-0.00180708
6752.45	-0.00171596
6750.53	-0.0017423
6748.6	-0.00175431
6746.67	-0.00169332
6744.74	-0.00167289
6742.81	-0.00168022
6740.88	-0.00168626
6738.96	-0.00160149
6737.03	-0.00155534
6735.1	-0.00160918
6733.17	-0.00161853
6731.25	-0.00171771
6729.32	-0.00184222
6727.39	-0.00175877
6725.46	-0.00155626
6723.53	-0.00156435
6721.6	-0.00158958
6719.68	-0.00159486
6717.75	-0.00157495
6715.82	-0.00149337
6713.89	-0.0016074
6711.96	-0.00150812
6710.04	-0.00141318
6708.11	-0.0014403
6706.18	-0.0014581
6704.25	-0.00131353
6702.32	-0.00124055
6700.4	-0.00130858
6698.47	-0.00123305
6696.54	-0.00118419
6694.61	-0.00125215
6692.68	-0.001386
6690.76	-0.00139925
6688.83	-0.00138409
6686.9	-0.00140106
6684.97	-0.00136922
6683.04	-0.00141061
6681.12	-0.00137144
6679.19	-0.00142372
6677.26	-0.0013284
6675.33	-0.00119687
6673.4	-0.00127828
6671.48	-0.0012914
6669.55	-0.0012538
6667.62	-0.00126262
6665.69	-0.00125579
6663.76	-0.00111062
6661.84	-0.00100353
6659.91	-0.0010699
6657.98	-0.00106802
6656.05	-0.00115045
6654.12	-0.00119744
6652.2	-0.00114116
6650.27	-0.00115164
6648.34	-0.00102713
6646.41	-0.00091086
6644.48	-0.00107086
6642.56	-0.0010353
6640.63	-0.000868535
6638.7	-0.000963793
6636.77	-0.0011486
6634.84	-0.00115722
6632.92	-0.00111621
6630.99	-0.00103328
6629.06	-0.00100155
6627.13	-0.000945841
6625.2	-0.000843171
6623.27	-0.000862285
6621.35	-0.000926301
6619.42	-0.000881663
6617.49	-0.000787875
6615.56	-0.00077997
6613.63	-0.000839037
6611.71	-0.000809009
6609.78	-0.000776861
6607.85	-0.000758868
6605.92	-0.000691123
6603.99	-0.000718116
6602.07	-0.000769022
6600.14	-0.000578698
6598.21	-0.000528531
6596.28	-0.000631208
6594.35	-0.000579525
6592.43	-0.000502253
6590.5	-0.000437613
6588.57	-0.000344159
6586.64	-0.000312739
6584.71	-0.000397427
6582.79	-0.000472168
6580.86	-0.000386304
6578.93	-0.000265919
6577	-0.000297938
6575.07	-0.000355151
6573.15	-0.000385277
6571.22	-0.000341345
6569.29	-0.000170772
6567.36	-7.16299e-05
6565.43	-8.96183e-05
6563.51	-3.63465e-05
6561.58	-1.04702e-05
6559.65	-4.01235e-05
6557.72	7.32655e-05
6555.79	0.000336374
6553.87	0.000410526
6551.94	0.000394176
6550.01	0.00041361
6548.08	0.00037053
6546.15	0.000314821
6544.23	0.000429994
6542.3	0.000537435
6540.37	0.000588262
6538.44	0.000650112
6536.51	0.000548151
6534.59	0.000458884
6532.66	0.000552829
6530.73	0.000661096
6528.8	0.000618622
6526.87	0.000573233
6524.95	0.000639792
6523.02	0.000547421
6521.09	0.000464688
6519.16	0.000466148
6517.23	0.000475568
6515.31	0.000537468
6513.38	0.000581892
6511.45	0.000391025
6509.52	0.00038038
6507.59	0.000418055
6505.67	0.000353751
6503.74	0.00030819
6501.81	0.000295988
6499.88	8.63228e-05
6497.95	-8.0442e-05
6496.02	5.02672e-05
6494.1	7.89325e-05
6492.17	-5.87095e-05
6490.24	-8.4848e-05
6488.31	-6.28507e-05
6486.38	-0.000139339
6484.46	-0.000352933
6482.53	-0.000515822
6480.6	-0.000543323
6478.67	-0.000537896
6476.74	-0.00059961
6474.82	-0.000590378
6472.89	-0.000532204
6470.96	-0.000544912
6469.03	-0.000645832
6467.1	-0.000639017
6465.18	-0.000623929
6463.25	-0.000708788
6461.32	-0.000713915
6459.39	-0.000713816
6457.46	-0.000662937
6455.54	-0.000689006
6453.61	-0.000759497
6451.68	-0.000864666
6449.75	-0.000791844
6447.82	-0.000751327
6445.9	-0.000660356
6443.97	-0.000701874
6442.04	-0.000843337
6440.11	-0.000838244
6438.18	-0.000821146
6436.26	-0.000948552
6434.33	-0.000978538
6432.4	-0.000883977
6430.47	-0.000859706
6428.54	-0.000852265
6426.62	-0.000824652
6424.69	-0.000786519
6422.76	-0.000809273
6420.83	-0.000962867
6418.9	-0.0010265
6416.98	-0.00099639
6415.05	-0.000992356
6413.12	-0.000946998
6411.19	-0.000929971
6409.26	-0.000956619
6407.34	-0.000931161
6405.41	-0.000928152
6403.48	-0.000841881
6401.55	-0.000807256
6399.62	-0.000952288
6397.7	-0.000943692
6395.77	-0.000866716
6393.84	-0.000812581
6391.91	-0.000780731
6389.98	-0.000811588
6388.06	-0.000885069
6386.13	-0.00107202
6384.2	-0.00108432
6382.27	-0.000950304
6380.34	-0.000898857
6378.42	-0.00109436
6376.49	-0.00125853
6374.56	-0.00113435
6372.63	-0.000885267
6370.7	-0.000857027
6368.77	-0.000975463
6366.85	-0.000893501
6364.92	-0.000754436
6362.99	-0.00079062
6361.06	-0.000810861
6359.13	-0.000796441
6357.21	-0.000826669
6355.28	-0.000901073
6353.35	-0.000967727
6351.42	-0.000990208
6349.49	-0.000917969
6347.57	-0.000904081
6345.64	-0.000927689
6343.71	-0.000887978
6341.78	-0.000976356
6339.85	-0.00106719
6337.93	-0.00105579
6336	-0.000958338
6334.07	-0.000857589
6332.14	-0.00082528
6330.21	-0.000927789
6328.29	-0.0010152
6326.36	-0.00100016
6324.43	-0.000898097
6322.5	-0.000837186
6320.57	-0.000906528
6318.65	-0.000967099
6316.72	-0.000978637
6314.79	-0.000902362
6312.86	-0.000922928
6310.93	-0.000945014
6309.01	-0.00093612
6307.08	-0.00105635
6305.15	-0.00110398
6303.22	-0.00101933
6301.29	-0.00107304
6299.37	-0.00127455
6297.44	-0.00129401
6295.51	-0.00118118
6293.58	-0.00108068
6291.65	-0.000996489
6289.73	-0.00102594
6287.8	-0.00108653
6285.87	-0.00100151
6283.94	-0.000999894
6282.01	-0.00112236
6280.08	-0.00106167
6278.16	-0.00100498
6276.23	-0.00107615
6274.3	-0.00107499
6272.37	-0.00102677
6270.45	-0.00105457
6268.52	-0.000956718
6266.59	-0.000929607
6264.66	-0.00101527
6262.73	-0.00103358
6260.8	-0.00102895
6258.88	-0.0010782
6256.95	-0.00115421
6255.02	-0.00118154
6253.09	-0.00109112
6251.17	-0.00105278
6249.24	-0.0011408
6247.31	-0.0012316
6245.38	-0.0011516
6243.45	-0.00106035
6241.52	-0.00122423
6239.6	-0.00116961
6237.67	-0.00101374
6235.74	-0.00100915
6233.81	-0.00103097
6231.88	-0.00100161
6229.96	-0.0010979
6228.03	-0.00125783
6226.1	-0.00114298
6224.17	-0.00116459
6222.24	-0.00133708
6220.32	-0.00129801
6218.39	-0.00117943
6216.46	-0.00117374
6214.53	-0.00121488
6212.6	-0.00122522
6210.68	-0.00121967
6208.75	-0.00115881
6206.82	-0.00103933
6204.89	-0.00107628
6202.96	-0.0010939
6201.04	-0.00105411
6199.11	-0.00108316
6197.18	-0.00110368
6195.25	-0.00112143
6193.32	-0.00109737
6191.4	-0.00115018
6189.47	-0.00112857
6187.54	-0.00107166
6185.61	-0.00106624
6183.68	-0.00103804
6181.76	-0.00111535
6179.83	-0.00101444
6177.9	-0.000969678
6175.97	-0.0010622
6174.04	-0.00118237
6172.12	-0.00116082
6170.19	-0.00105936
6168.26	-0.00102346
6166.33	-0.00112906
6164.4	-0.00109763
6162.48	-0.0010265
6160.55	-0.00101308
6158.62	-0.00096376
6156.69	-0.0010666
6154.76	-0.00105682
6152.83	-0.000928351
6150.91	-0.000993547
6148.98	-0.00104432
6147.05	-0.00104918
6145.12	-0.000951924
6143.19	-0.000887383
6141.27	-0.000888111
6139.34	-0.000870155
6137.41	-0.000995662
6135.48	-0.000958735
6133.55	-0.000842609
6131.63	-0.000800807
6129.7	-0.000870552
6127.77	-0.000828587
6125.84	-0.000886094
6123.91	-0.000870453
6121.99	-0.000894063
6120.06	-0.00092759
6118.13	-0.000944055
6116.2	-0.000923821
6114.27	-0.000935658
6112.35	-0.0010267
6110.42	-0.000960586
6108.49	-0.000845122
6106.56	-0.000893038
6104.63	-0.000881299
6102.71	-0.000946965
6100.78	-0.0010588
6098.85	-0.00108032
6096.92	-0.00105893
6094.99	-0.00104759
6093.07	-0.00100022
6091.14	-0.00097748
6089.21	-0.00105377
6087.28	-0.00103983
6085.35	-0.00110765
6083.43	-0.0011754
6081.5	-0.00112903
6079.57	-0.00114275
6077.64	-0.00117592
6075.71	-0.00110461
6073.79	-0.0011171
6071.86	-0.00124478
6069.93	-0.00122463
6068	-0.00109836
6066.07	-0.00107371
6064.15	-0.00110015
6062.22	-0.00113118
6060.29	-0.00114641
6058.36	-0.0012053
6056.43	-0.00121333
6054.51	-0.00122559
6052.58	-0.00126005
6050.65	-0.00124792
6048.72	-0.00123038
6046.79	-0.00132539
6044.87	-0.00140519
6042.94	-0.00134637
6041.01	-0.00123193
6039.08	-0.00116789
6037.15	-0.00113462
6035.23	-0.0011744
6033.3	-0.00124881
6031.37	-0.00135509
6029.44	-0.00144489
6027.51	-0.00138224
6025.58	-0.00132163
6023.66	-0.00126712
6021.73	-0.00133702
6019.8	-0.00136361
6017.87	-0.00132139
6015.94	-0.00129873
6014.02	-0.00136932
6012.09	-0.00134445
6010.16	-0.00122123
6008.23	-0.0011601
6006.3	-0.00115537
6004.38	-0.00109575
6002.45	-0.00112143
6000.52	-0.00129768
5998.59	-0.00136189
5996.66	-0.00133976
5994.74	-0.00130785
5992.81	-0.00134452
5990.88	-0.00132225
5988.95	-0.00124468
5987.02	-0.00132893
5985.1	-0.00140906
5983.17	-0.00142435
5981.24	-0.00133695
5979.31	-0.00124303
5977.38	-0.00133107
5975.46	-0.0015312
5973.53	-0.00154326
5971.6	-0.00138683
5969.67	-0.00132093
5967.74	-0.00136794
5965.82	-0.00135922
5963.89	-0.00127977
5961.96	-0.00135859
5960.03	-0.00137583
5958.1	-0.00126031
5956.18	-0.00123553
5954.25	-0.00133553
5952.32	-0.00148795
5950.39	-0.00152011
5948.46	-0.00135869
5946.54	-0.00127131
5944.61	-0.00124984
5942.68	-0.00122714
5940.75	-0.00122982
5938.82	-0.00126959
5936.9	-0.00137956
5934.97	-0.00139264
5933.04	-0.00122103
5931.11	-0.00119377
5929.18	-0.00129553
5927.25	-0.00126325
5925.33	-0.00126497
5923.4	-0.00136529
5921.47	-0.00133804
5919.54	-0.00122724
5917.62	-0.00132139
5915.69	-0.00143178
5913.76	-0.00145988
5911.83	-0.00145846
5909.9	-0.00142874
5907.97	-0.00133299
5906.05	-0.00134756
5904.12	-0.00141206
5902.19	-0.0013249
5900.26	-0.00119882
5898.33	-0.00119099
5896.41	-0.00119479
5894.48	-0.00126725
5892.55	-0.00131043
5890.62	-0.00137325
5888.69	-0.00138039
5886.77	-0.00137778
5884.84	-0.00138389
5882.91	-0.0014003
5880.98	-0.00138501
5879.05	-0.00125826
5877.13	-0.00116981
5875.2	-0.00125522
5873.27	-0.00123444
5871.34	-0.00117239
5869.41	-0.00120689
5867.49	-0.00130399
5865.56	-0.00138141
5863.63	-0.00141206
5861.7	-0.0013213
5859.77	-0.00129351
5857.85	-0.00133497
5855.92	-0.00134997
5853.99	-0.00130878
5852.06	-0.00133325
5850.13	-0.00136599
5848.21	-0.00129546
5846.28	-0.00129804
5844.35	-0.00138584
5842.42	-0.00137996
5840.49	-0.00136536
5838.57	-0.00131383
5836.64	-0.00123424
5834.71	-0.00131426
5832.78	-0.00142296
5830.85	-0.00133226
5828.93	-0.00118128
5827	-0.00116965
5825.07	-0.00122268
5823.14	-0.00128268
5821.21	-0.00124802
5819.29	-0.00127115
5817.36	-0.00139694
5815.43	-0.00145876
5813.5	-0.00140777
5811.57	-0.00128634
5809.65	-0.00129599
5807.72	-0.00136334
5805.79	-0.00138069
5803.86	-0.00131902
5801.93	-0.00139637
5800	-0.00136552
5798.08	-0.00130537
5796.15	-0.00131618
5794.22	-0.00133656
5792.29	-0.00132529
5790.36	-0.00129738
5788.44	-0.00130313
5786.51	-0.00132784
5784.58	-0.00140856
5782.65	-0.00138815
5780.72	-0.00133206
5778.8	-0.0013396
5776.87	-0.0012871
5774.94	-0.00130868
5773.01	-0.00147048
5771.08	-0.00145965
5769.16	-0.00139043
5767.23	-0.00148217
5765.3	-0.00161219
5763.37	-0.00157852
5761.44	-0.00140278
5759.52	-0.0013316
5757.59	-0.00137913
5755.66	-0.00135951
5753.73	-0.00125195
5751.8	-0.00128803
5749.88	-0.00141021
5747.95	-0.00138475
5746.02	-0.00129024
5744.09	-0.00129057
5742.16	-0.00146295
5740.24	-0.00153807
5738.31	-0.00152737
5736.38	-0.00141804
5734.45	-0.00126656
5732.52	-0.00134544
5730.6	-0.00147094
5728.67	-0.00140278
5726.74	-0.00140823
5724.81	-0.00148098
5722.88	-0.00154101
5720.96	-0.00162945
5719.03	-0.00158964
5717.1	-0.00152371
5715.17	-0.0014895
5713.24	-0.00149601
5711.32	-0.00154012
5709.39	-0.00151872
5707.46	-0.00158469
5705.53	-0.00163533
5703.6	-0.00151681
5701.68	-0.00143663
5699.75	-0.00150317
5697.82	-0.00155564
5695.89	-0.00160238
5693.96	-0.00158003
5692.03	-0.00151437
5690.11	-0.0014473
5688.18	-0.00149013
5686.25	-0.00156425
5684.32	-0.00146589
5682.4	-0.00143409
5680.47	-0.00150766
5678.54	-0.00157221
5676.61	-0.00165896
5674.68	-0.00161354
5672.75	-0.00149482
5670.83	-0.00159882
5668.9	-0.00167527
5666.97	-0.00166009
5665.04	-0.00161635
5663.11	-0.00157049
5661.19	-0.00168883
5659.26	-0.00166547
5657.33	-0.00154514
5655.4	-0.0015422
5653.47	-0.00163998
5651.55	-0.00171065
5649.62	-0.00163299
5647.69	-0.00162586
5645.76	-0.0017491
5643.83	-0.00183021
5641.91	-0.00184961
5639.98	-0.00169177
5638.05	-0.00165078
5636.12	-0.00172798
5634.19	-0.00174933
5632.27	-0.00183331
5630.34	-0.00190394
5628.41	-0.00187904
5626.48	-0.00188814
5624.55	-0.00186742
5622.63	-0.00175781
5620.7	-0.00181566
5618.77	-0.00189306
5616.84	-0.00189481
5614.91	-0.00182971
5612.99	-0.0017456
5611.06	-0.00169692
5609.13	-0.00179351
5607.2	-0.00198426
5605.27	-0.00192403
5603.35	-0.00180747
5601.42	-0.00183842
5599.49	-0.00190408
5597.56	-0.00193284
5595.63	-0.00188425
5593.71	-0.00186455
5591.78	-0.00192031
5589.85	-0.00197816
5587.92	-0.00197876
5585.99	-0.00201923
5584.07	-0.00196635
5582.14	-0.00193743
5580.21	-0.00205992
5578.28	-0.00207954
5576.35	-0.00200135
5574.43	-0.00194036
5572.5	-0.00197186
5570.57	-0.00196005
5568.64	-0.00199215
5566.71	-0.00199277
5564.79	-0.00190912
5562.86	-0.00190134
5560.93	-0.00197048
5559	-0.00210582
5557.07	-0.00221634
5555.14	-0.00216267
5553.22	-0.00207229
5551.29	-0.00208986
5549.36	-0.00212181
5547.43	-0.0020799
5545.5	-0.00206741
5543.58	-0.00212468
5541.65	-0.00216946
5539.72	-0.00218413
5537.79	-0.0022081
5535.86	-0.00211397
5533.94	-0.00202371
5532.01	-0.00207509
5530.08	-0.00208848
5528.15	-0.00207826
5526.22	-0.00218321
5524.3	-0.00222705
5522.37	-0.00220556
5520.44	-0.00223025
5518.51	-0.00224811
5516.58	-0.00224116
5514.66	-0.00219455
5512.73	-0.00218967
5510.8	-0.00227689
5508.87	-0.00224053
5506.94	-0.00220167
5505.02	-0.0022699
5503.09	-0.0022463
5501.16	-0.00222698
5499.23	-0.00219316
5497.3	-0.00217595
5495.38	-0.00221156
5493.45	-0.00217183
5491.52	-0.0022136
5489.59	-0.00227794
5487.66	-0.00224452
5485.74	-0.00221726
5483.81	-0.00235787
5481.88	-0.00237912
5479.95	-0.00227933
5478.02	-0.00223153
5476.1	-0.0023664
5474.17	-0.00245003
5472.24	-0.00236719
5470.31	-0.00232293
5468.38	-0.00234617
5466.46	-0.00235971
5464.53	-0.00235283
5462.6	-0.00245342
5460.67	-0.00250278
5458.74	-0.00241389
5456.82	-0.00235833
5454.89	-0.0023607
5452.96	-0.00243514
5451.03	-0.00240318
5449.1	-0.00241481
5447.17	-0.002481
5445.25	-0.00248888
5443.32	-0.00248858
5441.39	-0.00258039
5439.46	-0.00262156
5437.54	-0.00250113
5435.61	-0.00240779
5433.68	-0.00244542
5431.75	-0.00245748
5429.82	-0.0024559
5427.89	-0.00257159
5425.97	-0.00260031
5424.04	-0.00256125
5422.11	-0.00252284
5420.18	-0.00259748
5418.25	-0.00264635
5416.33	-0.00260249
5414.4	-0.00262719
5412.47	-0.0025711
5410.54	-0.00246077
5408.61	-0.0025983
5406.69	-0.00269318
5404.76	-0.00265768
5402.83	-0.0026261
5400.9	-0.00261533
5398.97	-0.00262353
5397.05	-0.00265637
5395.12	-0.0027218
5393.19	-0.00273744
5391.26	-0.00268989
5389.33	-0.00265558
5387.41	-0.00264283
5385.48	-0.00261415
5383.55	-0.00259903
5381.62	-0.00262748
5379.69	-0.00263223
5377.77	-0.00256062
5375.84	-0.00259086
5373.91	-0.00265126
5371.98	-0.00265693
5370.05	-0.00269002
5368.13	-0.00270412
5366.2	-0.00267431
5364.27	-0.00266835
5362.34	-0.00266407
5360.41	-0.00262096
5358.49	-0.00265209
5356.56	-0.00276997
5354.63	-0.00278067
5352.7	-0.00276032
5350.77	-0.00282501
5348.85	-0.00287485
5346.92	-0.00284252
5344.99	-0.00277053
5343.06	-0.00275772
5341.13	-0.00272114
5339.21	-0.00276997
5337.28	-0.00287221
5335.35	-0.00295229
5333.42	-0.00296055
5331.49	-0.0028842
5329.56	-0.00277428
5327.64	-0.00276575
5325.71	-0.00278765
5323.78	-0.00273513
5321.85	-0.00277138
5319.92	-0.00287268
5318	-0.00287824
5316.07	-0.00287669
5314.14	-0.00284901
5312.21	-0.00287119
5310.28	-0.00289094
5308.36	-0.00290835
5306.43	-0.00302551
5304.5	-0.00296292
5302.57	-0.00286198
5300.64	-0.00287274
5298.72	-0.00287919
5296.79	-0.00286695
5294.86	-0.00285849
5292.93	-0.00284845
5291	-0.00286827
5289.08	-0.00288146
5287.15	-0.00289766
5285.22	-0.00286507
5283.29	-0.00289707
5281.36	-0.00299053
5279.44	-0.00298451
5277.51	-0.00292899
5275.58	-0.00287304
5273.65	-0.0028626
5271.72	-0.00287389
5269.8	-0.00291372
5267.87	-0.00294137
5265.94	-0.00295933
5264.01	-0.00306427
5262.08	-0.00306364
5260.16	-0.00295453
5258.23	-0.002975
5256.3	-0.00300567
5254.37	-0.00298941
5252.44	-0.00295512
5250.52	-0.00293521
5248.59	-0.00300642
5246.66	-0.0030238
5244.73	-0.00292076
5242.8	-0.00298944
5240.88	-0.00304242
5238.95	-0.00300606
5237.02	-0.00300458
5235.09	-0.00298661
5233.16	-0.00282639
5231.24	-0.00287531
5229.31	-0.00305479
5227.38	-0.00300109
5225.45	-0.00292774
5223.52	-0.00292343
5221.6	-0.002944
5219.67	-0.0029545
5217.74	-0.00292093
5215.81	-0.00286909
5213.88	-0.00291546
5211.96	-0.00303449
5210.03	-0.00300935
5208.1	-0.00296358
5206.17	-0.00300623
5204.24	-0.00301073
5202.31	-0.0030032
5200.39	-0.0029951
5198.46	-0.00302577
5196.53	-0.00309269
5194.6	-0.00304479
5192.67	-0.00297197
5190.75	-0.00298438
5188.82	-0.0029642
5186.89	-0.00289644
5184.96	-0.00288229
5183.03	-0.00288732
5181.11	-0.00290095
5179.18	-0.00298438
5177.25	-0.00294216
5175.32	-0.00297618
5173.39	-0.00305285
5171.47	-0.00306792
5169.54	-0.00310046
5167.61	-0.00300636
5165.68	-0.00293834
5163.75	-0.00300498
5161.83	-0.00304364
5159.9	-0.00306782
5157.97	-0.00309809
5156.04	-0.00309839
5154.11	-0.00304936
5152.19	-0.00295979
5150.26	-0.00290388
5148.33	-0.00303012
5146.4	-0.00301383
5144.47	-0.00300313
5142.55	-0.00299033
5140.62	-0.00293923
5138.69	-0.002967
5136.76	-0.00296467
5134.83	-0.00293475
5132.91	-0.00295028
5130.98	-0.00296207
5129.05	-0.00293021
5127.12	-0.00286882
5125.19	-0.00292991
5123.27	-0.00299053
5121.34	-0.00293294
5119.41	-0.00287287
5117.48	-0.00291438
5115.55	-0.00289345
5113.62	-0.00281224
5111.7	-0.00278821
5109.77	-0.00278913
5107.84	-0.0028257
5105.91	-0.00277392
5103.99	-0.00275772
5102.06	-0.00285441
5100.13	-0.00285632
5098.2	-0.00280575
5096.27	-0.00274376
5094.34	-0.00270504
5092.42	-0.00268795
5090.49	-0.0025431
5088.56	-0.00246077
5086.63	-0.00250449
5084.71	-0.00248838
5082.78	-0.00235039
5080.85	-0.00227119
5078.92	-0.0022169
5076.99	-0.00214081
5075.06	-0.00198918
5073.14	-0.00179068
5071.21	-0.00158228
5069.28	-0.00138617
5067.35	-0.00132328
5065.42	-0.00113518
5063.5	-0.000827926
5061.57	-0.000609636
5059.64	-0.000387661
5057.71	-0.000178423
5055.78	2.8927e-05
5053.86	0.000250168
5051.93	0.000481472
5050	0.000758869
5048.07	0.00106242
5046.14	0.00133314
5044.22	0.00156788
5042.29	0.0019115
5040.36	0.00225848
5038.43	0.00255798
5036.5	0.00296996
5034.58	0.00348066
5032.65	0.00394019
5030.72	0.00434128
5028.79	0.00482277
5026.86	0.00545286
5024.94	0.00609762
5023.01	0.00673287
5021.08	0.00743535
5019.15	0.00807374
5017.22	0.00873876
5015.3	0.00951642
5013.37	0.0101152
5011.44	0.0105891
5009.51	0.0110431
5007.58	0.0114249
5005.66	0.0115683
5003.73	0.0114877
5001.8	0.0113359
4999.87	0.0111007
4997.94	0.0105892
4996.02	0.00991466
4994.09	0.00931258
4992.16	0.00870185
4990.23	0.00798575
4988.3	0.00734765
4986.38	0.00672143
4984.45	0.00610034
4982.52	0.00554585
4980.59	0.005106
4978.66	0.0046878
4976.73	0.00427719
4974.81	0.00387182
4972.88	0.00345194
4970.95	0.00307013
4969.02	0.00279962
4967.09	0.00251355
4965.17	0.00227843
4963.24	0.00206288
4961.31	0.00185629
4959.38	0.00162189
4957.45	0.00139895
4955.53	0.00116496
4953.6	0.000904075
4951.67	0.000705134
4949.74	0.000517365
4947.81	0.000300033
4945.89	0.000265617
4943.96	0.000266645
4942.03	0.000164177
4940.1	4.61582e-05
4938.17	-0.000116351
4936.25	-0.000335717
4934.32	-0.000450191
4932.39	-0.000567613
4930.46	-0.000707729
4928.53	-0.000723674
4926.61	-0.000844924
4924.68	-0.00108167
4922.75	-0.0011523
4920.82	-0.00119704
4918.89	-0.00129156
4916.97	-0.00132896
4915.04	-0.00139099
4913.11	-0.00149865
4911.18	-0.00158736
4909.25	-0.00174306
4907.33	-0.0018311
4905.4	-0.0018568
4903.47	-0.00187976
4901.54	-0.0019812
4899.61	-0.00204188
4897.69	-0.00207921
4895.76	-0.00217496
4893.83	-0.00230408
4891.9	-0.00245646
4889.97	-0.00249059
4888.05	-0.00249187
4886.12	-0.00251955
4884.19	-0.00249527
4882.26	-0.00257591
4880.33	-0.0026562
4878.41	-0.00269575
4876.48	-0.00279387
4874.55	-0.00283739
4872.62	-0.00280951
4870.69	-0.00288943
4868.77	-0.00295278
4866.84	-0.00283923
4864.91	-0.00280842
4862.98	-0.00290704
4861.05	-0.00300067
4859.12	-0.00301182
4857.2	-0.00314589
4855.27	-0.0032317
4853.34	-0.00327755
4851.41	-0.00319598
4849.48	-0.00318954
4847.56	-0.00328669
4845.63	-0.00334959
4843.7	-0.00328998
4841.77	-0.00322966
4839.84	-0.00325387
4837.92	-0.003281
4835.99	-0.0033201
4834.06	-0.00348947
4832.13	-0.00349881
4830.2	-0.00344181
4828.28	-0.00342139
4826.35	-0.00344322
4824.42	-0.00349956
4822.49	-0.00349381
4820.56	-0.00359158
4818.64	-0.00357561
4816.71	-0.0035177
4814.78	-0.00359112
4812.85	-0.00368943
4810.92	-0.00361705
4809	-0.00356904
4807.07	-0.00362681
4805.14	-0.00371243
4803.21	-0.00372672
4801.28	-0.00372734
4799.36	-0.00376561
4797.43	-0.00377511
4795.5	-0.00382946
4793.57	-0.0039421
4791.64	-0.00394434
4789.72	-0.00397835
4787.79	-0.00401709
4785.86	-0.00394722
4783.93	-0.00395061
4782	-0.00405576
4780.08	-0.0040229
4778.15	-0.00393517
4776.22	-0.00389643
4774.29	-0.00393609
4772.36	-0.00399802
4770.44	-0.00404201
4768.51	-0.00406945
4766.58	-0.00410273
4764.65	-0.00411127
4762.72	-0.00411432
4760.79	-0.00410729
4758.87	-0.0040772
4756.94	-0.00403616
4755.01	-0.00409797
4753.08	-0.00411868
4751.16	-0.00417638
4749.23	-0.00421619
4747.3	-0.00427508
4745.37	-0.00425041
4743.44	-0.00416873
4741.51	-0.00418383
4739.59	-0.0042154
4737.66	-0.00416443
4735.73	-0.00425087
4733.8	-0.00434752
4731.88	-0.00419778
4729.95	-0.00411012
4728.02	-0.00423226
4726.09	-0.00436008
4724.16	-0.00432767
4722.23	-0.0042553
4720.31	-0.00429972
4718.38	-0.00436723
4716.45	-0.00434237
4714.52	-0.00431527
4712.59	-0.00439436
4710.67	-0.00445232
4708.74	-0.00459014
4706.81	-0.00467006
4704.88	-0.00453659
4702.95	-0.00445058
4701.03	-0.00439721
4699.1	-0.00437042
4697.17	-0.00436815
4695.24	-0.0044348
4693.31	-0.00458623
4691.39	-0.00468694
4689.46	-0.00460797
4687.53	-0.00454469
4685.6	-0.00459951
4683.67	-0.00465449
4681.75	-0.00468694
4679.82	-0.00475072
4677.89	-0.00466708
4675.96	-0.00462325
4674.03	-0.0047072
4672.11	-0.00470395
4670.18	-0.00463682
4668.25	-0.00465977
4666.32	-0.0046675
4664.39	-0.00471067
4662.47	-0.00478549
4660.54	-0.00476137
4658.61	-0.00466478
4656.68	-0.00474161
4654.75	-0.00484078
4652.83	-0.00479526
4650.9	-0.00478926
4648.97	-0.00484461
4647.04	-0.00485326
4645.11	-0.00482433
4643.19	-0.00485677
4641.26	-0.0049103
4639.33	-0.00490811
4637.4	-0.00489349
4635.47	-0.00493133
4633.54	-0.00494316
4631.62	-0.00492707
4629.69	-0.00494578
4627.76	-0.00500504
4625.83	-0.00501716
4623.9	-0.00490522
4621.98	-0.00484988
4620.05	-0.00486289
4618.12	-0.00488439
4616.19	-0.00488429
4614.26	-0.0048969
4612.34	-0.00497074
4610.41	-0.00504516
4608.48	-0.00506183
4606.55	-0.00508711
4604.62	-0.00506317
4602.7	-0.00497471
4600.77	-0.00497018
4598.84	-0.00503052
4596.91	-0.00496183
4594.98	-0.0049581
4593.06	-0.00495774
4591.13	-0.00496501
4589.2	-0.00494096
4587.27	-0.00490912
4585.34	-0.0049235
4583.42	-0.00487452
4581.49	-0.00478133
4579.56	-0.00471559
4577.63	-0.00468694
4575.7	-0.00455223
4573.78	-0.00441388
4571.85	-0.00443602
4569.92	-0.0045162
4567.99	-0.00438954
4566.06	-0.00412833
4564.14	-0.00392605
4562.21	-0.00376305
4560.28	-0.0036227
4558.35	-0.00340877
4556.42	-0.00320763
4554.5	-0.00298714
4552.57	-0.00281194
4550.64	-0.00263568
4548.71	-0.00238459
4546.78	-0.00215271
4544.86	-0.00185485
4542.93	-0.00165375
4541	-0.00153606
4539.07	-0.00124121
4537.14	-0.000915919
4535.22	-0.000705083
4533.29	-0.000432085
4531.36	-0.00024956
4529.43	-5.70862e-05
4527.5	0.000287102
4525.58	0.000489069
4523.65	0.000520184
4521.72	0.000621542
4519.79	0.00083857
4517.86	0.00108547
4515.94	0.00118457
4514.01	0.00117071
4512.08	0.00134052
4510.15	0.00150666
4508.22	0.00142159
4506.29	0.00140463
4504.37	0.00145875
4502.44	0.00141161
4500.51	0.00130323
4498.58	0.00111546
4496.65	0.00117463
4494.73	0.00130622
4492.8	0.00119689
4490.87	0.000940301
4488.94	0.000829175
4487.01	0.000739087
4485.09	0.000655986
4483.16	0.000458419
4481.23	0.000204784
4479.3	0.000123806
4477.37	2.55133e-06
4475.45	-0.000155404
4473.52	-0.000324129
4471.59	-0.000588095
4469.66	-0.000729099
4467.73	-0.000887086
4465.81	-0.00125846
4463.88	-0.00153754
4461.95	-0.00162612
4460.02	-0.00175091
4458.09	-0.00191368
4456.17	-0.00220645
4454.24	-0.00242094
4452.31	-0.00245804
4450.38	-0.00255203
4448.45	-0.00276032
4446.53	-0.00288999
4444.6	-0.00298638
4442.67	-0.00322364
4440.74	-0.00341544
4438.81	-0.00348155
4436.89	-0.0035368
4434.96	-0.00353742
4433.03	-0.00357594
4431.1	-0.00369544
4429.17	-0.00382178
4427.25	-0.00388286
4425.32	-0.0038718
4423.39	-0.00394013
4421.46	-0.0040509
4419.53	-0.00411593
4417.61	-0.0040426
4415.68	-0.00403909
4413.75	-0.00418442
4411.82	-0.00426822
4409.89	-0.0042532
4407.96	-0.00420762
4406.04	-0.00427072
4404.11	-0.00432876
4402.18	-0.00435565
4400.25	-0.00431881
4398.33	-0.00422406
4396.4	-0.00420903
4394.47	-0.00429414
4392.54	-0.00424736
4390.61	-0.0042238
4388.68	-0.00431757
4386.76	-0.00432767
4384.83	-0.00425638
4382.9	-0.00428427
4380.97	-0.00439302
4379.04	-0.00437242
4377.12	-0.00427712
4375.19	-0.00431189
4373.26	-0.00439685
4371.33	-0.00440236
4369.4	-0.00439748
4367.48	-0.00439246
4365.55	-0.00435985
4363.62	-0.0045098
4361.69	-0.0045482
4359.76	-0.00445878
4357.84	-0.00452892
4355.91	-0.00459814
4353.98	-0.00457066
4352.05	-0.00465695
4350.12	-0.00474994
4348.2	-0.0047247
4346.27	-0.00460771
4344.34	-0.00459325
4342.41	-0.00466724
4340.48	-0.00478713
4338.56	-0.00489975
4336.63	-0.00481672
4334.7	-0.00479182
4332.77	-0.0048873
4330.84	-0.00497474
4328.92	-0.00503039
4326.99	-0.00502832
4325.06	-0.00489736
4323.13	-0.00488799
4321.2	-0.005097
4319.28	-0.00512939
4317.35	-0.00504231
4315.42	-0.00502993
4313.49	-0.00511557
4311.56	-0.00522604
4309.64	-0.00522064
4307.71	-0.00516007
4305.78	-0.00522286
4303.85	-0.00527865
4301.92	-0.00525563
4300	-0.00530418
4298.07	-0.00540829
4296.14	-0.00536852
4294.21	-0.00532182
4292.28	-0.00533799
4290.35	-0.00539173
4288.43	-0.00547818
4286.5	-0.00545472
4284.57	-0.0054856
4282.64	-0.00555257
4280.71	-0.00546489
4278.79	-0.00550406
4276.86	-0.00563854
4274.93	-0.00571294
4273	-0.00563628
4271.07	-0.00549977
4269.15	-0.00545943
4267.22	-0.00558784
4265.29	-0.00572719
4263.36	-0.00570993
4261.43	-0.00565181
4259.51	-0.00568442
4257.58	-0.00565492
4255.65	-0.00554659
4253.72	-0.00553789
4251.79	-0.00568161
4249.87	-0.00572275
4247.94	-0.00564053
4246.01	-0.00559029
4244.08	-0.00562856
4242.15	-0.00565528
4240.23	-0.00572167
4238.3	-0.00572896
4236.37	-0.00570607
4234.44	-0.00566499
4232.51	-0.00569626
4230.59	-0.00572778
4228.66	-0.00569479
4226.73	-0.00572821
4224.8	-0.00580004
4222.87	-0.00567016
4220.95	-0.00575453
4219.02	-0.00589795
4217.09	-0.00582682
4215.16	-0.00580299
4213.23	-0.00570839
4211.31	-0.00566859
4209.38	-0.00570113
4207.45	-0.00571012
4205.52	-0.00571549
4203.59	-0.0057441
4201.67	-0.00571568
4199.74	-0.00570839
4197.81	-0.00569443
4195.88	-0.00564851
4193.95	-0.00575139
4192.03	-0.00575361
4190.1	-0.00568998
4188.17	-0.00566545
4186.24	-0.00570457
4184.31	-0.00572559
4182.39	-0.00576647
4180.46	-0.00578569
4178.53	-0.00569122
4176.6	-0.00569639
4174.67	-0.00584774
4172.75	-0.00587125
4170.82	-0.00569358
4168.89	-0.00550697
4166.96	-0.00549113
4165.03	-0.00561237
4163.1	-0.0057252
4161.18	-0.00568743
4159.25	-0.00563664
4157.32	-0.00563193
4155.39	-0.00571088
4153.46	-0.00577654
4151.54	-0.00563016
4149.61	-0.00556788
4147.68	-0.005725
4145.75	-0.00580642
4143.82	-0.00565855
4141.9	-0.00554744
4139.97	-0.00558339
4138.04	-0.00557658
4136.11	-0.00566526
4134.18	-0.00570286
4132.26	-0.00572438
4130.33	-0.00579207
4128.4	-0.00581224
4126.47	-0.00577516
4124.54	-0.00576552
4122.62	-0.00574593
4120.69	-0.00554505
4118.76	-0.00546944
4116.83	-0.00557351
4114.9	-0.00571339
4112.98	-0.00585425
4111.05	-0.00578134
4109.12	-0.00569116
4107.19	-0.00562375
4105.26	-0.00566509
4103.34	-0.00573203
4101.41	-0.00567369
4099.48	-0.00568599
4097.55	-0.00577193
4095.62	-0.00583794
4093.7	-0.00574547
4091.77	-0.00570623
4089.84	-0.00569649
4087.91	-0.00561077
4085.98	-0.00567736
4084.06	-0.00573609
4082.13	-0.00564472
4080.2	-0.00564043
4078.27	-0.00566153
4076.34	-0.0055756
4074.42	-0.0056389
4072.49	-0.00574789
4070.56	-0.00576526
4068.63	-0.00575921
4066.7	-0.00576038
4064.78	-0.00582705
4062.85	-0.00577853
4060.92	-0.00575957
4058.99	-0.0057649
4057.06	-0.00574639
4055.14	-0.00577977
4053.21	-0.00578144
4051.28	-0.00577009
4049.35	-0.00582012
4047.42	-0.00573946
4045.5	-0.00565152
4043.57	-0.00562074
4041.64	-0.00570067
4039.71	-0.00575267
4037.78	-0.00576846
4035.85	-0.00577569
4033.93	-0.00577415
4032	-0.00574103
4030.07	-0.00568733
4028.14	-0.00568743
4026.21	-0.00568903
4024.29	-0.00565234
4022.36	-0.00567978
4020.43	-0.00577987
4018.5	-0.00576597
4016.57	-0.00575656
4014.65	-0.00570296
4012.72	-0.00566064
4010.79	-0.00562656
4008.86	-0.00567981
4006.93	-0.00575299
4005.01	-0.00577098
4003.08	-0.00576846
4001.15	-0.00577045
3999.22	-0.00574148
3997.29	-0.00574135
3995.37	-0.00576781
3993.44	-0.00575463
3991.51	-0.00578585
3989.58	-0.00573831
3987.65	-0.00574103
3985.73	-0.00574338
3983.8	-0.00571634
3981.87	-0.00569266
3979.94	-0.00566562
3978.01	-0.0056769
3976.09	-0.00568854
3974.16	-0.00579514
3972.23	-0.0058331
3970.3	-0.00582048
3968.37	-0.00580988
3966.45	-0.00575571
3964.52	-0.00578945
3962.59	-0.00572513
3960.66	-0.00564275
3958.73	-0.00570342
3956.81	-0.00574031
3954.88	-0.0057077
3952.95	-0.0057919
3951.02	-0.00585853
3949.09	-0.0058413
3947.17	-0.00574001
3945.24	-0.00569894
3943.31	-0.00570914
3941.38	-0.00574953
3939.45	-0.00577418
3937.53	-0.00572713
3935.6	-0.00581338
3933.67	-0.00577827
3931.74	-0.0057077
3929.81	-0.00572641
3927.88	-0.00573494
3925.96	-0.00577009
3924.03	-0.00576133
3922.1	-0.00563837
3920.17	-0.00560059
3918.24	-0.00566254
3916.32	-0.00567533
3914.39	-0.00569531
3912.46	-0.00569878
3910.53	-0.00570394
3908.6	-0.0056995
3906.68	-0.0057236
3904.75	-0.00569423
3902.82	-0.00574122
3900.89	-0.0057233
3898.96	-0.00560599
3897.04	-0.00562872
3895.11	-0.00561721
3893.18	-0.0055984
3891.25	-0.00561122
3889.32	-0.00558686
3887.4	-0.00560727
3885.47	-0.0056302
3883.54	-0.00562464
3881.61	-0.00562719
3879.68	-0.00564272
3877.76	-0.00563311
3875.83	-0.00559075
3873.9	-0.00566081
3871.97	-0.00561695
3870.04	-0.00554498
3868.12	-0.00554132
3866.19	-0.00551188
3864.26	-0.00546728
3862.33	-0.00552706
3860.4	-0.00560102
3858.48	-0.00550926
3856.55	-0.00536502
3854.62	-0.00531246
3852.69	-0.00528244
3850.76	-0.00531544
3848.84	-0.00537183
3846.91	-0.00540289
3844.98	-0.00540118
3843.05	-0.00538027
3841.12	-0.00537108
3839.2	-0.00535691
3837.27	-0.00540446
3835.34	-0.00545478
3833.41	-0.00528307
3831.48	-0.0051345
3829.56	-0.00520823
3827.63	-0.00527691
3825.7	-0.00524882
3823.77	-0.00526496
3821.84	-0.00527351
3819.92	-0.00521727
3817.99	-0.00518171
3816.06	-0.00532755
3814.13	-0.00531642
3812.2	-0.00524971
3810.27	-0.00518056
3808.35	-0.00505541
3806.42	-0.00506314
3804.49	-0.00507991
3802.56	-0.00506114
3800.64	-0.00509392
3798.71	-0.00513551
3796.78	-0.00513823
3794.85	-0.00516285
3792.92	-0.00517896
3790.99	-0.0050877
3789.07	-0.00506232
3787.14	-0.00508243
3785.21	-0.00508793
3783.28	-0.00507899
3781.35	-0.00510918
3779.43	-0.00515869
3777.5	-0.00511701
3775.57	-0.00501797
3773.64	-0.00490191
3771.71	-0.00493048
3769.79	-0.00507833
3767.86	-0.00494725
3765.93	-0.00483101
3764	-0.00491502
3762.07	-0.00489883
3760.15	-0.00481518
3758.22	-0.00475787
3756.29	-0.00484484
3754.36	-0.004818
3752.43	-0.00475
3750.51	-0.00478635
3748.58	-0.00484268
3746.65	-0.00471788
3744.72	-0.00465357
3742.79	-0.00475223
3740.87	-0.00476822
3738.94	-0.00474663
3737.01	-0.00469831
3735.08	-0.00475738
3733.15	-0.00479506
3731.23	-0.00483658
3729.3	-0.00481722
3727.37	-0.00476465
3725.44	-0.00481138
3723.51	-0.0048588
3721.59	-0.00491233
3719.66	-0.00490064
3717.73	-0.00479015
3715.8	-0.00466908
3713.87	-0.00462253
3711.95	-0.0046241
3710.02	-0.00458902
3708.09	-0.00461679
3706.16	-0.00467553
3704.23	-0.00471723
3702.31	-0.00466999
3700.38	-0.00459568
3698.45	-0.0046421
3696.52	-0.00472844
3694.59	-0.00469884
3692.67	-0.00447967
3690.74	-0.0045058
3688.81	-0.00453174
3686.88	-0.00452017
3684.95	-0.00450836
3683.02	-0.00446389
3681.1	-0.00445074
3679.17	-0.00441096
3677.24	-0.00413956
3675.31	-0.00405422
3673.38	-0.00398502
3671.46	-0.00406541
3669.53	-0.00415147
3667.6	-0.0040965
3665.67	-0.00411064
3663.74	-0.00411875
3661.82	-0.00415794
3659.89	-0.00406216
3657.96	-0.00388575
3656.03	-0.00380273
3654.1	-0.00382017
3652.18	-0.00382063
3650.25	-0.00378056
3648.32	-0.0037572
3646.39	-0.0037393
3644.46	-0.00367898
3642.54	-0.00365135
3640.61	-0.00371933
3638.68	-0.00370638
3636.75	-0.00359185
3634.82	-0.00349161
3632.9	-0.0033949
3630.97	-0.003421
3629.04	-0.00338796
3627.11	-0.00337172
3625.18	-0.0032417
3623.26	-0.00308348
3621.33	-0.003064
3619.4	-0.00316069
3617.47	-0.00305706
3615.54	-0.00293505
3613.62	-0.00286537
3611.69	-0.00279667
3609.76	-0.00265656
3607.83	-0.00261332
3605.9	-0.0026066
3603.98	-0.00258661
3602.05	-0.00250927
3600.12	-0.00232448
3598.19	-0.00208007
3596.26	-0.00189946
3594.34	-0.00192925
3592.41	-0.00193944
3590.48	-0.0018829
3588.55	-0.00182179
3586.62	-0.00168507
3584.7	-0.00150671
3582.77	-0.00135307
3580.84	-0.00123091
3578.91	-0.00111208
3576.98	-0.001086
3575.05	-0.00103533
3573.13	-0.000844031
3571.2	-0.000662937
3569.27	-0.000510693
3567.34	-0.000304097
3565.42	-9.32954e-05
3563.49	0.000166232
3561.56	0.000356735
3559.63	0.000432747
3557.7	0.000560492
3555.77	0.00081427
3553.85	0.00110802
3551.92	0.0013694
3549.99	0.00154307
3548.06	0.00171063
3546.13	0.00205209
3544.21	0.00242804
3542.28	0.00265711
3540.35	0.00289988
3538.42	0.00316677
3536.49	0.00326845
3534.57	0.00351232
3532.64	0.00397654
3530.71	0.00434995
3528.78	0.00473027
3526.85	0.00511492
3524.93	0.00543938
3523	0.00576179
3521.07	0.00621074
3519.14	0.00661265
3517.21	0.00689157
3515.29	0.00725937
3513.36	0.00766616
3511.43	0.00822101
3509.5	0.00880155
3507.57	0.00925876
3505.65	0.00967367
3503.72	0.0101332
3501.79	0.010598
3499.86	0.0112603
3497.93	0.0118834
3496.01	0.0124823
3494.08	0.0130424
3492.15	0.0136332
3490.22	0.0142127
3488.29	0.0148148
3486.37	0.0154942
3484.44	0.0162269
3482.51	0.0168714
3480.58	0.0175508
3478.65	0.0183943
3476.73	0.0191477
3474.8	0.0199537
3472.87	0.0208042
3470.94	0.0215844
3469.01	0.0224382
3467.09	0.0233395
3465.16	0.0242802
3463.23	0.0252762
3461.3	0.0262836
3459.37	0.0273621
3457.44	0.0284607
3455.52	0.029454
3453.59	0.0305441
3451.66	0.0318544
3449.73	0.0331682
3447.81	0.0343813
3445.88	0.0355969
3443.95	0.0369091
3442.02	0.038389
3440.09	0.0398739
3438.16	0.0414683
3436.24	0.0429812
3434.31	0.0445978
3432.38	0.0465323
3430.45	0.0486389
3428.52	0.0508558
3426.6	0.0534367
3424.67	0.0563424
3422.74	0.0595951
3420.81	0.0636393
3418.88	0.0687925
3416.96	0.0752995
3415.03	0.0835977
3413.1	0.0942713
3411.17	0.107975
3409.24	0.124904
3407.32	0.14477
3405.39	0.166781
3403.46	0.189005
3401.53	0.209191
3399.6	0.225739
3397.68	0.237895
3395.75	0.245694
3393.82	0.249875
3391.89	0.251331
3389.96	0.250551
3388.04	0.248198
3386.11	0.245366
3384.18	0.24225
3382.25	0.238509
3380.32	0.234548
3378.4	0.23029
3376.47	0.225472
3374.54	0.220036
3372.61	0.214258
3370.68	0.208138
3368.76	0.201294
3366.83	0.193922
3364.9	0.186282
3362.97	0.178189
3361.04	0.169969
3359.12	0.162208
3357.19	0.155124
3355.26	0.148695
3353.33	0.142964
3351.4	0.137941
3349.48	0.1338
3347.55	0.130504
3345.62	0.127948
3343.69	0.125865
3341.76	0.123964
3339.83	0.12251
3337.91	0.12156
3335.98	0.12075
3334.05	0.120076
3332.12	0.119621
3330.19	0.11938
3328.27	0.119053
3326.34	0.118945
3324.41	0.119078
3322.48	0.119362
3320.55	0.119795
3318.63	0.120289
3316.7	0.120931
3314.77	0.121727
3312.84	0.122487
3310.91	0.123129
3308.99	0.123733
3307.06	0.124242
3305.13	0.124788
3303.2	0.125344
3301.27	0.12565
3299.35	0.125834
3297.42	0.12614
3295.49	0.126584
3293.56	0.127119
3291.63	0.127435
3289.71	0.127353
3287.78	0.127333
3285.85	0.127484
3283.92	0.127615
3281.99	0.127684
3280.07	0.127768
3278.14	0.127913
3276.21	0.127992
3274.28	0.128034
3272.35	0.127943
3270.43	0.128003
3268.5	0.128231
3266.57	0.128266
3264.64	0.128284
3262.71	0.128354
3260.79	0.128213
3258.86	0.127939
3256.93	0.12802
3255	0.127933
3253.07	0.127675
3251.15	0.127691
3249.22	0.127583
3247.29	0.127268
3245.36	0.12704
3243.43	0.126978
3241.51	0.127158
3239.58	0.127459
3237.65	0.127754
3235.72	0.128127
3233.79	0.128525
3231.87	0.129106
3229.94	0.12948
3228.01	0.129823
3226.08	0.130192
3224.15	0.1304
3222.22	0.130651
3220.3	0.130839
3218.37	0.131012
3216.44	0.131168
3214.51	0.13123
3212.58	0.13114
3210.66	0.130991
3208.73	0.130923
3206.8	0.130955
3204.87	0.131008
3202.94	0.13114
3201.02	0.131535
3199.09	0.131672
3197.16	0.131725
3195.23	0.13185
3193.3	0.13196
3191.38	0.132004
3189.45	0.132251
3187.52	0.132605
3185.59	0.132869
3183.66	0.133098
3181.74	0.133256
3179.81	0.133271
3177.88	0.133377
3175.95	0.133567
3174.02	0.133674
3172.1	0.133948
3170.17	0.134231
3168.24	0.134204
3166.31	0.134308
3164.38	0.134563
3162.46	0.134769
3160.53	0.134896
3158.6	0.134857
3156.67	0.135089
3154.74	0.135382
3152.82	0.135441
3150.89	0.135443
3148.96	0.135597
3147.03	0.13582
3145.1	0.136013
3143.18	0.13622
3141.25	0.136252
3139.32	0.136292
3137.39	0.136381
3135.46	0.13647
3133.54	0.13651
3131.61	0.136735
3129.68	0.136992
3127.75	0.13688
3125.82	0.136729
3123.9	0.136857
3121.97	0.137085
3120.04	0.137001
3118.11	0.136794
3116.18	0.136685
3114.26	0.136689
3112.33	0.136596
3110.4	0.136428
3108.47	0.136286
3106.54	0.136047
3104.61	0.135757
3102.69	0.135631
3100.76	0.135434
3098.83	0.135196
3096.9	0.134998
3094.98	0.134649
3093.05	0.13425
3091.12	0.13387
3089.19	0.133395
3087.26	0.132924
3085.33	0.13237
3083.41	0.131878
3081.48	0.131255
3079.55	0.130704
3077.62	0.130222
3075.69	0.129535
3073.77	0.128911
3071.84	0.128377
3069.91	0.127573
3067.98	0.126624
3066.05	0.12587
3064.13	0.125188
3062.2	0.124384
3060.27	0.123576
3058.34	0.122641
3056.41	0.121788
3054.49	0.121047
3052.56	0.120112
3050.63	0.119089
3048.7	0.118306
3046.77	0.117381
3044.85	0.116086
3042.92	0.115106
3040.99	0.114105
3039.06	0.113008
3037.13	0.112071
3035.21	0.111044
3033.28	0.109865
3031.35	0.108783
3029.42	0.107577
3027.49	0.106361
3025.57	0.105097
3023.64	0.103771
3021.71	0.102469
3019.78	0.101253
3017.85	0.100016
3015.93	0.0989008
3014	0.0976105
3012.07	0.0961148
3010.14	0.0946928
3008.21	0.0933862
3006.29	0.092208
3004.36	0.09103
3002.43	0.0894886
3000.5	0.0880295
2998.57	0.0866955
2996.65	0.0852507
2994.72	0.0838682
2992.79	0.0824497
2990.86	0.0810568
2988.93	0.0796888
2987	0.0781467
2985.08	0.0767354
2983.15	0.0755008
2981.22	0.0741061
2979.29	0.0725222
2977.36	0.0710521
2975.44	0.069759
2973.51	0.0684126
2971.58	0.0669584
2969.65	0.0656167
2967.72	0.0643127
2965.8	0.063014
2963.87	0.0616252
2961.94	0.0602543
2960.01	0.0589479
2958.08	0.0576393
2956.16	0.056394
2954.23	0.0551916
2952.3	0.0540217
2950.37	0.05302
2948.44	0.0518371
2946.52	0.0505568
2944.59	0.0492844
2942.66	0.0479804
2940.73	0.0469234
2938.8	0.0458213
2936.88	0.0446863
2934.95	0.0436403
2933.02	0.0427013
2931.09	0.0416583
2929.16	0.0404641
2927.24	0.0395708
2925.31	0.0386183
2923.38	0.0375322
2921.45	0.0365456
2919.52	0.0357145
2917.6	0.0348567
2915.67	0.0339364
2913.74	0.0330083
2911.81	0.0321433
2909.88	0.0311631
2907.96	0.0302777
2906.03	0.0296831
2904.1	0.0291367
2902.17	0.0282758
2900.24	0.0273028
2898.32	0.0264235
2896.39	0.0256541
2894.46	0.0249974
2892.53	0.0243203
2890.6	0.0238199
2888.68	0.0232712
2886.75	0.022701
2884.82	0.0219802
2882.89	0.0211749
2880.96	0.0205157
2879.04	0.0199599
2877.11	0.0194926
2875.18	0.0189715
2873.25	0.0182505
2871.32	0.0176069
2869.39	0.0172284
2867.47	0.0167868
2865.54	0.0162996
2863.61	0.0158471
2861.68	0.0151308
2859.75	0.0145782
2857.83	0.014246
2855.9	0.0138122
2853.97	0.0133795
2852.04	0.0128673
2850.11	0.0125213
2848.19	0.0123286
2846.26	0.0120087
2844.33	0.0115437
2842.4	0.0110959
2840.47	0.0106143
2838.55	0.010218
2836.62	0.0101126
2834.69	0.00986629
2832.76	0.00944548
2830.83	0.00910861
2828.91	0.00877785
2826.98	0.00847639
2825.05	0.00803988
2823.12	0.00785597
2821.19	0.00768228
2819.27	0.00744215
2817.34	0.00732086
2815.41	0.00708336
2813.48	0.00666877
2811.55	0.00625632
2809.63	0.00600852
2807.7	0.00595806
2805.77	0.00576841
2803.84	0.00551732
2801.91	0.00540166
2799.99	0.00510422
2798.06	0.00478775
2796.13	0.0046396
2794.2	0.00459928
2792.27	0.00457946
2790.35	0.00432655
2788.42	0.00420495
2786.49	0.00397116
2784.56	0.00358859
2782.63	0.00340114
2780.71	0.00331359
2778.78	0.00328691
2776.85	0.00325136
2774.92	0.00300343
2772.99	0.00295405
2771.06	0.00302348
2769.14	0.0028916
2767.21	0.00277821
2765.28	0.00242595
2763.35	0.00202336
2761.43	0.0018901
2759.5	0.00179027
2757.57	0.00181593
2755.64	0.00182434
2753.71	0.00180924
2751.78	0.00153223
2749.86	0.00120533
2747.93	0.00138263
2746	0.00148997
2744.07	0.00140719
2742.15	0.00123587
2740.22	0.00119158
2738.29	0.00112267
2736.36	0.0010868
2734.43	0.00101595
2732.5	0.000835715
2730.58	0.000663718
2728.65	0.000461935
2726.72	0.000534416
2724.79	0.000671085
2722.86	0.000478985
2720.94	0.000396099
2719.01	0.000370497
2717.08	0.000421404
2715.15	0.000361676
2713.22	0.000336109
2711.3	0.000273044
2709.37	-7.7533e-06
2707.44	-9.8397e-05
2705.51	-3.96596e-05
2703.58	-6.48053e-05
2701.66	1.68656e-05
2699.73	8.66873e-05
2697.8	-0.000265157
2695.87	-0.000404941
2693.94	-0.000206111
2692.02	-0.000247904
2690.09	-0.000387595
2688.16	-0.000410966
2686.23	-0.000594548
2684.3	-0.000593356
2682.38	-0.000422783
2680.45	-0.000170607
2678.52	-0.000240155
2676.59	-0.000391203
2674.66	-0.000445358
2672.74	-0.000377266
2670.81	-0.000464357
2668.88	-0.000189022
2666.95	-4.10511e-05
2665.02	-0.000361408
2663.1	-0.000402293
2661.17	-0.000344921
2659.24	-0.000378491
2657.31	-0.000200249
2655.38	-7.12323e-05
2653.46	-0.000232704
2651.53	-0.000280356
2649.6	-0.000168123
2647.67	-0.000229591
2645.74	-0.000210814
2643.81	-6.66274e-05
2641.89	-0.000244494
2639.96	-0.000529193
2638.03	-0.000850546
2636.1	-0.000944188
2634.17	-0.000689667
2632.25	-0.000528233
2630.32	-0.00053505
2628.39	-0.000357303
2626.46	-0.000386039
2624.53	-0.000531873
2622.61	-0.000440194
2620.68	-0.000105353
2618.75	3.15779e-05
2616.82	-0.000134702
2614.89	-0.00031946
2612.97	-0.000169679
2611.04	0.000123873
2609.11	1.59378e-05
2607.18	-5.69537e-05
2605.25	9.56354e-05
2603.33	0.000290616
2601.4	0.000134843
2599.47	7.72755e-05
2597.54	0.000306233
2595.61	0.000398089
2593.69	0.000363931
2591.76	0.000241283
2589.83	0.000205248
2587.9	0.000299502
2585.97	0.000437358
2584.05	0.000401571
2582.12	0.000345925
2580.19	0.000336076
2578.26	0.000502238
2576.33	0.000535976
2574.41	0.000490727
2572.48	0.000458419
2570.55	0.000230707
2568.62	0.000126624
2566.69	0.000357033
2564.77	0.000347549
2562.84	0.000804975
2560.91	0.00101635
2558.98	0.000962483
2557.05	0.000969423
2555.13	0.00088412
2553.2	0.000897501
2551.27	0.000745858
2549.34	0.000825258
2547.41	0.00114217
2545.49	0.00109095
2543.56	0.00111689
2541.63	0.00127325
2539.7	0.00136338
2537.77	0.00151395
2535.85	0.00165614
2533.92	0.00156173
2531.99	0.0016443
2530.06	0.00189402
2528.13	0.00208375
2526.21	0.00231517
2524.28	0.00218944
2522.35	0.00196425
2520.42	0.0018681
2518.49	0.00207433
2516.56	0.00236081
2514.64	0.0024606
2512.71	0.00246796
2510.78	0.00256618
2508.85	0.00267411
2506.92	0.00240522
2505	0.0024493
2503.07	0.00281536
2501.14	0.00275914
2499.21	0.0029794
2497.28	0.00354686
2495.36	0.00355338
2493.43	0.00341446
2491.5	0.00345791
2489.57	0.00334067
2487.64	0.00354676
2485.72	0.00376924
2483.79	0.0042871
2481.86	0.00459162
2479.93	0.00434891
2478	0.00415946
2476.08	0.00443369
2474.15	0.00461569
2472.22	0.00482679
2470.29	0.00474796
2468.36	0.00467862
2466.44	0.00460076
2464.51	0.00461462
2462.58	0.00493797
2460.65	0.00504385
2458.72	0.004901
2456.8	0.00497557
2454.87	0.00523503
2452.94	0.00529228
2451.01	0.00544887
2449.08	0.0054894
2447.16	0.00553746
2445.23	0.00548638
2443.3	0.00532364
2441.37	0.00535457
2439.44	0.00540069
2437.52	0.00557884
2435.59	0.00573245
2433.66	0.00556551
2431.73	0.00543656
2429.8	0.00535071
2427.88	0.00576277
2425.95	0.00620466
2424.02	0.00612988
2422.09	0.00557464
2420.16	0.0053391
2418.24	0.00561015
2416.31	0.00564818
2414.38	0.00589195
2412.45	0.00620338
2410.52	0.0061531
2408.6	0.00607642
2406.67	0.00603553
2404.74	0.00628782
2402.81	0.00643953
2400.88	0.00640973
2398.95	0.00631693
2397.03	0.00616554
2395.1	0.00638643
2393.17	0.0069186
2391.24	0.00672621
2389.31	0.00629337
2387.39	0.00613936
2385.46	0.00643199
2383.53	0.00676521
2381.6	0.00659576
2379.67	0.00644797
2377.75	0.00679338
2375.82	0.00716568
2373.89	0.00715891
2371.96	0.0073616
2370.03	0.00729434
2368.11	0.00684094
2366.18	0.00669488
2364.25	0.00671221
2362.32	0.00712411
2360.39	0.00724559
2358.47	0.00693244
2356.54	0.00713183
2354.61	0.00710778
2352.68	0.00687386
2350.75	0.00730731
2348.83	0.00739948
2346.9	0.00717659
2344.97	0.00723161
2343.04	0.00721894
2341.11	0.00710017
2339.19	0.0071992
2337.26	0.00736986
2335.33	0.00705265
2333.4	0.00703396
2331.47	0.00734516
2329.55	0.00738634
2327.62	0.00735139
2325.69	0.00705712
2323.76	0.00684128
2321.83	0.00694314
2319.91	0.00685386
2317.98	0.0069355
2316.05	0.00692917
2314.12	0.00691079
2312.19	0.00678981
2310.27	0.00664327
2308.34	0.00722241
2306.41	0.00701015
2304.48	0.0070416
2302.55	0.00758452
2300.63	0.00734846
2298.7	0.00657729
2296.77	0.005994
2294.84	0.0058442
2292.91	0.00591056
2290.98	0.00602431
2289.06	0.00607884
2287.13	0.00590136
2285.2	0.00593364
2283.27	0.00628536
2281.35	0.00588262
2279.42	0.00498278
2277.49	0.00525991
2275.56	0.00593972
2273.63	0.00568142
2271.7	0.00601749
2269.78	0.00553128
2267.85	0.00565691
2265.92	0.00587926
2263.99	0.00552598
2262.06	0.00527269
2260.14	0.00568994
2258.21	0.00518587
2256.28	0.00459369
2254.35	0.00444641
2252.42	0.00410266
2250.5	0.00423015
2248.57	0.00489303
2246.64	0.00528403
2244.71	0.00501422
2242.78	0.00481529
2240.86	0.00404677
2238.93	0.0041627
2237	0.00434385
2235.07	0.00376462
2233.14	0.00369334
2231.22	0.00421426
2229.29	0.00413176
2227.36	0.00339469
2225.43	0.00307226
2223.5	0.0031638
2221.58	0.00317642
2219.65	0.00245334
2217.72	0.00259944
2215.79	0.00329973
2213.86	0.003703
2211.94	0.00293477
2210.01	0.00277668
2208.08	0.00296256
2206.15	0.00299191
2204.22	0.00253411
2202.3	0.00208565
2200.37	0.00223157
2198.44	0.00290785
2196.51	0.00312008
2194.58	0.00286098
2192.66	0.00264938
2190.73	0.0022726
2188.8	0.00200139
2186.87	0.00187555
2184.94	0.00182874
2183.02	0.00199733
2181.09	0.00212397
2179.16	0.00210716
2177.23	0.00212464
2175.3	0.00261374
2173.38	0.00327713
2171.45	0.00266798
2169.52	0.00188344
2167.59	0.00233716
2165.66	0.00250702
2163.73	0.00259224
2161.81	0.002378
2159.88	0.00169892
2157.95	0.0014166
2156.02	0.00165555
2154.09	0.00244504
2152.17	0.00268878
2150.24	0.00243358
2148.31	0.00180614
2146.38	0.00194095
2144.45	0.00256208
2142.53	0.00177327
2140.6	0.00131526
2138.67	0.000609896
2136.74	-0.000489909
2134.81	8.38372e-05
2132.89	0.000806303
2130.96	0.00112666
2129.03	0.00183695
2127.1	0.00106899
2125.17	0.000926952
2123.25	0.00152964
2121.32	0.00132267
2119.39	0.00159887
2117.46	0.00111174
2115.53	0.000194109
2113.61	-0.000412687
2111.68	0.000658939
2109.75	0.00103691
2107.82	0.000206673
2105.89	0.000144687
2103.97	0.000956572
2102.04	0.000195502
2100.11	0.000392318
2098.18	0.000690997
2096.25	-0.000139869
2094.33	1.16965e-05
2092.4	-0.000131489
2090.47	-0.00190124
2088.54	-0.00215132
2086.61	-0.00143673
2084.69	-0.000582966
2082.76	-0.000182563
2080.83	-0.000382364
2078.9	-0.000867543
2076.97	-0.00193762
2075.05	-0.00192337
2073.12	-0.00259201
2071.19	-0.0022525
2069.26	-0.00107625
2067.33	-0.000678254
2065.41	-0.000417686
2063.48	-0.00130223
2061.55	-0.00013659
2059.62	0.000895675
2057.69	0.00152725
2055.77	0.000921241
2053.84	0.00107278
2051.91	0.000107069
2049.98	0.00114486
2048.05	0.00173774
2046.12	-0.000501889
2044.2	-0.000635079
2042.27	0.000682269
2040.34	-7.34188e-05
2038.41	0.00107783
2036.48	0.00170115
2034.56	0.000632127
2032.63	0.0014154
2030.7	0.00209504
2028.77	-5.83451e-05
2026.84	-0.00121141
2024.92	-0.000860995
2022.99	-0.000776597
2021.06	-0.00147897
2019.13	-0.000657213
2017.2	0.000463594
2015.28	-0.000350682
2013.35	-0.00242506
2011.42	8.56268e-05
2009.49	0.000726541
2007.56	-0.000105353
2005.64	0.000657081
2003.71	0.000740083
2001.78	0.000436197
