nAHe0216.spa, Sun Oct 22 18:30:14 2006 (GMT-10:00)
9999.26	-0.00732224
9997.33	-0.00758248
9995.4	-0.00681402
9993.48	-0.00624903
9991.55	-0.00576774
9989.62	-0.00552094
9987.69	-0.00568308
9985.76	-0.00625527
9983.84	-0.00669195
9981.91	-0.0060442
9979.98	-0.00590214
9978.05	-0.00626641
9976.12	-0.00614441
9974.2	-0.00620262
9972.27	-0.00701657
9970.34	-0.00632532
9968.41	-0.00476403
9966.48	-0.00492147
9964.56	-0.00594636
9962.63	-0.0058498
9960.7	-0.00562738
9958.77	-0.00573468
9956.84	-0.00562192
9954.92	-0.00518253
9952.99	-0.00563945
9951.06	-0.00590286
9949.13	-0.00577981
9947.2	-0.00554162
9945.28	-0.00563255
9943.35	-0.00575447
9941.42	-0.00564737
9939.49	-0.0055703
9937.56	-0.00609383
9935.64	-0.00615065
9933.71	-0.00613595
9931.78	-0.00599692
9929.85	-0.00554178
9927.92	-0.00521668
9926	-0.0057354
9924.07	-0.00559111
9922.14	-0.00562921
9920.21	-0.00644629
9918.28	-0.00683007
9916.36	-0.00611135
9914.43	-0.00571951
9912.5	-0.00588484
9910.57	-0.00665606
9908.64	-0.00754468
9906.71	-0.00732566
9904.79	-0.00640754
9902.86	-0.00651794
9900.93	-0.00707688
9899	-0.0056541
9897.08	-0.00516469
9895.15	-0.00576499
9893.22	-0.00538921
9891.29	-0.00532117
9889.36	-0.0057749
9887.43	-0.00575734
9885.51	-0.00538862
9883.58	-0.0047754
9881.65	-0.00551253
9879.72	-0.0059744
9877.79	-0.00550461
9875.87	-0.0049597
9873.94	-0.00551613
9872.01	-0.0057064
9870.08	-0.00541791
9868.15	-0.0049106
9866.23	-0.00490011
9864.3	-0.00582273
9862.37	-0.00582881
9860.44	-0.00509546
9858.51	-0.00506383
9856.59	-0.00535265
9854.66	-0.0056283
9852.73	-0.00589142
9850.8	-0.00583032
9848.87	-0.00608632
9846.95	-0.00615921
9845.02	-0.00659451
9843.09	-0.00644685
9841.16	-0.00630818
9839.23	-0.00568635
9837.31	-0.00537883
9835.38	-0.00590158
9833.45	-0.00664708
9831.52	-0.00694992
9829.59	-0.00632242
9827.67	-0.0063632
9825.74	-0.00698119
9823.81	-0.00641263
9821.88	-0.00623434
9819.95	-0.00613784
9818.03	-0.00612422
9816.1	-0.00633117
9814.17	-0.00602015
9812.24	-0.00650861
9810.31	-0.00654637
9808.39	-0.00636709
9806.46	-0.00595015
9804.53	-0.0057494
9802.6	-0.00605054
9800.67	-0.00588906
9798.75	-0.005978
9796.82	-0.00579805
9794.89	-0.00573082
9792.96	-0.00572013
9791.03	-0.00574655
9789.11	-0.0056718
9787.18	-0.00544556
9785.25	-0.0049599
9783.32	-0.00493395
9781.39	-0.00567615
9779.46	-0.00638704
9777.54	-0.00590946
9775.61	-0.00536836
9773.68	-0.00568197
9771.75	-0.00557914
9769.83	-0.0053228
9767.9	-0.00504614
9765.97	-0.00471369
9764.04	-0.00523936
9762.11	-0.00561871
9760.18	-0.00551868
9758.26	-0.00517834
9756.33	-0.00536829
9754.4	-0.00551224
9752.47	-0.00597737
9750.54	-0.00637829
9748.62	-0.00631216
9746.69	-0.00594953
9744.76	-0.00530365
9742.83	-0.00494444
9740.9	-0.00493906
9738.98	-0.00493661
9737.05	-0.00511521
9735.12	-0.00535579
9733.19	-0.00499374
9731.26	-0.00491037
9729.34	-0.00534702
9727.41	-0.00553916
9725.48	-0.00500756
9723.55	-0.00503366
9721.62	-0.00549961
9719.7	-0.00497412
9717.77	-0.00452033
9715.84	-0.00472608
9713.91	-0.00544026
9711.98	-0.00536555
9710.06	-0.00506471
9708.13	-0.00531891
9706.2	-0.00482528
9704.27	-0.00515729
9702.34	-0.00558849
9700.42	-0.00539706
9698.49	-0.00457492
9696.56	-0.0047462
9694.63	-0.00534218
9692.7	-0.00581714
9690.78	-0.00626749
9688.85	-0.00537317
9686.92	-0.00502132
9684.99	-0.00577719
9683.06	-0.00541843
9681.14	-0.00481564
9679.21	-0.00496691
9677.28	-0.00552313
9675.35	-0.00577229
9673.42	-0.00483576
9671.5	-0.00422767
9669.57	-0.00457656
9667.64	-0.00523082
9665.71	-0.00598231
9663.78	-0.00531383
9661.86	-0.00544435
9659.93	-0.00575581
9658	-0.00461846
9656.07	-0.00455614
9654.14	-0.00416224
9652.21	-0.00369916
9650.29	-0.00424673
9648.36	-0.00482613
9646.43	-0.00522152
9644.5	-0.00522391
9642.57	-0.00520479
9640.65	-0.00535671
9638.72	-0.00569475
9636.79	-0.00583068
9634.86	-0.00566159
9632.93	-0.00495538
9631.01	-0.00466432
9629.08	-0.00521989
9627.15	-0.00522005
9625.22	-0.00531216
9623.29	-0.0052922
9621.37	-0.00546751
9619.44	-0.00504971
9617.51	-0.0048048
9615.58	-0.00484441
9613.65	-0.00478707
9611.73	-0.00503176
9609.8	-0.00537301
9607.87	-0.00556612
9605.94	-0.00517241
9604.01	-0.0046264
9602.09	-0.00492452
9600.16	-0.00484323
9598.23	-0.00513184
9596.3	-0.00544379
9594.37	-0.00506609
9592.45	-0.0050013
9590.52	-0.00501876
9588.59	-0.00535753
9586.66	-0.00564426
9584.73	-0.00515368
9582.81	-0.00527678
9580.88	-0.0052007
9578.95	-0.00498872
9577.02	-0.00527246
9575.09	-0.00531583
9573.17	-0.00484887
9571.24	-0.00484186
9569.31	-0.00498457
9567.38	-0.00508466
9565.45	-0.00508508
9563.53	-0.00473827
9561.6	-0.00476803
9559.67	-0.00548436
9557.74	-0.00574309
9555.81	-0.00516685
9553.88	-0.00492114
9551.96	-0.004524
9550.03	-0.00392969
9548.1	-0.00434063
9546.17	-0.0051767
9544.25	-0.00514065
9542.32	-0.00481938
9540.39	-0.0045199
9538.46	-0.00398938
9536.53	-0.00385896
9534.6	-0.00417024
9532.68	-0.00468098
9530.75	-0.00511459
9528.82	-0.00528562
9526.89	-0.00566091
9524.96	-0.00531779
9523.04	-0.00473211
9521.11	-0.00488157
9519.18	-0.00492403
9517.25	-0.00489372
9515.32	-0.00509828
9513.4	-0.00527524
9511.47	-0.00569204
9509.54	-0.00569662
9507.61	-0.00516757
9505.68	-0.00481217
9503.76	-0.00522807
9501.83	-0.00509474
9499.9	-0.00507965
9497.97	-0.00564773
9496.04	-0.00563419
9494.12	-0.00482328
9492.19	-0.00480748
9490.26	-0.00529956
9488.33	-0.0053012
9486.4	-0.005252
9484.48	-0.00492858
9482.55	-0.00493015
9480.62	-0.00556684
9478.69	-0.00565145
9476.76	-0.00557112
9474.84	-0.00489382
9472.91	-0.0041068
9470.98	-0.00395189
9469.05	-0.00416932
9467.12	-0.00405218
9465.2	-0.00418888
9463.27	-0.00415649
9461.34	-0.00447419
9459.41	-0.0047402
9457.48	-0.00444864
9455.56	-0.00414855
9453.63	-0.00436687
9451.7	-0.00494388
9449.77	-0.00524208
9447.84	-0.00455869
9445.92	-0.00430727
9443.99	-0.0046972
9442.06	-0.00528424
9440.13	-0.00592851
9438.2	-0.00527406
9436.28	-0.00446681
9434.35	-0.0045743
9432.42	-0.00477851
9430.49	-0.00467029
9428.56	-0.00423633
9426.63	-0.00371387
9424.71	-0.00422347
9422.78	-0.00479392
9420.85	-0.0046557
9418.92	-0.00516911
9417	-0.00582983
9415.07	-0.00601568
9413.14	-0.00539673
9411.21	-0.00512218
9409.28	-0.00515522
9407.35	-0.00460787
9405.43	-0.00466865
9403.5	-0.00496101
9401.57	-0.00477517
9399.64	-0.00476767
9397.71	-0.00478133
9395.79	-0.00457817
9393.86	-0.00431836
9391.93	-0.00434837
9390	-0.00450659
9388.07	-0.00461443
9386.15	-0.00471598
9384.22	-0.00467589
9382.29	-0.00500412
9380.36	-0.00540374
9378.43	-0.00556141
9376.51	-0.00514468
9374.58	-0.00491879
9372.65	-0.00532679
9370.72	-0.00581106
9368.79	-0.005402
9366.87	-0.00460033
9364.94	-0.00449229
9363.01	-0.00432101
9361.08	-0.00468157
9359.15	-0.00513204
9357.23	-0.00457125
9355.3	-0.00416371
9353.37	-0.00442778
9351.44	-0.00485722
9349.51	-0.00535209
9347.59	-0.00544035
9345.66	-0.00455741
9343.73	-0.00416243
9341.8	-0.00433433
9339.87	-0.00454194
9337.95	-0.00530107
9336.02	-0.00518286
9334.09	-0.00420142
9332.16	-0.00392142
9330.23	-0.00479464
9328.31	-0.00534143
9326.38	-0.0055036
9324.45	-0.00533763
9322.52	-0.00479818
9320.59	-0.00482377
9318.67	-0.00498519
9316.74	-0.00493104
9314.81	-0.0047381
9312.88	-0.00468691
9310.95	-0.00449141
9309.03	-0.004439
9307.1	-0.00502023
9305.17	-0.00514347
9303.24	-0.00494562
9301.31	-0.0051212
9299.38	-0.00539801
9297.46	-0.00549172
9295.53	-0.00535501
9293.6	-0.00470231
9291.67	-0.00434342
9289.74	-0.00424913
9287.82	-0.00447819
9285.89	-0.00478946
9283.96	-0.00482383
9282.03	-0.00466036
9280.1	-0.004143
9278.18	-0.00454541
9276.25	-0.00483714
9274.32	-0.00464164
9272.39	-0.0049105
9270.46	-0.0049577
9268.54	-0.00496229
9266.61	-0.00444595
9264.68	-0.00430021
9262.75	-0.00485991
9260.82	-0.00503533
9258.9	-0.00464541
9256.97	-0.0041537
9255.04	-0.00455148
9253.11	-0.0055
9251.18	-0.00534581
9249.26	-0.00510276
9247.33	-0.00521167
9245.4	-0.00532189
9243.47	-0.00532143
9241.54	-0.00516861
9239.62	-0.00469346
9237.69	-0.00491659
9235.76	-0.00504578
9233.83	-0.0052539
9231.9	-0.00531138
9229.98	-0.00503524
9228.05	-0.00475623
9226.12	-0.00522025
9224.19	-0.00557358
9222.26	-0.00531864
9220.34	-0.00476196
9218.41	-0.00424207
9216.48	-0.00408941
9214.55	-0.00412623
9212.62	-0.00423869
9210.7	-0.00429441
9208.77	-0.00488819
9206.84	-0.00515722
9204.91	-0.0050711
9202.98	-0.00520941
9201.05	-0.00486073
9199.13	-0.00474931
9197.2	-0.00491905
9195.27	-0.00500576
9193.34	-0.004666
9191.42	-0.0047948
9189.49	-0.00486371
9187.56	-0.00485087
9185.63	-0.00481158
9183.7	-0.00452079
9181.77	-0.00485015
9179.85	-0.00490083
9177.92	-0.00447488
9175.99	-0.0044759
9174.06	-0.00496527
9172.13	-0.00542373
9170.21	-0.00522506
9168.28	-0.00447711
9166.35	-0.00451423
9164.42	-0.00471231
9162.49	-0.00457273
9160.57	-0.00412961
9158.64	-0.00431973
9156.71	-0.00401998
9154.78	-0.00426298
9152.85	-0.00497146
9150.93	-0.0050125
9149	-0.00457519
9147.07	-0.00444418
9145.14	-0.00473024
9143.21	-0.0048934
9141.29	-0.00499285
9139.36	-0.00506117
9137.43	-0.00458286
9135.5	-0.00394942
9133.57	-0.00405684
9131.65	-0.0046933
9129.72	-0.00529207
9127.79	-0.00492586
9125.86	-0.00464951
9123.93	-0.00521317
9122.01	-0.00537042
9120.08	-0.00530725
9118.15	-0.00514628
9116.22	-0.00514769
9114.29	-0.00492396
9112.37	-0.00476852
9110.44	-0.00463367
9108.51	-0.00438754
9106.58	-0.00427502
9104.65	-0.00456764
9102.73	-0.00486823
9100.8	-0.0047362
9098.87	-0.00479205
9096.94	-0.00504103
9095.01	-0.00526392
9093.08	-0.00545446
9091.16	-0.00492786
9089.23	-0.0045304
9087.3	-0.0042886
9085.37	-0.00388099
9083.45	-0.00392825
9081.52	-0.00405281
9079.59	-0.00419722
9077.66	-0.004236
9075.73	-0.00407414
9073.8	-0.00439803
9071.88	-0.0050749
9069.95	-0.00506199
9068.02	-0.00476783
9066.09	-0.00466131
9064.17	-0.00459568
9062.24	-0.004634
9060.31	-0.00404975
9058.38	-0.00407096
9056.45	-0.00436569
9054.52	-0.00422531
9052.6	-0.00424309
9050.67	-0.00474974
9048.74	-0.005319
9046.81	-0.00525753
9044.88	-0.00451446
9042.96	-0.00428683
9041.03	-0.00449865
9039.1	-0.00454138
9037.17	-0.00473457
9035.24	-0.00489854
9033.32	-0.004699
9031.39	-0.00471152
9029.46	-0.00511956
9027.53	-0.0049273
9025.6	-0.00479578
9023.68	-0.00479506
9021.75	-0.0047421
9019.82	-0.00467717
9017.89	-0.00470195
9015.96	-0.00475682
9014.04	-0.00497995
9012.11	-0.00513518
9010.18	-0.00504624
9008.25	-0.00495702
9006.32	-0.00513839
9004.4	-0.00489539
9002.47	-0.00494732
9000.54	-0.00507617
8998.61	-0.0045783
8996.68	-0.0043837
8994.76	-0.00455896
8992.83	-0.00481964
8990.9	-0.00512326
8988.97	-0.00484313
8987.04	-0.0048701
8985.12	-0.0051824
8983.19	-0.00522777
8981.26	-0.00484615
8979.33	-0.00437212
8977.4	-0.00442946
8975.48	-0.00435352
8973.55	-0.003964
8971.62	-0.00449459
8969.69	-0.00486823
8967.76	-0.0045822
8965.83	-0.00455197
8963.91	-0.00490539
8961.98	-0.00497756
8960.05	-0.00473643
8958.12	-0.00462381
8956.2	-0.00443047
8954.27	-0.00444156
8952.34	-0.00444759
8950.41	-0.00484517
8948.48	-0.0049467
8946.55	-0.00503563
8944.63	-0.00514805
8942.7	-0.00505263
8940.77	-0.00493585
8938.84	-0.00510011
8936.92	-0.00491869
8934.99	-0.00495197
8933.06	-0.00503304
8931.13	-0.00437924
8929.2	-0.00439502
8927.27	-0.00473729
8925.35	-0.00488448
8923.42	-0.00496327
8921.49	-0.00493363
8919.56	-0.00490657
8917.63	-0.004719
8915.71	-0.00440666
8913.78	-0.00461981
8911.85	-0.00481102
8909.92	-0.00482947
8907.99	-0.00480198
8906.07	-0.00468117
8904.14	-0.00478707
8902.21	-0.00449649
8900.28	-0.00434719
8898.35	-0.00499141
8896.43	-0.00513096
8894.5	-0.00493497
8892.57	-0.00465754
8890.64	-0.00450479
8888.71	-0.00465796
8886.79	-0.00490801
8884.86	-0.00521504
8882.93	-0.0055104
8881	-0.00525406
8879.07	-0.00533125
8877.15	-0.00548426
8875.22	-0.00527901
8873.29	-0.00513466
8871.36	-0.00481201
8869.43	-0.00453984
8867.51	-0.00476239
8865.58	-0.00472024
8863.65	-0.00468491
8861.72	-0.00480444
8859.79	-0.00490241
8857.87	-0.00492603
8855.94	-0.00501031
8854.01	-0.00457118
8852.08	-0.00450823
8850.15	-0.00467242
8848.22	-0.00488036
8846.3	-0.00542828
8844.37	-0.00517614
8842.44	-0.00473774
8840.51	-0.00481174
8838.58	-0.00492157
8836.66	-0.00500287
8834.73	-0.00508701
8832.8	-0.00491086
8830.87	-0.00470133
8828.94	-0.00465167
8827.02	-0.00478045
8825.09	-0.00508655
8823.16	-0.00490155
8821.23	-0.00465859
8819.3	-0.00482229
8817.38	-0.00514432
8815.45	-0.00482973
8813.52	-0.0046833
8811.59	-0.00494509
8809.66	-0.00505927
8807.74	-0.00447127
8805.81	-0.00441296
8803.88	-0.00482701
8801.95	-0.00489408
8800.02	-0.00512965
8798.1	-0.00520879
8796.17	-0.00481794
8794.24	-0.00471677
8792.31	-0.00487882
8790.38	-0.00519507
8788.46	-0.00537189
8786.53	-0.00540609
8784.6	-0.00507306
8782.67	-0.0046261
8780.74	-0.0043733
8778.82	-0.00440227
8776.89	-0.00509157
8774.96	-0.00509671
8773.03	-0.00481666
8771.1	-0.00484471
8769.18	-0.00470002
8767.25	-0.00467442
8765.32	-0.00496937
8763.39	-0.00499364
8761.46	-0.00467763
8759.54	-0.00465177
8757.61	-0.00496262
8755.68	-0.00514494
8753.75	-0.0052116
8751.82	-0.00525763
8749.9	-0.00528853
8747.97	-0.00497703
8746.04	-0.00498322
8744.11	-0.00535383
8742.18	-0.00526146
8740.25	-0.00484979
8738.33	-0.00477969
8736.4	-0.00484923
8734.47	-0.00459368
8732.54	-0.00486653
8730.62	-0.00499049
8728.69	-0.00470113
8726.76	-0.00467147
8724.83	-0.00517369
8722.9	-0.00539127
8720.97	-0.0047522
8719.05	-0.004236
8717.12	-0.00440302
8715.19	-0.00482977
8713.26	-0.00487289
8711.33	-0.00489163
8709.41	-0.00504486
8707.48	-0.00514219
8705.55	-0.00522391
8703.62	-0.00522617
8701.69	-0.00507126
8699.77	-0.00502793
8697.84	-0.00525779
8695.91	-0.00533498
8693.98	-0.00512202
8692.05	-0.00511455
8690.13	-0.00518849
8688.2	-0.00510525
8686.27	-0.00479647
8684.34	-0.00446088
8682.41	-0.00472591
8680.49	-0.0051473
8678.56	-0.00520342
8676.63	-0.00487665
8674.7	-0.0048891
8672.77	-0.00474682
8670.85	-0.00425412
8668.92	-0.00454423
8666.99	-0.0047288
8665.06	-0.00453118
8663.13	-0.00460033
8661.21	-0.00513214
8659.28	-0.00559229
8657.35	-0.00535661
8655.42	-0.00507729
8653.49	-0.00513495
8651.57	-0.00514831
8649.64	-0.00506835
8647.71	-0.00512546
8645.78	-0.00508528
8643.85	-0.00520653
8641.93	-0.00539006
8640	-0.00517411
8638.07	-0.00507398
8636.14	-0.00504798
8634.21	-0.0048453
8632.29	-0.00504981
8630.36	-0.00521795
8628.43	-0.00489418
8626.5	-0.00486044
8624.57	-0.00508364
8622.65	-0.00484133
8620.72	-0.00467793
8618.79	-0.00488776
8616.86	-0.00513086
8614.93	-0.00506134
8613	-0.00488884
8611.08	-0.00481699
8609.15	-0.00494372
8607.22	-0.00499973
8605.29	-0.00508256
8603.37	-0.00521822
8601.44	-0.00507342
8599.51	-0.00477294
8597.58	-0.00510565
8595.65	-0.00519576
8593.72	-0.00508436
8591.8	-0.00486453
8589.87	-0.00469766
8587.94	-0.00481754
8586.01	-0.00484831
8584.08	-0.00477488
8582.16	-0.00491875
8580.23	-0.00492223
8578.3	-0.00499894
8576.37	-0.00519379
8574.44	-0.00533108
8572.52	-0.0052941
8570.59	-0.00501915
8568.66	-0.00488982
8566.73	-0.00502479
8564.8	-0.00494735
8562.88	-0.00493166
8560.95	-0.00507414
8559.02	-0.00505718
8557.09	-0.00493451
8555.16	-0.00492334
8553.24	-0.00521222
8551.31	-0.00509147
8549.38	-0.004939
8547.45	-0.0047189
8545.52	-0.00453486
8543.6	-0.00436979
8541.67	-0.00464695
8539.74	-0.0051879
8537.81	-0.00557976
8535.88	-0.00536224
8533.96	-0.00496874
8532.03	-0.00499318
8530.1	-0.00505335
8528.17	-0.00506245
8526.24	-0.00498208
8524.32	-0.00493504
8522.39	-0.00490375
8520.46	-0.00510499
8518.53	-0.00503206
8516.6	-0.0049882
8514.68	-0.0052097
8512.75	-0.00505073
8510.82	-0.00489408
8508.89	-0.00510967
8506.96	-0.00536044
8505.04	-0.00532827
8503.11	-0.00506255
8501.18	-0.00499976
8499.25	-0.0051229
8497.32	-0.00531655
8495.39	-0.00511128
8493.47	-0.00515575
8491.54	-0.00552117
8489.61	-0.00548907
8487.68	-0.00492006
8485.75	-0.00473309
8483.83	-0.00487606
8481.9	-0.00491679
8479.97	-0.00509281
8478.04	-0.00534434
8476.11	-0.00530591
8474.19	-0.00551076
8472.26	-0.00543643
8470.33	-0.00502243
8468.4	-0.00498329
8466.47	-0.00530516
8464.55	-0.0053231
8462.62	-0.00505927
8460.69	-0.0052245
8458.76	-0.00537981
8456.83	-0.00536888
8454.91	-0.00538554
8452.98	-0.00530054
8451.05	-0.00527688
8449.12	-0.00499367
8447.19	-0.00510722
8445.27	-0.00543918
8443.34	-0.00548924
8441.41	-0.0052265
8439.48	-0.00507296
8437.55	-0.0048741
8435.63	-0.00485686
8433.7	-0.00534692
8431.77	-0.00541529
8429.84	-0.00521727
8427.91	-0.00496114
8425.99	-0.00503635
8424.06	-0.00533436
8422.13	-0.00534283
8420.2	-0.00540279
8418.27	-0.00555431
8416.35	-0.00556857
8414.42	-0.00532529
8412.49	-0.0054041
8410.56	-0.00524496
8408.63	-0.00487502
8406.71	-0.00481492
8404.78	-0.00504159
8402.85	-0.00520316
8400.92	-0.00508888
8398.99	-0.00527072
8397.07	-0.0052468
8395.14	-0.00494244
8393.21	-0.00514294
8391.28	-0.00534525
8389.35	-0.00538371
8387.43	-0.00531645
8385.5	-0.00503651
8383.57	-0.00520276
8381.64	-0.00551934
8379.71	-0.0053301
8377.79	-0.00528624
8375.86	-0.00539019
8373.93	-0.00521717
8372	-0.00518996
8370.07	-0.00527901
8368.14	-0.00545161
8366.22	-0.00552352
8364.29	-0.00502325
8362.36	-0.00492698
8360.43	-0.00516187
8358.5	-0.00485021
8356.58	-0.00496219
8354.65	-0.00554485
8352.72	-0.00568017
8350.79	-0.00537507
8348.86	-0.00531527
8346.94	-0.00545272
8345.01	-0.00551135
8343.08	-0.0055952
8341.15	-0.0054608
8339.22	-0.00555866
8337.3	-0.00558702
8335.37	-0.00536339
8333.44	-0.00537108
8331.51	-0.00537409
8329.58	-0.00527724
8327.66	-0.00512939
8325.73	-0.00532493
8323.8	-0.00546273
8321.87	-0.00528889
8319.94	-0.00519026
8318.02	-0.00530054
8316.09	-0.00532928
8314.16	-0.00515011
8312.23	-0.0050257
8310.3	-0.00526572
8308.38	-0.00561983
8306.45	-0.00568488
8304.52	-0.00532244
8302.59	-0.00534326
8300.66	-0.00551999
8298.74	-0.00526352
8296.81	-0.00518253
8294.88	-0.00514903
8292.95	-0.00528081
8291.02	-0.00567654
8289.1	-0.00604208
8287.17	-0.00575198
8285.24	-0.00540763
8283.31	-0.00534182
8281.38	-0.0052959
8279.46	-0.00524008
8277.53	-0.00524162
8275.6	-0.00511547
8273.67	-0.0052006
8271.74	-0.00529374
8269.82	-0.00523527
8267.89	-0.00519353
8265.96	-0.00533488
8264.03	-0.00541679
8262.1	-0.00534519
8260.17	-0.00540891
8258.25	-0.0055055
8256.32	-0.00543947
8254.39	-0.00543751
8252.46	-0.00567445
8250.54	-0.00563582
8248.61	-0.00556007
8246.68	-0.00572383
8244.75	-0.00577124
8242.82	-0.00565564
8240.89	-0.00564161
8238.97	-0.00566715
8237.04	-0.00581394
8235.11	-0.00546588
8233.18	-0.00555961
8231.25	-0.00573985
8229.33	-0.00549859
8227.4	-0.00561656
8225.47	-0.00550517
8223.54	-0.00542926
8221.61	-0.00554587
8219.69	-0.00548459
8217.76	-0.00533884
8215.83	-0.00554194
8213.9	-0.0055016
8211.97	-0.00518079
8210.05	-0.00531246
8208.12	-0.0057751
8206.19	-0.00585716
8204.26	-0.00549333
8202.33	-0.00526041
8200.41	-0.00532935
8198.48	-0.00547451
8196.55	-0.00561368
8194.62	-0.0055616
8192.69	-0.00553625
8190.77	-0.00563657
8188.84	-0.00575185
8186.91	-0.00570751
8184.98	-0.0055492
8183.05	-0.00527154
8181.13	-0.00523534
8179.2	-0.00504968
8177.27	-0.00524706
8175.34	-0.00548479
8173.41	-0.00578425
8171.49	-0.00566369
8169.56	-0.00543679
8167.63	-0.00578363
8165.7	-0.00588416
8163.77	-0.00579632
8161.85	-0.00553612
8159.92	-0.00531963
8157.99	-0.00563644
8156.06	-0.00606933
8154.13	-0.00593561
8152.21	-0.00583166
8150.28	-0.00587151
8148.35	-0.00579298
8146.42	-0.00578052
8144.49	-0.00588393
8142.56	-0.00592328
8140.64	-0.00562156
8138.71	-0.00530617
8136.78	-0.00546087
8134.85	-0.0055248
8132.92	-0.00566437
8131	-0.00577189
8129.07	-0.00568969
8127.14	-0.0057648
8125.21	-0.00583182
8123.28	-0.00576862
8121.36	-0.00553569
8119.43	-0.00540344
8117.5	-0.00539798
8115.57	-0.00548659
8113.64	-0.00555153
8111.72	-0.00552271
8109.79	-0.00598113
8107.86	-0.00601767
8105.93	-0.00578778
8104	-0.00572576
8102.08	-0.00579645
8100.15	-0.00578389
8098.22	-0.00554515
8096.29	-0.00561028
8094.36	-0.00574318
8092.44	-0.00560004
8090.51	-0.00546532
8088.58	-0.00542746
8086.65	-0.00552042
8084.72	-0.0055756
8082.8	-0.00574338
8080.87	-0.00580207
8078.94	-0.00563873
8077.01	-0.00548132
8075.08	-0.00579599
8073.16	-0.00611697
8071.23	-0.00571385
8069.3	-0.00546905
8067.37	-0.00557819
8065.44	-0.00558702
8063.52	-0.00567981
8061.59	-0.00556379
8059.66	-0.00579504
8057.73	-0.00615091
8055.8	-0.00619236
8053.88	-0.00589929
8051.95	-0.00577598
8050.02	-0.00576908
8048.09	-0.00597466
8046.16	-0.00607861
8044.24	-0.00602773
8042.31	-0.00582329
8040.38	-0.00576738
8038.45	-0.00564462
8036.52	-0.00555097
8034.6	-0.00546699
8032.67	-0.00542046
8030.74	-0.00551498
8028.81	-0.00561701
8026.88	-0.00558211
8024.96	-0.00558094
8023.03	-0.00576908
8021.1	-0.00568269
8019.17	-0.00564619
8017.24	-0.00576761
8015.31	-0.00587749
8013.39	-0.00578432
8011.46	-0.00579226
8009.53	-0.00604293
8007.6	-0.0061365
8005.67	-0.00611736
8003.75	-0.00599555
8001.82	-0.00583738
7999.89	-0.00585716
7997.96	-0.00602414
7996.03	-0.00600764
7994.11	-0.00594424
7992.18	-0.00578236
7990.25	-0.00572275
7988.32	-0.00579468
7986.39	-0.00578422
7984.47	-0.0059241
7982.54	-0.00597871
7980.61	-0.00584898
7978.68	-0.00599996
7976.75	-0.00603741
7974.83	-0.00588017
7972.9	-0.00600796
7970.97	-0.00601695
7969.04	-0.00589949
7967.11	-0.00604528
7965.19	-0.00606645
7963.26	-0.00598427
7961.33	-0.00593237
7959.4	-0.00598466
7957.47	-0.00592217
7955.55	-0.0058212
7953.62	-0.00584934
7951.69	-0.00591171
7949.76	-0.00575584
7947.83	-0.00559029
7945.91	-0.00567418
7943.98	-0.00588942
7942.05	-0.0058482
7940.12	-0.00569521
7938.19	-0.00576424
7936.27	-0.00573158
7934.34	-0.00556494
7932.41	-0.00563173
7930.48	-0.00587268
7928.55	-0.00597858
7926.63	-0.00612997
7924.7	-0.00628871
7922.77	-0.00592172
7920.84	-0.00584127
7918.91	-0.00609302
7916.99	-0.00599898
7915.06	-0.00583522
7913.13	-0.00577542
7911.2	-0.00585029
7909.27	-0.00602247
7907.35	-0.00624864
7905.42	-0.00629064
7903.49	-0.00605008
7901.56	-0.00605054
7899.63	-0.00622225
7897.71	-0.00618413
7895.78	-0.00613621
7893.85	-0.00640294
7891.92	-0.00630008
7889.99	-0.00600858
7888.06	-0.00608113
7886.14	-0.00611046
7884.21	-0.00581214
7882.28	-0.00579635
7880.35	-0.00584545
7878.42	-0.00589642
7876.5	-0.00608015
7874.57	-0.00623133
7872.64	-0.00617169
7870.71	-0.00600999
7868.78	-0.00602152
7866.86	-0.00579815
7864.93	-0.00574011
7863	-0.0061004
7861.07	-0.00624972
7859.14	-0.00618403
7857.22	-0.00596388
7855.29	-0.00614738
7853.36	-0.00622875
7851.43	-0.00610217
7849.5	-0.00603963
7847.58	-0.00595277
7845.65	-0.00588288
7843.72	-0.00587442
7841.79	-0.00609763
7839.86	-0.00630877
7837.94	-0.00642814
7836.01	-0.00609664
7834.08	-0.00581888
7832.15	-0.0058736
7830.22	-0.00593316
7828.3	-0.00614131
7826.37	-0.00624449
7824.44	-0.00602152
7822.51	-0.00580207
7820.58	-0.00604783
7818.66	-0.00604263
7816.73	-0.00584189
7814.8	-0.00570149
7812.87	-0.00578069
7810.94	-0.00606018
7809.02	-0.00611553
7807.09	-0.0060724
7805.16	-0.00591475
7803.23	-0.00592034
7801.3	-0.00603973
7799.38	-0.00620791
7797.45	-0.00618266
7795.52	-0.00613696
7793.59	-0.00625116
7791.66	-0.0063007
7789.74	-0.00617933
7787.81	-0.00605012
7785.88	-0.00603273
7783.95	-0.00608338
7782.02	-0.00601698
7780.09	-0.0061514
7778.17	-0.00629636
7776.24	-0.00637234
7774.31	-0.0061857
7772.38	-0.00603146
7770.46	-0.00611661
7768.53	-0.0061168
7766.6	-0.00617858
7764.67	-0.00619331
7762.74	-0.00593119
7760.81	-0.00583254
7758.89	-0.00598937
7756.96	-0.00616172
7755.03	-0.00623875
7753.1	-0.00607407
7751.17	-0.00605809
7749.25	-0.0060971
7747.32	-0.00603064
7745.39	-0.00616499
7743.46	-0.00624221
7741.53	-0.00621216
7739.61	-0.00617544
7737.68	-0.00613229
7735.75	-0.00614627
7733.82	-0.00631007
7731.89	-0.00646748
7729.97	-0.00644992
7728.04	-0.00637355
7726.11	-0.00640989
7724.18	-0.00615656
7722.25	-0.00600264
7720.33	-0.00595362
7718.4	-0.00591766
7716.47	-0.00605819
7714.54	-0.00604371
7712.61	-0.00626579
7710.69	-0.0064346
7708.76	-0.00636333
7706.83	-0.00621977
7704.9	-0.00602486
7702.97	-0.00606704
7701.05	-0.00636686
7699.12	-0.00655763
7697.19	-0.00635778
7695.26	-0.00624472
7693.33	-0.00640509
7691.41	-0.00630573
7689.48	-0.00611027
7687.55	-0.00620798
7685.62	-0.00618933
7683.69	-0.00614209
7681.77	-0.00619527
7679.84	-0.00615846
7677.91	-0.00618475
7675.98	-0.00616483
7674.05	-0.00626324
7672.12	-0.00623048
7670.2	-0.00602613
7668.27	-0.00601545
7666.34	-0.00604381
7664.41	-0.00616554
7662.48	-0.00632931
7660.56	-0.00633012
7658.63	-0.00634119
7656.7	-0.00633022
7654.77	-0.00629038
7652.84	-0.0062313
7650.92	-0.00611791
7648.99	-0.00612585
7647.06	-0.00642272
7645.13	-0.00635403
7643.2	-0.00621373
7641.28	-0.00627624
7639.35	-0.00633371
7637.42	-0.00636885
7635.49	-0.00629136
7633.56	-0.00629129
7631.64	-0.00655417
7629.71	-0.00644175
7627.78	-0.00634351
7625.85	-0.00656527
7623.92	-0.00662199
7622	-0.00640738
7620.07	-0.0062619
7618.14	-0.00643686
7616.21	-0.00649604
7614.28	-0.0063633
7612.36	-0.00643656
7610.43	-0.0065045
7608.5	-0.0065249
7606.57	-0.00651514
7604.64	-0.00671456
7602.72	-0.00669404
7600.79	-0.00638292
7598.86	-0.0062684
7596.93	-0.00612958
7595	-0.00621598
7593.08	-0.00650991
7591.15	-0.0065261
7589.22	-0.00635278
7587.29	-0.00632173
7585.36	-0.00652147
7583.44	-0.00677044
7581.51	-0.00668653
7579.58	-0.00648729
7577.65	-0.00646333
7575.72	-0.00642941
7573.8	-0.00635105
7571.87	-0.00640685
7569.94	-0.00638713
7568.01	-0.0062197
7566.08	-0.00652973
7564.16	-0.0065732
7562.23	-0.00657676
7560.3	-0.00663054
7558.37	-0.00645312
7556.44	-0.00637874
7554.52	-0.00651102
7552.59	-0.00652026
7550.66	-0.00631814
7548.73	-0.00633499
7546.8	-0.00635406
7544.88	-0.00653361
7542.95	-0.00671309
7541.02	-0.0066232
7539.09	-0.00647192
7537.16	-0.00660195
7535.23	-0.00676493
7533.31	-0.00665573
7531.38	-0.00662274
7529.45	-0.00670239
7527.52	-0.00668337
7525.59	-0.00653723
7523.67	-0.00666875
7521.74	-0.00672669
7519.81	-0.00640463
7517.88	-0.00627225
7515.95	-0.00637166
7514.03	-0.00656935
7512.1	-0.00674842
7510.17	-0.00654383
7508.24	-0.00621464
7506.31	-0.0060891
7504.39	-0.00634926
7502.46	-0.00648706
7500.53	-0.00641335
7498.6	-0.00641058
7496.67	-0.00663207
7494.75	-0.00672369
7492.82	-0.00666731
7490.89	-0.00658929
7488.96	-0.00667227
7487.03	-0.00658348
7485.11	-0.00626154
7483.18	-0.00630877
7481.25	-0.00665456
7479.32	-0.00680603
7477.39	-0.00676398
7475.47	-0.00671182
7473.54	-0.00673456
7471.61	-0.00656977
7469.68	-0.00651801
7467.75	-0.00657767
7465.83	-0.00662006
7463.9	-0.00672141
7461.97	-0.00669769
7460.04	-0.00653825
7458.11	-0.00649617
7456.19	-0.00662398
7454.26	-0.00659409
7452.33	-0.00658727
7450.4	-0.00650443
7448.47	-0.00651739
7446.54	-0.00670621
7444.62	-0.0066352
7442.69	-0.00657141
7440.76	-0.00664023
7438.83	-0.00655842
7436.91	-0.00660851
7434.98	-0.00670839
7433.05	-0.00673041
7431.12	-0.00680717
7429.19	-0.00663197
7427.26	-0.00657793
7425.34	-0.00665338
7423.41	-0.00654729
7421.48	-0.00660247
7419.55	-0.00654079
7417.62	-0.00656951
7415.7	-0.00660375
7413.77	-0.00648798
7411.84	-0.00654268
7409.91	-0.00666405
7407.98	-0.00669906
7406.06	-0.00674454
7404.13	-0.00677171
7402.2	-0.00664512
7400.27	-0.00650051
7398.34	-0.00655244
7396.42	-0.00659859
7394.49	-0.00655316
7392.56	-0.00656341
7390.63	-0.00671192
7388.7	-0.0066955
7386.78	-0.00672487
7384.85	-0.00671505
7382.92	-0.00669306
7380.99	-0.00671263
7379.06	-0.00669805
7377.14	-0.0067754
7375.21	-0.0066618
7373.28	-0.00650443
7371.35	-0.00660887
7369.42	-0.00688271
7367.5	-0.00690502
7365.57	-0.00681184
7363.64	-0.0068316
7361.71	-0.00676734
7359.78	-0.00676698
7357.86	-0.00675987
7355.93	-0.00681722
7354	-0.00688689
7352.07	-0.00686693
7350.14	-0.00675942
7348.22	-0.00671971
7346.29	-0.0067235
7344.36	-0.00656543
7342.43	-0.00650339
7340.5	-0.00662062
7338.58	-0.00669639
7336.65	-0.00684331
7334.72	-0.0069405
7332.79	-0.00669632
7330.86	-0.00654233
7328.94	-0.006717
7327.01	-0.00683359
7325.08	-0.00677788
7323.15	-0.00663938
7321.22	-0.00659634
7319.29	-0.0067081
7317.37	-0.00672712
7315.44	-0.00673775
7313.51	-0.00679328
7311.58	-0.00677899
7309.65	-0.006847
7307.73	-0.00696495
7305.8	-0.00672947
7303.87	-0.00645977
7301.94	-0.00637502
7300.01	-0.00647985
7298.09	-0.00663135
7296.16	-0.00655111
7294.23	-0.00651142
7292.3	-0.00668484
7290.37	-0.00674441
7288.45	-0.00680587
7286.52	-0.00689729
7284.59	-0.00683624
7282.66	-0.00672532
7280.73	-0.00666741
7278.81	-0.00666167
7276.88	-0.00660362
7274.95	-0.00659523
7273.02	-0.00666911
7271.09	-0.00659063
7269.17	-0.00660939
7267.24	-0.00659268
7265.31	-0.00652473
7263.38	-0.00669743
7261.45	-0.00681301
7259.53	-0.00668989
7257.6	-0.00666399
7255.67	-0.00668617
7253.74	-0.00664917
7251.81	-0.00677599
7249.89	-0.00689002
7247.96	-0.00680933
7246.03	-0.00667974
7244.1	-0.00657813
7242.17	-0.00664202
7240.25	-0.00672624
7238.32	-0.00680391
7236.39	-0.00670138
7234.46	-0.00659859
7232.53	-0.00650286
7230.61	-0.00644681
7228.68	-0.00660668
7226.75	-0.00677703
7224.82	-0.00673227
7222.89	-0.0067189
7220.97	-0.00671156
7219.04	-0.00680137
7217.11	-0.00693939
7215.18	-0.00699365
7213.25	-0.00684074
7211.33	-0.00680323
7209.4	-0.00684873
7207.47	-0.0068259
7205.54	-0.00688281
7203.61	-0.00678134
7201.69	-0.00661621
7199.76	-0.00648612
7197.83	-0.00665038
7195.9	-0.00682384
7193.97	-0.00676167
7192.04	-0.00655891
7190.12	-0.0064411
7188.19	-0.00652036
7186.26	-0.00665191
7184.33	-0.00665547
7182.4	-0.00666924
7180.48	-0.00673129
7178.55	-0.00684419
7176.62	-0.00673077
7174.69	-0.00669805
7172.76	-0.00684357
7170.84	-0.00687537
7168.91	-0.00690753
7166.98	-0.00679165
7165.05	-0.00656096
7163.12	-0.00663801
7161.2	-0.00684465
7159.27	-0.00680923
7157.34	-0.00672487
7155.41	-0.00668607
7153.48	-0.0067631
7151.56	-0.0067542
7149.63	-0.00671697
7147.7	-0.00658436
7145.77	-0.0064521
7143.84	-0.00652832
7141.92	-0.00668699
7139.99	-0.00678858
7138.06	-0.006824
7136.13	-0.00691806
7134.2	-0.00680016
7132.28	-0.00668063
7130.35	-0.00671325
7128.42	-0.00668999
7126.49	-0.00672529
7124.56	-0.0067555
7122.64	-0.00681957
7120.71	-0.0069252
7118.78	-0.00694767
7116.85	-0.00677224
7114.92	-0.00663168
7113	-0.00652741
7111.07	-0.00644293
7109.14	-0.00652075
7107.21	-0.00664065
7105.28	-0.00661993
7103.36	-0.0065025
7101.43	-0.00643438
7099.5	-0.00668128
7097.57	-0.00686004
7095.64	-0.00680554
7093.71	-0.00662055
7091.79	-0.00663253
7089.86	-0.00678819
7087.93	-0.00671309
7086	-0.00656354
7084.08	-0.00649679
7082.15	-0.00667403
7080.22	-0.00672216
7078.29	-0.00664375
7076.36	-0.00657297
7074.43	-0.00652692
7072.51	-0.00650489
7070.58	-0.00657728
7068.65	-0.00661266
7066.72	-0.00652751
7064.79	-0.00663315
7062.87	-0.00681311
7060.94	-0.00690782
7059.01	-0.00680525
7057.08	-0.00673753
7055.15	-0.00668696
7053.23	-0.00664327
7051.3	-0.00663514
7049.37	-0.00678532
7047.44	-0.00682443
7045.51	-0.00678506
7043.59	-0.00678975
7041.66	-0.00679719
7039.73	-0.00665243
7037.8	-0.00652121
7035.87	-0.00651853
7033.95	-0.00652506
7032.02	-0.00659934
7030.09	-0.00657963
7028.16	-0.00654115
7026.23	-0.00659552
7024.31	-0.00651001
7022.38	-0.00649591
7020.45	-0.00668271
7018.52	-0.00657157
7016.59	-0.00637564
7014.67	-0.00634309
7012.74	-0.00644391
7010.81	-0.00649607
7008.88	-0.00646643
7006.95	-0.00644192
7005.03	-0.00642716
7003.1	-0.00648997
7001.17	-0.00648827
6999.24	-0.00654621
6997.31	-0.00654876
6995.39	-0.00662907
6993.46	-0.00670647
6991.53	-0.00649568
6989.6	-0.00637411
6987.67	-0.00628519
6985.75	-0.00634472
6983.82	-0.0063038
6981.89	-0.00634723
6979.96	-0.00648021
6978.03	-0.00650205
6976.1	-0.00635063
6974.18	-0.00625315
6972.25	-0.00627157
6970.32	-0.00635742
6968.39	-0.00636457
6966.46	-0.00636702
6964.54	-0.00627013
6962.61	-0.00620654
6960.68	-0.00630726
6958.75	-0.00635912
6956.82	-0.00637763
6954.9	-0.00643167
6952.97	-0.00636258
6951.04	-0.00638462
6949.11	-0.00628264
6947.18	-0.00629381
6945.26	-0.00640101
6943.33	-0.00637962
6941.4	-0.00631268
6939.47	-0.00622967
6937.54	-0.00617495
6935.62	-0.00608586
6933.69	-0.00612308
6931.76	-0.00634279
6929.83	-0.00645325
6927.9	-0.00649278
6925.98	-0.00643601
6924.05	-0.0063585
6922.12	-0.0063037
6920.19	-0.00625674
6918.26	-0.00616682
6916.34	-0.00616718
6914.41	-0.00617521
6912.48	-0.00606753
6910.55	-0.00598682
6908.62	-0.00595839
6906.7	-0.00586896
6904.77	-0.00603963
6902.84	-0.00603427
6900.91	-0.00605646
6898.98	-0.00607871
6897.06	-0.0059762
6895.13	-0.00599506
6893.2	-0.0063136
6891.27	-0.00632059
6889.34	-0.00614493
6887.42	-0.00609148
6885.49	-0.00602649
6883.56	-0.00593724
6881.63	-0.00601486
6879.7	-0.00616074
6877.78	-0.00616826
6875.85	-0.00612095
6873.92	-0.00597012
6871.99	-0.00593253
6870.06	-0.00600679
6868.14	-0.00610517
6866.21	-0.00612876
6864.28	-0.00606355
6862.35	-0.00596378
6860.42	-0.00594995
6858.5	-0.00611736
6856.57	-0.00604508
6854.64	-0.00604231
6852.71	-0.00592544
6850.78	-0.00576892
6848.85	-0.00583836
6846.93	-0.0059544
6845	-0.00578778
6843.07	-0.00561983
6841.14	-0.00566009
6839.21	-0.00585637
6837.29	-0.00600345
6835.36	-0.00584058
6833.43	-0.00554862
6831.5	-0.0057063
6829.57	-0.00590459
6827.65	-0.00574636
6825.72	-0.00562064
6823.79	-0.00569397
6821.86	-0.00570496
6819.93	-0.00557822
6818.01	-0.00556595
6816.08	-0.00565283
6814.15	-0.00571012
6812.22	-0.00562284
6810.29	-0.00563536
6808.37	-0.00561773
6806.44	-0.00540544
6804.51	-0.00545037
6802.58	-0.00549581
6800.65	-0.00533252
6798.73	-0.00522352
6796.8	-0.00521072
6794.87	-0.00526025
6792.94	-0.00528333
6791.01	-0.00528591
6789.09	-0.00535907
6787.16	-0.00540465
6785.23	-0.00528847
6783.3	-0.00525982
6781.37	-0.00527829
6779.45	-0.00522895
6777.52	-0.00521835
6775.59	-0.0052901
6773.66	-0.00524604
6771.73	-0.00514641
6769.81	-0.00522178
6767.88	-0.00527455
6765.95	-0.0052426
6764.02	-0.00510918
6762.09	-0.00506589
6760.17	-0.00500487
6758.24	-0.00497372
6756.31	-0.00480525
6754.38	-0.00463921
6752.45	-0.00478241
6750.53	-0.00477022
6748.6	-0.00462354
6746.67	-0.00468694
6744.74	-0.00483888
6742.81	-0.00485123
6740.88	-0.00479205
6738.96	-0.00478186
6737.03	-0.00484032
6735.1	-0.004799
6733.17	-0.00467963
6731.25	-0.00459151
6729.32	-0.00456846
6727.39	-0.00440522
6725.46	-0.00429657
6723.53	-0.00448426
6721.6	-0.00453168
6719.68	-0.00436746
6717.75	-0.00433161
6715.82	-0.00432603
6713.89	-0.00431419
6711.96	-0.00435221
6710.04	-0.00440338
6708.11	-0.00439229
6706.18	-0.00429877
6704.25	-0.00414976
6702.32	-0.00413434
6700.4	-0.0042047
6698.47	-0.00433122
6696.54	-0.0042762
6694.61	-0.0041856
6692.68	-0.00424483
6690.76	-0.00417018
6688.83	-0.00407427
6686.9	-0.00415633
6684.97	-0.00417874
6683.04	-0.00404506
6681.12	-0.00408813
6679.19	-0.00417927
6677.26	-0.00416014
6675.33	-0.00402677
6673.4	-0.00404765
6671.48	-0.0041132
6669.55	-0.0040492
6667.62	-0.00397871
6665.69	-0.00401597
6663.76	-0.00402349
6661.84	-0.00402664
6659.91	-0.00404844
6657.98	-0.00410963
6656.05	-0.00410126
6654.12	-0.00412876
6652.2	-0.00419262
6650.27	-0.00419262
6648.34	-0.00418652
6646.41	-0.00410296
6644.48	-0.00400849
6642.56	-0.00398045
6640.63	-0.00408665
6638.7	-0.00418495
6636.77	-0.00408993
6634.84	-0.00403987
6632.92	-0.00404788
6630.99	-0.00402162
6629.06	-0.00407024
6627.13	-0.00408035
6625.2	-0.0039422
6623.27	-0.00394631
6621.35	-0.00392782
6619.42	-0.00393774
6617.49	-0.00394479
6615.56	-0.00395881
6613.63	-0.00385137
6611.71	-0.00398452
6609.78	-0.00406413
6607.85	-0.00395799
6605.92	-0.00396328
6603.99	-0.00399575
6602.07	-0.00397796
6600.14	-0.00398827
6598.21	-0.00398561
6596.28	-0.00395323
6594.35	-0.00389226
6592.43	-0.00396988
6590.5	-0.00412679
6588.57	-0.00418094
6586.64	-0.00410283
6584.71	-0.00401144
6582.79	-0.00398994
6580.86	-0.00392506
6578.93	-0.00392207
6577	-0.00398006
6575.07	-0.00398761
6573.15	-0.00405412
6571.22	-0.00408721
6569.29	-0.00399966
6567.36	-0.00407145
6565.43	-0.00426206
6563.51	-0.00419157
6561.58	-0.00402047
6559.65	-0.00393133
6557.72	-0.00394214
6555.79	-0.00387314
6553.87	-0.00393774
6551.94	-0.00400734
6550.01	-0.00397306
6548.08	-0.00396719
6546.15	-0.00389919
6544.23	-0.0039403
6542.3	-0.00409725
6540.37	-0.00411921
6538.44	-0.00406679
6536.51	-0.00396088
6534.59	-0.00393265
6532.66	-0.00406485
6530.73	-0.00413637
6528.8	-0.00415751
6526.87	-0.00399257
6524.95	-0.00392746
6523.02	-0.00404611
6521.09	-0.00414376
6519.16	-0.00410654
6517.23	-0.00401597
6515.31	-0.00410017
6513.38	-0.00419843
6511.45	-0.00414284
6509.52	-0.00413089
6507.59	-0.00412863
6505.67	-0.00414809
6503.74	-0.00419321
6501.81	-0.00419085
6499.88	-0.00420109
6497.95	-0.00427807
6496.02	-0.00426498
6494.1	-0.00422669
6492.17	-0.00411721
6490.24	-0.00403094
6488.31	-0.00404864
6486.38	-0.0041834
6484.46	-0.00426698
6482.53	-0.00423243
6480.6	-0.0042131
6478.67	-0.00430461
6476.74	-0.00435208
6474.82	-0.00428719
6472.89	-0.00420188
6470.96	-0.00426809
6469.03	-0.00432003
6467.1	-0.00429759
6465.18	-0.00422334
6463.25	-0.00421264
6461.32	-0.00423167
6459.39	-0.00425904
6457.46	-0.00419715
6455.54	-0.00425569
6453.61	-0.0044431
6451.68	-0.00439899
6449.75	-0.00430369
6447.82	-0.00435828
6445.9	-0.0044183
6443.97	-0.00440391
6442.04	-0.00437514
6440.11	-0.00443342
6438.18	-0.00440742
6436.26	-0.00438124
6434.33	-0.00431954
6432.4	-0.00425077
6430.47	-0.00434381
6428.54	-0.00442637
6426.62	-0.00434398
6424.69	-0.00428627
6422.76	-0.00429834
6420.83	-0.00434827
6418.9	-0.00432921
6416.98	-0.00423689
6415.05	-0.00430169
6413.12	-0.00439436
6411.19	-0.00444831
6409.26	-0.00444969
6407.34	-0.0044265
6405.41	-0.00445494
6403.48	-0.00450905
6401.55	-0.0043902
6399.62	-0.00437133
6397.7	-0.00445907
6395.77	-0.00452512
6393.84	-0.00458564
6391.91	-0.00456037
6389.98	-0.00459322
6388.06	-0.00448603
6386.13	-0.00446045
6384.2	-0.00457745
6382.27	-0.00456735
6380.34	-0.00440256
6378.42	-0.00442965
6376.49	-0.00440614
6374.56	-0.0044063
6372.63	-0.00452361
6370.7	-0.00455404
6368.77	-0.00466259
6366.85	-0.00475072
6364.92	-0.00467009
6362.99	-0.00462456
6361.06	-0.00457522
6359.13	-0.0046758
6357.21	-0.00473571
6355.28	-0.00460459
6353.35	-0.00449439
6351.42	-0.00452767
6349.49	-0.00460768
6347.57	-0.00461817
6345.64	-0.00466095
6343.71	-0.00478599
6341.78	-0.00482757
6339.85	-0.00488209
6337.93	-0.00486725
6336	-0.00476151
6334.07	-0.00472801
6332.14	-0.00469795
6330.21	-0.00468701
6328.29	-0.00489821
6326.36	-0.00498735
6324.43	-0.00486152
6322.5	-0.00482564
6320.57	-0.00488357
6318.65	-0.00481666
6316.72	-0.00485968
6314.79	-0.00486535
6312.86	-0.00482767
6310.93	-0.00491879
6309.01	-0.00486659
6307.08	-0.00480054
6305.15	-0.00491305
6303.22	-0.00506078
6301.29	-0.00496829
6299.37	-0.0047657
6297.44	-0.004744
6295.51	-0.00486007
6293.58	-0.00492416
6291.65	-0.004977
6289.73	-0.00501031
6287.8	-0.00499367
6285.87	-0.00506933
6283.94	-0.00515869
6282.01	-0.00504971
6280.08	-0.00494391
6278.16	-0.00496416
6276.23	-0.00507326
6274.3	-0.00513201
6272.37	-0.0051009
6270.45	-0.00504496
6268.52	-0.00506081
6266.59	-0.00514556
6264.66	-0.00515087
6262.73	-0.00519569
6260.8	-0.00516387
6258.88	-0.00503831
6256.95	-0.00505272
6255.02	-0.00505053
6253.09	-0.0050409
6251.17	-0.00521268
6249.24	-0.00526817
6247.31	-0.00516043
6245.38	-0.00511285
6243.45	-0.00505417
6241.52	-0.00509052
6239.6	-0.00512575
6237.67	-0.00509438
6235.74	-0.00510067
6233.81	-0.00502187
6231.88	-0.00508875
6229.96	-0.00520735
6228.03	-0.00514782
6226.1	-0.00503451
6224.17	-0.00513721
6222.24	-0.00527272
6220.32	-0.00517271
6218.39	-0.00507126
6216.46	-0.00512186
6214.53	-0.00517585
6212.6	-0.00519062
6210.68	-0.0052188
6208.75	-0.00521854
6206.82	-0.00523815
6204.89	-0.00531017
6202.96	-0.00524578
6201.04	-0.00507552
6199.11	-0.00514294
6197.18	-0.00527246
6195.25	-0.00513266
6193.32	-0.0049865
6191.4	-0.00506573
6189.47	-0.00518741
6187.54	-0.00524418
6185.61	-0.00517948
6183.68	-0.00516239
6181.76	-0.00522977
6179.83	-0.00524486
6177.9	-0.00516734
6175.97	-0.00513928
6174.04	-0.00520286
6172.12	-0.00520852
6170.19	-0.00516092
6168.26	-0.00521995
6166.33	-0.00520361
6164.4	-0.00508829
6162.48	-0.00512484
6160.55	-0.00517634
6158.62	-0.00528244
6156.69	-0.00520126
6154.76	-0.00509337
6152.83	-0.00508754
6150.91	-0.00517598
6148.98	-0.00518132
6147.05	-0.00503599
6145.12	-0.00511577
6143.19	-0.005136
6141.27	-0.00493241
6139.34	-0.00491924
6137.41	-0.00507545
6135.48	-0.00511622
6133.55	-0.0049842
6131.63	-0.00495033
6129.7	-0.00504251
6127.77	-0.00507709
6125.84	-0.0049994
6123.91	-0.00487626
6121.99	-0.00486306
6120.06	-0.00498319
6118.13	-0.00509107
6116.2	-0.00495135
6114.27	-0.00493487
6112.35	-0.00502276
6110.42	-0.00497336
6108.49	-0.00500451
6106.56	-0.00492442
6104.63	-0.00477448
6102.71	-0.00482056
6100.78	-0.00507879
6098.85	-0.00500464
6096.92	-0.00484595
6094.99	-0.004874
6093.07	-0.00496265
6091.14	-0.00488521
6089.21	-0.00491276
6087.28	-0.00495951
6085.35	-0.00498909
6083.43	-0.0050012
6081.5	-0.00496684
6079.57	-0.0050036
6077.64	-0.00497831
6075.71	-0.00484857
6073.79	-0.00479444
6071.86	-0.0048488
6069.93	-0.00490522
6068	-0.00490277
6066.07	-0.0048853
6064.15	-0.0049466
6062.22	-0.00497244
6060.29	-0.0050295
6058.36	-0.00506936
6056.43	-0.00499757
6054.51	-0.00494981
6052.58	-0.00497172
6050.65	-0.00496147
6048.72	-0.00494388
6046.79	-0.00492721
6044.87	-0.00495544
6042.94	-0.00496855
6041.01	-0.00501506
6039.08	-0.00505508
6037.15	-0.00499803
6035.23	-0.00491246
6033.3	-0.0049446
6031.37	-0.00499757
6029.44	-0.00502168
6027.51	-0.00498784
6025.58	-0.00497392
6023.66	-0.00503543
6021.73	-0.00499449
6019.8	-0.00492475
6017.87	-0.00499741
6015.94	-0.00509448
6014.02	-0.00510866
6012.09	-0.00506117
6010.16	-0.00507273
6008.23	-0.00510083
6006.3	-0.00506969
6004.38	-0.00509317
6002.45	-0.00523426
6000.52	-0.00528781
5998.59	-0.00517713
5996.66	-0.00507142
5994.74	-0.00507984
5992.81	-0.00520299
5990.88	-0.00529891
5988.95	-0.00537988
5987.02	-0.00537455
5985.1	-0.00534002
5983.17	-0.00532342
5981.24	-0.00530581
5979.31	-0.00528755
5977.38	-0.00524346
5975.46	-0.00514533
5973.53	-0.00511076
5971.6	-0.00519252
5969.67	-0.00519085
5967.74	-0.00515912
5965.82	-0.00528765
5963.89	-0.00528945
5961.96	-0.00520204
5960.03	-0.00521661
5958.1	-0.00527374
5956.18	-0.00531501
5954.25	-0.00536283
5952.32	-0.0054147
5950.39	-0.00550268
5948.46	-0.00551443
5946.54	-0.00538053
5944.61	-0.0053751
5942.68	-0.00535772
5940.75	-0.00533475
5938.82	-0.0054309
5936.9	-0.00542445
5934.97	-0.00548024
5933.04	-0.00551345
5931.11	-0.00550095
5929.18	-0.005431
5927.25	-0.00532751
5925.33	-0.00530647
5923.4	-0.00529917
5921.47	-0.00535111
5919.54	-0.00546224
5917.62	-0.00547599
5915.69	-0.00546051
5913.76	-0.00545783
5911.83	-0.00552781
5909.9	-0.00552725
5907.97	-0.00558159
5906.05	-0.00557302
5904.12	-0.00545524
5902.19	-0.00537517
5900.26	-0.00537484
5898.33	-0.00543744
5896.41	-0.00545635
5894.48	-0.00550933
5892.55	-0.00545024
5890.62	-0.0053878
5888.69	-0.00542101
5886.77	-0.00540406
5884.84	-0.0055267
5882.91	-0.00560023
5880.98	-0.00549091
5879.05	-0.00535664
5877.13	-0.00534971
5875.2	-0.00550861
5873.27	-0.00556893
5871.34	-0.00553645
5869.41	-0.00553887
5867.49	-0.00549107
5865.56	-0.00543198
5863.63	-0.00555866
5861.7	-0.00568334
5859.77	-0.00562637
5857.85	-0.00555297
5855.92	-0.00545662
5853.99	-0.005447
5852.06	-0.00545815
5850.13	-0.00547235
5848.21	-0.00553923
5846.28	-0.00551243
5844.35	-0.00547451
5842.42	-0.0054808
5840.49	-0.00546682
5838.57	-0.00550298
5836.64	-0.00555395
5834.71	-0.00559703
5832.78	-0.00558849
5830.85	-0.0055813
5828.93	-0.00554233
5827	-0.00554639
5825.07	-0.00561584
5823.14	-0.00553978
5821.21	-0.00540901
5819.29	-0.00538983
5817.36	-0.00543502
5815.43	-0.00547173
5813.5	-0.00543119
5811.57	-0.00542553
5809.65	-0.00546709
5807.72	-0.00546169
5805.79	-0.00545835
5803.86	-0.0053591
5801.93	-0.00531701
5800	-0.00533517
5798.08	-0.00544071
5796.15	-0.00552032
5794.22	-0.0055108
5792.29	-0.00542445
5790.36	-0.0054251
5788.44	-0.00542772
5786.51	-0.00549617
5784.58	-0.00554561
5782.65	-0.0054879
5780.72	-0.0055316
5778.8	-0.00557822
5776.87	-0.00548214
5774.94	-0.00536551
5773.01	-0.00535072
5771.08	-0.00549634
5769.16	-0.00553861
5767.23	-0.00539997
5765.3	-0.0055158
5763.37	-0.0055196
5761.44	-0.00538783
5759.52	-0.00544974
5757.59	-0.00552487
5755.66	-0.00548436
5753.73	-0.00554387
5751.8	-0.00564629
5749.88	-0.00563536
5747.95	-0.00560419
5746.02	-0.00559667
5744.09	-0.00557187
5742.16	-0.00548799
5740.24	-0.0053158
5738.31	-0.00530179
5736.38	-0.00535501
5734.45	-0.00531717
5732.52	-0.00537327
5730.6	-0.00549732
5728.67	-0.00551332
5726.74	-0.00547644
5724.81	-0.00549297
5722.88	-0.0054576
5720.96	-0.00544981
5719.03	-0.00532788
5717.1	-0.0053066
5715.17	-0.00555971
5713.24	-0.00563075
5711.32	-0.00546869
5709.39	-0.00534961
5707.46	-0.00538011
5705.53	-0.00551708
5703.6	-0.00539637
5701.68	-0.00526117
5699.75	-0.00532493
5697.82	-0.00547163
5695.89	-0.00559091
5693.96	-0.0055528
5692.03	-0.00546718
5690.11	-0.00544582
5688.18	-0.00540563
5686.25	-0.005357
5684.32	-0.00539228
5682.4	-0.00550769
5680.47	-0.00548672
5678.54	-0.00553452
5676.61	-0.00554904
5674.68	-0.00544706
5672.75	-0.00541935
5670.83	-0.005397
5668.9	-0.00534234
5666.97	-0.00535717
5665.04	-0.00549686
5663.11	-0.00550154
5661.19	-0.005468
5659.26	-0.00539317
5657.33	-0.00535043
5655.4	-0.00533763
5653.47	-0.00534247
5651.55	-0.00531138
5649.62	-0.00525387
5647.69	-0.00525069
5645.76	-0.00539081
5643.83	-0.00539006
5641.91	-0.00533429
5639.98	-0.00528673
5638.05	-0.00532552
5636.12	-0.00533334
5634.19	-0.00527387
5632.27	-0.00527688
5630.34	-0.0052867
5628.41	-0.00524427
5626.48	-0.00525501
5624.55	-0.00532902
5622.63	-0.00536617
5620.7	-0.00516652
5618.77	-0.00515421
5616.84	-0.00540779
5614.91	-0.00543963
5612.99	-0.00537337
5611.06	-0.00531989
5609.13	-0.00528506
5607.2	-0.00527635
5605.27	-0.00533854
5603.35	-0.00540992
5601.42	-0.00541074
5599.49	-0.00545609
5597.56	-0.00546807
5595.63	-0.00535965
5593.71	-0.00538842
5591.78	-0.00540662
5589.85	-0.00535043
5587.92	-0.00536908
5585.99	-0.0054182
5584.07	-0.00540099
5582.14	-0.00525652
5580.21	-0.00513937
5578.28	-0.00517241
5576.35	-0.00523252
5574.43	-0.00525128
5572.5	-0.00539575
5570.57	-0.00542553
5568.64	-0.0052756
5566.71	-0.00523236
5564.79	-0.00525501
5562.86	-0.00535308
5560.93	-0.00536335
5559	-0.00527472
5557.07	-0.00524398
5555.14	-0.00516757
5553.22	-0.00526444
5551.29	-0.00533092
5549.36	-0.00529724
5547.43	-0.00533953
5545.5	-0.00536643
5543.58	-0.00533819
5541.65	-0.00538145
5539.72	-0.00534097
5537.79	-0.00528434
5535.86	-0.00533098
5533.94	-0.00530653
5532.01	-0.00523917
5530.08	-0.00528454
5528.15	-0.00533278
5526.22	-0.00532935
5524.3	-0.00529308
5522.37	-0.00520977
5520.44	-0.00517297
5518.51	-0.00520044
5516.58	-0.00528719
5514.66	-0.00528074
5512.73	-0.00532355
5510.8	-0.00542429
5508.87	-0.00544042
5506.94	-0.0054199
5505.02	-0.00537425
5503.09	-0.005274
5501.16	-0.00517074
5499.23	-0.00515319
5497.3	-0.00512723
5495.38	-0.00510774
5493.45	-0.0051713
5491.52	-0.00514759
5489.59	-0.00515388
5487.66	-0.00525887
5485.74	-0.00531691
5483.81	-0.00526464
5481.88	-0.00532588
5479.95	-0.00539343
5478.02	-0.00540629
5476.1	-0.00529069
5474.17	-0.0052577
5472.24	-0.00529943
5470.31	-0.00531737
5468.38	-0.00533773
5466.46	-0.00532627
5464.53	-0.00522535
5462.6	-0.00508901
5460.67	-0.00514003
5458.74	-0.0052338
5456.82	-0.00521671
5454.89	-0.00522254
5452.96	-0.00526153
5451.03	-0.00529727
5449.1	-0.00527256
5447.17	-0.00519399
5445.25	-0.00515833
5443.32	-0.00515113
5441.39	-0.00514029
5439.46	-0.00518142
5437.54	-0.00523688
5435.61	-0.00522149
5433.68	-0.00519926
5431.75	-0.00508534
5429.82	-0.00517297
5427.89	-0.00526297
5425.97	-0.00522925
5424.04	-0.00519788
5422.11	-0.00518089
5420.18	-0.00520803
5418.25	-0.00522142
5416.33	-0.00519481
5414.4	-0.00509802
5412.47	-0.0051305
5410.54	-0.00516832
5408.61	-0.00517503
5406.69	-0.0051342
5404.76	-0.00516223
5402.83	-0.00524162
5400.9	-0.00526889
5398.97	-0.00520021
5397.05	-0.00506687
5395.12	-0.0050707
5393.19	-0.00506396
5391.26	-0.00507038
5389.33	-0.00516102
5387.41	-0.00516387
5385.48	-0.00519261
5383.55	-0.00517605
5381.62	-0.00515794
5379.69	-0.00520561
5377.77	-0.00522172
5375.84	-0.00512539
5373.91	-0.00503926
5371.98	-0.00499983
5370.05	-0.00507499
5368.13	-0.0051416
5366.2	-0.00515195
5364.27	-0.00514059
5362.34	-0.00517821
5360.41	-0.00514903
5358.49	-0.00510509
5356.56	-0.00514029
5354.63	-0.00505662
5352.7	-0.00502475
5350.77	-0.00506553
5348.85	-0.00497739
5346.92	-0.0049444
5344.99	-0.00508816
5343.06	-0.00518643
5341.13	-0.00508361
5339.21	-0.00500366
5337.28	-0.00499567
5335.35	-0.00501493
5333.42	-0.00504726
5331.49	-0.00505027
5329.56	-0.00510293
5327.64	-0.005114
5325.71	-0.00501997
5323.78	-0.00499993
5321.85	-0.00509392
5319.92	-0.00504886
5318	-0.00496838
5316.07	-0.0049899
5314.14	-0.00505043
5312.21	-0.00504241
5310.28	-0.00492675
5308.36	-0.00490037
5306.43	-0.0048276
5304.5	-0.0047989
5302.57	-0.00478835
5300.64	-0.00470133
5298.72	-0.00470385
5296.79	-0.00472991
5294.86	-0.00466845
5292.93	-0.00471588
5291	-0.00472988
5289.08	-0.00469504
5287.15	-0.00469382
5285.22	-0.00463167
5283.29	-0.00455977
5281.36	-0.00451653
5279.44	-0.00451207
5277.51	-0.00462138
5275.58	-0.00453322
5273.65	-0.00442362
5271.72	-0.00446953
5269.8	-0.00449367
5267.87	-0.00447147
5265.94	-0.00433558
5264.01	-0.00433968
5262.08	-0.00442273
5260.16	-0.00436418
5258.23	-0.00427105
5256.3	-0.00427708
5254.37	-0.00433879
5252.44	-0.00430464
5250.52	-0.00420575
5248.59	-0.00414419
5246.66	-0.00404345
5244.73	-0.00404135
5242.8	-0.00404703
5240.88	-0.00396062
5238.95	-0.00392214
5237.02	-0.00385311
5235.09	-0.00372475
5233.16	-0.00367281
5231.24	-0.00367389
5229.31	-0.00367159
5227.38	-0.00368063
5225.45	-0.00364156
5223.52	-0.00349719
5221.6	-0.00340959
5219.67	-0.00343346
5217.74	-0.00337497
5215.81	-0.0034088
5213.88	-0.00344378
5211.96	-0.00332391
5210.03	-0.00312661
5208.1	-0.00305311
5206.17	-0.00303531
5204.24	-0.00309253
5202.31	-0.00310954
5200.39	-0.00300432
5198.46	-0.00296618
5196.53	-0.00294877
5194.6	-0.00271294
5192.67	-0.00259106
5190.75	-0.00264586
5188.82	-0.00259531
5186.89	-0.00252472
5184.96	-0.00242084
5183.03	-0.00229838
5181.11	-0.0023227
5179.18	-0.00230893
5177.25	-0.00220144
5175.32	-0.0022317
5173.39	-0.00217714
5171.47	-0.00208535
5169.54	-0.0020373
5167.61	-0.00197315
5165.68	-0.00182536
5163.75	-0.0017189
5161.83	-0.00162345
5159.9	-0.00156297
5157.97	-0.00159139
5156.04	-0.00156112
5154.11	-0.00143323
5152.19	-0.00136711
5150.26	-0.00126477
5148.33	-0.00112269
5146.4	-0.00113686
5144.47	-0.00120394
5142.55	-0.00119625
5140.62	-0.0011484
5138.69	-0.00103358
5136.76	-0.000843998
5134.83	-0.000792737
5132.91	-0.000762143
5130.98	-0.00071805
5129.05	-0.000633855
5127.12	-0.000562914
5125.19	-0.000491663
5123.27	-0.000422651
5121.34	-0.000355283
5119.41	-0.000255355
5117.48	-0.000201673
5115.55	-0.000275124
5113.62	-0.00028019
5111.7	-0.000191373
5109.77	-0.000105188
5107.84	-1.01058e-05
5105.91	0.000167193
5103.99	0.000291943
5102.06	0.000362804
5100.13	0.000367181
5098.2	0.000428966
5096.27	0.000447142
5094.34	0.000458983
5092.42	0.000554852
5090.49	0.000699924
5088.56	0.000725944
5086.63	0.000715024
5084.71	0.000721131
5082.78	0.000817656
5080.85	0.000958166
5078.92	0.000935752
5076.99	0.000905602
5075.06	0.00102545
5073.14	0.00110975
5071.21	0.00117516
5069.28	0.00122407
5067.35	0.00130429
5065.42	0.00133526
5063.5	0.00131476
5061.57	0.00141683
5059.64	0.00158407
5057.71	0.00165684
5055.78	0.00170813
5053.86	0.00186491
5051.93	0.00197803
5050	0.00200362
5048.07	0.00200689
5046.14	0.00212131
5044.22	0.00225342
5042.29	0.00242675
5040.36	0.00265124
5038.43	0.00281756
5036.5	0.00298194
5034.58	0.00315182
5032.65	0.00322816
5030.72	0.00336704
5028.79	0.003635
5026.86	0.00394531
5024.94	0.00412637
5023.01	0.00432096
5021.08	0.00448759
5019.15	0.00462765
5017.22	0.00465444
5015.3	0.00461834
5013.37	0.00463113
5011.44	0.00438482
5009.51	0.00416742
5007.58	0.0040355
5005.66	0.00381219
5003.73	0.00360289
5001.8	0.00337075
4999.87	0.00314555
4997.94	0.0029703
4996.02	0.00291329
4994.09	0.00280452
4992.16	0.00264658
4990.23	0.00254498
4988.3	0.00249902
4986.38	0.00248573
4984.45	0.00236378
4982.52	0.00225785
4980.59	0.0023234
4978.66	0.00235058
4976.73	0.00227533
4974.81	0.00220269
4972.88	0.00211385
4970.95	0.00210626
4969.02	0.00209088
4967.09	0.00193922
4965.17	0.00182438
4963.24	0.00191672
4961.31	0.0019747
4959.38	0.00192857
4957.45	0.00192394
4955.53	0.00193416
4953.6	0.00192145
4951.67	0.00190873
4949.74	0.00183423
4947.81	0.00180208
4945.89	0.00185239
4943.96	0.00185895
4942.03	0.00179144
4940.1	0.00175983
4938.17	0.00171728
4936.25	0.00164161
4934.32	0.00155052
4932.39	0.00158843
4930.46	0.00161623
4928.53	0.00151627
4926.61	0.00154949
4924.68	0.0015065
4922.75	0.00137352
4920.82	0.00143744
4918.89	0.00151052
4916.97	0.00153144
4915.04	0.00150114
4913.11	0.00137153
4911.18	0.00119387
4909.25	0.00114696
4907.33	0.00116573
4905.4	0.00116629
4903.47	0.00106135
4901.54	0.000960989
4899.61	0.00105255
4897.69	0.00108796
4895.76	0.00102475
4893.83	0.00101167
4891.9	0.000984865
4889.97	0.000939637
4888.05	0.000852547
4886.12	0.000838271
4884.19	0.000791797
4882.26	0.000784029
4880.33	0.000790436
4878.41	0.00076262
4876.48	0.00073756
4874.55	0.00073766
4872.62	0.000732449
4870.69	0.000653298
4868.77	0.000543473
4866.84	0.000488803
4864.91	0.000477658
4862.98	0.00049285
4861.05	0.000434439
4859.12	0.000319795
4857.2	0.000275796
4855.27	0.000347914
4853.34	0.000228917
4851.41	0.000190098
4849.48	0.000235912
4847.56	0.000221193
4845.63	0.000129308
4843.7	0.000112239
4841.77	-3.39611e-05
4839.84	-0.000111283
4837.92	-5.08909e-05
4835.99	-9.03803e-05
4834.06	-0.000143215
4832.13	-0.000266184
4830.2	-0.0002937
4828.28	-0.000291415
4826.35	-0.00033224
4824.42	-0.000446351
4822.49	-0.000524493
4820.56	-0.000501757
4818.64	-0.000627834
4816.71	-0.000772925
4814.78	-0.000845751
4812.85	-0.000900378
4810.92	-0.000938435
4809	-0.00100095
4807.07	-0.00100343
4805.14	-0.000972587
4803.21	-0.0011562
4801.28	-0.00127009
4799.36	-0.00125215
4797.43	-0.00135839
4795.5	-0.0014471
4793.57	-0.00142702
4791.64	-0.00149974
4789.72	-0.00161909
4787.79	-0.00170382
4785.86	-0.00174339
4783.93	-0.00179427
4782	-0.00179602
4780.08	-0.00182057
4778.15	-0.00199963
4776.22	-0.00209794
4774.29	-0.00222062
4772.36	-0.00226746
4770.44	-0.00221828
4768.51	-0.0022254
4766.58	-0.0022616
4764.65	-0.00242601
4762.72	-0.00248028
4760.79	-0.00256105
4758.87	-0.00267231
4756.94	-0.00272446
4755.01	-0.00272591
4753.08	-0.00271465
4751.16	-0.00285368
4749.23	-0.00297701
4747.3	-0.00296463
4745.37	-0.00288074
4743.44	-0.00294005
4741.51	-0.00313668
4739.59	-0.00325423
4737.66	-0.00340292
4735.73	-0.00344625
4733.8	-0.00337241
4731.88	-0.00336113
4729.95	-0.00338092
4728.02	-0.0034159
4726.09	-0.0034783
4724.16	-0.00354015
4722.23	-0.00360624
4720.31	-0.00369012
4718.38	-0.00378296
4716.45	-0.00382362
4714.52	-0.0037209
4712.59	-0.00385495
4710.67	-0.00396794
4708.74	-0.00396026
4706.81	-0.00402441
4704.88	-0.00407109
4702.95	-0.00403817
4701.03	-0.00405704
4699.1	-0.00417946
4697.17	-0.00430172
4695.24	-0.0043717
4693.31	-0.00440295
4691.39	-0.00443634
4689.46	-0.00446169
4687.53	-0.00445232
4685.6	-0.00448928
4683.67	-0.00451154
4681.75	-0.00455889
4679.82	-0.00458476
4677.89	-0.00467501
4675.96	-0.0047713
4674.03	-0.00477088
4672.11	-0.00474328
4670.18	-0.00477658
4668.25	-0.00480503
4666.32	-0.00484084
4664.39	-0.0049125
4662.47	-0.00490496
4660.54	-0.00491623
4658.61	-0.00496409
4656.68	-0.0049276
4654.75	-0.00486198
4652.83	-0.00490503
4650.9	-0.00500576
4648.97	-0.00507372
4647.04	-0.00507273
4645.11	-0.00509373
4643.19	-0.00513973
4641.26	-0.00509019
4639.33	-0.00505577
4637.4	-0.00516049
4635.47	-0.00520381
4633.54	-0.00518698
4631.62	-0.00520296
4629.69	-0.00525482
4627.76	-0.00526241
4625.83	-0.00521399
4623.9	-0.00521658
4621.98	-0.00527596
4620.05	-0.00530781
4618.12	-0.00534355
4616.19	-0.00537772
4614.26	-0.00540334
4612.34	-0.00540599
4610.41	-0.0053412
4608.48	-0.00535301
4606.55	-0.00545478
4604.62	-0.00538502
4602.7	-0.00532575
4600.77	-0.00528369
4598.84	-0.00530097
4596.91	-0.00545125
4594.98	-0.00544919
4593.06	-0.00532172
4591.13	-0.00527999
4589.2	-0.00539736
4587.27	-0.00548822
4585.34	-0.00553226
4583.42	-0.00546028
4581.49	-0.00535766
4579.56	-0.00530238
4577.63	-0.00520731
4575.7	-0.00525743
4573.78	-0.00535147
4571.85	-0.00530156
4569.92	-0.00527207
4567.99	-0.00522545
4566.06	-0.00518525
4564.14	-0.00511911
4562.21	-0.00510627
4560.28	-0.00515224
4558.35	-0.00507755
4556.42	-0.00493805
4554.5	-0.00492642
4552.57	-0.00488737
4550.64	-0.00473089
4548.71	-0.00469946
4546.78	-0.00471159
4544.86	-0.00467091
4542.93	-0.00457709
4541	-0.00448354
4539.07	-0.00450423
4537.14	-0.00454525
4535.22	-0.00449849
4533.29	-0.00439892
4531.36	-0.00435208
4529.43	-0.00436002
4527.5	-0.00444605
4525.58	-0.004447
4523.65	-0.00442152
4521.72	-0.00449931
4519.79	-0.00456991
4517.86	-0.00461335
4515.94	-0.00463249
4514.01	-0.00470985
4512.08	-0.00480208
4510.15	-0.00483448
4508.22	-0.0048507
4506.29	-0.00498054
4504.37	-0.00514759
4502.44	-0.00514255
4500.51	-0.00515237
4498.58	-0.00517215
4496.65	-0.00523625
4494.73	-0.0053788
4492.8	-0.00550389
4490.87	-0.00545763
4488.94	-0.00548835
4487.01	-0.00558895
4485.09	-0.00559238
4483.16	-0.0055263
4481.23	-0.00565188
4479.3	-0.0056055
4477.37	-0.00557786
4475.45	-0.00564472
4473.52	-0.00574564
4471.59	-0.00584585
4469.66	-0.00583038
4467.73	-0.00578105
4465.81	-0.00577379
4463.88	-0.00572628
4461.95	-0.0058362
4460.02	-0.00590848
4458.09	-0.00581923
4456.17	-0.00586879
4454.24	-0.00595061
4452.31	-0.00590465
4450.38	-0.00578134
4448.45	-0.00576146
4446.53	-0.00577918
4444.6	-0.00577441
4442.67	-0.00573337
4440.74	-0.00572719
4438.81	-0.00577369
4436.89	-0.0057562
4434.96	-0.00572605
4433.03	-0.00570152
4431.1	-0.00568606
4429.17	-0.0057716
4427.25	-0.00585791
4425.32	-0.00590047
4423.39	-0.00587635
4421.46	-0.00591018
4419.53	-0.00591367
4417.61	-0.00589432
4415.68	-0.00595267
4413.75	-0.00593708
4411.82	-0.00577435
4409.89	-0.0057233
4407.96	-0.00579216
4406.04	-0.00588324
4404.11	-0.00593551
4402.18	-0.00586092
4400.25	-0.00574976
4398.33	-0.0057699
4396.4	-0.00589812
4394.47	-0.00595603
4392.54	-0.00590563
4390.61	-0.00579668
4388.68	-0.00586347
4386.76	-0.00583999
4384.83	-0.00575329
4382.9	-0.00583359
4380.97	-0.00591037
4379.04	-0.00590194
4377.12	-0.00588357
4375.19	-0.00589439
4373.26	-0.00586298
4371.33	-0.00585807
4369.4	-0.00588393
4367.48	-0.00576375
4365.55	-0.00573154
4363.62	-0.00590266
4361.69	-0.00592675
4359.76	-0.00577732
4357.84	-0.00572978
4355.91	-0.00570375
4353.98	-0.00577555
4352.05	-0.00579586
4350.12	-0.00583885
4348.2	-0.00591286
4346.27	-0.00588167
4344.34	-0.0059613
4342.41	-0.00592606
4340.48	-0.00581047
4338.56	-0.00577591
4336.63	-0.00578641
4334.7	-0.00564943
4332.77	-0.00566509
4330.84	-0.00576065
4328.92	-0.00577333
4326.99	-0.00578059
4325.06	-0.00581502
4323.13	-0.00585719
4321.2	-0.00578644
4319.28	-0.0057494
4317.35	-0.00575381
4315.42	-0.0057183
4313.49	-0.00573504
4311.56	-0.00571634
4309.64	-0.00570777
4307.71	-0.00577814
4305.78	-0.00579622
4303.85	-0.00583372
4301.92	-0.0057629
4300	-0.00571261
4298.07	-0.00568704
4296.14	-0.00560429
4294.21	-0.00556841
4292.28	-0.0057116
4290.35	-0.00575018
4288.43	-0.00574936
4286.5	-0.00571846
4284.57	-0.0056162
4282.64	-0.00557403
4280.71	-0.00556994
4278.79	-0.00550553
4276.86	-0.00550131
4274.93	-0.00551858
4273	-0.00549827
4271.07	-0.00546918
4269.15	-0.00548963
4267.22	-0.00550982
4265.29	-0.00555843
4263.36	-0.00558879
4261.43	-0.00552022
4259.51	-0.0055478
4257.58	-0.00564864
4255.65	-0.00568004
4253.72	-0.00560266
4251.79	-0.00554685
4249.87	-0.00548534
4247.94	-0.005388
4246.01	-0.00538188
4244.08	-0.00538571
4242.15	-0.0053411
4240.23	-0.00530182
4238.3	-0.005305
4236.37	-0.00536391
4234.44	-0.00545727
4232.51	-0.00544991
4230.59	-0.00545236
4228.66	-0.0054023
4226.73	-0.00533301
4224.8	-0.00533655
4222.87	-0.00541925
4220.95	-0.00544163
4219.02	-0.00533098
4217.09	-0.00531216
4215.16	-0.00533108
4213.23	-0.00526336
4211.31	-0.00532189
4209.38	-0.00538783
4207.45	-0.00540871
4205.52	-0.005411
4203.59	-0.00542409
4201.67	-0.00539281
4199.74	-0.00540455
4197.81	-0.00536983
4195.88	-0.00532382
4193.95	-0.00535884
4192.03	-0.00539952
4190.1	-0.00537301
4188.17	-0.00533897
4186.24	-0.00535164
4184.31	-0.00536456
4182.39	-0.00545688
4180.46	-0.00537333
4178.53	-0.00520469
4176.6	-0.00521524
4174.67	-0.00529256
4172.75	-0.00528663
4170.82	-0.00525069
4168.89	-0.00528647
4166.96	-0.00533733
4165.03	-0.00527665
4163.1	-0.00527354
4161.18	-0.00536339
4159.25	-0.00539264
4157.32	-0.00531681
4155.39	-0.00529279
4153.46	-0.0053663
4151.54	-0.00533465
4149.61	-0.00532208
4147.68	-0.00526356
4145.75	-0.0052409
4143.82	-0.00519468
4141.9	-0.0052228
4139.97	-0.00537909
4138.04	-0.00543279
4136.11	-0.00538806
4134.18	-0.00529491
4132.26	-0.00524637
4130.33	-0.00521533
4128.4	-0.00514687
4126.47	-0.00520787
4124.54	-0.00526483
4122.62	-0.00523773
4120.69	-0.00523923
4118.76	-0.00523697
4116.83	-0.00523269
4114.9	-0.005232
4112.98	-0.00522614
4111.05	-0.00528392
4109.12	-0.00525243
4107.19	-0.0051897
4105.26	-0.00516806
4103.34	-0.00511966
4101.41	-0.00526853
4099.48	-0.00530788
4097.55	-0.0052538
4095.62	-0.00527416
4093.7	-0.0052486
4091.77	-0.00518898
4089.84	-0.00517598
4087.91	-0.00519206
4085.98	-0.00527724
4084.06	-0.00517952
4082.13	-0.00512202
4080.2	-0.00523668
4078.27	-0.00519068
4076.34	-0.00503114
4074.42	-0.00503049
4072.49	-0.00511776
4070.56	-0.00520113
4068.63	-0.00512218
4066.7	-0.00505361
4064.78	-0.00511655
4062.85	-0.00505037
4060.92	-0.00501447
4058.99	-0.00507545
4057.06	-0.00504644
4055.14	-0.00506517
4053.21	-0.0051009
4051.28	-0.00497172
4049.35	-0.00497097
4047.42	-0.00502331
4045.5	-0.00503425
4043.57	-0.00501257
4041.64	-0.00499849
4039.71	-0.00500255
4037.78	-0.00511459
4035.85	-0.00516475
4033.93	-0.00508734
4032	-0.00498558
4030.07	-0.00495191
4028.14	-0.00496347
4026.21	-0.00500386
4024.29	-0.00501067
4022.36	-0.00494342
4020.43	-0.00490005
4018.5	-0.00485624
4016.57	-0.00489765
4014.65	-0.0049485
4012.72	-0.00496655
4010.79	-0.00498201
4008.86	-0.00490666
4006.93	-0.0048355
4005.01	-0.00485369
4003.08	-0.00495934
4001.15	-0.00496583
3999.22	-0.00483039
3997.29	-0.00485195
3995.37	-0.00495119
3993.44	-0.00497045
3991.51	-0.00498063
3989.58	-0.00496445
3987.65	-0.00492386
3985.73	-0.00482993
3983.8	-0.00486581
3981.87	-0.00488439
3979.94	-0.00484697
3978.01	-0.00492724
3976.09	-0.00493114
3974.16	-0.00487128
3972.23	-0.00494745
3970.3	-0.00488009
3968.37	-0.00477799
3966.45	-0.0048396
3964.52	-0.00488203
3962.59	-0.00487646
3960.66	-0.00489058
3958.73	-0.00490087
3956.81	-0.00490037
3954.88	-0.00490204
3952.95	-0.00488907
3951.02	-0.00487079
3949.09	-0.00480801
3947.17	-0.00477589
3945.24	-0.00480175
3943.31	-0.00490696
3941.38	-0.00496006
3939.45	-0.00498791
3937.53	-0.00503039
3935.6	-0.00492858
3933.67	-0.00489969
3931.74	-0.0049238
3929.81	-0.005005
3927.88	-0.00503949
3925.96	-0.00498846
3924.03	-0.00491977
3922.1	-0.00489831
3920.17	-0.00490601
3918.24	-0.00493523
3916.32	-0.00491404
3914.39	-0.00490709
3912.46	-0.00487656
3910.53	-0.00486135
3908.6	-0.00494296
3906.68	-0.00493281
3904.75	-0.0049293
3902.82	-0.00485988
3900.89	-0.00488671
3898.96	-0.00491931
3897.04	-0.00481581
3895.11	-0.00481636
3893.18	-0.00482593
3891.25	-0.00476383
3889.32	-0.00484887
3887.4	-0.00505135
3885.47	-0.00510145
3883.54	-0.00505908
3881.61	-0.00494879
3879.68	-0.00485008
3877.76	-0.00490676
3875.83	-0.004912
3873.9	-0.00496137
3871.97	-0.00494562
3870.04	-0.00484513
3868.12	-0.0048182
3866.19	-0.0048335
3864.26	-0.0048083
3862.33	-0.00479405
3860.4	-0.00487043
3858.48	-0.00489628
3856.55	-0.00492478
3854.62	-0.00485241
3852.69	-0.00484916
3850.76	-0.00492193
3848.84	-0.00480791
3846.91	-0.00465423
3844.98	-0.00467245
3843.05	-0.00473719
3841.12	-0.00479634
3839.2	-0.00475613
3837.27	-0.00467465
3835.34	-0.00469674
3833.41	-0.00464393
3831.48	-0.00461377
3829.56	-0.00477622
3827.63	-0.00475511
3825.7	-0.00469815
3823.77	-0.00464203
3821.84	-0.00453384
3819.92	-0.00458338
3817.99	-0.00461309
3816.06	-0.00455981
3814.13	-0.00450879
3812.2	-0.00452112
3810.27	-0.00445917
3808.35	-0.00443408
3806.42	-0.0044798
3804.49	-0.00450262
3802.56	-0.0044348
3800.64	-0.0043691
3798.71	-0.00436349
3796.78	-0.00430678
3794.85	-0.00430025
3792.92	-0.00435362
3790.99	-0.00435749
3789.07	-0.00434644
3787.14	-0.00434936
3785.21	-0.00433725
3783.28	-0.00429139
3781.35	-0.00425704
3779.43	-0.00422393
3777.5	-0.00415249
3775.57	-0.00409384
3773.64	-0.00403662
3771.71	-0.00401433
3769.79	-0.00402155
3767.86	-0.00402947
3765.93	-0.00402966
3764	-0.00402231
3762.07	-0.00397543
3760.15	-0.00383797
3758.22	-0.00376377
3756.29	-0.0037643
3754.36	-0.00375622
3752.43	-0.00371621
3750.51	-0.00378476
3748.58	-0.0037935
3746.65	-0.00375208
3744.72	-0.00361458
3742.79	-0.0034872
3740.87	-0.00347738
3738.94	-0.00354416
3737.01	-0.00342248
3735.08	-0.00324877
3733.15	-0.00322279
3731.23	-0.00325637
3729.3	-0.0032125
3727.37	-0.00313484
3725.44	-0.00301686
3723.51	-0.00291036
3721.59	-0.00285428
3719.66	-0.002823
3717.73	-0.00275555
3715.8	-0.00273833
3713.87	-0.00264863
3711.95	-0.00237902
3710.02	-0.00221772
3708.09	-0.00212406
3706.16	-0.00197912
3704.23	-0.00191417
3702.31	-0.00185258
3700.38	-0.00171553
3698.45	-0.00145585
3696.52	-0.00121789
3694.59	-0.00112546
3692.67	-0.00103044
3690.74	-0.00086083
3688.81	-0.000661613
3686.88	-0.000535712
3684.95	-0.00046674
3683.02	-0.000257607
3681.1	-0.000101577
3679.17	-6.41428e-05
3677.24	2.27637e-05
3675.31	0.000309549
3673.38	0.000618987
3671.46	0.000891624
3669.53	0.000966402
3667.6	0.00108417
3665.67	0.00147381
3663.74	0.00182897
3661.82	0.00207174
3659.89	0.00226331
3657.96	0.00245393
3656.03	0.00273313
3654.1	0.00317155
3652.18	0.00348166
3650.25	0.00370811
3648.32	0.00403533
3646.39	0.00453757
3644.46	0.00494816
3642.54	0.00531847
3640.61	0.00574235
3638.68	0.00615707
3636.75	0.006545
3634.82	0.00699015
3632.9	0.00754757
3630.97	0.00803995
3629.04	0.0084914
3627.11	0.00915232
3625.18	0.0098713
3623.26	0.0105245
3621.33	0.0111446
3619.4	0.0117044
3617.47	0.0123777
3615.54	0.0131646
3613.62	0.0138782
3611.69	0.0146369
3609.76	0.0153756
3607.83	0.0161547
3605.9	0.0171321
3603.98	0.0181582
3602.05	0.0191493
3600.12	0.0200669
3598.19	0.021052
3596.26	0.0222309
3594.34	0.0235607
3592.41	0.0248605
3590.48	0.0259475
3588.55	0.0272842
3586.62	0.0287521
3584.7	0.0300619
3582.77	0.0315652
3580.84	0.03321
3578.91	0.0348728
3576.98	0.0365586
3575.05	0.0383423
3573.13	0.040132
3571.2	0.0420428
3569.27	0.0441348
3567.34	0.0462426
3565.42	0.0484294
3563.49	0.050795
3561.56	0.0532537
3559.63	0.0555924
3557.7	0.0581357
3555.77	0.0608175
3553.85	0.0636643
3551.92	0.066589
3549.99	0.0695602
3548.06	0.072552
3546.13	0.0758144
3544.21	0.0792939
3542.28	0.0829208
3540.35	0.0864818
3538.42	0.0901861
3536.49	0.0941219
3534.57	0.0984202
3532.64	0.102852
3530.71	0.107326
3528.78	0.11212
3526.85	0.117091
3524.93	0.121995
3523	0.127152
3521.07	0.132751
3519.14	0.138602
3517.21	0.144756
3515.29	0.150886
3513.36	0.157271
3511.43	0.164037
3509.5	0.170999
3507.57	0.178241
3505.65	0.185788
3503.72	0.193706
3501.79	0.201973
3499.86	0.210317
3497.93	0.218892
3496.01	0.227911
3494.08	0.237243
3492.15	0.246745
3490.22	0.256643
3488.29	0.266845
3486.37	0.277088
3484.44	0.287614
3482.51	0.298347
3480.58	0.309067
3478.65	0.319984
3476.73	0.331079
3474.8	0.342211
3472.87	0.353314
3470.94	0.364199
3469.01	0.374858
3467.09	0.385916
3465.16	0.396691
3463.23	0.406787
3461.3	0.416547
3459.37	0.425646
3457.44	0.434531
3455.52	0.442959
3453.59	0.450169
3451.66	0.456643
3449.73	0.46237
3447.81	0.467293
3445.88	0.471596
3443.95	0.474727
3442.02	0.476594
3440.09	0.477545
3438.16	0.47816
3436.24	0.4784
3434.31	0.477592
3432.38	0.47602
3430.45	0.47376
3428.52	0.470999
3426.6	0.468308
3424.67	0.465222
3422.74	0.461789
3420.81	0.458048
3418.88	0.45382
3416.96	0.449273
3415.03	0.444955
3413.1	0.440631
3411.17	0.436345
3409.24	0.43228
3407.32	0.428636
3405.39	0.425223
3403.46	0.422078
3401.53	0.419153
3399.6	0.416477
3397.68	0.413952
3395.75	0.411629
3393.82	0.409449
3391.89	0.407224
3389.96	0.405307
3388.04	0.403321
3386.11	0.401388
3384.18	0.399703
3382.25	0.39828
3380.32	0.397001
3378.4	0.395839
3376.47	0.394462
3374.54	0.39313
3372.61	0.392217
3370.68	0.391359
3368.76	0.390451
3366.83	0.389566
3364.9	0.388409
3362.97	0.387366
3361.04	0.386631
3359.12	0.385767
3357.19	0.385077
3355.26	0.384293
3353.33	0.383471
3351.4	0.382871
3349.48	0.382121
3347.55	0.381156
3345.62	0.380388
3343.69	0.379574
3341.76	0.378789
3339.83	0.378142
3337.91	0.377219
3335.98	0.376244
3334.05	0.375562
3332.12	0.374729
3330.19	0.373942
3328.27	0.372889
3326.34	0.372206
3324.41	0.371524
3322.48	0.370332
3320.55	0.369165
3318.63	0.368019
3316.7	0.366884
3314.77	0.365773
3312.84	0.364517
3310.91	0.363311
3308.99	0.362256
3307.06	0.361066
3305.13	0.359929
3303.2	0.359052
3301.27	0.358056
3299.35	0.356724
3297.42	0.35549
3295.49	0.354307
3293.56	0.353054
3291.63	0.352183
3289.71	0.351328
3287.78	0.350367
3285.85	0.349326
3283.92	0.348357
3281.99	0.347463
3280.07	0.34631
3278.14	0.345176
3276.21	0.344549
3274.28	0.343907
3272.35	0.343138
3270.43	0.342742
3268.5	0.342291
3266.57	0.342006
3264.64	0.34186
3262.71	0.341628
3260.79	0.342036
3258.86	0.342448
3256.93	0.342308
3255	0.34239
3253.07	0.343204
3251.15	0.344977
3249.22	0.3468
3247.29	0.348599
3245.36	0.351104
3243.43	0.353887
3241.51	0.356978
3239.58	0.360726
3237.65	0.364597
3235.72	0.369022
3233.79	0.374077
3231.87	0.379628
3229.94	0.385233
3228.01	0.390724
3226.08	0.396561
3224.15	0.402596
3222.22	0.408386
3220.3	0.413738
3218.37	0.419114
3216.44	0.424172
3214.51	0.428519
3212.58	0.432356
3210.66	0.435863
3208.73	0.439034
3206.8	0.442005
3204.87	0.444695
3202.94	0.44678
3201.02	0.448475
3199.09	0.450239
3197.16	0.451348
3195.23	0.452453
3193.3	0.453431
3191.38	0.454363
3189.45	0.455094
3187.52	0.455447
3185.59	0.456056
3183.66	0.456795
3181.74	0.45717
3179.81	0.457654
3177.88	0.458589
3175.95	0.459115
3174.02	0.459213
3172.1	0.459574
3170.17	0.460438
3168.24	0.461485
3166.31	0.462203
3164.38	0.462905
3162.46	0.463858
3160.53	0.464695
3158.6	0.465712
3156.67	0.467365
3154.74	0.469015
3152.82	0.470313
3150.89	0.471823
3148.96	0.472995
3147.03	0.474191
3145.1	0.47575
3143.18	0.47726
3141.25	0.478724
3139.32	0.479903
3137.39	0.481051
3135.46	0.481741
3133.54	0.481964
3131.61	0.4825
3129.68	0.482982
3127.75	0.48245
3125.82	0.481608
3123.9	0.480586
3121.97	0.4791
3120.04	0.476986
3118.11	0.474036
3116.18	0.470959
3114.26	0.467295
3112.33	0.463333
3110.4	0.459066
3108.47	0.45423
3106.54	0.44869
3104.61	0.442376
3102.69	0.435993
3100.76	0.429442
3098.83	0.422306
3096.9	0.41497
3094.98	0.40742
3093.05	0.399686
3091.12	0.391392
3089.19	0.383081
3087.26	0.374833
3085.33	0.366498
3083.41	0.357892
3081.48	0.349209
3079.55	0.340599
3077.62	0.332024
3075.69	0.323279
3073.77	0.314616
3071.84	0.306177
3069.91	0.297802
3067.98	0.289233
3066.05	0.280734
3064.13	0.272411
3062.2	0.264289
3060.27	0.256513
3058.34	0.248813
3056.41	0.241173
3054.49	0.233768
3052.56	0.226216
3050.63	0.218927
3048.7	0.212125
3046.77	0.20567
3044.85	0.199248
3042.92	0.192977
3040.99	0.186828
3039.06	0.180915
3037.13	0.175061
3035.21	0.169667
3033.28	0.164991
3031.35	0.160228
3029.42	0.155511
3027.49	0.151063
3025.57	0.146585
3023.64	0.142448
3021.71	0.13883
3019.78	0.135349
3017.85	0.131874
3015.93	0.128477
3014	0.125132
3012.07	0.122168
3010.14	0.119327
3008.21	0.116493
3006.29	0.113704
3004.36	0.111147
3002.43	0.108853
3000.5	0.106604
2998.57	0.104225
2996.65	0.102127
2994.72	0.100083
2992.79	0.0980219
2990.86	0.096157
2988.93	0.0942035
2987	0.0924616
2985.08	0.0908559
2983.15	0.0893876
2981.22	0.0878622
2979.29	0.0862277
2977.36	0.084674
2975.44	0.0833596
2973.51	0.082072
2971.58	0.0806827
2969.65	0.0793375
2967.72	0.0780093
2965.8	0.076693
2963.87	0.0753461
2961.94	0.0743378
2960.01	0.0734735
2958.08	0.0721871
2956.16	0.0709006
2954.23	0.0698453
2952.3	0.0689467
2950.37	0.0680567
2948.44	0.0670603
2946.52	0.065957
2944.59	0.0650745
2942.66	0.0641649
2940.73	0.0631977
2938.8	0.0624449
2936.88	0.0617529
2934.95	0.0609574
2933.02	0.0601493
2931.09	0.0595424
2929.16	0.0588119
2927.24	0.0578487
2925.31	0.0570991
2923.38	0.0565526
2921.45	0.0557497
2919.52	0.0549094
2917.6	0.0543905
2915.67	0.0538802
2913.74	0.053191
2911.81	0.0526195
2909.88	0.0520329
2907.96	0.0512787
2906.03	0.0506304
2904.1	0.0499905
2902.17	0.0493289
2900.24	0.0487598
2898.32	0.0481708
2896.39	0.0476488
2894.46	0.0470481
2892.53	0.0463432
2890.6	0.045836
2888.68	0.045404
2886.75	0.0447756
2884.82	0.0441526
2882.89	0.0435594
2880.96	0.0429789
2879.04	0.0425376
2877.11	0.0421916
2875.18	0.0416481
2873.25	0.040853
2871.32	0.0402555
2869.39	0.0400556
2867.47	0.0395563
2865.54	0.0389382
2863.61	0.0383868
2861.68	0.0379254
2859.75	0.037341
2857.83	0.0366681
2855.9	0.0363642
2853.97	0.0358293
2852.04	0.0351457
2850.11	0.0346504
2848.19	0.0343009
2846.26	0.0340393
2844.33	0.0336208
2842.4	0.0332252
2840.47	0.032791
2838.55	0.0322783
2836.62	0.031807
2834.69	0.0314457
2832.76	0.0309019
2830.83	0.0302856
2828.91	0.0299006
2826.98	0.029734
2825.05	0.0293405
2823.12	0.0287395
2821.19	0.0284641
2819.27	0.0281845
2817.34	0.0276051
2815.41	0.0271201
2813.48	0.0267701
2811.55	0.0263128
2809.63	0.0259819
2807.7	0.025724
2805.77	0.0253419
2803.84	0.0247994
2801.91	0.0243673
2799.99	0.0239805
2798.06	0.0235657
2796.13	0.0233419
2794.2	0.0229838
2792.27	0.0224707
2790.35	0.0221575
2788.42	0.0219185
2786.49	0.0216433
2784.56	0.0213713
2782.63	0.0209864
2780.71	0.020614
2778.78	0.0201915
2776.85	0.0199263
2774.92	0.0197405
2772.99	0.0193616
2771.06	0.0188148
2769.14	0.0183564
2767.21	0.0182727
2765.28	0.0182704
2763.35	0.0180711
2761.43	0.0178639
2759.5	0.0175155
2757.57	0.0171618
2755.64	0.0168927
2753.71	0.0166746
2751.78	0.0164376
2749.86	0.0161136
2747.93	0.0158423
2746	0.0157287
2744.07	0.0156276
2742.15	0.0152914
2740.22	0.0149987
2738.29	0.014769
2736.36	0.0144538
2734.43	0.0141862
2732.5	0.0140438
2730.58	0.013756
2728.65	0.0135445
2726.72	0.0134436
2724.79	0.0131774
2722.86	0.012874
2720.94	0.0126511
2719.01	0.0126045
2717.08	0.0127073
2715.15	0.0124617
2713.22	0.0121777
2711.3	0.0121411
2709.37	0.0121689
2707.44	0.011803
2705.51	0.0116014
2703.58	0.0117402
2701.66	0.0116909
2699.73	0.0115672
2697.8	0.0115345
2695.87	0.0113138
2693.94	0.0109546
2692.02	0.0109297
2690.09	0.0111846
2688.16	0.0111023
2686.23	0.0106686
2684.3	0.0105915
2682.38	0.0106626
2680.45	0.0104476
2678.52	0.0102724
2676.59	0.0103243
2674.66	0.0103462
2672.74	0.0102593
2670.81	0.0102201
2668.88	0.0104727
2666.95	0.0104504
2665.02	0.0101739
2663.1	0.00973167
2661.17	0.00954023
2659.24	0.00993744
2657.31	0.0101531
2655.38	0.0100599
2653.46	0.00994876
2651.53	0.00995903
2649.6	0.00987974
2647.67	0.00946586
2645.74	0.00945069
2643.81	0.00973171
2641.89	0.0100262
2639.96	0.00981972
2638.03	0.00982792
2636.1	0.0100722
2634.17	0.0100942
2632.25	0.00994639
2630.32	0.00994066
2628.39	0.00979182
2626.46	0.009909
2624.53	0.0100905
2622.61	0.0101794
2620.68	0.010181
2618.75	0.0100604
2616.82	0.0100627
2614.89	0.0101875
2612.97	0.0102506
2611.04	0.0103149
2609.11	0.0103995
2607.18	0.0103874
2605.25	0.0102019
2603.33	0.0101805
2601.4	0.0104112
2599.47	0.0105663
2597.54	0.0107116
2595.61	0.010768
2593.69	0.0106815
2591.76	0.0105008
2589.83	0.0105012
2587.9	0.0105442
2585.97	0.0105744
2584.05	0.0107896
2582.12	0.010844
2580.19	0.0109855
2578.26	0.0111583
2576.33	0.0110111
2574.41	0.0108489
2572.48	0.0108882
2570.55	0.0111109
2568.62	0.0111874
2566.69	0.0110176
2564.77	0.0110464
2562.84	0.0112451
2560.91	0.0114056
2558.98	0.0115493
2557.05	0.0115738
2555.13	0.0115187
2553.2	0.0114111
2551.27	0.0115372
2549.34	0.0115775
2547.41	0.0117904
2545.49	0.011966
2543.56	0.0118855
2541.63	0.0118346
2539.7	0.0119355
2537.77	0.0122135
2535.85	0.0123635
2533.92	0.012087
2531.99	0.0120924
2530.06	0.012417
2528.13	0.0125097
2526.21	0.0123656
2524.28	0.012571
2522.35	0.0128784
2520.42	0.0129826
2518.49	0.0129909
2516.56	0.0129105
2514.64	0.0127678
2512.71	0.0125951
2510.78	0.0128375
2508.85	0.0133207
2506.92	0.0133394
2505	0.0134649
2503.07	0.0136639
2501.14	0.01362
2499.21	0.0136657
2497.28	0.0139933
2495.36	0.0139412
2493.43	0.0139558
2491.5	0.0140779
2489.57	0.0140405
2487.64	0.0140204
2485.72	0.0139216
2483.79	0.0141363
2481.86	0.0144969
2479.93	0.0146047
2478	0.0145043
2476.08	0.0147305
2474.15	0.0151169
2472.22	0.0155623
2470.29	0.0154477
2468.36	0.015108
2466.44	0.0153606
2464.51	0.0156312
2462.58	0.0157294
2460.65	0.0157203
2458.72	0.0155738
2456.8	0.0158638
2454.87	0.0163886
2452.94	0.0163374
2451.01	0.0159902
2449.08	0.0162284
2447.16	0.0164344
2445.23	0.0162623
2443.3	0.0164182
2441.37	0.016722
2439.44	0.0167577
2437.52	0.0168591
2435.59	0.0173941
2433.66	0.0177552
2431.73	0.0178428
2429.8	0.0177486
2427.88	0.0176608
2425.95	0.0177654
2424.02	0.018059
2422.09	0.018381
2420.16	0.0183393
2418.24	0.0181535
2416.31	0.0182563
2414.38	0.0190574
2412.45	0.0190017
2410.52	0.0185504
2408.6	0.0184178
2406.67	0.0186573
2404.74	0.01913
2402.81	0.0193021
2400.88	0.0191084
2398.95	0.0189707
2397.03	0.0192178
2395.1	0.0193691
2393.17	0.0193684
2391.24	0.0194945
2389.31	0.0199642
2387.39	0.0198043
2385.46	0.0194118
2383.53	0.0195638
2381.6	0.0201048
2379.67	0.0203664
2377.75	0.0200692
2375.82	0.0202266
2373.89	0.0207077
2371.96	0.0210915
2370.03	0.0210588
2368.11	0.0210601
2366.18	0.0218613
2364.25	0.0219667
2362.32	0.0218743
2360.39	0.0222038
2358.47	0.0221195
2356.54	0.0220678
2354.61	0.0225126
2352.68	0.0230659
2350.75	0.0230373
2348.83	0.0232338
2346.9	0.0237579
2344.97	0.023699
2343.04	0.0236431
2341.11	0.0239826
2339.19	0.0241536
2337.26	0.0237691
2335.33	0.0238447
2333.4	0.0243266
2331.47	0.0245793
2329.55	0.0247802
2327.62	0.024817
2325.69	0.0251798
2323.76	0.0252607
2321.83	0.0252607
2319.91	0.0255956
2317.98	0.0256911
2316.05	0.0260137
2314.12	0.0269692
2312.19	0.0269912
2310.27	0.0266253
2308.34	0.0265843
2306.41	0.0270774
2304.48	0.0270237
2302.55	0.0265967
2300.63	0.027015
2298.7	0.0275204
2296.77	0.0276832
2294.84	0.0283206
2292.91	0.0292637
2290.98	0.0290913
2289.06	0.0289523
2287.13	0.0285126
2285.2	0.0281225
2283.27	0.0284393
2281.35	0.0285413
2279.42	0.0288779
2277.49	0.029668
2275.56	0.0295583
2273.63	0.0294401
2271.7	0.0295095
2269.78	0.0294932
2267.85	0.0297058
2265.92	0.0305454
2263.99	0.0310454
2262.06	0.0311084
2260.14	0.0305224
2258.21	0.0300323
2256.28	0.0294961
2254.35	0.0292234
2252.42	0.0300013
2250.5	0.0308796
2248.57	0.0310386
2246.64	0.0306577
2244.71	0.0300419
2242.78	0.0298621
2240.86	0.0304093
2238.93	0.0305736
2237	0.030455
2235.07	0.0299158
2233.14	0.0288629
2231.22	0.0286063
2229.29	0.0292537
2227.36	0.0290755
2225.43	0.0286246
2223.5	0.0287998
2221.58	0.0284729
2219.65	0.0287357
2217.72	0.0286204
2215.79	0.028074
2213.86	0.0276369
2211.94	0.0279771
2210.01	0.0276698
2208.08	0.027137
2206.15	0.0267405
2204.22	0.026901
2202.3	0.0266757
2200.37	0.0262504
2198.44	0.0261271
2196.51	0.0255377
2194.58	0.0251486
2192.66	0.0251714
2190.73	0.0247996
2188.8	0.0243282
2186.87	0.0248084
2184.94	0.0250081
2183.02	0.0241375
2181.09	0.0229989
2179.16	0.0222463
2177.23	0.0219788
2175.3	0.0225114
2173.38	0.0218936
2171.45	0.0217122
2169.52	0.0213626
2167.59	0.0208039
2165.66	0.0201205
2163.73	0.0194543
2161.81	0.0199575
2159.88	0.0200452
2157.95	0.0202268
2156.02	0.0203614
2154.09	0.0204115
2152.17	0.0201156
2150.24	0.0190799
2148.31	0.0184728
2146.38	0.0188665
2144.45	0.0192988
2142.53	0.0185241
2140.6	0.0179887
2138.67	0.0188463
2136.74	0.0190397
2134.81	0.0177056
2132.89	0.0169932
2130.96	0.0169152
2129.03	0.0171169
2127.1	0.0169976
2125.17	0.0171477
2123.25	0.0170449
2121.32	0.0161762
2119.39	0.0149901
2117.46	0.0143463
2115.53	0.0143131
2113.61	0.0143956
2111.68	0.0137612
2109.75	0.0142104
2107.82	0.0139319
2105.89	0.013411
2103.97	0.013148
2102.04	0.0127041
2100.11	0.0113852
2098.18	0.0101277
2096.25	0.0113793
2094.33	0.0131648
2092.4	0.0130695
2090.47	0.012408
2088.54	0.0119099
2086.61	0.0120849
2084.69	0.0107985
2082.76	0.0110028
2080.83	0.0122455
2078.9	0.0125529
2076.97	0.0118544
2075.05	0.010868
2073.12	0.0117718
2071.19	0.0126872
2069.26	0.012974
2067.33	0.012022
2065.41	0.0100466
2063.48	0.0113429
2061.55	0.0133693
2059.62	0.0117345
2057.69	0.0110059
2055.77	0.00893489
2053.84	0.00827781
2051.91	0.00857848
2049.98	0.00794579
2048.05	0.00789612
2046.12	0.0101022
2044.2	0.0108341
2042.27	0.0093637
2040.34	0.00872947
2038.41	0.0102173
2036.48	0.0109046
2034.56	0.011029
2032.63	0.00872913
2030.7	0.0088612
2028.77	0.011085
2026.84	0.0103518
2024.92	0.00861856
2022.99	0.00613637
2021.06	0.006754
2019.13	0.00848798
2017.2	0.0099648
2015.28	0.00876973
2013.35	0.00648284
2011.42	0.00890039
2009.49	0.0103908
2007.56	0.00833549
2005.64	0.00674199
2003.71	0.00697732
2001.78	0.007048
