nAHu0204.spa, Fri Nov 10 19:11:08 2006 (GMT-10:00)
9999.26	0.0205077
9997.33	0.0204398
9995.4	0.020008
9993.48	0.0197524
9991.55	0.0193288
9989.62	0.0186515
9987.69	0.0195661
9985.76	0.0211006
9983.84	0.0205793
9981.91	0.0200706
9979.98	0.0199562
9978.05	0.0196362
9976.12	0.0190547
9974.2	0.0192995
9972.27	0.0200971
9970.34	0.0202482
9968.41	0.0193187
9966.48	0.0197007
9964.56	0.0194573
9962.63	0.0187889
9960.7	0.0186882
9958.77	0.0186303
9956.84	0.0188461
9954.92	0.0194653
9952.99	0.0197639
9951.06	0.0193358
9949.13	0.0190171
9947.2	0.0189883
9945.28	0.0192889
9943.35	0.0186184
9941.42	0.0184433
9939.49	0.0193006
9937.56	0.0190889
9935.64	0.0185404
9933.71	0.0189653
9931.78	0.0191983
9929.85	0.0190458
9927.92	0.018681
9926	0.0187056
9924.07	0.0192192
9922.14	0.0181205
9920.21	0.0177131
9918.28	0.0201909
9916.36	0.0206968
9914.43	0.0201077
9912.5	0.0196389
9910.57	0.0193492
9908.64	0.0195406
9906.71	0.019581
9904.79	0.0195075
9902.86	0.0191305
9900.93	0.0185359
9899	0.0185657
9897.08	0.0194976
9895.15	0.0198872
9893.22	0.0195619
9891.29	0.0188565
9889.36	0.018534
9887.43	0.0187186
9885.51	0.0185783
9883.58	0.0178808
9881.65	0.0174693
9879.72	0.0174102
9877.79	0.0183603
9875.87	0.0196581
9873.94	0.0196716
9872.01	0.0188595
9870.08	0.0188818
9868.15	0.0192627
9866.23	0.019183
9864.3	0.0192633
9862.37	0.018485
9860.44	0.0179217
9858.51	0.0179981
9856.59	0.0186812
9854.66	0.0187693
9852.73	0.0181409
9850.8	0.0186199
9848.87	0.0185728
9846.95	0.01841
9845.02	0.0185937
9843.09	0.018861
9841.16	0.0193051
9839.23	0.0194689
9837.31	0.0192519
9835.38	0.0183467
9833.45	0.0180755
9831.52	0.0186595
9829.59	0.0181151
9827.67	0.0184216
9825.74	0.0192537
9823.81	0.0191693
9821.88	0.0183169
9819.95	0.0176742
9818.03	0.0178495
9816.1	0.0184709
9814.17	0.0191162
9812.24	0.0186554
9810.31	0.0186151
9808.39	0.0188243
9806.46	0.0181749
9804.53	0.0184528
9802.6	0.0191314
9800.67	0.0191254
9798.75	0.0184551
9796.82	0.0184336
9794.89	0.0190512
9792.96	0.019231
9791.03	0.0186552
9789.11	0.0190179
9787.18	0.0192559
9785.25	0.0190541
9783.32	0.0190566
9781.39	0.0184849
9779.46	0.0175819
9777.54	0.0176984
9775.61	0.0180459
9773.68	0.0174776
9771.75	0.0176262
9769.83	0.0183207
9767.9	0.0178454
9765.97	0.0173945
9764.04	0.0174976
9762.11	0.0176479
9760.18	0.0174996
9758.26	0.0180313
9756.33	0.0185875
9754.4	0.0181984
9752.47	0.0179808
9750.54	0.0177925
9748.62	0.0185169
9746.69	0.0193591
9744.76	0.0196417
9742.83	0.0194687
9740.9	0.0186985
9738.98	0.0180599
9737.05	0.0175516
9735.12	0.0173407
9733.19	0.018122
9731.26	0.0181979
9729.34	0.0179619
9727.41	0.0183677
9725.48	0.0186295
9723.55	0.0185794
9721.62	0.0181099
9719.7	0.0178025
9717.77	0.0182691
9715.84	0.0185445
9713.91	0.0176552
9711.98	0.0176968
9710.06	0.0175358
9708.13	0.0166831
9706.2	0.0165959
9704.27	0.0166308
9702.34	0.0172922
9700.42	0.0177734
9698.49	0.0180953
9696.56	0.0176903
9694.63	0.0170834
9692.7	0.0174022
9690.78	0.0174969
9688.85	0.0176978
9686.92	0.0179712
9684.99	0.0178382
9683.06	0.0172796
9681.14	0.0171477
9679.21	0.0173633
9677.28	0.0178425
9675.35	0.0177036
9673.42	0.017533
9671.5	0.0175044
9669.57	0.0174514
9667.64	0.0168531
9665.71	0.0168736
9663.78	0.0175369
9661.86	0.0174017
9659.93	0.0171552
9658	0.0173687
9656.07	0.0175883
9654.14	0.016913
9652.21	0.0161489
9650.29	0.0164323
9648.36	0.0168573
9646.43	0.0167106
9644.5	0.0169954
9642.57	0.0174728
9640.65	0.0172836
9638.72	0.0171234
9636.79	0.0174453
9634.86	0.0175196
9632.93	0.0172528
9631.01	0.0172916
9629.08	0.0171802
9627.15	0.0173683
9625.22	0.0174369
9623.29	0.0174768
9621.37	0.0178307
9619.44	0.0178842
9617.51	0.0175013
9615.58	0.0172294
9613.65	0.0176494
9611.73	0.01758
9609.8	0.017414
9607.87	0.0173688
9605.94	0.0171808
9604.01	0.0172341
9602.09	0.0173672
9600.16	0.0175576
9598.23	0.0175457
9596.3	0.0169991
9594.37	0.0168855
9592.45	0.0171984
9590.52	0.0169995
9588.59	0.0166569
9586.66	0.0163132
9584.73	0.016555
9582.81	0.0168878
9580.88	0.0169872
9578.95	0.0174873
9577.02	0.0175788
9575.09	0.0172557
9573.17	0.0176537
9571.24	0.0175606
9569.31	0.017038
9567.38	0.0167603
9565.45	0.0171743
9563.53	0.0173
9561.6	0.0170552
9559.67	0.016943
9557.74	0.01725
9555.81	0.0176486
9553.88	0.0172861
9551.96	0.0173651
9550.03	0.0180625
9548.1	0.0179996
9546.17	0.0175372
9544.25	0.0169469
9542.32	0.0166101
9540.39	0.0169238
9538.46	0.017202
9536.53	0.0173205
9534.6	0.0174855
9532.68	0.0173838
9530.75	0.016834
9528.82	0.0165902
9526.89	0.0170459
9524.96	0.0177492
9523.04	0.0172363
9521.11	0.0168341
9519.18	0.016962
9517.25	0.0167547
9515.32	0.016472
9513.4	0.0165318
9511.47	0.0165204
9509.54	0.0161622
9507.61	0.0162127
9505.68	0.0161446
9503.76	0.0156022
9501.83	0.0158626
9499.9	0.0162716
9497.97	0.0164091
9496.04	0.0160596
9494.12	0.0161858
9492.19	0.0165966
9490.26	0.0163029
9488.33	0.0164814
9486.4	0.0165056
9484.48	0.016261
9482.55	0.015866
9480.62	0.0160114
9478.69	0.0163914
9476.76	0.016222
9474.84	0.0157807
9472.91	0.015752
9470.98	0.0165379
9469.05	0.0171107
9467.12	0.0171164
9465.2	0.0165851
9463.27	0.0158893
9461.34	0.0158424
9459.41	0.0161497
9457.48	0.0164844
9455.56	0.0171097
9453.63	0.0175937
9451.7	0.0171681
9449.77	0.0166309
9447.84	0.0169828
9445.92	0.0172122
9443.99	0.016981
9442.06	0.0167695
9440.13	0.0161307
9438.2	0.0159924
9436.28	0.0161575
9434.35	0.0164304
9432.42	0.0162847
9430.49	0.016174
9428.56	0.0157969
9426.63	0.0156627
9424.71	0.0161493
9422.78	0.0159893
9420.85	0.0163641
9418.92	0.0166501
9417	0.0162901
9415.07	0.0154753
9413.14	0.014936
9411.21	0.0152687
9409.28	0.0158938
9407.35	0.0161486
9405.43	0.0159781
9403.5	0.0167382
9401.57	0.0167255
9399.64	0.0160756
9397.71	0.0157199
9395.79	0.0160988
9393.86	0.0165281
9391.93	0.0164601
9390	0.0166066
9388.07	0.0166826
9386.15	0.0162203
9384.22	0.0158083
9382.29	0.0156395
9380.36	0.0159287
9378.43	0.0163271
9376.51	0.0163402
9374.58	0.0163516
9372.65	0.0159349
9370.72	0.0158414
9368.79	0.0160196
9366.87	0.0160993
9364.94	0.016072
9363.01	0.0156292
9361.08	0.0151287
9359.15	0.0154718
9357.23	0.0156886
9355.3	0.0156256
9353.37	0.0160144
9351.44	0.0160994
9349.51	0.0160547
9347.59	0.0161894
9345.66	0.0155718
9343.73	0.0153785
9341.8	0.0158882
9339.87	0.0160073
9337.95	0.0157105
9336.02	0.0158706
9334.09	0.0157924
9332.16	0.0154397
9330.23	0.0153168
9328.31	0.0155679
9326.38	0.0161817
9324.45	0.0160963
9322.52	0.0157431
9320.59	0.0159433
9318.67	0.016307
9316.74	0.0157274
9314.81	0.0151281
9312.88	0.0153287
9310.95	0.0152888
9309.03	0.0151633
9307.1	0.0153722
9305.17	0.0154261
9303.24	0.015275
9301.31	0.0156294
9299.38	0.0159765
9297.46	0.015858
9295.53	0.0156938
9293.6	0.0155131
9291.67	0.0157747
9289.74	0.0156612
9287.82	0.0155779
9285.89	0.0155416
9283.96	0.0155648
9282.03	0.015796
9280.1	0.0156792
9278.18	0.0157129
9276.25	0.0152454
9274.32	0.0150162
9272.39	0.0152569
9270.46	0.0157071
9268.54	0.0158827
9266.61	0.0162117
9264.68	0.0161166
9262.75	0.0160013
9260.82	0.0162484
9258.9	0.0158156
9256.97	0.0152467
9255.04	0.0152876
9253.11	0.0160352
9251.18	0.0159102
9249.26	0.0158233
9247.33	0.0159776
9245.4	0.0161894
9243.47	0.0158941
9241.54	0.0157612
9239.62	0.0161871
9237.69	0.0161291
9235.76	0.0156431
9233.83	0.0155112
9231.9	0.0154481
9229.98	0.0157512
9228.05	0.0160502
9226.12	0.0158729
9224.19	0.0156376
9222.26	0.0156419
9220.34	0.0155681
9218.41	0.0156006
9216.48	0.0149056
9214.55	0.0147363
9212.62	0.0152026
9210.7	0.0152938
9208.77	0.0154402
9206.84	0.0151799
9204.91	0.0148408
9202.98	0.0153623
9201.05	0.0159581
9199.13	0.0157329
9197.2	0.0154818
9195.27	0.0153191
9193.34	0.0149153
9191.42	0.0150216
9189.49	0.0155874
9187.56	0.0155057
9185.63	0.0149358
9183.7	0.0148802
9181.77	0.0150824
9179.85	0.0151896
9177.92	0.0152113
9175.99	0.0156786
9174.06	0.0158125
9172.13	0.0150898
9170.21	0.0152919
9168.28	0.0156839
9166.35	0.0153787
9164.42	0.0153837
9162.49	0.015509
9160.57	0.015023
9158.64	0.0150152
9156.71	0.0157725
9154.78	0.0155718
9152.85	0.0149627
9150.93	0.0150317
9149	0.0147162
9147.07	0.014699
9145.14	0.0149023
9143.21	0.0148007
9141.29	0.0144402
9139.36	0.0146678
9137.43	0.0150215
9135.5	0.0147714
9133.57	0.0148122
9131.65	0.0151435
9129.72	0.0148665
9127.79	0.0142852
9125.86	0.0142473
9123.93	0.0142134
9122.01	0.0141862
9120.08	0.0147825
9118.15	0.0151108
9116.22	0.0149128
9114.29	0.014796
9112.37	0.0149718
9110.44	0.0148307
9108.51	0.0144098
9106.58	0.0144367
9104.65	0.0146755
9102.73	0.0147455
9100.8	0.0145132
9098.87	0.0146528
9096.94	0.0149095
9095.01	0.0145273
9093.08	0.014416
9091.16	0.0143749
9089.23	0.0144518
9087.3	0.0145312
9085.37	0.0145378
9083.45	0.0146537
9081.52	0.0148368
9079.59	0.0151717
9077.66	0.0149703
9075.73	0.0148841
9073.8	0.0152914
9071.88	0.0152139
9069.95	0.0148424
9068.02	0.0144484
9066.09	0.0144412
9064.17	0.0141727
9062.24	0.014148
9060.31	0.0145462
9058.38	0.014943
9056.45	0.0143305
9054.52	0.0136754
9052.6	0.0141743
9050.67	0.0145861
9048.74	0.0144022
9046.81	0.0142981
9044.88	0.0145981
9042.96	0.0149266
9041.03	0.0144208
9039.1	0.0137851
9037.17	0.0139594
9035.24	0.0144064
9033.32	0.0144026
9031.39	0.0145696
9029.46	0.0147012
9027.53	0.0144293
9025.6	0.0145468
9023.68	0.0146624
9021.75	0.0146849
9019.82	0.0146057
9017.89	0.0146927
9015.96	0.014703
9014.04	0.0153454
9012.11	0.0152696
9010.18	0.0145424
9008.25	0.0144511
9006.32	0.0143022
9004.4	0.0142322
9002.47	0.0144682
9000.54	0.0146585
8998.61	0.0142676
8996.68	0.0138711
8994.76	0.0140523
8992.83	0.0148547
8990.9	0.0149937
8988.97	0.0145541
8987.04	0.0147347
8985.12	0.0148084
8983.19	0.014622
8981.26	0.0148133
8979.33	0.0149319
8977.4	0.0145198
8975.48	0.0144099
8973.55	0.0143705
8971.62	0.0143472
8969.69	0.0146377
8967.76	0.014589
8965.83	0.014148
8963.91	0.0142662
8961.98	0.0144658
8960.05	0.0143484
8958.12	0.0144356
8956.2	0.0144317
8954.27	0.0144267
8952.34	0.0145155
8950.41	0.0140826
8948.48	0.0140338
8946.55	0.0143657
8944.63	0.0145141
8942.7	0.0142637
8940.77	0.0140574
8938.84	0.0140796
8936.92	0.0138818
8934.99	0.0137573
8933.06	0.0143311
8931.13	0.0144149
8929.2	0.0142214
8927.27	0.0143125
8925.35	0.0142066
8923.42	0.0140456
8921.49	0.014173
8919.56	0.0140046
8917.63	0.0137864
8915.71	0.0144177
8913.78	0.0147123
8911.85	0.0144885
8909.92	0.0142067
8907.99	0.0141789
8906.07	0.014573
8904.14	0.0146011
8902.21	0.0137422
8900.28	0.0138483
8898.35	0.0142601
8896.43	0.0140386
8894.5	0.0139494
8892.57	0.0135772
8890.64	0.0138247
8888.71	0.0143622
8886.79	0.0144963
8884.86	0.0144501
8882.93	0.0142404
8881	0.0139132
8879.07	0.0137944
8877.15	0.0140242
8875.22	0.0141855
8873.29	0.014403
8871.36	0.0145144
8869.43	0.014252
8867.51	0.0137849
8865.58	0.0134328
8863.65	0.0134114
8861.72	0.0135913
8859.79	0.0136978
8857.87	0.0136685
8855.94	0.0136901
8854.01	0.0140378
8852.08	0.0136763
8850.15	0.0138093
8848.22	0.0140369
8846.3	0.0139313
8844.37	0.0142441
8842.44	0.0141754
8840.51	0.0136501
8838.58	0.0136307
8836.66	0.0140791
8834.73	0.0140888
8832.8	0.0137918
8830.87	0.013646
8828.94	0.0138881
8827.02	0.0140114
8825.09	0.0137957
8823.16	0.0134313
8821.23	0.0134071
8819.3	0.0135635
8817.38	0.0134176
8815.45	0.0131625
8813.52	0.0132393
8811.59	0.0136321
8809.66	0.0138047
8807.74	0.0137187
8805.81	0.0138603
8803.88	0.0140993
8801.95	0.0141008
8800.02	0.0134884
8798.1	0.013369
8796.17	0.0134891
8794.24	0.013551
8792.31	0.0138515
8790.38	0.0140607
8788.46	0.0141297
8786.53	0.0137894
8784.6	0.0136928
8782.67	0.0135835
8780.74	0.013204
8778.82	0.0132114
8776.89	0.0134909
8774.96	0.0135232
8773.03	0.013511
8771.1	0.0139608
8769.18	0.0142091
8767.25	0.0140318
8765.32	0.0140968
8763.39	0.0137094
8761.46	0.0132104
8759.54	0.0136042
8757.61	0.0137431
8755.68	0.013558
8753.75	0.0134757
8751.82	0.0134144
8749.9	0.0136264
8747.97	0.0139822
8746.04	0.0138969
8744.11	0.013682
8742.18	0.0135641
8740.25	0.0133311
8738.33	0.013429
8736.4	0.0136863
8734.47	0.0134588
8732.54	0.0132976
8730.62	0.0131676
8728.69	0.0132039
8726.76	0.0130449
8724.83	0.0131618
8722.9	0.0135976
8720.97	0.013746
8719.05	0.0138709
8717.12	0.0137552
8715.19	0.0134142
8713.26	0.0132279
8711.33	0.0135872
8709.41	0.0140275
8707.48	0.0140401
8705.55	0.0136884
8703.62	0.0131728
8701.69	0.0131857
8699.77	0.0134559
8697.84	0.0132129
8695.91	0.0130674
8693.98	0.0131497
8692.05	0.01335
8690.13	0.0134822
8688.2	0.0132757
8686.27	0.0132175
8684.34	0.0135334
8682.41	0.0137339
8680.49	0.0134632
8678.56	0.013277
8676.63	0.0136083
8674.7	0.0137476
8672.77	0.0134315
8670.85	0.013302
8668.92	0.0132765
8666.99	0.0133822
8665.06	0.0133046
8663.13	0.0131285
8661.21	0.0132391
8659.28	0.0133258
8657.35	0.013243
8655.42	0.0131933
8653.49	0.0134867
8651.57	0.0135117
8649.64	0.0134557
8647.71	0.0134339
8645.78	0.0134619
8643.85	0.0133818
8641.93	0.0131388
8640	0.0133486
8638.07	0.0133391
8636.14	0.0132332
8634.21	0.0132412
8632.29	0.0131142
8630.36	0.0128201
8628.43	0.0132802
8626.5	0.0134834
8624.57	0.0133588
8622.65	0.0134307
8620.72	0.0133245
8618.79	0.013286
8616.86	0.0131454
8614.93	0.0129136
8613	0.0127661
8611.08	0.0127042
8609.15	0.0132036
8607.22	0.0136708
8605.29	0.0134945
8603.37	0.0134811
8601.44	0.0133704
8599.51	0.0130393
8597.58	0.0128029
8595.65	0.0128983
8593.72	0.0129835
8591.8	0.0129371
8589.87	0.012848
8587.94	0.0131553
8586.01	0.0135014
8584.08	0.0134767
8582.16	0.0132998
8580.23	0.0132513
8578.3	0.0132883
8576.37	0.0133399
8574.44	0.0134347
8572.52	0.0132909
8570.59	0.0132629
8568.66	0.0131558
8566.73	0.0129897
8564.8	0.0132726
8562.88	0.01321
8560.95	0.0129695
8559.02	0.0129523
8557.09	0.0128323
8555.16	0.0126262
8553.24	0.0128257
8551.31	0.0129414
8549.38	0.0130927
8547.45	0.0130314
8545.52	0.0131749
8543.6	0.0131417
8541.67	0.0128518
8539.74	0.0130046
8537.81	0.0130715
8535.88	0.0131138
8533.96	0.0131384
8532.03	0.0132135
8530.1	0.0135257
8528.17	0.0134098
8526.24	0.0129106
8524.32	0.0125701
8522.39	0.0124272
8520.46	0.0127183
8518.53	0.0129538
8516.6	0.0128214
8514.68	0.0132707
8512.75	0.0134601
8510.82	0.013269
8508.89	0.0131078
8506.96	0.0129387
8505.04	0.0128986
8503.11	0.0128382
8501.18	0.0128628
8499.25	0.0127121
8497.32	0.0126857
8495.39	0.0125523
8493.47	0.0123638
8491.54	0.0128354
8489.61	0.0130078
8487.68	0.0126772
8485.75	0.01248
8483.83	0.0126494
8481.9	0.0130117
8479.97	0.0130472
8478.04	0.0129784
8476.11	0.0129614
8474.19	0.0128819
8472.26	0.0127045
8470.33	0.0124839
8468.4	0.0126198
8466.47	0.0126471
8464.55	0.0126075
8462.62	0.0125435
8460.69	0.0124233
8458.76	0.0127611
8456.83	0.0131558
8454.91	0.0131856
8452.98	0.0130916
8451.05	0.0126896
8449.12	0.012674
8447.19	0.012787
8445.27	0.0128153
8443.34	0.012759
8441.41	0.0125159
8439.48	0.0125355
8437.55	0.0127759
8435.63	0.01294
8433.7	0.012743
8431.77	0.0127769
8429.84	0.012893
8427.91	0.012935
8425.99	0.0129006
8424.06	0.0124849
8422.13	0.0121322
8420.2	0.0121275
8418.27	0.0124124
8416.35	0.0126189
8414.42	0.0127178
8412.49	0.0130154
8410.56	0.0131094
8408.63	0.0127196
8406.71	0.0126026
8404.78	0.0127487
8402.85	0.0129372
8400.92	0.0128187
8398.99	0.0126008
8397.07	0.0124469
8395.14	0.0125897
8393.21	0.0129297
8391.28	0.0129231
8389.35	0.0129122
8387.43	0.0127671
8385.5	0.0125983
8383.57	0.0125835
8381.64	0.012559
8379.71	0.0126267
8377.79	0.0124981
8375.86	0.0124344
8373.93	0.0125286
8372	0.0122817
8370.07	0.012241
8368.14	0.0122875
8366.22	0.0121344
8364.29	0.0120907
8362.36	0.0121013
8360.43	0.0121142
8358.5	0.0125857
8356.58	0.0130297
8354.65	0.0129354
8352.72	0.0128829
8350.79	0.0128011
8348.86	0.0126575
8346.94	0.0127655
8345.01	0.0130186
8343.08	0.0129188
8341.15	0.012748
8339.22	0.0126906
8337.3	0.0128081
8335.37	0.012773
8333.44	0.0126782
8331.51	0.0125685
8329.58	0.0124786
8327.66	0.0124796
8325.73	0.0127252
8323.8	0.0130095
8321.87	0.0129188
8319.94	0.0127519
8318.02	0.0127491
8316.09	0.0126928
8314.16	0.0125256
8312.23	0.0126608
8310.3	0.0128415
8308.38	0.0123979
8306.45	0.0121329
8304.52	0.0124246
8302.59	0.0125466
8300.66	0.012315
8298.74	0.0124808
8296.81	0.0128632
8294.88	0.0126261
8292.95	0.0122954
8291.02	0.0125969
8289.1	0.0125253
8287.17	0.0123416
8285.24	0.0125443
8283.31	0.0124943
8281.38	0.0122311
8279.46	0.0123134
8277.53	0.0125412
8275.6	0.0124294
8273.67	0.012243
8271.74	0.012175
8269.82	0.0120305
8267.89	0.0121132
8265.96	0.0125514
8264.03	0.0126217
8262.1	0.0124522
8260.17	0.0124551
8258.25	0.0124226
8256.32	0.0124142
8254.39	0.0123969
8252.46	0.0127933
8250.54	0.0125709
8248.61	0.0122316
8246.68	0.0124424
8244.75	0.0128381
8242.82	0.0125089
8240.89	0.012074
8238.97	0.011995
8237.04	0.0124655
8235.11	0.0126983
8233.18	0.0124813
8231.25	0.0122646
8229.33	0.0121233
8227.4	0.0121249
8225.47	0.0122551
8223.54	0.0125486
8221.61	0.0123342
8219.69	0.0120926
8217.76	0.0121959
8215.83	0.0122474
8213.9	0.0124623
8211.97	0.0122936
8210.05	0.0120309
8208.12	0.0121131
8206.19	0.0122216
8204.26	0.0123146
8202.33	0.0122814
8200.41	0.0124096
8198.48	0.012489
8196.55	0.0123825
8194.62	0.0125237
8192.69	0.0127299
8190.77	0.0127183
8188.84	0.0124406
8186.91	0.0120589
8184.98	0.0120829
8183.05	0.0123304
8181.13	0.0122421
8179.2	0.0124279
8177.27	0.0124053
8175.34	0.0121086
8173.41	0.0121098
8171.49	0.0121026
8169.56	0.0120868
8167.63	0.0125333
8165.7	0.0125988
8163.77	0.0122074
8161.85	0.0119629
8159.92	0.0119478
8157.99	0.0121889
8156.06	0.0121903
8154.13	0.0121743
8152.21	0.0121957
8150.28	0.0122455
8148.35	0.0124717
8146.42	0.0121613
8144.49	0.0118691
8142.56	0.0119631
8140.64	0.0122626
8138.71	0.0123541
8136.78	0.012352
8134.85	0.0122749
8132.92	0.0122782
8131	0.0124683
8129.07	0.0124306
8127.14	0.0122975
8125.21	0.0122639
8123.28	0.0121076
8121.36	0.0120521
8119.43	0.012388
8117.5	0.0123063
8115.57	0.0122831
8113.64	0.0123842
8111.72	0.0126322
8109.79	0.0126268
8107.86	0.0121038
8105.93	0.012037
8104	0.0123374
8102.08	0.0121656
8100.15	0.0121644
8098.22	0.0122199
8096.29	0.0122945
8094.36	0.0124365
8092.44	0.0123308
8090.51	0.0120418
8088.58	0.012349
8086.65	0.0125439
8084.72	0.012287
8082.8	0.012092
8080.87	0.0119249
8078.94	0.0120077
8077.01	0.0123621
8075.08	0.0126006
8073.16	0.0124051
8071.23	0.0121072
8069.3	0.0120188
8067.37	0.0120787
8065.44	0.01221
8063.52	0.0121493
8061.59	0.012021
8059.66	0.0121089
8057.73	0.0121803
8055.8	0.0122806
8053.88	0.0124498
8051.95	0.0123072
8050.02	0.0121044
8048.09	0.0118608
8046.16	0.0121827
8044.24	0.0123512
8042.31	0.0120678
8040.38	0.0120484
8038.45	0.012089
8036.52	0.0121277
8034.6	0.0122753
8032.67	0.0122307
8030.74	0.0122509
8028.81	0.0123149
8026.88	0.0124229
8024.96	0.0123415
8023.03	0.0121725
8021.1	0.0118575
8019.17	0.0120267
8017.24	0.0121094
8015.31	0.0118313
8013.39	0.0119434
8011.46	0.012366
8009.53	0.0124015
8007.6	0.0127333
8005.67	0.0128034
8003.75	0.0122939
8001.82	0.0121521
7999.89	0.012201
7997.96	0.0120072
7996.03	0.0121648
7994.11	0.0122923
7992.18	0.0120999
7990.25	0.0119982
7988.32	0.011979
7986.39	0.0120252
7984.47	0.0121706
7982.54	0.012092
7980.61	0.0119465
7978.68	0.0116364
7976.75	0.0117076
7974.83	0.0121341
7972.9	0.0121698
7970.97	0.0121371
7969.04	0.0121941
7967.11	0.0123219
7965.19	0.0121854
7963.26	0.0121315
7961.33	0.0121855
7959.4	0.0120565
7957.47	0.0119515
7955.55	0.0118152
7953.62	0.0117996
7951.69	0.0117793
7949.76	0.011723
7947.83	0.0118642
7945.91	0.0118838
7943.98	0.0118973
7942.05	0.0119493
7940.12	0.0121296
7938.19	0.0120853
7936.27	0.0120539
7934.34	0.0120716
7932.41	0.0119398
7930.48	0.0117566
7928.55	0.0116699
7926.63	0.0119074
7924.7	0.0121175
7922.77	0.0119885
7920.84	0.0118031
7918.91	0.0120041
7916.99	0.0122711
7915.06	0.0126415
7913.13	0.0125147
7911.2	0.0122034
7909.27	0.0121057
7907.35	0.0118724
7905.42	0.0117794
7903.49	0.01192
7901.56	0.0119302
7899.63	0.0119163
7897.71	0.0119296
7895.78	0.0118706
7893.85	0.0119344
7891.92	0.0118475
7889.99	0.0116644
7888.06	0.0116619
7886.14	0.0119378
7884.21	0.0121688
7882.28	0.0121672
7880.35	0.0120498
7878.42	0.0119745
7876.5	0.0119094
7874.57	0.0120315
7872.64	0.0121558
7870.71	0.0119289
7868.78	0.011744
7866.86	0.0115967
7864.93	0.0115995
7863	0.0116681
7861.07	0.0115468
7859.14	0.0115324
7857.22	0.0115905
7855.29	0.0117523
7853.36	0.0119206
7851.43	0.0119049
7849.5	0.0118086
7847.58	0.0115711
7845.65	0.011504
7843.72	0.0113858
7841.79	0.0114889
7839.86	0.0117244
7837.94	0.0118977
7836.01	0.0119792
7834.08	0.0120194
7832.15	0.0117612
7830.22	0.0116711
7828.3	0.0117286
7826.37	0.0116324
7824.44	0.0116215
7822.51	0.011809
7820.58	0.0118174
7818.66	0.0117194
7816.73	0.0118773
7814.8	0.0120253
7812.87	0.0120154
7810.94	0.0116698
7809.02	0.0112447
7807.09	0.0115106
7805.16	0.0119865
7803.23	0.011944
7801.3	0.0117455
7799.38	0.0118198
7797.45	0.011716
7795.52	0.0116551
7793.59	0.01189
7791.66	0.011922
7789.74	0.0117903
7787.81	0.0117226
7785.88	0.0114156
7783.95	0.0115923
7782.02	0.0119861
7780.09	0.01171
7778.17	0.0115004
7776.24	0.0116988
7774.31	0.0114501
7772.38	0.0113125
7770.46	0.0115166
7768.53	0.0117386
7766.6	0.0119008
7764.67	0.0118563
7762.74	0.0118322
7760.81	0.0119006
7758.89	0.0115919
7756.96	0.0114603
7755.03	0.0116456
7753.1	0.0118961
7751.17	0.0120894
7749.25	0.0121457
7747.32	0.0119498
7745.39	0.0116904
7743.46	0.0115604
7741.53	0.0115713
7739.61	0.0118314
7737.68	0.0119032
7735.75	0.0117568
7733.82	0.0116217
7731.89	0.0115355
7729.97	0.0117294
7728.04	0.0118825
7726.11	0.0118869
7724.18	0.011795
7722.25	0.0116013
7720.33	0.0115947
7718.4	0.0116509
7716.47	0.0118676
7714.54	0.0119292
7712.61	0.0116698
7710.69	0.0115094
7708.76	0.0116643
7706.83	0.0116782
7704.9	0.0115086
7702.97	0.0115522
7701.05	0.0117208
7699.12	0.0117519
7697.19	0.0117519
7695.26	0.0115777
7693.33	0.0113576
7691.41	0.0114779
7689.48	0.0115317
7687.55	0.011468
7685.62	0.0115281
7683.69	0.0115285
7681.77	0.0114988
7679.84	0.0115851
7677.91	0.0115823
7675.98	0.0115256
7674.05	0.0115536
7672.12	0.0116477
7670.2	0.0115561
7668.27	0.0113047
7666.34	0.0112859
7664.41	0.0115579
7662.48	0.0117092
7660.56	0.011578
7658.63	0.0114502
7656.7	0.0114293
7654.77	0.0114317
7652.84	0.0114801
7650.92	0.0115972
7648.99	0.0115228
7647.06	0.0116034
7645.13	0.0116159
7643.2	0.0113808
7641.28	0.0113801
7639.35	0.0114644
7637.42	0.0115411
7635.49	0.0113867
7633.56	0.0110894
7631.64	0.0112822
7629.71	0.011408
7627.78	0.0114738
7625.85	0.0115665
7623.92	0.011595
7622	0.0115075
7620.07	0.0115015
7618.14	0.0113902
7616.21	0.0112665
7614.28	0.0114074
7612.36	0.0115246
7610.43	0.0116818
7608.5	0.0117094
7606.57	0.0116185
7604.64	0.0115515
7602.72	0.0116411
7600.79	0.0116691
7598.86	0.0113084
7596.93	0.0113584
7595	0.0115644
7593.08	0.0114744
7591.15	0.0116477
7589.22	0.0116953
7587.29	0.0115067
7585.36	0.0115227
7583.44	0.0115951
7581.51	0.0116274
7579.58	0.0114741
7577.65	0.0112875
7575.72	0.0112663
7573.8	0.0114311
7571.87	0.0114165
7569.94	0.0113637
7568.01	0.0113089
7566.08	0.0113225
7564.16	0.0112047
7562.23	0.0111946
7560.3	0.0115519
7558.37	0.0116078
7556.44	0.0113459
7554.52	0.0113037
7552.59	0.0113897
7550.66	0.011408
7548.73	0.0114128
7546.8	0.0113634
7544.88	0.0113754
7542.95	0.0114904
7541.02	0.0114551
7539.09	0.0113362
7537.16	0.0112864
7535.23	0.0112479
7533.31	0.0114027
7531.38	0.0114258
7529.45	0.011248
7527.52	0.0112351
7525.59	0.0111822
7523.67	0.0111912
7521.74	0.0114795
7519.81	0.0115451
7517.88	0.0113966
7515.95	0.0113199
7514.03	0.0111714
7512.1	0.0110968
7510.17	0.0111642
7508.24	0.0111455
7506.31	0.0111952
7504.39	0.0113455
7502.46	0.0113415
7500.53	0.0113676
7498.6	0.0113661
7496.67	0.011336
7494.75	0.0112908
7492.82	0.0110807
7490.89	0.0110887
7488.96	0.0113972
7487.03	0.0114054
7485.11	0.0112132
7483.18	0.0111702
7481.25	0.011255
7479.32	0.0113068
7477.39	0.0114429
7475.47	0.0115424
7473.54	0.0113176
7471.61	0.0111366
7469.68	0.0111523
7467.75	0.0113351
7465.83	0.0114006
7463.9	0.0112998
7461.97	0.0112585
7460.04	0.0111565
7458.11	0.0111165
7456.19	0.011243
7454.26	0.0112257
7452.33	0.0110524
7450.4	0.0109014
7448.47	0.0108869
7446.54	0.01103
7444.62	0.0111123
7442.69	0.0111636
7440.76	0.0111826
7438.83	0.0113443
7436.91	0.0113097
7434.98	0.0112306
7433.05	0.0111642
7431.12	0.0109966
7429.19	0.011143
7427.26	0.011186
7425.34	0.0112728
7423.41	0.0112766
7421.48	0.0110515
7419.55	0.0110581
7417.62	0.0110314
7415.7	0.010855
7413.77	0.010985
7411.84	0.0110928
7409.91	0.0111587
7407.98	0.0112772
7406.06	0.0112994
7404.13	0.0111616
7402.2	0.0112469
7400.27	0.0113945
7398.34	0.011245
7396.42	0.0111308
7394.49	0.0110724
7392.56	0.011006
7390.63	0.0110192
7388.7	0.0109515
7386.78	0.0109168
7384.85	0.0111667
7382.92	0.0113061
7380.99	0.0113002
7379.06	0.0112732
7377.14	0.0110003
7375.21	0.0109018
7373.28	0.0109172
7371.35	0.0110787
7369.42	0.011061
7367.5	0.011041
7365.57	0.0111159
7363.64	0.0110184
7361.71	0.0110386
7359.78	0.0112669
7357.86	0.0111867
7355.93	0.0109187
7354	0.0108636
7352.07	0.0110567
7350.14	0.0112128
7348.22	0.0111793
7346.29	0.0109749
7344.36	0.0108037
7342.43	0.0106453
7340.5	0.0108689
7338.58	0.0111649
7336.65	0.0112294
7334.72	0.011223
7332.79	0.0112703
7330.86	0.0111971
7328.94	0.0111074
7327.01	0.0110933
7325.08	0.0110634
7323.15	0.0110174
7321.22	0.010951
7319.29	0.0109766
7317.37	0.0110743
7315.44	0.0110592
7313.51	0.0110636
7311.58	0.0110724
7309.65	0.0109758
7307.73	0.0108933
7305.8	0.0109809
7303.87	0.0108702
7301.94	0.0108141
7300.01	0.010925
7298.09	0.0110683
7296.16	0.0112053
7294.23	0.0111317
7292.3	0.0108965
7290.37	0.0108568
7288.45	0.0108312
7286.52	0.0109613
7284.59	0.0109745
7282.66	0.0110055
7280.73	0.0111392
7278.81	0.0110305
7276.88	0.0109379
7274.95	0.0110031
7273.02	0.0110692
7271.09	0.0108617
7269.17	0.0107257
7267.24	0.0108918
7265.31	0.0108446
7263.38	0.0107601
7261.45	0.010924
7259.53	0.0109013
7257.6	0.0108063
7255.67	0.0108557
7253.74	0.0108771
7251.81	0.0108656
7249.89	0.0107269
7247.96	0.0106891
7246.03	0.0107392
7244.1	0.0107465
7242.17	0.0107916
7240.25	0.0106886
7238.32	0.0107836
7236.39	0.0109771
7234.46	0.0109541
7232.53	0.0108087
7230.61	0.010891
7228.68	0.0110051
7226.75	0.0109951
7224.82	0.0110199
7222.89	0.0110737
7220.97	0.0109947
7219.04	0.010996
7217.11	0.0109418
7215.18	0.0107938
7213.25	0.0108953
7211.33	0.0108744
7209.4	0.0108245
7207.47	0.0108896
7205.54	0.0109004
7203.61	0.0109536
7201.69	0.0109638
7199.76	0.010895
7197.83	0.0109442
7195.9	0.0108405
7193.97	0.010742
7192.04	0.0108944
7190.12	0.0109197
7188.19	0.0106719
7186.26	0.010827
7184.33	0.0110278
7182.4	0.0108483
7180.48	0.0108795
7178.55	0.0108894
7176.62	0.0107861
7174.69	0.0108059
7172.76	0.0107504
7170.84	0.0107336
7168.91	0.0108476
7166.98	0.0108517
7165.05	0.0108448
7163.12	0.0108202
7161.2	0.0108943
7159.27	0.0110231
7157.34	0.0110165
7155.41	0.0109147
7153.48	0.0109381
7151.56	0.0109864
7149.63	0.0107523
7147.7	0.0106991
7145.77	0.0107008
7143.84	0.0106279
7141.92	0.0107207
7139.99	0.0107726
7138.06	0.0105841
7136.13	0.0106013
7134.2	0.0107362
7132.28	0.0108161
7130.35	0.0109351
7128.42	0.0110671
7126.49	0.0109039
7124.56	0.0107053
7122.64	0.010753
7120.71	0.0108908
7118.78	0.0107571
7116.85	0.0106127
7114.92	0.010528
7113	0.0105436
7111.07	0.0106591
7109.14	0.0106466
7107.21	0.0106664
7105.28	0.010743
7103.36	0.0107555
7101.43	0.0108606
7099.5	0.0108365
7097.57	0.0108173
7095.64	0.0107586
7093.71	0.0105845
7091.79	0.0104406
7089.86	0.0105607
7087.93	0.0106845
7086	0.0107507
7084.08	0.0107031
7082.15	0.0105724
7080.22	0.0105622
7078.29	0.0106589
7076.36	0.0105922
7074.43	0.010595
7072.51	0.0106792
7070.58	0.0106942
7068.65	0.010749
7066.72	0.010746
7064.79	0.010531
7062.87	0.0105692
7060.94	0.010655
7059.01	0.0106762
7057.08	0.0107256
7055.15	0.0108264
7053.23	0.0108226
7051.3	0.0107656
7049.37	0.0107785
7047.44	0.0106805
7045.51	0.0106531
7043.59	0.0107623
7041.66	0.0107913
7039.73	0.0106905
7037.8	0.0106862
7035.87	0.0107631
7033.95	0.0105461
7032.02	0.0104076
7030.09	0.0106319
7028.16	0.010752
7026.23	0.0107054
7024.31	0.0104703
7022.38	0.0104155
7020.45	0.010693
7018.52	0.0108187
7016.59	0.0106154
7014.67	0.0105607
7012.74	0.0106637
7010.81	0.0107607
7008.88	0.0107445
7006.95	0.0107778
7005.03	0.0107197
7003.1	0.0106556
7001.17	0.0106134
6999.24	0.0104697
6997.31	0.0105918
6995.39	0.0106731
6993.46	0.0107008
6991.53	0.010763
6989.6	0.0105857
6987.67	0.0104909
6985.75	0.0107488
6983.82	0.0107948
6981.89	0.0107212
6979.96	0.0106455
6978.03	0.0105925
6976.1	0.0105505
6974.18	0.0105018
6972.25	0.0105667
6970.32	0.0106978
6968.39	0.0106871
6966.46	0.0105855
6964.54	0.0106099
6962.61	0.0106131
6960.68	0.0106022
6958.75	0.0106098
6956.82	0.0105511
6954.9	0.0105915
6952.97	0.0107609
6951.04	0.0108087
6949.11	0.0106668
6947.18	0.0105648
6945.26	0.0107504
6943.33	0.010798
6941.4	0.0107103
6939.47	0.0107713
6937.54	0.0107471
6935.62	0.0106412
6933.69	0.0105146
6931.76	0.0104161
6929.83	0.0105043
6927.9	0.0104686
6925.98	0.0104937
6924.05	0.0106822
6922.12	0.0106449
6920.19	0.010385
6918.26	0.0103135
6916.34	0.0104654
6914.41	0.010659
6912.48	0.0106844
6910.55	0.0105871
6908.62	0.0106804
6906.7	0.0108325
6904.77	0.0106903
6902.84	0.0105311
6900.91	0.0105085
6898.98	0.01053
6897.06	0.0104486
6895.13	0.0104693
6893.2	0.0106864
6891.27	0.0107941
6889.34	0.010597
6887.42	0.010481
6885.49	0.0103801
6883.56	0.0103798
6881.63	0.0103588
6879.7	0.01043
6877.78	0.0105141
6875.85	0.010481
6873.92	0.0105285
6871.99	0.0105073
6870.06	0.0104514
6868.14	0.0104874
6866.21	0.0104833
6864.28	0.0104585
6862.35	0.0105444
6860.42	0.0105616
6858.5	0.0103519
6856.57	0.0103825
6854.64	0.0104259
6852.71	0.0105515
6850.78	0.0106215
6848.85	0.0106021
6846.93	0.0105861
6845	0.0105575
6843.07	0.0105794
6841.14	0.0106538
6839.21	0.0105955
6837.29	0.0104843
6835.36	0.01051
6833.43	0.0105245
6831.5	0.0104662
6829.57	0.0105576
6827.65	0.0105142
6825.72	0.0103752
6823.79	0.0103483
6821.86	0.0103523
6819.93	0.0103017
6818.01	0.0103286
6816.08	0.0105107
6814.15	0.0105009
6812.22	0.0104339
6810.29	0.010427
6808.37	0.010309
6806.44	0.0103136
6804.51	0.010451
6802.58	0.0103909
6800.65	0.0103512
6798.73	0.0103889
6796.8	0.0102902
6794.87	0.0102047
6792.94	0.0103371
6791.01	0.0103579
6789.09	0.010395
6787.16	0.0105282
6785.23	0.0105996
6783.3	0.0105527
6781.37	0.0104096
6779.45	0.010431
6777.52	0.0105816
6775.59	0.0106578
6773.66	0.0106957
6771.73	0.0106063
6769.81	0.0106319
6767.88	0.0106069
6765.95	0.0105699
6764.02	0.0105683
6762.09	0.0105032
6760.17	0.0104833
6758.24	0.0104846
6756.31	0.0105152
6754.38	0.0107794
6752.45	0.0110461
6750.53	0.0111053
6748.6	0.0109963
6746.67	0.0110289
6744.74	0.0109943
6742.81	0.0108465
6740.88	0.0109088
6738.96	0.0109788
6737.03	0.0109555
6735.1	0.0109424
6733.17	0.0109826
6731.25	0.0108791
6729.32	0.0108256
6727.39	0.0110376
6725.46	0.0111628
6723.53	0.0109771
6721.6	0.0108173
6719.68	0.0108337
6717.75	0.0108969
6715.82	0.0110696
6713.89	0.011084
6711.96	0.0108446
6710.04	0.0108193
6708.11	0.0108627
6706.18	0.0107496
6704.25	0.010803
6702.32	0.0108504
6700.4	0.0108289
6698.47	0.0107667
6696.54	0.0106806
6694.61	0.0107362
6692.68	0.0107839
6690.76	0.0107384
6688.83	0.0106834
6686.9	0.0107677
6684.97	0.0109083
6683.04	0.0108775
6681.12	0.0106841
6679.19	0.0105508
6677.26	0.0106622
6675.33	0.0108735
6673.4	0.0109686
6671.48	0.0108836
6669.55	0.0107395
6667.62	0.0107627
6665.69	0.0108815
6663.76	0.0109779
6661.84	0.0109606
6659.91	0.0108342
6657.98	0.0108472
6656.05	0.0109295
6654.12	0.010862
6652.2	0.0109611
6650.27	0.0110233
6648.34	0.01103
6646.41	0.0110933
6644.48	0.0111627
6642.56	0.0109578
6640.63	0.0108567
6638.7	0.0109536
6636.77	0.0110869
6634.84	0.0111757
6632.92	0.0109795
6630.99	0.0108734
6629.06	0.0111022
6627.13	0.0112148
6625.2	0.0111432
6623.27	0.0110864
6621.35	0.0112319
6619.42	0.0112847
6617.49	0.0113197
6615.56	0.011267
6613.63	0.0112669
6611.71	0.0112357
6609.78	0.0112544
6607.85	0.0113878
6605.92	0.011395
6603.99	0.0112837
6602.07	0.0113003
6600.14	0.0113213
6598.21	0.0114403
6596.28	0.0115658
6594.35	0.0114903
6592.43	0.0115258
6590.5	0.0116244
6588.57	0.0116372
6586.64	0.0115999
6584.71	0.0115104
6582.79	0.01144
6580.86	0.0114592
6578.93	0.0113555
6577	0.0112176
6575.07	0.0112117
6573.15	0.0113598
6571.22	0.0114825
6569.29	0.0114165
6567.36	0.0112732
6565.43	0.0113083
6563.51	0.0112735
6561.58	0.0111409
6559.65	0.0111346
6557.72	0.0111435
6555.79	0.0111557
6553.87	0.0111982
6551.94	0.011187
6550.01	0.0112116
6548.08	0.0111269
6546.15	0.0110047
6544.23	0.0110542
6542.3	0.0110285
6540.37	0.0110195
6538.44	0.0109288
6536.51	0.0108971
6534.59	0.0108866
6532.66	0.0108524
6530.73	0.0109114
6528.8	0.0108543
6526.87	0.0107781
6524.95	0.010781
6523.02	0.010732
6521.09	0.0106697
6519.16	0.0107218
6517.23	0.0108764
6515.31	0.0109703
6513.38	0.0109712
6511.45	0.010887
6509.52	0.0107992
6507.59	0.0108054
6505.67	0.0108802
6503.74	0.0109974
6501.81	0.011068
6499.88	0.0111271
6497.95	0.0111246
6496.02	0.011132
6494.1	0.0111708
6492.17	0.0110884
6490.24	0.0110742
6488.31	0.0112415
6486.38	0.0113192
6484.46	0.0113202
6482.53	0.0113209
6480.6	0.0114542
6478.67	0.0114844
6476.74	0.011387
6474.82	0.0113749
6472.89	0.011418
6470.96	0.011347
6469.03	0.0110574
6467.1	0.0108375
6465.18	0.0108225
6463.25	0.010901
6461.32	0.010827
6459.39	0.0107122
6457.46	0.0107338
6455.54	0.0107751
6453.61	0.0106422
6451.68	0.0104552
6449.75	0.0104962
6447.82	0.010527
6445.9	0.0105028
6443.97	0.0105103
6442.04	0.0106454
6440.11	0.010698
6438.18	0.0105528
6436.26	0.0104607
6434.33	0.0103583
6432.4	0.0103944
6430.47	0.0104298
6428.54	0.0103143
6426.62	0.0102863
6424.69	0.0102092
6422.76	0.0100576
6420.83	0.0100045
6418.9	0.0100444
6416.98	0.010122
6415.05	0.0100821
6413.12	0.00996727
6411.19	0.00986578
6409.26	0.0099173
6407.34	0.0100012
6405.41	0.00994201
6403.48	0.00991557
6401.55	0.00996354
6399.62	0.00994452
6397.7	0.00992273
6395.77	0.00993961
6393.84	0.00986252
6391.91	0.00973554
6389.98	0.00963809
6388.06	0.00970684
6386.13	0.00975692
6384.2	0.0097905
6382.27	0.00979037
6380.34	0.00980687
6378.42	0.00979162
6376.49	0.00976776
6374.56	0.00965812
6372.63	0.00967313
6370.7	0.00983931
6368.77	0.00977213
6366.85	0.00965815
6364.92	0.00965063
6362.99	0.00968065
6361.06	0.00967485
6359.13	0.00976407
6357.21	0.00968942
6355.28	0.0095929
6353.35	0.00965524
6351.42	0.00967184
6349.49	0.00964497
6347.57	0.00962495
6345.64	0.00954491
6343.71	0.00954978
6341.78	0.00950233
6339.85	0.00947402
6337.93	0.00967336
6336	0.00973581
6334.07	0.00963454
6332.14	0.00960364
6330.21	0.0095486
6328.29	0.00949834
6326.36	0.00940129
6324.43	0.00947064
6322.5	0.00960124
6320.57	0.00960503
6318.65	0.00945743
6316.72	0.00939299
6314.79	0.00953275
6312.86	0.00962112
6310.93	0.00959341
6309.01	0.00944927
6307.08	0.00937897
6305.15	0.00954992
6303.22	0.00963223
6301.29	0.00956303
6299.37	0.00950416
6297.44	0.00946231
6295.51	0.00950491
6293.58	0.0094768
6291.65	0.00938443
6289.73	0.00929796
6287.8	0.0092722
6285.87	0.00926299
6283.94	0.00928456
6282.01	0.00935507
6280.08	0.00936506
6278.16	0.00939482
6276.23	0.00940386
6274.3	0.0093545
6272.37	0.00944256
6270.45	0.00939722
6268.52	0.00932839
6266.59	0.00936784
6264.66	0.00950965
6262.73	0.0096053
6260.8	0.00949725
6258.88	0.00941124
6256.95	0.00937511
6255.02	0.0093006
6253.09	0.00920488
6251.17	0.00927559
6249.24	0.00942716
6247.31	0.00936408
6245.38	0.00938561
6243.45	0.00940982
6241.52	0.00928016
6239.6	0.00913906
6237.67	0.00915507
6235.74	0.00927985
6233.81	0.00937386
6231.88	0.00933232
6229.96	0.0092125
6228.03	0.00918234
6226.1	0.00915842
6224.17	0.00915578
6222.24	0.00924597
6220.32	0.00931052
6218.39	0.00920942
6216.46	0.00922722
6214.53	0.00919483
6212.6	0.00920481
6210.68	0.00919256
6208.75	0.00915131
6206.82	0.0093611
6204.89	0.00948818
6202.96	0.00929295
6201.04	0.00924763
6199.11	0.00937031
6197.18	0.00936103
6195.25	0.0092019
6193.32	0.00917364
6191.4	0.00922776
6189.47	0.00924681
6187.54	0.00922471
6185.61	0.00918958
6183.68	0.00912376
6181.76	0.00919811
6179.83	0.00927298
6177.9	0.0092523
6175.97	0.00917368
6174.04	0.00923751
6172.12	0.00930795
6170.19	0.00929207
6168.26	0.00928933
6166.33	0.00922566
6164.4	0.00920887
6162.48	0.00922292
6160.55	0.00915364
6158.62	0.00921551
6156.69	0.0093546
6154.76	0.00935558
6152.83	0.00930873
6150.91	0.00926431
6148.98	0.00921733
6147.05	0.00924912
6145.12	0.00924126
6143.19	0.00922715
6141.27	0.00927958
6139.34	0.00934004
6137.41	0.00937427
6135.48	0.00945337
6133.55	0.0094324
6131.63	0.00937887
6129.7	0.00944825
6127.77	0.00953183
6125.84	0.00946874
6123.91	0.0094702
6121.99	0.00943891
6120.06	0.00928232
6118.13	0.00928022
6116.2	0.00948781
6114.27	0.00954016
6112.35	0.00947016
6110.42	0.00937809
6108.49	0.00933347
6106.56	0.00931912
6104.63	0.00928842
6102.71	0.00926821
6100.78	0.0092807
6098.85	0.00931123
6096.92	0.00928347
6094.99	0.00920766
6093.07	0.00913618
6091.14	0.00910898
6089.21	0.00910062
6087.28	0.00901015
6085.35	0.00892539
6083.43	0.00896878
6081.5	0.00909159
6079.57	0.00906601
6077.64	0.00905846
6075.71	0.00908221
6073.79	0.0090607
6071.86	0.00908452
6069.93	0.0091505
6068	0.00907206
6066.07	0.00896598
6064.15	0.00892941
6062.22	0.00888683
6060.29	0.00887182
6058.36	0.00885102
6056.43	0.00875242
6054.51	0.00873555
6052.58	0.00878359
6050.65	0.00882079
6048.72	0.00882796
6046.79	0.00868035
6044.87	0.0087464
6042.94	0.00889407
6041.01	0.00886958
6039.08	0.00877274
6037.15	0.00874691
6035.23	0.00863566
6033.3	0.00848001
6031.37	0.00845606
6029.44	0.00854813
6027.51	0.00864212
6025.58	0.008626
6023.66	0.00857321
6021.73	0.00857976
6019.8	0.00853363
6017.87	0.00851116
6015.94	0.00852975
6014.02	0.0085239
6012.09	0.00861677
6010.16	0.00860889
6008.23	0.00858591
6006.3	0.00858743
6004.38	0.00863681
6002.45	0.00866534
6000.52	0.00857283
5998.59	0.00841359
5996.66	0.00847832
5994.74	0.00851566
5992.81	0.00844207
5990.88	0.00848048
5988.95	0.00845477
5987.02	0.0084145
5985.1	0.00843788
5983.17	0.00850018
5981.24	0.00845751
5979.31	0.00842555
5977.38	0.00851988
5975.46	0.00853999
5973.53	0.00850069
5971.6	0.00841501
5969.67	0.00831823
5967.74	0.00827737
5965.82	0.00833029
5963.89	0.00835272
5961.96	0.00840491
5960.03	0.00841177
5958.1	0.00838376
5956.18	0.00838572
5954.25	0.00838366
5952.32	0.00839666
5950.39	0.00838021
5948.46	0.00834627
5946.54	0.00829402
5944.61	0.00833674
5942.68	0.00837866
5940.75	0.00832789
5938.82	0.00823282
5936.9	0.00830368
5934.97	0.00841683
5933.04	0.00833921
5931.11	0.00820909
5929.18	0.00819534
5927.25	0.00824154
5925.33	0.00828115
5923.4	0.00829587
5921.47	0.0083134
5919.54	0.00830894
5917.62	0.00828966
5915.69	0.00829243
5913.76	0.00827703
5911.83	0.00824194
5909.9	0.00825221
5907.97	0.00823944
5906.05	0.00820004
5904.12	0.00819389
5902.19	0.00826082
5900.26	0.00824637
5898.33	0.00809922
5896.41	0.00791771
5894.48	0.00801376
5892.55	0.00823282
5890.62	0.00818785
5888.69	0.00799287
5886.77	0.00785381
5884.84	0.00788799
5882.91	0.00809858
5880.98	0.00807988
5879.05	0.00799172
5877.13	0.00803495
5875.2	0.00806527
5873.27	0.00810344
5871.34	0.00800211
5869.41	0.00787115
5867.49	0.00782166
5865.56	0.00789517
5863.63	0.00787243
5861.7	0.00786521
5859.77	0.00787999
5857.85	0.007856
5855.92	0.00788083
5853.99	0.00800654
5852.06	0.00805065
5850.13	0.00794505
5848.21	0.00780054
5846.28	0.0078451
5844.35	0.00788491
5842.42	0.00790435
5840.49	0.00802581
5838.57	0.00800836
5836.64	0.00789912
5834.71	0.00777126
5832.78	0.00770704
5830.85	0.00775237
5828.93	0.00778829
5827	0.0077638
5825.07	0.00774515
5823.14	0.00776323
5821.21	0.00775311
5819.29	0.00766694
5817.36	0.00771408
5815.43	0.00777301
5813.5	0.00765844
5811.57	0.00751557
5809.65	0.00763146
5807.72	0.00773557
5805.79	0.00768188
5803.86	0.00766053
5801.93	0.00771358
5800	0.00770171
5798.08	0.00762708
5796.15	0.00752987
5794.22	0.00756918
5792.29	0.00763696
5790.36	0.00768306
5788.44	0.00768882
5786.51	0.0076698
5784.58	0.00760229
5782.65	0.00748365
5780.72	0.00745493
5778.8	0.00743386
5776.87	0.00750131
5774.94	0.00763594
5773.01	0.00761268
5771.08	0.00761989
5769.16	0.00762532
5767.23	0.00753128
5765.3	0.00747215
5763.37	0.00738509
5761.44	0.00734998
5759.52	0.00738354
5757.59	0.00738823
5755.66	0.00742348
5753.73	0.00746841
5751.8	0.00743592
5749.88	0.00731621
5747.95	0.00732433
5746.02	0.00748732
5744.09	0.00752363
5742.16	0.00748048
5740.24	0.00743737
5738.31	0.00731355
5736.38	0.00730408
5734.45	0.00736565
5732.52	0.00733218
5730.6	0.00727716
5728.67	0.0073335
5726.74	0.0073277
5724.81	0.00729599
5722.88	0.00723157
5720.96	0.00715759
5719.03	0.00714968
5717.1	0.00722494
5715.17	0.00725785
5713.24	0.00720674
5711.32	0.00715305
5709.39	0.00712893
5707.46	0.00710299
5705.53	0.00709538
5703.6	0.0071128
5701.68	0.00710916
5699.75	0.00715231
5697.82	0.00717353
5695.89	0.00709222
5693.96	0.00704443
5692.03	0.00710198
5690.11	0.00715877
5688.18	0.00714163
5686.25	0.00713978
5684.32	0.00706474
5682.4	0.00704244
5680.47	0.00704655
5678.54	0.00697025
5676.61	0.00697624
5674.68	0.00703066
5672.75	0.00705605
5670.83	0.00706534
5668.9	0.00698914
5666.97	0.00699213
5665.04	0.00694776
5663.11	0.00698658
5661.19	0.00701641
5659.26	0.00691234
5657.33	0.00694277
5655.4	0.00701001
5653.47	0.00696163
5651.55	0.00692904
5649.62	0.00695368
5647.69	0.00699904
5645.76	0.00700234
5643.83	0.00700489
5641.91	0.00698015
5639.98	0.00698486
5638.05	0.00690729
5636.12	0.00681263
5634.19	0.00676908
5632.27	0.00674421
5630.34	0.00675118
5628.41	0.00681102
5626.48	0.00682865
5624.55	0.00680816
5622.63	0.00678803
5620.7	0.00675286
5618.77	0.00680634
5616.84	0.00687255
5614.91	0.0068441
5612.99	0.00675814
5611.06	0.00675973
5609.13	0.0067532
5607.2	0.00675579
5605.27	0.00666174
5603.35	0.00658254
5601.42	0.00665716
5599.49	0.00671615
5597.56	0.00672644
5595.63	0.00664121
5593.71	0.00658796
5591.78	0.00656559
5589.85	0.00662163
5587.92	0.00669663
5585.99	0.00671665
5584.07	0.00660616
5582.14	0.00653259
5580.21	0.00655223
5578.28	0.00650322
5576.35	0.00645654
5574.43	0.00641874
5572.5	0.00651456
5570.57	0.0066362
5568.64	0.00671167
5566.71	0.00666762
5564.79	0.00663176
5562.86	0.00657575
5560.93	0.00653097
5559	0.0065155
5557.07	0.00647474
5555.14	0.00648008
5553.22	0.00639833
5551.29	0.00639352
5549.36	0.0064332
5547.43	0.0064742
5545.5	0.00650363
5543.58	0.00639894
5541.65	0.00635415
5539.72	0.00643317
5537.79	0.00645308
5535.86	0.00652354
5533.94	0.00649653
5532.01	0.0063826
5530.08	0.00633394
5528.15	0.00635422
5526.22	0.00646374
5524.3	0.00653329
5522.37	0.00642275
5520.44	0.00622019
5518.51	0.00625787
5516.58	0.00631542
5514.66	0.00626849
5512.73	0.00627293
5510.8	0.00634174
5508.87	0.00636114
5506.94	0.00631734
5505.02	0.00620456
5503.09	0.00627061
5501.16	0.00638394
5499.23	0.00629004
5497.3	0.00619615
5495.38	0.00624039
5493.45	0.00626429
5491.52	0.00623437
5489.59	0.006173
5487.66	0.00608589
5485.74	0.00615673
5483.81	0.00627004
5481.88	0.00626032
5479.95	0.00616933
5478.02	0.00612706
5476.1	0.00614282
5474.17	0.00612437
5472.24	0.00610054
5470.31	0.00609702
5468.38	0.00605565
5466.46	0.00604846
5464.53	0.00605938
5462.6	0.00604393
5460.67	0.0060911
5458.74	0.00608663
5456.82	0.00595913
5454.89	0.00590341
5452.96	0.00601476
5451.03	0.00603875
5449.1	0.00599098
5447.17	0.0060738
5445.25	0.00612958
5443.32	0.00613479
5441.39	0.00613223
5439.46	0.00602521
5437.54	0.0058444
5435.61	0.00582099
5433.68	0.00592208
5431.75	0.00596726
5429.82	0.00589105
5427.89	0.00585894
5425.97	0.00587795
5424.04	0.00583745
5422.11	0.00578506
5420.18	0.0059115
5418.25	0.0059117
5416.33	0.00577445
5414.4	0.00580937
5412.47	0.00578577
5410.54	0.00578553
5408.61	0.00585347
5406.69	0.00586143
5404.76	0.0057392
5402.83	0.00561331
5400.9	0.00560992
5398.97	0.00573255
5397.05	0.00583745
5395.12	0.00573312
5393.19	0.00560613
5391.26	0.00553434
5389.33	0.00559347
5387.41	0.0057348
5385.48	0.00570243
5383.55	0.00552326
5381.62	0.00558062
5379.69	0.00563848
5377.77	0.00571126
5375.84	0.00568138
5373.91	0.00558572
5371.98	0.00549407
5370.05	0.00548856
5368.13	0.00553172
5366.2	0.00556055
5364.27	0.00554977
5362.34	0.00555659
5360.41	0.00549756
5358.49	0.00543421
5356.56	0.00549471
5354.63	0.00559928
5352.7	0.00563543
5350.77	0.00554145
5348.85	0.0054739
5346.92	0.00540475
5344.99	0.0053394
5343.06	0.00540525
5341.13	0.00536245
5339.21	0.00530633
5337.28	0.00533585
5335.35	0.00541626
5333.42	0.00545065
5331.49	0.00546689
5329.56	0.00545226
5327.64	0.00537305
5325.71	0.00533139
5323.78	0.00538469
5321.85	0.00542099
5319.92	0.00534957
5318	0.00523325
5316.07	0.00520246
5314.14	0.00527889
5312.21	0.00533541
5310.28	0.00531069
5308.36	0.0053594
5306.43	0.00534454
5304.5	0.00535889
5302.57	0.00542458
5300.64	0.00543669
5298.72	0.00536527
5296.79	0.00529915
5294.86	0.00526427
5292.93	0.00527668
5291	0.00533276
5289.08	0.00542159
5287.15	0.00538768
5285.22	0.00526021
5283.29	0.0051922
5281.36	0.00521849
5279.44	0.0052302
5277.51	0.00525699
5275.58	0.00534178
5273.65	0.00538848
5271.72	0.00545498
5269.8	0.00542287
5267.87	0.00532645
5265.94	0.00534095
5264.01	0.00537593
5262.08	0.00538838
5260.16	0.00539187
5258.23	0.00535235
5256.3	0.00529248
5254.37	0.00531002
5252.44	0.00535722
5250.52	0.00535487
5248.59	0.00532095
5246.66	0.0053335
5244.73	0.00525837
5242.8	0.00519093
5240.88	0.00514781
5238.95	0.00509185
5237.02	0.00507053
5235.09	0.00510627
5233.16	0.00509008
5231.24	0.00502903
5229.31	0.00497537
5227.38	0.00489155
5225.45	0.00497302
5223.52	0.00505357
5221.6	0.00500017
5219.67	0.00496304
5217.74	0.00484786
5215.81	0.00482749
5213.88	0.00489444
5211.96	0.00489206
5210.03	0.00482518
5208.1	0.00471212
5206.17	0.0047426
5204.24	0.00479593
5202.31	0.00472109
5200.39	0.00470756
5198.46	0.00473459
5196.53	0.00459543
5194.6	0.00454239
5192.67	0.00459932
5190.75	0.004611
5188.82	0.00468435
5186.89	0.00469011
5184.96	0.00464871
5183.03	0.00459416
5181.11	0.00454005
5179.18	0.00453024
5177.25	0.00455455
5175.32	0.00462192
5173.39	0.00454648
5171.47	0.00442981
5169.54	0.00441354
5167.61	0.00448062
5165.68	0.00445371
5163.75	0.00444875
5161.83	0.00449401
5159.9	0.00443262
5157.97	0.00433134
5156.04	0.00437505
5154.11	0.00438733
5152.19	0.00428148
5150.26	0.00431286
5148.33	0.00434697
5146.4	0.00434452
5144.47	0.00431303
5142.55	0.00422593
5140.62	0.00421272
5138.69	0.00420927
5136.76	0.00420017
5134.83	0.00425715
5132.91	0.00430396
5130.98	0.00423865
5129.05	0.00415106
5127.12	0.00418655
5125.19	0.00420111
5123.27	0.00421673
5121.34	0.00422342
5119.41	0.00417127
5117.48	0.00408975
5115.55	0.00410757
5113.62	0.0042167
5111.7	0.00421666
5109.77	0.00409346
5107.84	0.00405861
5105.91	0.0040255
5103.99	0.00392976
5102.06	0.0040254
5100.13	0.00418665
5098.2	0.00423828
5096.27	0.00415106
5094.34	0.00407105
5092.42	0.00406774
5090.49	0.00413413
5088.56	0.00420669
5086.63	0.00419054
5084.71	0.004198
5082.78	0.00430831
5080.85	0.00435724
5078.92	0.00445274
5076.99	0.00452117
5075.06	0.00463009
5073.14	0.00472659
5071.21	0.004783
5069.28	0.0049313
5067.35	0.00504653
5065.42	0.00527128
5063.5	0.00555004
5061.57	0.00581814
5059.64	0.00597623
5057.71	0.00601859
5055.78	0.00611798
5053.86	0.00627101
5051.93	0.00646868
5050	0.00673836
5048.07	0.00699297
5046.14	0.00725317
5044.22	0.00740208
5042.29	0.00762026
5040.36	0.00794039
5038.43	0.00832546
5036.5	0.0085651
5034.58	0.00876304
5032.65	0.00905085
5030.72	0.00942844
5028.79	0.00972212
5026.86	0.00993659
5024.94	0.0102831
5023.01	0.0106931
5021.08	0.0110058
5019.15	0.0112326
5017.22	0.0114933
5015.3	0.0118501
5013.37	0.0122856
5011.44	0.0125429
5009.51	0.0127006
5007.58	0.0129648
5005.66	0.0133055
5003.73	0.0136055
5001.8	0.0138597
4999.87	0.0141408
4997.94	0.0144516
4996.02	0.0147419
4994.09	0.0149977
4992.16	0.0151211
4990.23	0.0152171
4988.3	0.0151847
4986.38	0.0151915
4984.45	0.0152663
4982.52	0.0151925
4980.59	0.0150636
4978.66	0.0149181
4976.73	0.0145717
4974.81	0.0141888
4972.88	0.0138888
4970.95	0.0136135
4969.02	0.0132911
4967.09	0.0128819
4965.17	0.0124344
4963.24	0.011992
4961.31	0.0115784
4959.38	0.0111633
4957.45	0.0108062
4955.53	0.0104407
4953.6	0.010083
4951.67	0.00975387
4949.74	0.00929505
4947.81	0.00894355
4945.89	0.00877693
4943.96	0.00852116
4942.03	0.00825136
4940.1	0.00806365
4938.17	0.00784402
4936.25	0.00751116
4934.32	0.00723939
4932.39	0.00707528
4930.46	0.00691237
4928.53	0.0066974
4926.61	0.00650114
4924.68	0.00636464
4922.75	0.00621141
4920.82	0.00607282
4918.89	0.00590257
4916.97	0.00570891
4915.04	0.00556082
4913.11	0.00544286
4911.18	0.00537624
4909.25	0.00530026
4907.33	0.00518935
4905.4	0.00511763
4903.47	0.00515307
4901.54	0.00502407
4899.61	0.00477945
4897.69	0.00470863
4895.76	0.00467042
4893.83	0.00449726
4891.9	0.00435286
4889.97	0.00432796
4888.05	0.00433425
4886.12	0.00428673
4884.19	0.00430149
4882.26	0.00432411
4880.33	0.00419602
4878.41	0.0040456
4876.48	0.0039957
4874.55	0.00395123
4872.62	0.00393571
4870.69	0.00382322
4868.77	0.00371897
4866.84	0.00365535
4864.91	0.00358441
4862.98	0.0035467
4861.05	0.00349809
4859.12	0.00345568
4857.2	0.00342986
4855.27	0.00337833
4853.34	0.00325223
4851.41	0.00316998
4849.48	0.00311237
4847.56	0.00313226
4845.63	0.00316407
4843.7	0.00319615
4841.77	0.00309332
4839.84	0.00301243
4837.92	0.00297623
4835.99	0.00290925
4834.06	0.00288583
4832.13	0.00290298
4830.2	0.0028896
4828.28	0.00272933
4826.35	0.00256904
4824.42	0.00257128
4822.49	0.00260398
4820.56	0.00265038
4818.64	0.00261788
4816.71	0.00262904
4814.78	0.00270362
4812.85	0.00267401
4810.92	0.00256581
4809	0.00241032
4807.07	0.00243224
4805.14	0.00247903
4803.21	0.00244114
4801.28	0.00244311
4799.36	0.00244454
4797.43	0.00240802
4795.5	0.00239586
4793.57	0.00230435
4791.64	0.00226724
4789.72	0.0023263
4787.79	0.00235321
4785.86	0.00227087
4783.93	0.00217389
4782	0.00215867
4780.08	0.00218638
4778.15	0.00221931
4776.22	0.00232037
4774.29	0.00236184
4772.36	0.00227334
4770.44	0.00211548
4768.51	0.00204876
4766.58	0.0021018
4764.65	0.00224386
4762.72	0.00218501
4760.79	0.00205725
4758.87	0.00203318
4756.94	0.00204111
4755.01	0.0019938
4753.08	0.00204051
4751.16	0.00200043
4749.23	0.00196175
4747.3	0.0020207
4745.37	0.00197487
4743.44	0.00190707
4741.51	0.00192977
4739.59	0.00201168
4737.66	0.00199743
4735.73	0.00194211
4733.8	0.00193076
4731.88	0.00191509
4729.95	0.00190511
4728.02	0.00189436
4726.09	0.00178964
4724.16	0.00166918
4722.23	0.00177553
4720.31	0.00184534
4718.38	0.00179636
4716.45	0.00185209
4714.52	0.0018886
4712.59	0.00172137
4710.67	0.00170008
4708.74	0.00185562
4706.81	0.00175191
4704.88	0.00155797
4702.95	0.00158012
4701.03	0.00160137
4699.1	0.00163769
4697.17	0.00176855
4695.24	0.00174985
4693.31	0.00158737
4691.39	0.00143721
4689.46	0.00136724
4687.53	0.00145633
4685.6	0.00162122
4683.67	0.00160503
4681.75	0.0015719
4679.82	0.00157769
4677.89	0.00153499
4675.96	0.00152768
4674.03	0.00151168
4672.11	0.00146244
4670.18	0.0015066
4668.25	0.00149942
4666.32	0.0014559
4664.39	0.00138073
4662.47	0.00135225
4660.54	0.00137814
4658.61	0.00136651
4656.68	0.00145992
4654.75	0.00147275
4652.83	0.00139416
4650.9	0.00127405
4648.97	0.00123288
4647.04	0.00127471
4645.11	0.00133536
4643.19	0.00140307
4641.26	0.0013818
4639.33	0.00121078
4637.4	0.00123025
4635.47	0.00133161
4633.54	0.00133812
4631.62	0.0013131
4629.69	0.00139011
4627.76	0.00141112
4625.83	0.00144579
4623.9	0.0014041
4621.98	0.00127953
4620.05	0.00124155
4618.12	0.00123427
4616.19	0.00131642
4614.26	0.00139556
4612.34	0.00135913
4610.41	0.00131346
4608.48	0.00132237
4606.55	0.00128781
4604.62	0.00126438
4602.7	0.00123849
4600.77	0.00119875
4598.84	0.00118101
4596.91	0.00114968
4594.98	0.00118443
4593.06	0.00123959
4591.13	0.00121709
4589.2	0.00121513
4587.27	0.00118383
4585.34	0.0011957
4583.42	0.00119796
4581.49	0.00114589
4579.56	0.00119669
4577.63	0.00122337
4575.7	0.0012144
4573.78	0.00118516
4571.85	0.00110101
4569.92	0.00110912
4567.99	0.00129552
4566.06	0.00133736
4564.14	0.00127747
4562.21	0.00115736
4560.28	0.00108809
4558.35	0.00117875
4556.42	0.00120257
4554.5	0.00119716
4552.57	0.0012471
4550.64	0.00136687
4548.71	0.00135936
4546.78	0.00135138
4544.86	0.0012788
4542.93	0.00136102
4541	0.00150906
4539.07	0.00152163
4537.14	0.00156908
4535.22	0.00170953
4533.29	0.00178455
4531.36	0.00189086
4529.43	0.0020446
4527.5	0.00225975
4525.58	0.00255621
4523.65	0.00305608
4521.72	0.00390823
4519.79	0.00484149
4517.86	0.00584319
4515.94	0.00684202
4514.01	0.00781332
4512.08	0.00859217
4510.15	0.0091017
4508.22	0.0093377
4506.29	0.00937051
4504.37	0.00943999
4502.44	0.00942258
4500.51	0.00947294
4498.58	0.00971727
4496.65	0.00988561
4494.73	0.0101182
4492.8	0.0104194
4490.87	0.010702
4488.94	0.0109192
4487.01	0.0110152
4485.09	0.0109074
4483.16	0.0109226
4481.23	0.0109128
4479.3	0.0107005
4477.37	0.0103119
4475.45	0.0101141
4473.52	0.00992618
4471.59	0.00952421
4469.66	0.00914424
4467.73	0.00869367
4465.81	0.00828507
4463.88	0.0079823
4461.95	0.00752538
4460.02	0.00704699
4458.09	0.00665672
4456.17	0.00634554
4454.24	0.00600882
4452.31	0.00556239
4450.38	0.00513051
4448.45	0.00478873
4446.53	0.00445823
4444.6	0.00405399
4442.67	0.00378762
4440.74	0.00358291
4438.81	0.00337232
4436.89	0.00326524
4434.96	0.00317518
4433.03	0.00298251
4431.1	0.00280109
4429.17	0.00267261
4427.25	0.00261224
4425.32	0.00264518
4423.39	0.00268838
4421.46	0.00251955
4419.53	0.0023296
4417.61	0.00233792
4415.68	0.00240939
4413.75	0.00239976
4411.82	0.00237887
4409.89	0.0023259
4407.96	0.0022756
4406.04	0.00225365
4404.11	0.00225628
4402.18	0.00225575
4400.25	0.00232127
4398.33	0.00233539
4396.4	0.00240449
4394.47	0.00241358
4392.54	0.00236801
4390.61	0.00243321
4388.68	0.00258748
4386.76	0.00271319
4384.83	0.00261331
4382.9	0.00254131
4380.97	0.00257854
4379.04	0.00259334
4377.12	0.00259784
4375.19	0.00255668
4373.26	0.00249759
4371.33	0.00252475
4369.4	0.00258014
4367.48	0.00268495
4365.55	0.00272059
4363.62	0.00279522
4361.69	0.0029693
4359.76	0.00313336
4357.84	0.00320789
4355.91	0.00326571
4353.98	0.00333699
4352.05	0.00333028
4350.12	0.00327162
4348.2	0.00333442
4346.27	0.00337593
4344.34	0.00330584
4342.41	0.00321016
4340.48	0.00317775
4338.56	0.00317215
4336.63	0.00307096
4334.7	0.00293947
4332.77	0.00279832
4330.84	0.00269325
4328.92	0.00256711
4326.99	0.00236541
4325.06	0.00225315
4323.13	0.00217612
4321.2	0.00210067
4319.28	0.00200249
4317.35	0.0017931
4315.42	0.0016466
4313.49	0.00157869
4311.56	0.00146361
4309.64	0.00141331
4307.71	0.00135404
4305.78	0.00127893
4303.85	0.00122683
4301.92	0.00121105
4300	0.00112114
4298.07	0.00095003
4296.14	0.000817357
4294.21	0.000780876
4292.28	0.000814403
4290.35	0.000708486
4288.43	0.00054898
4286.5	0.000546857
4284.57	0.000609796
4282.64	0.000570512
4280.71	0.000473246
4278.79	0.000453908
4276.86	0.000475203
4274.93	0.00049013
4273	0.000510432
4271.07	0.000498556
4269.15	0.000371426
4267.22	0.000302984
4265.29	0.000374709
4263.36	0.000428402
4261.43	0.000477459
4259.51	0.00033843
4257.58	0.000255804
4255.65	0.000290318
4253.72	0.000372122
4251.79	0.000389898
4249.87	0.000262567
4247.94	0.000157846
4246.01	6.68365e-05
4244.08	4.35072e-05
4242.15	2.31282e-05
4240.23	9.66296e-05
4238.3	9.91152e-05
4236.37	0.000135705
4234.44	0.000202894
4232.51	0.000126723
4230.59	8.50634e-05
4228.66	8.00592e-05
4226.73	9.17579e-05
4224.8	4.57605e-05
4222.87	-1.28558e-05
4220.95	0.000102231
4219.02	0.000120691
4217.09	4.95051e-05
4215.16	3.87686e-05
4213.23	5.93803e-05
4211.31	0.000216353
4209.38	0.000107235
4207.45	-6.86814e-05
4205.52	1.95827e-05
4203.59	0.000108395
4201.67	8.0722e-05
4199.74	4.06905e-05
4197.81	6.40528e-05
4195.88	6.1236e-05
4193.95	-2.96208e-05
4192.03	-5.28456e-05
4190.1	-7.74605e-05
4188.17	-4.75779e-05
4186.24	2.73033e-05
4184.31	0.000126093
4182.39	0.00010581
4180.46	1.3585e-06
4178.53	-0.000121187
4176.6	-0.000140996
4174.67	-0.000124897
4172.75	-0.000112707
4170.82	-0.000130462
4168.89	-0.000105652
4166.96	-8.0972e-05
4165.03	-0.000129601
4163.1	-0.000235751
4161.18	-0.000334922
4159.25	-0.00028976
4157.32	-0.000210913
4155.39	-0.000125957
4153.46	-0.000156
4151.54	-0.000142453
4149.61	-0.00014815
4147.68	-0.000209953
4145.75	-0.000256912
4143.82	-0.000237109
4141.9	-0.000135199
4139.97	-0.000197401
4138.04	-0.000207568
4136.11	-0.000219921
4134.18	-0.000176701
4132.26	-0.000164347
4130.33	-0.000284131
4128.4	-0.000311282
4126.47	-0.000333962
4124.54	-0.000335915
4122.62	-0.00037336
4120.69	-0.000312905
4118.76	-0.000241911
4116.83	-0.000249693
4114.9	-0.000244593
4112.98	-0.000284396
4111.05	-0.00027923
4109.12	-0.000273833
4107.19	-0.00028072
4105.26	-0.000376902
4103.34	-0.00033128
4101.41	-0.000267939
4099.48	-0.000253567
4097.55	-0.000322275
4095.62	-0.000362401
4093.7	-0.000364123
4091.77	-0.000380874
4089.84	-0.000440459
4087.91	-0.000519794
4085.98	-0.000388687
4084.06	-0.000277475
4082.13	-0.000339491
4080.2	-0.000378392
4078.27	-0.00035919
4076.34	-0.000491001
4074.42	-0.000553549
4072.49	-0.000424174
4070.56	-0.000365911
4068.63	-0.000433012
4066.7	-0.000476968
4064.78	-0.000473757
4062.85	-0.000428344
4060.92	-0.000391104
4058.99	-0.000371572
4057.06	-0.000419241
4055.14	-0.000462338
4053.21	-0.000475842
4051.28	-0.000497819
4049.35	-0.000480542
4047.42	-0.000554012
4045.5	-0.000700948
4043.57	-0.000609173
4041.64	-0.00046161
4039.71	-0.000442644
4037.78	-0.000453699
4035.85	-0.000522011
4033.93	-0.000476504
4032	-0.000454361
4030.07	-0.000555634
4028.14	-0.000572311
4026.21	-0.000555931
4024.29	-0.000640737
4022.36	-0.000606029
4020.43	-0.000507549
4018.5	-0.000479086
4016.57	-0.000489842
4014.65	-0.000506655
4012.72	-0.000506357
4010.79	-0.000531311
4008.86	-0.000469984
4006.93	-0.000465582
4005.01	-0.000562914
4003.08	-0.000669256
4001.15	-0.000660985
3999.22	-0.000592529
3997.29	-0.000712824
3995.37	-0.00077878
3993.44	-0.000671571
3991.51	-0.000609636
3989.58	-0.000623036
3987.65	-0.000566388
3985.73	-0.000546732
3983.8	-0.000574198
3981.87	-0.000542331
3979.94	-0.000495072
3978.01	-0.000539451
3976.09	-0.000683944
3974.16	-0.00076545
3972.23	-0.000743223
3970.3	-0.00066254
3968.37	-0.00068626
3966.45	-0.000669619
3964.52	-0.00053323
3962.59	-0.000606856
3960.66	-0.000718679
3958.73	-0.000684341
3956.81	-0.000598287
3954.88	-0.000524129
3952.95	-0.000530218
3951.02	-0.000655857
3949.09	-0.000778217
3947.17	-0.000812779
3945.24	-0.000753411
3943.31	-0.000715305
3941.38	-0.00073019
3939.45	-0.000681364
3937.53	-0.000615956
3935.6	-0.000645104
3933.67	-0.000758471
3931.74	-0.000735218
3929.81	-0.000571716
3927.88	-0.000571286
3925.96	-0.000669156
3924.03	-0.000651854
3922.1	-0.000590676
3920.17	-0.000647023
3918.24	-0.000686061
3916.32	-0.000636535
3914.39	-0.000648876
3912.46	-0.000652052
3910.53	-0.000566157
3908.6	-0.000497984
3906.68	-0.000486996
3904.75	-0.000540477
3902.82	-0.000618272
3900.89	-0.000595706
3898.96	-0.000497455
3897.04	-0.000409774
3895.11	-0.000499639
3893.18	-0.000546666
3891.25	-0.000546004
3889.32	-0.000581378
3887.4	-0.000583165
3885.47	-0.00054564
3883.54	-0.000461875
3881.61	-0.000408185
3879.68	-0.000460683
3877.76	-0.000546765
3875.83	-0.000535414
3873.9	-0.00033138
3871.97	-0.000247507
3870.04	-0.000330684
3868.12	-0.000343795
3866.19	-0.000344987
3864.26	-0.000376008
3862.33	-0.000394513
3860.4	-0.000225617
3858.48	-0.000207701
3856.55	-0.000379583
3854.62	-0.000460981
3852.69	-0.000414375
3850.76	-0.000298104
3848.84	-0.000293336
3846.91	-0.000312342
3844.98	-0.000330121
3843.05	-0.000368725
3841.12	-0.000400936
3839.2	-0.000419572
3837.27	-0.000416726
3835.34	-0.000418546
3833.41	-0.000373161
3831.48	-0.000262972
3829.56	-0.000211708
3827.63	-0.000321811
3825.7	-0.000358793
3823.77	-0.000245388
3821.84	-0.000215881
3819.92	-0.000279727
3817.99	-0.000233698
3816.06	-0.000161565
3814.13	-0.000194619
3812.2	-0.00022416
3810.27	-0.000254693
3808.35	-0.00030668
3806.42	-0.000279694
3804.49	-0.00030509
3802.56	-0.000242805
3800.64	-8.16346e-05
3798.71	2.67731e-05
3796.78	2.35258e-05
3794.85	-8.18002e-05
3792.92	-7.24912e-05
3790.99	-3.6976e-05
3789.07	-5.45021e-05
3787.14	-0.000144275
3785.21	-0.000117444
3783.28	-0.000146858
3781.35	-6.92778e-05
3779.43	3.94313e-05
3777.5	-4.56232e-05
3775.57	-6.13599e-05
3773.64	-2.96208e-05
3771.71	3.02524e-05
3769.79	-3.67786e-06
3767.86	5.88169e-05
3765.93	0.000104981
3764	0.000205745
3762.07	9.83198e-05
3760.15	-2.11721e-05
3758.22	-3.25695e-05
3756.29	2.49838e-05
3754.36	0.000130634
3752.43	0.000307858
3750.51	0.000213005
3748.58	8.39366e-05
3746.65	9.99438e-05
3744.72	2.95897e-05
3742.79	2.61104e-05
3740.87	0.000121288
3738.94	0.000122249
3737.01	0.00010929
3735.08	4.2977e-05
3733.15	8.51628e-05
3731.23	0.000220563
3729.3	0.000310643
3727.37	0.000343636
3725.44	0.000234818
3723.51	0.000180287
3721.59	0.000326526
3719.66	0.000414075
3717.73	0.000414937
3715.8	0.000279178
3713.87	8.15837e-05
3711.95	8.39035e-05
3710.02	0.000164509
3708.09	0.00014661
3706.16	5.44758e-05
3704.23	6.68034e-05
3702.31	4.15189e-05
3700.38	-3.03497e-05
3698.45	6.34895e-05
3696.52	-1.72297e-06
3694.59	-7.74605e-05
3692.67	-1.5573e-06
3690.74	-7.6831e-05
3688.81	-0.000143645
3686.88	-8.72663e-05
3684.95	0.000149858
3683.02	0.000283687
3681.1	0.00019643
3679.17	1.01723e-05
3677.24	-0.000136358
3675.31	-0.000103962
3673.38	-8.33572e-05
3671.46	-0.000206012
3669.53	-0.000192698
3667.6	-8.614e-05
3665.67	-0.000111614
3663.74	-0.000238301
3661.82	-0.000229856
3659.89	-0.000303071
3657.96	-0.000316381
3656.03	-0.000194553
3654.1	-0.00029274
3652.18	-0.000462272
3650.25	-0.000476968
3648.32	-0.000346874
3646.39	-0.00035962
3644.46	-0.000521846
3642.54	-0.000407755
3640.61	-0.000208761
3638.68	-0.000157424
3636.75	-0.000202733
3634.82	-0.00031605
3632.9	-0.000459756
3630.97	-0.000489809
3629.04	-0.000429437
3627.11	-0.000443041
3625.18	-0.000501856
3623.26	-0.000512712
3621.33	-0.000525023
3619.4	-0.000536705
3617.47	-0.00057112
3615.54	-0.000540841
3613.62	-0.000566157
3611.69	-0.00056983
3609.76	-0.000414508
3607.83	-0.00030711
3605.9	-0.000362865
3603.98	-0.000416361
3602.05	-0.000454527
3600.12	-0.000436024
3598.19	-0.000470613
3596.26	-0.000508012
3594.34	-0.000551166
3592.41	-0.000499374
3590.48	-0.000462272
3588.55	-0.000393289
3586.62	-0.00034214
3584.7	-0.000441585
3582.77	-0.000493814
3580.84	-0.000470447
3578.91	-0.00029072
3576.98	-7.59366e-05
3575.05	-6.50041e-05
3573.13	-0.000132615
3571.2	-0.000281018
3569.27	-0.000191572
3567.34	-5.06948e-06
3565.42	0.000215491
3563.49	0.000408337
3561.56	0.000520782
3559.63	0.000854572
3557.7	0.00120075
3555.77	0.00144047
3553.85	0.00165149
3551.92	0.00193562
3549.99	0.00230138
3548.06	0.00249832
3546.13	0.00262521
3544.21	0.00272499
3542.28	0.00289424
3540.35	0.00302695
3538.42	0.00326241
3536.49	0.00321661
3534.57	0.00312322
3532.64	0.00313787
3530.71	0.00309439
3528.78	0.00295285
3526.85	0.00285551
3524.93	0.00294988
3523	0.0032567
3521.07	0.00344719
3519.14	0.00338832
3517.21	0.00347231
3515.29	0.00363466
3513.36	0.00387232
3511.43	0.0040372
3509.5	0.00407078
3507.57	0.00417638
3505.65	0.00415487
3503.72	0.00408128
3501.79	0.00411216
3499.86	0.00419997
3497.93	0.00423105
3496.01	0.00415367
3494.08	0.00405476
3492.15	0.00411413
3490.22	0.00416357
3488.29	0.00418773
3486.37	0.00427462
3484.44	0.00429821
3482.51	0.0042526
3480.58	0.00420472
3478.65	0.00414544
3476.73	0.00412908
3474.8	0.00411316
3472.87	0.00406118
3470.94	0.00400359
3469.01	0.00394421
3467.09	0.00386447
3465.16	0.00376215
3463.23	0.00376807
3461.3	0.00380437
3459.37	0.00369922
3457.44	0.00357736
3455.52	0.00334728
3453.59	0.00323931
3451.66	0.00313553
3449.73	0.00309532
3447.81	0.00300513
3445.88	0.00282813
3443.95	0.0027482
3442.02	0.00265705
3440.09	0.00253228
3438.16	0.00259284
3436.24	0.00272226
3434.31	0.00265965
3432.38	0.00255551
3430.45	0.00249222
3428.52	0.00257034
3426.6	0.00268115
3424.67	0.00273583
3422.74	0.00284898
3420.81	0.00295882
3418.88	0.00319324
3416.96	0.00352726
3415.03	0.00413614
3413.1	0.00486706
3411.17	0.00562784
3409.24	0.00651621
3407.32	0.00742119
3405.39	0.00851083
3403.46	0.0101569
3401.53	0.0125528
3399.6	0.0157693
3397.68	0.0198433
3395.75	0.0252214
3393.82	0.0331483
3391.89	0.0457658
3389.96	0.068337
3388.04	0.10935
3386.11	0.176265
3384.18	0.262303
3382.25	0.33144
3380.32	0.350685
3378.4	0.330834
3376.47	0.301148
3374.54	0.27026
3372.61	0.242795
3370.68	0.233931
3368.76	0.247461
3366.83	0.269635
3364.9	0.28186
3362.97	0.276427
3361.04	0.259402
3359.12	0.240816
3357.19	0.225012
3355.26	0.21101
3353.33	0.197079
3351.4	0.182452
3349.48	0.167937
3347.55	0.154601
3345.62	0.142865
3343.69	0.132633
3341.76	0.123777
3339.83	0.116251
3337.91	0.109798
3335.98	0.104408
3334.05	0.0998278
3332.12	0.0956899
3330.19	0.0921113
3328.27	0.0891104
3326.34	0.0865199
3324.41	0.084281
3322.48	0.0822816
3320.55	0.0804724
3318.63	0.0788829
3316.7	0.0773595
3314.77	0.0757233
3312.84	0.0743153
3310.91	0.073268
3308.99	0.0720402
3307.06	0.0705656
3305.13	0.0693246
3303.2	0.0683102
3301.27	0.0672965
3299.35	0.0661705
3297.42	0.0648409
3295.49	0.0635217
3293.56	0.0624516
3291.63	0.0612849
3289.71	0.0600796
3287.78	0.0586351
3285.85	0.0571371
3283.92	0.055691
3281.99	0.0541335
3280.07	0.0525083
3278.14	0.0508658
3276.21	0.0495069
3274.28	0.0482117
3272.35	0.0468295
3270.43	0.0455194
3268.5	0.0443324
3266.57	0.04319
3264.64	0.0421453
3262.71	0.0414835
3260.79	0.0409878
3258.86	0.0404976
3256.93	0.0401866
3255	0.0401105
3253.07	0.0401277
3251.15	0.040117
3249.22	0.0402923
3247.29	0.0406692
3245.36	0.0411311
3243.43	0.041718
3241.51	0.0425279
3239.58	0.0436271
3237.65	0.0447425
3235.72	0.046088
3233.79	0.0475027
3231.87	0.0490106
3229.94	0.0507439
3228.01	0.0526942
3226.08	0.0547045
3224.15	0.0566437
3222.22	0.0587621
3220.3	0.0608662
3218.37	0.0628546
3216.44	0.0648198
3214.51	0.0665249
3212.58	0.0679247
3210.66	0.0688185
3208.73	0.0691219
3206.8	0.0688702
3204.87	0.068039
3202.94	0.0663558
3201.02	0.0637215
3199.09	0.0605125
3197.16	0.0566707
3195.23	0.052373
3193.3	0.0479893
3191.38	0.0435704
3189.45	0.0392005
3187.52	0.0349617
3185.59	0.0310845
3183.66	0.0275913
3181.74	0.0244732
3179.81	0.0217806
3177.88	0.019325
3175.95	0.0170246
3174.02	0.0150602
3172.1	0.0134712
3170.17	0.0121776
3168.24	0.0109614
3166.31	0.00971131
3164.38	0.0085383
3162.46	0.00769634
3160.53	0.00710872
3158.6	0.00649619
3156.67	0.00582589
3154.74	0.00510865
3152.82	0.0045737
3150.89	0.00423794
3148.96	0.00388486
3147.03	0.00342211
3145.1	0.0029729
3143.18	0.00259474
3141.25	0.00230441
3139.32	0.00205559
3137.39	0.0017908
3135.46	0.0014911
3133.54	0.00143967
3131.61	0.00137213
3129.68	0.00105508
3127.75	0.000764412
3125.82	0.000488339
3123.9	0.000335678
3121.97	0.000298441
3120.04	0.000268071
3118.11	0.000171204
3116.18	-9.20035e-05
3114.26	-0.000124334
3112.33	-0.000174316
3110.4	-0.000186505
3108.47	-0.000158451
3106.54	-0.000513009
3104.61	-0.000717587
3102.69	-0.000643053
3100.76	-0.000507747
3098.83	-0.000596831
3096.9	-0.00061675
3094.98	-0.000759464
3093.05	-0.00101821
3091.12	-0.000952387
3089.19	-0.000858251
3087.26	-0.000983067
3085.33	-0.00111416
3083.41	-0.00108488
3081.48	-0.000997646
3079.55	-0.00104597
3077.62	-0.00118458
3075.69	-0.00131492
3073.77	-0.00141259
3071.84	-0.00141811
3069.91	-0.00145876
3067.98	-0.00160697
3066.05	-0.00149984
3064.13	-0.00138362
3062.2	-0.00143848
3060.27	-0.00149244
3058.34	-0.00158251
3056.41	-0.00149406
3054.49	-0.00138534
3052.56	-0.00140123
3050.63	-0.00134548
3048.7	-0.00133289
3046.77	-0.00143122
3044.85	-0.00137068
3042.92	-0.00127353
3040.99	-0.00140536
3039.06	-0.00158304
3037.13	-0.00159667
3035.21	-0.00155049
3033.28	-0.00160905
3031.35	-0.00163863
3029.42	-0.00156151
3027.49	-0.00149492
3025.57	-0.00170461
3023.64	-0.00175385
3021.71	-0.00170699
3019.78	-0.00188949
3017.85	-0.00186558
3015.93	-0.00156366
3014	-0.00152685
3012.07	-0.00164814
3010.14	-0.00172817
3008.21	-0.0017155
3006.29	-0.00160668
3004.36	-0.00160773
3002.43	-0.001736
3000.5	-0.00183535
2998.57	-0.0018377
2996.65	-0.00182711
2994.72	-0.00189332
2992.79	-0.00191331
2990.86	-0.0018277
2988.93	-0.00165669
2987	-0.00154091
2985.08	-0.00169299
2983.15	-0.00190262
2981.22	-0.00179586
2979.29	-0.00174375
2977.36	-0.0018763
2975.44	-0.00186917
2973.51	-0.00182268
2971.58	-0.00188164
2969.65	-0.00205817
2967.72	-0.00209244
2965.8	-0.00203608
2963.87	-0.00214905
2961.94	-0.0022613
2960.01	-0.00222431
2958.08	-0.00213421
2956.16	-0.00201349
2954.23	-0.00192324
2952.3	-0.00186079
2950.37	-0.00179434
2948.44	-0.0018693
2946.52	-0.0019302
2944.59	-0.00203947
2942.66	-0.00210104
2940.73	-0.00206886
2938.8	-0.00200686
2936.88	-0.00203809
2934.95	-0.00198875
2933.02	-0.00188784
2931.09	-0.00186393
2929.16	-0.00183489
2927.24	-0.00179058
2925.31	-0.00187495
2923.38	-0.00202539
2921.45	-0.00209857
2919.52	-0.001987
2917.6	-0.00186878
2915.67	-0.00189711
2913.74	-0.00200432
2911.81	-0.00194063
2909.88	-0.00198295
2907.96	-0.00211624
2906.03	-0.00213045
2904.1	-0.00210922
2902.17	-0.00192304
2900.24	-0.00196965
2898.32	-0.00198826
2896.39	-0.00200643
2894.46	-0.00210579
2892.53	-0.0020958
2890.6	-0.00209418
2888.68	-0.00198934
2886.75	-0.00182239
2884.82	-0.00184377
2882.89	-0.00186165
2880.96	-0.00191404
2879.04	-0.00201266
2877.11	-0.00198476
2875.18	-0.00200181
2873.25	-0.00213797
2871.32	-0.00218367
2869.39	-0.00203288
2867.47	-0.00195207
2865.54	-0.00193202
2863.61	-0.00188547
2861.68	-0.00187795
2859.75	-0.00188527
2857.83	-0.00195438
2855.9	-0.00202886
2853.97	-0.00198981
2852.04	-0.0019585
2850.11	-0.00204663
2848.19	-0.00220223
2846.26	-0.0022556
2844.33	-0.00212195
2842.4	-0.00206688
2840.47	-0.00213032
2838.55	-0.00220051
2836.62	-0.00209336
2834.69	-0.00191259
2832.76	-0.00181005
2830.83	-0.00202539
2828.91	-0.0020712
2826.98	-0.00209032
2825.05	-0.00211229
2823.12	-0.00195718
2821.19	-0.00188455
2819.27	-0.00205056
2817.34	-0.00204281
2815.41	-0.00183789
2813.48	-0.00177942
2811.55	-0.00173141
2809.63	-0.00154332
2807.7	-0.00158211
2805.77	-0.00172022
2803.84	-0.00181816
2801.91	-0.00164942
2799.99	-0.00166692
2798.06	-0.00172322
2796.13	-0.00168345
2794.2	-0.00162678
2792.27	-0.00163157
2790.35	-0.00156059
2788.42	-0.00154131
2786.49	-0.00167966
2784.56	-0.00161126
2782.63	-0.00152592
2780.71	-0.00150086
2778.78	-0.00133398
2776.85	-0.00126203
2774.92	-0.00127174
2772.99	-0.00145447
2771.06	-0.00171157
2769.14	-0.00164794
2767.21	-0.00155729
2765.28	-0.001729
2763.35	-0.00180546
2761.43	-0.00153926
2759.5	-0.00139499
2757.57	-0.00138977
2755.64	-0.00137309
2753.71	-0.00144984
2751.78	-0.00139555
2749.86	-0.00150618
2747.93	-0.00183176
2746	-0.00177319
2744.07	-0.00149545
2742.15	-0.00155204
2740.22	-0.0016556
2738.29	-0.00146087
2736.36	-0.00140797
2734.43	-0.00170893
2732.5	-0.00161126
2730.58	-0.00147316
2728.65	-0.00159737
2726.72	-0.00181608
2724.79	-0.00196635
2722.86	-0.00189005
2720.94	-0.0017689
2719.01	-0.00173388
2717.08	-0.00171157
2715.15	-0.00165494
2713.22	-0.00166197
2711.3	-0.00173973
2709.37	-0.00162209
2707.44	-0.00156168
2705.51	-0.00153919
2703.58	-0.00157779
2701.66	-0.00167547
2699.73	-0.00203364
2697.8	-0.002181
2695.87	-0.0019749
2693.94	-0.00175246
2692.02	-0.00160304
2690.09	-0.00174854
2688.16	-0.00180628
2686.23	-0.00155385
2684.3	-0.00146262
2682.38	-0.00159397
2680.45	-0.00187577
2678.52	-0.00193733
2676.59	-0.00157284
2674.66	-0.00157221
2672.74	-0.00194729
2670.81	-0.00198433
2668.88	-0.00174567
2666.95	-0.00164569
2665.02	-0.00178906
2663.1	-0.00180612
2661.17	-0.00170194
2659.24	-0.00179041
2657.31	-0.00162731
2655.38	-0.00166867
2653.46	-0.00160549
2651.53	-0.0014218
2649.6	-0.00155541
2647.67	-0.00162282
2645.74	-0.00149502
2643.81	-0.00170016
2641.89	-0.00174755
2639.96	-0.00162028
2638.03	-0.00163632
2636.1	-0.00171633
2634.17	-0.0016079
2632.25	-0.00154798
2630.32	-0.00175669
2628.39	-0.00169748
2626.46	-0.00160552
2624.53	-0.00164493
2622.61	-0.00166141
2620.68	-0.00183892
2618.75	-0.0018247
2616.82	-0.00148323
2614.89	-0.00120622
2612.97	-0.00130901
2611.04	-0.00125569
2609.11	-0.0011522
2607.18	-0.00137956
2605.25	-0.00146464
2603.33	-0.00128271
2601.4	-0.00149977
2599.47	-0.00157921
2597.54	-0.00144515
2595.61	-0.00152387
2593.69	-0.00159506
2591.76	-0.00136896
2589.83	-0.00121458
2587.9	-0.00122311
2585.97	-0.00128
2584.05	-0.00142507
2582.12	-0.00127756
2580.19	-0.00123434
2578.26	-0.00146738
2576.33	-0.00160258
2574.41	-0.00161981
2572.48	-0.00169629
2570.55	-0.00178619
2568.62	-0.00187316
2566.69	-0.00175722
2564.77	-0.00157696
2562.84	-0.00146748
2560.91	-0.00127564
2558.98	-0.00134343
2557.05	-0.00151506
2555.13	-0.00148924
2553.2	-0.0014894
2551.27	-0.00136443
2549.34	-0.00133177
2547.41	-0.00146351
2545.49	-0.00151083
2543.56	-0.00145655
2541.63	-0.00128671
2539.7	-0.00119532
2537.77	-0.00137309
2535.85	-0.00133249
2533.92	-0.00133923
2531.99	-0.00138574
2530.06	-0.00129738
2528.13	-0.00124353
2526.21	-0.00109225
2524.28	-0.00126295
2522.35	-0.00147864
2520.42	-0.0014471
2518.49	-0.00147755
2516.56	-0.00167791
2514.64	-0.00160552
2512.71	-0.0014614
2510.78	-0.00133408
2508.85	-0.00152051
2506.92	-0.00166896
2505	-0.00160899
2503.07	-0.00144489
2501.14	-0.00157802
2499.21	-0.00164771
2497.28	-0.00141434
2495.36	-0.0016827
2493.43	-0.00192159
2491.5	-0.00168893
2489.57	-0.00169197
2487.64	-0.00187702
2485.72	-0.00186043
2483.79	-0.0018213
2481.86	-0.00135519
2479.93	-0.00104743
2478	-0.00138026
2476.08	-0.00167847
2474.15	-0.00157571
2472.22	-0.00142108
2470.29	-0.0013895
2468.36	-0.0013503
2466.44	-0.00137573
2464.51	-0.00170699
2462.58	-0.00193881
2460.65	-0.00162632
2458.72	-0.00156366
2456.8	-0.00184594
2454.87	-0.00205247
2452.94	-0.00219399
2451.01	-0.0024441
2449.08	-0.00226338
2447.16	-0.00166893
2445.23	-0.00153444
2443.3	-0.00172761
2441.37	-0.00151298
2439.44	-0.00157654
2437.52	-0.00189355
2435.59	-0.00212396
2433.66	-0.002056
2431.73	-0.00193274
2429.8	-0.00196444
2427.88	-0.00196062
2425.95	-0.00161589
2424.02	-0.0014263
2422.09	-0.00136896
2420.16	-0.00162285
2418.24	-0.0016482
2416.31	-0.00169636
2414.38	-0.00186821
2412.45	-0.00218558
2410.52	-0.00240048
2408.6	-0.00220088
2406.67	-0.00203911
2404.74	-0.00207014
2402.81	-0.00215653
2400.88	-0.00207921
2398.95	-0.0020402
2397.03	-0.00217615
2395.1	-0.00209336
2393.17	-0.00245372
2391.24	-0.00246249
2389.31	-0.0021773
2387.39	-0.0022756
2385.46	-0.00219244
2383.53	-0.00184743
2381.6	-0.00175827
2379.67	-0.00175365
2377.75	-0.00182331
2375.82	-0.00183641
2373.89	-0.00235385
2371.96	-0.00246239
2370.03	-0.00207001
2368.11	-0.00188415
2366.18	-0.00184076
2364.25	-0.00199347
2362.32	-0.00249105
2360.39	-0.00258401
2358.47	-0.00247576
2356.54	-0.00264715
2354.61	-0.00257268
2352.68	-0.0028103
2350.75	-0.00262419
2348.83	-0.00193753
2346.9	-0.00213256
2344.97	-0.00254004
2343.04	-0.00274317
2341.11	-0.00242202
2339.19	-0.00209451
2337.26	-0.00231855
2335.33	-0.0025766
2333.4	-0.00300402
2331.47	-0.00324558
2329.55	-0.00348309
2327.62	-0.00314289
2325.69	-0.00268696
2323.76	-0.00232494
2321.83	-0.00263552
2319.91	-0.00257772
2317.98	-0.00275973
2316.05	-0.00325716
2314.12	-0.00326281
2312.19	-0.00287179
2310.27	-0.00286757
2308.34	-0.00292303
2306.41	-0.00271659
2304.48	-0.00291428
2302.55	-0.00295288
2300.63	-0.00317533
2298.7	-0.0029127
2296.77	-0.00255795
2294.84	-0.0030005
2292.91	-0.00376814
2290.98	-0.00414573
2289.06	-0.00364261
2287.13	-0.00366013
2285.2	-0.00395169
2283.27	-0.00414228
2281.35	-0.00390375
2279.42	-0.00307542
2277.49	-0.0030769
2275.56	-0.0035648
2273.63	-0.00381248
2271.7	-0.00415337
2269.78	-0.00425369
2267.85	-0.00416145
2265.92	-0.00478815
2263.99	-0.00516403
2262.06	-0.00484094
2260.14	-0.00471434
2258.21	-0.0044206
2256.28	-0.00433095
2254.35	-0.00434673
2252.42	-0.00442132
2250.5	-0.00429024
2248.57	-0.00365848
2246.64	-0.00335446
2244.71	-0.00347616
2242.78	-0.00301505
2240.86	-0.00301758
2238.93	-0.00336202
2237	-0.00380831
2235.07	-0.00421244
2233.14	-0.00382089
2231.22	-0.00359651
2229.29	-0.00385071
2227.36	-0.00409423
2225.43	-0.00381002
2223.5	-0.00354147
2221.58	-0.00424509
2219.65	-0.00465603
2217.72	-0.0044798
2215.79	-0.00342304
2213.86	-0.00335673
2211.94	-0.00336166
2210.01	-0.00340095
2208.08	-0.0030642
2206.15	-0.00239833
2204.22	-0.00251724
2202.3	-0.00278791
2200.37	-0.00341334
2198.44	-0.0037187
2196.51	-0.0035882
2194.58	-0.00291629
2192.66	-0.00225253
2190.73	-0.00244156
2188.8	-0.00216975
2186.87	-0.00183902
2184.94	-0.00211182
2183.02	-0.00236373
2181.09	-0.00173019
2179.16	-0.00189233
2177.23	-0.0025318
2175.3	-0.00251648
2173.38	-0.00256471
2171.45	-0.00251915
2169.52	-0.00228493
2167.59	-0.00204792
2165.66	-0.00211242
2163.73	-0.00251869
2161.81	-0.00273671
2159.88	-0.00303597
2157.95	-0.00217173
2156.02	-0.00135043
2154.09	-0.00197269
2152.17	-0.00282814
2150.24	-0.00271548
2148.31	-0.00211407
2146.38	-0.00267833
2144.45	-0.00314829
2142.53	-0.00254708
2140.6	-0.00226661
2138.67	-0.0032831
2136.74	-0.00415639
2134.81	-0.00430828
2132.89	-0.00404775
2130.96	-0.00277148
2129.03	-0.00205844
2127.1	-0.00188986
2125.17	-0.00121085
2123.25	-0.00137956
2121.32	-0.000325718
2119.39	-0.00104019
2117.46	-0.00264514
2115.53	-0.00317878
2113.61	-0.00454633
2111.68	-0.00542445
2109.75	-0.00529989
2107.82	-0.00564099
2105.89	-0.00603675
2103.97	-0.00649372
2102.04	-0.0076459
2100.11	-0.00936596
2098.18	-0.00972728
2096.25	-0.00962709
2094.33	-0.00998857
2092.4	-0.0107507
2090.47	-0.0107259
2088.54	-0.0110512
2086.61	-0.0121425
2084.69	-0.0120399
2082.76	-0.0113352
2080.83	-0.0116039
2078.9	-0.0137035
2076.97	-0.0141566
2075.05	-0.0136758
2073.12	-0.0143448
2071.19	-0.0134733
2069.26	-0.0131272
2067.33	-0.0154331
2065.41	-0.0146013
2063.48	-0.0147315
2061.55	-0.0160719
2059.62	-0.0158017
2057.69	-0.0167122
2055.77	-0.0169184
2053.84	-0.015971
2051.91	-0.0157106
2049.98	-0.0154163
2048.05	-0.0155143
2046.12	-0.0168981
2044.2	-0.0177978
2042.27	-0.0170265
2040.34	-0.0160105
2038.41	-0.0164352
2036.48	-0.0190659
2034.56	-0.019691
2032.63	-0.0171921
2030.7	-0.017107
2028.77	-0.0171136
2026.84	-0.0168789
2024.92	-0.0163605
2022.99	-0.0144599
2021.06	-0.0146642
2019.13	-0.016275
2017.2	-0.0159774
2015.28	-0.0164398
2013.35	-0.015967
2011.42	-0.0153408
2009.49	-0.0163491
2007.56	-0.0173052
2005.64	-0.0177511
2003.71	-0.0156701
2001.78	-0.0145813
