nAHm0450.spa, Sat Nov 04 02:29:23 2006 (GMT-10:00)
9999.26	0.00711317
9997.33	0.00763588
9995.4	0.00710397
9993.48	0.00626106
9991.55	0.00546592
9989.62	0.00555484
9987.69	0.00613052
9985.76	0.00618621
9983.84	0.00652327
9981.91	0.00665235
9979.98	0.00701853
9978.05	0.00705302
9976.12	0.00616271
9974.2	0.00636898
9972.27	0.0065262
9970.34	0.00663284
9968.41	0.00662294
9966.48	0.00665955
9964.56	0.00620624
9962.63	0.00661389
9960.7	0.00695503
9958.77	0.00713169
9956.84	0.00653968
9954.92	0.00653541
9952.99	0.00708895
9951.06	0.00704429
9949.13	0.00594029
9947.2	0.00510285
9945.28	0.0056364
9943.35	0.00614917
9941.42	0.00540586
9939.49	0.00571455
9937.56	0.00608956
9935.64	0.00622751
9933.71	0.00641175
9931.78	0.00646297
9929.85	0.00592709
9927.92	0.00541253
9926	0.0052306
9924.07	0.00600972
9922.14	0.00699823
9920.21	0.00669024
9918.28	0.00635099
9916.36	0.00675569
9914.43	0.00706861
9912.5	0.00662893
9910.57	0.00581559
9908.64	0.00546159
9906.71	0.00563278
9904.79	0.00562066
9902.86	0.00563063
9900.93	0.00643741
9899	0.00671278
9897.08	0.00636693
9895.15	0.00588745
9893.22	0.00576129
9891.29	0.00616241
9889.36	0.00627178
9887.43	0.00576723
9885.51	0.00589998
9883.58	0.00638909
9881.65	0.00658927
9879.72	0.00645701
9877.79	0.00636343
9875.87	0.00676837
9873.94	0.00735159
9872.01	0.00659391
9870.08	0.00589347
9868.15	0.00664024
9866.23	0.00638135
9864.3	0.00556575
9862.37	0.00597539
9860.44	0.00655869
9858.51	0.00664239
9856.59	0.005977
9854.66	0.00629397
9852.73	0.00637486
9850.8	0.00588584
9848.87	0.00618705
9846.95	0.00677679
9845.02	0.0064966
9843.09	0.0055732
9841.16	0.00580175
9839.23	0.00656767
9837.31	0.00682973
9835.38	0.00629071
9833.45	0.0059111
9831.52	0.00580047
9829.59	0.00584933
9827.67	0.00646038
9825.74	0.00614988
9823.81	0.00595755
9821.88	0.00639763
9819.95	0.00636064
9818.03	0.00574255
9816.1	0.00581911
9814.17	0.00628826
9812.24	0.00635926
9810.31	0.00701234
9808.39	0.00725768
9806.46	0.00707649
9804.53	0.0067082
9802.6	0.00578748
9800.67	0.00591315
9798.75	0.00605602
9796.82	0.0063248
9794.89	0.00664088
9792.96	0.0068645
9791.03	0.00654631
9789.11	0.00605367
9787.18	0.00601933
9785.25	0.00548427
9783.32	0.00501247
9781.39	0.00558095
9779.46	0.00599672
9777.54	0.00606126
9775.61	0.00624072
9773.68	0.00597217
9771.75	0.00578342
9769.83	0.00575504
9767.9	0.00635035
9765.97	0.00698866
9764.04	0.00689615
9762.11	0.00646165
9760.18	0.00608099
9758.26	0.00575847
9756.33	0.00582072
9754.4	0.00593787
9752.47	0.00574967
9750.54	0.0060193
9748.62	0.00618809
9746.69	0.00631555
9744.76	0.00575998
9742.83	0.00503869
9740.9	0.0049931
9738.98	0.00567665
9737.05	0.00573023
9735.12	0.00567611
9733.19	0.00539942
9731.26	0.00512414
9729.34	0.00526809
9727.41	0.00587808
9725.48	0.00609339
9723.55	0.00608794
9721.62	0.00659243
9719.7	0.00703739
9717.77	0.00693577
9715.84	0.00643203
9713.91	0.00587298
9711.98	0.00574403
9710.06	0.00560015
9708.13	0.00576743
9706.2	0.00659418
9704.27	0.00653376
9702.34	0.00637446
9700.42	0.00634991
9698.49	0.00646424
9696.56	0.00630493
9694.63	0.00630009
9692.7	0.00616426
9690.78	0.00553991
9688.85	0.00582425
9686.92	0.00609503
9684.99	0.0059848
9683.06	0.00607198
9681.14	0.00631602
9679.21	0.00628543
9677.28	0.00585105
9675.35	0.00575904
9673.42	0.00519965
9671.5	0.00501767
9669.57	0.00517031
9667.64	0.00541331
9665.71	0.0055344
9663.78	0.00582176
9661.86	0.0061856
9659.93	0.0065745
9658	0.006095
9656.07	0.00548967
9654.14	0.00574981
9652.21	0.00612007
9650.29	0.00590408
9648.36	0.00560737
9646.43	0.00599323
9644.5	0.00620207
9642.57	0.00609409
9640.65	0.00585639
9638.72	0.00552887
9636.79	0.00578902
9634.86	0.00625383
9632.93	0.00588279
9631.01	0.00558313
9629.08	0.00647181
9627.15	0.00702203
9625.22	0.00683767
9623.29	0.00606593
9621.37	0.00586697
9619.44	0.00633015
9617.51	0.00637907
9615.58	0.00648348
9613.65	0.00678651
9611.73	0.00660525
9609.8	0.00603603
9607.87	0.00611993
9605.94	0.00602125
9604.01	0.00533491
9602.09	0.00578842
9600.16	0.00598147
9598.23	0.00561596
9596.3	0.00532216
9594.37	0.0055188
9592.45	0.00572822
9590.52	0.00613522
9588.59	0.00615075
9586.66	0.00558478
9584.73	0.00548226
9582.81	0.00483788
9580.88	0.00483801
9578.95	0.00531649
9577.02	0.00543974
9575.09	0.00549367
9573.17	0.00596693
9571.24	0.00603701
9569.31	0.00626688
9567.38	0.00603697
9565.45	0.00539871
9563.53	0.00529811
9561.6	0.00513685
9559.67	0.00539952
9557.74	0.00535054
9555.81	0.00529093
9553.88	0.00581263
9551.96	0.00593283
9550.03	0.00571596
9548.1	0.00613364
9546.17	0.00565758
9544.25	0.00512769
9542.32	0.00554763
9540.39	0.00663119
9538.46	0.0068057
9536.53	0.00614604
9534.6	0.00526789
9532.68	0.00481308
9530.75	0.0050345
9528.82	0.00507248
9526.89	0.0051292
9524.96	0.00566094
9523.04	0.00604611
9521.11	0.00620093
9519.18	0.00578133
9517.25	0.00542354
9515.32	0.00520491
9513.4	0.00514774
9511.47	0.00512035
9509.54	0.00489162
9507.61	0.00520622
9505.68	0.00549541
9503.76	0.00541562
9501.83	0.00540777
9499.9	0.00530442
9497.97	0.00526236
9496.04	0.00522627
9494.12	0.00540566
9492.19	0.00585108
9490.26	0.00597267
9488.33	0.00560623
9486.4	0.005413
9484.48	0.00516625
9482.55	0.00489444
9480.62	0.00507556
9478.69	0.00527708
9476.76	0.00541582
9474.84	0.0057907
9472.91	0.00580403
9470.98	0.00533108
9469.05	0.0054226
9467.12	0.00601896
9465.2	0.00599336
9463.27	0.00562106
9461.34	0.00528054
9459.41	0.00528094
9457.48	0.00515458
9455.56	0.00504686
9453.63	0.0050643
9451.7	0.00495523
9449.77	0.0051528
9447.84	0.0047499
9445.92	0.0041703
9443.99	0.00475506
9442.06	0.00594956
9440.13	0.0064892
9438.2	0.00623669
9436.28	0.00555125
9434.35	0.00555712
9432.42	0.00573873
9430.49	0.00564651
9428.56	0.00580407
9426.63	0.00573604
9424.71	0.00527262
9422.78	0.00462252
9420.85	0.00552309
9418.92	0.00562532
9417	0.00495422
9415.07	0.00535614
9413.14	0.00535077
9411.21	0.00535869
9409.28	0.00584913
9407.35	0.00531019
9405.43	0.00472752
9403.5	0.00498955
9401.57	0.00555665
9399.64	0.00482719
9397.71	0.00409938
9395.79	0.00440105
9393.86	0.0048429
9391.93	0.00466807
9390	0.00449334
9388.07	0.00528128
9386.15	0.00556313
9384.22	0.00548883
9382.29	0.00544498
9380.36	0.0057113
9378.43	0.00519606
9376.51	0.00507804
9374.58	0.00506584
9372.65	0.00493405
9370.72	0.00512789
9368.79	0.00485031
9366.87	0.00502467
9364.94	0.00583033
9363.01	0.00575098
9361.08	0.00551397
9359.15	0.00532052
9357.23	0.00546431
9355.3	0.00535638
9353.37	0.00521209
9351.44	0.00595305
9349.51	0.00631831
9347.59	0.00585541
9345.66	0.005089
9343.73	0.00482853
9341.8	0.00521682
9339.87	0.00504298
9337.95	0.00485624
9336.02	0.00452609
9334.09	0.00468063
9332.16	0.00556306
9330.23	0.00566688
9328.31	0.00481442
9326.38	0.00439399
9324.45	0.00440905
9322.52	0.00471469
9320.59	0.00462185
9318.67	0.00487041
9316.74	0.00514191
9314.81	0.00450205
9312.88	0.00451678
9310.95	0.00461308
9309.03	0.00465739
9307.1	0.00451929
9305.17	0.00471861
9303.24	0.00510986
9301.31	0.00488713
9299.38	0.0044974
9297.46	0.00486471
9295.53	0.00541545
9293.6	0.00514955
9291.67	0.00466198
9289.74	0.00448129
9287.82	0.00465588
9285.89	0.00519187
9283.96	0.00561777
9282.03	0.00549655
9280.1	0.00549756
9278.18	0.00500493
9276.25	0.00444768
9274.32	0.00473794
9272.39	0.00482729
9270.46	0.00455555
9268.54	0.00490087
9266.61	0.00524569
9264.68	0.00532944
9262.75	0.00496196
9260.82	0.00435082
9258.9	0.00450038
9256.97	0.00451812
9255.04	0.00485232
9253.11	0.00522191
9251.18	0.00545665
9249.26	0.00552796
9247.33	0.00504898
9245.4	0.0047156
9243.47	0.00477218
9241.54	0.00489397
9239.62	0.00487125
9237.69	0.00423781
9235.76	0.00442699
9233.83	0.00512286
9231.9	0.00497105
9229.98	0.00461653
9228.05	0.00473633
9226.12	0.00476715
9224.19	0.00430815
9222.26	0.00423671
9220.34	0.00437518
9218.41	0.00443593
9216.48	0.0041251
9214.55	0.00362297
9212.62	0.00405035
9210.7	0.00473352
9208.77	0.0049008
9206.84	0.00502115
9204.91	0.0047235
9202.98	0.00409503
9201.05	0.00404112
9199.13	0.00422874
9197.2	0.00435714
9195.27	0.00412928
9193.34	0.00406015
9191.42	0.00451932
9189.49	0.0046958
9187.56	0.00447871
9185.63	0.00467035
9183.7	0.00484786
9181.77	0.00436655
9179.85	0.00415464
9177.92	0.00426133
9175.99	0.00443526
9174.06	0.00483774
9172.13	0.00517346
9170.21	0.00537835
9168.28	0.00502742
9166.35	0.00465226
9164.42	0.00440929
9162.49	0.00432886
9160.57	0.00461626
9158.64	0.0045814
9156.71	0.00467279
9154.78	0.00487946
9152.85	0.00426598
9150.93	0.00386036
9149	0.00405433
9147.07	0.00404142
9145.14	0.00428556
9143.21	0.00425541
9141.29	0.00394447
9139.36	0.004331
9137.43	0.00460096
9135.5	0.00460588
9133.57	0.00463538
9131.65	0.00445572
9129.72	0.00389833
9127.79	0.00386216
9125.86	0.00410042
9123.93	0.00402122
9122.01	0.00399958
9120.08	0.00454561
9118.15	0.00458462
9116.22	0.00455555
9114.29	0.00424925
9112.37	0.00400172
9110.44	0.00398985
9108.51	0.00371519
9106.58	0.00425193
9104.65	0.00460997
9102.73	0.00413571
9100.8	0.00369882
9098.87	0.00374003
9096.94	0.00416989
9095.01	0.00402125
9093.08	0.00409975
9091.16	0.00460879
9089.23	0.00449873
9087.3	0.00418619
9085.37	0.00415534
9083.45	0.00410664
9081.52	0.00406383
9079.59	0.00428499
9077.66	0.00413243
9075.73	0.00356604
9073.8	0.00351837
9071.88	0.0038741
9069.95	0.00402988
9068.02	0.00408827
9066.09	0.00405697
9064.17	0.0040051
9062.24	0.00429958
9060.31	0.00437722
9058.38	0.00411416
9056.45	0.0043055
9054.52	0.00438489
9052.6	0.00436524
9050.67	0.0046808
9048.74	0.00410222
9046.81	0.00358669
9044.88	0.00382703
9042.96	0.00397594
9041.03	0.0040854
9039.1	0.0042952
9037.17	0.004209
9035.24	0.00373755
9033.32	0.00392364
9031.39	0.00392344
9029.46	0.00352889
9027.53	0.00387948
9025.6	0.00389917
9023.68	0.00384732
9021.75	0.00400891
9019.82	0.00438351
9017.89	0.00463769
9015.96	0.00444259
9014.04	0.00433087
9012.11	0.00378979
9010.18	0.00335252
9008.25	0.00373164
9006.32	0.0037823
9004.4	0.00349556
9002.47	0.003452
9000.54	0.00369712
8998.61	0.0039074
8996.68	0.00419994
8994.76	0.0043968
8992.83	0.00447433
8990.9	0.00441458
8988.97	0.00448655
8987.04	0.0042159
8985.12	0.00425394
8983.19	0.00435045
8981.26	0.0038963
8979.33	0.00371205
8977.4	0.00373261
8975.48	0.00365979
8973.55	0.00399196
8971.62	0.00399286
8969.69	0.0038421
8967.76	0.00389416
8965.83	0.0038163
8963.91	0.00368178
8961.98	0.00396855
8960.05	0.00373996
8958.12	0.00364158
8956.2	0.00356617
8954.27	0.00348858
8952.34	0.00358334
8950.41	0.00370387
8948.48	0.00357075
8946.55	0.00340825
8944.63	0.00355822
8942.7	0.0038173
8940.77	0.00392281
8938.84	0.00368024
8936.92	0.00383184
8934.99	0.00384959
8933.06	0.00394284
8931.13	0.00383478
8929.2	0.00365237
8927.27	0.0033015
8925.35	0.00337058
8923.42	0.00351012
8921.49	0.00381235
8919.56	0.00406744
8917.63	0.00372532
8915.71	0.00348624
8913.78	0.0036911
8911.85	0.00376586
8909.92	0.00342983
8907.99	0.00358391
8906.07	0.00376402
8904.14	0.00325723
8902.21	0.0033009
8900.28	0.00375333
8898.35	0.00407286
8896.43	0.00421098
8894.5	0.00396497
8892.57	0.00386711
8890.64	0.00377151
8888.71	0.00375888
8886.79	0.0039951
8884.86	0.00406265
8882.93	0.00381095
8881	0.00345163
8879.07	0.00335275
8877.15	0.00320549
8875.22	0.00300556
8873.29	0.00293857
8871.36	0.00332825
8869.43	0.00370383
8867.51	0.00381409
8865.58	0.00370908
8863.65	0.00334541
8861.72	0.00334718
8859.79	0.00350925
8857.87	0.00312028
8855.94	0.00266258
8854.01	0.00285171
8852.08	0.00312075
8850.15	0.00292419
8848.22	0.00263648
8846.3	0.00310633
8844.37	0.00376496
8842.44	0.00361873
8840.51	0.00350344
8838.58	0.00358134
8836.66	0.00341694
8834.73	0.00316434
8832.8	0.00308057
8830.87	0.00301387
8828.94	0.00309879
8827.02	0.00308397
8825.09	0.00331542
8823.16	0.00353664
8821.23	0.00345147
8819.3	0.00317989
8817.38	0.00317488
8815.45	0.00325453
8813.52	0.00317048
8811.59	0.00324124
8809.66	0.00374681
8807.74	0.00388078
8805.81	0.00346389
8803.88	0.0032148
8801.95	0.002886
8800.02	0.00302735
8798.1	0.00352943
8796.17	0.00360052
8794.24	0.00338748
8792.31	0.00327372
8790.38	0.0032556
8788.46	0.00352515
8786.53	0.00383024
8784.6	0.00347916
8782.67	0.00314805
8780.74	0.00313627
8778.82	0.00310783
8776.89	0.0032349
8774.96	0.00379511
8773.03	0.00357873
8771.1	0.00349506
8769.18	0.00372168
8767.25	0.00304547
8765.32	0.00271156
8763.39	0.00244784
8761.46	0.00243734
8759.54	0.0029778
8757.61	0.0034185
8755.68	0.00359718
8753.75	0.00366971
8751.82	0.00338625
8749.9	0.00342445
8747.97	0.00350711
8746.04	0.00336638
8744.11	0.00329923
8742.18	0.0034139
8740.25	0.0033034
8738.33	0.00338748
8736.4	0.00356297
8734.47	0.00329663
8732.54	0.00297213
8730.62	0.00292306
8728.69	0.00299952
8726.76	0.00302401
8724.83	0.00336351
8722.9	0.00328351
8720.97	0.00302027
8719.05	0.0029767
8717.12	0.0028878
8715.19	0.00295048
8713.26	0.00314197
8711.33	0.00295105
8709.41	0.00231877
8707.48	0.00220549
8705.55	0.00259694
8703.62	0.00304513
8701.69	0.00327609
8699.77	0.00312058
8697.84	0.0029781
8695.91	0.00291212
8693.98	0.00272089
8692.05	0.00280926
8690.13	0.00324772
8688.2	0.00324575
8686.27	0.00321347
8684.34	0.00340895
8682.41	0.00302154
8680.49	0.00268785
8678.56	0.00293917
8676.63	0.00312913
8674.7	0.00296679
8672.77	0.00295979
8670.85	0.00306082
8668.92	0.00291545
8666.99	0.00290525
8665.06	0.00321314
8663.13	0.00302671
8661.21	0.00270592
8659.28	0.00281303
8657.35	0.0029754
8655.42	0.00258234
8653.49	0.00284884
8651.57	0.00340989
8649.64	0.00345668
8647.71	0.00329135
8645.78	0.00308731
8643.85	0.00282093
8641.93	0.00264154
8640	0.00274083
8638.07	0.00300196
8636.14	0.0030484
8634.21	0.00274977
8632.29	0.00276931
8630.36	0.0028261
8628.43	0.0029313
8626.5	0.00279445
8624.57	0.00253391
8622.65	0.0023879
8620.72	0.00230481
8618.79	0.00241362
8616.86	0.00258071
8614.93	0.00244597
8613	0.00263494
8611.08	0.00269492
8609.15	0.00276767
8607.22	0.00237973
8605.29	0.00202227
8603.37	0.00215701
8601.44	0.00217975
8599.51	0.00220662
8597.58	0.00268518
8595.65	0.00283354
8593.72	0.00246063
8591.8	0.00233099
8589.87	0.00287603
8587.94	0.00303856
8586.01	0.00248876
8584.08	0.0021042
8582.16	0.00209907
8580.23	0.00268822
8578.3	0.00281769
8576.37	0.00249326
8574.44	0.00254488
8572.52	0.00265798
8570.59	0.00244014
8568.66	0.00239146
8566.73	0.00236904
8564.8	0.00214402
8562.88	0.00270272
8560.95	0.00293857
8559.02	0.00271926
8557.09	0.00291332
8555.16	0.00290411
8553.24	0.00267071
8551.31	0.00264451
8549.38	0.00272242
8547.45	0.00253461
8545.52	0.00257151
8543.6	0.00281936
8541.67	0.00294331
8539.74	0.00276204
8537.81	0.00237547
8535.88	0.00232816
8533.96	0.00271222
8532.03	0.00236094
8530.1	0.00215358
8528.17	0.00221185
8526.24	0.00261298
8524.32	0.00284461
8522.39	0.00270375
8520.46	0.00249975
8518.53	0.00251302
8516.6	0.0029377
8514.68	0.0028379
8512.75	0.00242941
8510.82	0.00239326
8508.89	0.00244837
8506.96	0.00261188
8505.04	0.00248423
8503.11	0.00212121
8501.18	0.00207044
8499.25	0.00228103
8497.32	0.00234042
8495.39	0.00217222
8493.47	0.00235695
8491.54	0.00249309
8489.61	0.0022368
8487.68	0.00201278
8485.75	0.00217675
8483.83	0.0022764
8481.9	0.00224403
8479.97	0.0020245
8478.04	0.00221122
8476.11	0.00252702
8474.19	0.00265425
8472.26	0.00268908
8470.33	0.00251378
8468.4	0.00227986
8466.47	0.00205163
8464.55	0.00242161
8462.62	0.00271829
8460.69	0.00251255
8458.76	0.00234522
8456.83	0.00226114
8454.91	0.00246943
8452.98	0.00251638
8451.05	0.00227963
8449.12	0.00181965
8447.19	0.00167324
8445.27	0.00198335
8443.34	0.00204304
8441.41	0.0022813
8439.48	0.00226807
8437.55	0.00192404
8435.63	0.00212244
8433.7	0.0024681
8431.77	0.00242155
8429.84	0.0021608
8427.91	0.00201078
8425.99	0.00198691
8424.06	0.0019504
8422.13	0.00189975
8420.2	0.00200319
8418.27	0.00210759
8416.35	0.00216014
8414.42	0.00208589
8412.49	0.00211605
8410.56	0.00224915
8408.63	0.00253688
8406.71	0.00264071
8404.78	0.00228699
8402.85	0.00209721
8400.92	0.00208256
8398.99	0.00224726
8397.07	0.00237857
8395.14	0.00223563
8393.21	0.00203522
8391.28	0.00200649
8389.35	0.00196062
8387.43	0.00185023
8385.5	0.00187599
8383.57	0.00211778
8381.64	0.0022808
8379.71	0.00234639
8377.79	0.00230188
8375.86	0.00217049
8373.93	0.0020733
8372	0.00205196
8370.07	0.00223673
8368.14	0.00222011
8366.22	0.00208016
8364.29	0.00195879
8362.36	0.0019715
8360.43	0.00203026
8358.5	0.00213976
8356.58	0.00219161
8354.65	0.00215721
8352.72	0.00219017
8350.79	0.00225342
8348.86	0.00213616
8346.94	0.00197097
8345.01	0.00189655
8343.08	0.00190168
8341.15	0.00199374
8339.22	0.00199753
8337.3	0.00195749
8335.37	0.00189612
8333.44	0.00173531
8331.51	0.00185379
8329.58	0.00213027
8327.66	0.00207427
8325.73	0.00175058
8323.8	0.00177833
8321.87	0.00154513
8319.94	0.00155179
8318.02	0.00188667
8316.09	0.00178878
8314.16	0.00158807
8312.23	0.00193106
8310.3	0.00214901
8308.38	0.00204807
8306.45	0.001909
8304.52	0.00182181
8302.59	0.00188577
8300.66	0.00179886
8298.74	0.00175311
8296.81	0.00202516
8294.88	0.00210243
8292.95	0.00207809
8291.02	0.00205236
8289.1	0.0020432
8287.17	0.00184976
8285.24	0.00163213
8283.31	0.00163562
8281.38	0.00178651
8279.46	0.00189289
8277.53	0.00204157
8275.6	0.00185326
8273.67	0.00167806
8271.74	0.00175374
8269.82	0.00167836
8267.89	0.00167218
8265.96	0.00192567
8264.03	0.00180674
8262.1	0.00157819
8260.17	0.00144177
8258.25	0.00162967
8256.32	0.00187615
8254.39	0.00177813
8252.46	0.00174303
8250.54	0.0019326
8248.61	0.00175128
8246.68	0.00146138
8244.75	0.00160848
8242.82	0.00186471
8240.89	0.00177933
8238.97	0.00164131
8237.04	0.0015744
8235.11	0.00143169
8233.18	0.00143904
8231.25	0.00145473
8229.33	0.0017432
8227.4	0.00214738
8225.47	0.0022747
8223.54	0.00171372
8221.61	0.00116503
8219.69	0.00140876
8217.76	0.00178219
8215.83	0.00174958
8213.9	0.00155105
8211.97	0.00120168
8210.05	0.00118553
8208.12	0.00139343
8206.19	0.00155341
8204.26	0.00146341
8202.33	0.00147588
8200.41	0.00163133
8198.48	0.0017234
8196.55	0.00167623
8194.62	0.00169187
8192.69	0.00161208
8190.77	0.00176302
8188.84	0.00185532
8186.91	0.00176422
8184.98	0.00162731
8183.05	0.00162744
8181.13	0.00156515
8179.2	0.0015181
8177.27	0.00137206
8175.34	0.00156329
8173.41	0.00157879
8171.49	0.00133759
8169.56	0.00146075
8167.63	0.00162072
8165.7	0.00165967
8163.77	0.0015579
8161.85	0.00151275
8159.92	0.001601
8157.99	0.00190564
8156.06	0.00181849
8154.13	0.00171861
8152.21	0.00148322
8150.28	0.0013353
8148.35	0.00126454
8146.42	0.00119556
8144.49	0.00133048
8142.56	0.00142062
8140.64	0.00131001
8138.71	0.00126883
8136.78	0.00127913
8134.85	0.00153057
8132.92	0.00157566
8131	0.00169955
8129.07	0.001795
8127.14	0.00153253
8125.21	0.00118832
8123.28	0.00119666
8121.36	0.00145912
8119.43	0.00128648
8117.5	0.000958565
8115.57	0.00120344
8113.64	0.0015341
8111.72	0.00142099
8109.79	0.0012259
8107.86	0.00124055
8105.93	0.00118623
8104	0.00102734
8102.08	0.000964376
8100.15	0.00107065
8098.22	0.0010111
8096.29	0.000950097
8094.36	0.00117875
8092.44	0.00128661
8090.51	0.0013337
8088.58	0.00133925
8086.65	0.00117104
8084.72	0.00113496
8082.8	0.00127192
8080.87	0.00141673
8078.94	0.00135119
8077.01	0.00145191
8075.08	0.00174892
8073.16	0.00161055
8071.23	0.00118912
8069.3	0.00117221
8067.37	0.00119091
8065.44	0.00118304
8063.52	0.00122264
8061.59	0.00113736
8059.66	0.00131439
8057.73	0.00155109
8055.8	0.00141245
8053.88	0.00142215
8051.95	0.00153582
8050.02	0.00162089
8048.09	0.00159911
8046.16	0.00150001
8044.24	0.00151158
8042.31	0.0013129
8040.38	0.00103033
8038.45	0.00101887
8036.52	0.000805738
8034.6	0.000737295
8032.67	0.000979519
8030.74	0.0011534
8028.81	0.000889997
8026.88	0.000864167
8024.96	0.00098015
8023.03	0.00111812
8021.1	0.00120752
8019.17	0.00122065
8017.24	0.00138871
8015.31	0.00128521
8013.39	0.0011341
8011.46	0.000922304
8009.53	0.000903178
8007.6	0.000936516
8005.67	0.000956605
8003.75	0.000921706
8001.82	0.000877779
7999.89	0.000923831
7997.96	0.000877214
7996.03	0.000902448
7994.11	0.00103309
7992.18	0.00116566
7990.25	0.00116251
7988.32	0.000844911
7986.39	0.000883821
7984.47	0.000971383
7982.54	0.000919149
7980.61	0.000928081
7978.68	0.000975567
7976.75	0.000896305
7974.83	0.000691793
7972.9	0.000582688
7970.97	0.000780942
7969.04	0.000717812
7967.11	0.000796577
7965.19	0.00100579
7963.26	0.000883523
7961.33	0.000709117
7959.4	0.000755848
7957.47	0.00100931
7955.55	0.000994529
7953.62	0.000847335
7951.69	0.000707524
7949.76	0.000852547
7947.83	0.000952222
7945.91	0.000970353
7943.98	0.000926155
7942.05	0.000854572
7940.12	0.00067812
7938.19	0.0004489
7936.27	0.000630568
7934.34	0.000985198
7932.41	0.00120344
7930.48	0.000854207
7928.55	0.000701849
7926.63	0.00063445
7924.7	0.000442167
7922.77	0.000626486
7920.84	0.000932763
7918.91	0.00111051
7916.99	0.000998349
7915.06	0.000851219
7913.13	0.00078612
7911.2	0.000776395
7909.27	0.000690532
7907.35	0.000593106
7905.42	0.000750007
7903.49	0.000681406
7901.56	0.000745393
7899.63	0.000869346
7897.71	0.000705499
7895.78	0.000469498
7893.85	0.000488273
7891.92	0.00052108
7889.99	0.000502304
7888.06	0.000500911
7886.14	0.000311903
7884.21	0.000494442
7882.28	0.000958332
7880.35	0.00116254
7878.42	0.00100393
7876.5	0.000638598
7874.57	0.000595429
7872.64	0.000543871
7870.71	0.000506484
7868.78	0.000444953
7866.86	0.000440641
7864.93	0.000543672
7863	0.000667567
7861.07	0.000816394
7859.14	0.000618689
7857.22	0.00040774
7855.29	0.00040963
7853.36	0.000763051
7851.43	0.000897335
7849.5	0.000494509
7847.58	0.000208397
7845.65	0.000455467
7843.72	0.000508773
7841.79	0.000278382
7839.86	0.000416562
7837.94	0.000556113
7836.01	0.00063372
7834.08	0.000816029
7832.15	0.000588528
7830.22	0.000157946
7828.3	0.000261341
7826.37	0.00047716
7824.44	0.000508607
7822.51	0.000568389
7820.58	0.000461139
7818.66	0.000406546
7816.73	0.000449364
7814.8	0.000428137
7812.87	0.000471654
7810.94	0.000470493
7809.02	0.000533421
7807.09	0.000642381
7805.16	0.000492154
7803.23	0.000369535
7801.3	0.000511029
7799.38	0.000591779
7797.45	0.000515507
7795.52	0.000415965
7793.59	0.000432051
7791.66	0.000346555
7789.74	0.000344333
7787.81	0.000427341
7785.88	0.000471687
7783.95	0.000432283
7782.02	0.000410592
7780.09	0.000437988
7778.17	0.000629273
7776.24	0.000767798
7774.31	0.000668762
7772.38	0.000299469
7770.46	6.1236e-05
7768.53	0.000201767
7766.6	0.00029927
7764.67	0.00050874
7762.74	0.000670819
7760.81	0.000404357
7758.89	0.000259517
7756.96	5.66629e-05
7755.03	0.000146941
7753.1	0.000374211
7751.17	0.00025902
7749.25	0.000276724
7747.32	0.000306996
7745.39	0.000222386
7743.46	0.000276028
7741.53	0.000350799
7739.61	0.000214165
7737.68	0.00017253
7735.75	0.000479913
7733.82	0.000667999
7731.89	0.000330605
7729.97	0.000132457
7728.04	0.000111444
7726.11	0.000117145
7724.18	0.000412649
7722.25	0.000384127
7720.33	0.000110914
7718.4	0.000127585
7716.47	0.000304542
7714.54	0.000302884
7712.61	0.000501143
7710.69	0.000467242
7708.76	0.000383596
7706.83	0.000310577
7704.9	0.000190264
7702.97	0.000155957
7701.05	0.000321121
7699.12	0.000319463
7697.19	0.000193877
7695.26	-2.94892e-06
7693.33	9.94798e-05
7691.41	0.000294032
7689.48	0.000297314
7687.55	0.000221823
7685.62	0.000262468
7683.69	0.000301227
7681.77	0.000403495
7679.84	0.000195502
7677.91	-2.05095e-05
7675.98	1.49103e-06
7674.05	0.000116183
7672.12	0.000258755
7670.2	0.000287699
7668.27	-3.2934e-05
7666.34	-0.000184882
7664.41	0.000210717
7662.48	0.000496201
7660.56	0.00033412
7658.63	0.000111345
7656.7	-7.09063e-06
7654.77	3.41957e-05
7652.84	0.000194209
7650.92	0.000318535
7648.99	0.000371724
7647.06	0.000284184
7645.13	2.77672e-05
7643.2	2.63755e-05
7641.28	0.000137163
7639.35	8.72176e-05
7637.42	0.000100441
7635.49	0.000251759
7633.56	0.000190728
7631.64	0.000241548
7629.71	6.32906e-05
7627.78	-9.15728e-05
7625.85	-2.47504e-05
7623.92	8.31413e-05
7622	4.33746e-05
7620.07	-0.000169481
7618.14	-0.000266746
7616.21	-2.71691e-05
7614.28	0.000180883
7612.36	0.000344797
7610.43	0.000321851
7608.5	0.00016305
7606.57	-4.6849e-05
7604.64	-4.97976e-05
7602.72	-0.000199951
7600.79	-0.000311348
7598.86	-0.000158286
7596.93	-4.35359e-05
7595	-8.75313e-05
7593.08	-6.31158e-05
7591.15	4.68872e-05
7589.22	5.96454e-05
7587.29	-5.33455e-06
7585.36	-0.000110985
7583.44	-0.000128177
7581.51	-0.000262243
7579.58	-0.000301051
7577.65	-6.08961e-05
7575.72	3.04844e-05
7573.8	4.23474e-05
7571.87	0.000151714
7569.94	-8.34566e-05
7568.01	-0.000319891
7566.08	-0.000300488
7564.16	-0.000117709
7562.23	-0.000100583
7560.3	-0.000142155
7558.37	-0.000113039
7556.44	1.0106e-05
7554.52	-2.14703e-05
7552.59	-0.000334459
7550.66	-0.000521548
7548.73	-0.000269031
7546.8	-3.33978e-05
7544.88	-0.00015653
7542.95	-0.000228498
7541.02	-0.000257739
7539.09	-0.000162061
7537.16	-0.000124533
7535.23	-0.000252772
7533.31	-0.000266813
7531.38	-0.000406232
7529.45	-0.000320818
7527.52	-0.000235354
7525.59	-0.000348596
7523.67	-0.000443703
7521.74	-0.000493351
7519.81	-0.000337736
7517.88	-0.000407424
7515.95	-0.0003723
7514.03	-0.000324063
7512.1	-0.000327837
7510.17	-0.000337472
7508.24	-0.000462239
7506.31	-0.000369188
7504.39	-0.000236778
7502.46	-0.000284396
7500.53	-0.000454792
7498.6	-0.000524394
7496.67	-0.000354555
7494.75	-0.000216576
7492.82	-0.00023085
7490.89	-0.00047005
7488.96	-0.000584025
7487.03	-0.000401829
7485.11	-0.000401995
7483.18	-0.000313269
7481.25	-0.000403584
7479.32	-0.000512381
7477.39	-0.000210748
7475.47	-0.000137849
7473.54	-0.000370546
7471.61	-0.000415534
7469.68	-0.000305289
7467.75	-0.000388753
7465.83	-0.00041272
7463.9	-0.00051751
7461.97	-0.000675674
7460.04	-0.000620257
7458.11	-0.00062201
7456.19	-0.000561259
7454.26	-0.000459194
7452.33	-0.000472532
7450.4	-0.000442412
7448.47	-0.000442578
7446.54	-0.000467568
7444.62	-0.000299495
7442.69	-0.000277508
7440.76	-0.00040653
7438.83	-0.000396798
7436.91	-0.000399843
7434.98	-0.000356575
7433.05	-0.00030562
7431.12	-0.00034853
7429.19	-0.000355946
7427.26	-0.000276482
7425.34	-0.000287972
7423.41	-0.00030509
7421.48	-0.000513638
7419.55	-0.000410668
7417.62	-0.000420665
7415.7	-0.000554839
7413.77	-0.000626246
7411.84	-0.000684076
7409.91	-0.000697177
7407.98	-0.000563079
7406.06	-0.000597724
7404.13	-0.000542794
7402.2	-0.000512513
7400.27	-0.000532965
7398.34	-0.000427782
7396.42	-0.000265554
7394.49	-0.000504934
7392.56	-0.000629918
7390.63	-0.000458002
7388.7	-0.000345815
7386.78	-0.00032585
7384.85	-0.000517874
7382.92	-0.000633061
7380.99	-0.000595706
7379.06	-0.000409476
7377.14	-0.000435428
7375.21	-0.000587797
7373.28	-0.000555038
7371.35	-0.000447543
7369.42	-0.000414375
7367.5	-0.000481005
7365.57	-0.00054746
7363.64	-0.000458664
7361.71	-0.000358098
7359.78	-0.000387429
7357.86	-0.000531211
7355.93	-0.000585084
7354	-0.000514102
7352.07	-0.000455983
7350.14	-0.000614864
7348.22	-0.000806628
7346.29	-0.000742197
7344.36	-0.000552821
7342.43	-0.000489544
7340.5	-0.000582834
7338.58	-0.000643615
7336.65	-0.000709946
7334.72	-0.000649471
7332.79	-0.000425729
7330.86	-0.000385178
7328.94	-0.000619099
7327.01	-0.000838244
7325.08	-0.000833085
7323.15	-0.000680636
7321.22	-0.000534686
7319.29	-0.000607981
7317.37	-0.000602224
7315.44	-0.000593092
7313.51	-0.000725758
7311.58	-0.000686822
7309.65	-0.000549578
7307.73	-0.000494542
7305.8	-0.000578069
7303.87	-0.000604342
7301.94	-0.000636535
7300.01	-0.000637627
7298.09	-0.000638388
7296.16	-0.000721722
7294.23	-0.000784369
7292.3	-0.000539352
7290.37	-0.000417222
7288.45	-0.000627073
7286.52	-0.000757744
7284.59	-0.000810729
7282.66	-0.000952222
7280.73	-0.000847107
7278.81	-0.000565131
7276.88	-0.000569168
7274.95	-0.000708391
7273.02	-0.00079826
7271.09	-0.000659794
7269.17	-0.000641333
7267.24	-0.000720432
7265.31	-0.000695622
7263.38	-0.000621382
7261.45	-0.000633524
7259.53	-0.000673126
7257.6	-0.000738724
7255.67	-0.000847503
7253.74	-0.000899849
7251.81	-0.000889665
7249.89	-0.000898923
7247.96	-0.000762903
7246.03	-0.00066694
7244.1	-0.000782087
7242.17	-0.000779408
7240.25	-0.000900973
7238.32	-0.000839798
7236.39	-0.000682919
7234.46	-0.000541702
7232.53	-0.000580352
7230.61	-0.000651986
7228.68	-0.00070022
7226.75	-0.000800641
7224.82	-0.0008059
7222.89	-0.000725791
7220.97	-0.000740213
7219.04	-0.000806363
7217.11	-0.00082442
7215.18	-0.000831993
7213.25	-0.000899122
7211.33	-0.00101877
7209.4	-0.00101041
7207.47	-0.000981612
7205.54	-0.000958437
7203.61	-0.000752617
7201.69	-0.000797334
7199.76	-0.000910033
7197.83	-0.000955263
7195.9	-0.000994902
7193.97	-0.000865592
7192.04	-0.000917836
7190.12	-0.000917109
7188.19	-0.000799914
7186.26	-0.000775638
7184.33	-0.000870949
7182.4	-0.000953776
7180.48	-0.000856498
7178.55	-0.000707366
7176.62	-0.000772793
7174.69	-0.00079826
7172.76	-0.000899485
7170.84	-0.000922697
7168.91	-0.000913373
7166.98	-0.00101573
7165.05	-0.00103153
7163.12	-0.00102512
7161.2	-0.00101421
7159.27	-0.000859077
7157.34	-0.000683977
7155.41	-0.000766013
7153.48	-0.000975629
7151.56	-0.0011097
7149.63	-0.000985712
7147.7	-0.000826305
7145.77	-0.00091949
7143.84	-0.000849454
7141.92	-0.000711534
7139.99	-0.000840327
7138.06	-0.000852365
7136.13	-0.000870453
7134.2	-0.0010432
7132.28	-0.00100429
7130.35	-0.000980422
7128.42	-0.000915753
7126.49	-0.000924581
7124.56	-0.000967364
7122.64	-0.000950106
7120.71	-0.000904346
7118.78	-0.00085382
7116.85	-0.000850546
7114.92	-0.000929177
7113	-0.000964256
7111.07	-0.000895187
7109.14	-0.000961644
7107.21	-0.000946502
7105.28	-0.000749111
7103.36	-0.000753344
7101.43	-0.000926102
7099.5	-0.000870618
7097.57	-0.000758736
7095.64	-0.000883018
7093.71	-0.00110084
7091.79	-0.00124323
7089.86	-0.00121901
7087.93	-0.000882522
7086	-0.000719142
7084.08	-0.000745274
7082.15	-0.000762341
7080.22	-0.000750599
7078.29	-0.000819393
7076.36	-0.000798988
7074.43	-0.000800443
7072.51	-0.00082819
7070.58	-0.000878422
7068.65	-0.000967066
7066.72	-0.00095976
7064.79	-0.000977744
7062.87	-0.00101189
7060.94	-0.000938997
7059.01	-0.000982307
7057.08	-0.00104769
7055.15	-0.00109968
7053.23	-0.000964421
7051.3	-0.00094799
7049.37	-0.00105559
7047.44	-0.0011285
7045.51	-0.00118422
7043.59	-0.00110603
7041.66	-0.000945312
7039.73	-0.000810133
7037.8	-0.000810762
7035.87	-0.000811952
7033.95	-0.000805668
7032.02	-0.000765384
7030.09	-0.000724865
7028.16	-0.000710409
7026.23	-0.00074835
7024.31	-0.000702238
7022.38	-0.000783377
7020.45	-0.000878422
7018.52	-0.000888574
7016.59	-0.00082022
7014.67	-0.00076254
7012.74	-0.000702701
7010.81	-0.000631936
7008.88	-0.000704454
7006.95	-0.000784105
7005.03	-0.000780268
7003.1	-0.000720432
7001.17	-0.000865427
6999.24	-0.000964388
6997.31	-0.000926664
6995.39	-0.000784204
6993.46	-0.000803221
6991.53	-0.000820121
6989.6	-0.000740378
6987.67	-0.000695986
6985.75	-0.000689733
6983.82	-0.000632598
6981.89	-0.000528431
6979.96	-0.000677328
6978.03	-0.000810398
6976.1	-0.000828951
6974.18	-0.000776696
6972.25	-0.000668627
6970.32	-0.000608114
6968.39	-0.000780533
6966.46	-0.000897535
6964.54	-0.000691884
6962.61	-0.000500201
6960.68	-0.00056427
6958.75	-0.000700419
6956.82	-0.000651159
6954.9	-0.000503875
6952.97	-0.000536374
6951.04	-0.000785395
6949.11	-0.000743587
6947.18	-0.000614665
6945.26	-0.000656585
6943.33	-0.000694894
6941.4	-0.000579062
6939.47	-0.000632234
6937.54	-0.000741205
6935.62	-0.000589088
6933.69	-0.000502783
6931.76	-0.000636105
6929.83	-0.000667072
6927.9	-0.00050232
6925.98	-0.00034502
6924.05	-0.000513737
6922.12	-0.000534785
6920.19	-0.000536605
6918.26	-0.000727246
6916.34	-0.000731116
6914.41	-0.000507218
6912.48	-0.000373326
6910.55	-0.000380676
6908.62	-0.000423445
6906.7	-0.000528332
6904.77	-0.000515922
6902.84	-0.000513473
6900.91	-0.000588294
6898.98	-0.000619165
6897.06	-0.000598584
6895.13	-0.000518536
6893.2	-0.000414607
6891.27	-0.000347569
6889.34	-0.000373988
6887.42	-0.00039832
6885.49	-0.000332207
6883.56	-0.000417818
6881.63	-0.000410039
6879.7	-0.000447146
6877.78	-0.000353926
6875.85	-0.000312011
6873.92	-0.000371307
6871.99	-0.000232241
6870.06	-0.000233267
6868.14	-0.000237837
6866.21	-0.000185511
6864.28	-0.00027668
6862.35	-0.000306216
6860.42	-0.000213198
6858.5	-0.00021704
6856.57	-8.81939e-05
6854.64	-1.96149e-05
6852.71	-0.000224856
6850.78	-0.000321811
6848.85	-0.000296448
6846.93	-0.000326711
6845	-0.000385542
6843.07	-0.000251481
6841.14	3.49578e-05
6839.21	0.000181215
6837.29	0.00010929
6835.36	0.000115487
6833.43	-3.86326e-05
6831.5	-0.000146494
6829.57	-0.000176105
6827.65	-0.000236645
6825.72	-0.000119995
6823.79	0.000102595
6821.86	0.000124701
6819.93	-2.90576e-05
6818.01	-9.8397e-05
6816.08	-8.98171e-05
6814.15	-4.62195e-05
6812.22	-9.40997e-06
6810.29	5.36473e-05
6808.37	8.97031e-05
6806.44	0.000137329
6804.51	0.000143328
6802.58	0.000264755
6800.65	0.00032258
6798.73	0.000187944
6796.8	3.21412e-05
6794.87	0.000256268
6792.94	0.00047663
6791.01	0.000427076
6789.09	0.000398852
6787.16	0.000521744
6785.23	0.000525326
6783.3	0.000486349
6781.37	0.000426446
6779.45	0.000462997
6777.52	0.000589954
6775.59	0.000677656
6773.66	0.000675631
6771.73	0.000608535
6769.81	0.000452648
6767.88	0.000423295
6765.95	0.000571441
6764.02	0.000582655
6762.09	0.000586769
6760.17	0.000736531
6758.24	0.000898663
6756.31	0.000826088
6754.38	0.000714859
6752.45	0.000809523
6750.53	0.000920677
6748.6	0.000845276
6746.67	0.000858456
6744.74	0.000949964
6742.81	0.000994862
6740.88	0.000958233
6738.96	0.000941364
6737.03	0.000930339
6735.1	0.000988186
6733.17	0.00104591
6731.25	0.000960856
6729.32	0.000888071
6727.39	0.000949001
6725.46	0.00104448
6723.53	0.00110407
6721.6	0.0010582
6719.68	0.0010115
6717.75	0.00109689
6715.82	0.00109075
6713.89	0.00100967
6711.96	0.0011348
6710.04	0.00120892
6708.11	0.00108477
6706.18	0.00110337
6704.25	0.00126883
6702.32	0.00124039
6700.4	0.00116214
6698.47	0.00134869
6696.54	0.00147538
6694.61	0.00137994
6692.68	0.00126604
6690.76	0.00124354
6688.83	0.00130858
6686.9	0.00131968
6684.97	0.00125497
6683.04	0.00139064
6681.12	0.00144745
6679.19	0.00128983
6677.26	0.00122052
6675.33	0.0012693
6673.4	0.00125384
6671.48	0.00125853
6669.55	0.00137166
6667.62	0.00149942
6665.69	0.00144898
6663.76	0.00148821
6661.84	0.0014287
6659.91	0.00134633
6657.98	0.00136711
6656.05	0.0013224
6654.12	0.00120633
6652.2	0.00122839
6650.27	0.00120131
6648.34	0.00124906
6646.41	0.00151587
6644.48	0.001558
6642.56	0.00143359
6640.63	0.00155312
6638.7	0.00158045
6636.77	0.0014541
6634.84	0.00130406
6632.92	0.00127063
6630.99	0.00139124
6629.06	0.00141088
6627.13	0.00135185
6625.2	0.00129219
6623.27	0.00128452
6621.35	0.00129037
6619.42	0.00128428
6617.49	0.00134962
6615.56	0.00134743
6613.63	0.00147182
6611.71	0.00156994
6609.78	0.00144446
6607.85	0.0012787
6605.92	0.00127993
6603.99	0.00126418
6602.07	0.00129472
6600.14	0.00123321
6598.21	0.0012046
6596.28	0.00130785
6594.35	0.00131625
6592.43	0.00124441
6590.5	0.00137223
6588.57	0.00154198
6586.64	0.00145939
6584.71	0.0013561
6582.79	0.00118563
6580.86	0.00121922
6578.93	0.00128402
6577	0.0012585
6575.07	0.0012797
6573.15	0.0014541
6571.22	0.00154241
6569.29	0.00145277
6567.36	0.00130761
6565.43	0.00120633
6563.51	0.00121782
6561.58	0.00131333
6559.65	0.0013561
6557.72	0.00142139
6555.79	0.00141125
6553.87	0.00134397
6551.94	0.00127049
6550.01	0.00121849
6548.08	0.00110424
6546.15	0.00107833
6544.23	0.00119104
6542.3	0.00132154
6540.37	0.00133094
6538.44	0.00130622
6536.51	0.00124823
6534.59	0.00120679
6532.66	0.00116131
6530.73	0.00121164
6528.8	0.00115626
6526.87	0.000992603
6524.95	0.000937113
6523.02	0.000966003
6521.09	0.00105571
6519.16	0.00107912
6517.23	0.00112344
6515.31	0.000985297
6513.38	0.000903079
6511.45	0.000931169
6509.52	0.000893749
6507.59	0.000914302
6505.67	0.000973508
6503.74	0.000962417
6501.81	0.00087167
6499.88	0.000926056
6497.95	0.00098915
6496.02	0.00102581
6494.1	0.00109145
6492.17	0.00106687
6490.24	0.000959262
6488.31	0.000891524
6486.38	0.000816793
6484.46	0.000855169
6482.53	0.00098822
6480.6	0.00102721
6478.67	0.000913073
6476.74	0.000837109
6474.82	0.000876617
6472.89	0.000942526
6470.96	0.000877447
6469.03	0.000684426
6467.1	0.000631065
6465.18	0.000832495
6463.25	0.00092662
6461.32	0.000859651
6459.39	0.000846637
6457.46	0.000868748
6455.54	0.000743833
6453.61	0.000723454
6451.68	0.00076564
6449.75	0.000770387
6447.82	0.000698497
6445.9	0.00062705
6443.97	0.000605648
6442.04	0.000625325
6440.11	0.00063664
6438.18	0.000741477
6436.26	0.000797672
6434.33	0.000815598
6432.4	0.000739452
6430.47	0.000656815
6428.54	0.000680709
6426.62	0.000689039
6424.69	0.000692324
6422.76	0.000644405
6420.83	0.000584845
6418.9	0.000606478
6416.98	0.000505854
6415.05	0.000447242
6413.12	0.000484325
6411.19	0.000559564
6409.26	0.000559796
6407.34	0.000618954
6405.41	0.000553194
6403.48	0.000472019
6401.55	0.000524597
6399.62	0.000555151
6397.7	0.000614773
6395.77	0.000643741
6393.84	0.000532525
6391.91	0.00044346
6389.98	0.000529739
6388.06	0.000651871
6386.13	0.000547919
6384.2	0.000455766
6382.27	0.000435765
6380.34	0.000404589
6378.42	0.000423626
6376.49	0.000488239
6374.56	0.000624495
6372.63	0.000590817
6370.7	0.00040177
6368.77	0.000353784
6366.85	0.00037713
6364.92	0.000308289
6362.99	0.000336043
6361.06	0.000373051
6359.13	0.000383928
6357.21	0.000296087
6355.28	0.000276923
6353.35	0.000259616
6351.42	0.000328317
6349.49	0.000380811
6347.57	0.000318004
6345.64	0.000183137
6343.71	0.000170077
6341.78	0.000168619
6339.85	0.000152974
6337.93	0.000168983
6336	0.000164177
6334.07	9.75907e-05
6332.14	3.67803e-05
6330.21	-4.47949e-05
6328.29	2.30619e-05
6326.36	3.99615e-05
6324.43	4.53629e-05
6322.5	1.8688e-05
6320.57	3.84357e-06
6318.65	7.44917e-05
6316.72	0.000105545
6314.79	5.34816e-05
6312.86	3.11471e-05
6310.93	5.43432e-05
6309.01	-3.43255e-05
6307.08	-0.000114198
6305.15	-1.4579e-06
6303.22	-8.1999e-05
6301.29	-0.000191141
6299.37	-0.000156795
6297.44	-8.83264e-05
6295.51	-0.000146958
6293.58	-0.000179185
6291.65	-0.000149541
6289.73	-0.000111382
6287.8	-6.85489e-05
6285.87	-2.04432e-05
6283.94	-8.29928e-05
6282.01	-0.000221941
6280.08	-0.000238301
6278.16	-0.000203263
6276.23	-0.000120823
6274.3	-0.000123705
6272.37	-9.57137e-05
6270.45	-0.000150833
6268.52	-0.000249891
6266.59	-0.000311448
6264.66	-0.000346113
6262.73	-0.000330088
6260.8	-0.000312938
6258.88	-0.000356409
6256.95	-0.000421261
6255.02	-0.000439897
6253.09	-0.000417818
6251.17	-0.000358892
6249.24	-0.000292144
6247.31	-0.000307044
6245.38	-0.000371969
6243.45	-0.000437778
6241.52	-0.000467005
6239.6	-0.000366341
6237.67	-0.000420301
6235.74	-0.000396698
6233.81	-0.000346047
6231.88	-0.000322539
6229.96	-0.00034949
6228.03	-0.000497124
6226.1	-0.000645931
6224.17	-0.000677824
6222.24	-0.000581742
6220.32	-0.000445822
6218.39	-0.000373128
6216.46	-0.000349423
6214.53	-0.000415534
6212.6	-0.000530119
6210.68	-0.000594415
6208.75	-0.000520919
6206.82	-0.000449132
6204.89	-0.000514002
6202.96	-0.000572378
6201.04	-0.000603151
6199.11	-0.000561623
6197.18	-0.000458201
6195.25	-0.000388124
6193.32	-0.000469256
6191.4	-0.000480112
6189.47	-0.000432846
6187.54	-0.000471242
6185.61	-0.000495336
6183.68	-0.000505629
6181.76	-0.000525585
6179.83	-0.000537267
6177.9	-0.00057797
6175.97	-0.000604077
6174.04	-0.000544515
6172.12	-0.000504835
6170.19	-0.000433938
6168.26	-0.000379981
6166.33	-0.000380941
6164.4	-0.000510494
6162.48	-0.000614036
6160.55	-0.000574595
6158.62	-0.000583165
6156.69	-0.000541669
6154.76	-0.000556362
6152.83	-0.000536804
6150.91	-0.000566686
6148.98	-0.000586242
6147.05	-0.0004012
6145.12	-0.000512083
6143.19	-0.000694729
6141.27	-0.000536837
6139.34	-0.000485076
6137.41	-0.000522011
6135.48	-0.000439069
6133.55	-0.000355979
6131.63	-0.000389713
6129.7	-0.000430827
6127.77	-0.000345484
6125.84	-0.000397162
6123.91	-0.000466178
6121.99	-0.000390806
6120.06	-0.000272078
6118.13	-0.000187564
6116.2	-0.000282674
6114.27	-0.000440294
6112.35	-0.000446881
6110.42	-0.000654302
6108.49	-0.000746067
6106.56	-0.00065804
6104.63	-0.000569366
6102.71	-0.000588823
6100.78	-0.000518139
6098.85	-0.000414806
6096.92	-0.0005051
6094.99	-0.000628562
6093.07	-0.000628628
6091.14	-0.000597724
6089.21	-0.000495833
6087.28	-0.000457208
6085.35	-0.000405338
6083.43	-0.00041378
6081.5	-0.000422916
6079.57	-0.000445424
6077.64	-0.000485805
6075.71	-0.000461511
6073.79	-0.000479086
6071.86	-0.000493251
6069.93	-0.000421426
6068	-0.000288005
6066.07	-0.000269429
6064.15	-0.000482131
6062.22	-0.000489743
6060.29	-0.000463265
6058.36	-0.000490273
6056.43	-0.000467104
6054.51	-0.000520191
6052.58	-0.000506026
6050.65	-0.000468958
6048.72	-0.000407622
6046.79	-0.000380146
6044.87	-0.000399082
6042.94	-0.000478887
6041.01	-0.000467336
6039.08	-0.000548486
6037.15	-0.000535778
6035.23	-0.00053045
6033.3	-0.000561921
6031.37	-0.000694729
6029.44	-0.000688476
6027.51	-0.000600206
6025.58	-0.00059425
6023.66	-0.000633293
6021.73	-0.000711732
6019.8	-0.000705017
6017.87	-0.000699658
6015.94	-0.000713154
6014.02	-0.000769585
6012.09	-0.000813507
6010.16	-0.000738096
6008.23	-0.000719671
6006.3	-0.000772628
6004.38	-0.0008228
6002.45	-0.000914828
6000.52	-0.00101279
5998.59	-0.0010973
5996.66	-0.00102363
5994.74	-0.000914298
5992.81	-0.000864931
5990.88	-0.000875413
5988.95	-0.000953974
5987.02	-0.00103345
5985.1	-0.00105034
5983.17	-0.00102862
5981.24	-0.000983794
5979.31	-0.000969843
5977.38	-0.00105754
5975.46	-0.00102806
5973.53	-0.000926301
5971.6	-0.000906528
5969.67	-0.000996951
5967.74	-0.0010075
5965.82	-0.000990108
5963.89	-0.00114632
5961.96	-0.00113591
5960.03	-0.00105093
5958.1	-0.00107559
5956.18	-0.00115359
5954.25	-0.00112008
5952.32	-0.00107486
5950.39	-0.00102032
5948.46	-0.000961942
5946.54	-0.000948816
5944.61	-0.00103173
5942.68	-0.00125076
5940.75	-0.00132529
5938.82	-0.00125536
5936.9	-0.00120999
5934.97	-0.00115127
5933.04	-0.00104098
5931.11	-0.00109149
5929.18	-0.00119208
5927.25	-0.00123514
5925.33	-0.00128932
5923.4	-0.00128304
5921.47	-0.00123725
5919.54	-0.00125939
5917.62	-0.00133583
5915.69	-0.00131921
5913.76	-0.00120193
5911.83	-0.00114486
5909.9	-0.00116357
5907.97	-0.00120801
5906.05	-0.00131915
5904.12	-0.00139225
5902.19	-0.00133851
5900.26	-0.00129768
5898.33	-0.00132427
5896.41	-0.00125179
5894.48	-0.00124257
5892.55	-0.00128334
5890.62	-0.00128317
5888.69	-0.00123699
5886.77	-0.00124115
5884.84	-0.00132288
5882.91	-0.00140787
5880.98	-0.00144885
5879.05	-0.00153589
5877.13	-0.00163064
5875.2	-0.00156462
5873.27	-0.00145179
5871.34	-0.00137619
5869.41	-0.00138498
5867.49	-0.00145021
5865.56	-0.00142283
5863.63	-0.00133084
5861.7	-0.00124957
5859.77	-0.00134723
5857.85	-0.00142283
5855.92	-0.00143059
5853.99	-0.00144297
5852.06	-0.00138429
5850.13	-0.00124554
5848.21	-0.00126817
5846.28	-0.00133444
5844.35	-0.00140516
5842.42	-0.00147946
5840.49	-0.00153371
5838.57	-0.00144344
5836.64	-0.00141857
5834.71	-0.00155884
5832.78	-0.0014968
5830.85	-0.00143934
5828.93	-0.00147517
5827	-0.00154652
5825.07	-0.00152004
5823.14	-0.00151618
5821.21	-0.00156931
5819.29	-0.00151509
5817.36	-0.00149102
5815.43	-0.00158076
5813.5	-0.00156931
5811.57	-0.00157442
5809.65	-0.00154679
5807.72	-0.00158984
5805.79	-0.00149776
5803.86	-0.0014682
5801.93	-0.00149297
5800	-0.00148795
5798.08	-0.00159304
5796.15	-0.00164688
5794.22	-0.00166619
5792.29	-0.0016554
5790.36	-0.00151552
5788.44	-0.00148557
5786.51	-0.00155478
5784.58	-0.00162823
5782.65	-0.00164569
5780.72	-0.00156458
5778.8	-0.00153101
5776.87	-0.00160678
5774.94	-0.00164576
5773.01	-0.00158304
5771.08	-0.00158614
5769.16	-0.0016655
5767.23	-0.00168451
5765.3	-0.00168167
5763.37	-0.00183361
5761.44	-0.00188356
5759.52	-0.00171276
5757.59	-0.00166025
5755.66	-0.00159238
5753.73	-0.00155541
5751.8	-0.00151298
5749.88	-0.00154487
5747.95	-0.00167989
5746.02	-0.0016885
5744.09	-0.00165794
5742.16	-0.00159522
5740.24	-0.00158835
5738.31	-0.00163909
5736.38	-0.0016785
5734.45	-0.00165715
5732.52	-0.00165292
5730.6	-0.00163209
5728.67	-0.00163157
5726.74	-0.00171755
5724.81	-0.00176157
5722.88	-0.00174484
5720.96	-0.0016819
5719.03	-0.00171507
5717.1	-0.00177042
5715.17	-0.00179134
5713.24	-0.00176566
5711.32	-0.00175273
5709.39	-0.00174431
5707.46	-0.00174649
5705.53	-0.00166556
5703.6	-0.00156003
5701.68	-0.00157875
5699.75	-0.001662
5697.82	-0.00168758
5695.89	-0.0017061
5693.96	-0.00171586
5692.03	-0.00175075
5690.11	-0.0017752
5688.18	-0.00180114
5686.25	-0.00176537
5684.32	-0.00175062
5682.4	-0.00184007
5680.47	-0.00185799
5678.54	-0.00175484
5676.61	-0.0016886
5674.68	-0.0017127
5672.75	-0.0016926
5670.83	-0.00169286
5668.9	-0.00170841
5666.97	-0.00169435
5665.04	-0.00174306
5663.11	-0.00179635
5661.19	-0.00176995
5659.26	-0.00183387
5657.33	-0.00191582
5655.4	-0.00183506
5653.47	-0.00181308
5651.55	-0.00185644
5649.62	-0.00189058
5647.69	-0.00184898
5645.76	-0.0018566
5643.83	-0.00190582
5641.91	-0.00187692
5639.98	-0.00183136
5638.05	-0.00172821
5636.12	-0.00175303
5634.19	-0.00190675
5632.27	-0.00195824
5630.34	-0.00181674
5628.41	-0.00175075
5626.48	-0.00175263
5624.55	-0.00180378
5622.63	-0.00180496
5620.7	-0.00180226
5618.77	-0.00189058
5616.84	-0.00180767
5614.91	-0.00173586
5612.99	-0.00180025
5611.06	-0.00177154
5609.13	-0.0017159
5607.2	-0.00177283
5605.27	-0.00183229
5603.35	-0.00176771
5601.42	-0.0017753
5599.49	-0.00188438
5597.56	-0.00189675
5595.63	-0.00181242
5593.71	-0.00177731
5591.78	-0.00181625
5589.85	-0.00187953
5587.92	-0.00192156
5585.99	-0.00183846
5584.07	-0.00178391
5582.14	-0.0017556
5580.21	-0.0017325
5578.28	-0.0018113
5576.35	-0.00185855
5574.43	-0.00192981
5572.5	-0.00194125
5570.57	-0.00185997
5568.64	-0.00190605
5566.71	-0.00200841
5564.79	-0.00202298
5562.86	-0.00198948
5560.93	-0.00189969
5559	-0.00182928
5557.07	-0.00179246
5555.14	-0.00181981
5553.22	-0.00187557
5551.29	-0.00190609
5549.36	-0.00198166
5547.43	-0.00197892
5545.5	-0.0019462
5543.58	-0.00202731
5541.65	-0.00196124
5539.72	-0.00180259
5537.79	-0.00185126
5535.86	-0.00199993
5533.94	-0.00202051
5532.01	-0.00197341
5530.08	-0.00189619
5528.15	-0.00183572
5526.22	-0.00194026
5524.3	-0.0020056
5522.37	-0.00185281
5520.44	-0.00184502
5518.51	-0.00197856
5516.58	-0.00204637
5514.66	-0.00206483
5512.73	-0.0020713
5510.8	-0.00205009
5508.87	-0.00206972
5506.94	-0.00202401
5505.02	-0.00197645
5503.09	-0.00195145
5501.16	-0.00199192
5499.23	-0.00203964
5497.3	-0.0020405
5495.38	-0.00201995
5493.45	-0.00203621
5491.52	-0.00202068
5489.59	-0.00208017
5487.66	-0.00212541
5485.74	-0.00207898
5483.81	-0.00202335
5481.88	-0.0019933
5479.95	-0.00190665
5478.02	-0.00198707
5476.1	-0.00216857
5474.17	-0.00209626
5472.24	-0.00205412
5470.31	-0.00210487
5468.38	-0.00206899
5466.46	-0.00205118
5464.53	-0.00200369
5462.6	-0.00202895
5460.67	-0.00206972
5458.74	-0.0020807
5456.82	-0.00213418
5454.89	-0.00209095
5452.96	-0.00207265
5451.03	-0.0021811
5449.1	-0.00218996
5447.17	-0.00216293
5445.25	-0.00219306
5443.32	-0.00219821
5441.39	-0.00210497
5439.46	-0.00204762
5437.54	-0.00212076
5435.61	-0.00224765
5433.68	-0.002169
5431.75	-0.00218284
5429.82	-0.00220114
5427.89	-0.00212881
5425.97	-0.00216527
5424.04	-0.00221261
5422.11	-0.00214618
5420.18	-0.00218713
5418.25	-0.00215528
5416.33	-0.00209399
5414.4	-0.00212871
5412.47	-0.00213454
5410.54	-0.00215957
5408.61	-0.0022341
5406.69	-0.00216049
5404.76	-0.00212191
5402.83	-0.00216451
5400.9	-0.00212696
5398.97	-0.00212851
5397.05	-0.00219217
5395.12	-0.00227916
5393.19	-0.0022405
5391.26	-0.00217236
5389.33	-0.00215739
5387.41	-0.00214994
5385.48	-0.00215287
5383.55	-0.00209474
5381.62	-0.00213916
5379.69	-0.00219619
5377.77	-0.0021322
5375.84	-0.00211878
5373.91	-0.00224947
5371.98	-0.00231331
5370.05	-0.00225817
5368.13	-0.00224538
5366.2	-0.00227455
5364.27	-0.00226723
5362.34	-0.00227926
5360.41	-0.0023022
5358.49	-0.00229574
5356.56	-0.00230771
5354.63	-0.00233345
5352.7	-0.00222623
5350.77	-0.0021503
5348.85	-0.00222066
5346.92	-0.00224251
5344.99	-0.00222557
5343.06	-0.00216606
5341.13	-0.00217579
5339.21	-0.00221403
5337.28	-0.00228609
5335.35	-0.00229574
5333.42	-0.00226845
5331.49	-0.00238664
5329.56	-0.00231914
5327.64	-0.00219336
5325.71	-0.00216013
5323.78	-0.00218459
5321.85	-0.00230405
5319.92	-0.00236255
5318	-0.00229024
5316.07	-0.00219893
5314.14	-0.00218713
5312.21	-0.00218805
5310.28	-0.00215627
5308.36	-0.00215268
5306.43	-0.00217483
5304.5	-0.00212815
5302.57	-0.00204248
5300.64	-0.00210497
5298.72	-0.0022166
5296.79	-0.00223226
5294.86	-0.00218245
5292.93	-0.00219676
5291	-0.00222778
5289.08	-0.00222174
5287.15	-0.00215208
5285.22	-0.002037
5283.29	-0.00204544
5281.36	-0.00202068
5279.44	-0.00196655
5277.51	-0.00198845
5275.58	-0.00210454
5273.65	-0.00206048
5271.72	-0.00197232
5269.8	-0.00191681
5267.87	-0.0018466
5265.94	-0.00183506
5264.01	-0.00186053
5262.08	-0.00177411
5260.16	-0.00169213
5258.23	-0.00171992
5256.3	-0.0018018
5254.37	-0.00172233
5252.44	-0.00161605
5250.52	-0.00160394
5248.59	-0.00158159
5246.66	-0.00163457
5244.73	-0.0015592
5242.8	-0.001468
5240.88	-0.00144337
5238.95	-0.00143914
5237.02	-0.00143465
5235.09	-0.00139796
5233.16	-0.00143987
5231.24	-0.00144007
5229.31	-0.00137068
5227.38	-0.00121828
5225.45	-0.00112206
5223.52	-0.00108488
5221.6	-0.00103649
5219.67	-0.00108114
5217.74	-0.00104654
5215.81	-0.00094184
5213.88	-0.000942204
5211.96	-0.000955528
5210.03	-0.000887185
5208.1	-0.000878058
5206.17	-0.000824916
5204.24	-0.000793398
5202.31	-0.000786287
5200.39	-0.000723475
5198.46	-0.000716396
5196.53	-0.000661646
5194.6	-0.000523302
5192.67	-0.000470811
5190.75	-0.000434766
5188.82	-0.00036846
5186.89	-0.000373326
5184.96	-0.000358528
5183.03	-0.000276051
5181.11	-0.000196573
5179.18	-0.000128674
5177.25	-8.65044e-05
5175.32	4.20804e-06
5173.39	3.25057e-05
5171.47	1.69318e-05
5169.54	0.000178265
5167.61	0.000341481
5165.68	0.000426877
5163.75	0.000446877
5161.83	0.000340951
5159.9	0.000381739
5157.97	0.000514578
5156.04	0.000572735
5154.11	0.00051909
5152.19	0.000564275
5150.26	0.000694647
5148.33	0.000791166
5146.4	0.0008312
5144.47	0.000909919
5142.55	0.000911778
5140.62	0.000883855
5138.69	0.00098181
5136.76	0.0010777
5134.83	0.00105883
5132.91	0.00100233
5130.98	0.00107394
5129.05	0.00118443
5127.12	0.00137256
5125.19	0.00150846
5123.27	0.00145693
5121.34	0.0014275
5119.41	0.00147637
5117.48	0.00154231
5115.55	0.00154646
5113.62	0.00160286
5111.7	0.00167081
5109.77	0.00164414
5107.84	0.00167623
5105.91	0.00177537
5103.99	0.00183992
5102.06	0.00185466
5100.13	0.00180604
5098.2	0.00177257
5096.27	0.00177387
5094.34	0.00179273
5092.42	0.00182501
5090.49	0.00192015
5088.56	0.00205978
5086.63	0.00208459
5084.71	0.00207956
5082.78	0.00198169
5080.85	0.00197873
5078.92	0.0020195
5076.99	0.00212874
5075.06	0.00228309
5073.14	0.00231334
5071.21	0.00228043
5069.28	0.00232197
5067.35	0.00232926
5065.42	0.00239539
5063.5	0.00244554
5061.57	0.00242924
5059.64	0.00246826
5057.71	0.00255248
5055.78	0.00263651
5053.86	0.00272056
5051.93	0.00274647
5050	0.00285071
5048.07	0.00292619
5046.14	0.00283924
5044.22	0.00279949
5042.29	0.0029724
5040.36	0.00311738
5038.43	0.00316674
5036.5	0.00326384
5034.58	0.00344646
5032.65	0.00352839
5030.72	0.00359564
5028.79	0.00370163
5026.86	0.00392943
5024.94	0.00410604
5023.01	0.00423664
5021.08	0.00432157
5019.15	0.00437629
5017.22	0.00434041
5015.3	0.00425682
5013.37	0.00421606
5011.44	0.00403352
5009.51	0.00389833
5007.58	0.00387122
5005.66	0.00376048
5003.73	0.00365598
5001.8	0.00355184
4999.87	0.00335713
4997.94	0.00322282
4996.02	0.0031611
4994.09	0.00312245
4992.16	0.00299492
4990.23	0.00278821
4988.3	0.00270782
4986.38	0.00265558
4984.45	0.00269392
4982.52	0.00278508
4980.59	0.00274703
4978.66	0.00267855
4976.73	0.00271872
4974.81	0.00266511
4972.88	0.00257481
4970.95	0.00255798
4969.02	0.00254891
4967.09	0.00262678
4965.17	0.00257631
4963.24	0.00251202
4961.31	0.00257101
4959.38	0.00248283
4957.45	0.00237853
4955.53	0.00241548
4953.6	0.00240682
4951.67	0.00233839
4949.74	0.00230365
4947.81	0.00231984
4945.89	0.00226108
4943.96	0.00220862
4942.03	0.00225015
4940.1	0.00230634
4938.17	0.0023285
4936.25	0.0022311
4934.32	0.00209278
4932.39	0.00207626
4930.46	0.00212477
4928.53	0.00208598
4926.61	0.00207636
4924.68	0.00208675
4922.75	0.00205829
4920.82	0.00195959
4918.89	0.00193762
4916.97	0.0019091
4915.04	0.0017394
4913.11	0.00167776
4911.18	0.00177533
4909.25	0.00176609
4907.33	0.00172457
4905.4	0.00170195
4903.47	0.00169047
4901.54	0.00162821
4899.61	0.0016
4897.69	0.00163772
4895.76	0.00162096
4893.83	0.00162136
4891.9	0.00160094
4889.97	0.00143867
4888.05	0.00131792
4886.12	0.00133384
4884.19	0.00138097
4882.26	0.00145224
4880.33	0.00143129
4878.41	0.00129891
4876.48	0.00118776
4874.55	0.00112696
4872.62	0.00114254
4870.69	0.00110719
4868.77	0.00112284
4866.84	0.00119423
4864.91	0.00115486
4862.98	0.00104501
4861.05	0.000947938
4859.12	0.00093273
4857.2	0.000925392
4855.27	0.000889765
4853.34	0.000875388
4851.41	0.00084272
4849.48	0.000818386
4847.56	0.000773241
4845.63	0.000699824
4843.7	0.000650444
4841.77	0.000634981
4839.84	0.000578209
4837.92	0.000536573
4835.99	0.000557672
4834.06	0.000526388
4832.13	0.000464224
4830.2	0.000355475
4828.28	0.000280139
4826.35	0.000268833
4824.42	0.000207568
4822.49	0.000147206
4820.56	0.000120061
4818.64	5.68617e-05
4816.71	5.01016e-05
4814.78	6.33569e-05
4812.85	9.57679e-05
4810.92	-5.11559e-05
4809	-0.000241414
4807.07	-0.000226015
4805.14	-0.000161962
4803.21	-0.000112277
4801.28	-0.000167195
4799.36	-0.000353628
4797.43	-0.000472632
4795.5	-0.000477861
4793.57	-0.000431787
4791.64	-0.000488816
4789.72	-0.000576911
4787.79	-0.000621349
4785.86	-0.000690494
4783.93	-0.000776927
4782	-0.000812944
4780.08	-0.000870651
4778.15	-0.000970306
4776.22	-0.00103983
4774.29	-0.00105688
4772.36	-0.000991761
4770.44	-0.000998671
4768.51	-0.00121591
4766.58	-0.0013573
4764.65	-0.00133656
4762.72	-0.00134078
4760.79	-0.00133289
4758.87	-0.00134709
4756.94	-0.00137048
4755.01	-0.0013858
4753.08	-0.00138026
4751.16	-0.00143194
4749.23	-0.00149049
4747.3	-0.00151572
4745.37	-0.00154606
4743.44	-0.00165989
4741.51	-0.00178939
4739.59	-0.00184195
4737.66	-0.00184799
4735.73	-0.00184311
4733.8	-0.00181592
4731.88	-0.00187666
4729.95	-0.00187669
4728.02	-0.00190305
4726.09	-0.00208281
4724.16	-0.00219115
4722.23	-0.00210315
4720.31	-0.00217163
4718.38	-0.00221541
4716.45	-0.00220368
4714.52	-0.00218284
4712.59	-0.00224525
4710.67	-0.00230468
4708.74	-0.00225599
4706.81	-0.00226677
4704.88	-0.00229268
4702.95	-0.00238664
4701.03	-0.00242443
4699.1	-0.00247524
4697.17	-0.00263835
4695.24	-0.0025652
4693.31	-0.00255776
4691.39	-0.00266114
4689.46	-0.00269453
4687.53	-0.00270375
4685.6	-0.00265544
4683.67	-0.00263927
4681.75	-0.00263371
4679.82	-0.00268459
4677.89	-0.00280895
4675.96	-0.00279825
4674.03	-0.00275657
4672.11	-0.0027965
4670.18	-0.00281645
4668.25	-0.0028894
4666.32	-0.0029129
4664.39	-0.00291951
4662.47	-0.00303229
4660.54	-0.0030972
4658.61	-0.00302097
4656.68	-0.00300277
4654.75	-0.00304749
4652.83	-0.00301409
4650.9	-0.00295453
4648.97	-0.00298214
4647.04	-0.00304699
4645.11	-0.00321243
4643.19	-0.00324045
4641.26	-0.00319503
4639.33	-0.00320766
4637.4	-0.00321624
4635.47	-0.00311845
4633.54	-0.00304338
4631.62	-0.00309957
4629.69	-0.00314316
4627.76	-0.00318671
4625.83	-0.00323489
4623.9	-0.00325828
4621.98	-0.00329044
4620.05	-0.00329918
4618.12	-0.00331546
4616.19	-0.00324627
4614.26	-0.00320782
4612.34	-0.00329609
4610.41	-0.00330724
4608.48	-0.00332812
4606.55	-0.00333904
4604.62	-0.00331615
4602.7	-0.00335771
4600.77	-0.00343908
4598.84	-0.00344302
4596.91	-0.00342958
4594.98	-0.00336547
4593.06	-0.00338401
4591.13	-0.00344145
4589.2	-0.00344996
4587.27	-0.00341025
4585.34	-0.00331793
4583.42	-0.00330346
4581.49	-0.00341206
4579.56	-0.00346705
4577.63	-0.00347281
4575.7	-0.00340223
4573.78	-0.00330915
4571.85	-0.00331161
4569.92	-0.00341715
4567.99	-0.00345364
4566.06	-0.00335472
4564.14	-0.00319102
4562.21	-0.00317286
4560.28	-0.0031702
4558.35	-0.00313763
4556.42	-0.00308437
4554.5	-0.00301801
4552.57	-0.00306275
4550.64	-0.00305295
4548.71	-0.00300484
4546.78	-0.00292919
4544.86	-0.00288301
4542.93	-0.00285164
4541	-0.00291691
4539.07	-0.00296746
4537.14	-0.00277649
4535.22	-0.0025961
4533.29	-0.00260937
4531.36	-0.00267296
4529.43	-0.00274804
4527.5	-0.00272904
4525.58	-0.00269601
4523.65	-0.00275983
4521.72	-0.00276951
4519.79	-0.00276045
4517.86	-0.0027914
4515.94	-0.00289835
4514.01	-0.00299517
4512.08	-0.00295496
4510.15	-0.00295338
4508.22	-0.00308934
4506.29	-0.00316747
4504.37	-0.00319954
4502.44	-0.00327386
4500.51	-0.00327472
4498.58	-0.00337882
4496.65	-0.00344989
4494.73	-0.00343306
4492.8	-0.00336442
4490.87	-0.00342889
4488.94	-0.00363108
4487.01	-0.00368375
4485.09	-0.00364393
4483.16	-0.00354521
4481.23	-0.00359986
4479.3	-0.00366295
4477.37	-0.00367461
4475.45	-0.00363019
4473.52	-0.00361245
4471.59	-0.00373914
4469.66	-0.00376141
4467.73	-0.00372265
4465.81	-0.0037168
4463.88	-0.00369919
4461.95	-0.00370622
4460.02	-0.00371726
4458.09	-0.00366597
4456.17	-0.00370609
4454.24	-0.00373671
4452.31	-0.00369071
4450.38	-0.00372698
4448.45	-0.00372416
4446.53	-0.00373138
4444.6	-0.00368523
4442.67	-0.00362845
4440.74	-0.0037075
4438.81	-0.00372718
4436.89	-0.00374761
4434.96	-0.00371476
4433.03	-0.00366952
4431.1	-0.00368404
4429.17	-0.00371456
4427.25	-0.00369436
4425.32	-0.00369981
4423.39	-0.00368979
4421.46	-0.0035973
4419.53	-0.00353808
4417.61	-0.00361294
4415.68	-0.00370645
4413.75	-0.00368273
4411.82	-0.00365576
4409.89	-0.00372452
4407.96	-0.00379964
4406.04	-0.00380867
4404.11	-0.00380966
4402.18	-0.00383147
4400.25	-0.00375421
4398.33	-0.00375247
4396.4	-0.00378604
4394.47	-0.00367471
4392.54	-0.00370435
4390.61	-0.00373795
4388.68	-0.00371759
4386.76	-0.00373979
4384.83	-0.00376111
4382.9	-0.00376686
4380.97	-0.00370635
4379.04	-0.00363499
4377.12	-0.00363364
4375.19	-0.00374742
4373.26	-0.00379616
4371.33	-0.00382119
4369.4	-0.0038491
4367.48	-0.0038138
4365.55	-0.00373263
4363.62	-0.0036823
4361.69	-0.00367866
4359.76	-0.00369873
4357.84	-0.00368585
4355.91	-0.00365937
4353.98	-0.00359539
4352.05	-0.00354626
4350.12	-0.00356454
4348.2	-0.00364879
4346.27	-0.00369623
4344.34	-0.0036529
4342.41	-0.00361054
4340.48	-0.00360299
4338.56	-0.00361577
4336.63	-0.00358994
4334.7	-0.00358616
4332.77	-0.0035575
4330.84	-0.00352191
4328.92	-0.00359566
4326.99	-0.00364202
4325.06	-0.00367051
4323.13	-0.00363318
4321.2	-0.0036089
4319.28	-0.00358701
4317.35	-0.00352842
4315.42	-0.00351396
4313.49	-0.00354193
4311.56	-0.00364872
4309.64	-0.00364817
4307.71	-0.00356388
4305.78	-0.00354239
4303.85	-0.00355862
4301.92	-0.0036109
4300	-0.00360975
4298.07	-0.00353322
4296.14	-0.00344227
4294.21	-0.00344848
4292.28	-0.00345782
4290.35	-0.00344312
4288.43	-0.00342268
4286.5	-0.00344605
4284.57	-0.00352694
4282.64	-0.00350913
4280.71	-0.00349098
4278.79	-0.00344066
4276.86	-0.00343898
4274.93	-0.00347327
4273	-0.00347244
4271.07	-0.00345716
4269.15	-0.00346166
4267.22	-0.00336876
4265.29	-0.00330145
4263.36	-0.00334561
4261.43	-0.0034163
4259.51	-0.00334798
4257.58	-0.00328228
4255.65	-0.00335209
4253.72	-0.00342705
4251.79	-0.00341498
4249.87	-0.00331352
4247.94	-0.00326706
4246.01	-0.00337875
4244.08	-0.0034022
4242.15	-0.00332322
4240.23	-0.00329938
4238.3	-0.00323052
4236.37	-0.00324709
4234.44	-0.00324292
4232.51	-0.00322361
4230.59	-0.00322072
4228.66	-0.00317441
4226.73	-0.003145
4224.8	-0.00317687
4222.87	-0.00316737
4220.95	-0.00313418
4219.02	-0.00320421
4217.09	-0.00325607
4215.16	-0.003207
4213.23	-0.0031846
4211.31	-0.00322427
4209.38	-0.00324134
4207.45	-0.00324446
4205.52	-0.00323746
4203.59	-0.00326495
4201.67	-0.0032813
4199.74	-0.00333364
4197.81	-0.00327232
4195.88	-0.00328587
4193.95	-0.00328028
4192.03	-0.00320233
4190.1	-0.00319575
4188.17	-0.00321388
4186.24	-0.00329369
4184.31	-0.00324581
4182.39	-0.00317039
4180.46	-0.003264
4178.53	-0.00328238
4176.6	-0.0031724
4174.67	-0.00319355
4172.75	-0.0032223
4170.82	-0.0031173
4168.89	-0.00294482
4166.96	-0.00300412
4165.03	-0.0031151
4163.1	-0.00315668
4161.18	-0.00321348
4159.25	-0.00319776
4157.32	-0.00309296
4155.39	-0.00305867
4153.46	-0.00308338
4151.54	-0.00302781
4149.61	-0.00302998
4147.68	-0.00302222
4145.75	-0.00306088
4143.82	-0.00307532
4141.9	-0.00303548
4139.97	-0.00301659
4138.04	-0.00296355
4136.11	-0.00291448
4134.18	-0.00293778
4132.26	-0.00300761
4130.33	-0.00300952
4128.4	-0.00294821
4126.47	-0.00293491
4124.54	-0.00300554
4122.62	-0.00313444
4120.69	-0.00319105
4118.76	-0.0031098
4116.83	-0.00304716
4114.9	-0.00301518
4112.98	-0.00297391
4111.05	-0.00304236
4109.12	-0.00309937
4107.19	-0.00301083
4105.26	-0.00291622
4103.34	-0.00291319
4101.41	-0.0030086
4099.48	-0.00306325
4097.55	-0.0030744
4095.62	-0.00295242
4093.7	-0.00291773
4091.77	-0.00298958
4089.84	-0.00287827
4087.91	-0.00291151
4085.98	-0.00299922
4084.06	-0.00298201
4082.13	-0.00292399
4080.2	-0.00286027
4078.27	-0.0028736
4076.34	-0.00293998
4074.42	-0.00291428
4072.49	-0.00288861
4070.56	-0.00295759
4068.63	-0.00292033
4066.7	-0.00288604
4064.78	-0.00288107
4062.85	-0.00300823
4060.92	-0.00307177
4058.99	-0.00303202
4057.06	-0.00295594
4055.14	-0.00292998
4053.21	-0.00293538
4051.28	-0.002928
4049.35	-0.00286408
4047.42	-0.00287659
4045.5	-0.00282606
4043.57	-0.00278728
4041.64	-0.00284167
4039.71	-0.00285714
4037.78	-0.00287175
4035.85	-0.00278472
4033.93	-0.00287376
4032	-0.00284522
4030.07	-0.00270184
4028.14	-0.00266618
4026.21	-0.00267827
4024.29	-0.00266644
4022.36	-0.00260779
4020.43	-0.00267389
4018.5	-0.00275571
4016.57	-0.00284002
4014.65	-0.00284104
4012.72	-0.00279008
4010.79	-0.00277339
4008.86	-0.00274656
4006.93	-0.00270165
4005.01	-0.00264148
4003.08	-0.0025764
4001.15	-0.00263697
3999.22	-0.0026862
3997.29	-0.00268877
3995.37	-0.00268485
3993.44	-0.00263213
3991.51	-0.00264441
3989.58	-0.00260067
3987.65	-0.00256178
3985.73	-0.00265614
3983.8	-0.00276516
3981.87	-0.00282531
3979.94	-0.00278044
3978.01	-0.00271373
3976.09	-0.00274527
3974.16	-0.00264158
3972.23	-0.00260683
3970.3	-0.00274198
3968.37	-0.00278235
3966.45	-0.00278854
3964.52	-0.0027889
3962.59	-0.002686
3960.66	-0.00261036
3958.73	-0.00263736
3956.81	-0.00271436
3954.88	-0.00267678
3952.95	-0.00263944
3951.02	-0.00273322
3949.09	-0.0027163
3947.17	-0.00258487
3945.24	-0.00250828
3943.31	-0.00253625
3941.38	-0.00250551
3939.45	-0.00255156
3937.53	-0.0027133
3935.6	-0.00274063
3933.67	-0.00260993
3931.74	-0.00245161
3929.81	-0.00248074
3927.88	-0.00269634
3925.96	-0.0027002
3924.03	-0.0025984
3922.1	-0.002678
3920.17	-0.0027374
3918.24	-0.0026758
3916.32	-0.0025874
3914.39	-0.00269177
3912.46	-0.00280691
3910.53	-0.00279183
3908.6	-0.00269061
3906.68	-0.00253028
3904.75	-0.00256784
3902.82	-0.00260417
3900.89	-0.00260865
3898.96	-0.00264049
3897.04	-0.00267221
3895.11	-0.00256599
3893.18	-0.00256322
3891.25	-0.00259738
3889.32	-0.00257195
3887.4	-0.0025237
3885.47	-0.00262429
3883.54	-0.00264076
3881.61	-0.00256698
3879.68	-0.00257983
3877.76	-0.00254402
3875.83	-0.00254685
3873.9	-0.00252676
3871.97	-0.00253727
3870.04	-0.00262739
3868.12	-0.00266042
3866.19	-0.0026727
3864.26	-0.00254251
3862.33	-0.00253582
3860.4	-0.00254478
3858.48	-0.00251523
3856.55	-0.00257505
3854.62	-0.00258898
3852.69	-0.00265811
3850.76	-0.00267761
3848.84	-0.00255117
3846.91	-0.00244179
3844.98	-0.00243896
3843.05	-0.00245481
3841.12	-0.00243698
3839.2	-0.00246835
3837.27	-0.00240127
3835.34	-0.00234469
3833.41	-0.00250228
3831.48	-0.00244555
3829.56	-0.00221274
3827.63	-0.00226324
3825.7	-0.002427
3823.77	-0.00248357
3821.84	-0.00246305
3819.92	-0.00235091
3817.99	-0.00243366
3816.06	-0.00246242
3814.13	-0.00229947
3812.2	-0.00220918
3810.27	-0.00220648
3808.35	-0.00214628
3806.42	-0.00206117
3804.49	-0.00204515
3802.56	-0.00216824
3800.64	-0.00215822
3798.71	-0.00205349
3796.78	-0.00208485
3794.85	-0.00201866
3792.92	-0.00189979
3790.99	-0.00185314
3789.07	-0.00189279
3787.14	-0.00186366
3785.21	-0.00181133
3783.28	-0.00185099
3781.35	-0.00194742
3779.43	-0.00194759
3777.5	-0.0019245
3775.57	-0.00183809
3773.64	-0.001739
3771.71	-0.00168491
3769.79	-0.00167131
3767.86	-0.00166877
3765.93	-0.00170867
3764	-0.00164606
3762.07	-0.0014792
3760.15	-0.0013717
3758.22	-0.00137791
3756.29	-0.00130111
3754.36	-0.00124115
3752.43	-0.00125321
3750.51	-0.00121653
3748.58	-0.00108194
3746.65	-0.00109592
3744.72	-0.00116475
3742.79	-0.00117358
3740.87	-0.00103559
3738.94	-0.000895451
3737.01	-0.00090838
3735.08	-0.000854084
3733.15	-0.000714478
3731.23	-0.000754337
3729.3	-0.000784204
3727.37	-0.000646196
3725.44	-0.000509336
3723.51	-0.000437348
3721.59	-0.000353496
3719.66	-0.000261779
3717.73	-0.000239228
3715.8	-0.000180477
3713.87	-0.000146328
3711.95	-1.02715e-06
3710.02	0.000216916
3708.09	0.000252157
3706.16	0.000325266
3704.23	0.00044094
3702.31	0.000529606
3700.38	0.000634682
3698.45	0.000975401
3696.52	0.0011746
3694.59	0.00122012
3692.67	0.00137761
3690.74	0.00151348
3688.81	0.00169842
3686.88	0.00174127
3684.95	0.00179839
3683.02	0.00194657
3681.1	0.00214712
3679.17	0.0022783
3677.24	0.00239103
3675.31	0.00266521
3673.38	0.00306809
3671.46	0.00332978
3669.53	0.00357155
3667.6	0.0038174
3665.67	0.00398437
3663.74	0.00412932
3661.82	0.00433997
3659.89	0.00463548
3657.96	0.00499803
3656.03	0.00533424
3654.1	0.00563348
3652.18	0.0059976
3650.25	0.00636753
3648.32	0.006711
3646.39	0.00714247
3644.46	0.00752754
3642.54	0.00795932
3640.61	0.00838596
3638.68	0.00882251
3636.75	0.00934539
3634.82	0.00993568
3632.9	0.0105205
3630.97	0.0110826
3629.04	0.0116483
3627.11	0.0123009
3625.18	0.0129585
3623.26	0.0137199
3621.33	0.0145815
3619.4	0.0152751
3617.47	0.0159494
3615.54	0.0167225
3613.62	0.0175005
3611.69	0.0183016
3609.76	0.0193074
3607.83	0.0203005
3605.9	0.0212054
3603.98	0.0222896
3602.05	0.0234897
3600.12	0.024493
3598.19	0.0256161
3596.26	0.0269857
3594.34	0.0284291
3592.41	0.0297217
3590.48	0.0310487
3588.55	0.0325228
3586.62	0.0341176
3584.7	0.0357184
3582.77	0.0374138
3580.84	0.0391728
3578.91	0.0409612
3576.98	0.0428251
3575.05	0.0447991
3573.13	0.0468899
3571.2	0.0492144
3569.27	0.0513817
3567.34	0.0537167
3565.42	0.056272
3563.49	0.0589032
3561.56	0.0616639
3559.63	0.0645077
3557.7	0.0672794
3555.77	0.0701916
3553.85	0.0734748
3551.92	0.0768431
3549.99	0.0803393
3548.06	0.0841516
3546.13	0.0878966
3544.21	0.0917968
3542.28	0.0959827
3540.35	0.100214
3538.42	0.104573
3536.49	0.10935
3534.57	0.114391
3532.64	0.119614
3530.71	0.125108
3528.78	0.130832
3526.85	0.136759
3524.93	0.142801
3523	0.148972
3521.07	0.155612
3519.14	0.162507
3517.21	0.169569
3515.29	0.176981
3513.36	0.184796
3511.43	0.192755
3509.5	0.200832
3507.57	0.209261
3505.65	0.217987
3503.72	0.226848
3501.79	0.236056
3499.86	0.245805
3497.93	0.255666
3496.01	0.265408
3494.08	0.275303
3492.15	0.285213
3490.22	0.295413
3488.29	0.305762
3486.37	0.316149
3484.44	0.326649
3482.51	0.336948
3480.58	0.346904
3478.65	0.3568
3476.73	0.36678
3474.8	0.376264
3472.87	0.385223
3470.94	0.394097
3469.01	0.402619
3467.09	0.410672
3465.16	0.418244
3463.23	0.425343
3461.3	0.431805
3459.37	0.437406
3457.44	0.442448
3455.52	0.447313
3453.59	0.451482
3451.66	0.454787
3449.73	0.457472
3447.81	0.459775
3445.88	0.461504
3443.95	0.462502
3442.02	0.462868
3440.09	0.462915
3438.16	0.462511
3436.24	0.461451
3434.31	0.460045
3432.38	0.458557
3430.45	0.456737
3428.52	0.454484
3426.6	0.452038
3424.67	0.449316
3422.74	0.445884
3420.81	0.442595
3418.88	0.439308
3416.96	0.435645
3415.03	0.431976
3413.1	0.428517
3411.17	0.425046
3409.24	0.421858
3407.32	0.418755
3405.39	0.415798
3403.46	0.413016
3401.53	0.410347
3399.6	0.408022
3397.68	0.405926
3395.75	0.403746
3393.82	0.401285
3391.89	0.398832
3389.96	0.396561
3388.04	0.394634
3386.11	0.393032
3384.18	0.391268
3382.25	0.389577
3380.32	0.3884
3378.4	0.387129
3376.47	0.385714
3374.54	0.38444
3372.61	0.383254
3370.68	0.382158
3368.76	0.381229
3366.83	0.380196
3364.9	0.378814
3362.97	0.377459
3361.04	0.376284
3359.12	0.375259
3357.19	0.374302
3355.26	0.373551
3353.33	0.372697
3351.4	0.371665
3349.48	0.37072
3347.55	0.369837
3345.62	0.369007
3343.69	0.368284
3341.76	0.367417
3339.83	0.366372
3337.91	0.365437
3335.98	0.364459
3334.05	0.363334
3332.12	0.362576
3330.19	0.361891
3328.27	0.36114
3326.34	0.360182
3324.41	0.359298
3322.48	0.358373
3320.55	0.357381
3318.63	0.356263
3316.7	0.355499
3314.77	0.354734
3312.84	0.353736
3310.91	0.353038
3308.99	0.352328
3307.06	0.35144
3305.13	0.350421
3303.2	0.349463
3301.27	0.348778
3299.35	0.347862
3297.42	0.346853
3295.49	0.346115
3293.56	0.345322
3291.63	0.344604
3289.71	0.344003
3287.78	0.343368
3285.85	0.342943
3283.92	0.342657
3281.99	0.342347
3280.07	0.342024
3278.14	0.341597
3276.21	0.341249
3274.28	0.340897
3272.35	0.340777
3270.43	0.340942
3268.5	0.341117
3266.57	0.341328
3264.64	0.34167
3262.71	0.341993
3260.79	0.342126
3258.86	0.342739
3256.93	0.343522
3255	0.344299
3253.07	0.34527
3251.15	0.34645
3249.22	0.347654
3247.29	0.349177
3245.36	0.351098
3243.43	0.353131
3241.51	0.355286
3239.58	0.357679
3237.65	0.360383
3235.72	0.363668
3233.79	0.367291
3231.87	0.371067
3229.94	0.374892
3228.01	0.379056
3226.08	0.383393
3224.15	0.387893
3222.22	0.392474
3220.3	0.39685
3218.37	0.400798
3216.44	0.404556
3214.51	0.407962
3212.58	0.411129
3210.66	0.41385
3208.73	0.416114
3206.8	0.417878
3204.87	0.419427
3202.94	0.421261
3201.02	0.422186
3199.09	0.422649
3197.16	0.423499
3195.23	0.424142
3193.3	0.424251
3191.38	0.424245
3189.45	0.424359
3187.52	0.424441
3185.59	0.423974
3183.66	0.423599
3181.74	0.423803
3179.81	0.423666
3177.88	0.423307
3175.95	0.423062
3174.02	0.422814
3172.1	0.422461
3170.17	0.422374
3168.24	0.42231
3166.31	0.422126
3164.38	0.422172
3162.46	0.422294
3160.53	0.422229
3158.6	0.422428
3156.67	0.422649
3154.74	0.423107
3152.82	0.42354
3150.89	0.423623
3148.96	0.424068
3147.03	0.424643
3145.1	0.424916
3143.18	0.425187
3141.25	0.425163
3139.32	0.425264
3137.39	0.425398
3135.46	0.425248
3133.54	0.425234
3131.61	0.425069
3129.68	0.424477
3127.75	0.423539
3125.82	0.422274
3123.9	0.420614
3121.97	0.418648
3120.04	0.416458
3118.11	0.414219
3116.18	0.411557
3114.26	0.408034
3112.33	0.403929
3110.4	0.399757
3108.47	0.395164
3106.54	0.390128
3104.61	0.384621
3102.69	0.378729
3100.76	0.372309
3098.83	0.364999
3096.9	0.357094
3094.98	0.349307
3093.05	0.341138
3091.12	0.332339
3089.19	0.323099
3087.26	0.313625
3085.33	0.304013
3083.41	0.294454
3081.48	0.284814
3079.55	0.274659
3077.62	0.264858
3075.69	0.255271
3073.77	0.245712
3071.84	0.236361
3069.91	0.227197
3067.98	0.218167
3066.05	0.209581
3064.13	0.201161
3062.2	0.193048
3060.27	0.185374
3058.34	0.178091
3056.41	0.171143
3054.49	0.164456
3052.56	0.158082
3050.63	0.152051
3048.7	0.146322
3046.77	0.140941
3044.85	0.135745
3042.92	0.130759
3040.99	0.125842
3039.06	0.121216
3037.13	0.117093
3035.21	0.113191
3033.28	0.109391
3031.35	0.105807
3029.42	0.102429
3027.49	0.0994187
3025.57	0.0963845
3023.64	0.0935411
3021.71	0.0910198
3019.78	0.0884174
3017.85	0.0859863
3015.93	0.0838584
3014	0.0817548
3012.07	0.0797887
3010.14	0.077896
3008.21	0.0762326
3006.29	0.0746003
3004.36	0.0729785
3002.43	0.0715094
3000.5	0.0700576
2998.57	0.0684923
2996.65	0.0670417
2994.72	0.0659622
2992.79	0.0649047
2990.86	0.0637443
2988.93	0.0626575
2987	0.0616179
2985.08	0.0607205
2983.15	0.0597654
2981.22	0.058701
2979.29	0.0577481
2977.36	0.0569815
2975.44	0.0563674
2973.51	0.0556978
2971.58	0.0550685
2969.65	0.0542623
2967.72	0.0534386
2965.8	0.0529607
2963.87	0.0525027
2961.94	0.0519851
2960.01	0.0512981
2958.08	0.0505823
2956.16	0.0498504
2954.23	0.0492414
2952.3	0.0487193
2950.37	0.0484411
2948.44	0.0481293
2946.52	0.0476087
2944.59	0.0471107
2942.66	0.0466704
2940.73	0.0462912
2938.8	0.0457522
2936.88	0.0453517
2934.95	0.0451769
2933.02	0.0448566
2931.09	0.0443778
2929.16	0.0441338
2927.24	0.0439999
2925.31	0.043702
2923.38	0.0432849
2921.45	0.042896
2919.52	0.0426687
2917.6	0.0425233
2915.67	0.0422371
2913.74	0.0418784
2911.81	0.0417144
2909.88	0.0415843
2907.96	0.0411583
2906.03	0.0407312
2904.1	0.040423
2902.17	0.039989
2900.24	0.0396081
2898.32	0.0393364
2896.39	0.0390758
2894.46	0.0387612
2892.53	0.0385419
2890.6	0.0381058
2888.68	0.0375161
2886.75	0.0373057
2884.82	0.0372608
2882.89	0.0368509
2880.96	0.0362774
2879.04	0.0358693
2877.11	0.0357957
2875.18	0.0355282
2873.25	0.0350279
2871.32	0.0346508
2869.39	0.0345514
2867.47	0.0342896
2865.54	0.0338051
2863.61	0.0337168
2861.68	0.0334899
2859.75	0.0329945
2857.83	0.0324467
2855.9	0.0322153
2853.97	0.0320193
2852.04	0.0316067
2850.11	0.0315012
2848.19	0.031331
2846.26	0.0308573
2844.33	0.0304158
2842.4	0.0301281
2840.47	0.0299153
2838.55	0.0297249
2836.62	0.0295191
2834.69	0.0291805
2832.76	0.0288198
2830.83	0.0283154
2828.91	0.0281352
2826.98	0.0278409
2825.05	0.0274272
2823.12	0.0273534
2821.19	0.0272839
2819.27	0.0267676
2817.34	0.0263037
2815.41	0.0262672
2813.48	0.0260348
2811.55	0.0256582
2809.63	0.0252479
2807.7	0.0249563
2805.77	0.0247385
2803.84	0.0245546
2801.91	0.0243595
2799.99	0.024039
2798.06	0.023669
2796.13	0.0234146
2794.2	0.0232986
2792.27	0.0230666
2790.35	0.0228906
2788.42	0.0226849
2786.49	0.0224197
2784.56	0.0221654
2782.63	0.0219169
2780.71	0.0215519
2778.78	0.0212851
2776.85	0.0211464
2774.92	0.020875
2772.99	0.0206057
2771.06	0.0203587
2769.14	0.0201772
2767.21	0.0201118
2765.28	0.0197609
2763.35	0.0194378
2761.43	0.0191335
2759.5	0.0187896
2757.57	0.0184769
2755.64	0.0184759
2753.71	0.0184091
2751.78	0.0181036
2749.86	0.0176855
2747.93	0.0174913
2746	0.0173004
2744.07	0.0170962
2742.15	0.0168854
2740.22	0.0167571
2738.29	0.0166288
2736.36	0.0164633
2734.43	0.0162021
2732.5	0.0160729
2730.58	0.0160539
2728.65	0.015859
2726.72	0.0155356
2724.79	0.0154297
2722.86	0.0153261
2720.94	0.0152621
2719.01	0.0150404
2717.08	0.0148437
2715.15	0.0147185
2713.22	0.0146865
2711.3	0.0147478
2709.37	0.014394
2707.44	0.0139702
2705.51	0.013868
2703.58	0.0138225
2701.66	0.01391
2699.73	0.013994
2697.8	0.0138081
2695.87	0.0136208
2693.94	0.0135034
2692.02	0.0133454
2690.09	0.0132368
2688.16	0.0131643
2686.23	0.0133236
2684.3	0.0132358
2682.38	0.012895
2680.45	0.0127297
2678.52	0.0127679
2676.59	0.0125314
2674.66	0.0125451
2672.74	0.0127384
2670.81	0.0127247
2668.88	0.0127836
2666.95	0.0128487
2665.02	0.0127677
2663.1	0.0127137
2661.17	0.0126068
2659.24	0.0122136
2657.31	0.0119046
2655.38	0.0121035
2653.46	0.0122785
2651.53	0.0122543
2649.6	0.0120821
2647.67	0.0121404
2645.74	0.0122539
2643.81	0.0121108
2641.89	0.0121574
2639.96	0.011923
2638.03	0.0115784
2636.1	0.0117522
2634.17	0.0120608
2632.25	0.0122471
2630.32	0.0121249
2628.39	0.0122539
2626.46	0.0123381
2624.53	0.0121856
2622.61	0.012185
2620.68	0.0122617
2618.75	0.0123224
2616.82	0.0121406
2614.89	0.0120144
2612.97	0.012174
2611.04	0.0123166
2609.11	0.0122526
2607.18	0.0122407
2605.25	0.0123701
2603.33	0.0123266
2601.4	0.0121265
2599.47	0.0121505
2597.54	0.0120503
2595.61	0.0120277
2593.69	0.0123244
2591.76	0.0125776
2589.83	0.0125008
2587.9	0.0122524
2585.97	0.0122478
2584.05	0.0125991
2582.12	0.0126219
2580.19	0.0124035
2578.26	0.0124687
2576.33	0.0127179
2574.41	0.0127044
2572.48	0.0124804
2570.55	0.0126
2568.62	0.0127659
2566.69	0.0126997
2564.77	0.0129381
2562.84	0.0130822
2560.91	0.0130052
2558.98	0.0130242
2557.05	0.01315
2555.13	0.0131468
2553.2	0.013225
2551.27	0.0132899
2549.34	0.0132542
2547.41	0.0130862
2545.49	0.0130723
2543.56	0.0130712
2541.63	0.0134375
2539.7	0.013775
2537.77	0.0137637
2535.85	0.0134514
2533.92	0.0134164
2531.99	0.0135466
2530.06	0.0135153
2528.13	0.013607
2526.21	0.013758
2524.28	0.0141219
2522.35	0.0142318
2520.42	0.0140965
2518.49	0.0138785
2516.56	0.0138032
2514.64	0.0139701
2512.71	0.014164
2510.78	0.0145815
2508.85	0.0147797
2506.92	0.0146713
2505	0.0145993
2503.07	0.014805
2501.14	0.0149508
2499.21	0.0147964
2497.28	0.0145661
2495.36	0.0146623
2493.43	0.0149539
2491.5	0.0152966
2489.57	0.0152937
2487.64	0.0151391
2485.72	0.0155825
2483.79	0.0158719
2481.86	0.016174
2479.93	0.0161469
2478	0.0158738
2476.08	0.0157223
2474.15	0.0157132
2472.22	0.0160042
2470.29	0.0163161
2468.36	0.0164862
2466.44	0.0165129
2464.51	0.0165961
2462.58	0.0166152
2460.65	0.0168232
2458.72	0.0171727
2456.8	0.0170207
2454.87	0.0167621
2452.94	0.0169313
2451.01	0.0171334
2449.08	0.017355
2447.16	0.0173784
2445.23	0.0174708
2443.3	0.0174673
2441.37	0.0176632
2439.44	0.0178011
2437.52	0.0178319
2435.59	0.0178182
2433.66	0.0180078
2431.73	0.0180303
2429.8	0.017911
2427.88	0.0182031
2425.95	0.0183802
2424.02	0.0187116
2422.09	0.0187902
2420.16	0.0187858
2418.24	0.0190616
2416.31	0.0187572
2414.38	0.01888
2412.45	0.0193929
2410.52	0.0192744
2408.6	0.0189321
2406.67	0.0188436
2404.74	0.0191616
2402.81	0.0189905
2400.88	0.0188213
2398.95	0.0194928
2397.03	0.020107
2395.1	0.020052
2393.17	0.0200884
2391.24	0.0201609
2389.31	0.0199598
2387.39	0.020041
2385.46	0.0202997
2383.53	0.020634
2381.6	0.0207635
2379.67	0.0208305
2377.75	0.0208845
2375.82	0.0215746
2373.89	0.0213684
2371.96	0.0211253
2370.03	0.0215858
2368.11	0.021962
2366.18	0.0218348
2364.25	0.0215834
2362.32	0.0219666
2360.39	0.0225708
2358.47	0.0221855
2356.54	0.0223454
2354.61	0.0227979
2352.68	0.0228492
2350.75	0.0229988
2348.83	0.0235541
2346.9	0.0242085
2344.97	0.0247026
2343.04	0.0250702
2341.11	0.0251008
2339.19	0.0244795
2337.26	0.0240827
2335.33	0.0240513
2333.4	0.023908
2331.47	0.0241442
2329.55	0.0247758
2327.62	0.025133
2325.69	0.0248344
2323.76	0.0248042
2321.83	0.0252071
2319.91	0.0256519
2317.98	0.0261293
2316.05	0.0262633
2314.12	0.026165
2312.19	0.0258951
2310.27	0.0260293
2308.34	0.0268921
2306.41	0.0272017
2304.48	0.0270458
2302.55	0.0271792
2300.63	0.0271826
2298.7	0.0277691
2296.77	0.0280367
2294.84	0.0280484
2292.91	0.0282773
2290.98	0.028067
2289.06	0.0284558
2287.13	0.029378
2285.2	0.0295825
2283.27	0.0292465
2281.35	0.0291539
2279.42	0.0294774
2277.49	0.029723
2275.56	0.0298946
2273.63	0.0300901
2271.7	0.0301103
2269.78	0.0294657
2267.85	0.0292372
2265.92	0.0295518
2263.99	0.0297392
2262.06	0.0303549
2260.14	0.0306292
2258.21	0.0300061
2256.28	0.0301353
2254.35	0.0306338
2252.42	0.0309298
2250.5	0.0312885
2248.57	0.0304732
2246.64	0.0301773
2244.71	0.0305559
2242.78	0.0307039
2240.86	0.0311754
2238.93	0.0313964
2237	0.0306866
2235.07	0.0307923
2233.14	0.031388
2231.22	0.0311388
2229.29	0.0305292
2227.36	0.0303072
2225.43	0.0311738
2223.5	0.031505
2221.58	0.0304637
2219.65	0.0302234
2217.72	0.0303575
2215.79	0.0297359
2213.86	0.0292672
2211.94	0.029206
2210.01	0.0290419
2208.08	0.0288962
2206.15	0.0287143
2204.22	0.0286922
2202.3	0.0284974
2200.37	0.0283431
2198.44	0.0280193
2196.51	0.0276996
2194.58	0.0272055
2192.66	0.0271761
2190.73	0.0270987
2188.8	0.0264271
2186.87	0.0253048
2184.94	0.0253578
2183.02	0.0257301
2181.09	0.0254216
2179.16	0.0243844
2177.23	0.0236881
2175.3	0.0234821
2173.38	0.0235948
2171.45	0.0243169
2169.52	0.0238155
2167.59	0.0231206
2165.66	0.0230096
2163.73	0.0228156
2161.81	0.0229621
2159.88	0.0220045
2157.95	0.0212503
2156.02	0.0220436
2154.09	0.0224998
2152.17	0.0219631
2150.24	0.020968
2148.31	0.0213479
2146.38	0.0208161
2144.45	0.019825
2142.53	0.0202799
2140.6	0.0199736
2138.67	0.0195559
2136.74	0.0196067
2134.81	0.0195982
2132.89	0.0185042
2130.96	0.0177139
2129.03	0.0182137
2127.1	0.0186227
2125.17	0.018211
2123.25	0.0173367
2121.32	0.0174454
2119.39	0.0170106
2117.46	0.0158757
2115.53	0.0160717
2113.61	0.0161001
2111.68	0.0150562
2109.75	0.0149382
2107.82	0.0153911
2105.89	0.0149372
2103.97	0.0146719
2102.04	0.0151155
2100.11	0.0168025
2098.18	0.0171092
2096.25	0.015824
2094.33	0.015645
2092.4	0.0157044
2090.47	0.0151486
2088.54	0.0157341
2086.61	0.0140497
2084.69	0.0139447
2082.76	0.0143489
2080.83	0.0133393
2078.9	0.012315
2076.97	0.0123498
2075.05	0.0130386
2073.12	0.0132457
2071.19	0.0127731
2069.26	0.0121472
2067.33	0.0107738
2065.41	0.0118799
2063.48	0.0126264
2061.55	0.0117953
2059.62	0.00994096
2057.69	0.00871811
2055.77	0.00979406
2053.84	0.00997487
2051.91	0.00957678
2049.98	0.0113734
2048.05	0.0110207
2046.12	0.00995839
2044.2	0.0116005
2042.27	0.012284
2040.34	0.0104958
2038.41	0.00966367
2036.48	0.00994537
2034.56	0.00918505
2032.63	0.00714769
2030.7	0.00592809
2028.77	0.00715466
2026.84	0.00935389
2024.92	0.0110051
2022.99	0.0111257
2021.06	0.0103169
2019.13	0.0100442
2017.2	0.00964639
2015.28	0.00961506
2013.35	0.0106472
2011.42	0.0110427
2009.49	0.00929475
2007.56	0.00856182
2005.64	0.00825248
2003.71	0.0101996
2001.78	0.0121397
