nAHv0271.spa, Sun Nov 12 20:21:10 2006 (GMT-10:00)
9999.26	0.0126829
9997.33	0.0126502
9995.4	0.0130927
9993.48	0.0135151
9991.55	0.01357
9989.62	0.0134687
9987.69	0.0131235
9985.76	0.0133547
9983.84	0.0143476
9981.91	0.0143456
9979.98	0.0136493
9978.05	0.0138406
9976.12	0.014117
9974.2	0.0145694
9972.27	0.0144809
9970.34	0.013199
9968.41	0.0134171
9966.48	0.0140059
9964.56	0.0142711
9962.63	0.014124
9960.7	0.0150263
9958.77	0.0149995
9956.84	0.0146113
9954.92	0.0150863
9952.99	0.0140936
9951.06	0.0131739
9949.13	0.0130488
9947.2	0.0137194
9945.28	0.0144297
9943.35	0.0139655
9941.42	0.0142447
9939.49	0.0138058
9937.56	0.0132067
9935.64	0.0142623
9933.71	0.0146329
9931.78	0.0137795
9929.85	0.0136787
9927.92	0.0141991
9926	0.0144051
9924.07	0.0141515
9922.14	0.0135551
9920.21	0.0138741
9918.28	0.0147749
9916.36	0.0143617
9914.43	0.0138745
9912.5	0.014443
9910.57	0.0147364
9908.64	0.0147831
9906.71	0.0151259
9904.79	0.0152745
9902.86	0.0147277
9900.93	0.0143725
9899	0.014127
9897.08	0.0145017
9895.15	0.0147294
9893.22	0.0144889
9891.29	0.0149503
9889.36	0.0144444
9887.43	0.0150309
9885.51	0.0155753
9883.58	0.0154063
9881.65	0.0153364
9879.72	0.0151416
9877.79	0.0149938
9875.87	0.0151027
9873.94	0.0148248
9872.01	0.0141869
9870.08	0.0138816
9868.15	0.014068
9866.23	0.0146941
9864.3	0.0143518
9862.37	0.0140568
9860.44	0.0143844
9858.51	0.0144187
9856.59	0.0143213
9854.66	0.0148542
9852.73	0.0148469
9850.8	0.0139502
9848.87	0.013591
9846.95	0.0140807
9845.02	0.014752
9843.09	0.0148866
9841.16	0.0151118
9839.23	0.014988
9837.31	0.0144301
9835.38	0.0149201
9833.45	0.015956
9831.52	0.0156876
9829.59	0.0151069
9827.67	0.01522
9825.74	0.0153465
9823.81	0.0159444
9821.88	0.0161492
9819.95	0.0156576
9818.03	0.0147361
9816.1	0.0141141
9814.17	0.0149237
9812.24	0.0153161
9810.31	0.0154989
9808.39	0.0159692
9806.46	0.0161195
9804.53	0.0161551
9802.6	0.0164072
9800.67	0.0166684
9798.75	0.0166934
9796.82	0.0159845
9794.89	0.0157055
9792.96	0.0158197
9791.03	0.0156606
9789.11	0.0154923
9787.18	0.0154201
9785.25	0.0159924
9783.32	0.0159982
9781.39	0.0154458
9779.46	0.015791
9777.54	0.0161002
9775.61	0.0158316
9773.68	0.0160316
9771.75	0.0164487
9769.83	0.0157964
9767.9	0.0154986
9765.97	0.0158328
9764.04	0.0161218
9762.11	0.0160605
9760.18	0.0157103
9758.26	0.015759
9756.33	0.0158892
9754.4	0.0162968
9752.47	0.0155085
9750.54	0.0151623
9748.62	0.0157854
9746.69	0.0165014
9744.76	0.0168458
9742.83	0.0161829
9740.9	0.0159358
9738.98	0.0164982
9737.05	0.0165545
9735.12	0.0161543
9733.19	0.0160306
9731.26	0.0157447
9729.34	0.0154188
9727.41	0.0151607
9725.48	0.0152464
9723.55	0.0153953
9721.62	0.0155442
9719.7	0.0157115
9717.77	0.015586
9715.84	0.0151637
9713.91	0.0155536
9711.98	0.0161582
9710.06	0.0166341
9708.13	0.0167386
9706.2	0.0164561
9704.27	0.0164085
9702.34	0.0168491
9700.42	0.0164319
9698.49	0.0158275
9696.56	0.0158225
9694.63	0.0155182
9692.7	0.0157832
9690.78	0.0162964
9688.85	0.0166515
9686.92	0.0170119
9684.99	0.0165364
9683.06	0.016329
9681.14	0.0170342
9679.21	0.0167982
9677.28	0.0158966
9675.35	0.0162566
9673.42	0.016574
9671.5	0.0167687
9669.57	0.017042
9667.64	0.0169884
9665.71	0.0167719
9663.78	0.0167216
9661.86	0.0166609
9659.93	0.016949
9658	0.01691
9656.07	0.0170287
9654.14	0.0169482
9652.21	0.0171475
9650.29	0.0177827
9648.36	0.0176592
9646.43	0.0168601
9644.5	0.0167413
9642.57	0.0170327
9640.65	0.0169022
9638.72	0.0167164
9636.79	0.0169048
9634.86	0.0172272
9632.93	0.0168323
9631.01	0.0165628
9629.08	0.0165442
9627.15	0.0167838
9625.22	0.0169558
9623.29	0.0165523
9621.37	0.0166289
9619.44	0.0168841
9617.51	0.016668
9615.58	0.0160427
9613.65	0.0164704
9611.73	0.0169243
9609.8	0.0169744
9607.87	0.0175003
9605.94	0.0175151
9604.01	0.0174229
9602.09	0.016959
9600.16	0.0160813
9598.23	0.0164778
9596.3	0.0170612
9594.37	0.0170611
9592.45	0.0172533
9590.52	0.0177724
9588.59	0.0182717
9586.66	0.0181257
9584.73	0.0178274
9582.81	0.017516
9580.88	0.0172033
9578.95	0.0170999
9577.02	0.0173951
9575.09	0.0177498
9573.17	0.0169368
9571.24	0.0169094
9569.31	0.0177319
9567.38	0.0177444
9565.45	0.0168777
9563.53	0.0167098
9561.6	0.0172576
9559.67	0.017288
9557.74	0.0173166
9555.81	0.0180058
9553.88	0.0180577
9551.96	0.0177134
9550.03	0.0179557
9548.1	0.0180877
9546.17	0.017656
9544.25	0.017232
9542.32	0.0172127
9540.39	0.0175022
9538.46	0.0177868
9536.53	0.0179796
9534.6	0.0179646
9532.68	0.0174811
9530.75	0.017272
9528.82	0.0174966
9526.89	0.0176996
9524.96	0.0174804
9523.04	0.0175359
9521.11	0.0176937
9519.18	0.0178387
9517.25	0.0177778
9515.32	0.017447
9513.4	0.0172241
9511.47	0.0174312
9509.54	0.0178264
9507.61	0.0178444
9505.68	0.0178632
9503.76	0.0182295
9501.83	0.0183459
9499.9	0.0181477
9497.97	0.0183126
9496.04	0.0186636
9494.12	0.01849
9492.19	0.0180898
9490.26	0.0182857
9488.33	0.0182676
9486.4	0.0184432
9484.48	0.0193061
9482.55	0.0199603
9480.62	0.0188192
9478.69	0.0178595
9476.76	0.0178961
9474.84	0.0182728
9472.91	0.0183664
9470.98	0.0188813
9469.05	0.0184748
9467.12	0.0181915
9465.2	0.0177325
9463.27	0.0170326
9461.34	0.0175624
9459.41	0.0178482
9457.48	0.0177702
9455.56	0.0184192
9453.63	0.0188496
9451.7	0.0184372
9449.77	0.0185285
9447.84	0.0184764
9445.92	0.0181943
9443.99	0.0181358
9442.06	0.0184356
9440.13	0.0186126
9438.2	0.0184564
9436.28	0.0187247
9434.35	0.0184552
9432.42	0.0182528
9430.49	0.0184719
9428.56	0.0187244
9426.63	0.0188816
9424.71	0.0191931
9422.78	0.0191793
9420.85	0.0185099
9418.92	0.0182352
9417	0.0182798
9415.07	0.0176894
9413.14	0.0176118
9411.21	0.0181128
9409.28	0.0184767
9407.35	0.0186246
9405.43	0.0186423
9403.5	0.0186217
9401.57	0.0184944
9399.64	0.0185206
9397.71	0.0186102
9395.79	0.0185457
9393.86	0.0191387
9391.93	0.0192677
9390	0.019121
9388.07	0.0190937
9386.15	0.0190114
9384.22	0.0186466
9382.29	0.0189939
9380.36	0.0191045
9378.43	0.0185917
9376.51	0.0181609
9374.58	0.0180936
9372.65	0.0184438
9370.72	0.0191565
9368.79	0.0191286
9366.87	0.019135
9364.94	0.019132
9363.01	0.019037
9361.08	0.0186093
9359.15	0.0183196
9357.23	0.018687
9355.3	0.0192366
9353.37	0.019492
9351.44	0.0190524
9349.51	0.0188323
9347.59	0.0194071
9345.66	0.018759
9343.73	0.0185266
9341.8	0.0188544
9339.87	0.0185299
9337.95	0.018852
9336.02	0.0192984
9334.09	0.0190308
9332.16	0.0187555
9330.23	0.0189346
9328.31	0.0193633
9326.38	0.019414
9324.45	0.0185657
9322.52	0.0185179
9320.59	0.0191697
9318.67	0.0194512
9316.74	0.0195774
9314.81	0.0194667
9312.88	0.0193248
9310.95	0.0195402
9309.03	0.0196677
9307.1	0.0191229
9305.17	0.0192798
9303.24	0.0195728
9301.31	0.0193813
9299.38	0.0190471
9297.46	0.0188231
9295.53	0.0185469
9293.6	0.0183591
9291.67	0.0186989
9289.74	0.0187501
9287.82	0.0185376
9285.89	0.018911
9283.96	0.0192305
9282.03	0.018744
9280.1	0.0185871
9278.18	0.0192512
9276.25	0.0196725
9274.32	0.0198011
9272.39	0.0194275
9270.46	0.0189991
9268.54	0.0189651
9266.61	0.0187122
9264.68	0.0185426
9262.75	0.0194536
9260.82	0.0197997
9258.9	0.0193427
9256.97	0.0196167
9255.04	0.0193988
9253.11	0.0190966
9251.18	0.0192269
9249.26	0.0192474
9247.33	0.019235
9245.4	0.0190662
9243.47	0.0190977
9241.54	0.0193217
9239.62	0.0194157
9237.69	0.019431
9235.76	0.0194462
9233.83	0.0196624
9231.9	0.0197957
9229.98	0.0196603
9228.05	0.019697
9226.12	0.0199141
9224.19	0.0194979
9222.26	0.0193865
9220.34	0.0193882
9218.41	0.0193831
9216.48	0.0198315
9214.55	0.0196184
9212.62	0.0196859
9210.7	0.0197506
9208.77	0.0195803
9206.84	0.0195993
9204.91	0.0189904
9202.98	0.0184101
9201.05	0.0183422
9199.13	0.0192482
9197.2	0.0196205
9195.27	0.0194726
9193.34	0.0193135
9191.42	0.0194105
9189.49	0.0195531
9187.56	0.0196111
9185.63	0.0194707
9183.7	0.0197956
9181.77	0.0198363
9179.85	0.0197794
9177.92	0.0196459
9175.99	0.0198708
9174.06	0.019795
9172.13	0.0196026
9170.21	0.0201773
9168.28	0.0202462
9166.35	0.0198161
9164.42	0.0199048
9162.49	0.01967
9160.57	0.0196112
9158.64	0.0198457
9156.71	0.0200177
9154.78	0.0202172
9152.85	0.0199945
9150.93	0.0196106
9149	0.0198232
9147.07	0.0197568
9145.14	0.0194027
9143.21	0.0193647
9141.29	0.0197453
9139.36	0.0201052
9137.43	0.0199435
9135.5	0.0198659
9133.57	0.0197725
9131.65	0.0195927
9129.72	0.0194774
9127.79	0.0194431
9125.86	0.0191559
9123.93	0.0190833
9122.01	0.0193382
9120.08	0.0197624
9118.15	0.0197929
9116.22	0.0198593
9114.29	0.0198407
9112.37	0.0192862
9110.44	0.0192374
9108.51	0.0196398
9106.58	0.0200841
9104.65	0.0200291
9102.73	0.0197596
9100.8	0.0195931
9098.87	0.0195194
9096.94	0.0194901
9095.01	0.0191274
9093.08	0.019221
9091.16	0.0200198
9089.23	0.0200557
9087.3	0.0194844
9085.37	0.0192019
9083.45	0.0189464
9081.52	0.0195651
9079.59	0.0199724
9077.66	0.0198004
9075.73	0.0196938
9073.8	0.0194549
9071.88	0.0194286
9069.95	0.0196324
9068.02	0.0193726
9066.09	0.0192289
9064.17	0.0192322
9062.24	0.0191013
9060.31	0.0195792
9058.38	0.0200371
9056.45	0.0199908
9054.52	0.0202067
9052.6	0.0195644
9050.67	0.0191118
9048.74	0.0192404
9046.81	0.0192507
9044.88	0.0192178
9042.96	0.019593
9041.03	0.0193624
9039.1	0.0190727
9037.17	0.0195349
9035.24	0.0195778
9033.32	0.0194582
9031.39	0.0195191
9029.46	0.0193468
9027.53	0.0189934
9025.6	0.0193798
9023.68	0.0198612
9021.75	0.0198008
9019.82	0.0196157
9017.89	0.0201018
9015.96	0.0195976
9014.04	0.018713
9012.11	0.019041
9010.18	0.0194256
9008.25	0.0194597
9006.32	0.0197022
9004.4	0.0198232
9002.47	0.0195757
9000.54	0.019181
8998.61	0.0192239
8996.68	0.019476
8994.76	0.0190729
8992.83	0.018953
8990.9	0.0191447
8988.97	0.0194565
8987.04	0.0197881
8985.12	0.0201083
8983.19	0.0193743
8981.26	0.0191582
8979.33	0.019321
8977.4	0.0193627
8975.48	0.0194355
8973.55	0.0190465
8971.62	0.0187908
8969.69	0.0193454
8967.76	0.0195767
8965.83	0.0195614
8963.91	0.0194643
8961.98	0.0188146
8960.05	0.0184779
8958.12	0.0187321
8956.2	0.0190494
8954.27	0.0194208
8952.34	0.0194345
8950.41	0.0191534
8948.48	0.0188647
8946.55	0.019007
8944.63	0.0191464
8942.7	0.0190043
8940.77	0.0187966
8938.84	0.018907
8936.92	0.0190544
8934.99	0.018743
8933.06	0.0190158
8931.13	0.0191773
8929.2	0.0186015
8927.27	0.0187111
8925.35	0.0189598
8923.42	0.0189841
8921.49	0.0193993
8919.56	0.0191065
8917.63	0.0185888
8915.71	0.0185151
8913.78	0.0188459
8911.85	0.0187896
8909.92	0.0186224
8907.99	0.0187254
8906.07	0.0187914
8904.14	0.0184312
8902.21	0.017886
8900.28	0.0180889
8898.35	0.018357
8896.43	0.0185086
8894.5	0.0183808
8892.57	0.0180311
8890.64	0.0180828
8888.71	0.0180426
8886.79	0.0180022
8884.86	0.0183573
8882.93	0.0185381
8881	0.0183516
8879.07	0.0178976
8877.15	0.0177193
8875.22	0.0180796
8873.29	0.0181411
8871.36	0.0180372
8869.43	0.0181858
8867.51	0.0179874
8865.58	0.0172
8863.65	0.0170711
8861.72	0.0175787
8859.79	0.0174827
8857.87	0.0171675
8855.94	0.0173927
8854.01	0.0178332
8852.08	0.0179821
8850.15	0.0178944
8848.22	0.0178639
8846.3	0.0178254
8844.37	0.0177418
8842.44	0.0174478
8840.51	0.0172259
8838.58	0.0172319
8836.66	0.017122
8834.73	0.0170936
8832.8	0.0174401
8830.87	0.0176566
8828.94	0.017435
8827.02	0.0170763
8825.09	0.0169593
8823.16	0.016833
8821.23	0.0171359
8819.3	0.0172975
8817.38	0.017002
8815.45	0.017043
8813.52	0.017236
8811.59	0.0173298
8809.66	0.0176371
8807.74	0.0173969
8805.81	0.0169067
8803.88	0.017078
8801.95	0.0172898
8800.02	0.0171051
8798.1	0.0171873
8796.17	0.017061
8794.24	0.0166535
8792.31	0.0164184
8790.38	0.016261
8788.46	0.0163605
8786.53	0.0166585
8784.6	0.0169313
8782.67	0.0171351
8780.74	0.0167049
8778.82	0.0165755
8776.89	0.0164219
8774.96	0.0162218
8773.03	0.0160046
8771.1	0.0160634
8769.18	0.016135
8767.25	0.0163676
8765.32	0.0168468
8763.39	0.0167506
8761.46	0.0167468
8759.54	0.0165936
8757.61	0.0172216
8755.68	0.0171403
8753.75	0.0167566
8751.82	0.0165538
8749.9	0.0159644
8747.97	0.0154623
8746.04	0.0156373
8744.11	0.016273
8742.18	0.0165451
8740.25	0.0160084
8738.33	0.0152358
8736.4	0.0151656
8734.47	0.0156435
8732.54	0.0161773
8730.62	0.0161152
8728.69	0.0159362
8726.76	0.0160865
8724.83	0.0158189
8722.9	0.0158801
8720.97	0.0157282
8719.05	0.0152683
8717.12	0.0153584
8715.19	0.0152653
8713.26	0.0151488
8711.33	0.0153501
8709.41	0.0155221
8707.48	0.0155469
8705.55	0.0156196
8703.62	0.0156458
8701.69	0.0154413
8699.77	0.0149839
8697.84	0.0149215
8695.91	0.0149583
8693.98	0.0149123
8692.05	0.0151147
8690.13	0.0150657
8688.2	0.0148282
8686.27	0.0149261
8684.34	0.0149406
8682.41	0.0146715
8680.49	0.0146145
8678.56	0.0145299
8676.63	0.0143141
8674.7	0.0146125
8672.77	0.0144235
8670.85	0.0142755
8668.92	0.0143234
8666.99	0.0143894
8665.06	0.0143592
8663.13	0.0145547
8661.21	0.0147656
8659.28	0.0142678
8657.35	0.0141364
8655.42	0.0142102
8653.49	0.0142187
8651.57	0.0144091
8649.64	0.0144244
8647.71	0.0143238
8645.78	0.0141198
8643.85	0.0141264
8641.93	0.0142298
8640	0.0143278
8638.07	0.0140062
8636.14	0.0137216
8634.21	0.0137323
8632.29	0.0136374
8630.36	0.0134879
8628.43	0.0134389
8626.5	0.013484
8624.57	0.0135721
8622.65	0.0135439
8620.72	0.0132983
8618.79	0.013268
8616.86	0.0132763
8614.93	0.0130324
8613	0.0130649
8611.08	0.0131798
8609.15	0.013295
8607.22	0.0133533
8605.29	0.0129402
8603.37	0.0126549
8601.44	0.0129181
8599.51	0.0131161
8597.58	0.0128665
8595.65	0.0125355
8593.72	0.0124908
8591.8	0.0126967
8589.87	0.0129307
8587.94	0.0131047
8586.01	0.0128013
8584.08	0.0127912
8582.16	0.0129334
8580.23	0.0124686
8578.3	0.0121155
8576.37	0.0123846
8574.44	0.0124817
8572.52	0.0119053
8570.59	0.0115913
8568.66	0.0114749
8566.73	0.0115989
8564.8	0.0119084
8562.88	0.0119445
8560.95	0.0118509
8559.02	0.0121144
8557.09	0.0118698
8555.16	0.0115649
8553.24	0.01143
8551.31	0.0116712
8549.38	0.0116493
8547.45	0.011479
8545.52	0.0114927
8543.6	0.0114451
8541.67	0.0112072
8539.74	0.0113614
8537.81	0.0114501
8535.88	0.0113
8533.96	0.0111824
8532.03	0.0110245
8530.1	0.0109718
8528.17	0.0112432
8526.24	0.0113024
8524.32	0.0115695
8522.39	0.011752
8520.46	0.0113606
8518.53	0.0110147
8516.6	0.0109892
8514.68	0.0109099
8512.75	0.010915
8510.82	0.010791
8508.89	0.0106909
8506.96	0.0106857
8505.04	0.0104668
8503.11	0.0104605
8501.18	0.0107001
8499.25	0.0107312
8497.32	0.0105719
8495.39	0.0104718
8493.47	0.0103007
8491.54	0.0101718
8489.61	0.0103135
8487.68	0.010626
8485.75	0.0105365
8483.83	0.00994164
8481.9	0.00977251
8479.97	0.00971321
8478.04	0.0096531
8476.11	0.00989517
8474.19	0.00987368
8472.26	0.00982893
8470.33	0.00973388
8468.4	0.0095611
8466.47	0.00951961
8464.55	0.00971538
8462.62	0.00991181
8460.69	0.00942468
8458.76	0.00918562
8456.83	0.0091106
8454.91	0.00904381
8452.98	0.00932606
8451.05	0.00971246
8449.12	0.00978515
8447.19	0.00963125
8445.27	0.00951205
8443.34	0.0093329
8441.41	0.00921767
8439.48	0.00893773
8437.55	0.00919219
8435.63	0.00911131
8433.7	0.00905944
8431.77	0.00919561
8429.84	0.0089514
8427.91	0.00868038
8425.99	0.00874938
8424.06	0.00895705
8422.13	0.00877879
8420.2	0.00831823
8418.27	0.00833603
8416.35	0.00856155
8414.42	0.0085167
8412.49	0.00840967
8410.56	0.00830074
8408.63	0.00775756
8406.71	0.0079441
8404.78	0.00804613
8402.85	0.00807742
8400.92	0.00809014
8398.99	0.00805271
8397.07	0.00784935
8395.14	0.00770083
8393.21	0.0079438
8391.28	0.00795109
8389.35	0.00772022
8387.43	0.00760984
8385.5	0.00765459
8383.57	0.00761568
8381.64	0.00782213
8379.71	0.00778384
8377.79	0.00728211
8375.86	0.00707265
8373.93	0.00736063
8372	0.00765776
8370.07	0.00777291
8368.14	0.00755347
8366.22	0.00724761
8364.29	0.0074223
8362.36	0.00727493
8360.43	0.00680943
8358.5	0.00684326
8356.58	0.00717201
8354.65	0.00710545
8352.72	0.0068776
8350.79	0.00702628
8348.86	0.00730772
8346.94	0.00708804
8345.01	0.00682525
8343.08	0.00658927
8341.15	0.0064593
8339.22	0.00628446
8337.3	0.00611503
8335.37	0.00613432
8333.44	0.00647346
8331.51	0.0064439
8329.58	0.00619908
8327.66	0.00608818
8325.73	0.00609282
8323.8	0.00613324
8321.87	0.00631202
8319.94	0.00615888
8318.02	0.00587264
8316.09	0.00593233
8314.16	0.00580776
8312.23	0.00606016
8310.3	0.00631804
8308.38	0.00623161
8306.45	0.00610259
8304.52	0.00607813
8302.59	0.00591819
8300.66	0.00566601
8298.74	0.00557407
8296.81	0.00551658
8294.88	0.00527695
8292.95	0.00502025
8291.02	0.00510821
8289.1	0.00514607
8287.17	0.00495486
8285.24	0.00499404
8283.31	0.00525495
8281.38	0.0052365
8279.46	0.00548977
8277.53	0.00543324
8275.6	0.00508143
8273.67	0.00495248
8271.74	0.00508847
8269.82	0.0049996
8267.89	0.00488435
8265.96	0.00500899
8264.03	0.00517111
8262.1	0.00515488
8260.17	0.00498784
8258.25	0.00482313
8256.32	0.00499223
8254.39	0.00513399
8252.46	0.00493368
8250.54	0.00494604
8248.61	0.00518848
8246.68	0.0049744
8244.75	0.00468699
8242.82	0.00468448
8240.89	0.00467326
8238.97	0.00476903
8237.04	0.00464888
8235.11	0.00445541
8233.18	0.00433391
8231.25	0.00437424
8229.33	0.00453617
8227.4	0.00456895
8225.47	0.00432993
8223.54	0.00412681
8221.61	0.00405265
8219.69	0.00415805
8217.76	0.00458867
8215.83	0.00443573
8213.9	0.00384782
8211.97	0.00363861
8210.05	0.00400363
8208.12	0.00422617
8206.19	0.0042973
8204.26	0.00424725
8202.33	0.0042073
8200.41	0.00416488
8198.48	0.00413129
8196.55	0.00389516
8194.62	0.00355278
8192.69	0.00386631
8190.77	0.00392418
8188.84	0.00399888
8186.91	0.00384301
8184.98	0.00345955
8183.05	0.00344192
8181.13	0.00341286
8179.2	0.00332287
8177.27	0.0033605
8175.34	0.00361528
8173.41	0.00370908
8171.49	0.00381837
8169.56	0.00397119
8167.63	0.00370417
8165.7	0.00343059
8163.77	0.0028841
8161.85	0.00269045
8159.92	0.00310573
8157.99	0.00307937
8156.06	0.00266998
8154.13	0.00308945
8152.21	0.00362618
8150.28	0.00346586
8148.35	0.00319404
8146.42	0.00313737
8144.49	0.00325823
8142.56	0.00321467
8140.64	0.00310466
8138.71	0.00311304
8136.78	0.00298784
8134.85	0.0031093
8132.92	0.00329072
8131	0.0031082
8129.07	0.00311711
8127.14	0.00313473
8125.21	0.00328407
8123.28	0.00309846
8121.36	0.00304997
8119.43	0.00298391
8117.5	0.00282146
8115.57	0.00283477
8113.64	0.00301277
8111.72	0.00287796
8109.79	0.0027523
8107.86	0.00259558
8105.93	0.00271926
8104	0.00286542
8102.08	0.00300913
8100.15	0.00284404
8098.22	0.00277474
8096.29	0.00274713
8094.36	0.00245037
8092.44	0.00252322
8090.51	0.00253478
8088.58	0.00229692
8086.65	0.00214832
8084.72	0.002316
8082.8	0.0024584
8080.87	0.00235954
8078.94	0.00234322
8077.01	0.00228426
8075.08	0.00235232
8073.16	0.00240655
8071.23	0.0022393
8069.3	0.0021042
8067.37	0.00226424
8065.44	0.00221089
8063.52	0.00228679
8061.59	0.00235715
8059.66	0.00234672
8057.73	0.00233243
8055.8	0.00202596
8053.88	0.00208465
8051.95	0.00220406
8050.02	0.00225248
8048.09	0.00193429
8046.16	0.00151178
8044.24	0.00141441
8042.31	0.00164816
8040.38	0.00193715
8038.45	0.00181576
8036.52	0.00168013
8034.6	0.00193829
8032.67	0.00196957
8030.74	0.00186394
8028.81	0.00168019
8026.88	0.00144898
8024.96	0.00136601
8023.03	0.00154922
8021.1	0.00172317
8019.17	0.00190011
8017.24	0.00185006
8015.31	0.00159694
8013.39	0.00156193
8011.46	0.00182321
8009.53	0.00179097
8007.6	0.00163143
8005.67	0.00144173
8003.75	0.00137086
8001.82	0.00156422
7999.89	0.00144323
7997.96	0.0013013
7996.03	0.00131878
7994.11	0.00154839
7992.18	0.00173302
7990.25	0.00137552
7988.32	0.00129532
7986.39	0.00126328
7984.47	0.00123773
7982.54	0.00136298
7980.61	0.00129219
7978.68	0.00127674
7976.75	0.00133055
7974.83	0.00145011
7972.9	0.00136259
7970.97	0.00116672
7969.04	0.00106285
7967.11	0.000898065
7965.19	0.00116294
7963.26	0.00132114
7961.33	0.00160935
7959.4	0.0016446
7957.47	0.0015998
7955.55	0.00148312
7953.62	0.00132028
7951.69	0.00109676
7949.76	0.000982773
7947.83	0.00102927
7945.91	0.0010111
7943.98	0.000894612
7942.05	0.000750405
7940.12	0.000727039
7938.19	0.00095282
7936.27	0.00132928
7934.34	0.00131825
7932.41	0.0012692
7930.48	0.00126348
7928.55	0.00130888
7926.63	0.00112706
7924.7	0.000802087
7922.77	0.000963247
7920.84	0.000957834
7918.91	0.000971117
7916.99	0.000959162
7915.06	0.000840595
7913.13	0.000962782
7911.2	0.00133526
7909.27	0.00120546
7907.35	0.000600605
7905.42	0.000407939
7903.49	0.000442996
7901.56	0.000485254
7899.63	0.000592742
7897.71	0.000847335
7895.78	0.000899294
7893.85	0.000696306
7891.92	0.000577612
7889.99	0.000749144
7888.06	0.00062705
7886.14	0.000320524
7884.21	0.000369005
7882.28	0.000447142
7880.35	0.000407674
7878.42	0.000418088
7876.5	0.00038741
7874.57	0.000611422
7872.64	0.000782635
7870.71	0.000707225
7868.78	0.000728798
7866.86	0.00070988
7864.93	0.000542743
7863	0.000536241
7861.07	0.000755185
7859.14	0.000779648
7857.22	0.000843384
7855.29	0.000642878
7853.36	0.000204121
7851.43	0.000246852
7849.5	0.000374178
7847.58	0.000539791
7845.65	0.000429099
7843.72	0.000360383
7841.79	0.000350434
7839.86	0.000641418
7837.94	0.000525525
7836.01	0.000258887
7834.08	0.000443096
7832.15	0.000476099
7830.22	0.000391589
7828.3	0.000200806
7826.37	0.000256997
7824.44	0.000432482
7822.51	0.000592012
7820.58	0.000497295
7818.66	0.000478587
7816.73	0.000334849
7814.8	0.000346488
7812.87	0.000303382
7810.94	0.000339757
7809.02	0.000302354
7807.09	0.000312102
7805.16	0.00046648
7803.23	0.000508375
7801.3	0.000521379
7799.38	0.00047318
7797.45	0.000394375
7795.52	0.000196861
7793.59	0.000536971
7791.66	0.000761093
7789.74	0.000433245
7787.81	0.000188441
7785.88	0.000229945
7783.95	-1.51751e-05
7782.02	-1.59043e-06
7780.09	0.000226862
7778.17	0.000114858
7776.24	2.59779e-05
7774.31	0.000255041
7772.38	0.00038552
7770.46	0.00031638
7768.53	0.000187645
7766.6	0.000158874
7764.67	0.00010634
7762.74	0.000130733
7760.81	0.000189767
7758.89	0.000167657
7756.96	0.00017379
7755.03	-1.216e-05
7753.1	-0.000200812
7751.17	1.95164e-05
7749.25	0.0002751
7747.32	0.000110483
7745.39	-0.00012397
7743.46	-2.91901e-05
7741.53	5.262e-05
7739.61	-8.94527e-05
7737.68	4.91406e-05
7735.75	9.30504e-05
7733.82	-0.000171965
7731.89	-0.000281813
7729.97	-3.22382e-05
7728.04	0.000311273
7726.11	0.0003
7724.18	0.000193082
7722.25	0.000246322
7720.33	0.000444688
7718.4	0.000413312
7716.47	0.00036728
7714.54	0.000161757
7712.61	5.93471e-05
7710.69	1.11332e-05
7708.76	-7.66654e-05
7706.83	-0.000146792
7704.9	-8.11046e-05
7702.97	-3.37966e-06
7701.05	-7.31538e-05
7699.12	9.32161e-05
7697.19	0.000256202
7695.26	0.000278548
7693.33	0.000328615
7691.41	0.000274967
7689.48	9.92478e-05
7687.55	4.77488e-05
7685.62	7.67784e-05
7683.69	5.77896e-05
7681.77	0.000133186
7679.84	0.000155924
7677.91	0.000425716
7675.98	0.000499352
7674.05	0.000555881
7672.12	0.000528544
7670.2	0.000160664
7668.27	0.0002321
7666.34	0.000379119
7664.41	0.00028866
7662.48	0.000356602
7660.56	0.000407674
7658.63	0.000588826
7656.7	0.00064477
7654.77	0.000438253
7652.84	0.000330008
7650.92	0.000428933
7648.99	0.000272679
7647.06	0.000189502
7645.13	0.000170177
7643.2	0.000216817
7641.28	0.000344466
7639.35	0.000341581
7637.42	0.000122779
7635.49	9.68947e-05
7633.56	0.000441437
7631.64	0.000535246
7629.71	0.000294032
7627.78	0.000266645
7625.85	0.000489666
7623.92	0.000542312
7622	0.000455534
7620.07	0.000351628
7618.14	0.000140146
7616.21	0.000262004
7614.28	0.00051627
7612.36	0.000576252
7610.43	0.000503034
7608.5	0.000379982
7606.57	0.000359952
7604.64	0.000442797
7602.72	0.000433974
7600.79	0.000303945
7598.86	0.000286174
7596.93	0.000376798
7595	0.000572635
7593.08	0.0006382
7591.15	0.000500778
7589.22	0.000442167
7587.29	0.000423859
7585.36	0.000398918
7583.44	0.000404258
7581.51	0.000360549
7579.58	0.000276989
7577.65	0.000365987
7575.72	0.000344963
7573.8	0.000318336
7571.87	0.000520052
7569.94	0.000642248
7568.01	0.000720434
7566.08	0.000606544
7564.16	0.000233194
7562.23	0.000308422
7560.3	0.000390494
7558.37	0.000539061
7556.44	0.000548748
7554.52	0.000438154
7552.59	0.000475435
7550.66	0.000439779
7548.73	0.000462864
7546.8	0.000641816
7544.88	0.000544535
7542.95	0.000266645
7541.02	7.56185e-05
7539.09	0.000200806
7537.16	0.000416529
7535.23	0.000476961
7533.31	0.000501011
7531.38	0.000429862
7529.45	0.00041046
7527.52	0.000699061
7525.59	0.000659006
7523.67	0.000558004
7521.74	0.000730291
7519.81	0.000697866
7517.88	0.000615238
7515.95	0.000614773
7514.03	0.000577712
7512.1	0.000635711
7510.17	0.000619883
7508.24	0.000548217
7506.31	0.000533388
7504.39	0.000451852
7502.46	0.000259186
7500.53	0.00029317
7498.6	0.000364462
7496.67	0.000483363
7494.75	0.000676129
7492.82	0.000691229
7490.89	0.000696306
7488.96	0.000765906
7487.03	0.000816062
7485.11	0.000775133
7483.18	0.000757209
7481.25	0.000850024
7479.32	0.000795514
7477.39	0.000615437
7475.47	0.000641551
7473.54	0.000684592
7471.61	0.000565469
7469.68	0.00039454
7467.75	0.000469133
7465.83	0.000648486
7463.9	0.000647789
7461.97	0.000810851
7460.04	0.000880601
7458.11	0.000844247
7456.19	0.000884685
7454.26	0.000939703
7452.33	0.00088588
7450.4	0.000956306
7448.47	0.00112281
7446.54	0.00105787
7444.62	0.000918585
7442.69	0.000905469
7440.76	0.000886345
7438.83	0.000806402
7436.91	0.000756014
7434.98	0.000716452
7433.05	0.000860581
7431.12	0.0007752
7429.19	0.000958764
7427.26	0.00116722
7425.34	0.00105049
7423.41	0.000813905
7421.48	0.000758205
7419.55	0.0010123
7417.62	0.000980083
7415.7	0.000925724
7413.77	0.00114885
7411.84	0.0012045
7409.91	0.000877048
7407.98	0.00105405
7406.06	0.00125285
7404.13	0.00108753
7402.2	0.000921507
7400.27	0.000905768
7398.34	0.00102512
7396.42	0.00120025
7394.49	0.00136255
7392.56	0.0011953
7390.63	0.00105086
7388.7	0.00124032
7386.78	0.00134025
7384.85	0.00121759
7382.92	0.00122537
7380.99	0.00115586
7379.06	0.00120261
7377.14	0.00120201
7375.21	0.00109806
7373.28	0.00121839
7371.35	0.00134334
7369.42	0.0013811
7367.5	0.00125301
7365.57	0.00114619
7363.64	0.00116463
7361.71	0.00124594
7359.78	0.00131539
7357.86	0.00129369
7355.93	0.00132898
7354	0.00137458
7352.07	0.0014153
7350.14	0.00145959
7348.22	0.00149626
7346.29	0.00152947
7344.36	0.00134231
7342.43	0.00130738
7340.5	0.00120065
7338.58	0.00115569
7336.65	0.00128252
7334.72	0.0014419
7332.79	0.00170943
7330.86	0.001601
7328.94	0.00125132
7327.01	0.00136365
7325.08	0.001633
7323.15	0.00179802
7321.22	0.0018468
7319.29	0.00176033
7317.37	0.00170667
7315.44	0.00178392
7313.51	0.00177933
7311.58	0.00162322
7309.65	0.00147239
7307.73	0.00156113
7305.8	0.00165827
7303.87	0.00168109
7301.94	0.00180165
7300.01	0.00175404
7298.09	0.0017565
7296.16	0.00186291
7294.23	0.00178408
7292.3	0.00179443
7290.37	0.00183769
7288.45	0.00169939
7286.52	0.001645
7284.59	0.00164055
7282.66	0.0018302
7280.73	0.00200652
7278.81	0.00187832
7276.88	0.00175205
7274.95	0.00179989
7273.02	0.00190341
7271.09	0.00199627
7269.17	0.00202696
7267.24	0.00201887
7265.31	0.0020766
7263.38	0.00209467
7261.45	0.00203348
7259.53	0.00192434
7257.6	0.00187369
7255.67	0.00195117
7253.74	0.00198961
7251.81	0.00212874
7249.89	0.00220539
7247.96	0.00214305
7246.03	0.00209527
7244.1	0.00205096
7242.17	0.00214878
7240.25	0.00233123
7238.32	0.00225382
7236.39	0.00217043
7234.46	0.00222727
7232.53	0.00245737
7230.61	0.00252095
7228.68	0.00229748
7226.75	0.00220276
7224.82	0.00237127
7222.89	0.00247856
7220.97	0.00236364
7219.04	0.00222188
7217.11	0.00224393
7215.18	0.00235381
7213.25	0.00252345
7211.33	0.00255728
7209.4	0.00260281
7207.47	0.00259344
7205.54	0.00253881
7203.61	0.00255131
7201.69	0.00244867
7199.76	0.00236111
7197.83	0.00234292
7195.9	0.00251732
7193.97	0.00258078
7192.04	0.00257734
7190.12	0.00258198
7188.19	0.00262844
7186.26	0.00264728
7184.33	0.00254571
7182.4	0.00253785
7180.48	0.00253678
7178.55	0.00247283
7176.62	0.00255041
7174.69	0.00263234
7172.76	0.00257914
7170.84	0.00261764
7168.91	0.00269795
7166.98	0.00264918
7165.05	0.00270252
7163.12	0.00273319
7161.2	0.00273399
7159.27	0.00281503
7157.34	0.00269385
7155.41	0.00276604
7153.48	0.00285845
7151.56	0.00285812
7149.63	0.00284197
7147.7	0.00267842
7145.77	0.00259331
7143.84	0.00277551
7141.92	0.00290611
7139.99	0.00290425
7138.06	0.00291165
7136.13	0.00302915
7134.2	0.00319311
7132.28	0.00319681
7130.35	0.00295445
7128.42	0.00279365
7126.49	0.00289134
7124.56	0.00299485
7122.64	0.00300886
7120.71	0.00306829
7118.78	0.00326064
7116.85	0.00326311
7114.92	0.0031626
7113	0.00304276
7111.07	0.00284834
7109.14	0.00291749
7107.21	0.00290978
7105.28	0.00302398
7103.36	0.00319741
7101.43	0.00317876
7099.5	0.00318476
7097.57	0.00321757
7095.64	0.00319905
7093.71	0.00318079
7091.79	0.0032781
7089.86	0.00344425
7087.93	0.0034524
7086	0.00344242
7084.08	0.00355712
7082.15	0.00359377
7080.22	0.00341931
7078.29	0.00329616
7076.36	0.00342836
7074.43	0.00354179
7072.51	0.00364632
7070.58	0.00369528
7068.65	0.0036078
7066.72	0.00365424
7064.79	0.00380878
7062.87	0.00376797
7060.94	0.00364475
7059.01	0.00367489
7057.08	0.003692
7055.15	0.0035329
7053.23	0.0034996
7051.3	0.00360195
7049.37	0.00363005
7047.44	0.00360382
7045.51	0.00362253
7043.59	0.00376523
7041.66	0.00387152
7039.73	0.00398778
7037.8	0.00394698
7035.87	0.00386016
7033.95	0.00379654
7032.02	0.00379888
7030.09	0.00374895
7028.16	0.00386517
7026.23	0.00407148
7024.31	0.00397363
7022.38	0.00396604
7020.45	0.00406924
7018.52	0.00415501
7016.59	0.00418769
7014.67	0.00424494
7012.74	0.00430567
7010.81	0.00411945
7008.88	0.00392508
7006.95	0.00403092
7005.03	0.00414032
7003.1	0.00408429
7001.17	0.00426414
6999.24	0.00442385
6997.31	0.00443503
6995.39	0.00456021
6993.46	0.00444367
6991.53	0.00433964
6989.6	0.00447496
6987.67	0.0044044
6985.75	0.00427485
6983.82	0.00430982
6981.89	0.00442709
6979.96	0.00446017
6978.03	0.00437562
6976.1	0.00446737
6974.18	0.00459547
6972.25	0.00468311
6970.32	0.00469212
6968.39	0.00461365
6966.46	0.00437398
6964.54	0.00425805
6962.61	0.00450315
6960.68	0.00473121
6958.75	0.00471449
6956.82	0.00470294
6954.9	0.00486006
6952.97	0.00491216
6951.04	0.00486213
6949.11	0.00475218
6947.18	0.00462072
6945.26	0.00477646
6943.33	0.00510251
6941.4	0.00513178
6939.47	0.00501981
6937.54	0.0049263
6935.62	0.00497027
6933.69	0.00491035
6931.76	0.00475171
6929.83	0.00483258
6927.9	0.00490737
6925.98	0.00498559
6924.05	0.00506879
6922.12	0.00485081
6920.19	0.00491347
6918.26	0.00505545
6916.34	0.00503507
6914.41	0.00509588
6912.48	0.00516119
6910.55	0.00509085
6908.62	0.00496709
6906.7	0.0050421
6904.77	0.00520035
6902.84	0.00509668
6900.91	0.00505089
6898.98	0.00511934
6897.06	0.00518392
6895.13	0.0052525
6893.2	0.00523647
6891.27	0.00524526
6889.34	0.00518392
6887.42	0.00528191
6885.49	0.00546759
6883.56	0.00530693
6881.63	0.00525411
6879.7	0.00552155
6877.78	0.00571455
6875.85	0.00568998
6873.92	0.00557988
6871.99	0.00542357
6870.06	0.00565235
6868.14	0.00587395
6866.21	0.00556072
6864.28	0.00536443
6862.35	0.00548397
6860.42	0.00557605
6858.5	0.00564442
6856.57	0.00562506
6854.64	0.00569864
6852.71	0.00569448
6850.78	0.00555575
6848.85	0.00554508
6846.93	0.00564406
6845	0.00579869
6843.07	0.00589232
6841.14	0.00586744
6839.21	0.00591107
6837.29	0.00597086
6835.36	0.00596908
6833.43	0.00593028
6831.5	0.00595974
6829.57	0.00590035
6827.65	0.00594674
6825.72	0.00604668
6823.79	0.00607763
6821.86	0.00601977
6819.93	0.00605488
6818.01	0.00610797
6816.08	0.00610515
6814.15	0.00615384
6812.22	0.00622143
6810.29	0.00618184
6808.37	0.00616409
6806.44	0.00634154
6804.51	0.00640711
6802.58	0.00626069
6800.65	0.00615717
6798.73	0.00621592
6796.8	0.00619965
6794.87	0.00618563
6792.94	0.00630987
6791.01	0.00637493
6789.09	0.00648412
6787.16	0.00656172
6785.23	0.00649983
6783.3	0.00648452
6781.37	0.00661766
6779.45	0.00674532
6777.52	0.00672446
6775.59	0.00662304
6773.66	0.00661595
6771.73	0.00682266
6769.81	0.00695186
6767.88	0.00693631
6765.95	0.00693348
6764.02	0.00694577
6762.09	0.00695826
6760.17	0.00701453
6758.24	0.00722601
6756.31	0.00751092
6754.38	0.00760701
6752.45	0.00759305
6750.53	0.00750293
6748.6	0.00749744
6746.67	0.00762313
6744.74	0.00759133
6742.81	0.00751817
6740.88	0.00765429
6738.96	0.00780222
6737.03	0.00785964
6735.1	0.00787675
6733.17	0.0078306
6731.25	0.00790098
6729.32	0.00799121
6727.39	0.00791167
6725.46	0.00802763
6723.53	0.00805419
6721.6	0.00799631
6719.68	0.00812583
6717.75	0.00817532
6715.82	0.00811347
6713.89	0.00807586
6711.96	0.00809811
6710.04	0.00803391
6708.11	0.00810776
6706.18	0.00821391
6704.25	0.00817546
6702.32	0.00821226
6700.4	0.00821364
6698.47	0.00823931
6696.54	0.00827497
6694.61	0.00821695
6692.68	0.00814983
6690.76	0.00822053
6688.83	0.00833198
6686.9	0.00832931
6684.97	0.00836052
6683.04	0.00841075
6681.12	0.00844085
6679.19	0.00839308
6677.26	0.00837001
6675.33	0.00837974
6673.4	0.00835478
6671.48	0.00858605
6669.55	0.00873964
6667.62	0.00863803
6665.69	0.0087364
6663.76	0.0088383
6661.84	0.00882498
6659.91	0.00889332
6657.98	0.00881977
6656.05	0.0087106
6654.12	0.00892948
6652.2	0.00903177
6650.27	0.00892945
6648.34	0.0088801
6646.41	0.00896296
6644.48	0.00903316
6642.56	0.00922495
6640.63	0.00933351
6638.7	0.00945591
6636.77	0.00946335
6634.84	0.00954054
6632.92	0.00951517
6630.99	0.00940653
6629.06	0.00938835
6627.13	0.00947328
6625.2	0.00963044
6623.27	0.00973957
6621.35	0.00973259
6619.42	0.00968129
6617.49	0.00967919
6615.56	0.00963291
6613.63	0.00968187
6611.71	0.00981921
6609.78	0.00985215
6607.85	0.00991889
6605.92	0.00999792
6603.99	0.0099968
6602.07	0.0100491
6600.14	0.0101739
6598.21	0.0102854
6596.28	0.0103872
6594.35	0.0104191
6592.43	0.0103613
6590.5	0.0104193
6588.57	0.010587
6586.64	0.0106213
6584.71	0.0106845
6582.79	0.0107364
6580.86	0.010677
6578.93	0.0104724
6577	0.0105545
6575.07	0.0105383
6573.15	0.0104974
6571.22	0.0105757
6569.29	0.0105713
6567.36	0.0104681
6565.43	0.01051
6563.51	0.0106485
6561.58	0.0106446
6559.65	0.0106048
6557.72	0.0105718
6555.79	0.0103678
6553.87	0.0103067
6551.94	0.0104275
6550.01	0.0103547
6548.08	0.010313
6546.15	0.0103817
6544.23	0.0103486
6542.3	0.010359
6540.37	0.0103908
6538.44	0.0102621
6536.51	0.0101967
6534.59	0.0103357
6532.66	0.0103241
6530.73	0.01014
6528.8	0.0101269
6526.87	0.0101885
6524.95	0.0101824
6523.02	0.0102639
6521.09	0.0102814
6519.16	0.0103132
6517.23	0.0104909
6515.31	0.0105207
6513.38	0.0103807
6511.45	0.0103186
6509.52	0.0104131
6507.59	0.0104748
6505.67	0.0103463
6503.74	0.0104353
6501.81	0.0107413
6499.88	0.0108598
6497.95	0.0108121
6496.02	0.0107761
6494.1	0.010902
6492.17	0.0110785
6490.24	0.0111659
6488.31	0.011244
6486.38	0.0114632
6484.46	0.0116487
6482.53	0.0116068
6480.6	0.0115
6478.67	0.0115086
6476.74	0.0114612
6474.82	0.0113369
6472.89	0.011211
6470.96	0.011268
6469.03	0.0112059
6467.1	0.0110917
6465.18	0.0110811
6463.25	0.010968
6461.32	0.0109874
6459.39	0.0108936
6457.46	0.0107324
6455.54	0.0108567
6453.61	0.0109509
6451.68	0.0108564
6449.75	0.0107294
6447.82	0.0107308
6445.9	0.0108646
6443.97	0.0108837
6442.04	0.0107781
6440.11	0.0107195
6438.18	0.0106269
6436.26	0.0104912
6434.33	0.0105382
6432.4	0.010655
6430.47	0.0106019
6428.54	0.0105966
6426.62	0.0106262
6424.69	0.0105963
6422.76	0.0105435
6420.83	0.0104428
6418.9	0.0102655
6416.98	0.010337
6415.05	0.0103469
6413.12	0.0103305
6411.19	0.0103851
6409.26	0.0103508
6407.34	0.0104375
6405.41	0.0105437
6403.48	0.0104686
6401.55	0.0103758
6399.62	0.0103999
6397.7	0.0103189
6395.77	0.0102393
6393.84	0.010279
6391.91	0.0102005
6389.98	0.010261
6388.06	0.0104344
6386.13	0.0103806
6384.2	0.0103642
6382.27	0.0103928
6380.34	0.0103112
6378.42	0.0101943
6376.49	0.0101184
6374.56	0.0101632
6372.63	0.010141
6370.7	0.0101599
6368.77	0.0102145
6366.85	0.0102704
6364.92	0.0102624
6362.99	0.0102831
6361.06	0.0102384
6359.13	0.0102082
6357.21	0.0103443
6355.28	0.010437
6353.35	0.0104936
6351.42	0.0105419
6349.49	0.0104184
6347.57	0.010334
6345.64	0.0103614
6343.71	0.0103454
6341.78	0.0103278
6339.85	0.010238
6337.93	0.0101765
6336	0.0103553
6334.07	0.010531
6332.14	0.010597
6330.21	0.0105254
6328.29	0.0104222
6326.36	0.0104395
6324.43	0.0104143
6322.5	0.0104335
6320.57	0.0104749
6318.65	0.0105173
6316.72	0.0105139
6314.79	0.0104572
6312.86	0.0105298
6310.93	0.0106164
6309.01	0.0105554
6307.08	0.0105072
6305.15	0.0105625
6303.22	0.0105973
6301.29	0.0106959
6299.37	0.0106228
6297.44	0.0106014
6295.51	0.010651
6293.58	0.0105917
6291.65	0.0105778
6289.73	0.0105801
6287.8	0.010575
6285.87	0.0105816
6283.94	0.0106075
6282.01	0.0106277
6280.08	0.010677
6278.16	0.0106265
6276.23	0.0105923
6274.3	0.0105817
6272.37	0.0106559
6270.45	0.0106803
6268.52	0.0107664
6266.59	0.0109183
6264.66	0.0109499
6262.73	0.0108567
6260.8	0.0107044
6258.88	0.010631
6256.95	0.0106142
6255.02	0.0107081
6253.09	0.0107709
6251.17	0.0107505
6249.24	0.0107953
6247.31	0.0108676
6245.38	0.0108585
6243.45	0.0108171
6241.52	0.0108458
6239.6	0.0108953
6237.67	0.0109185
6235.74	0.0108039
6233.81	0.010762
6231.88	0.0108582
6229.96	0.0108758
6228.03	0.0109097
6226.1	0.0109239
6224.17	0.0108569
6222.24	0.010848
6220.32	0.0108973
6218.39	0.0108914
6216.46	0.0109201
6214.53	0.0109917
6212.6	0.0110732
6210.68	0.0111345
6208.75	0.0111115
6206.82	0.0110313
6204.89	0.0110481
6202.96	0.0111065
6201.04	0.0111089
6199.11	0.011109
6197.18	0.0112145
6195.25	0.0112306
6193.32	0.0111348
6191.4	0.0111066
6189.47	0.0111856
6187.54	0.0111888
6185.61	0.0112198
6183.68	0.0112692
6181.76	0.0112275
6179.83	0.0111732
6177.9	0.0111801
6175.97	0.0112199
6174.04	0.0112622
6172.12	0.0114149
6170.19	0.0115584
6168.26	0.0114948
6166.33	0.0114772
6164.4	0.0115658
6162.48	0.0116445
6160.55	0.0115475
6158.62	0.0114502
6156.69	0.0113698
6154.76	0.011487
6152.83	0.0116615
6150.91	0.0116555
6148.98	0.0116825
6147.05	0.0117644
6145.12	0.0117277
6143.19	0.0116403
6141.27	0.0117486
6139.34	0.0118971
6137.41	0.0119097
6135.48	0.0118966
6133.55	0.0119164
6131.63	0.0119297
6129.7	0.0119295
6127.77	0.0120536
6125.84	0.0120626
6123.91	0.0119868
6121.99	0.0119738
6120.06	0.0120106
6118.13	0.0121133
6116.2	0.0121622
6114.27	0.012078
6112.35	0.0120195
6110.42	0.0120425
6108.49	0.0120931
6106.56	0.0121077
6104.63	0.0121034
6102.71	0.0121158
6100.78	0.012103
6098.85	0.012007
6096.92	0.011937
6094.99	0.0118535
6093.07	0.0118942
6091.14	0.0119065
6089.21	0.011814
6087.28	0.0118069
6085.35	0.0118277
6083.43	0.0118788
6081.5	0.0119109
6079.57	0.0118952
6077.64	0.0117847
6075.71	0.0116855
6073.79	0.0115589
6071.86	0.0115056
6069.93	0.0115796
6068	0.0115717
6066.07	0.0116372
6064.15	0.0117421
6062.22	0.0118309
6060.29	0.0117361
6058.36	0.0116139
6056.43	0.0115972
6054.51	0.0116684
6052.58	0.0117744
6050.65	0.0117185
6048.72	0.0116486
6046.79	0.0116091
6044.87	0.0115988
6042.94	0.0116007
6041.01	0.0116279
6039.08	0.0116294
6037.15	0.0115672
6035.23	0.0116014
6033.3	0.0116129
6031.37	0.011617
6029.44	0.0116804
6027.51	0.0116417
6025.58	0.0115293
6023.66	0.0117434
6021.73	0.0118044
6019.8	0.0116148
6017.87	0.0115041
6015.94	0.011584
6014.02	0.0116987
6012.09	0.0117444
6010.16	0.011629
6008.23	0.0115969
6006.3	0.0115719
6004.38	0.0115368
6002.45	0.0116299
6000.52	0.0117154
5998.59	0.0116952
5996.66	0.0116127
5994.74	0.0115691
5992.81	0.0116272
5990.88	0.0116295
5988.95	0.0115193
5987.02	0.0114841
5985.1	0.0115217
5983.17	0.0115061
5981.24	0.0115172
5979.31	0.0115504
5977.38	0.0115765
5975.46	0.0116128
5973.53	0.0115237
5971.6	0.0114274
5969.67	0.0114752
5967.74	0.0115119
5965.82	0.0114835
5963.89	0.0115275
5961.96	0.0114953
5960.03	0.0114757
5958.1	0.0116748
5956.18	0.011684
5954.25	0.0114989
5952.32	0.0113956
5950.39	0.011403
5948.46	0.011524
5946.54	0.0115072
5944.61	0.0114347
5942.68	0.0114204
5940.75	0.0115491
5938.82	0.0115712
5936.9	0.0115324
5934.97	0.0115769
5933.04	0.0115165
5931.11	0.0115335
5929.18	0.0115699
5927.25	0.0114295
5925.33	0.0113311
5923.4	0.0113964
5921.47	0.011479
5919.54	0.0113764
5917.62	0.0113184
5915.69	0.0114164
5913.76	0.0115547
5911.83	0.0115484
5909.9	0.0115059
5907.97	0.0115183
5906.05	0.0115707
5904.12	0.0115889
5902.19	0.0115527
5900.26	0.0115444
5898.33	0.0114581
5896.41	0.0114153
5894.48	0.0114504
5892.55	0.0114552
5890.62	0.0114534
5888.69	0.0114546
5886.77	0.0114088
5884.84	0.0113854
5882.91	0.0113368
5880.98	0.0114029
5879.05	0.0115152
5877.13	0.011516
5875.2	0.0113663
5873.27	0.0113634
5871.34	0.0114356
5869.41	0.0113902
5867.49	0.0114673
5865.56	0.0115259
5863.63	0.011452
5861.7	0.0113307
5859.77	0.0113872
5857.85	0.0114083
5855.92	0.0113243
5853.99	0.0112694
5852.06	0.0111677
5850.13	0.0111895
5848.21	0.0112773
5846.28	0.0112619
5844.35	0.0111645
5842.42	0.0111889
5840.49	0.0113006
5838.57	0.0112828
5836.64	0.0111713
5834.71	0.0112403
5832.78	0.0113125
5830.85	0.0112796
5828.93	0.0112485
5827	0.0111649
5825.07	0.0111366
5823.14	0.0111681
5821.21	0.0111863
5819.29	0.0112146
5817.36	0.0112355
5815.43	0.0112375
5813.5	0.0111685
5811.57	0.0111455
5809.65	0.0111515
5807.72	0.0111378
5805.79	0.0110816
5803.86	0.0110926
5801.93	0.0111285
5800	0.0111068
5798.08	0.0110395
5796.15	0.0109903
5794.22	0.0110955
5792.29	0.01112
5790.36	0.0109702
5788.44	0.0109857
5786.51	0.0111559
5784.58	0.0110978
5782.65	0.0110626
5780.72	0.0111836
5778.8	0.0111245
5776.87	0.011015
5774.94	0.0110352
5773.01	0.0110368
5771.08	0.010902
5769.16	0.0108546
5767.23	0.0108578
5765.3	0.0108472
5763.37	0.0109055
5761.44	0.0109638
5759.52	0.0109616
5757.59	0.0109898
5755.66	0.011108
5753.73	0.0110642
5751.8	0.0108584
5749.88	0.0108591
5747.95	0.0109463
5746.02	0.0108987
5744.09	0.0108631
5742.16	0.0109337
5740.24	0.0109251
5738.31	0.0108987
5736.38	0.0108529
5734.45	0.0108551
5732.52	0.0108893
5730.6	0.0108285
5728.67	0.0108114
5726.74	0.0108324
5724.81	0.010842
5722.88	0.0108047
5720.96	0.0107341
5719.03	0.0106853
5717.1	0.0106481
5715.17	0.010728
5713.24	0.0107336
5711.32	0.0106379
5709.39	0.010635
5707.46	0.0107363
5705.53	0.010687
5703.6	0.0106176
5701.68	0.0106627
5699.75	0.0106353
5697.82	0.0105317
5695.89	0.0105096
5693.96	0.0106086
5692.03	0.010605
5690.11	0.0105303
5688.18	0.0104389
5686.25	0.0105139
5684.32	0.0105923
5682.4	0.0105962
5680.47	0.0105728
5678.54	0.0105277
5676.61	0.0106033
5674.68	0.010629
5672.75	0.0104687
5670.83	0.0104023
5668.9	0.0104169
5666.97	0.0103412
5665.04	0.0102186
5663.11	0.0102271
5661.19	0.010282
5659.26	0.0102922
5657.33	0.0102127
5655.4	0.010214
5653.47	0.0103215
5651.55	0.0103496
5649.62	0.0103503
5647.69	0.0102279
5645.76	0.0101776
5643.83	0.0102388
5641.91	0.0103725
5639.98	0.0103747
5638.05	0.0102612
5636.12	0.0101388
5634.19	0.0100943
5632.27	0.0101732
5630.34	0.0102208
5628.41	0.0102028
5626.48	0.0102383
5624.55	0.0102068
5622.63	0.0102403
5620.7	0.0102156
5618.77	0.0100729
5616.84	0.0100795
5614.91	0.0100479
5612.99	0.0100593
5611.06	0.0100776
5609.13	0.00998239
5607.2	0.00994422
5605.27	0.00991944
5603.35	0.00983419
5601.42	0.00985259
5599.49	0.00995503
5597.56	0.00991452
5595.63	0.00987262
5593.71	0.00994785
5591.78	0.00996002
5589.85	0.0099988
5587.92	0.00992974
5585.99	0.00985852
5584.07	0.00992567
5582.14	0.00996056
5580.21	0.00998775
5578.28	0.0100092
5576.35	0.00992398
5574.43	0.0098549
5572.5	0.00979769
5570.57	0.00971554
5568.64	0.0096942
5566.71	0.00972419
5564.79	0.00980572
5562.86	0.00985954
5560.93	0.00972856
5559	0.00963034
5557.07	0.00967418
5555.14	0.00975011
5553.22	0.00979704
5551.29	0.00975373
5549.36	0.00966008
5547.43	0.00964538
5545.5	0.00967899
5543.58	0.00964572
5541.65	0.00952801
5539.72	0.00941981
5537.79	0.00949529
5535.86	0.0095236
5533.94	0.00946634
5532.01	0.00949522
5530.08	0.00951757
5528.15	0.00949722
5526.22	0.00956387
5524.3	0.00951781
5522.37	0.00951978
5520.44	0.00952777
5518.51	0.00953519
5516.58	0.0095611
5514.66	0.00956425
5512.73	0.00953041
5510.8	0.00943471
5508.87	0.00950813
5506.94	0.0095443
5505.02	0.00948628
5503.09	0.0094104
5501.16	0.0093376
5499.23	0.00933933
5497.3	0.00940474
5495.38	0.00938321
5493.45	0.00935656
5491.52	0.0093483
5489.59	0.00930067
5487.66	0.00923443
5485.74	0.00917364
5483.81	0.00912986
5481.88	0.00914072
5479.95	0.00916427
5478.02	0.00921937
5476.1	0.00923825
5474.17	0.00926035
5472.24	0.00920339
5470.31	0.00907122
5468.38	0.00903549
5466.46	0.00906357
5464.53	0.00913419
5462.6	0.00907108
5460.67	0.00895437
5458.74	0.0089975
5456.82	0.00917896
5454.89	0.00922779
5452.96	0.00916593
5451.03	0.00905917
5449.1	0.00904243
5447.17	0.009002
5445.25	0.00893956
5443.32	0.00889339
5441.39	0.00889251
5439.46	0.00893881
5437.54	0.00894206
5435.61	0.00896442
5433.68	0.00893611
5431.75	0.00890279
5429.82	0.00889776
5427.89	0.00888419
5425.97	0.00881842
5424.04	0.00878251
5422.11	0.00882157
5420.18	0.00885944
5418.25	0.00891209
5416.33	0.00884091
5414.4	0.00882464
5412.47	0.00885196
5410.54	0.00882021
5408.61	0.00880135
5406.69	0.00869563
5404.76	0.00845102
5402.83	0.00849552
5400.9	0.00860382
5398.97	0.00862786
5397.05	0.00857898
5395.12	0.00858628
5393.19	0.00865483
5391.26	0.00856966
5389.33	0.0084867
5387.41	0.00843643
5385.48	0.00841633
5383.55	0.00847832
5381.62	0.00851826
5379.69	0.00852394
5377.77	0.00853657
5375.84	0.00847011
5373.91	0.008394
5371.98	0.00837934
5370.05	0.00835778
5368.13	0.00841085
5366.2	0.00841923
5364.27	0.00833519
5362.34	0.00828905
5360.41	0.00825997
5358.49	0.00823803
5356.56	0.00829415
5354.63	0.00833461
5352.7	0.008374
5350.77	0.00836353
5348.85	0.00831242
5346.92	0.00825558
5344.99	0.00815385
5343.06	0.00811333
5341.13	0.0081025
5339.21	0.00810027
5337.28	0.00813649
5335.35	0.00809946
5333.42	0.00803107
5331.49	0.00808879
5329.56	0.00815486
5327.64	0.00809359
5325.71	0.00797771
5323.78	0.00795422
5321.85	0.007974
5319.92	0.00793681
5318	0.00795375
5316.07	0.00791012
5314.14	0.00783501
5312.21	0.00779767
5310.28	0.00783481
5308.36	0.00782213
5306.43	0.00775722
5304.5	0.00783694
5302.57	0.0078836
5300.64	0.00782574
5298.72	0.00777814
5296.79	0.00787101
5294.86	0.0078724
5292.93	0.00775001
5291	0.00777648
5289.08	0.00784595
5287.15	0.00791214
5285.22	0.00789737
5283.29	0.00792446
5281.36	0.00791613
5279.44	0.00789126
5277.51	0.00799361
5275.58	0.00799098
5273.65	0.00788994
5271.72	0.00788009
5269.8	0.0080144
5267.87	0.00805402
5265.94	0.0079601
5264.01	0.00792433
5262.08	0.00790958
5260.16	0.00791926
5258.23	0.00787925
5256.3	0.00792261
5254.37	0.00796256
5252.44	0.00787257
5250.52	0.00774383
5248.59	0.00771166
5246.66	0.00777827
5244.73	0.00775166
5242.8	0.00774771
5240.88	0.00765301
5238.95	0.00758739
5237.02	0.00760418
5235.09	0.00765591
5233.16	0.00762856
5231.24	0.00757953
5229.31	0.00753348
5227.38	0.00748985
5225.45	0.00745432
5223.52	0.00741317
5221.6	0.00736915
5219.67	0.00725482
5217.74	0.00716578
5215.81	0.00711179
5213.88	0.00715921
5211.96	0.00714607
5210.03	0.00709902
5208.1	0.00705022
5206.17	0.00698941
5204.24	0.00695624
5202.31	0.0069081
5200.39	0.0069151
5198.46	0.00688662
5196.53	0.0069122
5194.6	0.00691395
5192.67	0.00680762
5190.75	0.00667439
5188.82	0.00656175
5186.89	0.00660508
5184.96	0.00665195
5183.03	0.00654537
5181.11	0.00643253
5179.18	0.00648943
5177.25	0.00650289
5175.32	0.00649122
5173.39	0.00650756
5171.47	0.00647904
5169.54	0.00642449
5167.61	0.00640465
5165.68	0.00636346
5163.75	0.00635368
5161.83	0.00631532
5159.9	0.00628278
5157.97	0.00631313
5156.04	0.00630446
5154.11	0.00631495
5152.19	0.00632631
5150.26	0.0062816
5148.33	0.00624361
5146.4	0.00623669
5144.47	0.00626936
5142.55	0.00627538
5140.62	0.00622819
5138.69	0.00609019
5136.76	0.00605985
5134.83	0.00603459
5132.91	0.00603408
5130.98	0.00610558
5129.05	0.00606483
5127.12	0.00601429
5125.19	0.00602736
5123.27	0.00596498
5121.34	0.00593713
5119.41	0.0060017
5117.48	0.00597257
5115.55	0.00587724
5113.62	0.00590331
5111.7	0.00592776
5109.77	0.00591567
5107.84	0.005827
5105.91	0.00579137
5103.99	0.0057807
5102.06	0.00578244
5100.13	0.00588588
5098.2	0.00590804
5096.27	0.00583184
5094.34	0.00587187
5092.42	0.00592154
5090.49	0.00581441
5088.56	0.00577566
5086.63	0.00594378
5084.71	0.00608586
5082.78	0.00611291
5080.85	0.00620933
5078.92	0.00641205
5076.99	0.00654066
5075.06	0.00678584
5073.14	0.00711653
5071.21	0.0073643
5069.28	0.00757552
5067.35	0.007848
5065.42	0.00810226
5063.5	0.00839386
5061.57	0.00875347
5059.64	0.00901502
5057.71	0.00925836
5055.78	0.00962319
5053.86	0.0100491
5051.93	0.0103744
5050	0.0107067
5048.07	0.0110959
5046.14	0.0115396
5044.22	0.0120101
5042.29	0.0124789
5040.36	0.0130038
5038.43	0.0135204
5036.5	0.0141289
5034.58	0.0146647
5032.65	0.0151298
5030.72	0.0157837
5028.79	0.016461
5026.86	0.0170565
5024.94	0.0176528
5023.01	0.0182108
5021.08	0.0189425
5019.15	0.019638
5017.22	0.0202521
5015.3	0.0209242
5013.37	0.021594
5011.44	0.022177
5009.51	0.0226883
5007.58	0.0233536
5005.66	0.0239517
5003.73	0.0243642
5001.8	0.0249092
4999.87	0.0256212
4997.94	0.02614
4996.02	0.0265857
4994.09	0.0270224
4992.16	0.0273192
4990.23	0.0275862
4988.3	0.0276997
4986.38	0.0277157
4984.45	0.0277445
4982.52	0.0276939
4980.59	0.0274173
4978.66	0.026973
4976.73	0.0263837
4974.81	0.0257508
4972.88	0.0252016
4970.95	0.0247157
4969.02	0.0240732
4967.09	0.0233606
4965.17	0.0226192
4963.24	0.0218045
4961.31	0.0209621
4959.38	0.0202026
4957.45	0.0194769
4955.53	0.0187907
4953.6	0.0180621
4951.67	0.017363
4949.74	0.0167443
4947.81	0.0160896
4945.89	0.0156001
4943.96	0.0151399
4942.03	0.0145367
4940.1	0.0140224
4938.17	0.0136851
4936.25	0.0132963
4934.32	0.012785
4932.39	0.0123311
4930.46	0.011975
4928.53	0.011625
4926.61	0.0112288
4924.68	0.0108524
4922.75	0.0105439
4920.82	0.0102394
4918.89	0.00993361
4916.97	0.00973001
4915.04	0.0095718
4913.11	0.00929843
4911.18	0.00893851
4909.25	0.00873089
4907.33	0.00861761
4905.4	0.00856016
4903.47	0.00833195
4901.54	0.00803762
4899.61	0.00786271
4897.69	0.0077667
4895.76	0.0076058
4893.83	0.00748827
4891.9	0.00730071
4889.97	0.00718848
4888.05	0.00720661
4886.12	0.00704376
4884.19	0.00682926
4882.26	0.00668001
4880.33	0.00657618
4878.41	0.00650373
4876.48	0.00643139
4874.55	0.00626728
4872.62	0.0060621
4870.69	0.00593149
4868.77	0.00589612
4866.84	0.00581992
4864.91	0.0057587
4862.98	0.00575346
4861.05	0.00557528
4859.12	0.00542226
4857.2	0.00527011
4855.27	0.00518791
4853.34	0.00505977
4851.41	0.00494715
4849.48	0.0048363
4847.56	0.00461774
4845.63	0.0045215
4843.7	0.00450724
4841.77	0.00449425
4839.84	0.0043951
4837.92	0.00424935
4835.99	0.00420914
4834.06	0.00421834
4832.13	0.00422449
4830.2	0.00411487
4828.28	0.0039307
4826.35	0.00385882
4824.42	0.00381443
4822.49	0.00384588
4820.56	0.00378144
4818.64	0.00368766
4816.71	0.00364536
4814.78	0.00365782
4812.85	0.00366935
4810.92	0.00362487
4809	0.00356424
4807.07	0.00351914
4805.14	0.00347288
4803.21	0.00339289
4801.28	0.00336477
4799.36	0.00334454
4797.43	0.00331055
4795.5	0.00322569
4793.57	0.0032353
4791.64	0.00322065
4789.72	0.00318773
4787.79	0.00315289
4785.86	0.00303232
4783.93	0.00293093
4782	0.003042
4780.08	0.00306722
4778.15	0.00303399
4776.22	0.00302348
4774.29	0.00302094
4772.36	0.0030065
4770.44	0.00301887
4768.51	0.00297954
4766.58	0.00292713
4764.65	0.00281633
4762.72	0.00279312
4760.79	0.00283557
4758.87	0.00284598
4756.94	0.00285048
4755.01	0.0027575
4753.08	0.00269262
4751.16	0.00268218
4749.23	0.00258224
4747.3	0.00253538
4745.37	0.00258644
4743.44	0.00264871
4741.51	0.00255158
4739.59	0.00250112
4737.66	0.00255381
4735.73	0.00258808
4733.8	0.00259594
4731.88	0.00244371
4729.95	0.00227427
4728.02	0.00225328
4726.09	0.00233429
4724.16	0.00236361
4722.23	0.00231437
4720.31	0.00225408
4718.38	0.00233819
4716.45	0.00242668
4714.52	0.00239379
4712.59	0.00227397
4710.67	0.00214209
4708.74	0.00203758
4706.81	0.00195673
4704.88	0.0018663
4702.95	0.00189928
4701.03	0.0019969
4699.1	0.00204643
4697.17	0.00201231
4695.24	0.00191928
4693.31	0.00188038
4691.39	0.00193942
4689.46	0.00196109
4687.53	0.0019524
4685.6	0.00187765
4683.67	0.00178808
4681.75	0.00178861
4679.82	0.00180664
4677.89	0.00178502
4675.96	0.00176672
4674.03	0.00177986
4672.11	0.00182288
4670.18	0.00183619
4668.25	0.0017757
4666.32	0.00171695
4664.39	0.00168102
4662.47	0.00164524
4660.54	0.00157629
4658.61	0.00155777
4656.68	0.00165175
4654.75	0.00170448
4652.83	0.00158853
4650.9	0.00153426
4648.97	0.00166486
4647.04	0.00159142
4645.11	0.00151022
4643.19	0.0015328
4641.26	0.0015721
4639.33	0.00150693
4637.4	0.00144117
4635.47	0.00147189
4633.54	0.00156492
4631.62	0.0015863
4629.69	0.0015738
4627.76	0.00151687
4625.83	0.00140497
4623.9	0.00140068
4621.98	0.00137721
4620.05	0.00135271
4618.12	0.00130382
4616.19	0.00135474
4614.26	0.00141584
4612.34	0.00146557
4610.41	0.00147624
4608.48	0.00142325
4606.55	0.00139795
4604.62	0.00138173
4602.7	0.00144605
4600.77	0.00151661
4598.84	0.00149975
4596.91	0.00142551
4594.98	0.00136834
4593.06	0.00138964
4591.13	0.00140035
4589.2	0.00142312
4587.27	0.00134085
4585.34	0.00125148
4583.42	0.00130449
4581.49	0.00133267
4579.56	0.00127714
4577.63	0.00138193
4575.7	0.00144193
4573.78	0.00142258
4571.85	0.00146314
4569.92	0.00149672
4567.99	0.00148711
4566.06	0.00155275
4564.14	0.001544
4562.21	0.00149183
4560.28	0.00160067
4558.35	0.00163652
4556.42	0.00155827
4554.5	0.00159887
4552.57	0.00167131
4550.64	0.00184564
4548.71	0.00195822
4546.78	0.00195273
4544.86	0.00203462
4542.93	0.00218198
4541	0.0023165
4539.07	0.00248293
4537.14	0.00274607
4535.22	0.00298621
4533.29	0.00317705
4531.36	0.00358866
4529.43	0.00409787
4527.5	0.00468046
4525.58	0.00547102
4523.65	0.00676531
4521.72	0.00855408
4519.79	0.0109486
4517.86	0.0138548
4515.94	0.0167455
4514.01	0.0191356
4512.08	0.0207442
4510.15	0.0218458
4508.22	0.0224337
4506.29	0.0227325
4504.37	0.0229064
4502.44	0.0229266
4500.51	0.023056
4498.58	0.0234245
4496.65	0.0239543
4494.73	0.0245531
4492.8	0.0252387
4490.87	0.0257807
4488.94	0.0261081
4487.01	0.0263492
4485.09	0.0265396
4483.16	0.0264048
4481.23	0.026061
4479.3	0.0256542
4477.37	0.0250451
4475.45	0.024169
4473.52	0.0233128
4471.59	0.0225369
4469.66	0.0216881
4467.73	0.0208536
4465.81	0.0199055
4463.88	0.0188913
4461.95	0.0178826
4460.02	0.0169226
4458.09	0.0158497
4456.17	0.0147389
4454.24	0.0137097
4452.31	0.0127897
4450.38	0.011881
4448.45	0.011089
4446.53	0.0103249
4444.6	0.00956872
4442.67	0.00898411
4440.74	0.00842578
4438.81	0.00799293
4436.89	0.00757906
4434.96	0.00717319
4433.03	0.00683158
4431.1	0.00646431
4429.17	0.00620798
4427.25	0.00607373
4425.32	0.00598883
4423.39	0.00586734
4421.46	0.00566534
4419.53	0.00558374
4417.61	0.00558035
4415.68	0.00547149
4413.75	0.00537879
4411.82	0.00536768
4409.89	0.00542398
4407.96	0.00549471
4406.04	0.00545313
4404.11	0.00545427
4402.18	0.00556021
4400.25	0.00556481
4398.33	0.005554
4396.4	0.0056072
4394.47	0.00569119
4392.54	0.00571438
4390.61	0.00577811
4388.68	0.00590247
4386.76	0.00597301
4384.83	0.00608159
4382.9	0.00607645
4380.97	0.0060618
4379.04	0.00608196
4377.12	0.00614366
4375.19	0.00632739
4373.26	0.00644592
4371.33	0.00648056
4369.4	0.00661342
4367.48	0.00676077
4365.55	0.00691062
4363.62	0.00700301
4361.69	0.00705749
4359.76	0.00729465
4357.84	0.00755515
4355.91	0.00760833
4353.98	0.00777918
4352.05	0.00806543
4350.12	0.00816988
4348.2	0.00814662
4346.27	0.008089
4344.34	0.00803445
4342.41	0.00803924
4340.48	0.00797535
4338.56	0.00780391
4336.63	0.00765338
4334.7	0.00742048
4332.77	0.00711539
4330.84	0.00687447
4328.92	0.00654224
4326.99	0.00621289
4325.06	0.00602125
4323.13	0.00568038
4321.2	0.00530546
4319.28	0.00506061
4317.35	0.00482528
4315.42	0.00450449
4313.49	0.00418649
4311.56	0.00396186
4309.64	0.00382539
4307.71	0.0036222
4305.78	0.00342969
4303.85	0.00326531
4301.92	0.00305811
4300	0.0028353
4298.07	0.00272893
4296.14	0.00271749
4294.21	0.00257728
4292.28	0.00231267
4290.35	0.00213316
4288.43	0.00215051
4286.5	0.00217555
4284.57	0.00203355
4282.64	0.0018481
4280.71	0.00179753
4278.79	0.00186381
4276.86	0.00184464
4274.93	0.00166539
4273	0.00149779
4271.07	0.00142957
4269.15	0.00138093
4267.22	0.00133576
4265.29	0.00126066
4263.36	0.00127242
4261.43	0.00127621
4259.51	0.00125109
4257.58	0.00128079
4255.65	0.00130562
4253.72	0.00125693
4251.79	0.00114932
4249.87	0.00106371
4247.94	0.00102545
4246.01	0.00104611
4244.08	0.00100658
4242.15	0.00092921
4240.23	0.00101226
4238.3	0.00101691
4236.37	0.000864997
4234.44	0.000921573
4232.51	0.00102684
4230.59	0.00103013
4228.66	0.000957867
4226.73	0.000948569
4224.8	0.000933759
4222.87	0.00088671
4220.95	0.000865495
4219.02	0.000946843
4217.09	0.00109922
4215.16	0.00105823
4213.23	0.000962715
4211.31	0.00101615
4209.38	0.000999611
4207.45	0.000970785
4205.52	0.00100632
4203.59	0.000935254
4201.67	0.000932963
4199.74	0.000923698
4197.81	0.000901087
4195.88	0.000877646
4193.95	0.000916227
4192.03	0.00097839
4190.1	0.000953052
4188.17	0.000882394
4186.24	0.000787481
4184.31	0.000784394
4182.39	0.000802983
4180.46	0.000850621
4178.53	0.000920544
4176.6	0.000940666
4174.67	0.000911546
4172.75	0.000904739
4170.82	0.000916061
4168.89	0.000918684
4166.96	0.000942526
4165.03	0.000932398
4163.1	0.000866989
4161.18	0.000890263
4159.25	0.000877347
4157.32	0.000926654
4155.39	0.00101861
4153.46	0.000993002
4151.54	0.000915663
4149.61	0.000871902
4147.68	0.000880966
4145.75	0.000856165
4143.82	0.000921108
4141.9	0.000928081
4139.97	0.000884319
4138.04	0.000853642
4136.11	0.000823366
4134.18	0.000819116
4132.26	0.00086835
4130.33	0.000860747
4128.4	0.000834288
4126.47	0.000866922
4124.54	0.000891225
4122.62	0.000855037
4120.69	0.000982308
4118.76	0.00105916
4116.83	0.00106308
4114.9	0.00105534
4112.98	0.000970121
4111.05	0.000993201
4109.12	0.000904274
4107.19	0.000741974
4105.26	0.000854871
4103.34	0.00092403
4101.41	0.000891491
4099.48	0.000976364
4097.55	0.00104146
4095.62	0.000938275
4093.7	0.000829839
4091.77	0.000801589
4089.84	0.000767632
4087.91	0.000815067
4085.98	0.000930439
4084.06	0.00101967
4082.13	0.000942327
4080.2	0.000906233
4078.27	0.000975999
4076.34	0.00098098
4074.42	0.000906764
4072.49	0.000833491
4070.56	0.000774237
4068.63	0.000755815
4066.7	0.000797904
4064.78	0.000927583
4062.85	0.00089604
4060.92	0.00087406
4058.99	0.000959694
4057.06	0.00100735
4055.14	0.000965438
4053.21	0.000987522
4051.28	0.00101366
4049.35	0.00101645
4047.42	0.00105288
4045.5	0.000944784
4043.57	0.000864067
4041.64	0.000930373
4039.71	0.000981578
4037.78	0.000951392
4035.85	0.000977792
4033.93	0.00100725
4032	0.000992105
4030.07	0.00100775
4028.14	0.00102598
4026.21	0.00110948
4024.29	0.00103993
4022.36	0.000914932
4020.43	0.000898862
4018.5	0.000968328
4016.57	0.00107118
4014.65	0.00121387
4012.72	0.00110998
4010.79	0.00100552
4008.86	0.00110091
4006.93	0.00111125
4005.01	0.0011052
4003.08	0.00108241
4001.15	0.000979917
3999.22	0.00100908
3997.29	0.00108985
3995.37	0.00109759
3993.44	0.00100658
3991.51	0.00101851
3989.58	0.00110161
3987.65	0.00110228
3985.73	0.00107258
3983.8	0.00106527
3981.87	0.00109869
3979.94	0.00107567
3978.01	0.00102445
3976.09	0.00110899
3974.16	0.00117304
3972.23	0.00116058
3970.3	0.00119865
3968.37	0.00119221
3966.45	0.001124
3964.52	0.00108942
3962.59	0.00121683
3960.66	0.00133197
3958.73	0.00130941
3956.81	0.00126524
3954.88	0.00126481
3952.95	0.00124703
3951.02	0.00132114
3949.09	0.00141863
3947.17	0.0012786
3945.24	0.00127598
3943.31	0.00137798
3941.38	0.00142574
3939.45	0.0014407
3937.53	0.00145762
3935.6	0.00149376
3933.67	0.00162591
3931.74	0.00161134
3929.81	0.00155837
3927.88	0.0016774
3925.96	0.00176116
3924.03	0.00174885
3922.1	0.00172889
3920.17	0.00182361
3918.24	0.00182837
3916.32	0.00175827
3914.39	0.00169892
3912.46	0.00175331
3910.53	0.00187396
3908.6	0.00200679
3906.68	0.00206161
3904.75	0.00209011
3902.82	0.00213396
3900.89	0.00218714
3898.96	0.00220912
3897.04	0.00222091
3895.11	0.00226851
3893.18	0.00250382
3891.25	0.00257544
3889.32	0.00251835
3887.4	0.00262204
3885.47	0.00281102
3883.54	0.00294291
3881.61	0.00310143
3879.68	0.00305224
3877.76	0.00293834
3875.83	0.00308507
3873.9	0.00328277
3871.97	0.00334848
3870.04	0.00335075
3868.12	0.00342004
3866.19	0.00345013
3864.26	0.00347678
3862.33	0.00355288
3860.4	0.00355288
3858.48	0.00359146
3856.55	0.0036757
3854.62	0.00372622
3852.69	0.00378688
3850.76	0.00385073
3848.84	0.0039619
3846.91	0.00390699
3844.98	0.00389736
3843.05	0.00399179
3841.12	0.00405038
3839.2	0.00406864
3837.27	0.004086
3835.34	0.00411975
3833.41	0.00411935
3831.48	0.00410781
3829.56	0.00414377
3827.63	0.00428338
3825.7	0.00435614
3823.77	0.00437193
3821.84	0.00447423
3819.92	0.00457481
3817.99	0.00462122
3816.06	0.00474561
3814.13	0.004817
3812.2	0.00476558
3810.27	0.0048352
3808.35	0.00491324
3806.42	0.00487637
3804.49	0.00494413
3802.56	0.00512987
3800.64	0.00525082
3798.71	0.00531653
3796.78	0.00532635
3794.85	0.0054995
3792.92	0.00576874
3790.99	0.0058896
3789.07	0.00585692
3787.14	0.00590777
3785.21	0.00610777
3783.28	0.0061779
3781.35	0.00612551
3779.43	0.00618479
3777.5	0.00627699
3775.57	0.00641151
3773.64	0.00650349
3771.71	0.0064555
3769.79	0.006478
3767.86	0.00667355
3765.93	0.00676484
3764	0.00673671
3762.07	0.00675596
3760.15	0.0068674
3758.22	0.00692685
3756.29	0.00695678
3754.36	0.00703055
3752.43	0.00706517
3750.51	0.00717292
3748.58	0.00736986
3746.65	0.00748746
3744.72	0.00751611
3742.79	0.00747758
3740.87	0.00754093
3738.94	0.0076289
3737.01	0.00768525
3735.08	0.00783147
3733.15	0.00785917
3731.23	0.00789419
3729.3	0.00791549
3727.37	0.00793067
3725.44	0.00806732
3723.51	0.00821574
3721.59	0.00830824
3719.66	0.00827521
3717.73	0.00822195
3715.8	0.0082334
3713.87	0.00825332
3711.95	0.00821432
3710.02	0.00817022
3708.09	0.00820652
3706.16	0.008215
3704.23	0.0082051
3702.31	0.00825288
3700.38	0.00825754
3698.45	0.00827443
3696.52	0.00826092
3694.59	0.00822519
3692.67	0.00816259
3690.74	0.00806317
3688.81	0.00797565
3686.88	0.00794221
3684.95	0.00794154
3683.02	0.00800552
3681.1	0.00799749
3679.17	0.00787712
3677.24	0.00774046
3675.31	0.00768933
3673.38	0.00767651
3671.46	0.00764967
3669.53	0.00763247
3667.6	0.00767894
3665.67	0.00769088
3663.74	0.00764097
3661.82	0.007713
3659.89	0.00776552
3657.96	0.00764603
3656.03	0.00761338
3654.1	0.00775813
3652.18	0.00784251
3650.25	0.007817
3648.32	0.0078004
3646.39	0.00785202
3644.46	0.00799077
3642.54	0.00811428
3640.61	0.00811782
3638.68	0.00811067
3636.75	0.00809075
3634.82	0.00813315
3632.9	0.00827527
3630.97	0.00833103
3629.04	0.00820878
3627.11	0.00825795
3625.18	0.008452
3623.26	0.00844589
3621.33	0.00833407
3619.4	0.00815773
3617.47	0.00809825
3615.54	0.00824633
3613.62	0.00827602
3611.69	0.00813626
3609.76	0.00800583
3607.83	0.00794795
3605.9	0.0079273
3603.98	0.0079441
3602.05	0.00798446
3600.12	0.00798183
3598.19	0.00806608
3596.26	0.00808734
3594.34	0.00795959
3592.41	0.00795146
3590.48	0.00797721
3588.55	0.00789443
3586.62	0.0078501
3584.7	0.00796982
3582.77	0.00802277
3580.84	0.00810945
3578.91	0.0083055
3576.98	0.00851235
3575.05	0.00863039
3573.13	0.00881558
3571.2	0.00910651
3569.27	0.0096858
3567.34	0.0103262
3565.42	0.0109272
3563.49	0.011727
3561.56	0.0127601
3559.63	0.0138671
3557.7	0.0150022
3555.77	0.0161884
3553.85	0.0173476
3551.92	0.0186222
3549.99	0.0198299
3548.06	0.020948
3546.13	0.0219149
3544.21	0.0228011
3542.28	0.0236025
3540.35	0.0241042
3538.42	0.024381
3536.49	0.0245002
3534.57	0.024676
3532.64	0.0246255
3530.71	0.0244853
3528.78	0.0245691
3526.85	0.0247433
3524.93	0.0250608
3523	0.0257577
3521.07	0.0265452
3519.14	0.0274376
3517.21	0.0284761
3515.29	0.0295973
3513.36	0.0304396
3511.43	0.0308943
3509.5	0.0311339
3507.57	0.0311066
3505.65	0.0309783
3503.72	0.030958
3501.79	0.0311276
3499.86	0.0312481
3497.93	0.0312385
3496.01	0.0312758
3494.08	0.0312422
3492.15	0.0312616
3490.22	0.031501
3488.29	0.0316121
3486.37	0.0315913
3484.44	0.0316007
3482.51	0.03159
3480.58	0.0314451
3478.65	0.0312596
3476.73	0.0310676
3474.8	0.0308648
3472.87	0.0307083
3470.94	0.0304541
3469.01	0.0301906
3467.09	0.0297588
3465.16	0.0293667
3463.23	0.0290293
3461.3	0.0286959
3459.37	0.0282073
3457.44	0.0277193
3455.52	0.0273293
3453.59	0.0269165
3451.66	0.0264787
3449.73	0.0259658
3447.81	0.0254299
3445.88	0.0250225
3443.95	0.0244408
3442.02	0.0236953
3440.09	0.0230661
3438.16	0.0224141
3436.24	0.0218631
3434.31	0.0215104
3432.38	0.0212278
3430.45	0.0208789
3428.52	0.0202693
3426.6	0.0198116
3424.67	0.0196778
3422.74	0.0195089
3420.81	0.0194279
3418.88	0.0194121
3416.96	0.0196452
3415.03	0.02031
3413.1	0.0211444
3411.17	0.0222526
3409.24	0.0236849
3407.32	0.0254938
3405.39	0.0277592
3403.46	0.0310518
3401.53	0.0355683
3399.6	0.0415145
3397.68	0.0488547
3395.75	0.0581317
3393.82	0.0713253
3391.89	0.0915212
3389.96	0.125096
3388.04	0.181616
3386.11	0.268054
3384.18	0.375889
3382.25	0.475133
3380.32	0.537017
3378.4	0.55471
3376.47	0.551061
3374.54	0.544107
3372.61	0.532311
3370.68	0.523756
3368.76	0.528642
3366.83	0.544033
3364.9	0.558578
3362.97	0.561281
3361.04	0.550824
3359.12	0.534135
3357.19	0.517151
3355.26	0.500593
3353.33	0.482646
3351.4	0.46203
3349.48	0.440208
3347.55	0.418813
3345.62	0.399135
3343.69	0.381415
3341.76	0.365722
3339.83	0.352456
3337.91	0.341141
3335.98	0.331213
3334.05	0.322575
3332.12	0.314869
3330.19	0.308171
3328.27	0.302405
3326.34	0.297191
3324.41	0.292499
3322.48	0.288207
3320.55	0.284267
3318.63	0.280907
3316.7	0.277533
3314.77	0.274383
3312.84	0.271416
3310.91	0.268405
3308.99	0.265441
3307.06	0.262519
3305.13	0.259545
3303.2	0.256559
3301.27	0.253691
3299.35	0.250769
3297.42	0.247726
3295.49	0.244488
3293.56	0.241415
3291.63	0.238116
3289.71	0.234457
3287.78	0.230765
3285.85	0.226753
3283.92	0.222366
3281.99	0.217717
3280.07	0.212674
3278.14	0.207538
3276.21	0.202511
3274.28	0.197668
3272.35	0.192815
3270.43	0.188053
3268.5	0.183784
3266.57	0.179769
3264.64	0.176036
3262.71	0.172738
3260.79	0.169909
3258.86	0.167555
3256.93	0.165504
3255	0.163639
3253.07	0.162571
3251.15	0.162027
3249.22	0.161724
3247.29	0.161917
3245.36	0.162499
3243.43	0.16369
3241.51	0.165251
3239.58	0.167084
3237.65	0.169471
3235.72	0.172416
3233.79	0.175852
3231.87	0.179727
3229.94	0.184096
3228.01	0.188895
3226.08	0.194011
3224.15	0.199501
3222.22	0.205203
3220.3	0.210889
3218.37	0.21632
3216.44	0.221742
3214.51	0.226893
3212.58	0.231223
3210.66	0.234347
3208.73	0.236094
3206.8	0.23641
3204.87	0.234878
3202.94	0.2314
3201.02	0.2259
3199.09	0.218441
3197.16	0.209428
3195.23	0.198814
3193.3	0.187128
3191.38	0.175223
3189.45	0.163108
3187.52	0.150897
3185.59	0.139172
3183.66	0.12809
3181.74	0.117902
3179.81	0.108479
3177.88	0.0998886
3175.95	0.0920427
3174.02	0.0848408
3172.1	0.0784339
3170.17	0.0727208
3168.24	0.0673294
3166.31	0.0626405
3164.38	0.0585681
3162.46	0.0546033
3160.53	0.0509581
3158.6	0.0477813
3156.67	0.0451529
3154.74	0.0427608
3152.82	0.0404029
3150.89	0.0380891
3148.96	0.0359377
3147.03	0.034028
3145.1	0.0322314
3143.18	0.0306277
3141.25	0.029224
3139.32	0.0279049
3137.39	0.0267487
3135.46	0.0258013
3133.54	0.0248236
3131.61	0.0237486
3129.68	0.0228393
3127.75	0.021922
3125.82	0.0211277
3123.9	0.0201819
3121.97	0.0193559
3120.04	0.0188511
3118.11	0.0184046
3116.18	0.0178551
3114.26	0.0171684
3112.33	0.0165093
3110.4	0.0158217
3108.47	0.0153346
3106.54	0.0148468
3104.61	0.0144015
3102.69	0.0139438
3100.76	0.0135293
3098.83	0.0130989
3096.9	0.0128121
3094.98	0.012584
3093.05	0.0121814
3091.12	0.0116981
3089.19	0.0112373
3087.26	0.0108594
3085.33	0.0105989
3083.41	0.0103
3081.48	0.00999931
3079.55	0.00972059
3077.62	0.00951466
3075.69	0.00932372
3073.77	0.00913669
3071.84	0.0089835
3069.91	0.00874437
3067.98	0.00857439
3066.05	0.00844815
3064.13	0.0080921
3062.2	0.00775837
3060.27	0.00766542
3058.34	0.00752764
3056.41	0.00732699
3054.49	0.00731806
3052.56	0.00718198
3050.63	0.00702934
3048.7	0.00710043
3046.77	0.00723268
3044.85	0.00712344
3042.92	0.00677174
3040.99	0.00647538
3039.06	0.00637227
3037.13	0.00645836
3035.21	0.00650998
3033.28	0.00623524
3031.35	0.00589921
3029.42	0.00589944
3027.49	0.00591157
3025.57	0.00576646
3023.64	0.00566473
3021.71	0.00556817
3019.78	0.00543562
3017.85	0.00552424
3015.93	0.00551823
3014	0.00553148
3012.07	0.00534266
3010.14	0.00513591
3008.21	0.0051413
3006.29	0.00508981
3004.36	0.00484133
3002.43	0.00471892
3000.5	0.00482762
2998.57	0.00495057
2996.65	0.00490848
2994.72	0.00474072
2992.79	0.00468961
2990.86	0.00471764
2988.93	0.00459674
2987	0.00452009
2985.08	0.00458763
2983.15	0.00460511
2981.22	0.00453519
2979.29	0.00440022
2977.36	0.00424621
2975.44	0.00419997
2973.51	0.00435336
2971.58	0.00427037
2969.65	0.0041336
2967.72	0.00420161
2965.8	0.00416481
2963.87	0.00403155
2961.94	0.00392615
2960.01	0.00374073
2958.08	0.0034987
2956.16	0.00338905
2954.23	0.00342395
2952.3	0.00360526
2950.37	0.00354245
2948.44	0.0032984
2946.52	0.00324348
2944.59	0.00330053
2942.66	0.00326655
2940.73	0.003255
2938.8	0.00330257
2936.88	0.00312959
2934.95	0.00305951
2933.02	0.00318096
2931.09	0.00303679
2929.16	0.00284678
2927.24	0.00296362
2925.31	0.00303185
2923.38	0.00287739
2921.45	0.00294214
2919.52	0.00289854
2917.6	0.00273153
2915.67	0.00273413
2913.74	0.00277994
2911.81	0.00287076
2909.88	0.00284027
2907.96	0.00279585
2906.03	0.00273656
2904.1	0.00262968
2902.17	0.00250165
2900.24	0.00251568
2898.32	0.00243398
2896.39	0.00237987
2894.46	0.00236184
2892.53	0.00220316
2890.6	0.00219434
2888.68	0.00233073
2886.75	0.00258854
2884.82	0.00250049
2882.89	0.00248792
2880.96	0.00254318
2879.04	0.00241298
2877.11	0.00240992
2875.18	0.00248892
2873.25	0.00255211
2871.32	0.00242321
2869.39	0.00233483
2867.47	0.00229152
2865.54	0.00212211
2863.61	0.00211036
2861.68	0.00218841
2859.75	0.00230101
2857.83	0.00221125
2855.9	0.00199767
2853.97	0.0018658
2852.04	0.00202819
2850.11	0.00210743
2848.19	0.00216909
2846.26	0.00212547
2844.33	0.00194761
2842.4	0.00198472
2840.47	0.00222621
2838.55	0.00220896
2836.62	0.00220626
2834.69	0.00216766
2832.76	0.00199906
2830.83	0.00202213
2828.91	0.00205985
2826.98	0.00198122
2825.05	0.00194684
2823.12	0.00194198
2821.19	0.00192477
2819.27	0.00204993
2817.34	0.00222231
2815.41	0.00212571
2813.48	0.0020974
2811.55	0.00231021
2809.63	0.0023755
2807.7	0.00229072
2805.77	0.00210623
2803.84	0.0020253
2801.91	0.002164
2799.99	0.00262811
2798.06	0.00253495
2796.13	0.0022743
2794.2	0.0023726
2792.27	0.00241308
2790.35	0.00233836
2788.42	0.00243724
2786.49	0.00273773
2784.56	0.00272949
2782.63	0.00247836
2780.71	0.00240752
2778.78	0.00243024
2776.85	0.00241782
2774.92	0.00237147
2772.99	0.00245643
2771.06	0.00252915
2769.14	0.00240066
2767.21	0.00230151
2765.28	0.00234255
2763.35	0.00238147
2761.43	0.00230298
2759.5	0.00218295
2757.57	0.00218641
2755.64	0.00214309
2753.71	0.00200269
2751.78	0.00196315
2749.86	0.00201937
2747.93	0.00200099
2746	0.00196631
2744.07	0.0017921
2742.15	0.00176066
2740.22	0.00184231
2738.29	0.00164341
2736.36	0.00137173
2734.43	0.00136102
2732.5	0.00138017
2730.58	0.00123381
2728.65	0.00109002
2726.72	0.00105527
2724.79	0.00111982
2722.86	0.0010386
2720.94	0.000864001
2719.01	0.00073995
2717.08	0.000881265
2715.15	0.00100768
2713.22	0.000958233
2711.3	0.000894612
2709.37	0.00104624
2707.44	0.00110948
2705.51	0.000920976
2703.58	0.000625823
2701.66	0.00061547
2699.73	0.000748248
2697.8	0.000925359
2695.87	0.000934291
2693.94	0.000708984
2692.02	0.000489666
2690.09	0.00047517
2688.16	0.000715224
2686.23	0.000829474
2684.3	0.000741709
2682.38	0.000724151
2680.45	0.000635976
2678.52	0.000764943
2676.59	0.000793025
2674.66	0.000728632
2672.74	0.000560692
2670.81	0.000477293
2668.88	0.000575787
2666.95	0.000348511
2665.02	0.000148002
2663.1	0.000166166
2661.17	0.000345759
2659.24	0.000572469
2657.31	0.000194507
2655.38	-4.80417e-05
2653.46	0.000209789
2651.53	0.000292606
2649.6	1.54076e-05
2647.67	-5.42039e-05
2645.74	5.47409e-05
2643.81	3.5256e-05
2641.89	0.000361577
2639.96	0.000372852
2638.03	0.000461471
2636.1	0.000351529
2634.17	0.000200109
2632.25	0.000157813
2630.32	0.000357398
2628.39	0.000315319
2626.46	-9.54487e-05
2624.53	-0.000177893
2622.61	7.16086e-05
2620.68	4.65227e-05
2618.75	0.000140246
2616.82	0.000105246
2614.89	-2.39221e-05
2612.97	4.98696e-05
2611.04	-4.1018e-05
2609.11	-5.89083e-05
2607.18	7.70766e-05
2605.25	3.77413e-05
2603.33	-0.000242275
2601.4	-0.00029221
2599.47	-0.000202269
2597.54	-0.000209423
2595.61	-9.61775e-05
2593.69	-6.25857e-05
2591.76	-8.2529e-05
2589.83	-0.000117875
2587.9	-2.71691e-05
2585.97	-6.64618e-05
2584.05	-0.000225352
2582.12	-0.000291316
2580.19	-0.000371936
2578.26	-0.000330386
2576.33	-0.000492523
2574.41	-0.000715172
2572.48	-0.000733663
2570.55	-0.000351145
2568.62	-0.000168222
2566.69	-0.0001086
2564.77	-2.05431e-06
2562.84	-0.000101411
2560.91	-0.000231611
2558.98	-0.000304163
2557.05	-0.000297574
2555.13	1.0603e-05
2553.2	-7.19003e-06
2551.27	-0.000244725
2549.34	-0.000447278
2547.41	-0.00038637
2545.49	-0.000209257
2543.56	-0.000118968
2541.63	-0.000228002
2539.7	-0.000487062
2537.77	-0.000431423
2535.85	-0.000184981
2533.92	-5.73512e-05
2531.99	-9.95895e-05
2530.06	-0.000340981
2528.13	-0.000559969
2526.21	-0.000583694
2524.28	-0.000557685
2522.35	-0.000673589
2520.42	-0.000678916
2518.49	-0.000636337
2516.56	-0.00069893
2514.64	-0.00052542
2512.71	-0.000507913
2510.78	-0.00044698
2508.85	-0.000482727
2506.92	-0.000564668
2505	-0.000725295
2503.07	-0.000715867
2501.14	-0.000485407
2499.21	-0.000473923
2497.28	-0.000544184
2495.36	-0.000589684
2493.43	-0.000578334
2491.5	-0.000197997
2489.57	-3.56176e-05
2487.64	-0.000343895
2485.72	-0.000788636
2483.79	-0.000821245
2481.86	-0.000710806
2479.93	-0.000518139
2478	-0.000460981
2476.08	-0.000575521
2474.15	-0.000508674
2472.22	-0.000529755
2470.29	-0.000524228
2468.36	-0.000384946
2466.44	-0.000179715
2464.51	-0.000332505
2462.58	-0.000656022
2460.65	-0.000757711
2458.72	-0.000711732
2456.8	-0.00043566
2454.87	-0.00040653
2452.94	-0.000714345
2451.01	-0.00059372
2449.08	-0.000532105
2447.16	-0.000723475
2445.23	-0.000732539
2443.3	-0.000755825
2441.37	-0.000958801
2439.44	-0.000839765
2437.52	-0.000593787
2435.59	-0.000634815
2433.66	-0.000847801
2431.73	-0.000816748
2429.8	-0.000547658
2427.88	-0.000601959
2425.95	-0.000517047
2424.02	-0.000356343
2422.09	-0.000353926
2420.16	-0.000419572
2418.24	-0.000446781
2416.31	-0.000461213
2414.38	-0.000177132
2412.45	-0.000274826
2410.52	-0.000490008
2408.6	-0.000620753
2406.67	-0.000787346
2404.74	-0.000944122
2402.81	-0.000631672
2400.88	-0.000388124
2398.95	-0.000525387
2397.03	-0.00043374
2395.1	-0.00022469
2393.17	-0.000299594
2391.24	-0.000534123
2389.31	-0.000547625
2387.39	-0.000227538
2385.46	-0.00033767
2383.53	-0.000619992
2381.6	-0.000630447
2379.67	-0.000523203
2377.75	-0.000396533
2375.82	-0.000398155
2373.89	-5.15535e-05
2371.96	-2.48498e-05
2370.03	-0.000591967
2368.11	-0.000620753
2366.18	-0.000304925
2364.25	-0.000237307
2362.32	-0.000413051
2360.39	-0.00035919
2358.47	-0.000546169
2356.54	-0.000867609
2354.61	-0.000983364
2352.68	-0.000713452
2350.75	-0.000157358
2348.83	-0.000253335
2346.9	-0.000547758
2344.97	-0.00052777
2343.04	-0.000258071
2341.11	-4.77128e-06
2339.19	-9.46205e-05
2337.26	-0.000406696
2335.33	-0.000387694
2333.4	-0.000602456
2331.47	-0.000337935
2329.55	-0.000149839
2327.62	-0.00031797
2325.69	-0.000557321
2323.76	-0.00016905
2321.83	0.000149792
2319.91	6.2197e-05
2317.98	-0.000593522
2316.05	-0.00069721
2314.12	-9.67406e-05
2312.19	-6.0101e-05
2310.27	9.41017e-06
2308.34	0.000297049
2306.41	-0.000415898
2304.48	-0.00096862
2302.55	-0.0004012
2300.63	0.000289754
2298.7	0.000529971
2296.77	0.000534284
2294.84	-4.28071e-05
2292.91	-4.9632e-05
2290.98	0.000512057
2289.06	0.000513815
2287.13	0.000169779
2285.2	-0.000247341
2283.27	-0.00024254
2281.35	-4.97645e-05
2279.42	0.00029549
2277.49	0.000627117
2275.56	0.000499617
2273.63	0.000232398
2271.7	0.000704006
2269.78	0.00129279
2267.85	0.00100851
2265.92	0.000381839
2263.99	0.000329312
2262.06	1.24586e-05
2260.14	0.000456794
2258.21	0.000315319
2256.28	7.79714e-05
2254.35	5.96417e-06
2252.42	0.000129242
2250.5	0.000261042
2248.57	0.000559398
2246.64	0.000704869
2244.71	0.000819681
2242.78	0.000215458
2240.86	-0.000304064
2238.93	0.000261374
2237	0.000398918
2235.07	9.94466e-05
2233.14	-2.95546e-05
2231.22	0.000757375
2229.29	0.000936383
2227.36	0.000303647
2225.43	0.000204286
2223.5	0.000920444
2221.58	0.000804411
2219.65	0.000669923
2217.72	0.000211347
2215.79	-8.28272e-05
2213.86	0.000551867
2211.94	0.00100605
2210.01	0.000548317
2208.08	0.00032384
2206.15	0.000594301
2204.22	0.000475966
2202.3	0.000163614
2200.37	0.000607573
2198.44	0.00110145
2196.51	0.00136677
2194.58	0.00165864
2192.66	0.00180914
2190.73	0.00165139
2188.8	0.00151022
2186.87	0.000834985
2184.94	0.000840927
2183.02	0.00159857
2181.09	0.00178914
2179.16	0.00142086
2177.23	0.00148319
2175.3	0.0016155
2173.38	0.000868981
2171.45	0.00116593
2169.52	0.00145078
2167.59	0.00143881
2165.66	0.0016457
2163.73	0.00143442
2161.81	0.00143236
2159.88	0.00211179
2157.95	0.00245397
2156.02	0.00277358
2154.09	0.00271932
2152.17	0.00231734
2150.24	0.00243751
2148.31	0.00274803
2146.38	0.00332324
2144.45	0.00416892
2142.53	0.0044445
2140.6	0.00369768
2138.67	0.00326434
2136.74	0.00331623
2134.81	0.00368542
2132.89	0.00435302
2130.96	0.00591872
2129.03	0.00674536
2127.1	0.00620953
2125.17	0.00613512
2123.25	0.00692951
2121.32	0.00766626
2119.39	0.00722167
2117.46	0.00630422
2115.53	0.00600761
2113.61	0.00644696
2111.68	0.00584292
2109.75	0.00570784
2107.82	0.00461134
2105.89	0.00269969
2103.97	0.00284944
2102.04	0.00342669
2100.11	0.00355973
2098.18	0.00399751
2096.25	0.00468063
2094.33	0.00422359
2092.4	0.00329579
2090.47	0.00361903
2088.54	0.00265021
2086.61	0.00213926
2084.69	0.00382967
2082.76	0.00345828
2080.83	0.00111227
2078.9	0.000125397
2076.97	0.000893218
2075.05	0.00116855
2073.12	0.00159971
2071.19	0.00403483
2069.26	0.00505793
2067.33	0.00366514
2065.41	0.0013121
2063.48	0.00267765
2061.55	0.0032098
2059.62	0.00154494
2057.69	0.00084282
2055.77	0.000199248
2053.84	0.0031372
2051.91	0.00562267
2049.98	0.0053765
2048.05	0.00336544
2046.12	0.00240809
2044.2	0.00278748
2042.27	0.00335519
2040.34	0.00413795
2038.41	0.00491019
2036.48	0.00372278
2034.56	0.00244014
2032.63	0.000549544
2030.7	0.000882161
2028.77	0.000993467
2026.84	-0.00019644
2024.92	0.00206867
2022.99	0.0036368
2021.06	0.00259951
2019.13	0.00249306
2017.2	0.00430718
2015.28	0.0058797
2013.35	0.0061657
2011.42	0.00537768
2009.49	0.00377739
2007.56	0.00290972
2005.64	0.0033392
2003.71	0.00336427
2001.78	0.00358632
