mAHt0144.spa, Thu Nov 09 23:02:41 2006 (GMT-10:00)
7999.41	-0.0231955
7997.48	-0.0255732
7995.55	-0.0268499
7993.62	-0.028176
7991.7	-0.02742
7989.77	-0.0263036
7987.84	-0.0261691
7985.91	-0.0266887
7983.98	-0.0255358
7982.06	-0.0265777
7980.13	-0.0294519
7978.2	-0.030983
7976.27	-0.0296794
7974.34	-0.0267472
7972.42	-0.02525
7970.49	-0.0272837
7968.56	-0.0296884
7966.63	-0.0296559
7964.7	-0.0287856
7962.78	-0.0294519
7960.85	-0.0311313
7958.92	-0.0276368
7956.99	-0.025613
7955.06	-0.0294889
7953.14	-0.0334381
7951.21	-0.0306144
7949.28	-0.023648
7947.35	-0.0215834
7945.42	-0.0234377
7943.5	-0.0251786
7941.57	-0.0264457
7939.64	-0.0243543
7937.71	-0.0252922
7935.78	-0.0254477
7933.86	-0.0263482
7931.93	-0.0284125
7930	-0.0308085
7928.07	-0.0290084
7926.14	-0.0295212
7924.22	-0.0289767
7922.29	-0.0279496
7920.36	-0.0268856
7918.43	-0.0266545
7916.5	-0.0275324
7914.58	-0.0266607
7912.65	-0.0268669
7910.72	-0.0261582
7908.79	-0.0251007
7906.86	-0.025131
7904.94	-0.0275535
7903.01	-0.0293413
7901.08	-0.02718
7899.15	-0.0244414
7897.22	-0.0253983
7895.3	-0.0291606
7893.37	-0.030888
7891.44	-0.0292095
7889.51	-0.027681
7887.58	-0.025806
7885.66	-0.0253503
7883.73	-0.0261668
7881.8	-0.0248828
7879.87	-0.0269085
7877.94	-0.0272146
7876.02	-0.0256731
7874.09	-0.0258406
7872.16	-0.0234983
7870.23	-0.0239595
7868.3	-0.0252641
7866.38	-0.0251382
7864.45	-0.0261684
7862.52	-0.0275689
7860.59	-0.0284584
7858.66	-0.0285117
7856.74	-0.0275189
7854.81	-0.0285674
7852.88	-0.0294052
7850.95	-0.0301288
7849.02	-0.0299181
7847.1	-0.0261506
7845.17	-0.0243197
7843.24	-0.0256248
7841.31	-0.0257318
7839.38	-0.025128
7837.46	-0.0244821
7835.53	-0.0249823
7833.6	-0.0259352
7831.67	-0.0270661
7829.74	-0.0265417
7827.82	-0.0279962
7825.89	-0.0258671
7823.96	-0.0231223
7822.03	-0.0234021
7820.1	-0.0272836
7818.18	-0.0287523
7816.25	-0.0261129
7814.32	-0.0243774
7812.39	-0.0267511
7810.46	-0.0292594
7808.54	-0.0299095
7806.61	-0.0275285
7804.68	-0.0239173
7802.75	-0.0246984
7800.82	-0.0295376
7798.9	-0.0319474
7796.97	-0.0296863
7795.04	-0.0269263
7793.11	-0.0262153
7791.18	-0.0256531
7789.26	-0.0247053
7787.33	-0.025937
7785.4	-0.0253861
7783.47	-0.0277082
7781.54	-0.0275463
7779.62	-0.0239795
7777.69	-0.0257029
7775.76	-0.0285024
7773.83	-0.0290883
7771.9	-0.029867
7769.98	-0.0295378
7768.05	-0.0281271
7766.12	-0.0274588
7764.19	-0.0273937
7762.26	-0.0269062
7760.34	-0.0265493
7758.41	-0.0266555
7756.48	-0.0266686
7754.55	-0.0272792
7752.62	-0.0272667
7750.7	-0.0284155
7748.77	-0.0271122
7746.84	-0.0253368
7744.91	-0.0262991
7742.98	-0.0284616
7741.06	-0.0284694
7739.13	-0.0260648
7737.2	-0.0269114
7735.27	-0.0292214
7733.34	-0.0286691
7731.42	-0.027783
7729.49	-0.0282094
7727.56	-0.0271327
7725.63	-0.0275871
7723.7	-0.0280469
7721.78	-0.0271763
7719.85	-0.0266661
7717.92	-0.0267252
7715.99	-0.026765
7714.06	-0.0271442
7712.14	-0.0242197
7710.21	-0.0236612
7708.28	-0.0244786
7706.35	-0.0257724
7704.42	-0.0289165
7702.5	-0.0285037
7700.57	-0.0282002
7698.64	-0.0295064
7696.71	-0.0293497
7694.78	-0.0299872
7692.86	-0.0318264
7690.93	-0.0296634
7689	-0.0259041
7687.07	-0.0261954
7685.14	-0.0265981
7683.22	-0.0270202
7681.29	-0.0258853
7679.36	-0.024834
7677.43	-0.0255667
7675.5	-0.0266627
7673.58	-0.024955
7671.65	-0.0260218
7669.72	-0.0272922
7667.79	-0.0293062
7665.86	-0.0291256
7663.94	-0.0270759
7662.01	-0.0281086
7660.08	-0.0282675
7658.15	-0.0272007
7656.22	-0.0271966
7654.29	-0.0287602
7652.37	-0.0294035
7650.44	-0.0273412
7648.51	-0.0265611
7646.58	-0.0270474
7644.66	-0.0265005
7642.73	-0.0258276
7640.8	-0.0255058
7638.87	-0.0265285
7636.94	-0.026422
7635.02	-0.0275588
7633.09	-0.027721
7631.16	-0.026777
7629.23	-0.0287312
7627.3	-0.0296182
7625.38	-0.0285004
7623.45	-0.0273967
7621.52	-0.0289852
7619.59	-0.0302815
7617.66	-0.0289097
7615.73	-0.0286804
7613.81	-0.027976
7611.88	-0.0257785
7609.95	-0.0263366
7608.02	-0.0278358
7606.09	-0.0290351
7604.17	-0.0293403
7602.24	-0.0292187
7600.31	-0.0291096
7598.38	-0.0274343
7596.46	-0.0274313
7594.53	-0.0280444
7592.6	-0.0284293
7590.67	-0.0289809
7588.74	-0.027645
7586.81	-0.0261185
7584.89	-0.0260556
7582.96	-0.0272394
7581.03	-0.0278245
7579.1	-0.0272085
7577.17	-0.0275008
7575.25	-0.0281627
7573.32	-0.0287664
7571.39	-0.0288952
7569.46	-0.0263212
7567.53	-0.0266962
7565.61	-0.0277059
7563.68	-0.0276316
7561.75	-0.0286327
7559.82	-0.0269514
7557.89	-0.024967
7555.97	-0.0236712
7554.04	-0.0244565
7552.11	-0.0259414
7550.18	-0.0268687
7548.25	-0.0275225
7546.33	-0.0297455
7544.4	-0.0302715
7542.47	-0.0273151
7540.54	-0.026434
7538.61	-0.0261728
7536.69	-0.0263324
7534.76	-0.0267694
7532.83	-0.0268105
7530.9	-0.0278693
7528.97	-0.0273229
7527.05	-0.0285105
7525.12	-0.0296861
7523.19	-0.0292144
7521.26	-0.0279796
7519.33	-0.0282249
7517.41	-0.0274391
7515.48	-0.0256907
7513.55	-0.0261801
7511.62	-0.0276698
7509.69	-0.027292
7507.77	-0.0273283
7505.84	-0.0261089
7503.91	-0.0269233
7501.98	-0.0297755
7500.05	-0.0292831
7498.13	-0.0288628
7496.2	-0.0282502
7494.27	-0.0281712
7492.34	-0.0269624
7490.41	-0.0244905
7488.49	-0.0241457
7486.56	-0.0252846
7484.63	-0.0260462
7482.7	-0.0265538
7480.77	-0.0266434
7478.85	-0.0266888
7476.92	-0.0269408
7474.99	-0.0255107
7473.06	-0.0224598
7471.13	-0.0235668
7469.21	-0.0258185
7467.28	-0.0274665
7465.35	-0.0265904
7463.42	-0.0273719
7461.49	-0.0275147
7459.57	-0.0263343
7457.64	-0.0275149
7455.71	-0.028132
7453.78	-0.0275343
7451.85	-0.026532
7449.93	-0.0279913
7448	-0.0283416
7446.07	-0.0274351
7444.14	-0.0276403
7442.21	-0.02804
7440.29	-0.0277384
7438.36	-0.027078
7436.43	-0.0264726
7434.5	-0.0276169
7432.57	-0.0275284
7430.65	-0.0276597
7428.72	-0.027053
7426.79	-0.0263388
7424.86	-0.0264964
7422.93	-0.024851
7421.01	-0.0249423
7419.08	-0.0274989
7417.15	-0.0272679
7415.22	-0.0275287
7413.29	-0.028229
7411.37	-0.0275493
7409.44	-0.0274211
7407.51	-0.0264554
7405.58	-0.0255951
7403.65	-0.0263635
7401.73	-0.0270927
7399.8	-0.0272384
7397.87	-0.0271847
7395.94	-0.0268616
7394.01	-0.0266872
7392.09	-0.028023
7390.16	-0.028795
7388.23	-0.0283965
7386.3	-0.0281325
7384.37	-0.0280248
7382.45	-0.0270324
7380.52	-0.0259904
7378.59	-0.0244283
7376.66	-0.0251847
7374.73	-0.0273066
7372.81	-0.0275988
7370.88	-0.0271763
7368.95	-0.0262276
7367.02	-0.025846
7365.09	-0.0256632
7363.17	-0.0263729
7361.24	-0.0280707
7359.31	-0.0281057
7357.38	-0.0275108
7355.45	-0.0263962
7353.53	-0.0256158
7351.6	-0.026057
7349.67	-0.0264746
7347.74	-0.0275366
7345.81	-0.0286948
7343.89	-0.0279947
7341.96	-0.0265443
7340.03	-0.0257265
7338.1	-0.0262348
7336.17	-0.0252762
7334.25	-0.0249193
7332.32	-0.0260979
7330.39	-0.0269173
7328.46	-0.0271638
7326.53	-0.0276934
7324.61	-0.0287069
7322.68	-0.0275069
7320.75	-0.0254077
7318.82	-0.0238321
7316.89	-0.0245678
7314.97	-0.0265188
7313.04	-0.026587
7311.11	-0.0256523
7309.18	-0.024625
7307.25	-0.0266229
7305.33	-0.027968
7303.4	-0.0290021
7301.47	-0.0292039
7299.54	-0.0285962
7297.61	-0.028944
7295.69	-0.0279141
7293.76	-0.0274436
7291.83	-0.0272573
7289.9	-0.0267335
7287.97	-0.0262967
7286.05	-0.025554
7284.12	-0.025553
7282.19	-0.0265478
7280.26	-0.0265901
7278.33	-0.0263709
7276.41	-0.0265867
7274.48	-0.0263028
7272.55	-0.025572
7270.62	-0.0245503
7268.69	-0.0245516
7266.77	-0.0245668
7264.84	-0.0262815
7262.91	-0.0291259
7260.98	-0.0289926
7259.05	-0.0271184
7257.13	-0.025558
7255.2	-0.0254958
7253.27	-0.0266217
7251.34	-0.026757
7249.41	-0.0276327
7247.49	-0.0269272
7245.56	-0.0259005
7243.63	-0.0253154
7241.7	-0.0255145
7239.77	-0.0261553
7237.85	-0.0262321
7235.92	-0.0255603
7233.99	-0.0260293
7232.06	-0.0273717
7230.13	-0.0277439
7228.21	-0.0278353
7226.28	-0.0273991
7224.35	-0.0268184
7222.42	-0.0262135
7220.49	-0.0259865
7218.57	-0.026009
7216.64	-0.0265956
7214.71	-0.0276323
7212.78	-0.0271688
7210.85	-0.0255482
7208.93	-0.0249487
7207	-0.0248625
7205.07	-0.0253063
7203.14	-0.0252866
7201.21	-0.0254588
7199.29	-0.0257206
7197.36	-0.0261063
7195.43	-0.0266094
7193.5	-0.025885
7191.57	-0.0259882
7189.65	-0.0267153
7187.72	-0.0268452
7185.79	-0.0265499
7183.86	-0.0269141
7181.93	-0.0260778
7180	-0.0243685
7178.08	-0.0245062
7176.15	-0.0245992
7174.22	-0.024386
7172.29	-0.0245634
7170.37	-0.0245312
7168.44	-0.0247566
7166.51	-0.024087
7164.58	-0.0242311
7162.65	-0.0238845
7160.73	-0.0238314
7158.8	-0.0255449
7156.87	-0.0273653
7154.94	-0.0262878
7153.01	-0.0259787
7151.08	-0.0265466
7149.16	-0.0257628
7147.23	-0.0249394
7145.3	-0.0248241
7143.37	-0.0247456
7141.44	-0.0240992
7139.52	-0.0239322
7137.59	-0.0246534
7135.66	-0.0249611
7133.73	-0.0249049
7131.8	-0.0254204
7129.88	-0.0259875
7127.95	-0.0263634
7126.02	-0.0256203
7124.09	-0.0252635
7122.17	-0.0249646
7120.24	-0.0246059
7118.31	-0.0244942
7116.38	-0.0248886
7114.45	-0.0256397
7112.52	-0.0257595
7110.6	-0.0249358
7108.67	-0.0239862
7106.74	-0.0234862
7104.81	-0.0233918
7102.88	-0.0247444
7100.96	-0.0257978
7099.03	-0.0252701
7097.1	-0.0239919
7095.17	-0.024124
7093.24	-0.0246237
7091.32	-0.0253716
7089.39	-0.0257815
7087.46	-0.0256042
7085.53	-0.0261587
7083.6	-0.0262487
7081.68	-0.0258531
7079.75	-0.0254655
7077.82	-0.0258693
7075.89	-0.0253277
7073.96	-0.0250721
7072.04	-0.0248171
7070.11	-0.0247144
7068.18	-0.0253948
7066.25	-0.0240763
7064.32	-0.0226876
7062.4	-0.0220175
7060.47	-0.0226418
7058.54	-0.0236481
7056.61	-0.0243105
7054.68	-0.0256353
7052.76	-0.0249785
7050.83	-0.0242985
7048.9	-0.0248805
7046.97	-0.0249271
7045.04	-0.0245477
7043.12	-0.0244181
7041.19	-0.0242112
7039.26	-0.0240968
7037.33	-0.0238046
7035.4	-0.0231625
7033.48	-0.024039
7031.55	-0.024526
7029.62	-0.0240536
7027.69	-0.0235744
7025.76	-0.0240512
7023.84	-0.0249064
7021.91	-0.025636
7019.98	-0.0253065
7018.05	-0.0240149
7016.12	-0.0232514
7014.2	-0.0231874
7012.27	-0.0234831
7010.34	-0.0234937
7008.41	-0.0245567
7006.48	-0.024934
7004.56	-0.0240647
7002.63	-0.024102
7000.7	-0.0248421
6998.77	-0.0247766
6996.84	-0.0252568
6994.92	-0.0258684
6992.99	-0.0251175
6991.06	-0.0234369
6989.13	-0.0228977
6987.2	-0.0241314
6985.28	-0.0245517
6983.35	-0.0239259
6981.42	-0.0241215
6979.49	-0.0246377
6977.56	-0.0242404
6975.64	-0.024171
6973.71	-0.0248573
6971.78	-0.0252505
6969.85	-0.024953
6967.92	-0.0252395
6966	-0.0252206
6964.07	-0.0246188
6962.14	-0.0235094
6960.21	-0.0231701
6958.28	-0.0233317
6956.36	-0.0240192
6954.43	-0.0252466
6952.5	-0.0254445
6950.57	-0.0246865
6948.64	-0.0240116
6946.72	-0.0236553
6944.79	-0.023452
6942.86	-0.0231617
6940.93	-0.0240978
6939	-0.0255272
6937.08	-0.024891
6935.15	-0.0240545
6933.22	-0.025312
6931.29	-0.0258664
6929.36	-0.0241469
6927.44	-0.0232539
6925.51	-0.022583
6923.58	-0.0217001
6921.65	-0.0224834
6919.72	-0.0227091
6917.8	-0.0227639
6915.87	-0.02321
6913.94	-0.0237416
6912.01	-0.0233254
6910.08	-0.0231035
6908.16	-0.0232959
6906.23	-0.0227637
6904.3	-0.0228935
6902.37	-0.0231345
6900.44	-0.0226435
6898.52	-0.022132
6896.59	-0.0215782
6894.66	-0.0223367
6892.73	-0.0232012
6890.8	-0.0235169
6888.88	-0.0222494
6886.95	-0.0218462
6885.02	-0.0229646
6883.09	-0.0241193
6881.16	-0.0237973
6879.24	-0.0228015
6877.31	-0.0231782
6875.38	-0.0230808
6873.45	-0.0232263
6871.52	-0.0226863
6869.6	-0.0220752
6867.67	-0.0231969
6865.74	-0.0232431
6863.81	-0.0241691
6861.88	-0.0250704
6859.96	-0.0239254
6858.03	-0.0230732
6856.1	-0.0226221
6854.17	-0.0224078
6852.24	-0.0226304
6850.32	-0.0229008
6848.39	-0.021932
6846.46	-0.0221086
6844.53	-0.0226798
6842.6	-0.022503
6840.68	-0.0228346
6838.75	-0.0236704
6836.82	-0.023794
6834.89	-0.0226734
6832.96	-0.0217397
6831.04	-0.0214322
6829.11	-0.0216744
6827.18	-0.0219161
6825.25	-0.0221168
6823.32	-0.0226108
6821.4	-0.0232244
6819.47	-0.0239653
6817.54	-0.0232592
6815.61	-0.0223907
6813.68	-0.0227487
6811.76	-0.0236891
6809.83	-0.0225564
6807.9	-0.0215904
6805.97	-0.0223441
6804.04	-0.0227619
6802.12	-0.0236628
6800.19	-0.0235264
6798.26	-0.0234366
6796.33	-0.0238132
6794.4	-0.0231317
6792.48	-0.0233213
6790.55	-0.0237783
6788.62	-0.0224718
6786.69	-0.0222365
6784.76	-0.021637
6782.84	-0.0216087
6780.91	-0.0220247
6778.98	-0.0213691
6777.05	-0.021531
6775.12	-0.0218331
6773.2	-0.02155
6771.27	-0.0214409
6769.34	-0.0224935
6767.41	-0.0244709
6765.48	-0.023717
6763.56	-0.0212047
6761.63	-0.0209361
6759.7	-0.0225041
6757.77	-0.0225172
6755.84	-0.0214516
6753.92	-0.0215874
6751.99	-0.0220408
6750.06	-0.021789
6748.13	-0.0214304
6746.2	-0.0207965
6744.28	-0.0209598
6742.35	-0.0213793
6740.42	-0.0215762
6738.49	-0.021416
6736.56	-0.0211354
6734.64	-0.0208966
6732.71	-0.0209134
6730.78	-0.0210276
6728.85	-0.0215829
6726.92	-0.021875
6725	-0.0213739
6723.07	-0.0213262
6721.14	-0.0217309
6719.21	-0.0218783
6717.28	-0.0218008
6715.35	-0.0209109
6713.43	-0.0216559
6711.5	-0.022289
6709.57	-0.0224162
6707.64	-0.0219956
6705.71	-0.0213694
6703.79	-0.0205391
6701.86	-0.0213504
6699.93	-0.0220659
6698	-0.0210149
6696.08	-0.0201101
6694.15	-0.0203503
6692.22	-0.0206181
6690.29	-0.02079
6688.36	-0.0208782
6686.44	-0.021061
6684.51	-0.0215976
6682.58	-0.0219044
6680.65	-0.0218255
6678.72	-0.0209292
6676.79	-0.0208601
6674.87	-0.021754
6672.94	-0.0215337
6671.01	-0.021486
6669.08	-0.0209506
6667.15	-0.021006
6665.23	-0.0210927
6663.3	-0.0208025
6661.37	-0.0208743
6659.44	-0.0211018
6657.51	-0.0217348
6655.59	-0.0213048
6653.66	-0.0200434
6651.73	-0.0199974
6649.8	-0.0203061
6647.88	-0.0203198
6645.95	-0.0205473
6644.02	-0.020301
6642.09	-0.020449
6640.16	-0.020999
6638.23	-0.0212842
6636.31	-0.0215243
6634.38	-0.021478
6632.45	-0.0209271
6630.52	-0.0208301
6628.59	-0.0206442
6626.67	-0.0199976
6624.74	-0.0198002
6622.81	-0.0205049
6620.88	-0.0208251
6618.95	-0.0210485
6617.03	-0.0212338
6615.1	-0.0220323
6613.17	-0.0219785
6611.24	-0.0207742
6609.31	-0.0199859
6607.39	-0.0201227
6605.46	-0.0202257
6603.53	-0.0208195
6601.6	-0.0215813
6599.67	-0.0218379
6597.75	-0.0210562
6595.82	-0.0206059
6593.89	-0.020268
6591.96	-0.0204676
6590.03	-0.0205914
6588.11	-0.0207114
6586.18	-0.0208091
6584.25	-0.0203548
6582.32	-0.0206018
6580.39	-0.0203709
6578.47	-0.0200232
6576.54	-0.021109
6574.61	-0.0207486
6572.68	-0.0204569
6570.75	-0.0197216
6568.83	-0.0193802
6566.9	-0.0196115
6564.97	-0.0197769
6563.04	-0.0194271
6561.11	-0.0194422
6559.19	-0.0200713
6557.26	-0.0198483
6555.33	-0.0196226
6553.4	-0.0195999
6551.47	-0.0199759
6549.55	-0.0201869
6547.62	-0.0202638
6545.69	-0.019993
6543.76	-0.0195662
6541.83	-0.0194247
6539.91	-0.0193528
6537.98	-0.0197044
6536.05	-0.0199562
6534.12	-0.0194847
6532.19	-0.0191076
6530.27	-0.0196395
6528.34	-0.0197511
6526.41	-0.0191668
6524.48	-0.0192339
6522.55	-0.0198731
6520.63	-0.0196805
6518.7	-0.0200154
6516.77	-0.0208173
6514.84	-0.0200021
6512.91	-0.0194188
6510.99	-0.0193705
6509.06	-0.018907
6507.13	-0.0183828
6505.2	-0.0188784
6503.27	-0.0192133
6501.35	-0.0191878
6499.42	-0.0192699
6497.49	-0.019551
6495.56	-0.0197765
6493.63	-0.0197252
6491.71	-0.0194732
6489.78	-0.0196602
6487.85	-0.0191234
6485.92	-0.0185986
6483.99	-0.0194737
6482.07	-0.0191251
6480.14	-0.0185981
6478.21	-0.018639
6476.28	-0.0186244
6474.35	-0.0188591
6472.43	-0.0189237
6470.5	-0.0197677
6468.57	-0.0202634
6466.64	-0.0191498
6464.71	-0.0187665
6462.79	-0.018949
6460.86	-0.0186053
6458.93	-0.0184365
6457	-0.018665
6455.07	-0.0189804
6453.15	-0.0184719
6451.22	-0.0188799
6449.29	-0.0190531
6447.36	-0.0188812
6445.43	-0.0192497
6443.51	-0.019003
6441.58	-0.018377
6439.65	-0.0181373
6437.72	-0.0184542
6435.79	-0.0182451
6433.87	-0.0179454
6431.94	-0.0184611
6430.01	-0.0185908
6428.08	-0.0185503
6426.15	-0.0183378
6424.23	-0.0184319
6422.3	-0.0186068
6420.37	-0.0185436
6418.44	-0.0186845
6416.51	-0.0186174
6414.59	-0.0185489
6412.66	-0.0187881
6410.73	-0.018946
6408.8	-0.0183393
6406.87	-0.0182431
6404.95	-0.0185629
6403.02	-0.0180717
6401.09	-0.0176314
6399.16	-0.0178449
6397.23	-0.0180692
6395.31	-0.0176178
6393.38	-0.0172541
6391.45	-0.0176281
6389.52	-0.0181144
6387.59	-0.0171567
6385.67	-0.0175116
6383.74	-0.0188741
6381.81	-0.0191577
6379.88	-0.0184905
6377.95	-0.0185073
6376.03	-0.0184953
6374.1	-0.0181535
6372.17	-0.0179875
6370.24	-0.018285
6368.31	-0.0185419
6366.39	-0.0185992
6364.46	-0.0181016
6362.53	-0.0179788
6360.6	-0.0182516
6358.67	-0.0180281
6356.75	-0.0177713
6354.82	-0.0178253
6352.89	-0.0174509
6350.96	-0.0175645
6349.03	-0.0174963
6347.11	-0.0174695
6345.18	-0.0180415
6343.25	-0.0178121
6341.32	-0.0174487
6339.39	-0.0177453
6337.47	-0.0182085
6335.54	-0.0177581
6333.61	-0.0171816
6331.68	-0.0174193
6329.75	-0.0179415
6327.83	-0.0182092
6325.9	-0.0179915
6323.97	-0.0175658
6322.04	-0.0177893
6320.11	-0.0179518
6318.19	-0.0172225
6316.26	-0.0170636
6314.33	-0.017589
6312.4	-0.017751
6310.47	-0.0180889
6308.55	-0.0180188
6306.62	-0.0175367
6304.69	-0.0171491
6302.76	-0.0173483
6300.83	-0.0170921
6298.91	-0.0166819
6296.98	-0.0175577
6295.05	-0.0178973
6293.12	-0.0173391
6291.19	-0.0172262
6289.27	-0.0168055
6287.34	-0.0165169
6285.41	-0.0169427
6283.48	-0.0174022
6281.55	-0.0170922
6279.62	-0.0169498
6277.7	-0.01746
6275.77	-0.017805
6273.84	-0.0175852
6271.91	-0.0168036
6269.99	-0.0166957
6268.06	-0.0166936
6266.13	-0.0169291
6264.2	-0.01726
6262.27	-0.0168359
6260.34	-0.0167978
6258.42	-0.0174688
6256.49	-0.017256
6254.56	-0.0165048
6252.63	-0.0162975
6250.71	-0.0161078
6248.78	-0.0161525
6246.85	-0.016637
6244.92	-0.0166379
6242.99	-0.0162316
6241.06	-0.0159898
6239.14	-0.0160123
6237.21	-0.0161894
6235.28	-0.0168878
6233.35	-0.0171047
6231.42	-0.0168593
6229.5	-0.0172889
6227.57	-0.0172082
6225.64	-0.0162666
6223.71	-0.016421
6221.79	-0.0168892
6219.86	-0.0165715
6217.93	-0.0163875
6216	-0.0169023
6214.07	-0.0167377
6212.15	-0.016041
6210.22	-0.0155915
6208.29	-0.0160652
6206.36	-0.0166611
6204.43	-0.0161995
6202.5	-0.0162705
6200.58	-0.0162471
6198.65	-0.0162263
6196.72	-0.0162467
6194.79	-0.0163611
6192.86	-0.0165902
6190.94	-0.0163436
6189.01	-0.0162354
6187.08	-0.016537
6185.15	-0.0163183
6183.22	-0.0158098
6181.3	-0.015836
6179.37	-0.0162374
6177.44	-0.0161396
6175.51	-0.0161239
6173.58	-0.0166088
6171.66	-0.0169715
6169.73	-0.0166125
6167.8	-0.0165634
6165.87	-0.0167349
6163.94	-0.0167764
6162.02	-0.0165873
6160.09	-0.0165512
6158.16	-0.0163639
6156.23	-0.0159369
6154.3	-0.015785
6152.38	-0.0158043
6150.45	-0.016046
6148.52	-0.0162064
6146.59	-0.0159909
6144.66	-0.0154562
6142.74	-0.0155007
6140.81	-0.0157658
6138.88	-0.0160054
6136.95	-0.0159432
6135.02	-0.0158606
6133.1	-0.0159545
6131.17	-0.0159026
6129.24	-0.0158785
6127.31	-0.0162557
6125.38	-0.016045
6123.46	-0.0151895
6121.53	-0.0147237
6119.6	-0.0147587
6117.67	-0.0151168
6115.74	-0.0153024
6113.82	-0.0151863
6111.89	-0.015352
6109.96	-0.0157252
6108.03	-0.0157068
6106.1	-0.0154121
6104.18	-0.0147503
6102.25	-0.014902
6100.32	-0.0153142
6098.39	-0.01549
6096.46	-0.015639
6094.54	-0.0159056
6092.61	-0.0154248
6090.68	-0.0150377
6088.75	-0.0152426
6086.82	-0.0152813
6084.9	-0.0152757
6082.97	-0.0154256
6081.04	-0.0155113
6079.11	-0.0148969
6077.18	-0.0147281
6075.26	-0.0151449
6073.33	-0.0152006
6071.4	-0.0148928
6069.47	-0.014866
6067.54	-0.0150383
6065.62	-0.0150955
6063.69	-0.0152008
6061.76	-0.015013
6059.83	-0.0150194
6057.9	-0.0152841
6055.98	-0.0152713
6054.05	-0.0149387
6052.12	-0.0145319
6050.19	-0.0142663
6048.26	-0.0140694
6046.34	-0.0145307
6044.41	-0.0149988
6042.48	-0.0147901
6040.55	-0.0149
6038.62	-0.015101
6036.7	-0.0145966
6034.77	-0.0142017
6032.84	-0.0145002
6030.91	-0.0151442
6028.98	-0.0157129
6027.06	-0.0152306
6025.13	-0.0146235
6023.2	-0.0146041
6021.27	-0.0144669
6019.34	-0.0144764
6017.42	-0.0147548
6015.49	-0.0147853
6013.56	-0.0142616
6011.63	-0.0142106
6009.7	-0.0142053
6007.78	-0.0137584
6005.85	-0.0139207
6003.92	-0.0146871
6001.99	-0.0153235
6000.06	-0.0147805
5998.14	-0.0142207
5996.21	-0.0142634
5994.28	-0.0143977
5992.35	-0.0146286
5990.42	-0.0148041
5988.5	-0.0150178
5986.57	-0.0151666
5984.64	-0.0150564
5982.71	-0.0153813
5980.78	-0.0151467
5978.86	-0.0143623
5976.93	-0.0145323
5975	-0.0147215
5973.07	-0.014659
5971.14	-0.0146682
5969.22	-0.0143294
5967.29	-0.014078
5965.36	-0.0142299
5963.43	-0.0145256
5961.5	-0.0149796
5959.58	-0.0150098
5957.65	-0.01446
5955.72	-0.0143614
5953.79	-0.0144655
5951.86	-0.0145826
5949.94	-0.0146452
5948.01	-0.0142924
5946.08	-0.0140681
5944.15	-0.0142697
5942.22	-0.0142305
5940.3	-0.0142577
5938.37	-0.0139502
5936.44	-0.0135765
5934.51	-0.013663
5932.58	-0.0139045
5930.66	-0.0141415
5928.73	-0.0139415
5926.8	-0.0139624
5924.87	-0.0142409
5922.94	-0.0140779
5921.02	-0.0139059
5919.09	-0.014208
5917.16	-0.0142205
5915.23	-0.0138818
5913.3	-0.0139263
5911.38	-0.0140231
5909.45	-0.0139225
5907.52	-0.014059
5905.59	-0.0140827
5903.66	-0.013679
5901.74	-0.0137003
5899.81	-0.0139418
5897.88	-0.0136563
5895.95	-0.0134557
5894.02	-0.0135314
5892.1	-0.0138428
5890.17	-0.0138096
5888.24	-0.0135107
5886.31	-0.0136167
5884.38	-0.0138275
5882.46	-0.0138541
5880.53	-0.013419
5878.6	-0.0137165
5876.67	-0.0143873
5874.74	-0.0143898
5872.82	-0.0138687
5870.89	-0.0135341
5868.96	-0.0134568
5867.03	-0.0133334
5865.1	-0.0135727
5863.18	-0.0134857
5861.25	-0.0132405
5859.32	-0.0133015
5857.39	-0.0131219
5855.46	-0.012967
5853.54	-0.0127124
5851.61	-0.0131409
5849.68	-0.0134905
5847.75	-0.0135364
5845.82	-0.0135488
5843.9	-0.0136883
5841.97	-0.0137414
5840.04	-0.0135497
5838.11	-0.0134087
5836.18	-0.0133344
5834.25	-0.0134572
5832.33	-0.0131621
5830.4	-0.0127151
5828.47	-0.0130326
5826.54	-0.0131469
5824.62	-0.0134038
5822.69	-0.0134727
5820.76	-0.0130211
5818.83	-0.0127638
5816.9	-0.0129203
5814.98	-0.0130683
5813.05	-0.0128734
5811.12	-0.0132048
5809.19	-0.0138409
5807.26	-0.0137957
5805.33	-0.0135896
5803.41	-0.0129785
5801.48	-0.0127199
5799.55	-0.0129944
5797.62	-0.0131094
5795.7	-0.0130808
5793.77	-0.0132194
5791.84	-0.0130369
5789.91	-0.0129222
5787.98	-0.0129858
5786.06	-0.0131058
5784.13	-0.0128961
5782.2	-0.0125024
5780.27	-0.0128408
5778.34	-0.013396
5776.42	-0.0132997
5774.49	-0.012922
5772.56	-0.0127937
5770.63	-0.0125981
5768.7	-0.01244
5766.77	-0.0125473
5764.85	-0.0127651
5762.92	-0.0128006
5760.99	-0.0128006
5759.06	-0.0129396
5757.13	-0.0126157
5755.21	-0.0125144
5753.28	-0.0125746
5751.35	-0.0127611
5749.42	-0.0129991
5747.49	-0.013051
5745.57	-0.012744
5743.64	-0.0126276
5741.71	-0.0128075
5739.78	-0.012706
5737.85	-0.0128455
5735.93	-0.0131168
5734	-0.0131088
5732.07	-0.0130285
5730.14	-0.0126318
5728.21	-0.0124653
5726.29	-0.0126647
5724.36	-0.0129555
5722.43	-0.012743
5720.5	-0.0126061
5718.57	-0.0128734
5716.65	-0.0127059
5714.72	-0.0124461
5712.79	-0.012525
5710.86	-0.0127312
5708.93	-0.012977
5707.01	-0.013025
5705.08	-0.0125182
5703.15	-0.0123078
5701.22	-0.0124049
5699.29	-0.0125227
5697.37	-0.0126453
5695.44	-0.0126661
5693.51	-0.0127205
5691.58	-0.0127122
5689.65	-0.0125907
5687.73	-0.0124105
5685.8	-0.0125264
5683.87	-0.0125133
5681.94	-0.0125471
5680.01	-0.0129181
5678.09	-0.0130666
5676.16	-0.0128026
5674.23	-0.0125587
5672.3	-0.0122858
5670.37	-0.0125534
5668.45	-0.0127099
5666.52	-0.0122218
5664.59	-0.0120136
5662.66	-0.0124216
5660.73	-0.0128756
5658.81	-0.012867
5656.88	-0.0125335
5654.95	-0.0120889
5653.02	-0.0120775
5651.09	-0.0122479
5649.17	-0.0124263
5647.24	-0.0124281
5645.31	-0.0124731
5643.38	-0.0125489
5641.45	-0.012774
5639.53	-0.0126833
5637.6	-0.0125074
5635.67	-0.0127617
5633.74	-0.0132056
5631.81	-0.0127339
5629.89	-0.0122398
5627.96	-0.0120904
5626.03	-0.0121763
5624.1	-0.0122065
5622.17	-0.0121626
5620.25	-0.0120579
5618.32	-0.0117516
5616.39	-0.0119548
5614.46	-0.0123185
5612.53	-0.0124182
5610.61	-0.0124585
5608.68	-0.0124128
5606.75	-0.0124413
5604.82	-0.0124923
5602.89	-0.0124469
5600.97	-0.0123423
5599.04	-0.0121419
5597.11	-0.0121535
5595.18	-0.0124279
5593.25	-0.0122502
5591.33	-0.0118963
5589.4	-0.0119268
5587.47	-0.0121384
5585.54	-0.0121732
5583.61	-0.0122668
5581.69	-0.012443
5579.76	-0.0122506
5577.83	-0.011793
5575.9	-0.0119816
5573.97	-0.0120819
5572.05	-0.0121308
5570.12	-0.0121418
5568.19	-0.0121717
5566.26	-0.0123389
5564.33	-0.01259
5562.41	-0.0126304
5560.48	-0.0126263
5558.55	-0.01232
5556.62	-0.0120896
5554.69	-0.0122671
5552.77	-0.0121672
5550.84	-0.0117345
5548.91	-0.0119169
5546.98	-0.0119486
5545.05	-0.0117456
5543.13	-0.0119259
5541.2	-0.0118602
5539.27	-0.0117426
5537.34	-0.0120729
5535.41	-0.0120707
5533.49	-0.0118701
5531.56	-0.0120503
5529.63	-0.0122264
5527.7	-0.0120887
5525.77	-0.0120675
5523.85	-0.0119982
5521.92	-0.0119582
5519.99	-0.0120148
5518.06	-0.0117712
5516.13	-0.0115306
5514.21	-0.0116436
5512.28	-0.0119558
5510.35	-0.0119537
5508.42	-0.0117596
5506.49	-0.0119855
5504.57	-0.0120878
5502.64	-0.0120316
5500.71	-0.0119315
5498.78	-0.0118223
5496.85	-0.0118868
5494.93	-0.0119873
5493	-0.012114
5491.07	-0.0121372
5489.14	-0.0116371
5487.21	-0.0115453
5485.29	-0.0119682
5483.36	-0.0119132
5481.43	-0.0116521
5479.5	-0.0117763
5477.57	-0.0118038
5475.65	-0.011633
5473.72	-0.0118788
5471.79	-0.0120417
5469.86	-0.0119832
5467.93	-0.0118679
5466.01	-0.0117421
5464.08	-0.0118409
5462.15	-0.0120085
5460.22	-0.0120629
5458.29	-0.0123025
5456.37	-0.0121245
5454.44	-0.011833
5452.51	-0.0117222
5450.58	-0.0117785
5448.65	-0.0118781
5446.73	-0.011805
5444.8	-0.011981
5442.87	-0.0119622
5440.94	-0.0115295
5439.01	-0.0113737
5437.09	-0.0117225
5435.16	-0.0118983
5433.23	-0.0118527
5431.3	-0.011708
5429.37	-0.0115054
5427.45	-0.0115003
5425.52	-0.0116051
5423.59	-0.0115582
5421.66	-0.0117171
5419.73	-0.0120392
5417.81	-0.0119989
5415.88	-0.011656
5413.95	-0.0117184
5412.02	-0.0118181
5410.09	-0.0120019
5408.17	-0.0119864
5406.24	-0.0117386
5404.31	-0.0118599
5402.38	-0.0119308
5400.45	-0.0119543
5398.53	-0.0120442
5396.6	-0.0117463
5394.67	-0.0115205
5392.74	-0.0115568
5390.81	-0.0117598
5388.88	-0.0120284
5386.96	-0.0123498
5385.03	-0.0122752
5383.1	-0.0119385
5381.17	-0.0119531
5379.25	-0.0119967
5377.32	-0.0117318
5375.39	-0.0118062
5373.46	-0.0121071
5371.53	-0.011888
5369.6	-0.0116329
5367.68	-0.0116461
5365.75	-0.0117016
5363.82	-0.0116212
5361.89	-0.0115758
5359.96	-0.0117349
5358.04	-0.0115685
5356.11	-0.0111579
5354.18	-0.0112556
5352.25	-0.0114475
5350.33	-0.011187
5348.4	-0.0113416
5346.47	-0.0116482
5344.54	-0.012029
5342.61	-0.0118109
5340.69	-0.0116351
5338.76	-0.0117888
5336.83	-0.0118693
5334.9	-0.0116869
5332.97	-0.0116491
5331.04	-0.0115257
5329.12	-0.0116213
5327.19	-0.0117027
5325.26	-0.0115093
5323.33	-0.0116819
5321.4	-0.0119221
5319.48	-0.0117685
5317.55	-0.0116442
5315.62	-0.0118076
5313.69	-0.0119899
5311.76	-0.0120597
5309.84	-0.0118139
5307.91	-0.0115935
5305.98	-0.0115227
5304.05	-0.0115216
5302.12	-0.0116534
5300.2	-0.011764
5298.27	-0.0118017
5296.34	-0.0119369
5294.41	-0.0118307
5292.48	-0.0116928
5290.56	-0.0115752
5288.63	-0.0113299
5286.7	-0.0114652
5284.77	-0.0117527
5282.84	-0.0119213
5280.92	-0.0118514
5278.99	-0.0116545
5277.06	-0.0114329
5275.13	-0.0113828
5273.21	-0.0114303
5271.28	-0.0116133
5269.35	-0.0115936
5267.42	-0.0115749
5265.49	-0.0118543
5263.56	-0.0118973
5261.64	-0.0116859
5259.71	-0.0114414
5257.78	-0.0113986
5255.85	-0.0112835
5253.92	-0.0112162
5252	-0.0115
5250.07	-0.0118302
5248.14	-0.0117855
5246.21	-0.011531
5244.28	-0.0115559
5242.36	-0.0114926
5240.43	-0.0115163
5238.5	-0.0117809
5236.57	-0.012005
5234.64	-0.0116837
5232.72	-0.0115179
5230.79	-0.0116161
5228.86	-0.0114527
5226.93	-0.0112565
5225	-0.0115123
5223.08	-0.0117485
5221.15	-0.0117439
5219.22	-0.0116281
5217.29	-0.0115802
5215.36	-0.0117361
5213.44	-0.0116799
5211.51	-0.0115314
5209.58	-0.0114157
5207.65	-0.0114689
5205.72	-0.0112423
5203.8	-0.0110972
5201.87	-0.0114814
5199.94	-0.011613
5198.01	-0.0115183
5196.08	-0.0116387
5194.16	-0.0117899
5192.23	-0.011624
5190.3	-0.0117393
5188.37	-0.0117814
5186.44	-0.0116571
5184.52	-0.0118444
5182.59	-0.0117883
5180.66	-0.0115017
5178.73	-0.011532
5176.8	-0.0114151
5174.88	-0.0113655
5172.95	-0.0113221
5171.02	-0.011439
5169.09	-0.0115577
5167.16	-0.0115133
5165.24	-0.0116563
5163.31	-0.0116525
5161.38	-0.0113964
5159.45	-0.0112623
5157.52	-0.0114276
5155.6	-0.011544
5153.67	-0.0116339
5151.74	-0.0115161
5149.81	-0.0113716
5147.88	-0.0114347
5145.96	-0.0116967
5144.03	-0.0115972
5142.1	-0.0113148
5140.17	-0.0112778
5138.24	-0.011625
5136.32	-0.0114792
5134.39	-0.0112278
5132.46	-0.011254
5130.53	-0.0112346
5128.6	-0.0113333
5126.68	-0.0113744
5124.75	-0.0115787
5122.82	-0.0117986
5120.89	-0.0117045
5118.96	-0.0114939
5117.04	-0.0112983
5115.11	-0.0112497
5113.18	-0.0111507
5111.25	-0.0110104
5109.32	-0.0112025
5107.4	-0.0115283
5105.47	-0.011776
5103.54	-0.0117386
5101.61	-0.0116059
5099.68	-0.0114616
5097.76	-0.0114639
5095.83	-0.0113945
5093.9	-0.011231
5091.97	-0.0113091
5090.04	-0.0114617
5088.12	-0.0117228
5086.19	-0.0115673
5084.26	-0.0113226
5082.33	-0.0114018
5080.4	-0.0113198
5078.48	-0.0112084
5076.55	-0.0111747
5074.62	-0.0113212
5072.69	-0.0115974
5070.76	-0.0117036
5068.84	-0.0116229
5066.91	-0.0113416
5064.98	-0.0111784
5063.05	-0.011319
5061.12	-0.0116239
5059.2	-0.0115626
5057.27	-0.0113814
5055.34	-0.0114625
5053.41	-0.0113962
5051.48	-0.0113684
5049.56	-0.0113691
5047.63	-0.0112751
5045.7	-0.0113874
5043.77	-0.0115688
5041.84	-0.0116107
5039.92	-0.0114299
5037.99	-0.0114574
5036.06	-0.0114517
5034.13	-0.0114931
5032.2	-0.0116159
5030.28	-0.0114608
5028.35	-0.011327
5026.42	-0.0113458
5024.49	-0.0113078
5022.56	-0.0111201
5020.64	-0.0112415
5018.71	-0.0115355
5016.78	-0.0116326
5014.85	-0.011457
5012.92	-0.0116394
5011	-0.0117212
5009.07	-0.0116307
5007.14	-0.0116395
5005.21	-0.0116473
5003.28	-0.0114366
5001.36	-0.0113957
4999.43	-0.0115936
4997.5	-0.0114374
4995.57	-0.0115191
4993.64	-0.0113864
4991.72	-0.0112095
4989.79	-0.0113442
4987.86	-0.0113066
4985.93	-0.0111426
4984	-0.0112925
4982.08	-0.0115352
4980.15	-0.0115982
4978.22	-0.0113702
4976.29	-0.0111301
4974.36	-0.0110848
4972.44	-0.0111892
4970.51	-0.0112834
4968.58	-0.0114559
4966.65	-0.0114088
4964.72	-0.0112592
4962.8	-0.0114059
4960.87	-0.0114291
4958.94	-0.0111464
4957.01	-0.0111434
4955.08	-0.0113822
4953.16	-0.011679
4951.23	-0.0114271
4949.3	-0.0111005
4947.37	-0.0112127
4945.44	-0.0111425
4943.52	-0.0112244
4941.59	-0.0114318
4939.66	-0.0113382
4937.73	-0.0112203
4935.8	-0.0111383
4933.88	-0.011263
4931.95	-0.0115208
4930.02	-0.0116079
4928.09	-0.0114438
4926.16	-0.0112667
4924.24	-0.0113008
4922.31	-0.0113887
4920.38	-0.0114406
4918.45	-0.0115686
4916.52	-0.0115649
4914.6	-0.0113729
4912.67	-0.0113411
4910.74	-0.011459
4908.81	-0.0115536
4906.88	-0.0116771
4904.96	-0.0117344
4903.03	-0.011612
4901.1	-0.0114828
4899.17	-0.0114053
4897.24	-0.0116129
4895.32	-0.0116618
4893.39	-0.0115013
4891.46	-0.0114538
4889.53	-0.0115256
4887.6	-0.0114504
4885.67	-0.0115949
4883.75	-0.0116789
4881.82	-0.0116399
4879.89	-0.0114995
4877.96	-0.0112867
4876.04	-0.0113637
4874.11	-0.0115247
4872.18	-0.01165
4870.25	-0.0115167
4868.32	-0.0113928
4866.4	-0.0115502
4864.47	-0.0116146
4862.54	-0.0114943
4860.61	-0.0114729
4858.68	-0.0114728
4856.75	-0.0116325
4854.83	-0.0117413
4852.9	-0.0116557
4850.97	-0.0115339
4849.04	-0.0114837
4847.12	-0.0113406
4845.19	-0.0113121
4843.26	-0.0113232
4841.33	-0.0114702
4839.4	-0.0114456
4837.47	-0.0115869
4835.55	-0.0116654
4833.62	-0.0115897
4831.69	-0.011466
4829.76	-0.0114835
4827.83	-0.0115316
4825.91	-0.0114783
4823.98	-0.0114945
4822.05	-0.0115018
4820.12	-0.0116507
4818.19	-0.0117263
4816.27	-0.0116759
4814.34	-0.0115383
4812.41	-0.0115875
4810.48	-0.0117903
4808.55	-0.0117165
4806.63	-0.01153
4804.7	-0.0116075
4802.77	-0.0116651
4800.84	-0.0116614
4798.91	-0.0117652
4796.99	-0.0118502
4795.06	-0.0119584
4793.13	-0.0118702
4791.2	-0.0116809
4789.27	-0.0115822
4787.35	-0.0116767
4785.42	-0.0115955
4783.49	-0.0115786
4781.56	-0.0116433
4779.63	-0.0116135
4777.71	-0.0117849
4775.78	-0.0117534
4773.85	-0.0114797
4771.92	-0.0114514
4769.99	-0.0115947
4768.07	-0.0117164
4766.14	-0.011768
4764.21	-0.0117113
4762.28	-0.011816
4760.35	-0.0119488
4758.43	-0.0118439
4756.5	-0.0117539
4754.57	-0.0118517
4752.64	-0.0119598
4750.71	-0.0119103
4748.79	-0.0118769
4746.86	-0.011981
4744.93	-0.0119662
4743	-0.0118571
4741.07	-0.0118705
4739.15	-0.0117808
4737.22	-0.0114165
4735.29	-0.0115821
4733.36	-0.0117356
4731.43	-0.0115469
4729.51	-0.0114797
4727.58	-0.0115254
4725.65	-0.0116789
4723.72	-0.011955
4721.79	-0.011808
4719.87	-0.0116115
4717.94	-0.0116547
4716.01	-0.0117604
4714.08	-0.0117813
4712.15	-0.0117307
4710.23	-0.0118266
4708.3	-0.0118526
4706.37	-0.011844
4704.44	-0.0118288
4702.51	-0.0118057
4700.59	-0.0119117
4698.66	-0.0118578
4696.73	-0.0118566
4694.8	-0.011923
4692.87	-0.011898
4690.95	-0.0116669
4689.02	-0.0115579
4687.09	-0.011729
4685.16	-0.0118283
4683.23	-0.0118069
4681.31	-0.0118667
4679.38	-0.0120503
4677.45	-0.0121821
4675.52	-0.0121583
4673.59	-0.012068
4671.67	-0.0118847
4669.74	-0.0117407
4667.81	-0.0117551
4665.88	-0.0117042
4663.95	-0.0116645
4662.03	-0.0116776
4660.1	-0.0116153
4658.17	-0.01172
4656.24	-0.0117035
4654.31	-0.011685
4652.39	-0.0119682
4650.46	-0.0121631
4648.53	-0.0118724
4646.6	-0.0115906
4644.67	-0.0116171
4642.75	-0.0117382
4640.82	-0.011772
4638.89	-0.0116918
4636.96	-0.0116857
4635.03	-0.0119414
4633.11	-0.0120543
4631.18	-0.0117841
4629.25	-0.011642
4627.32	-0.0117162
4625.39	-0.0117613
4623.47	-0.011801
4621.54	-0.0120015
4619.61	-0.012088
4617.68	-0.0119397
4615.75	-0.0118155
4613.83	-0.0118381
4611.9	-0.0118506
4609.97	-0.0118804
4608.04	-0.0120591
4606.11	-0.0120063
4604.19	-0.0118028
4602.26	-0.0116577
4600.33	-0.0116255
4598.4	-0.0116163
4596.47	-0.0117868
4594.55	-0.0119606
4592.62	-0.0120997
4590.69	-0.0121426
4588.76	-0.0119541
4586.83	-0.0117145
4584.91	-0.0117326
4582.98	-0.0118381
4581.05	-0.0118059
4579.12	-0.011801
4577.19	-0.0117515
4575.27	-0.0117977
4573.34	-0.0119632
4571.41	-0.0118485
4569.48	-0.0116283
4567.55	-0.0116274
4565.63	-0.0115805
4563.7	-0.0118435
4561.77	-0.0120354
4559.84	-0.0118928
4557.91	-0.0118857
4555.99	-0.012001
4554.06	-0.0119177
4552.13	-0.0117515
4550.2	-0.0118726
4548.27	-0.0119401
4546.35	-0.0118131
4544.42	-0.0116743
4542.49	-0.0117336
4540.56	-0.0117816
4538.63	-0.0118136
4536.71	-0.011643
4534.78	-0.0116121
4532.85	-0.0118078
4530.92	-0.0119057
4528.99	-0.011677
4527.07	-0.011701
4525.14	-0.0118492
4523.21	-0.0117274
4521.28	-0.0116901
4519.35	-0.0116808
4517.43	-0.0114916
4515.5	-0.0115442
4513.57	-0.0116008
4511.64	-0.0117807
4509.71	-0.0118348
4507.79	-0.0116237
4505.86	-0.0116006
4503.93	-0.0116125
4502	-0.0115548
4500.07	-0.0115516
4498.15	-0.0116439
4496.22	-0.0114442
4494.29	-0.0112601
4492.36	-0.0115437
4490.43	-0.0116142
4488.51	-0.0115826
4486.58	-0.011706
4484.65	-0.0115819
4482.72	-0.0114588
4480.79	-0.0117425
4478.87	-0.0120172
4476.94	-0.0118943
4475.01	-0.0118649
4473.08	-0.0118255
4471.15	-0.011689
4469.23	-0.0114872
4467.3	-0.0115032
4465.37	-0.0117014
4463.44	-0.0117234
4461.51	-0.011647
4459.58	-0.0116704
4457.66	-0.0117817
4455.73	-0.0116748
4453.8	-0.0115538
4451.87	-0.0116288
4449.95	-0.0117121
4448.02	-0.0116463
4446.09	-0.0116128
4444.16	-0.0116965
4442.23	-0.0117428
4440.3	-0.0114563
4438.38	-0.0114743
4436.45	-0.0116568
4434.52	-0.011661
4432.59	-0.0116404
4430.67	-0.011536
4428.74	-0.0115909
4426.81	-0.0116856
4424.88	-0.0116652
4422.95	-0.0115867
4421.02	-0.011647
4419.1	-0.0115599
4417.17	-0.0114605
4415.24	-0.0114815
4413.31	-0.0114393
4411.38	-0.0114406
4409.46	-0.011487
4407.53	-0.011523
4405.6	-0.011319
4403.67	-0.0112434
4401.75	-0.0113971
4399.82	-0.0114417
4397.89	-0.0114453
4395.96	-0.0114201
4394.03	-0.0114407
4392.1	-0.0114851
4390.18	-0.0115628
4388.25	-0.011611
4386.32	-0.0116493
4384.39	-0.0114127
4382.46	-0.0113872
4380.54	-0.0114903
4378.61	-0.0113217
4376.68	-0.0111973
4374.75	-0.0110129
4372.82	-0.010904
4370.9	-0.0112233
4368.97	-0.0115543
4367.04	-0.011578
4365.11	-0.0114416
4363.18	-0.0112245
4361.26	-0.0111419
4359.33	-0.0111036
4357.4	-0.0112116
4355.47	-0.0112249
4353.54	-0.0111154
4351.62	-0.0112929
4349.69	-0.0114435
4347.76	-0.0113853
4345.83	-0.011181
4343.9	-0.0111158
4341.98	-0.0110531
4340.05	-0.0109614
4338.12	-0.0109522
4336.19	-0.0110227
4334.26	-0.0112178
4332.34	-0.0113543
4330.41	-0.0112724
4328.48	-0.0111838
4326.55	-0.0110108
4324.62	-0.0110952
4322.7	-0.0113727
4320.77	-0.0113489
4318.84	-0.0111878
4316.91	-0.0111483
4314.98	-0.0112407
4313.06	-0.0113146
4311.13	-0.0112116
4309.2	-0.0112253
4307.27	-0.0110859
4305.34	-0.0110885
4303.42	-0.011276
4301.49	-0.0113177
4299.56	-0.0110833
4297.63	-0.0108872
4295.7	-0.0108459
4293.78	-0.0108604
4291.85	-0.0110073
4289.92	-0.0111121
4287.99	-0.0109604
4286.06	-0.0110032
4284.14	-0.0110351
4282.21	-0.0109832
4280.28	-0.0110162
4278.35	-0.0111468
4276.42	-0.0112346
4274.5	-0.0111381
4272.57	-0.0110926
4270.64	-0.0110977
4268.71	-0.0110266
4266.78	-0.0108516
4264.86	-0.0106517
4262.93	-0.0107357
4261	-0.0107405
4259.07	-0.0106448
4257.14	-0.0105973
4255.22	-0.01073
4253.29	-0.010873
4251.36	-0.0109966
4249.43	-0.0109686
4247.5	-0.0108148
4245.58	-0.010663
4243.65	-0.0107809
4241.72	-0.0108896
4239.79	-0.0110357
4237.86	-0.0110175
4235.94	-0.0108676
4234.01	-0.0108085
4232.08	-0.0109016
4230.15	-0.0108908
4228.22	-0.0108274
4226.3	-0.0109324
4224.37	-0.0108913
4222.44	-0.0109313
4220.51	-0.0109607
4218.58	-0.0108948
4216.66	-0.0107637
4214.73	-0.0105958
4212.8	-0.0106239
4210.87	-0.0106748
4208.94	-0.0107105
4207.02	-0.0107504
4205.09	-0.0107032
4203.16	-0.0107831
4201.23	-0.0108669
4199.3	-0.0109093
4197.38	-0.0108154
4195.45	-0.0106333
4193.52	-0.0106449
4191.59	-0.010705
4189.66	-0.0106997
4187.74	-0.0106787
4185.81	-0.0106717
4183.88	-0.0106548
4181.95	-0.0105945
4180.02	-0.0104519
4178.1	-0.0104241
4176.17	-0.0103797
4174.24	-0.0103658
4172.31	-0.0104329
4170.38	-0.0104394
4168.46	-0.0103781
4166.53	-0.0104331
4164.6	-0.0106062
4162.67	-0.0106116
4160.74	-0.0106653
4158.82	-0.0105859
4156.89	-0.0104247
4154.96	-0.0102364
4153.03	-0.0102453
4151.1	-0.0103897
4149.18	-0.0103397
4147.25	-0.0102846
4145.32	-0.0102927
4143.39	-0.0104008
4141.46	-0.0105236
4139.54	-0.0104305
4137.61	-0.0102654
4135.68	-0.010235
4133.75	-0.0102106
4131.82	-0.0101805
4129.9	-0.0102262
4127.97	-0.0102252
4126.04	-0.0102202
4124.11	-0.0102156
4122.18	-0.0102313
4120.26	-0.0102988
4118.33	-0.0104273
4116.4	-0.0103981
4114.47	-0.0102491
4112.54	-0.0102647
4110.62	-0.010357
4108.69	-0.0103951
4106.76	-0.0103685
4104.83	-0.0102585
4102.9	-0.0102021
4100.98	-0.01016
4099.05	-0.0100405
4097.12	-0.0100364
4095.19	-0.0102423
4093.26	-0.0102299
4091.34	-0.0101484
4089.41	-0.0102506
4087.48	-0.0101705
4085.55	-0.0100576
4083.62	-0.0101457
4081.7	-0.0101267
4079.77	-0.0101088
4077.84	-0.0101723
4075.91	-0.0101665
4073.98	-0.0101213
4072.06	-0.0100136
4070.13	-0.00989978
4068.2	-0.00998886
4066.27	-0.00989663
4064.34	-0.00975258
4062.42	-0.00978838
4060.49	-0.00986405
4058.56	-0.00989531
4056.63	-0.00994988
4054.7	-0.00998472
4052.78	-0.0099899
4050.85	-0.00985378
4048.92	-0.00979408
4046.99	-0.00986314
4045.06	-0.00984147
4043.14	-0.00976933
4041.21	-0.00978355
4039.28	-0.00979269
4037.35	-0.00990599
4035.42	-0.00992309
4033.5	-0.00981151
4031.57	-0.0097508
4029.64	-0.00977111
4027.71	-0.00977941
4025.78	-0.00982337
4023.86	-0.0098772
4021.93	-0.00986729
4020	-0.00982369
4018.07	-0.00981576
4016.14	-0.00984102
4014.22	-0.00979496
4012.29	-0.00964342
4010.36	-0.00950881
4008.43	-0.00949005
4006.5	-0.00951202
4004.58	-0.00955721
4002.65	-0.00967514
4000.72	-0.00973755
3998.79	-0.00969054
3996.86	-0.00952512
3994.94	-0.00952593
3993.01	-0.00955559
3991.08	-0.00939012
3989.15	-0.00927957
3987.22	-0.00938117
3985.29	-0.00951971
3983.37	-0.00966338
3981.44	-0.00966714
3979.51	-0.00942611
3977.58	-0.00935137
3975.66	-0.00927652
3973.73	-0.00924175
3971.8	-0.00945053
3969.87	-0.00953556
3967.94	-0.00942631
3966.01	-0.0092628
3964.09	-0.00920299
3962.16	-0.0093672
3960.23	-0.0095212
3958.3	-0.00955257
3956.38	-0.00944547
3954.45	-0.00939768
3952.52	-0.00950661
3950.59	-0.00954713
3948.66	-0.00948635
3946.73	-0.00946567
3944.81	-0.00940893
3942.88	-0.00929037
3940.95	-0.00920552
3939.02	-0.00927542
3937.09	-0.00929796
3935.17	-0.00912821
3933.24	-0.0090048
3931.31	-0.00902733
3929.38	-0.00907655
3927.45	-0.00914235
3925.53	-0.00918083
3923.6	-0.00922083
3921.67	-0.00920766
3919.74	-0.00912299
3917.81	-0.00915186
3915.89	-0.00919656
3913.96	-0.00922076
3912.03	-0.00915287
3910.1	-0.009043
3908.17	-0.00904852
3906.25	-0.0091444
3904.32	-0.00919588
3902.39	-0.00910845
3900.46	-0.00906257
3898.53	-0.00908979
3896.61	-0.00905462
3894.68	-0.00900704
3892.75	-0.00922842
3890.82	-0.00916863
3888.89	-0.00892285
3886.97	-0.00896839
3885.04	-0.00901652
3883.11	-0.00896349
3881.18	-0.00902437
3879.25	-0.00908655
3877.33	-0.0089434
3875.4	-0.00884835
3873.47	-0.00882081
3871.54	-0.00889977
3869.61	-0.00890607
3867.69	-0.00886935
3865.76	-0.00886026
3863.83	-0.00884176
3861.9	-0.00887354
3859.97	-0.00878088
3858.05	-0.00870132
3856.12	-0.00878766
3854.19	-0.00879309
3852.26	-0.00885663
3850.33	-0.00881744
3848.41	-0.00876032
3846.48	-0.00882166
3844.55	-0.00889912
3842.62	-0.00884757
3840.69	-0.00872181
3838.77	-0.00872876
3836.84	-0.00865117
3834.91	-0.00861651
3832.98	-0.00868391
3831.05	-0.00876087
3829.13	-0.00876789
3827.2	-0.00875464
3825.27	-0.0086815
3823.34	-0.00853991
3821.41	-0.00842196
3819.49	-0.00835036
3817.56	-0.00847558
3815.63	-0.00862509
3813.7	-0.00859276
3811.77	-0.00851762
3809.85	-0.00862168
3807.92	-0.00861398
3805.99	-0.008503
3804.06	-0.00844614
3802.13	-0.00841533
3800.21	-0.0084593
3798.28	-0.0085518
3796.35	-0.00857188
3794.42	-0.00851769
3792.49	-0.00836336
3790.57	-0.00833619
3788.64	-0.00840015
3786.71	-0.00856655
3784.78	-0.00861437
3782.85	-0.00857204
3780.93	-0.00845143
3779	-0.00841942
3777.07	-0.00829744
3775.14	-0.008244
3773.21	-0.00821301
3771.29	-0.00828424
3769.36	-0.00832569
3767.43	-0.00832153
3765.5	-0.0083659
3763.57	-0.0083499
3761.65	-0.00829068
3759.72	-0.0083003
3757.79	-0.00848341
3755.86	-0.00846905
3753.93	-0.00837763
3752.01	-0.00846463
3750.08	-0.00875139
3748.15	-0.00892058
3746.22	-0.00902428
3744.29	-0.00909482
3742.37	-0.00903236
3740.44	-0.00892921
3738.51	-0.00889896
3736.58	-0.00883763
3734.65	-0.00853081
3732.73	-0.0083369
3730.8	-0.00826909
3728.87	-0.00814086
3726.94	-0.00809279
3725.01	-0.008031
3723.09	-0.00796138
3721.16	-0.00783231
3719.23	-0.00767979
3717.3	-0.00777871
3715.37	-0.00788935
3713.45	-0.00784562
3711.52	-0.0076432
3709.59	-0.00753618
3707.66	-0.00759443
3705.73	-0.00780813
3703.81	-0.00775306
3701.88	-0.00755933
3699.95	-0.00753097
3698.02	-0.00755718
3696.09	-0.00742056
3694.17	-0.00722925
3692.24	-0.00713555
3690.31	-0.00706521
3688.38	-0.00713047
3686.45	-0.00733296
3684.53	-0.0074288
3682.6	-0.00729354
3680.67	-0.00720553
3678.74	-0.00743069
3676.81	-0.00744639
3674.89	-0.00735893
3672.96	-0.00732384
3671.03	-0.00723639
3669.1	-0.00706169
3667.17	-0.00703186
3665.25	-0.0070921
3663.32	-0.00698569
3661.39	-0.00704816
3659.46	-0.00707737
3657.53	-0.00704024
3655.61	-0.00705996
3653.68	-0.00706984
3651.75	-0.00710742
3649.82	-0.00700809
3647.89	-0.00685088
3645.97	-0.00679122
3644.04	-0.00676881
3642.11	-0.00686112
3640.18	-0.00692449
3638.25	-0.00674216
3636.33	-0.00657349
3634.4	-0.00650838
3632.47	-0.00645507
3630.54	-0.00634025
3628.61	-0.00623306
3626.69	-0.00624022
3624.76	-0.00627016
3622.83	-0.00633691
3620.9	-0.00621591
3618.97	-0.00610991
3617.05	-0.00607544
3615.12	-0.00601153
3613.19	-0.00592828
3611.26	-0.00580442
3609.33	-0.00570195
3607.41	-0.00566787
3605.48	-0.00563785
3603.55	-0.00552045
3601.62	-0.00545351
3599.69	-0.00538911
3597.77	-0.00535111
3595.84	-0.00538472
3593.91	-0.005348
3591.98	-0.0052244
3590.05	-0.00507509
3588.12	-0.0048434
3586.2	-0.0047464
3584.27	-0.00478078
3582.34	-0.00466216
3580.41	-0.00452594
3578.49	-0.00444841
3576.56	-0.00432938
3574.63	-0.00420073
3572.7	-0.00391439
3570.77	-0.00367928
3568.85	-0.00366433
3566.92	-0.00361412
3564.99	-0.00332894
3563.06	-0.00322713
3561.13	-0.00328475
3559.21	-0.00321398
3557.28	-0.00307753
3555.35	-0.00297898
3553.42	-0.00285971
3551.49	-0.00275235
3549.56	-0.00263285
3547.64	-0.00246463
3545.71	-0.00219692
3543.78	-0.00202975
3541.85	-0.00204719
3539.93	-0.00196108
3538	-0.00175329
3536.07	-0.00153424
3534.14	-0.00120229
3532.21	-0.000983232
3530.28	-0.000859607
3528.36	-0.000639943
3526.43	-0.00050179
3524.5	-0.000339888
3522.57	-8.69019e-05
3520.65	0.000152046
3518.72	0.000335579
3516.79	0.000480278
3514.86	0.00073454
3512.93	0.000941231
3511	0.00108341
3509.08	0.00134706
3507.15	0.00158521
3505.22	0.00177314
3503.29	0.00199104
3501.37	0.00237384
3499.44	0.00271502
3497.51	0.00291619
3495.58	0.00310713
3493.65	0.00317685
3491.72	0.00345948
3489.8	0.00379557
3487.87	0.00404439
3485.94	0.00442532
3484.01	0.0049816
3482.08	0.00537845
3480.16	0.00580094
3478.23	0.00614457
3476.3	0.00636874
3474.37	0.00670235
3472.44	0.00723006
3470.52	0.00767442
3468.59	0.00798615
3466.66	0.0085484
3464.73	0.0091197
3462.81	0.00948079
3460.88	0.0100051
3458.95	0.0106349
3457.02	0.0112352
3455.09	0.0118917
3453.16	0.0127276
3451.24	0.0134265
3449.31	0.0141459
3447.38	0.0147766
3445.45	0.0154724
3443.52	0.0162588
3441.6	0.0171154
3439.67	0.017964
3437.74	0.018783
3435.81	0.0197214
3433.88	0.0207357
3431.96	0.0216606
3430.03	0.0225365
3428.1	0.0236181
3426.17	0.0248283
3424.24	0.0258229
3422.32	0.0267956
3420.39	0.0278197
3418.46	0.0288547
3416.53	0.029934
3414.6	0.0309924
3412.68	0.0319254
3410.75	0.0329134
3408.82	0.033955
3406.89	0.0349258
3404.96	0.0358132
3403.04	0.0368778
3401.11	0.0379662
3399.18	0.0389261
3397.25	0.0397904
3395.32	0.0405151
3393.4	0.0413272
3391.47	0.0421896
3389.54	0.0430013
3387.61	0.0439283
3385.68	0.0447568
3383.76	0.0454573
3381.83	0.046136
3379.9	0.0468176
3377.97	0.0475133
3376.04	0.0481704
3374.12	0.0487679
3372.19	0.0493061
3370.26	0.0498481
3368.33	0.0503549
3366.4	0.0508178
3364.48	0.0513567
3362.55	0.05178
3360.62	0.052123
3358.69	0.0524254
3356.76	0.0526917
3354.84	0.0531582
3352.91	0.0536182
3350.98	0.0539905
3349.05	0.0543198
3347.12	0.0546407
3345.2	0.0550023
3343.27	0.0555058
3341.34	0.0558846
3339.41	0.0563028
3337.48	0.056794
3335.56	0.0573221
3333.63	0.0577171
3331.7	0.0582218
3329.77	0.0588321
3327.84	0.0593285
3325.92	0.0597801
3323.99	0.0604963
3322.06	0.0613827
3320.13	0.0620846
3318.2	0.0627514
3316.28	0.0635346
3314.35	0.0644358
3312.42	0.0651847
3310.49	0.0660011
3308.56	0.0669164
3306.64	0.0678087
3304.71	0.0687454
3302.78	0.0697798
3300.85	0.0709106
3298.92	0.0719907
3297	0.0730198
3295.07	0.0740259
3293.14	0.075082
3291.21	0.0761384
3289.28	0.0774291
3287.36	0.0787312
3285.43	0.0798423
3283.5	0.0810551
3281.57	0.0823619
3279.64	0.083867
3277.72	0.0853196
3275.79	0.0867921
3273.86	0.0882741
3271.93	0.0897297
3270	0.0913581
3268.08	0.0929203
3266.15	0.0944266
3264.22	0.0961509
3262.29	0.0978437
3260.36	0.0991207
3258.44	0.1005
3256.51	0.102066
3254.58	0.103603
3252.65	0.104708
3250.72	0.105573
3248.8	0.106655
3246.87	0.107511
3244.94	0.107774
3243.01	0.107761
3241.08	0.10767
3239.16	0.107369
3237.23	0.106594
3235.3	0.105333
3233.37	0.103892
3231.44	0.102345
3229.52	0.100585
3227.59	0.0985011
3225.66	0.0962497
3223.73	0.093989
3221.8	0.0916598
3219.88	0.08916
3217.95	0.0868142
3216.02	0.0846802
3214.09	0.0823977
3212.16	0.0802119
3210.24	0.0783192
3208.31	0.0763731
3206.38	0.0745925
3204.45	0.0729975
3202.52	0.0713144
3200.6	0.0697642
3198.67	0.0684189
3196.74	0.0670815
3194.81	0.0659187
3192.88	0.0649305
3190.96	0.0638996
3189.03	0.0629069
3187.1	0.0619279
3185.17	0.0611915
3183.24	0.0605283
3181.32	0.0598155
3179.39	0.0591481
3177.46	0.0584563
3175.53	0.0576484
3173.6	0.0570346
3171.68	0.0566323
3169.75	0.0561261
3167.82	0.0554231
3165.89	0.0548227
3163.96	0.0543629
3162.04	0.053888
3160.11	0.0533029
3158.18	0.0527141
3156.25	0.0522294
3154.32	0.0516102
3152.4	0.0508419
3150.47	0.0501601
3148.54	0.0495435
3146.61	0.0487248
3144.68	0.0477313
3142.76	0.0468051
3140.83	0.0459065
3138.9	0.0450149
3136.97	0.0441002
3135.04	0.0430281
3133.12	0.0418218
3131.19	0.0406788
3129.26	0.0394915
3127.33	0.038323
3125.4	0.0372306
3123.48	0.0359488
3121.55	0.0345294
3119.62	0.0332173
3117.69	0.0318763
3115.76	0.0306027
3113.84	0.0294786
3111.91	0.028275
3109.98	0.0269669
3108.05	0.0257839
3106.12	0.024612
3104.2	0.0234084
3102.27	0.0222585
3100.34	0.021147
3098.41	0.0201418
3096.48	0.0191811
3094.56	0.0182352
3092.63	0.0173554
3090.7	0.0164364
3088.77	0.0154363
3086.84	0.0147603
3084.92	0.0141559
3082.99	0.0134371
3081.06	0.0127008
3079.13	0.0121811
3077.2	0.0117166
3075.28	0.0111335
3073.35	0.0105171
3071.42	0.00987988
3069.49	0.00945445
3067.56	0.00927538
3065.63	0.00884858
3063.71	0.00830867
3061.78	0.00796205
3059.85	0.0077496
3057.92	0.00738819
3055.99	0.00704473
3054.07	0.00681226
3052.14	0.00644349
3050.21	0.00600203
3048.28	0.00565601
3046.35	0.00549501
3044.43	0.00531019
3042.5	0.00504804
3040.57	0.00483757
3038.64	0.00471426
3036.71	0.00446881
3034.79	0.00415059
3032.86	0.00394621
3030.93	0.00375065
3029	0.00347962
3027.07	0.00339773
3025.15	0.00333796
3023.22	0.00314024
3021.29	0.0030166
3019.36	0.00288183
3017.43	0.00273693
3015.51	0.00260894
3013.58	0.00243831
3011.65	0.00235708
3009.72	0.00222074
3007.79	0.00208013
3005.87	0.00207763
3003.94	0.00198895
3002.01	0.00180065
3000.08	0.0015742
2998.15	0.00145593
2996.23	0.00136212
2994.3	0.00122141
2992.37	0.00116058
2990.44	0.0011341
2988.51	0.00101243
2986.59	0.00091397
2984.66	0.000802751
2982.73	0.000757242
2980.8	0.000772345
2978.87	0.000770221
2976.95	0.000638
2975.02	0.000526587
2973.09	0.000379451
2971.16	0.000239625
2969.23	0.000207303
2967.31	0.000185557
2965.38	0.0001958
2963.45	0.000106638
2961.52	-6.62681e-08
2959.59	-4.60207e-05
2957.67	-6.34802e-05
2955.74	-6.56004e-05
2953.81	-0.000225319
2951.88	-0.000356343
2949.95	-0.000463364
2948.03	-0.00056394
2946.1	-0.00063948
2944.17	-0.000594283
2942.24	-0.000609437
2940.31	-0.000599577
2938.39	-0.000522177
2936.46	-0.000491927
2934.53	-0.000596368
2932.6	-0.000774182
2930.67	-0.000915753
2928.75	-0.00100208
2926.82	-0.000911422
2924.89	-0.000972157
2922.96	-0.00108455
2921.03	-0.00110656
2919.11	-0.00106435
2917.18	-0.000995464
2915.25	-0.00101923
2913.32	-0.00116661
2911.39	-0.00140483
2909.47	-0.00139878
2907.54	-0.00142032
2905.61	-0.00146143
2903.68	-0.0014718
2901.75	-0.00142435
2899.83	-0.00136562
2897.9	-0.00134676
2895.97	-0.0013497
2894.04	-0.00142253
2892.11	-0.00151427
2890.19	-0.00159608
2888.26	-0.00166117
2886.33	-0.00168497
2884.4	-0.00182242
2882.47	-0.00192007
2880.55	-0.00183902
2878.62	-0.00179701
2876.69	-0.00181876
2874.76	-0.00180282
2872.83	-0.00183196
2870.91	-0.00186878
2868.98	-0.00187293
2867.05	-0.00193914
2865.12	-0.00202361
2863.19	-0.00212056
2861.27	-0.00213494
2859.34	-0.00206332
2857.41	-0.00203591
2855.48	-0.00205755
2853.55	-0.00211667
2851.63	-0.00201659
2849.7	-0.00193212
2847.77	-0.00207295
2845.84	-0.00205415
2843.91	-0.00208749
2841.99	-0.00214351
2840.06	-0.00209399
2838.13	-0.0021229
2836.2	-0.00225177
2834.27	-0.00231776
2832.35	-0.0022757
2830.42	-0.00224864
2828.49	-0.00230425
2826.56	-0.0022016
2824.63	-0.00216478
2822.71	-0.00221014
2820.78	-0.00229133
2818.85	-0.00226984
2816.92	-0.00212422
2814.99	-0.00204993
2813.07	-0.00207875
2811.14	-0.00223786
2809.21	-0.00233869
2807.28	-0.00222194
2805.35	-0.00211759
2803.43	-0.00229525
2801.5	-0.00249876
2799.57	-0.0024097
2797.64	-0.0023493
2795.71	-0.00230992
2793.79	-0.00225744
2791.86	-0.00234847
2789.93	-0.00236943
2788	-0.00239313
2786.07	-0.00239715
2784.15	-0.00234024
2782.22	-0.0022881
2780.29	-0.00239296
2778.36	-0.00235058
2776.43	-0.00221274
2774.51	-0.00219804
2772.58	-0.00226796
2770.65	-0.00234386
2768.72	-0.00244476
2766.79	-0.00244548
2764.87	-0.00227762
2762.94	-0.00220991
2761.01	-0.00232794
2759.08	-0.00230352
2757.15	-0.00231094
2755.23	-0.0024409
2753.3	-0.00254181
2751.37	-0.0026176
2749.44	-0.00257643
2747.51	-0.00243791
2745.59	-0.00235075
2743.66	-0.00228348
2741.73	-0.00217908
2739.8	-0.00232218
2737.87	-0.00246413
2735.95	-0.00239626
2734.02	-0.00239313
2732.09	-0.0024613
2730.16	-0.00246262
2728.23	-0.00239823
2726.31	-0.00241171
2724.38	-0.00230517
2722.45	-0.00218271
2720.52	-0.0022135
2718.59	-0.00249405
2716.67	-0.0025432
2714.74	-0.00244647
2712.81	-0.00246305
2710.88	-0.00242871
2708.95	-0.00237873
2707.02	-0.0022732
2705.1	-0.00218822
2703.17	-0.00224864
2701.24	-0.00229007
2699.31	-0.00238248
2697.39	-0.00236403
2695.46	-0.00226549
2693.53	-0.00226525
2691.6	-0.0024644
2689.67	-0.00244179
2687.75	-0.00235187
2685.82	-0.00247194
2683.89	-0.00244133
2681.96	-0.00237118
2680.03	-0.00240509
2678.11	-0.0022816
2676.18	-0.00222626
2674.25	-0.00226094
2672.32	-0.00228767
2670.39	-0.00228994
2668.46	-0.00226608
2666.54	-0.00233509
2664.61	-0.00231084
2662.68	-0.00226407
2660.75	-0.00231997
2658.83	-0.00237767
2656.9	-0.00231578
2654.97	-0.00226361
2653.04	-0.00233292
2651.11	-0.00246875
2649.19	-0.00241922
2647.26	-0.00229904
2645.33	-0.00224452
2643.4	-0.00220444
2641.47	-0.00214813
2639.55	-0.0021502
2637.62	-0.002217
2635.69	-0.00216448
2633.76	-0.00213263
2631.83	-0.00217358
2629.9	-0.00230266
2627.98	-0.00230586
2626.05	-0.00221686
2624.12	-0.0022079
2622.19	-0.00214928
2620.27	-0.00213392
2618.34	-0.00212505
2616.41	-0.00221021
2614.48	-0.00223865
2612.55	-0.00203473
2610.62	-0.00201408
2608.7	-0.0021627
2606.77	-0.00225207
2604.84	-0.00217012
2602.91	-0.00207512
2600.98	-0.00197114
2599.06	-0.00191671
2597.13	-0.00198479
2595.2	-0.00198242
2593.27	-0.00196883
2591.34	-0.00197711
2589.42	-0.00198736
2587.49	-0.00196464
2585.56	-0.00191331
2583.63	-0.00203271
2581.71	-0.00203756
2579.78	-0.0018698
2577.85	-0.00184835
2575.92	-0.00188372
2573.99	-0.00197002
2572.06	-0.00193294
2570.14	-0.00185093
2568.21	-0.00186271
2566.28	-0.00187
2564.35	-0.00185238
2562.42	-0.00189088
2560.5	-0.00201385
2558.57	-0.00207601
2556.64	-0.00195906
2554.71	-0.00183654
2552.78	-0.00172085
2550.86	-0.00172091
2548.93	-0.00185479
2547	-0.00186614
2545.07	-0.00182159
2543.15	-0.00193851
2541.22	-0.0019679
2539.29	-0.0019466
2537.36	-0.00202843
2535.43	-0.00205204
2533.5	-0.00192238
2531.58	-0.00173303
2529.65	-0.0018149
2527.72	-0.00185743
2525.79	-0.00182532
2523.86	-0.00180985
2521.94	-0.00176887
2520.01	-0.00188085
2518.08	-0.00187409
2516.15	-0.00180391
2514.22	-0.00182965
2512.3	-0.00179965
2510.37	-0.00175649
2508.44	-0.00171012
2506.51	-0.00171372
2504.58	-0.00180361
2502.66	-0.00179619
2500.73	-0.00174989
2498.8	-0.00179903
2496.87	-0.00172445
2494.94	-0.0016352
2493.02	-0.00171445
2491.09	-0.00183707
2489.16	-0.00187419
2487.23	-0.00189791
2485.3	-0.00191166
2483.38	-0.00189655
2481.45	-0.00182414
2479.52	-0.00189273
2477.59	-0.00189711
2475.66	-0.0018343
2473.74	-0.00191651
2471.81	-0.00183212
2469.88	-0.00169553
2467.95	-0.00166609
2466.02	-0.00169379
2464.1	-0.00173085
2462.17	-0.00172128
2460.24	-0.00163318
2458.31	-0.00168718
2456.38	-0.00168454
2454.46	-0.00165438
2452.53	-0.00155577
2450.6	-0.00151615
2448.67	-0.00160384
2446.74	-0.00160278
2444.82	-0.0016853
2442.89	-0.00169969
2440.96	-0.00157165
2439.03	-0.00159525
2437.1	-0.00167481
2435.18	-0.00167794
2433.25	-0.00173745
2431.32	-0.00177197
2429.39	-0.00175138
2427.46	-0.00184324
2425.54	-0.00188893
2423.61	-0.00171075
2421.68	-0.00162559
2419.75	-0.00173956
2417.82	-0.0017553
2415.9	-0.00174378
2413.97	-0.00170748
2412.04	-0.00158248
2410.11	-0.0015112
2408.18	-0.00150344
2406.26	-0.00167227
2404.33	-0.00180975
2402.4	-0.00177702
2400.47	-0.00163922
2398.54	-0.00159
2396.62	-0.00163308
2394.69	-0.00173874
2392.76	-0.00174035
2390.83	-0.00177339
2388.9	-0.00176675
2386.98	-0.00156891
2385.05	-0.00149673
2383.12	-0.00150426
2381.19	-0.00165916
2379.26	-0.00181882
2377.34	-0.00189692
2375.41	-0.00187072
2373.48	-0.00187976
2371.55	-0.00189867
2369.62	-0.00174751
2367.7	-0.00170676
2365.77	-0.00171818
2363.84	-0.00192242
2361.91	-0.00202823
2359.98	-0.00180648
2358.06	-0.001709
2356.13	-0.0017456
2354.2	-0.00176877
2352.27	-0.00174395
2350.34	-0.00169676
2348.42	-0.00165834
2346.49	-0.00168388
2344.56	-0.00180602
2342.63	-0.00186429
2340.7	-0.00169831
2338.78	-0.00154775
2336.85	-0.00155772
2334.92	-0.00166329
2332.99	-0.00163899
2331.06	-0.00174131
2329.14	-0.00170808
2327.21	-0.00170735
2325.28	-0.00163658
2323.35	-0.00171956
2321.42	-0.00184255
2319.5	-0.00183304
2317.57	-0.00174715
2315.64	-0.00171289
2313.71	-0.00159618
2311.78	-0.00160724
2309.86	-0.00171666
2307.93	-0.0016548
2306	-0.00150545
2304.07	-0.00157442
2302.14	-0.00159925
2300.22	-0.00146573
2298.29	-0.00143663
2296.36	-0.00162873
2294.43	-0.00168481
2292.5	-0.00159585
2290.58	-0.00156112
2288.65	-0.00158568
2286.72	-0.00156551
2284.79	-0.00158614
2282.86	-0.00162869
2280.94	-0.00149703
2279.01	-0.00135225
2277.08	-0.00139793
2275.15	-0.00147699
2273.22	-0.00161054
2271.3	-0.00162374
2269.37	-0.00161764
2267.44	-0.00157195
2265.51	-0.00139476
2263.58	-0.00144043
2261.66	-0.00159466
2259.73	-0.00152295
2257.8	-0.00140483
2255.87	-0.00144472
2253.94	-0.00156798
2252.02	-0.00162615
2250.09	-0.00161275
2248.16	-0.00152051
2246.23	-0.00137659
2244.3	-0.00146332
2242.38	-0.00165216
2240.45	-0.00168296
2238.52	-0.00166071
2236.59	-0.00163787
2234.66	-0.00161245
2232.74	-0.00155352
2230.81	-0.00152305
2228.88	-0.00164302
2226.95	-0.00171497
2225.02	-0.00173095
2223.1	-0.00177329
2221.17	-0.00161849
2219.24	-0.00161704
2217.31	-0.00165985
2215.38	-0.00165645
2213.46	-0.0016449
2211.53	-0.00163761
2209.6	-0.00169956
2207.67	-0.0017719
2205.74	-0.00186538
2203.81	-0.00192202
2201.89	-0.00195636
2199.96	-0.00197793
2198.03	-0.00187749
2196.1	-0.00194871
2194.18	-0.00208152
2192.25	-0.00214638
2190.32	-0.00211423
2188.39	-0.0021266
2186.46	-0.00215185
2184.54	-0.00213609
2182.61	-0.00208251
2180.68	-0.00226506
2178.75	-0.00229096
2176.82	-0.00221288
2174.9	-0.00233035
2172.97	-0.00252567
2171.04	-0.00260907
2169.11	-0.00255512
2167.18	-0.00255693
2165.25	-0.00255275
2163.33	-0.00253391
2161.4	-0.00264678
2159.47	-0.00263371
2157.54	-0.00267962
2155.62	-0.00272525
2153.69	-0.00270211
2151.76	-0.00268722
2149.83	-0.00276868
2147.9	-0.0029389
2145.98	-0.00297957
2144.05	-0.00284358
2142.12	-0.00291309
2140.19	-0.00302906
2138.26	-0.00298842
2136.33	-0.00311589
2134.41	-0.00321713
2132.48	-0.00322328
2130.55	-0.00315345
2128.62	-0.0031773
2126.69	-0.00330181
2124.77	-0.00338457
2122.84	-0.00335955
2120.91	-0.00338211
2118.98	-0.00344878
2117.05	-0.00353177
2115.13	-0.00350594
2113.2	-0.00351149
2111.27	-0.00373641
2109.34	-0.00379882
2107.41	-0.00369354
2105.49	-0.00367067
2103.56	-0.0036224
2101.63	-0.00362461
2099.7	-0.00365516
2097.77	-0.00366693
2095.85	-0.00370727
2093.92	-0.00374564
2091.99	-0.00374433
2090.06	-0.00377008
2088.13	-0.00374528
2086.21	-0.00389935
2084.28	-0.00411786
2082.35	-0.00418583
2080.42	-0.0039618
2078.49	-0.00398928
2076.57	-0.00418888
2074.64	-0.00415278
2072.71	-0.00411747
2070.78	-0.00418455
2068.85	-0.00407972
2066.93	-0.00393793
2065	-0.00399037
2063.07	-0.00417096
2061.14	-0.0044369
2059.21	-0.00447773
2057.29	-0.00442342
2055.36	-0.00452184
2053.43	-0.0046657
2051.5	-0.00474604
2049.57	-0.0046638
2047.65	-0.00464197
2045.72	-0.0046261
2043.79	-0.00466095
2041.86	-0.00487616
2039.93	-0.00496193
2038.01	-0.00482465
2036.08	-0.00471349
2034.15	-0.00464643
2032.22	-0.0047248
2030.29	-0.00485726
2028.37	-0.00500566
2026.44	-0.00489805
2024.51	-0.00492311
2022.58	-0.00502286
2020.65	-0.00507899
2018.73	-0.00496481
2016.8	-0.00479952
2014.87	-0.00488937
2012.94	-0.00511829
2011.01	-0.00526699
2009.09	-0.0051493
2007.16	-0.00508416
2005.23	-0.00514442
2003.3	-0.00516459
2001.37	-0.00508436
1999.45	-0.00509834
1997.52	-0.00519553
1995.59	-0.00514838
1993.66	-0.00516406
1991.73	-0.00525207
1989.81	-0.00538289
1987.88	-0.00544644
1985.95	-0.00539143
1984.02	-0.00525524
1982.09	-0.00518868
1980.17	-0.00527524
1978.24	-0.00539428
1976.31	-0.00538103
1974.38	-0.00546506
1972.45	-0.00550677
1970.53	-0.00554214
1968.6	-0.00546682
1966.67	-0.00537762
1964.74	-0.00534964
1962.81	-0.00530807
1960.89	-0.00540645
1958.96	-0.00545629
1957.03	-0.00531763
1955.1	-0.0052719
1953.17	-0.00546254
1951.25	-0.00556965
1949.32	-0.00550115
1947.39	-0.00532048
1945.46	-0.00531969
1943.53	-0.00535062
1941.61	-0.00538263
1939.68	-0.00530054
1937.75	-0.00519176
1935.82	-0.0052558
1933.89	-0.00554633
1931.97	-0.00567922
1930.04	-0.00549388
1928.11	-0.00536227
1926.18	-0.0053409
1924.25	-0.00524405
1922.33	-0.0052849
1920.4	-0.00546519
1918.47	-0.00544333
1916.54	-0.00546326
1914.61	-0.00551907
1912.69	-0.00551198
1910.76	-0.00553641
1908.83	-0.00549997
1906.9	-0.00553897
1904.97	-0.0054038
1903.05	-0.00542906
1901.12	-0.00551289
1899.19	-0.00564246
1897.26	-0.00565129
1895.33	-0.00542419
1893.41	-0.00526215
1891.48	-0.00532765
1889.55	-0.00543607
1887.62	-0.00539137
1885.69	-0.00543836
1883.77	-0.00555424
1881.84	-0.00557021
1879.91	-0.00548024
1877.98	-0.00547932
1876.05	-0.00560727
1874.13	-0.00569695
1872.2	-0.00566163
1870.27	-0.00552853
1868.34	-0.00546715
1866.41	-0.00551135
1864.49	-0.00552058
1862.56	-0.00550268
1860.63	-0.00540334
1858.7	-0.00542082
1856.77	-0.00565293
1854.85	-0.00567042
1852.92	-0.00548917
1850.99	-0.00540544
1849.06	-0.0054362
1847.13	-0.00543119
1845.21	-0.00540652
1843.28	-0.00543289
1841.35	-0.00550805
1839.42	-0.00561028
1837.49	-0.00555411
1835.57	-0.00543653
1833.64	-0.0053607
1831.71	-0.00538188
1829.78	-0.00561299
1827.85	-0.00571215
1825.93	-0.00547991
1824	-0.00543325
1822.07	-0.00542726
1820.14	-0.00540164
1818.21	-0.00549598
1816.29	-0.00559582
1814.36	-0.0055336
1812.43	-0.00536443
1810.5	-0.00533701
1808.57	-0.00531501
1806.65	-0.00530827
1804.72	-0.00530483
1802.79	-0.005234
1800.86	-0.00517631
1798.93	-0.00515237
1797.01	-0.00516465
1795.08	-0.00524159
1793.15	-0.00523095
1791.22	-0.00518132
1789.29	-0.00511128
1787.37	-0.00496717
1785.44	-0.00506717
1783.51	-0.00513751
1781.58	-0.00528971
1779.65	-0.00522633
1777.73	-0.00505869
1775.8	-0.00511226
1773.87	-0.00504915
1771.94	-0.00493517
1770.01	-0.00486286
1768.08	-0.0049277
1766.16	-0.00495715
1764.23	-0.00486889
1762.3	-0.00489949
1760.37	-0.00514029
1758.45	-0.00524277
1756.52	-0.00498375
1754.59	-0.00477868
1752.66	-0.00480899
1750.73	-0.00484133
1748.81	-0.0048818
1746.88	-0.00492321
1744.95	-0.0048372
1743.02	-0.00480912
1741.09	-0.0048121
1739.17	-0.00473499
1737.24	-0.00473145
1735.31	-0.00474436
1733.38	-0.00455945
1731.45	-0.0043489
1729.52	-0.00435985
1727.6	-0.00468019
1725.67	-0.00463941
1723.74	-0.00453784
1721.81	-0.00433817
1719.89	-0.00413884
1717.96	-0.00414294
1716.03	-0.00418803
1714.1	-0.00421884
1712.17	-0.00412617
1710.24	-0.00415104
1708.32	-0.00413989
1706.39	-0.00400077
1704.46	-0.00398656
1702.53	-0.00394611
1700.6	-0.00376604
1698.68	-0.00373575
1696.75	-0.00384615
1694.82	-0.00386503
1692.89	-0.00368464
1690.96	-0.00358113
1689.04	-0.00375228
1687.11	-0.00400626
1685.18	-0.00376315
1683.25	-0.003588
1681.33	-0.00372278
1679.4	-0.00370905
1677.47	-0.00353424
1675.54	-0.00345453
1673.61	-0.00334038
1671.68	-0.00340963
1669.76	-0.00345792
1667.83	-0.00337116
1665.9	-0.0033221
1663.97	-0.00320526
1662.04	-0.00302554
1660.12	-0.00302442
1658.19	-0.00320233
1656.26	-0.00328511
1654.33	-0.00323552
1652.4	-0.00306289
1650.48	-0.00309865
1648.55	-0.00338046
1646.62	-0.00339927
1644.69	-0.00339565
1642.76	-0.00337757
1640.84	-0.00341081
1638.91	-0.00337418
1636.98	-0.00321302
1635.05	-0.00327679
1633.12	-0.00345483
1631.2	-0.00338987
1629.27	-0.0032514
1627.34	-0.00324667
1625.41	-0.00324486
1623.48	-0.0031873
1621.56	-0.00317375
1619.63	-0.00329672
1617.7	-0.00332345
1615.77	-0.00328774
1613.84	-0.00329553
1611.92	-0.00334137
1609.99	-0.00345246
1608.06	-0.0034445
1606.13	-0.00339315
1604.2	-0.0034874
1602.28	-0.00344943
1600.35	-0.00351869
1598.42	-0.00356818
1596.49	-0.00351369
1594.56	-0.00351047
1592.64	-0.00356345
1590.71	-0.00354564
1588.78	-0.00341226
1586.85	-0.00338967
1584.92	-0.00361054
1583	-0.00378529
1581.07	-0.00398419
1579.14	-0.00383321
1577.21	-0.00367034
1575.28	-0.00359168
1573.36	-0.00344579
1571.43	-0.00337323
1569.5	-0.0035345
1567.57	-0.00355031
1565.64	-0.00338184
1563.72	-0.00339519
1561.79	-0.00366384
1559.86	-0.00369259
1557.93	-0.00358892
1556	-0.003671
1554.08	-0.00363492
1552.15	-0.00365464
1550.22	-0.00375336
1548.29	-0.00387708
1546.36	-0.00401253
1544.44	-0.00389078
1542.51	-0.00384096
1540.58	-0.00410526
1538.65	-0.00401226
1536.72	-0.00384983
1534.8	-0.00387397
1532.87	-0.00399601
1530.94	-0.00396591
1529.01	-0.0040554
1527.08	-0.00418915
1525.16	-0.00411238
1523.23	-0.00383886
1521.3	-0.00397415
1519.37	-0.00418606
1517.44	-0.00429388
1515.52	-0.00424785
1513.59	-0.004175
1511.66	-0.00421208
1509.73	-0.00417484
1507.8	-0.00405622
1505.88	-0.00394
1503.95	-0.0041348
1502.02	-0.00436559
1500.09	-0.0043445
1498.16	-0.00416663
1496.24	-0.00408192
1494.31	-0.00394759
1492.38	-0.00396627
1490.45	-0.00404017
1488.52	-0.00393508
1486.6	-0.0040338
1484.67	-0.00425349
1482.74	-0.00430326
1480.81	-0.0043613
1478.88	-0.00461774
1476.96	-0.00452482
1475.03	-0.00423997
1473.1	-0.00442398
1471.17	-0.00473299
1469.24	-0.00463728
1467.32	-0.00457758
1465.39	-0.00464957
1463.46	-0.00478186
1461.53	-0.00463062
1459.6	-0.00442582
1457.68	-0.00459814
1455.75	-0.00470395
1453.82	-0.00478461
1451.89	-0.004628
1449.96	-0.00465823
1448.04	-0.00476147
1446.11	-0.00470179
1444.18	-0.00476193
1442.25	-0.00476577
1440.32	-0.00481902
1438.4	-0.00487125
1436.47	-0.0047421
1434.54	-0.00491934
1432.61	-0.0048776
1430.68	-0.00480116
1428.76	-0.00497107
1426.83	-0.00514776
1424.9	-0.00494133
1422.97	-0.00500631
1421.04	-0.00521281
1419.12	-0.00535491
1417.19	-0.00539025
1415.26	-0.00528126
1413.33	-0.00530889
1411.4	-0.0055757
1409.48	-0.0054771
1407.55	-0.00548168
1405.62	-0.00528418
1403.69	-0.00508089
1401.76	-0.00515866
1399.84	-0.00545053
1397.91	-0.00566997
1395.98	-0.00581868
1394.05	-0.00583104
1392.12	-0.00554332
1390.2	-0.00557894
1388.27	-0.00558466
1386.34	-0.00525498
1384.41	-0.00514049
1382.48	-0.00541833
1380.56	-0.00561109
1378.63	-0.00561629
1376.7	-0.00567526
1374.77	-0.00570424
1372.84	-0.00573691
1370.92	-0.00568625
1368.99	-0.00562719
1367.06	-0.00539556
1365.13	-0.00554384
1363.2	-0.00590138
1361.28	-0.0057441
1359.35	-0.00552807
1357.42	-0.00567961
1355.49	-0.00575165
1353.56	-0.00580796
1351.64	-0.0058211
1349.71	-0.00570885
1347.78	-0.00579717
1345.85	-0.00572157
1343.92	-0.00569976
1342	-0.0058806
1340.07	-0.00583882
1338.14	-0.00599816
1336.21	-0.00597048
1334.28	-0.00588471
1332.36	-0.00596434
1330.43	-0.00619847
1328.5	-0.00619011
1326.57	-0.00618031
1324.64	-0.00602087
1322.72	-0.00586569
1320.79	-0.00611981
1318.86	-0.00612432
1316.93	-0.00588458
1315	-0.0060097
1313.08	-0.00639406
1311.15	-0.00664131
1309.22	-0.0063202
1307.29	-0.00595388
1305.36	-0.00586487
1303.44	-0.00582048
1301.51	-0.00600496
1299.58	-0.00629717
1297.65	-0.00618893
1295.72	-0.00595515
1293.8	-0.00582231
1291.87	-0.00596434
1289.94	-0.0059578
1288.01	-0.00597855
1286.08	-0.0062326
1284.15	-0.00616914
1282.23	-0.00604881
1280.3	-0.00628875
1278.37	-0.00638677
1276.44	-0.00633642
1274.52	-0.00626001
1272.59	-0.00623329
1270.66	-0.00614937
1268.73	-0.00610511
1266.8	-0.00615081
1264.88	-0.00626278
1262.95	-0.00630197
1261.02	-0.00617871
1259.09	-0.00592554
1257.16	-0.00597094
1255.24	-0.00627441
1253.31	-0.00662786
1251.38	-0.00669766
1249.45	-0.00646888
1247.52	-0.00657222
1245.59	-0.00659569
1243.67	-0.0064016
1241.74	-0.00633757
1239.81	-0.00670467
1237.88	-0.00671691
1235.96	-0.00607652
1234.03	-0.00609537
1232.1	-0.00700688
1230.17	-0.00742808
1228.24	-0.00724698
1226.31	-0.00722329
1224.39	-0.0072298
1222.46	-0.00683832
1220.53	-0.00648498
1218.6	-0.00669178
1216.68	-0.0067769
1214.75	-0.00703668
1212.82	-0.0072835
1210.89	-0.00718897
1208.96	-0.00677445
1207.03	-0.00661908
1205.11	-0.00668125
1203.18	-0.00690166
1201.25	-0.00733006
1199.32	-0.00734124
1197.39	-0.00728429
1195.47	-0.00781464
1193.54	-0.0075578
1191.61	-0.00704845
1189.68	-0.00732739
1187.75	-0.00744082
1185.83	-0.00737779
1183.9	-0.00730159
1181.97	-0.00698758
1180.04	-0.00713571
1178.11	-0.00714217
1176.19	-0.00699097
1174.26	-0.00712825
1172.33	-0.00724131
1170.4	-0.00729491
1168.47	-0.00736101
1166.55	-0.00729888
1164.62	-0.00750879
1162.69	-0.00768188
1160.76	-0.00765297
1158.83	-0.00767195
1156.91	-0.00779537
1154.98	-0.00796321
1153.05	-0.00770001
1151.12	-0.00743124
1149.19	-0.00728168
1147.27	-0.00730801
1145.34	-0.00766889
1143.41	-0.00738675
1141.48	-0.00750817
1139.55	-0.00775153
1137.63	-0.00771072
1135.7	-0.00796327
1133.77	-0.00782626
1131.84	-0.00761748
1129.91	-0.00741685
1127.99	-0.00728194
1126.06	-0.00751485
1124.13	-0.007403
1122.2	-0.00760394
1120.27	-0.0076821
1118.35	-0.00748361
1116.42	-0.00705699
1114.49	-0.00688966
1112.56	-0.00732338
1110.63	-0.00776374
1108.71	-0.00752162
1106.78	-0.00724137
1104.85	-0.00722149
1102.92	-0.00746417
1100.99	-0.00789859
1099.07	-0.00837308
1097.14	-0.00804681
1095.21	-0.00744593
1093.28	-0.00711593
1091.35	-0.00682329
1089.43	-0.00729817
1087.5	-0.0075874
1085.57	-0.00760644
1083.64	-0.00779244
1081.71	-0.00789469
1079.79	-0.00777324
1077.86	-0.00791613
1075.93	-0.00780338
1074	-0.00752745
1072.07	-0.00786007
1070.15	-0.00818076
1068.22	-0.00795546
1066.29	-0.00786062
1064.36	-0.00728412
1062.43	-0.00726223
1060.51	-0.00756213
1058.58	-0.00724303
1056.65	-0.00653015
1054.72	-0.00682537
1052.79	-0.0073531
1050.87	-0.00721182
1048.94	-0.00681304
1047.01	-0.00660016
1045.08	-0.00655492
1043.15	-0.00630442
1041.23	-0.00633349
1039.3	-0.00605871
1037.37	-0.00622712
1035.44	-0.00650652
1033.51	-0.00659419
1031.59	-0.0062295
1029.66	-0.00593989
1027.73	-0.00582411
1025.8	-0.0060806
1023.87	-0.00635216
1021.95	-0.00625318
1020.02	-0.00599515
1018.09	-0.00595839
1016.16	-0.00569152
1014.23	-0.00543083
1012.31	-0.00544925
1010.38	-0.00566797
1008.45	-0.0057509
1006.52	-0.00574364
1004.59	-0.00563216
1002.67	-0.00565008
1000.74	-0.00577654
998.81	-0.00548354
996.882	-0.00544225
994.954	-0.0057184
993.026	-0.00533966
991.098	-0.00493386
989.17	-0.00540973
987.242	-0.00522941
985.314	-0.00478815
983.386	-0.00436166
981.458	-0.00443729
979.53	-0.00458227
977.602	-0.00426714
975.673	-0.00412157
973.746	-0.00393619
971.817	-0.00378483
969.89	-0.00342501
967.962	-0.00330063
966.034	-0.00357233
964.106	-0.00345617
962.178	-0.00311983
960.25	-0.00305232
958.322	-0.00252472
956.394	-0.00225059
954.465	-0.00186346
952.538	-0.000947626
950.609	-0.000760787
948.682	-0.0013573
946.754	-0.00131793
944.826	-0.000944551
942.898	-0.000236546
940.97	0.000464191
939.042	0.000477757
937.113	3.40963e-05
935.186	0.000157249
933.257	0.000562948
931.33	0.000911844
929.401	0.00144037
927.474	0.00176732
925.546	0.00222094
923.618	0.00208825
921.69	0.00211249
919.761	0.00255851
917.833	0.00291015
915.905	0.00272236
913.978	0.00306649
912.049	0.00334537
910.122	0.00321884
908.193	0.00350307
906.266	0.00386571
904.338	0.00413554
902.409	0.00406469
900.481	0.00400587
898.553	0.00404898
896.625	0.00432722
894.697	0.00424664
892.77	0.00437826
890.841	0.0042884
888.914	0.00383839
886.985	0.00370804
885.058	0.00407259
883.129	0.00422024
881.201	0.00448846
879.273	0.00464834
877.345	0.00447962
875.417	0.00454126
873.489	0.00485992
871.562	0.00458706
869.633	0.00434402
867.706	0.00461479
865.777	0.00486786
863.849	0.00496984
861.921	0.00427438
859.993	0.00395986
858.065	0.00435932
856.137	0.00442412
854.209	0.00415798
852.281	0.00449894
850.354	0.00423871
848.425	0.00419783
846.497	0.00464463
844.569	0.00466355
842.641	0.00453724
840.713	0.00443493
838.785	0.00422048
836.857	0.00434258
834.929	0.00447764
833.001	0.00420566
831.073	0.00423477
829.145	0.00460116
827.217	0.00464563
825.289	0.00386383
823.361	0.00349252
821.433	0.00345297
819.505	0.00365281
817.577	0.00383238
815.649	0.0033383
813.721	0.00315316
811.793	0.00347839
809.865	0.00342298
807.937	0.00298311
806.009	0.00249669
804.081	0.00194428
802.153	0.00164896
800.225	0.00160576
798.297	0.00143781
796.369	0.00192734
794.441	0.00309145
792.513	0.00353013
790.585	0.00206827
788.657	0.00189149
786.729	0.00233286
784.801	0.00206744
782.873	0.00152316
780.945	0.00106394
779.017	0.00100682
777.089	0.000418353
775.161	0.000327786
773.232	9.27521e-05
771.305	-0.000121022
769.377	-0.000103797
767.449	-7.28948e-07
765.521	-6.53354e-05
763.593	-0.00048554
761.665	-0.000433276
759.737	-0.000412687
757.809	-0.000828753
755.881	-0.00118617
753.953	-0.00165678
752.024	-0.00187824
750.097	-0.0015633
748.169	-0.00137299
746.241	-0.00104465
744.313	-0.00131869
742.385	-0.00218578
740.457	-0.00330135
738.529	-0.00291063
736.601	-0.00274043
734.672	-0.00267942
732.745	-0.00239451
730.816	-0.00184598
728.889	-0.00186614
726.961	-0.00279963
725.033	-0.00336393
723.105	-0.00293139
721.177	-0.00305897
719.249	-0.0033895
717.32	-0.00315622
715.393	-0.00337077
713.464	-0.0035276
711.537	-0.00337188
709.608	-0.00346794
707.681	-0.00297332
705.752	-0.0027889
703.825	-0.00351133
701.897	-0.0044758
699.968	-0.00491069
698.041	-0.0052631
696.112	-0.00454505
694.185	-0.00428128
692.256	-0.00414694
690.329	-0.00436556
688.4	-0.00440869
686.473	-0.00436842
684.544	-0.00416352
682.617	-0.00389298
680.688	-0.00452574
678.76	-0.00494336
676.833	-0.00488275
674.904	-0.00589383
672.977	-0.00561927
671.048	-0.00427508
669.121	-0.0040664
667.192	-0.0045178
665.265	-0.00401899
663.336	-0.00374032
661.408	-0.00453354
659.48	-0.00505495
657.552	-0.00533026
655.625	-0.00460417
653.696	-0.00372682
651.769	-0.00407526
649.84	-0.00419344
647.913	-0.00442706
645.984	-0.00485441
644.056	-0.00600117
642.128	-0.00549019
640.2	-0.00480883
638.272	-0.00463764
636.344	-0.00484399
634.417	-0.00529289
632.488	-0.0044229
630.561	-0.00292106
628.632	-0.00451587
626.704	-0.00637146
624.776	-0.00582097
622.848	-0.00531881
620.92	-0.00597973
618.992	-0.00510931
617.064	-0.00461781
615.136	-0.00486125
613.208	-0.00538139
611.28	-0.00662483
609.353	-0.00679634
607.424	-0.00604927
605.496	-0.00342031
603.568	-0.00112609
601.64	-0.00387298
599.712	-0.00594309
597.784	-0.00642987
595.856	-0.00618733
593.928	-0.00599979
592	-0.00571506
590.072	-0.00585693
588.144	-0.00628457
586.216	-0.00674405
584.288	-0.00471772
582.36	-0.00348904
580.432	-0.00387479
578.504	-0.00500419
576.576	-0.00622189
574.648	-0.00604048
572.72	-0.0056787
570.792	-0.00626478
568.864	-0.00667576
566.936	-0.00826802
565.008	-0.00881127
563.08	-0.00746192
561.152	-0.00706413
559.224	-0.0070949
557.296	-0.00741281
555.368	-0.00836976
553.44	-0.0084991
551.512	-0.00793282
549.583	-0.00772774
547.656	-0.0078806
545.728	-0.00838195
543.8	-0.00872769
541.872	-0.00868202
539.944	-0.0111799
538.016	-0.0119249
536.088	-0.0102405
534.16	-0.00893522
532.231	-0.0103222
530.304	-0.0102162
528.375	-0.00901587
526.448	-0.00973914
524.52	-0.0103106
522.592	-0.0102165
520.664	-0.0102942
518.736	-0.00987837
516.808	-0.0102204
514.879	-0.01061
512.952	-0.012493
511.023	-0.0115493
509.096	-0.0103562
507.167	-0.00881802
505.24	-0.0100563
503.312	-0.0116817
501.384	-0.0126104
499.456	-0.0125724
497.527	-0.012088
495.6	-0.0113021
493.671	-0.0122117
491.744	-0.0103567
489.815	-0.0100632
487.888	-0.0111924
485.959	-0.0125775
484.032	-0.0118046
482.104	-0.00966367
480.176	-0.0105902
478.248	-0.0134129
476.319	-0.0165557
474.392	-0.0184392
472.463	-0.0185405
470.536	-0.0182144
468.607	-0.0125965
466.68	-0.00736264
464.751	-0.00968856
462.824	-0.0154855
460.895	-0.0173342
458.967	-0.0194412
457.04	-0.0195712
455.111	-0.0173366
453.184	-0.0124397
451.255	-0.0198436
449.328	-0.0207555
447.399	-0.0173023
445.472	-0.014275
443.543	-0.0166623
441.615	-0.0173604
439.687	-0.0125585
437.759	-0.00522535
435.832	-0.00977546
433.903	-0.0192224
431.976	-0.0120572
430.047	-0.00509566
428.12	-0.0132648
426.191	-0.0164421
424.263	-0.0187729
422.335	-0.0211138
420.407	-0.0162073
418.479	-0.0148635
416.551	-0.0200217
414.624	-0.0084178
412.695	-0.010083
410.768	-0.0393313
408.839	-0.0448096
406.912	-0.0309444
404.983	-0.0171429
403.055	-0.0244636
401.127	-0.0587915
