nAHi0129.spa, Thu Oct 26 15:25:48 2006 (GMT-10:00)
9999.26	-0.00729615
9997.33	-0.00745616
9995.4	-0.00742202
9993.48	-0.00790608
9991.55	-0.00827966
9989.62	-0.00843356
9987.69	-0.00758818
9985.76	-0.0063582
9983.84	-0.00552712
9981.91	-0.00609537
9979.98	-0.00805647
9978.05	-0.00926397
9976.12	-0.00849484
9974.2	-0.00715768
9972.27	-0.00663641
9970.34	-0.0070728
9968.41	-0.00737499
9966.48	-0.00770095
9964.56	-0.00799024
9962.63	-0.00701184
9960.7	-0.00788694
9958.77	-0.00835875
9956.84	-0.00800963
9954.92	-0.00773816
9952.99	-0.0076712
9951.06	-0.00756838
9949.13	-0.00835559
9947.2	-0.00863626
9945.28	-0.00780764
9943.35	-0.00719647
9941.42	-0.00699766
9939.49	-0.00663494
9937.56	-0.00705129
9935.64	-0.00710667
9933.71	-0.00708252
9931.78	-0.00741597
9929.85	-0.00724685
9927.92	-0.00747225
9926	-0.00742105
9924.07	-0.00715948
9922.14	-0.00697783
9920.21	-0.00747967
9918.28	-0.00761794
9916.36	-0.00653345
9914.43	-0.00599662
9912.5	-0.00604574
9910.57	-0.00695488
9908.64	-0.00736284
9906.71	-0.00673798
9904.79	-0.0066415
9902.86	-0.006768
9900.93	-0.00638462
9899	-0.00654983
9897.08	-0.00684612
9895.15	-0.00659445
9893.22	-0.00680153
9891.29	-0.00673175
9889.36	-0.00684749
9887.43	-0.0066074
9885.51	-0.00663752
9883.58	-0.00665664
9881.65	-0.00629512
9879.72	-0.00651749
9877.79	-0.00675968
9875.87	-0.00664248
9873.94	-0.00705768
9872.01	-0.00622127
9870.08	-0.00565947
9868.15	-0.00613902
9866.23	-0.00623319
9864.3	-0.0064745
9862.37	-0.00658838
9860.44	-0.00683049
9858.51	-0.00703965
9856.59	-0.0060774
9854.66	-0.00566264
9852.73	-0.00595005
9850.8	-0.00569806
9848.87	-0.00605136
9846.95	-0.00591583
9845.02	-0.00560956
9843.09	-0.00565335
9841.16	-0.00656005
9839.23	-0.00699502
9837.31	-0.00628509
9835.38	-0.00531773
9833.45	-0.00517621
9831.52	-0.00520463
9829.59	-0.00524224
9827.67	-0.00550471
9825.74	-0.00654366
9823.81	-0.00682443
9821.88	-0.00626327
9819.95	-0.00586337
9818.03	-0.00601107
9816.1	-0.00663377
9814.17	-0.00664268
9812.24	-0.00633482
9810.31	-0.00598466
9808.39	-0.0057769
9806.46	-0.00601943
9804.53	-0.00633104
9802.6	-0.00613441
9800.67	-0.00587533
9798.75	-0.00580315
9796.82	-0.00633316
9794.89	-0.0057491
9792.96	-0.00482465
9791.03	-0.00482338
9789.11	-0.00504595
9787.18	-0.00537527
9785.25	-0.00577199
9783.32	-0.0059879
9781.39	-0.00635122
9779.46	-0.00604012
9777.54	-0.0053499
9775.61	-0.00491807
9773.68	-0.0051102
9771.75	-0.00501329
9769.83	-0.00509383
9767.9	-0.00542124
9765.97	-0.00506347
9764.04	-0.00551263
9762.11	-0.00625057
9760.18	-0.00608407
9758.26	-0.00574927
9756.33	-0.0058314
9754.4	-0.00588697
9752.47	-0.00595348
9750.54	-0.00577951
9748.62	-0.00531406
9746.69	-0.00556729
9744.76	-0.00566741
9742.83	-0.00581178
9740.9	-0.00542605
9738.98	-0.0052189
9737.05	-0.00526817
9735.12	-0.00520306
9733.19	-0.00554695
9731.26	-0.00547909
9729.34	-0.00536411
9727.41	-0.00557302
9725.48	-0.0056161
9723.55	-0.00487443
9721.62	-0.00397257
9719.7	-0.004562
9717.77	-0.00570914
9715.84	-0.00558205
9713.91	-0.00493831
9711.98	-0.00478222
9710.06	-0.00573468
9708.13	-0.00572847
9706.2	-0.00493189
9704.27	-0.00475112
9702.34	-0.00516933
9700.42	-0.00588315
9698.49	-0.00565136
9696.56	-0.00472853
9694.63	-0.00472788
9692.7	-0.00517267
9690.78	-0.00491004
9688.85	-0.0051899
9686.92	-0.00555539
9684.99	-0.00593963
9683.06	-0.00561518
9681.14	-0.00467475
9679.21	-0.00479562
9677.28	-0.00568089
9675.35	-0.00558404
9673.42	-0.00507044
9671.5	-0.005112
9669.57	-0.00527544
9667.64	-0.00500402
9665.71	-0.00483311
9663.78	-0.00499203
9661.86	-0.00477933
9659.93	-0.0045924
9658	-0.0051249
9656.07	-0.00530392
9654.14	-0.00443828
9652.21	-0.00436687
9650.29	-0.00458158
9648.36	-0.00453456
9646.43	-0.00511999
9644.5	-0.00530981
9642.57	-0.00549051
9640.65	-0.00540757
9638.72	-0.00472798
9636.79	-0.00457827
9634.86	-0.0042844
9632.93	-0.00448649
9631.01	-0.00461397
9629.08	-0.00441916
9627.15	-0.00428473
9625.22	-0.00387196
9623.29	-0.00391794
9621.37	-0.00387071
9619.44	-0.00431901
9617.51	-0.0046303
9615.58	-0.0043938
9613.65	-0.00392874
9611.73	-0.0041071
9609.8	-0.00463102
9607.87	-0.00486243
9605.94	-0.00469913
9604.01	-0.00397789
9602.09	-0.00353641
9600.16	-0.00397395
9598.23	-0.00376423
9596.3	-0.00377928
9594.37	-0.0043548
9592.45	-0.00456617
9590.52	-0.00479297
9588.59	-0.00463118
9586.66	-0.00419459
9584.73	-0.00369088
9582.81	-0.0030694
9580.88	-0.00287277
9578.95	-0.00357249
9577.02	-0.00441378
9575.09	-0.00520941
9573.17	-0.00530009
9571.24	-0.00453368
9569.31	-0.00437015
9567.38	-0.00435411
9565.45	-0.00405202
9563.53	-0.0038227
9561.6	-0.00400484
9559.67	-0.00452099
9557.74	-0.00448865
9555.81	-0.0044614
9553.88	-0.00432128
9551.96	-0.0040315
9550.03	-0.00398626
9548.1	-0.00371292
9546.17	-0.00345936
9544.25	-0.0037575
9542.32	-0.00405445
9540.39	-0.00412797
9538.46	-0.00392687
9536.53	-0.0041494
9534.6	-0.004169
9532.68	-0.0031999
9530.75	-0.00282649
9528.82	-0.00382033
9526.89	-0.00423361
9524.96	-0.00412787
9523.04	-0.00397313
9521.11	-0.00400498
9519.18	-0.00384792
9517.25	-0.00323371
9515.32	-0.00327452
9513.4	-0.00382684
9511.47	-0.00423518
9509.54	-0.00456791
9507.61	-0.00401555
9505.68	-0.0034611
9503.76	-0.00346393
9501.83	-0.00389827
9499.9	-0.00396975
9497.97	-0.00387889
9496.04	-0.00401381
9494.12	-0.00425602
9492.19	-0.0042423
9490.26	-0.00431927
9488.33	-0.0041371
9486.4	-0.00360627
9484.48	-0.00330546
9482.55	-0.00356036
9480.62	-0.00380171
9478.69	-0.00384891
9476.76	-0.00418314
9474.84	-0.00376499
9472.91	-0.00327623
9470.98	-0.0039642
9469.05	-0.0039245
9467.12	-0.00353315
9465.2	-0.00316414
9463.27	-0.00365582
9461.34	-0.00380391
9459.41	-0.00339214
9457.48	-0.00354774
9455.56	-0.00365234
9453.63	-0.003049
9451.7	-0.0027807
9449.77	-0.00300649
9447.84	-0.00313602
9445.92	-0.00376854
9443.99	-0.00427197
9442.06	-0.00376243
9440.13	-0.00347297
9438.2	-0.00369098
9436.28	-0.00371907
9434.35	-0.00349706
9432.42	-0.00358353
9430.49	-0.00354544
9428.56	-0.00346541
9426.63	-0.00342139
9424.71	-0.00303551
9422.78	-0.00323779
9420.85	-0.00399227
9418.92	-0.00410355
9417	-0.00399037
9415.07	-0.00425694
9413.14	-0.00455899
9411.21	-0.00398708
9409.28	-0.00311763
9407.35	-0.00346843
9405.43	-0.00381239
9403.5	-0.00334903
9401.57	-0.00305973
9399.64	-0.00366443
9397.71	-0.00415442
9395.79	-0.00388766
9393.86	-0.00339177
9391.93	-0.00330418
9390	-0.00346186
9388.07	-0.00330438
9386.15	-0.00293778
9384.22	-0.00319543
9382.29	-0.00326765
9380.36	-0.00294479
9378.43	-0.00310401
9376.51	-0.00312809
9374.58	-0.00335781
9372.65	-0.00348293
9370.72	-0.00346962
9368.79	-0.00353992
9366.87	-0.00332625
9364.94	-0.00319954
9363.01	-0.00345213
9361.08	-0.00347123
9359.15	-0.00337866
9357.23	-0.00298056
9355.3	-0.00293383
9353.37	-0.00309286
9351.44	-0.00262106
9349.51	-0.0021714
9347.59	-0.00220213
9345.66	-0.00263094
9343.73	-0.00295167
9341.8	-0.00323177
9339.87	-0.00290128
9337.95	-0.00302719
9336.02	-0.00286333
9334.09	-0.0032519
9332.16	-0.00319894
9330.23	-0.00318368
9328.31	-0.00309598
9326.38	-0.00246084
9324.45	-0.00240183
9322.52	-0.00241969
9320.59	-0.00263848
9318.67	-0.00287047
9316.74	-0.00277494
9314.81	-0.00310575
9312.88	-0.00323279
9310.95	-0.00312118
9309.03	-0.00284134
9307.1	-0.0029254
9305.17	-0.00295706
9303.24	-0.0031201
9301.31	-0.00350919
9299.38	-0.00372278
9297.46	-0.00343898
9295.53	-0.00345032
9293.6	-0.00349151
9291.67	-0.00304298
9289.74	-0.00277823
9287.82	-0.00282998
9285.89	-0.00311052
9283.96	-0.00283235
9282.03	-0.00220243
9280.1	-0.00283821
9278.18	-0.00356069
9276.25	-0.00332631
9274.32	-0.00284901
9272.39	-0.00306078
9270.46	-0.0035412
9268.54	-0.00340788
9266.61	-0.00352319
9264.68	-0.00290631
9262.75	-0.00206028
9260.82	-0.00283584
9258.9	-0.00354978
9256.97	-0.00305634
9255.04	-0.00228767
9253.11	-0.00224106
9251.18	-0.0023783
9249.26	-0.00290934
9247.33	-0.0035762
9245.4	-0.00361711
9243.47	-0.00338083
9241.54	-0.00308704
9239.62	-0.00297562
9237.69	-0.00296404
9235.76	-0.00309151
9233.83	-0.00282119
9231.9	-0.00244189
9229.98	-0.00244997
9228.05	-0.003016
9226.12	-0.00312105
9224.19	-0.00335206
9222.26	-0.0031173
9220.34	-0.00301083
9218.41	-0.00300096
9216.48	-0.00257551
9214.55	-0.00289901
9212.62	-0.00314572
9210.7	-0.00235569
9208.77	-0.001798
9206.84	-0.00237695
9204.91	-0.00322644
9202.98	-0.00293373
9201.05	-0.00208538
9199.13	-0.00190028
9197.2	-0.00262353
9195.27	-0.0030438
9193.34	-0.00305256
9191.42	-0.00261602
9189.49	-0.002099
9187.56	-0.00244977
9185.63	-0.00283489
9183.7	-0.00292705
9181.77	-0.00284963
9179.85	-0.00264741
9177.92	-0.00263341
9175.99	-0.0030439
9174.06	-0.00317658
9172.13	-0.00309931
9170.21	-0.00286415
9168.28	-0.00283785
9166.35	-0.0024215
9164.42	-0.00209379
9162.49	-0.00195164
9160.57	-0.00212735
9158.64	-0.00276332
9156.71	-0.00318483
9154.78	-0.00318835
9152.85	-0.00272828
9150.93	-0.00222998
9149	-0.00227722
9147.07	-0.00231259
9145.14	-0.00250274
9143.21	-0.0026725
9141.29	-0.00278231
9139.36	-0.00280684
9137.43	-0.00264356
9135.5	-0.0030291
9133.57	-0.00334594
9131.65	-0.00293751
9129.72	-0.0021896
9127.79	-0.00266954
9125.86	-0.00304621
9123.93	-0.00241168
9122.01	-0.00217081
9120.08	-0.00255595
9118.15	-0.00238617
9116.22	-0.00251144
9114.29	-0.00270224
9112.37	-0.00258872
9110.44	-0.00247099
9108.51	-0.00279496
9106.58	-0.00321677
9104.65	-0.00287663
9102.73	-0.00248519
9100.8	-0.00246819
9098.87	-0.00283992
9096.94	-0.00287972
9095.01	-0.00230606
9093.08	-0.00200339
9091.16	-0.00203196
9089.23	-0.00211192
9087.3	-0.00264635
9085.37	-0.0029875
9083.45	-0.00294982
9081.52	-0.00253078
9079.59	-0.00230972
9077.66	-0.00253974
9075.73	-0.00314536
9073.8	-0.00325755
9071.88	-0.00231631
9069.95	-0.00185604
9068.02	-0.00219989
9066.09	-0.00225902
9064.17	-0.00205844
9062.24	-0.00213382
9060.31	-0.0021899
9058.38	-0.00223641
9056.45	-0.00246763
9054.52	-0.00292004
9052.6	-0.00304982
9050.67	-0.00287202
9048.74	-0.0026779
9046.81	-0.00284825
9044.88	-0.00295831
9042.96	-0.00241408
9041.03	-0.00201091
9039.1	-0.00216056
9037.17	-0.00237345
9035.24	-0.00229218
9033.32	-0.00229854
9031.39	-0.00228361
9029.46	-0.00246097
9027.53	-0.00229419
9025.6	-0.00225599
9023.68	-0.00194841
9021.75	-0.00211723
9019.82	-0.00261915
9017.89	-0.00246779
9015.96	-0.00243494
9014.04	-0.00282103
9012.11	-0.00286474
9010.18	-0.0030874
9008.25	-0.00317694
9006.32	-0.00260074
9004.4	-0.00242792
9002.47	-0.00243837
9000.54	-0.00210335
8998.61	-0.00230609
8996.68	-0.00283719
8994.76	-0.00251885
8992.83	-0.00279021
8990.9	-0.00328202
8988.97	-0.00304334
8987.04	-0.00243771
8985.12	-0.0019498
8983.19	-0.00181737
8981.26	-0.00227666
8979.33	-0.00239616
8977.4	-0.00177401
8975.48	-0.00177408
8973.55	-0.00244502
8971.62	-0.00289746
8969.69	-0.00306822
8967.76	-0.00276506
8965.83	-0.002361
8963.91	-0.00244344
8961.98	-0.00271475
8960.05	-0.00256757
8958.12	-0.00228263
8956.2	-0.00216168
8954.27	-0.0023581
8952.34	-0.00248673
8950.41	-0.00250673
8948.48	-0.00273833
8946.55	-0.00259251
8944.63	-0.00252567
8942.7	-0.0026368
8940.77	-0.00281435
8938.84	-0.00256204
8936.92	-0.0020404
8934.99	-0.00210899
8933.06	-0.00243616
8931.13	-0.00246407
8929.2	-0.00226469
8927.27	-0.00237362
8925.35	-0.00234716
8923.42	-0.00204314
8921.49	-0.00214582
8919.56	-0.00257021
8917.63	-0.00227083
8915.71	-0.0022938
8913.78	-0.00282274
8911.85	-0.00271574
8909.92	-0.00274886
8907.99	-0.00263773
8906.07	-0.00232593
8904.14	-0.00241372
8902.21	-0.00260354
8900.28	-0.00263592
8898.35	-0.00240038
8896.43	-0.00230622
8894.5	-0.0023525
8892.57	-0.00254046
8890.64	-0.00246453
8888.71	-0.00253002
8886.79	-0.00234663
8884.86	-0.00213731
8882.93	-0.00219191
8881	-0.00227841
8879.07	-0.00243731
8877.15	-0.00294946
8875.22	-0.00265666
8873.29	-0.00210971
8871.36	-0.00207595
8869.43	-0.00223668
8867.51	-0.00234656
8865.58	-0.0023695
8863.65	-0.00227702
8861.72	-0.00253434
8859.79	-0.00258394
8857.87	-0.00254494
8855.94	-0.00242911
8854.01	-0.00245873
8852.08	-0.0027888
8850.15	-0.00309519
8848.22	-0.00334012
8846.3	-0.00303989
8844.37	-0.00250627
8842.44	-0.00243026
8840.51	-0.00268778
8838.58	-0.00260911
8836.66	-0.00254
8834.73	-0.00260637
8832.8	-0.00268884
8830.87	-0.00286909
8828.94	-0.00275752
8827.02	-0.00249023
8825.09	-0.00273941
8823.16	-0.00281204
8821.23	-0.00286491
8819.3	-0.00273388
8817.38	-0.00268225
8815.45	-0.00256135
8813.52	-0.00259676
8811.59	-0.00279914
8809.66	-0.00285895
8807.74	-0.00255674
8805.81	-0.00248792
8803.88	-0.00258384
8801.95	-0.00261576
8800.02	-0.00271969
8798.1	-0.00267194
8796.17	-0.00273085
8794.24	-0.00316382
8792.31	-0.00314161
8790.38	-0.00272206
8788.46	-0.00246166
8786.53	-0.00241804
8784.6	-0.0024843
8782.67	-0.00273612
8780.74	-0.00266644
8778.82	-0.00273612
8776.89	-0.00282406
8774.96	-0.00290368
8773.03	-0.00229442
8771.1	-0.00200511
8769.18	-0.00232702
8767.25	-0.00274959
8765.32	-0.00276477
8763.39	-0.00231891
8761.46	-0.00229713
8759.54	-0.00246179
8757.61	-0.0026812
8755.68	-0.00251951
8753.75	-0.00257515
8751.82	-0.00279835
8749.9	-0.00270415
8747.97	-0.00261036
8746.04	-0.00267178
8744.11	-0.00263206
8742.18	-0.00232376
8740.25	-0.00225748
8738.33	-0.0023986
8736.4	-0.00231651
8734.47	-0.00213629
8732.54	-0.00218449
8730.62	-0.00231974
8728.69	-0.00232633
8726.76	-0.00246746
8724.83	-0.00267636
8722.9	-0.0027324
8720.97	-0.00302798
8719.05	-0.00290118
8717.12	-0.00260542
8715.19	-0.00252699
8713.26	-0.00250393
8711.33	-0.00240328
8709.41	-0.00243662
8707.48	-0.00256392
8705.55	-0.00260509
8703.62	-0.00232821
8701.69	-0.0023926
8699.77	-0.00282916
8697.84	-0.00257031
8695.91	-0.001709
8693.98	-0.00166141
8692.05	-0.00232557
8690.13	-0.00262106
8688.2	-0.00282211
8686.27	-0.00289552
8684.34	-0.00269387
8682.41	-0.0026261
8680.49	-0.00270214
8678.56	-0.00276799
8676.63	-0.00271495
8674.7	-0.00245234
8672.77	-0.0022939
8670.85	-0.00233252
8668.92	-0.0024302
8666.99	-0.0025121
8665.06	-0.00261862
8663.13	-0.0026458
8661.21	-0.00262281
8659.28	-0.00268238
8657.35	-0.00253272
8655.42	-0.00268824
8653.49	-0.00289351
8651.57	-0.00301942
8649.64	-0.00295186
8647.71	-0.00288834
8645.78	-0.00235882
8643.85	-0.00239131
8641.93	-0.00285332
8640	-0.00292837
8638.07	-0.00296986
8636.14	-0.0025818
8634.21	-0.00235401
8632.29	-0.00229564
8630.36	-0.00248657
8628.43	-0.00280161
8626.5	-0.00274422
8624.57	-0.00238288
8622.65	-0.00258678
8620.72	-0.00251184
8618.79	-0.00244651
8616.86	-0.00280035
8614.93	-0.00300817
8613	-0.00314322
8611.08	-0.00313766
8609.15	-0.0031098
8607.22	-0.00323141
8605.29	-0.00279249
8603.37	-0.00243942
8601.44	-0.00242123
8599.51	-0.00224933
8597.58	-0.00245484
8595.65	-0.0029389
8593.72	-0.00311911
8591.8	-0.0030564
8589.87	-0.00269252
8587.94	-0.00272308
8586.01	-0.00314536
8584.08	-0.00329655
8582.16	-0.00288347
8580.23	-0.00278472
8578.3	-0.00262393
8576.37	-0.00238848
8574.44	-0.00284835
8572.52	-0.00336925
8570.59	-0.0030439
8568.66	-0.00298049
8566.73	-0.00310934
8564.8	-0.00290358
8562.88	-0.00261606
8560.95	-0.00273787
8559.02	-0.0027863
8557.09	-0.00250726
8555.16	-0.00253345
8553.24	-0.00262281
8551.31	-0.00269974
8549.38	-0.0027807
8547.45	-0.00271254
8545.52	-0.00299728
8543.6	-0.0033052
8541.67	-0.00310825
8539.74	-0.00308345
8537.81	-0.00328047
8535.88	-0.00333069
8533.96	-0.00317951
8532.03	-0.00302765
8530.1	-0.00296529
8528.17	-0.00272618
8526.24	-0.00295897
8524.32	-0.00320493
8522.39	-0.00299297
8520.46	-0.0027294
8518.53	-0.00269252
8516.6	-0.0026758
8514.68	-0.00281606
8512.75	-0.00330977
8510.82	-0.0032443
8508.89	-0.00270744
8506.96	-0.00272802
8505.04	-0.00307726
8503.11	-0.00311161
8501.18	-0.00288657
8499.25	-0.0028652
8497.32	-0.0029129
8495.39	-0.00267659
8493.47	-0.00284947
8491.54	-0.00285273
8489.61	-0.00265265
8487.68	-0.0028391
8485.75	-0.0029925
8483.83	-0.00289746
8481.9	-0.00295608
8479.97	-0.0034329
8478.04	-0.00341245
8476.11	-0.00349039
8474.19	-0.00334785
8472.26	-0.00302742
8470.33	-0.00282616
8468.4	-0.00278537
8466.47	-0.00296072
8464.55	-0.00314497
8462.62	-0.00316974
8460.69	-0.00310036
8458.76	-0.00320983
8456.83	-0.00325407
8454.91	-0.00292409
8452.98	-0.00303081
8451.05	-0.00314013
8449.12	-0.00306453
8447.19	-0.00297687
8445.27	-0.00297947
8443.34	-0.00324729
8441.41	-0.00338277
8439.48	-0.00327715
8437.55	-0.00302919
8435.63	-0.00276019
8433.7	-0.00303186
8431.77	-0.00318911
8429.84	-0.00305374
8427.91	-0.0032978
8425.99	-0.00359303
8424.06	-0.00324857
8422.13	-0.00258029
8420.2	-0.00263644
8418.27	-0.00327396
8416.35	-0.00316724
8414.42	-0.00298003
8412.49	-0.00289094
8410.56	-0.00312398
8408.63	-0.00313763
8406.71	-0.00325387
8404.78	-0.00362898
8402.85	-0.00352447
8400.92	-0.00337182
8398.99	-0.00349608
8397.07	-0.00356993
8395.14	-0.00346064
8393.21	-0.0032344
8391.28	-0.00328432
8389.35	-0.00339776
8387.43	-0.00353013
8385.5	-0.00348303
8383.57	-0.0035159
8381.64	-0.00372301
8379.71	-0.00355777
8377.79	-0.00340729
8375.86	-0.00350199
8373.93	-0.00348171
8372	-0.00326722
8370.07	-0.00313941
8368.14	-0.00339766
8366.22	-0.00347363
8364.29	-0.00357269
8362.36	-0.00348556
8360.43	-0.00333269
8358.5	-0.00340824
8356.58	-0.00357798
8354.65	-0.00375829
8352.72	-0.00352875
8350.79	-0.00337948
8348.86	-0.00358698
8346.94	-0.00343967
8345.01	-0.00351872
8343.08	-0.0036458
8341.15	-0.00349049
8339.22	-0.00348336
8337.3	-0.00348829
8335.37	-0.00320763
8333.44	-0.00335107
8331.51	-0.00356352
8329.58	-0.0036686
8327.66	-0.00362185
8325.73	-0.00343024
8323.8	-0.00338194
8321.87	-0.00367889
8319.94	-0.00386996
8318.02	-0.00356233
8316.09	-0.0037573
8314.16	-0.00392089
8312.23	-0.00368759
8310.3	-0.00369617
8308.38	-0.00382638
8306.45	-0.00352109
8304.52	-0.00345262
8302.59	-0.00371312
8300.66	-0.00398879
8298.74	-0.00374633
8296.81	-0.00336485
8294.88	-0.00314138
8292.95	-0.00320868
8291.02	-0.0034682
8289.1	-0.0034423
8287.17	-0.00324782
8285.24	-0.00329678
8283.31	-0.00338842
8281.38	-0.00366824
8279.46	-0.00391413
8277.53	-0.00375642
8275.6	-0.00341081
8273.67	-0.00357456
8271.74	-0.00372225
8269.82	-0.00382227
8267.89	-0.00382447
8265.96	-0.00385298
8264.03	-0.00369778
8262.1	-0.00362595
8260.17	-0.00371887
8258.25	-0.0038
8256.32	-0.00372685
8254.39	-0.00363486
8252.46	-0.00370238
8250.54	-0.00374742
8248.61	-0.00369367
8246.68	-0.00368503
8244.75	-0.00346995
8242.82	-0.00360883
8240.89	-0.00398574
8238.97	-0.00402454
8237.04	-0.00375993
8235.11	-0.00337629
8233.18	-0.00346686
8231.25	-0.00395323
8229.33	-0.00410982
8227.4	-0.0037888
8225.47	-0.00353762
8223.54	-0.00336248
8221.61	-0.00354311
8219.69	-0.00377928
8217.76	-0.00367698
8215.83	-0.00345591
8213.9	-0.00352181
8211.97	-0.00370928
8210.05	-0.00406699
8208.12	-0.00408209
8206.19	-0.00382299
8204.26	-0.00379701
8202.33	-0.00386487
8200.41	-0.00400708
8198.48	-0.00376946
8196.55	-0.00381032
8194.62	-0.0040098
8192.69	-0.00397595
8190.77	-0.00403176
8188.84	-0.00409413
8186.91	-0.00393107
8184.98	-0.00380138
8183.05	-0.00378013
8181.13	-0.00411117
8179.2	-0.00404716
8177.27	-0.00392634
8175.34	-0.00386894
8173.41	-0.00365999
8171.49	-0.00381304
8169.56	-0.00417845
8167.63	-0.00436641
8165.7	-0.00417198
8163.77	-0.0040467
8161.85	-0.00410053
8159.92	-0.00403823
8157.99	-0.00389587
8156.06	-0.00394164
8154.13	-0.00414701
8152.21	-0.00418783
8150.28	-0.00395671
8148.35	-0.00392851
8146.42	-0.00425825
8144.49	-0.00415534
8142.56	-0.00414517
8140.64	-0.00413309
8138.71	-0.00414166
8136.78	-0.004215
8134.85	-0.0043529
8132.92	-0.0041875
8131	-0.00410089
8129.07	-0.00438662
8127.14	-0.00446399
8125.21	-0.00411773
8123.28	-0.00404427
8121.36	-0.00432839
8119.43	-0.00429749
8117.5	-0.00401647
8115.57	-0.00402664
8113.64	-0.00404082
8111.72	-0.00403068
8109.79	-0.00427754
8107.86	-0.0043799
8105.93	-0.00432511
8104	-0.00433394
8102.08	-0.0043917
8100.15	-0.00413418
8098.22	-0.00412348
8096.29	-0.00462958
8094.36	-0.00454594
8092.44	-0.00403508
8090.51	-0.00408347
8088.58	-0.00423052
8086.65	-0.00420309
8084.72	-0.0044311
8082.8	-0.00456764
8080.87	-0.00444048
8078.94	-0.00420654
8077.01	-0.00411921
8075.08	-0.00409213
8073.16	-0.00441197
8071.23	-0.00450321
8069.3	-0.00427036
8067.37	-0.00424585
8065.44	-0.00440548
8063.52	-0.00418747
8061.59	-0.00430281
8059.66	-0.00428965
8057.73	-0.00415889
8055.8	-0.00411596
8053.88	-0.00423341
8051.95	-0.00448501
8050.02	-0.0043778
8048.09	-0.00442664
8046.16	-0.00450006
8044.24	-0.00435454
8042.31	-0.00452308
8040.38	-0.004626
8038.45	-0.00462453
8036.52	-0.00455207
8034.6	-0.00448941
8032.67	-0.00455227
8030.74	-0.00445625
8028.81	-0.00439006
8026.88	-0.00463213
8024.96	-0.00444667
8023.03	-0.00431107
8021.1	-0.00443454
8019.17	-0.00445422
8017.24	-0.00435057
8015.31	-0.00456555
8013.39	-0.00457046
8011.46	-0.00446252
8009.53	-0.00441748
8007.6	-0.00449633
8005.67	-0.00459269
8003.75	-0.00460079
8001.82	-0.00441024
7999.89	-0.00446012
7997.96	-0.00452574
7996.03	-0.00475128
7994.11	-0.00475675
7992.18	-0.00464406
7990.25	-0.00469137
7988.32	-0.00469586
7986.39	-0.00477488
7984.47	-0.00474535
7982.54	-0.00471224
7980.61	-0.00469291
7978.68	-0.00471333
7976.75	-0.00482721
7974.83	-0.00482649
7972.9	-0.0047674
7970.97	-0.00467553
7969.04	-0.004662
7967.11	-0.00483566
7965.19	-0.00454922
7963.26	-0.00440456
7961.33	-0.00456673
7959.4	-0.00460653
7957.47	-0.00434096
7955.55	-0.00407355
7953.62	-0.00429867
7951.69	-0.00477642
7949.76	-0.00482275
7947.83	-0.00469101
7945.91	-0.0046558
7943.98	-0.00466835
7942.05	-0.00477822
7940.12	-0.00498437
7938.19	-0.0049658
7936.27	-0.00487642
7934.34	-0.00483137
7932.41	-0.00479333
7930.48	-0.00482387
7928.55	-0.00507064
7926.63	-0.00496124
7924.7	-0.00471267
7922.77	-0.00464875
7920.84	-0.00475036
7918.91	-0.00492305
7916.99	-0.00468009
7915.06	-0.00456282
7913.13	-0.00475321
7911.2	-0.00480745
7909.27	-0.00492049
7907.35	-0.00496865
7905.42	-0.00490742
7903.49	-0.00484048
7901.56	-0.00493667
7899.63	-0.00501522
7897.71	-0.00478982
7895.78	-0.00476219
7893.85	-0.00476042
7891.92	-0.0045383
7889.99	-0.00451128
7888.06	-0.00463666
7886.14	-0.00482957
7884.21	-0.00498457
7882.28	-0.00496108
7880.35	-0.00476019
7878.42	-0.00464593
7876.5	-0.00505924
7874.57	-0.00540289
7872.64	-0.00520888
7870.71	-0.00491286
7868.78	-0.00479025
7866.86	-0.00504077
7864.93	-0.0052465
7863	-0.00515277
7861.07	-0.00500956
7859.14	-0.00497018
7857.22	-0.00495623
7855.29	-0.00482619
7853.36	-0.00495587
7851.43	-0.0051325
7849.5	-0.00531861
7847.58	-0.0052097
7845.65	-0.00508652
7843.72	-0.00532274
7841.79	-0.00526879
7839.86	-0.00516357
7837.94	-0.00516966
7836.01	-0.0050167
7834.08	-0.00529102
7832.15	-0.00549418
7830.22	-0.00525472
7828.3	-0.00529747
7826.37	-0.00526382
7824.44	-0.0051326
7822.51	-0.00530326
7820.58	-0.0052847
7818.66	-0.0051953
7816.73	-0.00535907
7814.8	-0.00520325
7812.87	-0.00514658
7810.94	-0.00532398
7809.02	-0.00526205
7807.09	-0.00538656
7805.16	-0.00534244
7803.23	-0.00510473
7801.3	-0.00525259
7799.38	-0.00537661
7797.45	-0.00528765
7795.52	-0.00537163
7793.59	-0.0053068
7791.66	-0.00527861
7789.74	-0.00548462
7787.81	-0.00564439
7785.88	-0.0054928
7783.95	-0.00521733
7782.02	-0.00529207
7780.09	-0.00544579
7778.17	-0.00546316
7776.24	-0.00545642
7774.31	-0.0056075
7772.38	-0.00579641
7770.46	-0.00557819
7768.53	-0.00551508
7766.6	-0.00570578
7764.67	-0.00578379
7762.74	-0.00570051
7760.81	-0.00556294
7758.89	-0.00527635
7756.96	-0.00526945
7755.03	-0.00545354
7753.1	-0.00541156
7751.17	-0.00548544
7749.25	-0.00545279
7747.32	-0.00530928
7745.39	-0.00566944
7743.46	-0.00582522
7741.53	-0.00560131
7739.61	-0.00539402
7737.68	-0.00514985
7735.75	-0.00510738
7733.82	-0.00529943
7731.89	-0.0054448
7729.97	-0.0057133
7728.04	-0.00592345
7726.11	-0.00554067
7724.18	-0.00516897
7722.25	-0.00525216
7720.33	-0.00565152
7718.4	-0.00578258
7716.47	-0.00575809
7714.54	-0.00584944
7712.61	-0.00567333
7710.69	-0.00545145
7708.76	-0.00540524
7706.83	-0.00546444
7704.9	-0.00543135
7702.97	-0.00536453
7701.05	-0.0053609
7699.12	-0.00548453
7697.19	-0.00548341
7695.26	-0.00545527
7693.33	-0.00570293
7691.41	-0.00578863
7689.48	-0.00571333
7687.55	-0.00583002
7685.62	-0.00588975
7683.69	-0.00581812
7681.77	-0.00573756
7679.84	-0.00559023
7677.91	-0.00574511
7675.98	-0.00602358
7674.05	-0.00607198
7672.12	-0.00585614
7670.2	-0.00555032
7668.27	-0.00555915
7666.34	-0.00578036
7664.41	-0.0058685
7662.48	-0.00577193
7660.56	-0.00578733
7658.63	-0.00585873
7656.7	-0.00558267
7654.77	-0.005427
7652.84	-0.00554253
7650.92	-0.00585418
7648.99	-0.00596067
7647.06	-0.00584843
7645.13	-0.0058873
7643.2	-0.00593943
7641.28	-0.00588017
7639.35	-0.00603427
7637.42	-0.00611922
7635.49	-0.00609831
7633.56	-0.0061548
7631.64	-0.00601322
7629.71	-0.00588079
7627.78	-0.00599702
7625.85	-0.00601698
7623.92	-0.00597247
7622	-0.00596875
7620.07	-0.00596613
7618.14	-0.0059479
7616.21	-0.00607851
7614.28	-0.00605678
7612.36	-0.00602806
7610.43	-0.00610001
7608.5	-0.00609854
7606.57	-0.00607975
7604.64	-0.00609521
7602.72	-0.00602411
7600.79	-0.00588998
7598.86	-0.00584954
7596.93	-0.0058835
7595	-0.00605201
7593.08	-0.00596986
7591.15	-0.00593365
7589.22	-0.00596342
7587.29	-0.00604446
7585.36	-0.00613229
7583.44	-0.00606596
7581.51	-0.00586716
7579.58	-0.00589377
7577.65	-0.00609844
7575.72	-0.00625478
7573.8	-0.00618234
7571.87	-0.00615189
7569.94	-0.00611671
7568.01	-0.00600613
7566.08	-0.00596185
7564.16	-0.00589086
7562.23	-0.00595652
7560.3	-0.00619501
7558.37	-0.00622669
7556.44	-0.00618746
7554.52	-0.00608867
7552.59	-0.00597064
7550.66	-0.00593655
7548.73	-0.00600672
7546.8	-0.00601679
7544.88	-0.00599718
7542.95	-0.00601832
7541.02	-0.00606518
7539.09	-0.00598571
7537.16	-0.00588733
7535.23	-0.00598492
7533.31	-0.0061137
7531.38	-0.00615189
7529.45	-0.00602394
7527.52	-0.00596548
7525.59	-0.00610752
7523.67	-0.006056
7521.74	-0.00584418
7519.81	-0.00604956
7517.88	-0.00643986
7515.95	-0.00636682
7514.03	-0.00608884
7512.1	-0.00609691
7510.17	-0.00614232
7508.24	-0.00615855
7506.31	-0.00623995
7504.39	-0.00623875
7502.46	-0.0061335
7500.53	-0.00609112
7498.6	-0.006158
7496.67	-0.00612742
7494.75	-0.00618648
7492.82	-0.00630037
7490.89	-0.00638315
7488.96	-0.00624436
7487.03	-0.00597293
7485.11	-0.00590838
7483.18	-0.0060079
7481.25	-0.00612624
7479.32	-0.00607658
7477.39	-0.00599506
7475.47	-0.00612687
7473.54	-0.00610311
7471.61	-0.00619328
7469.68	-0.00644084
7467.75	-0.00641916
7465.83	-0.00629299
7463.9	-0.0062474
7461.97	-0.00616718
7460.04	-0.00615584
7458.11	-0.00616309
7456.19	-0.00626046
7454.26	-0.00632069
7452.33	-0.00627715
7450.4	-0.00619445
7448.47	-0.00617959
7446.54	-0.00627941
7444.62	-0.00637058
7442.69	-0.00616434
7440.76	-0.00609122
7438.83	-0.00617708
7436.91	-0.00627993
7434.98	-0.00630292
7433.05	-0.00636555
7431.12	-0.00639386
7429.19	-0.00615473
7427.26	-0.00617894
7425.34	-0.00621814
7423.41	-0.00633385
7421.48	-0.00659184
7419.55	-0.00670314
7417.62	-0.00659823
7415.7	-0.00635605
7413.77	-0.00646905
7411.84	-0.00647868
7409.91	-0.006454
7407.98	-0.00658828
7406.06	-0.0064489
7404.13	-0.00634743
7402.2	-0.00644355
7400.27	-0.00651644
7398.34	-0.00637244
7396.42	-0.00628359
7394.49	-0.0064443
7392.56	-0.00660212
7390.63	-0.00666098
7388.7	-0.00678124
7386.78	-0.00672878
7384.85	-0.00665863
7382.92	-0.00660221
7380.99	-0.00650658
7379.06	-0.00640813
7377.14	-0.00634743
7375.21	-0.00651664
7373.28	-0.00667257
7371.35	-0.00652979
7369.42	-0.00641645
7367.5	-0.00645853
7365.57	-0.00643049
7363.64	-0.00649826
7361.71	-0.00660505
7359.78	-0.0065104
7357.86	-0.00652809
7355.93	-0.00654778
7354	-0.00640591
7352.07	-0.00636467
7350.14	-0.006403
7348.22	-0.0064236
7346.29	-0.00643895
7344.36	-0.00650117
7342.43	-0.00659399
7340.5	-0.00670784
7338.58	-0.00653439
7336.65	-0.00649062
7334.72	-0.0066957
7332.79	-0.00665234
7330.86	-0.00651739
7328.94	-0.00640894
7327.01	-0.00656844
7325.08	-0.00679589
7323.15	-0.00681092
7321.22	-0.00675994
7319.29	-0.00670891
7317.37	-0.00664183
7315.44	-0.00652937
7313.51	-0.00662626
7311.58	-0.00667058
7309.65	-0.00653498
7307.73	-0.00643552
7305.8	-0.00660933
7303.87	-0.00685029
7301.94	-0.00678176
7300.01	-0.00655117
7298.09	-0.00659373
7296.16	-0.00663295
7294.23	-0.00652336
7292.3	-0.00661158
7290.37	-0.00655946
7288.45	-0.00656334
7286.52	-0.00658185
7284.59	-0.00644486
7282.66	-0.0064616
7280.73	-0.00655969
7278.81	-0.0066402
7276.88	-0.00651693
7274.95	-0.00652715
7273.02	-0.00678098
7271.09	-0.00663224
7269.17	-0.00654693
7267.24	-0.00666441
7265.31	-0.00671537
7263.38	-0.00648201
7261.45	-0.00656899
7259.53	-0.00663739
7257.6	-0.0065997
7255.67	-0.00659477
7253.74	-0.00671136
7251.81	-0.00675103
7249.89	-0.00664979
7247.96	-0.00662718
7246.03	-0.00675958
7244.1	-0.00676072
7242.17	-0.00671436
7240.25	-0.00674953
7238.32	-0.00683307
7236.39	-0.00679781
7234.46	-0.00687583
7232.53	-0.00679566
7230.61	-0.006853
7228.68	-0.00690932
7226.75	-0.00667808
7224.82	-0.00666134
7222.89	-0.00675955
7220.97	-0.00667492
7219.04	-0.00663423
7217.11	-0.00672115
7215.18	-0.00682071
7213.25	-0.00671981
7211.33	-0.00668128
7209.4	-0.00681963
7207.47	-0.00671469
7205.54	-0.0066169
7203.61	-0.00679735
7201.69	-0.00685297
7199.76	-0.00679543
7197.83	-0.00681976
7195.9	-0.00676245
7193.97	-0.00668944
7192.04	-0.00656641
7190.12	-0.00656667
7188.19	-0.00682407
7186.26	-0.00693652
7184.33	-0.00698523
7182.4	-0.00686732
7180.48	-0.00658655
7178.55	-0.0066153
7176.62	-0.00669942
7174.69	-0.00663814
7172.76	-0.0067186
7170.84	-0.00692602
7168.91	-0.00698243
7166.98	-0.00683868
7165.05	-0.00669071
7163.12	-0.00675847
7161.2	-0.00698488
7159.27	-0.00692113
7157.34	-0.00688995
7155.41	-0.00679328
7153.48	-0.00669759
7151.56	-0.00667775
7149.63	-0.0067282
7147.7	-0.00678206
7145.77	-0.00691467
7143.84	-0.0068877
7141.92	-0.00673547
7139.99	-0.00689491
7138.06	-0.00702032
7136.13	-0.00683992
7134.2	-0.00659037
7132.28	-0.00652284
7130.35	-0.00657134
7128.42	-0.00669534
7126.49	-0.00685672
7124.56	-0.00688098
7122.64	-0.00680388
7120.71	-0.00679739
7118.78	-0.00675948
7116.85	-0.00671779
7114.92	-0.00680205
7113	-0.00670529
7111.07	-0.00660176
7109.14	-0.00670141
7107.21	-0.00687299
7105.28	-0.00684393
7103.36	-0.00664757
7101.43	-0.006623
7099.5	-0.00687032
7097.57	-0.00696339
7095.64	-0.00690202
7093.71	-0.00672937
7091.79	-0.00678757
7089.86	-0.00689938
7087.93	-0.00680802
7086	-0.00677987
7084.08	-0.0069974
7082.15	-0.00692338
7080.22	-0.0067158
7078.29	-0.00673609
7076.36	-0.00670382
7074.43	-0.00668262
7072.51	-0.00667495
7070.58	-0.00660185
7068.65	-0.00660287
7066.72	-0.00670572
7064.79	-0.00675694
7062.87	-0.00666803
7060.94	-0.00657832
7059.01	-0.00654755
7057.08	-0.00645533
7055.15	-0.00648592
7053.23	-0.00670209
7051.3	-0.0066558
7049.37	-0.0066308
7047.44	-0.00666666
7045.51	-0.00664137
7043.59	-0.00662852
7041.66	-0.00660433
7039.73	-0.00657124
7037.8	-0.00655874
7035.87	-0.00652989
7033.95	-0.00653495
7032.02	-0.00661295
7030.09	-0.00679644
7028.16	-0.00681021
7026.23	-0.00670555
7024.31	-0.00661948
7022.38	-0.00653939
7020.45	-0.00658874
7018.52	-0.00675684
7016.59	-0.00675335
7014.67	-0.00668924
7012.74	-0.00665606
7010.81	-0.006631
7008.88	-0.00655176
7006.95	-0.00655443
7005.03	-0.00660339
7003.1	-0.00653417
7001.17	-0.00647358
6999.24	-0.00653785
6997.31	-0.00657121
6995.39	-0.00654931
6993.46	-0.00654523
6991.53	-0.00658266
6989.6	-0.00666584
6987.67	-0.00662251
6985.75	-0.00647384
6983.82	-0.00654174
6981.89	-0.00648765
6979.96	-0.00627258
6978.03	-0.00636529
6976.1	-0.0063409
6974.18	-0.00632069
6972.25	-0.00648041
6970.32	-0.00670092
6968.39	-0.00656879
6966.46	-0.00629084
6964.54	-0.00628604
6962.61	-0.00644192
6960.68	-0.00663341
6958.75	-0.00671345
6956.82	-0.00645942
6954.9	-0.00621196
6952.97	-0.0062148
6951.04	-0.00644123
6949.11	-0.00661517
6947.18	-0.00654732
6945.26	-0.00645491
6943.33	-0.00632503
6941.4	-0.00628999
6939.47	-0.0063456
6937.54	-0.00638553
6935.62	-0.00648426
6933.69	-0.00660114
6931.76	-0.00654921
6929.83	-0.00631223
6927.9	-0.00612327
6925.98	-0.00613242
6924.05	-0.00626651
6922.12	-0.00634034
6920.19	-0.00625625
6918.26	-0.00629348
6916.34	-0.00641968
6914.41	-0.00637162
6912.48	-0.00629887
6910.55	-0.00640088
6908.62	-0.00628375
6906.7	-0.00604522
6904.77	-0.00609122
6902.84	-0.00630468
6900.91	-0.00631285
6898.98	-0.00618939
6897.06	-0.00608351
6895.13	-0.00604182
6893.2	-0.00605809
6891.27	-0.00606544
6889.34	-0.00608864
6887.42	-0.00633819
6885.49	-0.00638563
6883.56	-0.00629988
6881.63	-0.0060842
6879.7	-0.00597692
6877.78	-0.00596548
6875.85	-0.00594136
6873.92	-0.00601966
6871.99	-0.00600917
6870.06	-0.00599535
6868.14	-0.00600391
6866.21	-0.00601839
6864.28	-0.00586069
6862.35	-0.00579887
6860.42	-0.00591763
6858.5	-0.00576365
6856.57	-0.00571931
6854.64	-0.00575594
6852.71	-0.00583349
6850.78	-0.0059578
6848.85	-0.00575231
6846.93	-0.00560557
6845	-0.00570486
6843.07	-0.0056631
6841.14	-0.00559991
6839.21	-0.00558722
6837.29	-0.00563811
6835.36	-0.00555248
6833.43	-0.00536165
6831.5	-0.00543502
6829.57	-0.00557223
6827.65	-0.0055636
6825.72	-0.0055566
6823.79	-0.00552997
6821.86	-0.00545328
6819.93	-0.00547625
6818.01	-0.00550916
6816.08	-0.0054769
6814.15	-0.00543423
6812.22	-0.00526951
6810.29	-0.00504807
6808.37	-0.00503789
6806.44	-0.00495744
6804.51	-0.00501447
6802.58	-0.0050969
6800.65	-0.00505528
6798.73	-0.00511144
6796.8	-0.00520731
6794.87	-0.00510476
6792.94	-0.00517732
6791.01	-0.00532424
6789.09	-0.00518531
6787.16	-0.00507355
6785.23	-0.00504945
6783.3	-0.004954
6781.37	-0.00488999
6779.45	-0.00482518
6777.52	-0.00472264
6775.59	-0.00476265
6773.66	-0.00471995
6771.73	-0.004744
6769.81	-0.00492642
6767.88	-0.004996
6765.95	-0.00487082
6764.02	-0.0048742
6762.09	-0.00487315
6760.17	-0.0047946
6758.24	-0.00476501
6756.31	-0.00478707
6754.38	-0.00477671
6752.45	-0.00468855
6750.53	-0.00463184
6748.6	-0.00462466
6746.67	-0.0045403
6744.74	-0.00459751
6742.81	-0.00470349
6740.88	-0.00467619
6738.96	-0.00463357
6737.03	-0.00461128
6735.1	-0.00461381
6733.17	-0.00462528
6731.25	-0.00454069
6729.32	-0.00460145
6727.39	-0.0046282
6725.46	-0.00458623
6723.53	-0.00454925
6721.6	-0.00448367
6719.68	-0.0044225
6717.75	-0.004532
6715.82	-0.00461807
6713.89	-0.00457846
6711.96	-0.00450206
6710.04	-0.00458063
6708.11	-0.00467707
6706.18	-0.00461754
6704.25	-0.00451679
6702.32	-0.00441614
6700.4	-0.00442359
6698.47	-0.0045179
6696.54	-0.00454915
6694.61	-0.00459502
6692.68	-0.00462263
6690.76	-0.00448993
6688.83	-0.00442634
6686.9	-0.00451259
6684.97	-0.00451023
6683.04	-0.00444012
6681.12	-0.00445612
6679.19	-0.00455286
6677.26	-0.00456902
6675.33	-0.00454587
6673.4	-0.00460587
6671.48	-0.0046025
6669.55	-0.00449455
6667.62	-0.00443402
6665.69	-0.0044043
6663.76	-0.00441758
6661.84	-0.00444766
6659.91	-0.00445868
6657.98	-0.00447619
6656.05	-0.00458004
6654.12	-0.00464279
6652.2	-0.00465475
6650.27	-0.00466573
6648.34	-0.00464859
6646.41	-0.00472745
6644.48	-0.00480643
6642.56	-0.0047249
6640.63	-0.00462436
6638.7	-0.00463056
6636.77	-0.0046318
6634.84	-0.00461981
6632.92	-0.00448721
6630.99	-0.00436924
6629.06	-0.00456037
6627.13	-0.00469032
6625.2	-0.00462308
6623.27	-0.00466082
6621.35	-0.00474089
6619.42	-0.00478297
6617.49	-0.00488111
6615.56	-0.00493114
6613.63	-0.00480326
6611.71	-0.00479306
6609.78	-0.00478123
6607.85	-0.0047463
6605.92	-0.00470015
6603.99	-0.00469723
6602.07	-0.00466937
6600.14	-0.00470697
6598.21	-0.0047909
6596.28	-0.00481564
6594.35	-0.00491387
6592.43	-0.00487069
6590.5	-0.00481974
6588.57	-0.00478526
6586.64	-0.00471706
6584.71	-0.00475167
6582.79	-0.00475036
6580.86	-0.0046181
6578.93	-0.00466032
6577	-0.00480145
6575.07	-0.0048569
6573.15	-0.00490938
6571.22	-0.00482492
6569.29	-0.00473791
6567.36	-0.00489995
6565.43	-0.00507264
6563.51	-0.00495381
6561.58	-0.00494853
6559.65	-0.0050333
6557.72	-0.00498872
6555.79	-0.00496488
6553.87	-0.00497274
6551.94	-0.00499495
6550.01	-0.00500631
6548.08	-0.00497244
6546.15	-0.00506343
6544.23	-0.00505207
6542.3	-0.00510119
6540.37	-0.00525426
6538.44	-0.00519451
6536.51	-0.00498293
6534.59	-0.00505944
6532.66	-0.0050298
6530.73	-0.00493877
6528.8	-0.00505381
6526.87	-0.0050838
6524.95	-0.00504378
6523.02	-0.00510267
6521.09	-0.0050913
6519.16	-0.00507617
6517.23	-0.00522126
6515.31	-0.00523995
6513.38	-0.00519703
6511.45	-0.00514786
6509.52	-0.00515869
6507.59	-0.00525959
6505.67	-0.00518724
6503.74	-0.00508999
6501.81	-0.00515486
6499.88	-0.00530182
6497.95	-0.0053267
6496.02	-0.00527036
6494.1	-0.00526192
6492.17	-0.00517467
6490.24	-0.00511937
6488.31	-0.00524932
6486.38	-0.00527927
6484.46	-0.00517402
6482.53	-0.00521435
6480.6	-0.00530244
6478.67	-0.00535157
6476.74	-0.00531884
6474.82	-0.00530437
6472.89	-0.00534961
6470.96	-0.00547288
6469.03	-0.00540737
6467.1	-0.00536679
6465.18	-0.00544415
6463.25	-0.00554348
6461.32	-0.00556186
6459.39	-0.00550223
6457.46	-0.00531662
6455.54	-0.0052468
6453.61	-0.00543109
6451.68	-0.00558695
6449.75	-0.00551979
6447.82	-0.00542327
6445.9	-0.00542173
6443.97	-0.00548518
6442.04	-0.00553645
6440.11	-0.00551355
6438.18	-0.00563052
6436.26	-0.00567144
6434.33	-0.00564746
6432.4	-0.00554289
6430.47	-0.00545181
6428.54	-0.00555513
6426.62	-0.00571284
6424.69	-0.00561136
6422.76	-0.00555306
6420.83	-0.00561522
6418.9	-0.00564154
6416.98	-0.00567082
6415.05	-0.00564825
6413.12	-0.00563445
6411.19	-0.00566051
6409.26	-0.00581538
6407.34	-0.00582639
6405.41	-0.005668
6403.48	-0.00557711
6401.55	-0.00567906
6399.62	-0.0058107
6397.7	-0.00575718
6395.77	-0.00567396
6393.84	-0.00570031
6391.91	-0.00565953
6389.98	-0.00567827
6388.06	-0.00562912
6386.13	-0.00566715
6384.2	-0.00564243
6382.27	-0.00563863
6380.34	-0.00572657
6378.42	-0.00575375
6376.49	-0.00587906
6374.56	-0.00590727
6372.63	-0.00586824
6370.7	-0.00586164
6368.77	-0.00584163
6366.85	-0.00584048
6364.92	-0.00592943
6362.99	-0.00602741
6361.06	-0.00599643
6359.13	-0.00598564
6357.21	-0.00598865
6355.28	-0.00584173
6353.35	-0.00589723
6351.42	-0.00604221
6349.49	-0.00592688
6347.57	-0.00582868
6345.64	-0.00595522
6343.71	-0.00614529
6341.78	-0.00614346
6339.85	-0.00598084
6337.93	-0.00596221
6336	-0.0060261
6334.07	-0.00604149
6332.14	-0.00603496
6330.21	-0.00602773
6328.29	-0.00605182
6326.36	-0.00598554
6324.43	-0.00593855
6322.5	-0.00603855
6320.57	-0.0061038
6318.65	-0.00603113
6316.72	-0.005988
6314.79	-0.00599617
6312.86	-0.00606342
6310.93	-0.00608923
6309.01	-0.00608197
6307.08	-0.00610174
6305.15	-0.00609903
6303.22	-0.0062197
6301.29	-0.00618978
6299.37	-0.00600525
6297.44	-0.00599672
6295.51	-0.00616172
6293.58	-0.00614519
6291.65	-0.00616127
6289.73	-0.00628636
6287.8	-0.00631951
6285.87	-0.00635034
6283.94	-0.00633084
6282.01	-0.00623904
6280.08	-0.00626053
6278.16	-0.0063967
6276.23	-0.00633482
6274.3	-0.00613951
6272.37	-0.00612941
6270.45	-0.00620938
6268.52	-0.00625782
6266.59	-0.00628323
6264.66	-0.00637146
6262.73	-0.00638867
6260.8	-0.00633453
6258.88	-0.00629724
6256.95	-0.00620037
6255.02	-0.00621026
6253.09	-0.00624531
6251.17	-0.00620536
6249.24	-0.00626105
6247.31	-0.00626736
6245.38	-0.00620889
6243.45	-0.00622767
6241.52	-0.00632513
6239.6	-0.00641671
6237.67	-0.00635497
6235.74	-0.00636522
6233.81	-0.00639739
6231.88	-0.00630135
6229.96	-0.00621925
6228.03	-0.00626118
6226.1	-0.00639033
6224.17	-0.00643248
6222.24	-0.00641237
6220.32	-0.00644548
6218.39	-0.00638697
6216.46	-0.00637084
6214.53	-0.00636268
6212.6	-0.00635941
6210.68	-0.00627369
6208.75	-0.00620399
6206.82	-0.00622199
6204.89	-0.0062051
6202.96	-0.00618322
6201.04	-0.00629665
6199.11	-0.00640601
6197.18	-0.00638034
6195.25	-0.00632568
6193.32	-0.00628293
6191.4	-0.00629009
6189.47	-0.00633303
6187.54	-0.00632882
6185.61	-0.00631497
6183.68	-0.00627787
6181.76	-0.00628695
6179.83	-0.00620925
6177.9	-0.00612095
6175.97	-0.0062844
6174.04	-0.00634668
6172.12	-0.00629022
6170.19	-0.00626696
6168.26	-0.00639566
6166.33	-0.0064364
6164.4	-0.0063314
6162.48	-0.00624237
6160.55	-0.00633035
6158.62	-0.00621144
6156.69	-0.0061773
6154.76	-0.00629502
6152.83	-0.00635112
6150.91	-0.00631533
6148.98	-0.00627343
6147.05	-0.00624084
6145.12	-0.00634034
6143.19	-0.00646666
6141.27	-0.0064013
6139.34	-0.0061529
6137.41	-0.00613984
6135.48	-0.00627892
6133.55	-0.0063663
6131.63	-0.00637456
6129.7	-0.00634632
6127.77	-0.00629355
6125.84	-0.00633094
6123.91	-0.00639615
6121.99	-0.00627738
6120.06	-0.00617597
6118.13	-0.00625952
6116.2	-0.00636823
6114.27	-0.00634687
6112.35	-0.00630932
6110.42	-0.00624845
6108.49	-0.00620144
6106.56	-0.00631069
6104.63	-0.00637815
6102.71	-0.00625191
6100.78	-0.00619178
6098.85	-0.00629737
6096.92	-0.00633884
6094.99	-0.0062637
6093.07	-0.00624276
6091.14	-0.00630749
6089.21	-0.00633355
6087.28	-0.00635115
6085.35	-0.00628241
6083.43	-0.00621108
6081.5	-0.00629384
6079.57	-0.0063664
6077.64	-0.0064111
6075.71	-0.0064915
6073.79	-0.00652251
6071.86	-0.00647822
6069.93	-0.00644104
6068	-0.00644792
6066.07	-0.00640228
6064.15	-0.00636993
6062.22	-0.00636908
6060.29	-0.00636692
6058.36	-0.00637574
6056.43	-0.00647956
6054.51	-0.0064948
6052.58	-0.00634387
6050.65	-0.00621853
6048.72	-0.00628865
6046.79	-0.00640875
6044.87	-0.00641201
6042.94	-0.00637156
6041.01	-0.00652072
6039.08	-0.00661347
6037.15	-0.00650991
6035.23	-0.00646771
6033.3	-0.00653234
6031.37	-0.00647482
6029.44	-0.0064507
6027.51	-0.00643134
6025.58	-0.00643839
6023.66	-0.00650133
6021.73	-0.00659578
6019.8	-0.00646996
6017.87	-0.00633349
6015.94	-0.0064744
6014.02	-0.00664519
6012.09	-0.00660296
6010.16	-0.00640049
6008.23	-0.00633528
6006.3	-0.00642834
6004.38	-0.00647691
6002.45	-0.00650939
6000.52	-0.00652907
5998.59	-0.0065484
5996.66	-0.00655727
5994.74	-0.00651631
5992.81	-0.00647522
5990.88	-0.00651318
5988.95	-0.00653544
5987.02	-0.00657483
5985.1	-0.00672477
5983.17	-0.00680831
5981.24	-0.00664767
5979.31	-0.0064918
5977.38	-0.00646503
5975.46	-0.00650234
5973.53	-0.00659888
5971.6	-0.00660375
5969.67	-0.00653449
5967.74	-0.00661527
5965.82	-0.00657268
5963.89	-0.0065656
5961.96	-0.00661377
5960.03	-0.00655969
5958.1	-0.00655936
5956.18	-0.00667146
5954.25	-0.00662936
5952.32	-0.00648191
5950.39	-0.00649408
5948.46	-0.00655525
5946.54	-0.0065888
5944.61	-0.00665299
5942.68	-0.00676095
5940.75	-0.00674229
5938.82	-0.00653994
5936.9	-0.0064442
5934.97	-0.00657079
5933.04	-0.00666226
5931.11	-0.00663534
5929.18	-0.00661631
5927.25	-0.00666467
5925.33	-0.00677426
5923.4	-0.00680678
5921.47	-0.00681523
5919.54	-0.0067496
5917.62	-0.00666842
5915.69	-0.00671208
5913.76	-0.00680453
5911.83	-0.00677723
5909.9	-0.00670467
5907.97	-0.0066509
5906.05	-0.00664535
5904.12	-0.00660097
5902.19	-0.00659826
5900.26	-0.00667818
5898.33	-0.00672134
5896.41	-0.0066712
5894.48	-0.00660633
5892.55	-0.00658149
5890.62	-0.00668301
5888.69	-0.00672425
5886.77	-0.00654768
5884.84	-0.00652072
5882.91	-0.00659673
5880.98	-0.00664999
5879.05	-0.00665625
5877.13	-0.0066789
5875.2	-0.00670441
5873.27	-0.00672249
5871.34	-0.00670347
5869.41	-0.00664078
5867.49	-0.0066182
5865.56	-0.00665273
5863.63	-0.00667273
5861.7	-0.00672986
5859.77	-0.00668542
5857.85	-0.00664212
5855.92	-0.00678551
5853.99	-0.00679354
5852.06	-0.00666131
5850.13	-0.00662228
5848.21	-0.0067755
5846.28	-0.00688105
5844.35	-0.00674372
5842.42	-0.00655874
5840.49	-0.00661122
5838.57	-0.00669531
5836.64	-0.00671671
5834.71	-0.00671482
5832.78	-0.0066772
5830.85	-0.00668461
5828.93	-0.0067295
5827	-0.0067235
5825.07	-0.00667214
5823.14	-0.00664774
5821.21	-0.00668405
5819.29	-0.00665361
5817.36	-0.00653087
5815.43	-0.0065453
5813.5	-0.00668298
5811.57	-0.00670232
5809.65	-0.00672121
5807.72	-0.00672966
5805.79	-0.00671844
5803.86	-0.00675208
5801.93	-0.00673012
5800	-0.00670121
5798.08	-0.00676304
5796.15	-0.00665687
5794.22	-0.0066014
5792.29	-0.00671652
5790.36	-0.00671935
5788.44	-0.00665426
5786.51	-0.00669387
5784.58	-0.00673384
5782.65	-0.00663331
5780.72	-0.00665563
5778.8	-0.00673573
5776.87	-0.00669505
5774.94	-0.00669776
5773.01	-0.00668989
5771.08	-0.0067128
5769.16	-0.00668836
5767.23	-0.0065965
5765.3	-0.00652372
5763.37	-0.00659164
5761.44	-0.00675168
5759.52	-0.00679302
5757.59	-0.00670457
5755.66	-0.00666689
5753.73	-0.00668415
5751.8	-0.00659115
5749.88	-0.00657921
5747.95	-0.00662369
5746.02	-0.00670865
5744.09	-0.00673064
5742.16	-0.00669606
5740.24	-0.00663067
5738.31	-0.00666588
5736.38	-0.00668741
5734.45	-0.00659885
5732.52	-0.00663015
5730.6	-0.00665309
5728.67	-0.0065842
5726.74	-0.00657914
5724.81	-0.00654523
5722.88	-0.006553
5720.96	-0.00649833
5719.03	-0.00646079
5717.1	-0.00653779
5715.17	-0.00654451
5713.24	-0.00648347
5711.32	-0.00644286
5709.39	-0.00645543
5707.46	-0.00651683
5705.53	-0.00658834
5703.6	-0.00658727
5701.68	-0.00651409
5699.75	-0.00650322
5697.82	-0.00647113
5695.89	-0.00653603
5693.96	-0.00657506
5692.03	-0.00650512
5690.11	-0.00649072
5688.18	-0.006531
5686.25	-0.00651644
5684.32	-0.00654546
5682.4	-0.00661422
5680.47	-0.00660593
5678.54	-0.00652264
5676.61	-0.00644747
5674.68	-0.00644345
5672.75	-0.00644456
5670.83	-0.00650162
5668.9	-0.00656762
5666.97	-0.00651494
5665.04	-0.00647384
5663.11	-0.00654448
5661.19	-0.00647704
5659.26	-0.00643304
5657.33	-0.00641991
5655.4	-0.00636121
5653.47	-0.00627385
5651.55	-0.00640966
5649.62	-0.00652
5647.69	-0.00652183
5645.76	-0.00660522
5643.83	-0.00663504
5641.91	-0.00652754
5639.98	-0.00640963
5638.05	-0.00638341
5636.12	-0.0065155
5634.19	-0.0065996
5632.27	-0.00649741
5630.34	-0.00643539
5628.41	-0.00640339
5626.48	-0.00633711
5624.55	-0.00640284
5622.63	-0.00646771
5620.7	-0.00638844
5618.77	-0.00631634
5616.84	-0.006262
5614.91	-0.00622702
5612.99	-0.00630795
5611.06	-0.00643855
5609.13	-0.00647646
5607.2	-0.00641381
5605.27	-0.00641871
5603.35	-0.00639575
5601.42	-0.00636764
5599.49	-0.00642135
5597.56	-0.00644391
5595.63	-0.0064062
5593.71	-0.00621745
5591.78	-0.00620563
5589.85	-0.00631559
5587.92	-0.00632349
5585.99	-0.00631931
5584.07	-0.00627157
5582.14	-0.00625864
5580.21	-0.00623385
5578.28	-0.00629554
5576.35	-0.00643493
5574.43	-0.00643722
5572.5	-0.00637476
5570.57	-0.00639379
5568.64	-0.00633626
5566.71	-0.00625364
5564.79	-0.00628953
5562.86	-0.00632078
5560.93	-0.00630942
5559	-0.00627866
5557.07	-0.00625805
5555.14	-0.00627601
5553.22	-0.00632722
5551.29	-0.00631961
5549.36	-0.00621686
5547.43	-0.00629417
5545.5	-0.00627297
5543.58	-0.00613752
5541.65	-0.00610618
5539.72	-0.00615336
5537.79	-0.00625769
5535.86	-0.0062523
5533.94	-0.00619514
5532.01	-0.00627911
5530.08	-0.00630073
5528.15	-0.00629074
5526.22	-0.0062586
5524.3	-0.00627879
5522.37	-0.00622006
5520.44	-0.00617776
5518.51	-0.00615356
5516.58	-0.00613369
5514.66	-0.00620883
5512.73	-0.00630145
5510.8	-0.00624247
5508.87	-0.00616208
5506.94	-0.00614248
5505.02	-0.00613134
5503.09	-0.006192
5501.16	-0.00621507
5499.23	-0.00622904
5497.3	-0.00616852
5495.38	-0.00617188
5493.45	-0.0062733
5491.52	-0.00626572
5489.59	-0.00619096
5487.66	-0.00615699
5485.74	-0.00619864
5483.81	-0.00613559
5481.88	-0.00607658
5479.95	-0.00610811
5478.02	-0.00626997
5476.1	-0.00633319
5474.17	-0.00622624
5472.24	-0.00619609
5470.31	-0.0062391
5468.38	-0.00624557
5466.46	-0.00615875
5464.53	-0.00611501
5462.6	-0.00619423
5460.67	-0.00615875
5458.74	-0.00611089
5456.82	-0.00606694
5454.89	-0.00612553
5452.96	-0.00617587
5451.03	-0.00608887
5449.1	-0.00605401
5447.17	-0.0061089
5445.25	-0.00618021
5443.32	-0.0061087
5441.39	-0.00605319
5439.46	-0.00604009
5437.54	-0.00601934
5435.61	-0.00600832
5433.68	-0.00598182
5431.75	-0.00607031
5429.82	-0.00610347
5427.89	-0.00595044
5425.97	-0.00594459
5424.04	-0.00602623
5422.11	-0.00598757
5420.18	-0.00598937
5418.25	-0.00612739
5416.33	-0.00612389
5414.4	-0.00605329
5412.47	-0.00601032
5410.54	-0.00592655
5408.61	-0.0059459
5406.69	-0.00595721
5404.76	-0.00603267
5402.83	-0.00614604
5400.9	-0.00608818
5398.97	-0.00601336
5397.05	-0.00598891
5395.12	-0.00594322
5393.19	-0.00600845
5391.26	-0.00597296
5389.33	-0.00605224
5387.41	-0.00617097
5385.48	-0.00612804
5383.55	-0.00596692
5381.62	-0.00585588
5379.69	-0.00590047
5377.77	-0.00601705
5375.84	-0.00599943
5373.91	-0.00589132
5371.98	-0.0058007
5370.05	-0.00585281
5368.13	-0.00601205
5366.2	-0.00594146
5364.27	-0.00582963
5362.34	-0.0058755
5360.41	-0.00587389
5358.49	-0.00584281
5356.56	-0.00581047
5354.63	-0.00580469
5352.7	-0.00574881
5350.77	-0.00564011
5348.85	-0.00567124
5346.92	-0.00572883
5344.99	-0.00579109
5343.06	-0.00579125
5341.13	-0.00575702
5339.21	-0.00577951
5337.28	-0.00583653
5335.35	-0.00579233
5333.42	-0.00564737
5331.49	-0.00560956
5329.56	-0.00560141
5327.64	-0.00560573
5325.71	-0.0056457
5323.78	-0.00566653
5321.85	-0.00561446
5319.92	-0.00561636
5318	-0.00561145
5316.07	-0.005491
5314.14	-0.00543135
5312.21	-0.00546961
5310.28	-0.00552186
5308.36	-0.005459
5306.43	-0.00541254
5304.5	-0.00547425
5302.57	-0.0054289
5300.64	-0.00538973
5298.72	-0.00543018
5296.79	-0.00538927
5294.86	-0.00534372
5292.93	-0.00529279
5291	-0.00530208
5289.08	-0.00527678
5287.15	-0.00519949
5285.22	-0.00522827
5283.29	-0.00524568
5281.36	-0.00515188
5279.44	-0.00502312
5277.51	-0.00498335
5275.58	-0.00501283
5273.65	-0.00493458
5271.72	-0.0048295
5269.8	-0.0048008
5267.87	-0.00481148
5265.94	-0.00483858
5264.01	-0.00474722
5262.08	-0.00455125
5260.16	-0.00450206
5258.23	-0.00450767
5256.3	-0.00447898
5254.37	-0.00441945
5252.44	-0.00429368
5250.52	-0.00426868
5248.59	-0.00429624
5246.66	-0.00416571
5244.73	-0.00407972
5242.8	-0.0041175
5240.88	-0.00410647
5238.95	-0.00398298
5237.02	-0.0038803
5235.09	-0.00377346
5233.16	-0.00373431
5231.24	-0.00374016
5229.31	-0.00360624
5227.38	-0.00349069
5225.45	-0.00340841
5223.52	-0.00340542
5221.6	-0.0033222
5219.67	-0.00321332
5217.74	-0.00322808
5215.81	-0.0032071
5213.88	-0.00306308
5211.96	-0.00295864
5210.03	-0.00286254
5208.1	-0.0027591
5206.17	-0.00272684
5204.24	-0.00258345
5202.31	-0.0024499
5200.39	-0.00238324
5198.46	-0.00233388
5196.53	-0.0022497
5194.6	-0.00212749
5192.67	-0.00204874
5190.75	-0.00195481
5188.82	-0.00176959
5186.89	-0.00177705
5184.96	-0.00178117
5183.03	-0.00157462
5181.11	-0.00140737
5179.18	-0.00129166
5177.25	-0.00109859
5175.32	-0.000951098
5173.39	-0.000863178
5171.47	-0.000803783
5169.54	-0.000777291
5167.61	-0.000677063
5165.68	-0.000591437
5163.75	-0.000497256
5161.83	-0.00035631
5159.9	-0.000183557
5157.97	-7.39158e-05
5156.04	-1.9549e-06
5154.11	7.47237e-05
5152.19	0.000152211
5150.26	0.000270756
5148.33	0.00045016
5146.4	0.000618689
5144.47	0.000645002
5142.55	0.000615238
5140.62	0.000710942
5138.69	0.000810153
5136.76	0.000891192
5134.83	0.000956506
5132.91	0.00108059
5130.98	0.00117104
5129.05	0.0012892
5127.12	0.00146909
5125.19	0.00152668
5123.27	0.00154261
5121.34	0.00153267
5119.41	0.00167833
5117.48	0.00176692
5115.55	0.00182857
5113.62	0.0019311
5111.7	0.00203998
5109.77	0.00215214
5107.84	0.00222354
5105.91	0.00225105
5103.99	0.00235088
5102.06	0.0023854
5100.13	0.00245204
5098.2	0.00254778
5096.27	0.00260101
5094.34	0.00262561
5092.42	0.00272273
5090.49	0.00272166
5088.56	0.00276931
5086.63	0.00287816
5084.71	0.00287583
5082.78	0.0029703
5080.85	0.00302661
5078.92	0.00296296
5076.99	0.00294664
5075.06	0.00305257
5073.14	0.00315472
5071.21	0.00311731
5069.28	0.00321724
5067.35	0.00339423
5065.42	0.00342184
5063.5	0.00333369
5061.57	0.00334214
5059.64	0.00343751
5057.71	0.00352665
5055.78	0.00352572
5053.86	0.00356951
5051.93	0.00368077
5050	0.00376469
5048.07	0.00371139
5046.14	0.00365117
5044.22	0.00366163
5042.29	0.00379079
5040.36	0.00390947
5038.43	0.00396347
5036.5	0.00402707
5034.58	0.00400493
5032.65	0.00402423
5030.72	0.00407837
5028.79	0.00411778
5026.86	0.00409128
5024.94	0.00407717
5023.01	0.00410707
5021.08	0.00411209
5019.15	0.00415083
5017.22	0.00413744
5015.3	0.00409527
5013.37	0.00411888
5011.44	0.00412159
5009.51	0.00406038
5007.58	0.00396006
5005.66	0.0039076
5003.73	0.00392104
5001.8	0.00392254
4999.87	0.00385544
4997.94	0.00385561
4996.02	0.0039299
4994.09	0.0039191
4992.16	0.00388008
4990.23	0.00374484
4988.3	0.00366888
4986.38	0.00374985
4984.45	0.00377134
4982.52	0.00380086
4980.59	0.00380951
4978.66	0.00376569
4976.73	0.00377305
4974.81	0.0037789
4972.88	0.00375303
4970.95	0.00363704
4969.02	0.00367142
4967.09	0.0037167
4965.17	0.00366707
4963.24	0.00361388
4961.31	0.00357239
4959.38	0.00349946
4957.45	0.00348393
4955.53	0.0034842
4953.6	0.00339546
4951.67	0.00332003
4949.74	0.00338554
4947.81	0.00347117
4945.89	0.00347461
4943.96	0.00341433
4942.03	0.00332163
4940.1	0.00330734
4938.17	0.00332618
4936.25	0.00322749
4934.32	0.00316701
4932.39	0.00319361
4930.46	0.0031603
4928.53	0.00308961
4926.61	0.0031031
4924.68	0.00319141
4922.75	0.00314925
4920.82	0.00302208
4918.89	0.00284761
4916.97	0.00278405
4915.04	0.0028806
4913.11	0.00288824
4911.18	0.00280842
4909.25	0.00282957
4907.33	0.00279822
4905.4	0.00268695
4903.47	0.00251522
4901.54	0.0024452
4899.61	0.00244907
4897.69	0.00249702
4895.76	0.00248313
4893.83	0.0023872
4891.9	0.00234342
4889.97	0.00230708
4888.05	0.00236734
4886.12	0.00235112
4884.19	0.00222271
4882.26	0.00217759
4880.33	0.00215451
4878.41	0.00206578
4876.48	0.00206504
4874.55	0.00196371
4872.62	0.00174556
4870.69	0.00171223
4868.77	0.0017244
4866.84	0.00160516
4864.91	0.00148794
4862.98	0.00141843
4861.05	0.00139061
4859.12	0.00128924
4857.2	0.00124258
4855.27	0.00117579
4853.34	0.00107035
4851.41	0.00106843
4849.48	0.00107992
4847.56	0.00103621
4845.63	0.00100024
4843.7	0.000935553
4841.77	0.000844247
4839.84	0.000856464
4837.92	0.000804411
4835.99	0.000654625
4834.06	0.000532326
4832.13	0.00050519
4830.2	0.000512654
4828.28	0.000400245
4826.35	0.000330538
4824.42	0.000289357
4822.49	0.000199811
4820.56	0.000104981
4818.64	5.46415e-05
4816.71	4.87098e-05
4814.78	-7.06029e-05
4812.85	-0.000152026
4810.92	-0.000257839
4809	-0.000382165
4807.07	-0.000315686
4805.14	-0.000287508
4803.21	-0.000395473
4801.28	-0.000575521
4799.36	-0.000629025
4797.43	-0.000665881
4795.5	-0.000739452
4793.57	-0.00077954
4791.64	-0.000845552
4789.72	-0.000911885
4787.79	-0.00095642
4785.86	-0.00104366
4783.93	-0.00116859
4782	-0.001269
4780.08	-0.00134059
4778.15	-0.00141622
4776.22	-0.00146592
4774.29	-0.00150829
4772.36	-0.00152133
4770.44	-0.00159255
4768.51	-0.00167705
4766.58	-0.0017357
4764.65	-0.00185162
4762.72	-0.00197279
4760.79	-0.00197866
4758.87	-0.00194907
4756.94	-0.00201392
4755.01	-0.00201514
4753.08	-0.00203703
4751.16	-0.00217012
4749.23	-0.00227715
4747.3	-0.00230537
4745.37	-0.0024186
4743.44	-0.00252636
4741.51	-0.00246506
4739.59	-0.00254715
4737.66	-0.00281579
4735.73	-0.002868
4733.8	-0.00274419
4731.88	-0.0026811
4729.95	-0.00272664
4728.02	-0.00292672
4726.09	-0.00310625
4724.16	-0.00313283
4722.23	-0.00305736
4720.31	-0.00297589
4718.38	-0.00302314
4716.45	-0.00316882
4714.52	-0.00321687
4712.59	-0.00335844
4710.67	-0.00344769
4708.74	-0.00345601
4706.81	-0.00347369
4704.88	-0.00347902
4702.95	-0.00343204
4701.03	-0.00346101
4699.1	-0.00360377
4697.17	-0.00365638
4695.24	-0.00366193
4693.31	-0.0035322
4691.39	-0.00356746
4689.46	-0.00373914
4687.53	-0.00382763
4685.6	-0.00384717
4683.67	-0.00385475
4681.75	-0.00389524
4679.82	-0.00384947
4677.89	-0.0039642
4675.96	-0.0039753
4674.03	-0.00393425
4672.11	-0.00399381
4670.18	-0.00404447
4668.25	-0.00410418
4666.32	-0.00416942
4664.39	-0.00423269
4662.47	-0.00428286
4660.54	-0.00423847
4658.61	-0.00425668
4656.68	-0.00423725
4654.75	-0.00423236
4652.83	-0.00428673
4650.9	-0.00436008
4648.97	-0.00436412
4647.04	-0.00437468
4645.11	-0.00447799
4643.19	-0.00453423
4641.26	-0.00442004
4639.33	-0.00443992
4637.4	-0.00453154
4635.47	-0.00450459
4633.54	-0.00448577
4631.62	-0.00450033
4629.69	-0.0045804
4627.76	-0.00466934
4625.83	-0.00466901
4623.9	-0.00461082
4621.98	-0.00458886
4620.05	-0.00462197
4618.12	-0.00464869
4616.19	-0.00467675
4614.26	-0.0047265
4612.34	-0.00476029
4610.41	-0.00470962
4608.48	-0.00469359
4606.55	-0.00477412
4604.62	-0.00482347
4602.7	-0.00470667
4600.77	-0.00459725
4598.84	-0.00466668
4596.91	-0.00481083
4594.98	-0.00486109
4593.06	-0.00489117
4591.13	-0.00486571
4589.2	-0.00489703
4587.27	-0.00493304
4585.34	-0.00491387
4583.42	-0.00486935
4581.49	-0.00484661
4579.56	-0.00478641
4577.63	-0.00485067
4575.7	-0.00495472
4573.78	-0.004958
4571.85	-0.00492986
4569.92	-0.00499154
4567.99	-0.0050801
4566.06	-0.00506124
4564.14	-0.00500242
4562.21	-0.00502204
4560.28	-0.00502043
4558.35	-0.00494771
4556.42	-0.00491676
4554.5	-0.00493015
4552.57	-0.00496737
4550.64	-0.0049921
4548.71	-0.00492196
4546.78	-0.00483969
4544.86	-0.0048315
4542.93	-0.00487574
4541	-0.00493867
4539.07	-0.00493323
4537.14	-0.00488789
4535.22	-0.00482429
4533.29	-0.00483851
4531.36	-0.00490218
4529.43	-0.0049316
4527.5	-0.00488521
4525.58	-0.00493497
4523.65	-0.00499803
4521.72	-0.00496272
4519.79	-0.00496435
4517.86	-0.00496884
4515.94	-0.00494306
4514.01	-0.00489038
4512.08	-0.0049444
4510.15	-0.00506569
4508.22	-0.00518669
4506.29	-0.00518715
4504.37	-0.00506262
4502.44	-0.00501775
4500.51	-0.00516429
4498.58	-0.00524473
4496.65	-0.00518269
4494.73	-0.00517415
4492.8	-0.00516825
4490.87	-0.00520623
4488.94	-0.00524919
4487.01	-0.00536037
4485.09	-0.00543499
4483.16	-0.00541889
4481.23	-0.00535206
4479.3	-0.00527092
4477.37	-0.00523688
4475.45	-0.00518832
4473.52	-0.00518459
4471.59	-0.00523786
4469.66	-0.00526761
4467.73	-0.00527043
4465.81	-0.00532172
4463.88	-0.00540406
4461.95	-0.00543106
4460.02	-0.00548842
4458.09	-0.00551443
4456.17	-0.00546561
4454.24	-0.00544706
4452.31	-0.00538155
4450.38	-0.00529452
4448.45	-0.00525544
4446.53	-0.00532009
4444.6	-0.00539902
4442.67	-0.00538227
4440.74	-0.00539592
4438.81	-0.00542582
4436.89	-0.00537664
4434.96	-0.00531027
4433.03	-0.00526428
4431.1	-0.00537343
4429.17	-0.00546699
4427.25	-0.00543096
4425.32	-0.00536391
4423.39	-0.00533809
4421.46	-0.0053357
4419.53	-0.00534715
4417.61	-0.00535808
4415.68	-0.00536865
4413.75	-0.00534902
4411.82	-0.00534653
4409.89	-0.00534503
4407.96	-0.00537108
4406.04	-0.00540354
4404.11	-0.00537333
4402.18	-0.00529007
4400.25	-0.0053047
4398.33	-0.00528509
4396.4	-0.00525364
4394.47	-0.00531508
4392.54	-0.00529691
4390.61	-0.00523534
4388.68	-0.00523727
4386.76	-0.00526608
4384.83	-0.00533282
4382.9	-0.00535655
4380.97	-0.00528045
4379.04	-0.00531374
4377.12	-0.00538911
4375.19	-0.00527236
4373.26	-0.00520316
4371.33	-0.00525842
4369.4	-0.00527318
4367.48	-0.00519288
4365.55	-0.00518505
4363.62	-0.00513666
4361.69	-0.00513941
4359.76	-0.00509261
4357.84	-0.00508397
4355.91	-0.00515666
4353.98	-0.00510735
4352.05	-0.00501588
4350.12	-0.00497991
4348.2	-0.00499593
4346.27	-0.00507843
4344.34	-0.00518214
4342.41	-0.0052119
4340.48	-0.00510565
4338.56	-0.00504608
4336.63	-0.00493523
4334.7	-0.00488547
4332.77	-0.0049577
4330.84	-0.00494031
4328.92	-0.00495033
4326.99	-0.00498011
4325.06	-0.00496255
4323.13	-0.00503458
4321.2	-0.00504781
4319.28	-0.00492377
4317.35	-0.00486735
4315.42	-0.00490585
4313.49	-0.00502377
4311.56	-0.0049865
4309.64	-0.00491705
4307.71	-0.00491843
4305.78	-0.00489382
4303.85	-0.00494316
4301.92	-0.00495033
4300	-0.00486869
4298.07	-0.00478169
4296.14	-0.0048162
4294.21	-0.00482039
4292.28	-0.00475915
4290.35	-0.00465908
4288.43	-0.00460889
4286.5	-0.00468425
4284.57	-0.00471978
4282.64	-0.00475623
4280.71	-0.00477776
4278.79	-0.00480129
4276.86	-0.00473617
4274.93	-0.00462135
4273	-0.00461269
4271.07	-0.00462099
4269.15	-0.00463439
4267.22	-0.00459879
4265.29	-0.00455597
4263.36	-0.004626
4261.43	-0.00460532
4259.51	-0.004584
4257.58	-0.00462535
4255.65	-0.00450488
4253.72	-0.00439275
4251.79	-0.00445294
4249.87	-0.00444638
4247.94	-0.00444428
4246.01	-0.00443034
4244.08	-0.00442299
4242.15	-0.00435454
4240.23	-0.00433105
4238.3	-0.00433249
4236.37	-0.00435529
4234.44	-0.0043449
4232.51	-0.00434191
4230.59	-0.00432941
4228.66	-0.00434004
4226.73	-0.00437015
4224.8	-0.00428384
4222.87	-0.00425769
4220.95	-0.00427708
4219.02	-0.0042067
4217.09	-0.00419735
4215.16	-0.00432357
4213.23	-0.00438416
4211.31	-0.00442473
4209.38	-0.00436687
4207.45	-0.0041812
4205.52	-0.00411419
4203.59	-0.00412558
4201.67	-0.00415721
4199.74	-0.00421248
4197.81	-0.00426914
4195.88	-0.00417028
4193.95	-0.00416352
4192.03	-0.00418373
4190.1	-0.00417884
4188.17	-0.00416099
4186.24	-0.00420903
4184.31	-0.00431947
4182.39	-0.00424709
4180.46	-0.00420739
4178.53	-0.0043387
4176.6	-0.00435454
4174.67	-0.00429385
4172.75	-0.00427246
4170.82	-0.0042676
4168.89	-0.00433279
4166.96	-0.0043138
4165.03	-0.004234
4163.1	-0.0042151
4161.18	-0.00427032
4159.25	-0.00426061
4157.32	-0.00422396
4155.39	-0.00416978
4153.46	-0.00417034
4151.54	-0.00420808
4149.61	-0.00418524
4147.68	-0.00415557
4145.75	-0.00414409
4143.82	-0.00413132
4141.9	-0.00415127
4139.97	-0.00414435
4138.04	-0.00407716
4136.11	-0.00408491
4134.18	-0.00413834
4132.26	-0.00414048
4130.33	-0.00414829
4128.4	-0.00419131
4126.47	-0.00412676
4124.54	-0.00405402
4122.62	-0.00402976
4120.69	-0.00402559
4118.76	-0.00405576
4116.83	-0.00402947
4114.9	-0.00411983
4112.98	-0.00411264
4111.05	-0.00397851
4109.12	-0.00403377
4107.19	-0.00401328
4105.26	-0.00393475
4103.34	-0.00391212
4101.41	-0.00400806
4099.48	-0.00398462
4097.55	-0.00393974
4095.62	-0.00405313
4093.7	-0.00405248
4091.77	-0.00389787
4089.84	-0.00401289
4087.91	-0.00420818
4085.98	-0.00420014
4084.06	-0.00406535
4082.13	-0.00399591
4080.2	-0.00398561
4078.27	-0.00399365
4076.34	-0.00395333
4074.42	-0.00395336
4072.49	-0.00397503
4070.56	-0.00392716
4068.63	-0.00392726
4066.7	-0.00395964
4064.78	-0.00385791
4062.85	-0.00387472
4060.92	-0.00390828
4058.99	-0.00388996
4057.06	-0.00394686
4055.14	-0.00399365
4053.21	-0.00399923
4051.28	-0.0038851
4049.35	-0.00387971
4047.42	-0.00393363
4045.5	-0.00391439
4043.57	-0.00391748
4041.64	-0.00395346
4039.71	-0.0039944
4037.78	-0.00401341
4035.85	-0.00402838
4033.93	-0.00396814
4032	-0.00392371
4030.07	-0.00389735
4028.14	-0.00383459
4026.21	-0.00384405
4024.29	-0.00387364
4022.36	-0.00381945
4020.43	-0.00381899
4018.5	-0.00385357
4016.57	-0.00378696
4014.65	-0.00363739
4012.72	-0.00362835
4010.79	-0.00372672
4008.86	-0.00373437
4006.93	-0.00375329
4005.01	-0.00380595
4003.08	-0.00383932
4001.15	-0.00377261
3999.22	-0.00381813
3997.29	-0.00381193
3995.37	-0.00372902
3993.44	-0.00373437
3991.51	-0.00379245
3989.58	-0.00375937
3987.65	-0.00371598
3985.73	-0.00373933
3983.8	-0.00375162
3981.87	-0.00372442
3979.94	-0.00367471
3978.01	-0.00375336
3976.09	-0.00378338
3974.16	-0.00370951
3972.23	-0.00364521
3970.3	-0.00367251
3968.37	-0.0037187
3966.45	-0.00370057
3964.52	-0.00362605
3962.59	-0.00363108
3960.66	-0.00380802
3958.73	-0.00388122
3956.81	-0.00378847
3954.88	-0.00372324
3952.95	-0.00375116
3951.02	-0.00378082
3949.09	-0.00379031
3947.17	-0.00385837
3945.24	-0.00382828
3943.31	-0.00375648
3941.38	-0.00380171
3939.45	-0.00380539
3937.53	-0.00379179
3935.6	-0.00379481
3933.67	-0.00381051
3931.74	-0.00389613
3929.81	-0.00383295
3927.88	-0.00375875
3925.96	-0.0037914
3924.03	-0.00374718
3922.1	-0.00377593
3920.17	-0.00386743
3918.24	-0.00393117
3916.32	-0.00393189
3914.39	-0.00385764
3912.46	-0.00391202
3910.53	-0.00391393
3908.6	-0.00391104
3906.68	-0.00386378
3904.75	-0.00389068
3902.82	-0.00391111
3900.89	-0.00384851
3898.96	-0.00380227
3897.04	-0.00375665
3895.11	-0.00382237
3893.18	-0.00382654
3891.25	-0.0038044
3889.32	-0.00370372
3887.4	-0.00371788
3885.47	-0.00377839
3883.54	-0.00380769
3881.61	-0.00378687
3879.68	-0.00383942
3877.76	-0.00386523
3875.83	-0.00375904
3873.9	-0.00367254
3871.97	-0.00374308
3870.04	-0.00384792
3868.12	-0.00386704
3866.19	-0.00379974
3864.26	-0.00369098
3862.33	-0.00365957
3860.4	-0.00374541
3858.48	-0.00376988
3856.55	-0.00370238
3854.62	-0.00364679
3852.69	-0.00372097
3850.76	-0.00373428
3848.84	-0.00368996
3846.91	-0.00379176
3844.98	-0.00374597
3843.05	-0.00360782
3841.12	-0.00362563
3839.2	-0.00363703
3837.27	-0.00356283
3835.34	-0.0035461
3833.41	-0.00361593
3831.48	-0.00359579
3829.56	-0.00354482
3827.63	-0.00350209
3825.7	-0.00359605
3823.77	-0.00361081
3821.84	-0.00357742
3819.92	-0.00365986
3817.99	-0.00357571
3816.06	-0.00341972
3814.13	-0.00339299
3812.2	-0.00347662
3810.27	-0.00343172
3808.35	-0.00329826
3806.42	-0.00333555
3804.49	-0.00336583
3802.56	-0.00328199
3800.64	-0.00324476
3798.71	-0.00336205
3796.78	-0.00334413
3794.85	-0.00325262
3792.92	-0.0032243
3790.99	-0.00331316
3789.07	-0.00325808
3787.14	-0.00312918
3785.21	-0.00307059
3783.28	-0.00296345
3781.35	-0.00293386
3779.43	-0.0029513
3777.5	-0.00289427
3775.57	-0.00289052
3773.64	-0.00287498
3771.71	-0.00283005
3769.79	-0.00275858
3767.86	-0.00277263
3765.93	-0.0026999
3764	-0.00250344
3762.07	-0.00249593
3760.15	-0.00254092
3758.22	-0.00245527
3756.29	-0.00240769
3754.36	-0.00227689
3752.43	-0.00226723
3750.51	-0.00229021
3748.58	-0.00217048
3746.65	-0.00201949
3744.72	-0.00198819
3742.79	-0.00198087
3740.87	-0.00187089
3738.94	-0.00173718
3737.01	-0.00177325
3735.08	-0.0018083
3733.15	-0.00155963
3731.23	-0.00130105
3729.3	-0.00127187
3727.37	-0.00128975
3725.44	-0.00122949
3723.51	-0.00107536
3721.59	-0.00084337
3719.66	-0.000840426
3717.73	-0.00087991
3715.8	-0.000765913
3713.87	-0.000477067
3711.95	-0.000238036
3710.02	-0.000163718
3708.09	-0.000150171
3706.16	-4.45299e-05
3704.23	0.000244631
3702.31	0.000391821
3700.38	0.000425318
3698.45	0.000574261
3696.52	0.000917655
3694.59	0.00119084
3692.67	0.00130532
3690.74	0.0014673
3688.81	0.00168671
3686.88	0.00184697
3684.95	0.00199151
3683.02	0.00215761
3681.1	0.00239949
3679.17	0.00272959
3677.24	0.00304223
3675.31	0.00327152
3673.38	0.0035458
3671.46	0.00387854
3669.53	0.00427733
3667.6	0.00452766
3665.67	0.00477328
3663.74	0.00520793
3661.82	0.00555588
3659.89	0.00590808
3657.96	0.00641841
3656.03	0.006929
3654.1	0.00749134
3652.18	0.00791805
3650.25	0.00839112
3648.32	0.0090226
3646.39	0.00964755
3644.46	0.0102632
3642.54	0.0110336
3640.61	0.0117872
3638.68	0.0124746
3636.75	0.0131485
3634.82	0.0139913
3632.9	0.0149508
3630.97	0.015913
3629.04	0.0167776
3627.11	0.0176723
3625.18	0.018706
3623.26	0.0197642
3621.33	0.020877
3619.4	0.0221439
3617.47	0.0234168
3615.54	0.0246608
3613.62	0.02592
3611.69	0.0273907
3609.76	0.0289906
3607.83	0.0304236
3605.9	0.0319296
3603.98	0.0337524
3602.05	0.0356274
3600.12	0.0375386
3598.19	0.0394953
3596.26	0.0414164
3594.34	0.0434175
3592.41	0.0455512
3590.48	0.0480121
3588.55	0.0506691
3586.62	0.053067
3584.7	0.0556466
3582.77	0.0585349
3580.84	0.0613863
3578.91	0.0644767
3576.98	0.0676507
3575.05	0.0708085
3573.13	0.0742484
3571.2	0.0779437
3569.27	0.0816815
3567.34	0.0855184
3565.42	0.0895673
3563.49	0.0939378
3561.56	0.0983413
3559.63	0.103036
3557.7	0.108023
3555.77	0.113085
3553.85	0.118326
3551.92	0.123958
3549.99	0.130047
3548.06	0.136254
3546.13	0.142598
3544.21	0.149173
3542.28	0.155997
3540.35	0.16336
3538.42	0.170941
3536.49	0.178857
3534.57	0.187096
3532.64	0.195698
3530.71	0.20457
3528.78	0.213876
3526.85	0.223626
3524.93	0.233486
3523	0.243627
3521.07	0.254249
3519.14	0.265217
3517.21	0.276449
3515.29	0.28794
3513.36	0.299707
3511.43	0.311645
3509.5	0.323837
3507.57	0.335932
3505.65	0.348197
3503.72	0.360754
3501.79	0.372975
3499.86	0.385155
3497.93	0.397045
3496.01	0.408547
3494.08	0.419766
3492.15	0.43054
3490.22	0.440498
3488.29	0.449509
3486.37	0.458095
3484.44	0.46579
3482.51	0.47266
3480.58	0.478707
3478.65	0.483451
3476.73	0.487147
3474.8	0.490264
3472.87	0.492599
3470.94	0.493909
3469.01	0.494271
3467.09	0.494093
3465.16	0.493223
3463.23	0.491517
3461.3	0.489198
3459.37	0.486713
3457.44	0.483751
3455.52	0.480508
3453.59	0.477142
3451.66	0.473554
3449.73	0.469747
3447.81	0.465938
3445.88	0.461938
3443.95	0.458135
3442.02	0.454536
3440.09	0.450726
3438.16	0.446908
3436.24	0.443405
3434.31	0.440064
3432.38	0.436521
3430.45	0.432965
3428.52	0.429714
3426.6	0.426769
3424.67	0.424121
3422.74	0.421406
3420.81	0.418544
3418.88	0.415918
3416.96	0.413683
3415.03	0.411546
3413.1	0.409381
3411.17	0.407122
3409.24	0.405195
3407.32	0.40337
3405.39	0.40185
3403.46	0.400472
3401.53	0.399032
3399.6	0.39773
3397.68	0.3964
3395.75	0.394983
3393.82	0.393755
3391.89	0.392818
3389.96	0.391915
3388.04	0.391023
3386.11	0.390332
3384.18	0.389372
3382.25	0.388413
3380.32	0.387589
3378.4	0.386766
3376.47	0.385863
3374.54	0.385248
3372.61	0.384613
3370.68	0.384083
3368.76	0.38366
3366.83	0.38306
3364.9	0.382343
3362.97	0.381379
3361.04	0.380719
3359.12	0.380369
3357.19	0.379738
3355.26	0.378957
3353.33	0.378104
3351.4	0.377429
3349.48	0.377026
3347.55	0.376194
3345.62	0.375302
3343.69	0.374432
3341.76	0.373801
3339.83	0.373519
3337.91	0.372873
3335.98	0.371956
3334.05	0.371241
3332.12	0.370427
3330.19	0.369593
3328.27	0.369287
3326.34	0.368924
3324.41	0.368221
3322.48	0.367427
3320.55	0.366992
3318.63	0.366497
3316.7	0.366281
3314.77	0.3658
3312.84	0.365637
3310.91	0.365746
3308.99	0.365377
3307.06	0.365299
3305.13	0.365579
3303.2	0.36613
3301.27	0.366819
3299.35	0.367436
3297.42	0.36808
3295.49	0.369024
3293.56	0.370311
3291.63	0.371379
3289.71	0.372518
3287.78	0.374087
3285.85	0.375771
3283.92	0.377743
3281.99	0.38002
3280.07	0.38238
3278.14	0.385018
3276.21	0.387848
3274.28	0.39042
3272.35	0.393559
3270.43	0.397282
3268.5	0.400587
3266.57	0.403747
3264.64	0.407459
3262.71	0.411325
3260.79	0.414766
3258.86	0.418167
3256.93	0.421586
3255	0.425273
3253.07	0.429388
3251.15	0.433435
3249.22	0.436817
3247.29	0.440351
3245.36	0.443871
3243.43	0.447097
3241.51	0.450341
3239.58	0.453869
3237.65	0.457281
3235.72	0.460192
3233.79	0.462899
3231.87	0.465543
3229.94	0.468416
3228.01	0.471477
3226.08	0.47424
3224.15	0.476561
3222.22	0.478827
3220.3	0.480934
3218.37	0.48323
3216.44	0.485478
3214.51	0.487416
3212.58	0.489165
3210.66	0.490997
3208.73	0.492883
3206.8	0.494655
3204.87	0.49641
3202.94	0.498344
3201.02	0.500256
3199.09	0.501655
3197.16	0.502909
3195.23	0.504275
3193.3	0.505446
3191.38	0.50677
3189.45	0.508151
3187.52	0.509459
3185.59	0.510545
3183.66	0.51136
3181.74	0.512367
3179.81	0.51318
3177.88	0.514093
3175.95	0.514931
3174.02	0.51543
3172.1	0.515773
3170.17	0.515783
3168.24	0.515712
3166.31	0.515691
3164.38	0.51533
3162.46	0.514925
3160.53	0.514335
3158.6	0.513487
3156.67	0.512158
3154.74	0.510481
3152.82	0.508775
3150.89	0.506832
3148.96	0.504793
3147.03	0.502392
3145.1	0.499743
3143.18	0.496791
3141.25	0.493567
3139.32	0.489819
3137.39	0.485769
3135.46	0.4818
3133.54	0.477442
3131.61	0.472798
3129.68	0.467829
3127.75	0.462578
3125.82	0.457235
3123.9	0.451625
3121.97	0.445555
3120.04	0.439283
3118.11	0.432742
3116.18	0.426472
3114.26	0.419894
3112.33	0.413024
3110.4	0.406194
3108.47	0.399157
3106.54	0.391854
3104.61	0.384377
3102.69	0.377131
3100.76	0.36986
3098.83	0.362606
3096.9	0.355337
3094.98	0.347821
3093.05	0.340034
3091.12	0.332173
3089.19	0.324841
3087.26	0.317508
3085.33	0.310045
3083.41	0.302571
3081.48	0.294994
3079.55	0.28743
3077.62	0.280104
3075.69	0.272603
3073.77	0.265023
3071.84	0.258029
3069.91	0.25103
3067.98	0.243773
3066.05	0.23681
3064.13	0.230008
3062.2	0.223126
3060.27	0.216427
3058.34	0.210042
3056.41	0.203742
3054.49	0.197382
3052.56	0.19125
3050.63	0.185292
3048.7	0.179322
3046.77	0.173477
3044.85	0.167882
3042.92	0.162493
3040.99	0.157318
3039.06	0.152211
3037.13	0.147119
3035.21	0.142224
3033.28	0.137557
3031.35	0.133116
3029.42	0.128719
3027.49	0.12446
3025.57	0.120339
3023.64	0.116406
3021.71	0.112474
3019.78	0.108721
3017.85	0.105166
3015.93	0.101773
3014	0.0986431
3012.07	0.0954158
3010.14	0.092216
3008.21	0.089283
3006.29	0.0862902
3004.36	0.0834284
3002.43	0.0808212
3000.5	0.0783541
2998.57	0.0758612
2996.65	0.0731625
2994.72	0.0709206
2992.79	0.0689359
2990.86	0.0667663
2988.93	0.0646484
2987	0.0626781
2985.08	0.060767
2983.15	0.0589408
2981.22	0.0571
2979.29	0.0551998
2977.36	0.053538
2975.44	0.0520222
2973.51	0.0504385
2971.58	0.048816
2969.65	0.0473112
2967.72	0.0458471
2965.8	0.04437
2963.87	0.0431436
2961.94	0.0421234
2960.01	0.0408745
2958.08	0.0395399
2956.16	0.0383064
2954.23	0.0372133
2952.3	0.0362124
2950.37	0.0351074
2948.44	0.0340737
2946.52	0.0330624
2944.59	0.0319191
2942.66	0.0309692
2940.73	0.0302687
2938.8	0.0294713
2936.88	0.0286113
2934.95	0.0277672
2933.02	0.0269836
2931.09	0.0262525
2929.16	0.0256311
2927.24	0.0250653
2925.31	0.024267
2923.38	0.0236508
2921.45	0.0230289
2919.52	0.0223409
2917.6	0.0217326
2915.67	0.0211547
2913.74	0.0205049
2911.81	0.0200052
2909.88	0.0196062
2907.96	0.0190297
2906.03	0.0185843
2904.1	0.0181886
2902.17	0.0177087
2900.24	0.0173279
2898.32	0.0168946
2896.39	0.0164139
2894.46	0.0158882
2892.53	0.0154979
2890.6	0.0151864
2888.68	0.0148563
2886.75	0.0145586
2884.82	0.014305
2882.89	0.0140185
2880.96	0.0135007
2879.04	0.0131937
2877.11	0.0129442
2875.18	0.0126739
2873.25	0.0124055
2871.32	0.0121482
2869.39	0.0117344
2867.47	0.0114006
2865.54	0.0111884
2863.61	0.0109389
2861.68	0.0108186
2859.75	0.0106888
2857.83	0.0103899
2855.9	0.0100526
2853.97	0.00972408
2852.04	0.00943488
2850.11	0.00913618
2848.19	0.00884108
2846.26	0.00867845
2844.33	0.00851562
2842.4	0.0085386
2840.47	0.00846856
2838.55	0.00814959
2836.62	0.00790638
2834.69	0.0077859
2832.76	0.00776046
2830.83	0.00777227
2828.91	0.00769314
2826.98	0.00727669
2825.05	0.00690547
2823.12	0.00679008
2821.19	0.00687282
2819.27	0.00682014
2817.34	0.00662937
2815.41	0.00648836
2813.48	0.00623605
2811.55	0.00603727
2809.63	0.00590428
2807.7	0.00583117
2805.77	0.00583651
2803.84	0.00581468
2801.91	0.00575736
2799.99	0.0054435
2798.06	0.00507579
2796.13	0.0051804
2794.2	0.00526155
2792.27	0.00516826
2790.35	0.00495905
2788.42	0.00488559
2786.49	0.00485111
2784.56	0.00464627
2782.63	0.00441648
2780.71	0.00444169
2778.78	0.00469379
2776.85	0.00458535
2774.92	0.00426341
2772.99	0.00427853
2771.06	0.00425059
2769.14	0.00404787
2767.21	0.00387898
2765.28	0.00389653
2763.35	0.00408286
2761.43	0.00418318
2759.5	0.00401356
2757.57	0.00375677
2755.64	0.00369177
2753.71	0.00374745
2751.78	0.00361592
2749.86	0.00352802
2747.93	0.00352709
2746	0.00366808
2744.07	0.00365852
2742.15	0.00339012
2740.22	0.00328681
2738.29	0.0033201
2736.36	0.00334567
2734.43	0.00324879
2732.5	0.00321934
2730.58	0.00328885
2728.65	0.00337993
2726.72	0.00333709
2724.79	0.00306592
2722.86	0.00299635
2720.94	0.00319658
2719.01	0.00310753
2717.08	0.00300376
2715.15	0.00302011
2713.22	0.0030127
2711.3	0.00308107
2709.37	0.00321671
2707.44	0.00333422
2705.51	0.00322956
2703.58	0.00316667
2701.66	0.00335643
2699.73	0.00306018
2697.8	0.00281026
2695.87	0.0029747
2693.94	0.00310837
2692.02	0.00316874
2690.09	0.00330674
2688.16	0.00331269
2686.23	0.00317962
2684.3	0.00303579
2682.38	0.00320586
2680.45	0.0032994
2678.52	0.00320576
2676.59	0.00320195
2674.66	0.00367165
2672.74	0.00382763
2670.81	0.00354282
2668.88	0.00353267
2666.95	0.00355124
2665.02	0.00347441
2663.1	0.00356751
2661.17	0.00375577
2659.24	0.00396557
2657.31	0.00376499
2655.38	0.00356614
2653.46	0.00383816
2651.53	0.00416397
2649.6	0.00449127
2647.67	0.00476109
2645.74	0.00486197
2643.81	0.00443938
2641.89	0.00406951
2639.96	0.00421653
2638.03	0.00430818
2636.1	0.00445016
2634.17	0.00450546
2632.25	0.00454139
2630.32	0.00472263
2628.39	0.00455297
2626.46	0.0045299
2624.53	0.00466147
2622.61	0.00480243
2620.68	0.00492744
2618.75	0.0049804
2616.82	0.00519811
2614.89	0.00523774
2612.97	0.00527209
2611.04	0.00533826
2609.11	0.00531824
2607.18	0.00523154
2605.25	0.00541753
2603.33	0.00567652
2601.4	0.00575064
2599.47	0.00565909
2597.54	0.0057581
2595.61	0.00590052
2593.69	0.00605276
2591.76	0.00613707
2589.83	0.0061319
2587.9	0.00627558
2585.97	0.00643768
2584.05	0.00665945
2582.12	0.00677941
2580.19	0.00677251
2578.26	0.00658893
2576.33	0.00678803
2574.41	0.00696611
2572.48	0.00706302
2570.55	0.00704305
2568.62	0.00720806
2566.69	0.00732157
2564.77	0.00720647
2562.84	0.00701887
2560.91	0.00729094
2558.98	0.00758857
2557.05	0.00781312
2555.13	0.00775827
2553.2	0.00765213
2551.27	0.00783596
2549.34	0.00789693
2547.41	0.00798062
2545.49	0.00797879
2543.56	0.00793577
2541.63	0.00827892
2539.7	0.0086138
2537.77	0.00866645
2535.85	0.00866034
2533.92	0.00861109
2531.99	0.00877318
2530.06	0.00900055
2528.13	0.00904605
2526.21	0.00894352
2524.28	0.00875766
2522.35	0.00887743
2520.42	0.00910224
2518.49	0.00938832
2516.56	0.00945127
2514.64	0.00941632
2512.71	0.00949471
2510.78	0.0096259
2508.85	0.00991367
2506.92	0.0102055
2505	0.0102449
2503.07	0.0101017
2501.14	0.0100307
2499.21	0.0101366
2497.28	0.0102344
2495.36	0.0103741
2493.43	0.0106325
2491.5	0.0109712
2489.57	0.0109951
2487.64	0.0109402
2485.72	0.0110161
2483.79	0.0112197
2481.86	0.0113478
2479.93	0.0113169
2478	0.0114675
2476.08	0.0117598
2474.15	0.0120096
2472.22	0.0123366
2470.29	0.0123362
2468.36	0.0124407
2466.44	0.0124547
2464.51	0.0124362
2462.58	0.0123154
2460.65	0.0125228
2458.72	0.0128874
2456.8	0.0126575
2454.87	0.0124902
2452.94	0.0128641
2451.01	0.0130521
2449.08	0.013184
2447.16	0.0133941
2445.23	0.0133394
2443.3	0.0134123
2441.37	0.0138101
2439.44	0.0140646
2437.52	0.0139498
2435.59	0.0138876
2433.66	0.0140722
2431.73	0.0140278
2429.8	0.013713
2427.88	0.0137727
2425.95	0.0140376
2424.02	0.0143083
2422.09	0.014518
2420.16	0.0142052
2418.24	0.0141979
2416.31	0.0148674
2414.38	0.0152767
2412.45	0.0151171
2410.52	0.014935
2408.6	0.0150644
2406.67	0.015076
2404.74	0.0152699
2402.81	0.0156935
2400.88	0.0153231
2398.95	0.0150093
2397.03	0.0152423
2395.1	0.0159075
2393.17	0.0161789
2391.24	0.0159452
2389.31	0.0159672
2387.39	0.0161626
2385.46	0.0162863
2383.53	0.0162309
2381.6	0.0164718
2379.67	0.0172698
2377.75	0.0171811
2375.82	0.0166454
2373.89	0.0167097
2371.96	0.0167778
2370.03	0.0175184
2368.11	0.01814
2366.18	0.0181094
2364.25	0.0177998
2362.32	0.0178175
2360.39	0.0184145
2358.47	0.0189448
2356.54	0.0189692
2354.61	0.018513
2352.68	0.0182914
2350.75	0.0183839
2348.83	0.018756
2346.9	0.0191828
2344.97	0.0196094
2343.04	0.0201945
2341.11	0.0203769
2339.19	0.0202415
2337.26	0.0203042
2335.33	0.0203172
2333.4	0.020691
2331.47	0.0207104
2329.55	0.0204445
2327.62	0.0205379
2325.69	0.0210415
2323.76	0.0217077
2321.83	0.0218986
2319.91	0.0216698
2317.98	0.0215228
2316.05	0.0218431
2314.12	0.0225771
2312.19	0.0229136
2310.27	0.0231708
2308.34	0.0231352
2306.41	0.0228504
2304.48	0.0227957
2302.55	0.0231891
2300.63	0.0232995
2298.7	0.0232114
2296.77	0.0238979
2294.84	0.0247351
2292.91	0.0253235
2290.98	0.0259356
2289.06	0.0258856
2287.13	0.0256032
2285.2	0.0261223
2283.27	0.0264809
2281.35	0.0266591
2279.42	0.0269621
2277.49	0.0269264
2275.56	0.0271923
2273.63	0.0277168
2271.7	0.0281066
2269.78	0.0282141
2267.85	0.0278202
2265.92	0.0280896
2263.99	0.0283878
2262.06	0.0285863
2260.14	0.0285788
2258.21	0.0287802
2256.28	0.0292226
2254.35	0.0293139
2252.42	0.0295512
2250.5	0.0298086
2248.57	0.0294905
2246.64	0.0295761
2244.71	0.0306242
2242.78	0.0303932
2240.86	0.0297383
2238.93	0.0298854
2237	0.0302275
2235.07	0.0300814
2233.14	0.0294679
2231.22	0.0288381
2229.29	0.0291096
2227.36	0.030053
2225.43	0.0306542
2223.5	0.0302202
2221.58	0.0295537
2219.65	0.0297159
2217.72	0.0294274
2215.79	0.0291856
2213.86	0.0292003
2211.94	0.0287002
2210.01	0.028308
2208.08	0.0284098
2206.15	0.0283304
2204.22	0.0279356
2202.3	0.0268893
2200.37	0.0265121
2198.44	0.026518
2196.51	0.0265304
2194.58	0.026518
2192.66	0.0260708
2190.73	0.0257777
2188.8	0.0250655
2186.87	0.0250716
2184.94	0.0250863
2183.02	0.0243142
2181.09	0.0240688
2179.16	0.0243778
2177.23	0.0237216
2175.3	0.0235476
2173.38	0.0226584
2171.45	0.0215573
2169.52	0.0212159
2167.59	0.0209403
2165.66	0.0210632
2163.73	0.0210644
2161.81	0.0207696
2159.88	0.0203329
2157.95	0.0199393
2156.02	0.0195589
2154.09	0.0198099
2152.17	0.0199142
2150.24	0.0192068
2148.31	0.0185401
2146.38	0.0176166
2144.45	0.0169052
2142.53	0.016173
2140.6	0.0161269
2138.67	0.0156861
2136.74	0.0154335
2134.81	0.0156969
2132.89	0.0162044
2130.96	0.0161337
2129.03	0.0166797
2127.1	0.0170691
2125.17	0.0167909
2123.25	0.0153722
2121.32	0.0143053
2119.39	0.014572
2117.46	0.0140426
2115.53	0.0143761
2113.61	0.0145453
2111.68	0.0138663
2109.75	0.013798
2107.82	0.0138526
2105.89	0.0141502
2103.97	0.0134073
2102.04	0.01188
2100.11	0.0126484
2098.18	0.0124378
2096.25	0.0106993
2094.33	0.0098609
2092.4	0.00925832
2090.47	0.00950921
2088.54	0.0104227
2086.61	0.0105746
2084.69	0.0108816
2082.76	0.0115972
2080.83	0.011043
2078.9	0.0101611
2076.97	0.0082543
2075.05	0.00679957
2073.12	0.00906929
2071.19	0.0106762
2069.26	0.00963335
2067.33	0.00876835
2065.41	0.00838302
2063.48	0.00815067
2061.55	0.00707194
2059.62	0.00681866
2057.69	0.00897355
2055.77	0.00865557
2053.84	0.00602276
2051.91	0.00609265
2049.98	0.00750324
2048.05	0.00818538
2046.12	0.00729269
2044.2	0.00613428
2042.27	0.00621494
2040.34	0.00837592
2038.41	0.0104885
2036.48	0.00943701
2034.56	0.00879979
2032.63	0.00886901
2030.7	0.00907271
2028.77	0.00798888
2026.84	0.00732581
2024.92	0.00845818
2022.99	0.00828041
2021.06	0.00828564
2019.13	0.00829773
2017.2	0.00788491
2015.28	0.00825923
2013.35	0.00921517
2011.42	0.00877775
2009.49	0.0077917
2007.56	0.00481864
2005.64	0.00461616
2003.71	0.00521112
2001.78	0.00484186
