nAHl0419.spa, Thu Nov 02 00:48:04 2006 (GMT-10:00)
9999.26	0.0160636
9997.33	0.0171165
9995.4	0.0170927
9993.48	0.0161986
9991.55	0.0164061
9989.62	0.0163866
9987.69	0.0163378
9985.76	0.0164268
9983.84	0.0165364
9981.91	0.0163246
9979.98	0.0159525
9978.05	0.0163105
9976.12	0.0164434
9974.2	0.0168552
9972.27	0.0173242
9970.34	0.0174753
9968.41	0.0172895
9966.48	0.0169816
9964.56	0.0172421
9962.63	0.0169565
9960.7	0.016719
9958.77	0.0166792
9956.84	0.0162388
9954.92	0.0159426
9952.99	0.0158475
9951.06	0.0157377
9949.13	0.0163684
9947.2	0.0163582
9945.28	0.0168555
9943.35	0.0173612
9941.42	0.0170357
9939.49	0.0167816
9937.56	0.0170686
9935.64	0.0176403
9933.71	0.0170625
9931.78	0.0160711
9929.85	0.0167434
9927.92	0.0175549
9926	0.0168025
9924.07	0.0159738
9922.14	0.0163176
9920.21	0.0168762
9918.28	0.0171753
9916.36	0.0168454
9914.43	0.0163312
9912.5	0.0161818
9910.57	0.0164746
9908.64	0.0164576
9906.71	0.0163456
9904.79	0.0157935
9902.86	0.0158686
9900.93	0.0163057
9899	0.0171985
9897.08	0.0178075
9895.15	0.0171873
9893.22	0.0160673
9891.29	0.0163699
9889.36	0.0168772
9887.43	0.017155
9885.51	0.0172633
9883.58	0.0167541
9881.65	0.0156713
9879.72	0.0155947
9877.79	0.0168547
9875.87	0.0175272
9873.94	0.0168071
9872.01	0.0167412
9870.08	0.0174899
9868.15	0.0176366
9866.23	0.0162468
9864.3	0.016008
9862.37	0.0169077
9860.44	0.0168553
9858.51	0.0160075
9856.59	0.0156597
9854.66	0.0156933
9852.73	0.0154962
9850.8	0.0158593
9848.87	0.016669
9846.95	0.0177491
9845.02	0.0179483
9843.09	0.0171088
9841.16	0.0164631
9839.23	0.0163763
9837.31	0.0166137
9835.38	0.0167383
9833.45	0.0163003
9831.52	0.0161669
9829.59	0.0163812
9827.67	0.0162166
9825.74	0.0169502
9823.81	0.0171641
9821.88	0.0164786
9819.95	0.016825
9818.03	0.0165717
9816.1	0.0155619
9814.17	0.0167124
9812.24	0.0175046
9810.31	0.0173485
9808.39	0.0169918
9806.46	0.0166928
9804.53	0.0166464
9802.6	0.0167653
9800.67	0.0165366
9798.75	0.0166497
9796.82	0.017202
9794.89	0.016578
9792.96	0.0161131
9791.03	0.0170023
9789.11	0.0175606
9787.18	0.0173963
9785.25	0.0164962
9783.32	0.0163443
9781.39	0.0164555
9779.46	0.016663
9777.54	0.0165798
9775.61	0.0168763
9773.68	0.0171407
9771.75	0.0166467
9769.83	0.0167528
9767.9	0.016538
9765.97	0.0164436
9764.04	0.0166995
9762.11	0.0164492
9760.18	0.0167853
9758.26	0.016858
9756.33	0.0168846
9754.4	0.0164866
9752.47	0.0156354
9750.54	0.0156381
9748.62	0.0165396
9746.69	0.0170076
9744.76	0.0168065
9742.83	0.0165379
9740.9	0.0159847
9738.98	0.0159012
9737.05	0.0162917
9735.12	0.016065
9733.19	0.0161721
9731.26	0.0168492
9729.34	0.0169788
9727.41	0.0165481
9725.48	0.0163116
9723.55	0.0164486
9721.62	0.0165171
9719.7	0.0163896
9717.77	0.0165475
9715.84	0.0169638
9713.91	0.0169528
9711.98	0.0167812
9710.06	0.0169344
9708.13	0.0165699
9706.2	0.0165895
9704.27	0.0164922
9702.34	0.0162081
9700.42	0.0164739
9698.49	0.0165216
9696.56	0.0159473
9694.63	0.0161245
9692.7	0.0166403
9690.78	0.0165596
9688.85	0.0169487
9686.92	0.0172723
9684.99	0.0168742
9683.06	0.0162748
9681.14	0.0158963
9679.21	0.016261
9677.28	0.0165144
9675.35	0.0164634
9673.42	0.0167201
9671.5	0.0168649
9669.57	0.0171245
9667.64	0.0168084
9665.71	0.0162443
9663.78	0.0158514
9661.86	0.016387
9659.93	0.0167106
9658	0.0158887
9656.07	0.0160196
9654.14	0.0168449
9652.21	0.0167702
9650.29	0.0169364
9648.36	0.017043
9646.43	0.0166467
9644.5	0.0162325
9642.57	0.0160165
9640.65	0.0157408
9638.72	0.0155581
9636.79	0.0155741
9634.86	0.0157672
9632.93	0.0159235
9631.01	0.0154952
9629.08	0.0153364
9627.15	0.0161024
9625.22	0.0159721
9623.29	0.0162163
9621.37	0.0167984
9619.44	0.0168304
9617.51	0.0163766
9615.58	0.0158066
9613.65	0.0153541
9611.73	0.0153152
9609.8	0.0156111
9607.87	0.0158692
9605.94	0.0161078
9604.01	0.016378
9602.09	0.0162523
9600.16	0.0163255
9598.23	0.0167857
9596.3	0.0169267
9594.37	0.0164968
9592.45	0.0162854
9590.52	0.0159547
9588.59	0.0160714
9586.66	0.0163817
9584.73	0.0159993
9582.81	0.0161456
9580.88	0.0162528
9578.95	0.0162428
9577.02	0.0166993
9575.09	0.0165996
9573.17	0.0162772
9571.24	0.0161205
9569.31	0.0161093
9567.38	0.0160391
9565.45	0.0159952
9563.53	0.0160379
9561.6	0.0164773
9559.67	0.016599
9557.74	0.0161995
9555.81	0.0159716
9553.88	0.0155734
9551.96	0.0154618
9550.03	0.0159302
9548.1	0.0159566
9546.17	0.0157688
9544.25	0.0154347
9542.32	0.0153912
9540.39	0.015244
9538.46	0.0155232
9536.53	0.0152002
9534.6	0.0149308
9532.68	0.015227
9530.75	0.0161109
9528.82	0.017083
9526.89	0.0170077
9524.96	0.0166109
9523.04	0.0159732
9521.11	0.0155004
9519.18	0.0153841
9517.25	0.0155452
9515.32	0.0158768
9513.4	0.0157913
9511.47	0.0159628
9509.54	0.0164174
9507.61	0.0168219
9505.68	0.0163305
9503.76	0.0159663
9501.83	0.0156949
9499.9	0.0152559
9497.97	0.0153073
9496.04	0.015866
9494.12	0.016442
9492.19	0.0166481
9490.26	0.0160389
9488.33	0.0155515
9486.4	0.0155461
9484.48	0.0157238
9482.55	0.0157413
9480.62	0.0155343
9478.69	0.0151412
9476.76	0.0146363
9474.84	0.0152018
9472.91	0.0164683
9470.98	0.0165824
9469.05	0.016205
9467.12	0.0158748
9465.2	0.0158489
9463.27	0.0158022
9461.34	0.0157022
9459.41	0.0159455
9457.48	0.0159806
9455.56	0.0160873
9453.63	0.0160491
9451.7	0.0159308
9449.77	0.0157195
9447.84	0.0154702
9445.92	0.0157007
9443.99	0.0159898
9442.06	0.0158381
9440.13	0.0161585
9438.2	0.0163125
9436.28	0.0156168
9434.35	0.0151251
9432.42	0.0151659
9430.49	0.0151968
9428.56	0.015252
9426.63	0.0155163
9424.71	0.0158542
9422.78	0.0165481
9420.85	0.0160953
9418.92	0.0154433
9417	0.015664
9415.07	0.0159022
9413.14	0.0157982
9411.21	0.0158697
9409.28	0.0163834
9407.35	0.0164043
9405.43	0.0156467
9403.5	0.0147641
9401.57	0.0147031
9399.64	0.0152718
9397.71	0.0154402
9395.79	0.0150642
9393.86	0.0152728
9391.93	0.0160057
9390	0.0159021
9388.07	0.0155389
9386.15	0.015868
9384.22	0.0156619
9382.29	0.0150867
9380.36	0.0151018
9378.43	0.0151495
9376.51	0.0153376
9374.58	0.0149692
9372.65	0.0144536
9370.72	0.0146031
9368.79	0.0145388
9366.87	0.0141194
9364.94	0.014417
9363.01	0.01507
9361.08	0.0149227
9359.15	0.0148468
9357.23	0.0148546
9355.3	0.0150718
9353.37	0.0151521
9351.44	0.0148032
9349.51	0.0147165
9347.59	0.015239
9345.66	0.0157022
9343.73	0.0152408
9341.8	0.0149743
9339.87	0.0150218
9337.95	0.0149443
9336.02	0.0150342
9334.09	0.015265
9332.16	0.0150536
9330.23	0.0145189
9328.31	0.0143018
9326.38	0.0143003
9324.45	0.0142577
9322.52	0.0139459
9320.59	0.0140166
9318.67	0.0145439
9316.74	0.0149712
9314.81	0.0150479
9312.88	0.0151833
9310.95	0.0150305
9309.03	0.0144568
9307.1	0.0142559
9305.17	0.0144695
9303.24	0.0147996
9301.31	0.0147575
9299.38	0.0144231
9297.46	0.0141231
9295.53	0.0145728
9293.6	0.0149843
9291.67	0.014505
9289.74	0.0146664
9287.82	0.014549
9285.89	0.0142052
9283.96	0.0139999
9282.03	0.0140853
9280.1	0.0143935
9278.18	0.014983
9276.25	0.0149143
9274.32	0.0142509
9272.39	0.0139917
9270.46	0.0140492
9268.54	0.0142089
9266.61	0.0146915
9264.68	0.015022
9262.75	0.0141865
9260.82	0.0137263
9258.9	0.0144422
9256.97	0.0145204
9255.04	0.0145885
9253.11	0.0150813
9251.18	0.0147437
9249.26	0.0145793
9247.33	0.0145956
9245.4	0.0145457
9243.47	0.0146733
9241.54	0.014877
9239.62	0.01447
9237.69	0.01399
9235.76	0.0143212
9233.83	0.0142545
9231.9	0.0139749
9229.98	0.0144624
9228.05	0.0145514
9226.12	0.0140401
9224.19	0.0142739
9222.26	0.0147388
9220.34	0.0141595
9218.41	0.0140232
9216.48	0.014122
9214.55	0.0142732
9212.62	0.0145335
9210.7	0.0143317
9208.77	0.0138252
9206.84	0.0138568
9204.91	0.014125
9202.98	0.0138126
9201.05	0.0137651
9199.13	0.0142282
9197.2	0.0144313
9195.27	0.0144354
9193.34	0.0140412
9191.42	0.0140824
9189.49	0.0140731
9187.56	0.0140486
9185.63	0.0141129
9183.7	0.0141234
9181.77	0.013976
9179.85	0.0138366
9177.92	0.0142651
9175.99	0.0140635
9174.06	0.0139797
9172.13	0.0142381
9170.21	0.013998
9168.28	0.0134924
9166.35	0.0133731
9164.42	0.01383
9162.49	0.0141565
9160.57	0.0141175
9158.64	0.0141515
9156.71	0.0143564
9154.78	0.0139975
9152.85	0.0132698
9150.93	0.0135428
9149	0.0139286
9147.07	0.0132269
9145.14	0.0131857
9143.21	0.0136169
9141.29	0.0134427
9139.36	0.0131983
9137.43	0.0134263
9135.5	0.013772
9133.57	0.0136878
9131.65	0.013474
9129.72	0.0135514
9127.79	0.0137416
9125.86	0.0138654
9123.93	0.0138906
9122.01	0.0140593
9120.08	0.0138105
9118.15	0.0135016
9116.22	0.0135606
9114.29	0.0137758
9112.37	0.0135538
9110.44	0.0131361
9108.51	0.013432
9106.58	0.0132656
9104.65	0.0130584
9102.73	0.0133196
9100.8	0.0135518
9098.87	0.0137161
9096.94	0.0135993
9095.01	0.0131384
9093.08	0.012607
9091.16	0.0132743
9089.23	0.0140193
9087.3	0.0137107
9085.37	0.0131773
9083.45	0.0131869
9081.52	0.0135078
9079.59	0.0134679
9077.66	0.0130992
9075.73	0.0128457
9073.8	0.0128429
9071.88	0.0131452
9069.95	0.01375
9068.02	0.0138024
9066.09	0.0135958
9064.17	0.0135594
9062.24	0.0136386
9060.31	0.0135459
9058.38	0.0131853
9056.45	0.0131708
9054.52	0.0133138
9052.6	0.0130841
9050.67	0.0131286
9048.74	0.0131446
9046.81	0.0129372
9044.88	0.0132059
9042.96	0.013516
9041.03	0.0134103
9039.1	0.0134562
9037.17	0.0132635
9035.24	0.0129353
9033.32	0.0130602
9031.39	0.0134636
9029.46	0.0134654
9027.53	0.013105
9025.6	0.0131465
9023.68	0.0138434
9021.75	0.0137431
9019.82	0.0134455
9017.89	0.013551
9015.96	0.0133817
9014.04	0.0129346
9012.11	0.0126994
9010.18	0.0128745
9008.25	0.0127983
9006.32	0.0123169
9004.4	0.0122815
9002.47	0.0121029
9000.54	0.0119632
8998.61	0.012196
8996.68	0.0122606
8994.76	0.0129465
8992.83	0.0130512
8990.9	0.0127701
8988.97	0.01277
8987.04	0.0127636
8985.12	0.0127458
8983.19	0.012772
8981.26	0.012749
8979.33	0.012865
8977.4	0.0130626
8975.48	0.0124078
8973.55	0.0120345
8971.62	0.0121894
8969.69	0.0124008
8967.76	0.0127691
8965.83	0.0125122
8963.91	0.0120042
8961.98	0.0119818
8960.05	0.0122802
8958.12	0.0125103
8956.2	0.0122861
8954.27	0.0124825
8952.34	0.0125745
8950.41	0.0123002
8948.48	0.011988
8946.55	0.0120615
8944.63	0.0122432
8942.7	0.0122472
8940.77	0.0122248
8938.84	0.012518
8936.92	0.0124825
8934.99	0.0121686
8933.06	0.0122225
8931.13	0.0121719
8929.2	0.0120426
8927.27	0.0122907
8925.35	0.0123205
8923.42	0.0123778
8921.49	0.0123786
8919.56	0.0121996
8917.63	0.01247
8915.71	0.0126512
8913.78	0.0121332
8911.85	0.0121203
8909.92	0.0122163
8907.99	0.0116019
8906.07	0.0114656
8904.14	0.011903
8902.21	0.0120191
8900.28	0.0119523
8898.35	0.0122548
8896.43	0.0121735
8894.5	0.0116367
8892.57	0.0116868
8890.64	0.012008
8888.71	0.0121886
8886.79	0.0121248
8884.86	0.0119466
8882.93	0.0122684
8881	0.012201
8879.07	0.0120043
8877.15	0.0117616
8875.22	0.0114714
8873.29	0.0115087
8871.36	0.0118855
8869.43	0.0123755
8867.51	0.0124642
8865.58	0.0121166
8863.65	0.0120791
8861.72	0.012081
8859.79	0.0119336
8857.87	0.0119213
8855.94	0.0119088
8854.01	0.0119256
8852.08	0.0121486
8850.15	0.0122189
8848.22	0.0117851
8846.3	0.0114477
8844.37	0.0115033
8842.44	0.0117269
8840.51	0.0116711
8838.58	0.0118153
8836.66	0.0122104
8834.73	0.0120739
8832.8	0.0118673
8830.87	0.0119353
8828.94	0.0122306
8827.02	0.0119247
8825.09	0.0116262
8823.16	0.0115739
8821.23	0.0116122
8819.3	0.0115487
8817.38	0.0114705
8815.45	0.0117332
8813.52	0.0117821
8811.59	0.011826
8809.66	0.0117169
8807.74	0.0115946
8805.81	0.0116851
8803.88	0.0114777
8801.95	0.01132
8800.02	0.0111266
8798.1	0.0114525
8796.17	0.0116806
8794.24	0.0114788
8792.31	0.011275
8790.38	0.0113629
8788.46	0.0114479
8786.53	0.0112427
8784.6	0.011055
8782.67	0.0111099
8780.74	0.0110722
8778.82	0.0110569
8776.89	0.0109041
8774.96	0.0113096
8773.03	0.011805
8771.1	0.0117893
8769.18	0.0110265
8767.25	0.0110411
8765.32	0.0113174
8763.39	0.0108595
8761.46	0.0110926
8759.54	0.0115565
8757.61	0.0111077
8755.68	0.010702
8753.75	0.0110417
8751.82	0.0107979
8749.9	0.010737
8747.97	0.0110185
8746.04	0.011202
8744.11	0.0108662
8742.18	0.0107207
8740.25	0.0105275
8738.33	0.0105104
8736.4	0.0107501
8734.47	0.0108467
8732.54	0.0108693
8730.62	0.010734
8728.69	0.0107353
8726.76	0.01097
8724.83	0.0107459
8722.9	0.0105427
8720.97	0.0106297
8719.05	0.0108499
8717.12	0.0109528
8715.19	0.0109664
8713.26	0.0109913
8711.33	0.0110355
8709.41	0.010806
8707.48	0.010687
8705.55	0.0105867
8703.62	0.0104285
8701.69	0.0102896
8699.77	0.0101621
8697.84	0.0103481
8695.91	0.0105431
8693.98	0.0107204
8692.05	0.0108811
8690.13	0.0109992
8688.2	0.0109188
8686.27	0.0105286
8684.34	0.00995988
8682.41	0.0101029
8680.49	0.0105145
8678.56	0.0106303
8676.63	0.010645
8674.7	0.0102618
8672.77	0.0099846
8670.85	0.0102389
8668.92	0.0104713
8666.99	0.0105563
8665.06	0.0103964
8663.13	0.0103845
8661.21	0.0102655
8659.28	0.0101228
8657.35	0.01038
8655.42	0.010581
8653.49	0.0103474
8651.57	0.0105749
8649.64	0.0105389
8647.71	0.0100067
8645.78	0.00989276
8643.85	0.0100416
8641.93	0.00993486
8640	0.00992761
8638.07	0.0101274
8636.14	0.0101392
8634.21	0.0100137
8632.29	0.0101756
8630.36	0.0101351
8628.43	0.00983629
8626.5	0.00987971
8624.57	0.0100063
8622.65	0.010121
8620.72	0.0101367
8618.79	0.00994357
8616.86	0.00988337
8614.93	0.00995985
8613	0.0100172
8611.08	0.00985605
8609.15	0.00968644
8607.22	0.00983731
8605.29	0.0100222
8603.37	0.00983144
8601.44	0.00998524
8599.51	0.0101831
8597.58	0.00986049
8595.65	0.00940196
8593.72	0.00950687
8591.8	0.00995883
8589.87	0.0101961
8587.94	0.00999307
8586.01	0.00964707
8584.08	0.00939553
8582.16	0.00927139
8580.23	0.0091704
8578.3	0.0091104
8576.37	0.00929305
8574.44	0.0093636
8572.52	0.00943037
8570.59	0.00926865
8568.66	0.00921564
8566.73	0.00925467
8564.8	0.00908482
8562.88	0.00899804
8560.95	0.009259
8559.02	0.00954887
8557.09	0.0095276
8555.16	0.00944036
8553.24	0.00956855
8551.31	0.00952106
8549.38	0.00926831
8547.45	0.00944544
8545.52	0.00948506
8543.6	0.00934556
8541.67	0.0094022
8539.74	0.00943142
8537.81	0.00953092
8535.88	0.00979416
8533.96	0.00984669
8532.03	0.00991557
8530.1	0.00983178
8528.17	0.00942892
8526.24	0.00906736
8524.32	0.00901029
8522.39	0.00908996
8520.46	0.0091171
8518.53	0.0095212
8516.6	0.00978728
8514.68	0.00961773
8512.75	0.0093591
8510.82	0.00910316
8508.89	0.00923013
8506.96	0.00915561
8505.04	0.00891291
8503.11	0.00885477
8501.18	0.00901168
8499.25	0.00901073
8497.32	0.00920471
8495.39	0.009361
8493.47	0.00917422
8491.54	0.00883648
8489.61	0.00906922
8487.68	0.00920549
8485.75	0.00885765
8483.83	0.0087103
8481.9	0.00885738
8479.97	0.00884713
8478.04	0.00892085
8476.11	0.00895427
8474.19	0.00866368
8472.26	0.00861278
8470.33	0.00876598
8468.4	0.0086477
8466.47	0.00867071
8464.55	0.00869607
8462.62	0.00881318
8460.69	0.00897247
8458.76	0.00877277
8456.83	0.00855455
8454.91	0.00833654
8452.98	0.00841714
8451.05	0.00864712
8449.12	0.00877761
8447.19	0.00864333
8445.27	0.00842065
8443.34	0.00860109
8441.41	0.008961
8439.48	0.00875837
8437.55	0.0083411
8435.63	0.00854462
8433.7	0.00842173
8431.77	0.0080089
8429.84	0.00801953
8427.91	0.008492
8425.99	0.00865334
8424.06	0.00881119
8422.13	0.00892248
8420.2	0.00856942
8418.27	0.00820763
8416.35	0.00846241
8414.42	0.00852576
8412.49	0.00817039
8410.56	0.00814348
8408.63	0.00825673
8406.71	0.00853651
8404.78	0.00862694
8402.85	0.00837089
8400.92	0.00818066
8398.99	0.00839224
8397.07	0.00829459
8395.14	0.00812211
8393.21	0.00793097
8391.28	0.00781508
8389.35	0.00789473
8387.43	0.0081129
8385.5	0.0079059
8383.57	0.0077552
8381.64	0.00811634
8379.71	0.00817951
8377.79	0.00817684
8375.86	0.00821871
8373.93	0.00801464
8372	0.00784129
8370.07	0.00805919
8368.14	0.00836187
8366.22	0.00834995
8364.29	0.00832114
8362.36	0.00834576
8360.43	0.00857956
8358.5	0.00860315
8356.58	0.00807944
8354.65	0.00790351
8352.72	0.00808991
8350.79	0.00794538
8348.86	0.00794386
8346.94	0.00788977
8345.01	0.00785924
8343.08	0.00770936
8341.15	0.00793874
8339.22	0.00822107
8337.3	0.00779433
8335.37	0.00749572
8333.44	0.00774336
8331.51	0.0079135
8329.58	0.00773621
8327.66	0.00795892
8325.73	0.00800718
8323.8	0.00793361
8321.87	0.00755613
8319.94	0.0077066
8318.02	0.00804106
8316.09	0.00774232
8314.16	0.00741441
8312.23	0.0073797
8310.3	0.00758597
8308.38	0.0076872
8306.45	0.00753374
8304.52	0.00734731
8302.59	0.00743508
8300.66	0.00769408
8298.74	0.00782736
8296.81	0.00766629
8294.88	0.00743912
8292.95	0.00740653
8291.02	0.00764144
8289.1	0.00794856
8287.17	0.00779753
8285.24	0.00739854
8283.31	0.00732838
8281.38	0.00737535
8279.46	0.00742399
8277.53	0.00743174
8275.6	0.007482
8273.67	0.00731372
8271.74	0.00716575
8269.82	0.00758847
8267.89	0.00757461
8265.96	0.00754575
8264.03	0.0076842
8262.1	0.00734725
8260.17	0.00716228
8258.25	0.00730442
8256.32	0.00742432
8254.39	0.00715433
8252.46	0.00704295
8250.54	0.00708865
8248.61	0.00696267
8246.68	0.00695634
8244.75	0.00708252
8242.82	0.00718191
8240.89	0.00737397
8238.97	0.00719492
8237.04	0.00678874
8235.11	0.00664549
8233.18	0.00685585
8231.25	0.00712088
8229.33	0.00688086
8227.4	0.00664407
8225.47	0.00682226
8223.54	0.00710535
8221.61	0.00699961
8219.69	0.00684117
8217.76	0.00675468
8215.83	0.00662987
8213.9	0.0066581
8211.97	0.00694001
8210.05	0.00686787
8208.12	0.00650961
8206.19	0.00648594
8204.26	0.00669474
8202.33	0.00682566
8200.41	0.00685373
8198.48	0.00661719
8196.55	0.0065154
8194.62	0.00693927
8192.69	0.00700628
8190.77	0.00693055
8188.84	0.00696951
8186.91	0.00676881
8184.98	0.00645893
8183.05	0.006471
8181.13	0.00675629
8179.2	0.0067919
8177.27	0.00690614
8175.34	0.00684188
8173.41	0.00690624
8171.49	0.00696008
8169.56	0.00684521
8167.63	0.00655893
8165.7	0.0062052
8163.77	0.00613835
8161.85	0.00636649
8159.92	0.00640496
8157.99	0.00613771
8156.06	0.00629118
8154.13	0.00658099
8152.21	0.00669118
8150.28	0.00648207
8148.35	0.00645617
8146.42	0.00665178
8144.49	0.00669525
8142.56	0.00652795
8140.64	0.00653726
8138.71	0.00665632
8136.78	0.00641703
8134.85	0.00635368
8132.92	0.00633835
8131	0.00629273
8129.07	0.0063251
8127.14	0.00652795
8125.21	0.00669707
8123.28	0.00646243
8121.36	0.00623007
8119.43	0.00606503
8117.5	0.00607296
8115.57	0.00633216
8113.64	0.0063601
8111.72	0.00637419
8109.79	0.00641205
8107.86	0.00624711
8105.93	0.00609214
8104	0.00610703
8102.08	0.00630046
8100.15	0.00643731
8098.22	0.00639625
8096.29	0.0064366
8094.36	0.00638861
8092.44	0.00625854
8090.51	0.00615757
8088.58	0.00600989
8086.65	0.00611042
8084.72	0.00615492
8082.8	0.00619743
8080.87	0.00625656
8078.94	0.00620604
8077.01	0.00625548
8075.08	0.0064322
8073.16	0.0065446
8071.23	0.0063362
8069.3	0.00593421
8067.37	0.00594869
8065.44	0.00596746
8063.52	0.00608388
8061.59	0.00607534
8059.66	0.00590475
8057.73	0.0058355
8055.8	0.00581179
8053.88	0.0057531
8051.95	0.00588047
8050.02	0.00602807
8048.09	0.00592642
8046.16	0.00582747
8044.24	0.00572855
8042.31	0.00557656
8040.38	0.00573705
8038.45	0.00594274
8036.52	0.00592994
8034.6	0.00570864
8032.67	0.0056654
8030.74	0.00558313
8028.81	0.00546363
8026.88	0.00567289
8024.96	0.00580383
8023.03	0.00567638
8021.1	0.00567487
8019.17	0.00563875
8017.24	0.00562103
8015.31	0.00557954
8013.39	0.00538902
8011.46	0.00527708
8009.53	0.00545155
8007.6	0.00579248
8005.67	0.00562358
8003.75	0.00568256
8001.82	0.00579
7999.89	0.00565758
7997.96	0.00555521
7996.03	0.00546192
7994.11	0.00549363
7992.18	0.00548964
7990.25	0.00527839
7988.32	0.00523774
7986.39	0.00520813
7984.47	0.00501965
7982.54	0.00519616
7980.61	0.00539848
7978.68	0.00511177
7976.75	0.00514201
7974.83	0.00530036
7972.9	0.00525971
7970.97	0.00511076
7969.04	0.00501425
7967.11	0.00522413
7965.19	0.00540562
7963.26	0.00550061
7961.33	0.00545947
7959.4	0.00502169
7957.47	0.00482156
7955.55	0.0050293
7953.62	0.00539022
7951.69	0.00553756
7949.76	0.00549595
7947.83	0.00522745
7945.91	0.00490177
7943.98	0.00486847
7942.05	0.00507455
7940.12	0.00513111
7938.19	0.00507251
7936.27	0.00493914
7934.34	0.00486354
7932.41	0.00488391
7930.48	0.00495814
7928.55	0.00508136
7926.63	0.00481546
7924.7	0.00461974
7922.77	0.00480374
7920.84	0.00502203
7918.91	0.0047769
7916.99	0.00466898
7915.06	0.00472501
7913.13	0.00483905
7911.2	0.00498516
7909.27	0.00507931
7907.35	0.00477623
7905.42	0.00456185
7903.49	0.00472551
7901.56	0.00494879
7899.63	0.00506969
7897.71	0.00493951
7895.78	0.00475077
7893.85	0.00481288
7891.92	0.00486703
7889.99	0.00487631
7888.06	0.0047019
7886.14	0.00468817
7884.21	0.00456978
7882.28	0.00433221
7880.35	0.00434924
7878.42	0.00444182
7876.5	0.00449532
7874.57	0.00465374
7872.64	0.00461114
7870.71	0.00470331
7868.78	0.00481774
7866.86	0.00461258
7864.93	0.00441645
7863	0.0044039
7861.07	0.00458304
7859.14	0.00449201
7857.22	0.0043138
7855.29	0.00444059
7853.36	0.00472036
7851.43	0.00471908
7849.5	0.00432521
7847.58	0.00416815
7845.65	0.00423299
7843.72	0.00418093
7841.79	0.00431521
7839.86	0.00437478
7837.94	0.00427197
7836.01	0.00430175
7834.08	0.00457862
7832.15	0.00444721
7830.22	0.00415842
7828.3	0.00438131
7826.37	0.00451799
7824.44	0.00453734
7822.51	0.0045504
7820.58	0.00437883
7818.66	0.00424825
7816.73	0.00431902
7814.8	0.00430657
7812.87	0.00404112
7810.94	0.0040865
7809.02	0.00432334
7807.09	0.00434827
7805.16	0.00407884
7803.23	0.0038527
7801.3	0.00374634
7799.38	0.00372388
7797.45	0.00382827
7795.52	0.00402888
7793.59	0.00400139
7791.66	0.00403316
7789.74	0.00419616
7787.81	0.00429991
7785.88	0.0043125
7783.95	0.00417829
7782.02	0.0037806
7780.09	0.00363323
7778.17	0.00388971
7776.24	0.00407128
7774.31	0.00410316
7772.38	0.00404299
7770.46	0.00390251
7768.53	0.00406172
7766.6	0.00427114
7764.67	0.00414216
7762.74	0.00381376
7760.81	0.00377275
7758.89	0.00405744
7756.96	0.00412858
7755.03	0.00410553
7753.1	0.0039859
7751.17	0.00403162
7749.25	0.00403309
7747.32	0.00383819
7745.39	0.00373819
7743.46	0.0038391
7741.53	0.00392618
7739.61	0.00385909
7737.68	0.0038419
7735.75	0.0037158
7733.82	0.00365394
7731.89	0.00362167
7729.97	0.00345391
7728.04	0.00367316
7726.11	0.00394702
7724.18	0.00391401
7722.25	0.00378401
7720.33	0.0036643
7718.4	0.00348473
7716.47	0.00355144
7714.54	0.00364001
7712.61	0.00368485
7710.69	0.00370166
7708.76	0.00369133
7706.83	0.00377696
7704.9	0.0039304
7702.97	0.0036503
7701.05	0.00340237
7699.12	0.00347151
7697.19	0.00349492
7695.26	0.00350284
7693.33	0.00346376
7691.41	0.00344449
7689.48	0.00341777
7687.55	0.00352291
7685.62	0.003677
7683.69	0.00367336
7681.77	0.00372522
7679.84	0.00359804
7677.91	0.00338605
7675.98	0.00329466
7674.05	0.00333923
7672.12	0.00346887
7670.2	0.00344506
7668.27	0.00327716
7666.34	0.00315242
7664.41	0.0032126
7662.48	0.00322158
7660.56	0.00317341
7658.63	0.00329172
7656.7	0.00315783
7654.77	0.00310336
7652.84	0.00320856
7650.92	0.00320943
7648.99	0.00320232
7647.06	0.0032812
7645.13	0.00340141
7643.2	0.0034685
7641.28	0.0034137
7639.35	0.00336504
7637.42	0.00318396
7635.49	0.00309248
7633.56	0.00300983
7631.64	0.00308598
7629.71	0.0030767
7627.78	0.00309028
7625.85	0.00316026
7623.92	0.00306946
7622	0.00311878
7620.07	0.00316577
7618.14	0.00325543
7616.21	0.00349766
7614.28	0.00332891
7612.36	0.00307356
7610.43	0.00308257
7608.5	0.00294618
7606.57	0.00289567
7604.64	0.00307523
7602.72	0.00333282
7600.79	0.00330514
7598.86	0.00309435
7596.93	0.00313049
7595	0.00314234
7593.08	0.00312035
7591.15	0.00291262
7589.22	0.00254438
7587.29	0.00252855
7585.36	0.00284397
7583.44	0.00296242
7581.51	0.00296616
7579.58	0.00287142
7577.65	0.00279618
7575.72	0.00281956
7573.8	0.0028284
7571.87	0.00258808
7569.94	0.00264654
7568.01	0.00301447
7566.08	0.00314808
7564.16	0.00293964
7562.23	0.00285045
7560.3	0.00293363
7558.37	0.00276464
7556.44	0.00276721
7554.52	0.00285688
7552.59	0.00273113
7550.66	0.00272716
7548.73	0.00281586
7546.8	0.0028273
7544.88	0.00282123
7542.95	0.00277237
7541.02	0.00278915
7539.09	0.00282453
7537.16	0.00287583
7535.23	0.00273013
7533.31	0.00248832
7531.38	0.00242458
7529.45	0.00256878
7527.52	0.00264714
7525.59	0.00262891
7523.67	0.00253118
7521.74	0.00262974
7519.81	0.00284761
7517.88	0.002742
7515.95	0.00264378
7514.03	0.0027626
7512.1	0.00277454
7510.17	0.00260508
7508.24	0.00260274
7506.31	0.00269759
7504.39	0.00248506
7502.46	0.00243434
7500.53	0.00256984
7498.6	0.00258358
7496.67	0.00258508
7494.75	0.00264894
7492.82	0.00270772
7490.89	0.00273283
7488.96	0.00254405
7487.03	0.00241605
7485.11	0.00253598
7483.18	0.00265895
7481.25	0.00261998
7479.32	0.00252732
7477.39	0.00250569
7475.47	0.00258021
7473.54	0.00250592
7471.61	0.00233399
7469.68	0.00233503
7467.75	0.00243528
7465.83	0.00250462
7463.9	0.0023221
7461.97	0.00223127
7460.04	0.00234629
7458.11	0.00211488
7456.19	0.00209158
7454.26	0.00234685
7452.33	0.00251482
7450.4	0.00242271
7448.47	0.00238077
7446.54	0.00218275
7444.62	0.001871
7442.69	0.00198066
7440.76	0.00221312
7438.83	0.00226637
7436.91	0.0022821
7434.98	0.00228682
7433.05	0.00204434
7431.12	0.00201897
7429.19	0.0023792
7427.26	0.00233932
7425.34	0.002237
7423.41	0.0023197
7421.48	0.00235381
7419.55	0.00230661
7417.62	0.00208968
7415.7	0.00202656
7413.77	0.00205669
7411.84	0.00205865
7409.91	0.00219364
7407.98	0.00224969
7406.06	0.00221602
7404.13	0.00211685
7402.2	0.00199231
7400.27	0.00191412
7398.34	0.00208269
7396.42	0.00198755
7394.49	0.00170308
7392.56	0.00172044
7390.63	0.00185772
7388.7	0.00207014
7386.78	0.00221925
7384.85	0.0019954
7382.92	0.00183446
7380.99	0.00211771
7379.06	0.00211995
7377.14	0.00201441
7375.21	0.00197443
7373.28	0.00178342
7371.35	0.00193975
7369.42	0.00206864
7367.5	0.00213663
7365.57	0.00217539
7363.64	0.00237873
7361.71	0.00244041
7359.78	0.00205026
7357.86	0.00173957
7355.93	0.00177464
7354	0.00191872
7352.07	0.00197829
7350.14	0.0019713
7348.22	0.00201544
7346.29	0.00193765
7344.36	0.00181047
7342.43	0.00169689
7340.5	0.001724
7338.58	0.0017437
7336.65	0.00180282
7334.72	0.00172137
7332.79	0.00159804
7330.86	0.00183003
7328.94	0.0019109
7327.01	0.00186783
7325.08	0.0018096
7323.15	0.00188427
7321.22	0.00219244
7319.29	0.00210297
7317.37	0.00194524
7315.44	0.00190374
7313.51	0.00180255
7311.58	0.00167969
7309.65	0.0016321
7307.73	0.00171209
7305.8	0.0018127
7303.87	0.00172853
7301.94	0.00158737
7300.01	0.00160762
7298.09	0.00177041
7296.16	0.0018305
7294.23	0.00184427
7292.3	0.00177793
7290.37	0.00182517
7288.45	0.00193186
7286.52	0.00186278
7284.59	0.00181922
7282.66	0.00183762
7280.73	0.00185133
7278.81	0.00187349
7276.88	0.00172779
7274.95	0.00163057
7273.02	0.00149127
7271.09	0.00159854
7269.17	0.00176815
7267.24	0.00169779
7265.31	0.00164647
7263.38	0.0017081
7261.45	0.00149646
7259.53	0.00134706
7257.6	0.00142491
7255.67	0.00156692
7253.74	0.00160017
7251.81	0.00151125
7249.89	0.00140912
7247.96	0.00148263
7246.03	0.00149127
7244.1	0.00145014
7242.17	0.00149007
7240.25	0.00153842
7238.32	0.00154198
7236.39	0.00136638
7234.46	0.0013563
7232.53	0.00153619
7230.61	0.00164201
7228.68	0.00156682
7226.75	0.00148748
7224.82	0.0014685
7222.89	0.00154317
7220.97	0.00163453
7219.04	0.00159116
7217.11	0.00154646
7215.18	0.0015725
7213.25	0.00157077
7211.33	0.00157037
7209.4	0.00152213
7207.47	0.00155215
7205.54	0.0016029
7203.61	0.00164301
7201.69	0.00166173
7199.76	0.00154194
7197.83	0.00125683
7195.9	0.00126106
7193.97	0.00135089
7192.04	0.00132526
7190.12	0.00119786
7188.19	0.0012896
7186.26	0.00124314
7184.33	0.00119108
7182.4	0.00136388
7180.48	0.0014917
7178.55	0.00156136
7176.62	0.00142029
7174.69	0.00127325
7172.76	0.00124278
7170.84	0.00124019
7168.91	0.0012996
7166.98	0.00141278
7165.05	0.00150976
7163.12	0.00153636
7161.2	0.00146756
7159.27	0.00139829
7157.34	0.0015054
7155.41	0.00156825
7153.48	0.00144123
7151.56	0.00121184
7149.63	0.00117221
7147.7	0.0013923
7145.77	0.0014422
7143.84	0.00142418
7141.92	0.00149799
7139.99	0.00153942
7138.06	0.00142292
7136.13	0.00129445
7134.2	0.0013338
7132.28	0.00141427
7130.35	0.00146633
7128.42	0.00159418
7126.49	0.00160067
7124.56	0.00141727
7122.64	0.00142006
7120.71	0.00159402
7118.78	0.00145779
7116.85	0.0013697
7114.92	0.00143043
7113	0.00128332
7111.07	0.00099536
7109.14	0.00105843
7107.21	0.00120407
7105.28	0.00129711
7103.36	0.00136342
7101.43	0.00138825
7099.5	0.00125896
7097.57	0.00119702
7095.64	0.00126408
7093.71	0.00122254
7091.79	0.00111782
7089.86	0.00122494
7087.93	0.00131941
7086	0.00122464
7084.08	0.00122503
7082.15	0.00139253
7080.22	0.00137764
7078.29	0.00117736
7076.36	0.00109065
7074.43	0.00126634
7072.51	0.0013574
7070.58	0.00134085
7068.65	0.001468
7066.72	0.00142381
7064.79	0.00145317
7062.87	0.00153745
7060.94	0.00144383
7059.01	0.00152216
7057.08	0.00145403
7055.15	0.00125321
7053.23	0.00122693
7051.3	0.00141331
7049.37	0.00145955
7047.44	0.00124175
7045.51	0.00134676
7043.59	0.00142262
7041.66	0.00126574
7039.73	0.00141634
7037.8	0.00154663
7035.87	0.00133639
7033.95	0.00127578
7032.02	0.001345
7030.09	0.00148113
7028.16	0.00137884
7026.23	0.00125095
7024.31	0.00137442
7022.38	0.00146195
7020.45	0.00142574
7018.52	0.00134065
7016.59	0.00127501
7014.67	0.00142561
7012.74	0.00150949
7010.81	0.00153902
7008.88	0.0015334
7006.95	0.00148116
7005.03	0.00140696
7003.1	0.00138728
7001.17	0.00132254
6999.24	0.00145204
6997.31	0.0014527
6995.39	0.00133902
6993.46	0.00151621
6991.53	0.00162003
6989.6	0.00141318
6987.67	0.00134879
6985.75	0.00145869
6983.82	0.0014668
6981.89	0.00144602
6979.96	0.00134035
6978.03	0.00134859
6976.1	0.00137242
6974.18	0.00135491
6972.25	0.00129455
6970.32	0.00121726
6968.39	0.00114184
6966.46	0.00124152
6964.54	0.00134228
6962.61	0.00150337
6960.68	0.0016483
6958.75	0.00163961
6956.82	0.00146235
6954.9	0.00138931
6952.97	0.00143475
6951.04	0.00151052
6949.11	0.00158717
6947.18	0.00159375
6945.26	0.00164956
6943.33	0.00181652
6941.4	0.00186308
6939.47	0.00170388
6937.54	0.00154962
6935.62	0.00154251
6933.69	0.0015719
6931.76	0.00159043
6929.83	0.00157756
6927.9	0.00155435
6925.98	0.00149875
6924.05	0.00145124
6922.12	0.00153735
6920.19	0.0016154
6918.26	0.0016005
6916.34	0.00168169
6914.41	0.00174559
6912.48	0.00170927
6910.55	0.00154793
6908.62	0.00148818
6906.7	0.00155182
6904.77	0.00165049
6902.84	0.00169333
6900.91	0.00154713
6898.98	0.00152991
6897.06	0.00162116
6895.13	0.00153662
6893.2	0.00159232
6891.27	0.00163818
6889.34	0.00171449
6887.42	0.00181932
6885.49	0.00174815
6883.56	0.00178395
6881.63	0.00188281
6879.7	0.00194092
6877.78	0.00185326
6875.85	0.00184078
6873.92	0.00183712
6871.99	0.00191482
6870.06	0.00191755
6868.14	0.00202363
6866.21	0.00202616
6864.28	0.00202689
6862.35	0.00207217
6860.42	0.00210103
6858.5	0.00196162
6856.57	0.00174436
6854.64	0.00187958
6852.71	0.00193466
6850.78	0.00198555
6848.85	0.00212844
6846.93	0.00198988
6845	0.00182983
6843.07	0.00193346
6841.14	0.00193795
6839.21	0.00187892
6837.29	0.00183027
6835.36	0.00192288
6833.43	0.00198755
6831.5	0.00214948
6829.57	0.00223273
6827.65	0.00207626
6825.72	0.00196581
6823.79	0.00204843
6821.86	0.00206994
6819.93	0.00213013
6818.01	0.00217818
6816.08	0.00219131
6814.15	0.00205765
6812.22	0.00196947
6810.29	0.00215234
6808.37	0.00225891
6806.44	0.00221262
6804.51	0.00211502
6802.58	0.00211605
6800.65	0.00221518
6798.73	0.00233626
6796.8	0.00229559
6794.87	0.00211971
6792.94	0.00211948
6791.01	0.00214046
6789.09	0.00211192
6787.16	0.00209421
6785.23	0.00206171
6783.3	0.00225348
6781.37	0.00230038
6779.45	0.00218338
6777.52	0.00230878
6775.59	0.00232976
6773.66	0.00226897
6771.73	0.00230631
6769.81	0.00222597
6767.88	0.0021982
6765.95	0.00236324
6764.02	0.00255118
6762.09	0.00257714
6760.17	0.00258074
6758.24	0.0024738
6756.31	0.00233186
6754.38	0.00234675
6752.45	0.00234552
6750.53	0.00225498
6748.6	0.00221672
6746.67	0.00215591
6744.74	0.00224359
6742.81	0.00237843
6740.88	0.00229056
6738.96	0.00223134
6737.03	0.00232373
6735.1	0.00247326
6733.17	0.00252888
6731.25	0.00251558
6729.32	0.00246943
6727.39	0.00235601
6725.46	0.00239623
6723.53	0.00249679
6721.6	0.00230351
6719.68	0.0022016
6717.75	0.00235265
6715.82	0.00237114
6713.89	0.00231221
6711.96	0.0023303
6710.04	0.0023256
6708.11	0.00241822
6706.18	0.00237017
6704.25	0.00225172
6702.32	0.00238656
6700.4	0.00248213
6698.47	0.0022792
6696.54	0.00221182
6694.61	0.00230188
6692.68	0.0021995
6690.76	0.00213167
6688.83	0.00217169
6686.9	0.00219047
6684.97	0.00221785
6683.04	0.00217902
6681.12	0.00216333
6679.19	0.00221908
6677.26	0.00230714
6675.33	0.00225165
6673.4	0.0021967
6671.48	0.00221229
6669.55	0.0021646
6667.62	0.00193443
6665.69	0.00193156
6663.76	0.002128
6661.84	0.00218088
6659.91	0.00217818
6657.98	0.00230874
6656.05	0.00240999
6654.12	0.00242211
6652.2	0.00235098
6650.27	0.00231341
6648.34	0.00227856
6646.41	0.00223726
6644.48	0.00226094
6642.56	0.00217219
6640.63	0.00209228
6638.7	0.00208272
6636.77	0.00207839
6634.84	0.00205865
6632.92	0.00208908
6630.99	0.00215461
6629.06	0.00215441
6627.13	0.00214219
6625.2	0.00204251
6623.27	0.00202356
6621.35	0.00219693
6619.42	0.00228669
6617.49	0.00215497
6615.56	0.00206211
6613.63	0.00189715
6611.71	0.00185073
6609.78	0.00196984
6607.85	0.00202776
6605.92	0.00199863
6603.99	0.00190401
6602.07	0.00201121
6600.14	0.00211442
6598.21	0.00203222
6596.28	0.00195579
6594.35	0.00191566
6592.43	0.00191556
6590.5	0.0019101
6588.57	0.00195836
6586.64	0.00211738
6584.71	0.00205609
6582.79	0.00207283
6580.86	0.00198648
6578.93	0.00181546
6577	0.00193536
6575.07	0.00197317
6573.15	0.00182225
6571.22	0.00178229
6569.29	0.00189722
6567.36	0.00204913
6565.43	0.00198791
6563.51	0.00186371
6561.58	0.00195856
6559.65	0.00196145
6557.72	0.00185093
6555.79	0.00189
6553.87	0.0017919
6551.94	0.00184883
6550.01	0.00184221
6548.08	0.00164883
6546.15	0.00166576
6544.23	0.00175002
6542.3	0.00160932
6540.37	0.00160363
6538.44	0.00168831
6536.51	0.00175314
6534.59	0.00183586
6532.66	0.00181443
6530.73	0.00167041
6528.8	0.001694
6526.87	0.0017565
6524.95	0.00163579
6523.02	0.00168036
6521.09	0.00173641
6519.16	0.00168285
6517.23	0.00173252
6515.31	0.00172284
6513.38	0.00167959
6511.45	0.00156
6509.52	0.00148043
6507.59	0.00146813
6505.67	0.00153463
6503.74	0.00142867
6501.81	0.00134703
6499.88	0.00138406
6497.95	0.00144622
6496.02	0.00140467
6494.1	0.00137901
6492.17	0.00145839
6490.24	0.00150221
6488.31	0.00140909
6486.38	0.00125265
6484.46	0.00122909
6482.53	0.00119493
6480.6	0.00134411
6478.67	0.00142963
6476.74	0.00132008
6474.82	0.00125079
6472.89	0.00126444
6470.96	0.0012361
6469.03	0.0011936
6467.1	0.00105418
6465.18	0.00104591
6463.25	0.00116563
6461.32	0.0013227
6459.39	0.00134241
6457.46	0.00126478
6455.54	0.00118158
6453.61	0.00111988
6451.68	0.00109274
6449.75	0.00114516
6447.82	0.00120533
6445.9	0.0011937
6443.97	0.00106208
6442.04	0.00100127
6440.11	0.000940666
6438.18	0.000952919
6436.26	0.000989316
6434.33	0.00089003
6432.4	0.00100589
6430.47	0.00120782
6428.54	0.00109856
6426.62	0.000989415
6424.69	0.0010107
6422.76	0.000927152
6420.83	0.000855999
6418.9	0.000818552
6416.98	0.000901518
6415.05	0.000829308
6413.12	0.000913173
6411.19	0.0010032
6409.26	0.00093698
6407.34	0.000979419
6405.41	0.000879605
6403.48	0.000818652
6401.55	0.000741543
6399.62	0.000840263
6397.7	0.000904606
6395.77	0.000743634
6393.84	0.000665742
6391.91	0.000809755
6389.98	0.000819249
6388.06	0.000812245
6386.13	0.000805606
6384.2	0.000793888
6382.27	0.000827781
6380.34	0.0008641
6378.42	0.000924462
6376.49	0.000773407
6374.56	0.000656218
6372.63	0.000722658
6370.7	0.000744231
6368.77	0.000795913
6366.85	0.000901186
6364.92	0.000915364
6362.99	0.000731752
6361.06	0.00061318
6359.13	0.000650278
6357.21	0.000761491
6355.28	0.000747418
6353.35	0.000689337
6351.42	0.000589556
6349.49	0.000500413
6347.57	0.000407906
6345.64	0.000351131
6343.71	0.000481041
6341.78	0.000614242
6339.85	0.000523303
6337.93	0.000509635
6336	0.000533852
6334.07	0.00048887
6332.14	0.000472914
6330.21	0.000495836
6328.29	0.000525525
6326.36	0.000456429
6324.43	0.000290185
6322.5	0.00018801
6320.57	0.000144952
6318.65	0.000257727
6316.72	0.000470161
6314.79	0.000504295
6312.86	0.000494376
6310.93	0.000478288
6309.01	0.000397691
6307.08	0.000262037
6305.15	0.000258589
6303.22	0.000378556
6301.29	0.000319729
6299.37	0.000255141
6297.44	0.000371558
6295.51	0.000386117
6293.58	0.000381673
6291.65	0.000346953
6289.73	0.000287931
6287.8	0.000238631
6285.87	0.000321751
6283.94	0.000325962
6282.01	0.0003764
6280.08	0.000323011
6278.16	0.000241913
6276.23	0.000270624
6274.3	0.000300298
6272.37	0.000249438
6270.45	0.000149427
6268.52	0.000177668
6266.59	0.000314158
6264.66	0.000331235
6262.73	0.000201601
6260.8	0.000156421
6258.88	7.92307e-05
6256.95	0.000145516
6255.02	0.000126093
6253.09	-2.66721e-05
6251.17	6.79964e-05
6249.24	0.000153703
6247.31	0.000157813
6245.38	0.000116051
6243.45	0.000175779
6241.52	0.000161326
6239.6	0.000129673
6237.67	0.000155625
6235.74	0.00012616
6233.81	0.0001017
6231.88	-1.82237e-06
6229.96	-6.45403e-05
6228.03	7.43592e-05
6226.1	0.000208529
6224.17	0.000291213
6222.24	0.000277387
6220.32	6.75987e-05
6218.39	-1.02383e-05
6216.46	-1.28558e-05
6214.53	3.05507e-05
6212.6	4.15521e-05
6210.68	8.67204e-05
6208.75	-4.29727e-05
6206.82	-0.000115556
6204.89	8.84688e-06
6202.96	0.000114924
6201.04	0.000135175
6199.11	5.95459e-05
6197.18	-2.23649e-05
6195.25	1.79259e-05
6193.32	3.98621e-05
6191.4	-2.74341e-05
6189.47	-1.81571e-05
6187.54	2.99542e-05
6185.61	3.32016e-05
6183.68	2.75021e-05
6181.76	3.48584e-05
6179.83	-2.10727e-05
6177.9	-0.000130098
6175.97	-0.000149243
6174.04	-9.50512e-05
6172.12	4.57252e-06
6170.19	7.99267e-05
6168.26	3.08148e-06
6166.33	2.29956e-05
6164.4	9.36138e-05
6162.48	9.26195e-05
6160.55	3.22075e-05
6158.62	-1.80245e-05
6156.69	1.78924e-06
6154.76	-5.71525e-05
6152.83	-0.000182563
6150.91	-0.000219656
6148.98	-0.000146428
6147.05	-4.90687e-05
6145.12	-0.000162128
6143.19	-0.000334624
6141.27	-0.000302905
6139.34	-0.000261945
6137.41	-0.000223067
6135.48	-0.000196275
6133.55	-0.000286416
6131.63	-0.000320288
6129.7	-0.000118869
6127.77	-0.000141791
6125.84	-0.000261746
6123.91	-0.000207866
6121.99	-7.73942e-05
6120.06	-2.67715e-05
6118.13	-9.9457e-05
6116.2	-0.000160869
6114.27	-0.0001351
6112.35	-0.000118869
6110.42	-0.000166533
6108.49	-0.000174648
6106.56	-0.000198096
6104.63	-0.000173919
6102.71	-0.000127017
6100.78	-0.000193625
6098.85	-0.000344093
6096.92	-0.000344855
6094.99	-0.000243268
6093.07	-0.000247805
6091.14	-0.000315586
6089.21	-0.000455619
6087.28	-0.000464258
6085.35	-0.000332605
6083.43	-0.00031999
6081.5	-0.000278303
6079.57	-0.000252209
6077.64	-0.000233797
6075.71	-0.000225319
6073.79	-0.000244195
6071.86	-0.000302971
6069.93	-0.000367996
6068	-0.000356575
6066.07	-0.000332141
6064.15	-0.000294992
6062.22	-0.000192301
6060.29	-0.000240056
6058.36	-0.000420069
6056.43	-0.000385277
6054.51	-0.000394116
6052.58	-0.00046962
6050.65	-0.000505265
6048.72	-0.000500764
6046.79	-0.000458962
6044.87	-0.000491563
6042.94	-0.000553152
6041.01	-0.000458399
6039.08	-0.000457175
6037.15	-0.000578334
6035.23	-0.000551133
6033.3	-0.000436256
6031.37	-0.000438076
6029.44	-0.000548022
6027.51	-0.000499407
6025.58	-0.000472301
6023.66	-0.000475577
6021.73	-0.000446086
6019.8	-0.000472102
6017.87	-0.000686988
6015.94	-0.000701047
6014.02	-0.000534951
6012.09	-0.000560597
6010.16	-0.000583496
6008.23	-0.0005097
6006.3	-0.000502948
6004.38	-0.000539551
6002.45	-0.000588757
6000.52	-0.000608875
5998.59	-0.000547956
5996.66	-0.000554707
5994.74	-0.000567877
5992.81	-0.000564568
5990.88	-0.000589783
5988.95	-0.000551265
5987.02	-0.000575323
5985.1	-0.000512645
5983.17	-0.000445027
5981.24	-0.000465019
5979.31	-0.00038531
5977.38	-0.000521151
5975.46	-0.000677129
5973.53	-0.000780136
5971.6	-0.000823164
5969.67	-0.00069367
5967.74	-0.000671274
5965.82	-0.00068798
5963.89	-0.00069367
5961.96	-0.000673292
5960.03	-0.000542695
5958.1	-0.000484315
5956.18	-0.000571186
5954.25	-0.000557751
5952.32	-0.00054928
5950.39	-0.000541503
5948.46	-0.000618768
5946.54	-0.000733564
5944.61	-0.0008563
5942.68	-0.000929409
5940.75	-0.000861888
5938.82	-0.000724964
5936.9	-0.000568771
5934.97	-0.000542959
5933.04	-0.000642391
5931.11	-0.000706671
5929.18	-0.000776828
5927.25	-0.000807322
5925.33	-0.000803155
5923.4	-0.000837781
5921.47	-0.000865691
5919.54	-0.000929673
5917.62	-0.000772165
5915.69	-0.000737699
5913.76	-0.000866319
5911.83	-0.000835995
5909.9	-0.000854845
5907.97	-0.000809273
5906.05	-0.000776464
5904.12	-0.000901337
5902.19	-0.000905106
5900.26	-0.000767269
5898.33	-0.000712923
5896.41	-0.000907388
5894.48	-0.0009871
5892.55	-0.000934566
5890.62	-0.000907917
5888.69	-0.000936021
5886.77	-0.000940154
5884.84	-0.00093126
5882.91	-0.000944551
5880.98	-0.000904181
5879.05	-0.000929343
5877.13	-0.00100822
5875.2	-0.00107837
5873.27	-0.00102293
5871.34	-0.000900114
5869.41	-0.00083153
5867.49	-0.00074706
5865.56	-0.000703727
5863.63	-0.000869659
5861.7	-0.000933013
5859.77	-0.000835896
5857.85	-0.000860103
5855.92	-0.000951461
5853.99	-0.000928053
5852.06	-0.000928318
5850.13	-0.000977017
5848.21	-0.00102492
5846.28	-0.000993547
5844.35	-0.000893534
5842.42	-0.000888904
5840.49	-0.000937079
5838.57	-0.000958933
5836.64	-0.000979034
5834.71	-0.00100522
5832.78	-0.00101513
5830.85	-0.00107536
5828.93	-0.00106875
5827	-0.000920614
5825.07	-0.000961942
5823.14	-0.0011206
5821.21	-0.00113187
5819.29	-0.00112262
5817.36	-0.0011712
5815.43	-0.00111069
5813.5	-0.000973943
5811.57	-0.0010116
5809.65	-0.00115256
5807.72	-0.0011523
5805.79	-0.00114014
5803.86	-0.0012058
5801.93	-0.00125463
5800	-0.00122579
5798.08	-0.00108286
5796.15	-0.000884242
5794.22	-0.000929045
5792.29	-0.001067
5790.36	-0.00107919
5788.44	-0.00109076
5786.51	-0.00105751
5784.58	-0.00109846
5782.65	-0.0011555
5780.72	-0.00103642
5778.8	-0.000984984
5776.87	-0.00110828
5774.94	-0.00117708
5773.01	-0.00118052
5771.08	-0.00112774
5769.16	-0.00113604
5767.23	-0.00130352
5765.3	-0.00130478
5763.37	-0.00121472
5761.44	-0.0010547
5759.52	-0.00102188
5757.59	-0.00102032
5755.66	-0.00102198
5753.73	-0.00100419
5751.8	-0.000984224
5749.88	-0.000990505
5747.95	-0.000974967
5746.02	-0.00104782
5744.09	-0.00120761
5742.16	-0.00121571
5740.24	-0.0011897
5738.31	-0.00120378
5736.38	-0.00112338
5734.45	-0.00107195
5732.52	-0.00111489
5730.6	-0.00108679
5728.67	-0.00109059
5726.74	-0.00109178
5724.81	-0.00107784
5722.88	-0.00107757
5720.96	-0.0010311
5719.03	-0.00106343
5717.1	-0.00115659
5715.17	-0.00117249
5713.24	-0.00114539
5711.32	-0.00108104
5709.39	-0.00106752
5707.46	-0.00117649
5705.53	-0.0012133
5703.6	-0.00115891
5701.68	-0.00108012
5699.75	-0.00106901
5697.82	-0.00112751
5695.89	-0.0011444
5693.96	-0.00117249
5692.03	-0.00112635
5690.11	-0.00103659
5688.18	-0.00108114
5686.25	-0.00105457
5684.32	-0.00109297
5682.4	-0.00119268
5680.47	-0.00117467
5678.54	-0.00119549
5676.61	-0.001284
5674.68	-0.00134858
5672.75	-0.00117047
5670.83	-0.00109307
5668.9	-0.00116373
5666.97	-0.00116466
5665.04	-0.0010981
5663.11	-0.00104505
5661.19	-0.00112391
5659.26	-0.00115408
5657.33	-0.00114126
5655.4	-0.00119862
5653.47	-0.00118062
5651.55	-0.00110335
5649.62	-0.00107913
5647.69	-0.0011439
5645.76	-0.00117943
5643.83	-0.00123124
5641.91	-0.00128628
5639.98	-0.0012015
5638.05	-0.00114817
5636.12	-0.00118547
5634.19	-0.00127197
5632.27	-0.00136007
5630.34	-0.00134554
5628.41	-0.00125169
5626.48	-0.00116419
5624.55	-0.00122334
5622.63	-0.0011517
5620.7	-0.00113528
5618.77	-0.0012349
5616.84	-0.00124835
5614.91	-0.00117272
5612.99	-0.0012012
5611.06	-0.00128895
5609.13	-0.00135244
5607.2	-0.00124911
5605.27	-0.00125027
5603.35	-0.00137593
5601.42	-0.00127812
5599.49	-0.0011709
5597.56	-0.0012058
5595.63	-0.00128479
5593.71	-0.00131565
5591.78	-0.00126395
5589.85	-0.00126708
5587.92	-0.00124022
5585.99	-0.00123973
5584.07	-0.00127927
5582.14	-0.00128169
5580.21	-0.00125886
5578.28	-0.00125076
5576.35	-0.00126811
5574.43	-0.00131525
5572.5	-0.00135608
5570.57	-0.00129781
5568.64	-0.00131502
5566.71	-0.00138399
5564.79	-0.00132493
5562.86	-0.00120249
5560.93	-0.00116449
5559	-0.00127326
5557.07	-0.00138769
5555.14	-0.00139528
5553.22	-0.00135941
5551.29	-0.00136087
5549.36	-0.00144519
5547.43	-0.00146143
5545.5	-0.00143125
5543.58	-0.00137035
5541.65	-0.00128529
5539.72	-0.00130052
5537.79	-0.00136985
5535.86	-0.00144003
5533.94	-0.00141553
5532.01	-0.00140222
5530.08	-0.001468
5528.15	-0.00145126
5526.22	-0.0013975
5524.3	-0.00140371
5522.37	-0.00143042
5520.44	-0.00145255
5518.51	-0.00152133
5516.58	-0.00148719
5514.66	-0.00142171
5512.73	-0.00151453
5510.8	-0.00153728
5508.87	-0.0014902
5506.94	-0.00149379
5505.02	-0.0015005
5503.09	-0.00151846
5501.16	-0.00153553
5499.23	-0.00149812
5497.3	-0.0015245
5495.38	-0.00147002
5493.45	-0.00142768
5491.52	-0.00144079
5489.59	-0.00150846
5487.66	-0.00155498
5485.74	-0.00155669
5483.81	-0.0015868
5481.88	-0.00160351
5479.95	-0.00155399
5478.02	-0.00156891
5476.1	-0.00157829
5474.17	-0.00154893
5472.24	-0.00151919
5470.31	-0.00153847
5468.38	-0.00155488
5466.46	-0.00158027
5464.53	-0.00155907
5462.6	-0.00144812
5460.67	-0.00140172
5458.74	-0.00153477
5456.82	-0.00163464
5454.89	-0.00157954
5452.96	-0.00161622
5451.03	-0.00156211
5449.1	-0.00144086
5447.17	-0.00156789
5445.25	-0.00161496
5443.32	-0.00157743
5441.39	-0.00166834
5439.46	-0.00166421
5437.54	-0.00162074
5435.61	-0.00168675
5433.68	-0.0017226
5431.75	-0.00173029
5429.82	-0.00172461
5427.89	-0.00170666
5425.97	-0.00164292
5424.04	-0.00163005
5422.11	-0.0017058
5420.18	-0.00173105
5418.25	-0.00169263
5416.33	-0.00165164
5414.4	-0.00174147
5412.47	-0.00170874
5410.54	-0.00158274
5408.61	-0.00153064
5406.69	-0.00149142
5404.76	-0.00159027
5402.83	-0.00163751
5400.9	-0.00162378
5398.97	-0.00162074
5397.05	-0.00158083
5395.12	-0.00163771
5393.19	-0.00165088
5391.26	-0.00162998
5389.33	-0.00171527
5387.41	-0.00173633
5385.48	-0.00174864
5383.55	-0.00178329
5381.62	-0.00173715
5379.69	-0.00173049
5377.77	-0.0017518
5375.84	-0.00176596
5373.91	-0.00179582
5371.98	-0.0017193
5370.05	-0.00169481
5368.13	-0.00171725
5366.2	-0.00179078
5364.27	-0.0018215
5362.34	-0.00181005
5360.41	-0.00172115
5358.49	-0.00162391
5356.56	-0.00163612
5354.63	-0.00167996
5352.7	-0.00173431
5350.77	-0.00169682
5348.85	-0.00163081
5346.92	-0.00167042
5344.99	-0.00164206
5343.06	-0.00163606
5341.13	-0.00172817
5339.21	-0.0017454
5337.28	-0.00165923
5335.35	-0.00161873
5333.42	-0.00169075
5331.49	-0.00171326
5329.56	-0.00172771
5327.64	-0.00170527
5325.71	-0.00154068
5323.78	-0.00142088
5321.85	-0.00148709
5319.92	-0.00153087
5318	-0.00155293
5316.07	-0.00158416
5314.14	-0.00157191
5312.21	-0.00147652
5310.28	-0.00152041
5308.36	-0.00162321
5306.43	-0.00161245
5304.5	-0.00150258
5302.57	-0.00141124
5300.64	-0.00137365
5298.72	-0.0013284
5296.79	-0.00132886
5294.86	-0.00132295
5292.93	-0.00120966
5291	-0.0012125
5289.08	-0.00131003
5287.15	-0.00128872
5285.22	-0.0011788
5283.29	-0.00108253
5281.36	-0.00107407
5279.44	-0.0011409
5277.51	-0.00109767
5275.58	-0.00105516
5273.65	-0.00101768
5271.72	-0.00107572
5269.8	-0.00109294
5267.87	-0.0010305
5265.94	-0.0010544
5264.01	-0.000991232
5262.08	-0.000815987
5260.16	-0.000673755
5258.23	-0.000646759
5256.3	-0.00065235
5254.37	-0.000575852
5252.44	-0.000620522
5250.52	-0.000668495
5248.59	-0.000646725
5246.66	-0.000522574
5244.73	-0.000377862
5242.8	-0.000423081
5240.88	-0.000384086
5238.95	-0.0002787
5237.02	-0.000240453
5235.09	-0.000206508
5233.16	-9.41236e-05
5231.24	-6.90458e-05
5229.31	4.2016e-05
5227.38	0.000132623
5225.45	0.000135341
5223.52	0.00019948
5221.6	0.000323044
5219.67	0.00040051
5217.74	0.000387676
5215.81	0.000522075
5213.88	0.000674968
5211.96	0.000759931
5210.03	0.000725446
5208.1	0.000731885
5206.17	0.000815764
5204.24	0.000936715
5202.31	0.00097922
5200.39	0.000998648
5198.46	0.00105169
5196.53	0.00118207
5194.6	0.00129635
5192.67	0.00141447
5190.75	0.00144366
5188.82	0.00147568
5186.89	0.00160177
5184.96	0.00179011
5183.03	0.00179064
5181.11	0.00176732
5179.18	0.00198149
5177.25	0.00215461
5175.32	0.00224416
5173.39	0.00228892
5171.47	0.00225845
5169.54	0.00229532
5167.61	0.00242728
5165.68	0.00247203
5163.75	0.00252415
5161.83	0.00256901
5159.9	0.00262331
5157.97	0.00275567
5156.04	0.00279428
5154.11	0.0028257
5152.19	0.00291198
5150.26	0.00290138
5148.33	0.0029356
5146.4	0.00296179
5144.47	0.00303712
5142.55	0.00314872
5140.62	0.00315936
5138.69	0.00311758
5136.76	0.00310456
5134.83	0.00319985
5132.91	0.00328688
5130.98	0.0033778
5129.05	0.00342655
5127.12	0.00351747
5125.19	0.00362324
5123.27	0.00354172
5121.34	0.00355395
5119.41	0.00360386
5117.48	0.00358368
5115.55	0.00361662
5113.62	0.00367927
5111.7	0.00367356
5109.77	0.00360306
5107.84	0.00354302
5105.91	0.0036354
5103.99	0.00357984
5102.06	0.00350067
5100.13	0.00359978
5098.2	0.00367139
5096.27	0.00366758
5094.34	0.00366454
5092.42	0.00368335
5090.49	0.00374146
5088.56	0.00369073
5086.63	0.00362838
5084.71	0.00364389
5082.78	0.00368305
5080.85	0.00369431
5078.92	0.00368806
5076.99	0.00372809
5075.06	0.00375279
5073.14	0.00370347
5071.21	0.00365271
5069.28	0.00364773
5067.35	0.00371299
5065.42	0.00379347
5063.5	0.00382018
5061.57	0.00376315
5059.64	0.00384337
5057.71	0.00388376
5055.78	0.00391669
5053.86	0.00395581
5051.93	0.00399624
5050	0.0040255
5048.07	0.00402055
5046.14	0.00406366
5044.22	0.00407025
5042.29	0.00400811
5040.36	0.00403078
5038.43	0.00413785
5036.5	0.0042516
5034.58	0.00432481
5032.65	0.00427639
5030.72	0.00434506
5028.79	0.00447567
5026.86	0.00455093
5024.94	0.00470779
5023.01	0.00488304
5021.08	0.00492305
5019.15	0.0048877
5017.22	0.00488954
5015.3	0.00489745
5013.37	0.00480246
5011.44	0.00471101
5009.51	0.00461519
5007.58	0.00442502
5005.66	0.00425976
5003.73	0.00416698
5001.8	0.00401754
4999.87	0.00390241
4997.94	0.0038865
4996.02	0.00375998
4994.09	0.00359684
4992.16	0.00346149
4990.23	0.00337639
4988.3	0.00334287
4986.38	0.00329346
4984.45	0.0032092
4982.52	0.00312492
4980.59	0.00306969
4978.66	0.00309078
4976.73	0.00310473
4974.81	0.00305037
4972.88	0.00299445
4970.95	0.00291832
4969.02	0.00291042
4967.09	0.00281789
4965.17	0.00271266
4963.24	0.00272519
4961.31	0.00271319
4959.38	0.00268962
4957.45	0.00263288
4955.53	0.00252405
4953.6	0.00248033
4951.67	0.00252262
4949.74	0.00256228
4947.81	0.00252332
4945.89	0.00244464
4943.96	0.00241825
4942.03	0.00236507
4940.1	0.00225302
4938.17	0.00221172
4936.25	0.00225362
4934.32	0.0023187
4932.39	0.00229898
4930.46	0.00224159
4928.53	0.00214745
4926.61	0.00201381
4924.68	0.00200409
4922.75	0.0020432
4920.82	0.00201241
4918.89	0.00190587
4916.97	0.00176296
4915.04	0.00173997
4913.11	0.00172686
4911.18	0.00169686
4909.25	0.0016932
4907.33	0.00164843
4905.4	0.00163995
4903.47	0.00158514
4901.54	0.00152226
4899.61	0.00152655
4897.69	0.0014153
4895.76	0.00142258
4893.83	0.00152891
4891.9	0.00145161
4889.97	0.00128711
4888.05	0.00121148
4886.12	0.00120035
4884.19	0.00116001
4882.26	0.00108739
4880.33	0.00100439
4878.41	0.000967896
4876.48	0.00102203
4874.55	0.0010291
4872.62	0.000875787
4870.69	0.000767233
4868.77	0.00081427
4866.84	0.000790668
4864.91	0.000674271
4862.98	0.000637602
4861.05	0.000559928
4859.12	0.000567626
4857.2	0.000498622
4855.27	0.000416065
4853.34	0.00041633
4851.41	0.000400046
4849.48	0.000461935
4847.56	0.000394242
4845.63	0.000292606
4843.7	0.000233028
4841.77	0.000153802
4839.84	0.000100839
4837.92	0.000104782
4835.99	0.000110748
4834.06	4.67546e-05
4832.13	-3.01519e-06
4830.2	1.31875e-05
4828.28	-3.60815e-05
4826.35	-0.000171137
4824.42	-0.00034843
4822.49	-0.000379881
4820.56	-0.000319626
4818.64	-0.000265919
4816.71	-0.000188823
4814.78	-0.000238698
4812.85	-0.000401929
4810.92	-0.000348033
4809	-0.000347967
4807.07	-0.000522276
4805.14	-0.000587467
4803.21	-0.000573668
4801.28	-0.000580187
4799.36	-0.000583661
4797.43	-0.000666146
4795.5	-0.000714478
4793.57	-0.000671207
4791.64	-0.000751691
4789.72	-0.000854316
4787.79	-0.000968719
4785.86	-0.000955594
4783.93	-0.000959561
4782	-0.00105202
4780.08	-0.00108065
4778.15	-0.00110296
4776.22	-0.00114668
4774.29	-0.00118713
4772.36	-0.00116399
4770.44	-0.00115088
4768.51	-0.00130673
4766.58	-0.00134828
4764.65	-0.00129857
4762.72	-0.00135829
4760.79	-0.00149323
4758.87	-0.00148088
4756.94	-0.00142289
4755.01	-0.00146206
4753.08	-0.0015799
4751.16	-0.00157891
4749.23	-0.00161612
4747.3	-0.00159714
4745.37	-0.00155194
4743.44	-0.00161952
4741.51	-0.00165797
4739.59	-0.00175969
4737.66	-0.00183908
4735.73	-0.0018311
4733.8	-0.00185769
4731.88	-0.00190279
4729.95	-0.00180424
4728.02	-0.001802
4726.09	-0.00190345
4724.16	-0.00197767
4722.23	-0.00210744
4720.31	-0.00221828
4718.38	-0.00212696
4716.45	-0.00209929
4714.52	-0.00215142
4712.59	-0.0021713
4710.67	-0.00218611
4708.74	-0.00219072
4706.81	-0.00209234
4704.88	-0.00216715
4702.95	-0.00230421
4701.03	-0.00233107
4699.1	-0.00226397
4697.17	-0.00228328
4695.24	-0.00230606
4693.31	-0.00228833
4691.39	-0.00225085
4689.46	-0.00232428
4687.53	-0.00245656
4685.6	-0.00256306
4683.67	-0.00259827
4681.75	-0.00262017
4679.82	-0.00258019
4677.89	-0.00253216
4675.96	-0.00258072
4674.03	-0.00258111
4672.11	-0.00254596
4670.18	-0.00263516
4668.25	-0.00268686
4666.32	-0.00264385
4664.39	-0.00256026
4662.47	-0.00258678
4660.54	-0.00272094
4658.61	-0.00275591
4656.68	-0.002805
4654.75	-0.00280174
4652.83	-0.0027433
4650.9	-0.00276585
4648.97	-0.00278666
4647.04	-0.00283986
4645.11	-0.00283769
4643.19	-0.00274027
4641.26	-0.00276984
4639.33	-0.00283811
4637.4	-0.00291089
4635.47	-0.00290832
4633.54	-0.00291046
4631.62	-0.00296147
4629.69	-0.00297388
4627.76	-0.00294538
4625.83	-0.00305578
4623.9	-0.00311145
4621.98	-0.00310858
4620.05	-0.0030312
4618.12	-0.00299399
4616.19	-0.00296081
4614.26	-0.00298474
4612.34	-0.00309263
4610.41	-0.00313783
4608.48	-0.00303574
4606.55	-0.00302488
4604.62	-0.00317411
4602.7	-0.00316638
4600.77	-0.00305341
4598.84	-0.00308667
4596.91	-0.00319733
4594.98	-0.00316372
4593.06	-0.00309243
4591.13	-0.0030696
4589.2	-0.00309273
4587.27	-0.00319894
4585.34	-0.00326002
4583.42	-0.00331901
4581.49	-0.00325038
4579.56	-0.00306677
4577.63	-0.0030032
4575.7	-0.00308174
4573.78	-0.00313628
4571.85	-0.00318497
4569.92	-0.00315243
4567.99	-0.00309069
4566.06	-0.00303515
4564.14	-0.00301988
4562.21	-0.00301748
4560.28	-0.00299886
4558.35	-0.00296266
4556.42	-0.00285931
4554.5	-0.00278314
4552.57	-0.00281405
4550.64	-0.00285322
4548.71	-0.00282346
4546.78	-0.00274139
4544.86	-0.00268913
4542.93	-0.00265511
4541	-0.00258832
4539.07	-0.00257439
4537.14	-0.00264869
4535.22	-0.00270991
4533.29	-0.00270435
4531.36	-0.00271821
4529.43	-0.00267543
4527.5	-0.00261108
4525.58	-0.00266648
4523.65	-0.00275828
4521.72	-0.00285776
4519.79	-0.00283489
4517.86	-0.00271943
4515.94	-0.00268423
4514.01	-0.00268377
4512.08	-0.00274185
4510.15	-0.00285997
4508.22	-0.00297533
4506.29	-0.00304808
4504.37	-0.00299856
4502.44	-0.00298629
4500.51	-0.00308993
4498.58	-0.00315135
4496.65	-0.00314454
4494.73	-0.00312395
4492.8	-0.00321805
4490.87	-0.00325167
4488.94	-0.00315191
4487.01	-0.00320253
4485.09	-0.00331122
4483.16	-0.0034022
4481.23	-0.00346009
4479.3	-0.00344878
4477.37	-0.00340759
4475.45	-0.00342047
4473.52	-0.00345798
4471.59	-0.00343944
4469.66	-0.00343527
4467.73	-0.00354919
4465.81	-0.00354272
4463.88	-0.00353568
4461.95	-0.00354429
4460.02	-0.00347606
4458.09	-0.00346301
4456.17	-0.00353558
4454.24	-0.00367281
4452.31	-0.00369981
4450.38	-0.00371075
4448.45	-0.00374797
4446.53	-0.00363686
4444.6	-0.00361794
4442.67	-0.00364734
4440.74	-0.00357706
4438.81	-0.00351688
4436.89	-0.00361932
4434.96	-0.00365835
4433.03	-0.0035693
4431.1	-0.00346311
4429.17	-0.00348747
4427.25	-0.00362106
4425.32	-0.00364853
4423.39	-0.00358471
4421.46	-0.00359214
4419.53	-0.00365628
4417.61	-0.00364514
4415.68	-0.003558
4413.75	-0.00355823
4411.82	-0.00362862
4409.89	-0.00364426
4407.96	-0.00362724
4406.04	-0.00366131
4404.11	-0.00366584
4402.18	-0.00359838
4400.25	-0.00354975
4398.33	-0.00364064
4396.4	-0.00375865
4394.47	-0.00376069
4392.54	-0.00370691
4390.61	-0.00367235
4388.68	-0.00368349
4386.76	-0.003703
4384.83	-0.00365073
4382.9	-0.00363391
4380.97	-0.00370928
4379.04	-0.00366486
4377.12	-0.00366223
4375.19	-0.00372189
4373.26	-0.00368414
4371.33	-0.00364626
4369.4	-0.00360607
4367.48	-0.00355724
4365.55	-0.00357295
4363.62	-0.00363627
4361.69	-0.00359135
4359.76	-0.00355698
4357.84	-0.00360716
4355.91	-0.00364734
4353.98	-0.00368802
4352.05	-0.00361038
4350.12	-0.00357656
4348.2	-0.0036089
4346.27	-0.0036111
4344.34	-0.00363446
4342.41	-0.00365756
4340.48	-0.00370967
4338.56	-0.00376781
4336.63	-0.00375402
4334.7	-0.00369837
4332.77	-0.00360295
4330.84	-0.00351754
4328.92	-0.00358333
4326.99	-0.00359237
4325.06	-0.00361656
4323.13	-0.00369554
4321.2	-0.00370928
4319.28	-0.00365162
4317.35	-0.00362379
4315.42	-0.00351655
4313.49	-0.003506
4311.56	-0.00352349
4309.64	-0.00358287
4307.71	-0.00358419
4305.78	-0.00358278
4303.85	-0.00356457
4301.92	-0.00351728
4300	-0.00353203
4298.07	-0.00357831
4296.14	-0.00353696
4294.21	-0.00349779
4292.28	-0.00350091
4290.35	-0.0035322
4288.43	-0.00357177
4286.5	-0.00358534
4284.57	-0.00353496
4282.64	-0.00348822
4280.71	-0.00349838
4278.79	-0.00357492
4276.86	-0.00358836
4274.93	-0.0036225
4273	-0.00364205
4271.07	-0.00359148
4269.15	-0.00349203
4267.22	-0.00348247
4265.29	-0.00349075
4263.36	-0.00345427
4261.43	-0.00336176
4259.51	-0.00330043
4257.58	-0.0033969
4255.65	-0.0034064
4253.72	-0.00338924
4251.79	-0.00340877
4249.87	-0.0034473
4247.94	-0.00341725
4246.01	-0.00337014
4244.08	-0.00342629
4242.15	-0.00339874
4240.23	-0.00330231
4238.3	-0.0033852
4236.37	-0.00338
4234.44	-0.00337839
4232.51	-0.00343145
4230.59	-0.00335318
4228.66	-0.00328202
4226.73	-0.0033319
4224.8	-0.00330833
4222.87	-0.00328373
4220.95	-0.00335271
4219.02	-0.00335235
4217.09	-0.00332467
4215.16	-0.00336222
4213.23	-0.00336935
4211.31	-0.00334239
4209.38	-0.00326127
4207.45	-0.0032196
4205.52	-0.00328988
4203.59	-0.00328074
4201.67	-0.0032124
4199.74	-0.00323624
4197.81	-0.00322115
4195.88	-0.00321542
4193.95	-0.0033463
4192.03	-0.00334045
4190.1	-0.00323111
4188.17	-0.00320756
4186.24	-0.00320516
4184.31	-0.00316316
4182.39	-0.00313056
4180.46	-0.00318118
4178.53	-0.00321624
4176.6	-0.00323595
4174.67	-0.00321851
4172.75	-0.0031752
4170.82	-0.00313885
4168.89	-0.00312668
4166.96	-0.00315905
4165.03	-0.00316947
4163.1	-0.00309352
4161.18	-0.00308858
4159.25	-0.00310523
4157.32	-0.0030845
4155.39	-0.00307891
4153.46	-0.00306335
4151.54	-0.0030239
4149.61	-0.00294383
4147.68	-0.00293561
4145.75	-0.00303439
4143.82	-0.00303311
4141.9	-0.00298329
4139.97	-0.00297957
4138.04	-0.00300814
4136.11	-0.00296766
4134.18	-0.0029256
4132.26	-0.00289884
4130.33	-0.0028551
4128.4	-0.00290697
4126.47	-0.00294015
4124.54	-0.00299563
4122.62	-0.00296641
4120.69	-0.00292257
4118.76	-0.00291319
4116.83	-0.00295515
4114.9	-0.00292909
4112.98	-0.00287883
4111.05	-0.00285862
4109.12	-0.00290694
4107.19	-0.00295907
4105.26	-0.00295907
4103.34	-0.00293149
4101.41	-0.00293784
4099.48	-0.00295631
4097.55	-0.00287965
4095.62	-0.00284157
4093.7	-0.00287156
4091.77	-0.00287488
4089.84	-0.00289249
4087.91	-0.00299645
4085.98	-0.00302413
4084.06	-0.00296934
4082.13	-0.00296355
4080.2	-0.00293074
4078.27	-0.00290283
4076.34	-0.00290164
4074.42	-0.00289684
4072.49	-0.00293199
4070.56	-0.00293913
4068.63	-0.00287073
4066.7	-0.00278205
4064.78	-0.00278863
4062.85	-0.00279782
4060.92	-0.00286527
4058.99	-0.00282797
4057.06	-0.002773
4055.14	-0.00278755
4053.21	-0.00279762
4051.28	-0.00276187
4049.35	-0.00273395
4047.42	-0.00273339
4045.5	-0.00275291
4043.57	-0.0027963
4041.64	-0.00277079
4039.71	-0.002754
4037.78	-0.00280082
4035.85	-0.00269499
4033.93	-0.00267148
4032	-0.00271623
4030.07	-0.00262923
4028.14	-0.00265465
4026.21	-0.00266681
4024.29	-0.00266872
4022.36	-0.00266058
4020.43	-0.00264128
4018.5	-0.0026701
4016.57	-0.00265739
4014.65	-0.00259182
4012.72	-0.00257179
4010.79	-0.00255245
4008.86	-0.00262274
4006.93	-0.00260443
4005.01	-0.00259043
4003.08	-0.00261411
4001.15	-0.00263568
3999.22	-0.00266546
3997.29	-0.00269032
3995.37	-0.00261523
3993.44	-0.00261507
3991.51	-0.00262146
3989.58	-0.0025738
3987.65	-0.00260354
3985.73	-0.00266279
3983.8	-0.00268074
3981.87	-0.0027592
3979.94	-0.00269022
3978.01	-0.00269957
3976.09	-0.00266763
3974.16	-0.00269206
3972.23	-0.00284852
3970.3	-0.00286497
3968.37	-0.00272739
3966.45	-0.00258549
3964.52	-0.002568
3962.59	-0.00265018
3960.66	-0.00270257
3958.73	-0.00271119
3956.81	-0.0027269
3954.88	-0.00272756
3952.95	-0.00270626
3951.02	-0.0027702
3949.09	-0.00275653
3947.17	-0.0027025
3945.24	-0.00273852
3943.31	-0.00277263
3941.38	-0.00278607
3939.45	-0.0028415
3937.53	-0.0027965
3935.6	-0.0027912
3933.67	-0.00283617
3931.74	-0.00278831
3929.81	-0.0028364
3927.88	-0.00290671
3925.96	-0.00291787
3924.03	-0.00299619
3922.1	-0.0030006
3920.17	-0.00297204
3918.24	-0.00285651
3916.32	-0.00273013
3914.39	-0.00280391
3912.46	-0.00288393
3910.53	-0.00298267
3908.6	-0.00303541
3906.68	-0.00311763
3904.75	-0.00316664
3902.82	-0.00310529
3900.89	-0.00303857
3898.96	-0.0029695
3897.04	-0.0028706
3895.11	-0.00281589
3893.18	-0.00286563
3891.25	-0.00290039
3889.32	-0.00285484
3887.4	-0.00300833
3885.47	-0.00301686
3883.54	-0.00287248
3881.61	-0.00283745
3879.68	-0.00283673
3877.76	-0.00284927
3875.83	-0.0028659
3873.9	-0.0028737
3871.97	-0.00298276
3870.04	-0.0029515
3868.12	-0.00289664
3866.19	-0.0028895
3864.26	-0.00273645
3862.33	-0.0027023
3860.4	-0.00276523
3858.48	-0.00288262
3856.55	-0.00311141
3854.62	-0.0032443
3852.69	-0.00299754
3850.76	-0.00280559
3848.84	-0.00269707
3846.91	-0.00267168
3844.98	-0.00262719
3843.05	-0.00261441
3841.12	-0.00268531
3839.2	-0.00279008
3837.27	-0.00273579
3835.34	-0.00258411
3833.41	-0.00258786
3831.48	-0.00269401
3829.56	-0.00263944
3827.63	-0.00250057
3825.7	-0.00241372
3823.77	-0.00246746
3821.84	-0.0024096
3819.92	-0.00233236
3817.99	-0.00243211
3816.06	-0.00235836
3814.13	-0.00218413
3812.2	-0.00223265
3810.27	-0.00228915
3808.35	-0.00232402
3806.42	-0.00225893
3804.49	-0.00226347
3802.56	-0.00236548
3800.64	-0.00221232
3798.71	-0.00212706
3796.78	-0.00214499
3794.85	-0.00212468
3792.92	-0.00205771
3790.99	-0.00199742
3789.07	-0.00190206
3787.14	-0.00183113
3785.21	-0.00176537
3783.28	-0.00173966
3781.35	-0.00178715
3779.43	-0.0017386
3777.5	-0.00163163
3775.57	-0.00160862
3773.64	-0.00165612
3771.71	-0.0016212
3769.79	-0.00150096
3767.86	-0.00149472
3765.93	-0.00146133
3764	-0.00132021
3762.07	-0.00134287
3760.15	-0.001375
3758.22	-0.00137847
3756.29	-0.00132978
3754.36	-0.00143818
3752.43	-0.00140301
3750.51	-0.00121551
3748.58	-0.00112586
3746.65	-0.00135198
3744.72	-0.00127078
3742.79	-0.000872933
3740.87	-0.000880671
3738.94	-0.000964586
3737.01	-0.000972852
3735.08	-0.000885961
3733.15	-0.000790256
3731.23	-0.000605533
3729.3	-0.000575157
3727.37	-0.000479284
3725.44	-0.000328069
3723.51	-0.000269694
3721.59	-0.000266647
3719.66	-0.000124533
3717.73	-2.56781e-05
3715.8	-0.000190645
3713.87	-0.000278634
3711.95	-0.000214954
3710.02	-4.17138e-05
3708.09	0.000185292
3706.16	0.000468204
3704.23	0.000589556
3702.31	0.000562914
3700.38	0.000776029
3698.45	0.0010766
3696.52	0.00138017
3694.59	0.0015449
3692.67	0.00167038
3690.74	0.001928
3688.81	0.00217569
3686.88	0.00271032
3684.95	0.00314124
3683.02	0.0034655
3681.1	0.00391448
3679.17	0.00424745
3677.24	0.00458535
3675.31	0.00507596
3673.38	0.00559304
3671.46	0.00606684
3669.53	0.00663334
3667.6	0.0073428
3665.67	0.00814743
3663.74	0.0086263
3661.82	0.00916407
3659.89	0.00986893
3657.96	0.0105428
3656.03	0.0112617
3654.1	0.0119815
3652.18	0.0126505
3650.25	0.0134124
3648.32	0.0143375
3646.39	0.015281
3644.46	0.016347
3642.54	0.0173842
3640.61	0.0184147
3638.68	0.0194936
3636.75	0.020621
3634.82	0.0217128
3632.9	0.0228092
3630.97	0.0239534
3629.04	0.025548
3627.11	0.0272779
3625.18	0.0287804
3623.26	0.0303538
3621.33	0.0319526
3619.4	0.0335567
3617.47	0.0352441
3615.54	0.0370517
3613.62	0.0389855
3611.69	0.040909
3609.76	0.0429066
3607.83	0.0450754
3605.9	0.0473712
3603.98	0.0497431
3602.05	0.0522392
3600.12	0.0548241
3598.19	0.0574056
3596.26	0.0601839
3594.34	0.0631057
3592.41	0.066043
3590.48	0.0689689
3588.55	0.0721762
3586.62	0.0757004
3584.7	0.0792381
3582.77	0.0829432
3580.84	0.0867972
3578.91	0.0907309
3576.98	0.0949367
3575.05	0.0994031
3573.13	0.10391
3571.2	0.108361
3569.27	0.113044
3567.34	0.118117
3565.42	0.123242
3563.49	0.128551
3561.56	0.134098
3559.63	0.139883
3557.7	0.145853
3555.77	0.151996
3553.85	0.158382
3551.92	0.164849
3549.99	0.171446
3548.06	0.178463
3546.13	0.185614
3544.21	0.192886
3542.28	0.20036
3540.35	0.208031
3538.42	0.215637
3536.49	0.223433
3534.57	0.231397
3532.64	0.239301
3530.71	0.247315
3528.78	0.255386
3526.85	0.263464
3524.93	0.271459
3523	0.279571
3521.07	0.287428
3519.14	0.295175
3517.21	0.30295
3515.29	0.310306
3513.36	0.317637
3511.43	0.324777
3509.5	0.331704
3507.57	0.338784
3505.65	0.345209
3503.72	0.350993
3501.79	0.356645
3499.86	0.362253
3497.93	0.367514
3496.01	0.372341
3494.08	0.376725
3492.15	0.380965
3490.22	0.384562
3488.29	0.387842
3486.37	0.39107
3484.44	0.39386
3482.51	0.396241
3480.58	0.398305
3478.65	0.400154
3476.73	0.401826
3474.8	0.403277
3472.87	0.404195
3470.94	0.404846
3469.01	0.405342
3467.09	0.405736
3465.16	0.406135
3463.23	0.405998
3461.3	0.405658
3459.37	0.405448
3457.44	0.405158
3455.52	0.404593
3453.59	0.40397
3451.66	0.403354
3449.73	0.40244
3447.81	0.40134
3445.88	0.400579
3443.95	0.399754
3442.02	0.398764
3440.09	0.397642
3438.16	0.396593
3436.24	0.395566
3434.31	0.39472
3432.38	0.393628
3430.45	0.392551
3428.52	0.391457
3426.6	0.390221
3424.67	0.389058
3422.74	0.387523
3420.81	0.385881
3418.88	0.384721
3416.96	0.383497
3415.03	0.381961
3413.1	0.380314
3411.17	0.378531
3409.24	0.376956
3407.32	0.375599
3405.39	0.374193
3403.46	0.372952
3401.53	0.371684
3399.6	0.370451
3397.68	0.369357
3395.75	0.368311
3393.82	0.367198
3391.89	0.366183
3389.96	0.365126
3388.04	0.364081
3386.11	0.363068
3384.18	0.362289
3382.25	0.361672
3380.32	0.360759
3378.4	0.359946
3376.47	0.359378
3374.54	0.358771
3372.61	0.358124
3370.68	0.357665
3368.76	0.357262
3366.83	0.356995
3364.9	0.35671
3362.97	0.356263
3361.04	0.355761
3359.12	0.355332
3357.19	0.354837
3355.26	0.354365
3353.33	0.354168
3351.4	0.354118
3349.48	0.354229
3347.55	0.354154
3345.62	0.35388
3343.69	0.353647
3341.76	0.353499
3339.83	0.353601
3337.91	0.353414
3335.98	0.35305
3334.05	0.352976
3332.12	0.353119
3330.19	0.353085
3328.27	0.353084
3326.34	0.353165
3324.41	0.353206
3322.48	0.3535
3320.55	0.35376
3318.63	0.353776
3316.7	0.353693
3314.77	0.353589
3312.84	0.35374
3310.91	0.354221
3308.99	0.354576
3307.06	0.354747
3305.13	0.354943
3303.2	0.355173
3301.27	0.355383
3299.35	0.355775
3297.42	0.356191
3295.49	0.356714
3293.56	0.357159
3291.63	0.357375
3289.71	0.357605
3287.78	0.358144
3285.85	0.358717
3283.92	0.359239
3281.99	0.35983
3280.07	0.360289
3278.14	0.360873
3276.21	0.361526
3274.28	0.362018
3272.35	0.362325
3270.43	0.363001
3268.5	0.363382
3266.57	0.363625
3264.64	0.364511
3262.71	0.365115
3260.79	0.36549
3258.86	0.366217
3256.93	0.366608
3255	0.366834
3253.07	0.367409
3251.15	0.367837
3249.22	0.368194
3247.29	0.368748
3245.36	0.36917
3243.43	0.36917
3241.51	0.369519
3239.58	0.370057
3237.65	0.370352
3235.72	0.370459
3233.79	0.37061
3231.87	0.370728
3229.94	0.371014
3228.01	0.371017
3226.08	0.370813
3224.15	0.370946
3222.22	0.371307
3220.3	0.371558
3218.37	0.371695
3216.44	0.371458
3214.51	0.371263
3212.58	0.371397
3210.66	0.37145
3208.73	0.371315
3206.8	0.370834
3204.87	0.370331
3202.94	0.370101
3201.02	0.36971
3199.09	0.369031
3197.16	0.368223
3195.23	0.36744
3193.3	0.366589
3191.38	0.36586
3189.45	0.365213
3187.52	0.364456
3185.59	0.363374
3183.66	0.362014
3181.74	0.360692
3179.81	0.359318
3177.88	0.357901
3175.95	0.35659
3174.02	0.355267
3172.1	0.353942
3170.17	0.352491
3168.24	0.350621
3166.31	0.348695
3164.38	0.347006
3162.46	0.345279
3160.53	0.343268
3158.6	0.340971
3156.67	0.338747
3154.74	0.337038
3152.82	0.334987
3150.89	0.332392
3148.96	0.329727
3147.03	0.32728
3145.1	0.324762
3143.18	0.322188
3141.25	0.319339
3139.32	0.31642
3137.39	0.313422
3135.46	0.310341
3133.54	0.307197
3131.61	0.303844
3129.68	0.300656
3127.75	0.297231
3125.82	0.293597
3123.9	0.28984
3121.97	0.286144
3120.04	0.282315
3118.11	0.278361
3116.18	0.274436
3114.26	0.27027
3112.33	0.265978
3110.4	0.261626
3108.47	0.256971
3106.54	0.252139
3104.61	0.247356
3102.69	0.242565
3100.76	0.237792
3098.83	0.232771
3096.9	0.227687
3094.98	0.222547
3093.05	0.217289
3091.12	0.212045
3089.19	0.206727
3087.26	0.201441
3085.33	0.196114
3083.41	0.190817
3081.48	0.185442
3079.55	0.179899
3077.62	0.174597
3075.69	0.169376
3073.77	0.164088
3071.84	0.158967
3069.91	0.153902
3067.98	0.148867
3066.05	0.14401
3064.13	0.139331
3062.2	0.134699
3060.27	0.130182
3058.34	0.125896
3056.41	0.121687
3054.49	0.117668
3052.56	0.113785
3050.63	0.109958
3048.7	0.10637
3046.77	0.102989
3044.85	0.0997202
3042.92	0.0964563
3040.99	0.0933094
3039.06	0.0903017
3037.13	0.0876182
3035.21	0.0851113
3033.28	0.082378
3031.35	0.0799319
3029.42	0.0778315
3027.49	0.0756859
3025.57	0.073413
3023.64	0.0714496
3021.71	0.0696418
3019.78	0.0677092
3017.85	0.0660011
3015.93	0.0644771
3014	0.0628393
3012.07	0.0614249
3010.14	0.0602117
3008.21	0.0588475
3006.29	0.0573926
3004.36	0.0561038
3002.43	0.0549501
3000.5	0.0538762
2998.57	0.0529589
2996.65	0.0520569
2994.72	0.0509931
2992.79	0.0500052
2990.86	0.0491432
2988.93	0.0483297
2987	0.047482
2985.08	0.0467158
2983.15	0.0460676
2981.22	0.0455168
2979.29	0.0449892
2977.36	0.0443554
2975.44	0.0438992
2973.51	0.0434539
2971.58	0.0429241
2969.65	0.042387
2967.72	0.0421242
2965.8	0.0418626
2963.87	0.0413675
2961.94	0.0409414
2960.01	0.0406149
2958.08	0.0403662
2956.16	0.0399354
2954.23	0.0395885
2952.3	0.0392497
2950.37	0.0387585
2948.44	0.0385759
2946.52	0.0383368
2944.59	0.0380924
2942.66	0.0378644
2940.73	0.0375827
2938.8	0.037328
2936.88	0.0373165
2934.95	0.0370839
2933.02	0.0367737
2931.09	0.0365219
2929.16	0.0363433
2927.24	0.0361982
2925.31	0.0360038
2923.38	0.0358386
2921.45	0.0357679
2919.52	0.0357503
2917.6	0.0355926
2915.67	0.0353857
2913.74	0.035309
2911.81	0.0350033
2909.88	0.034869
2907.96	0.0348392
2906.03	0.034609
2904.1	0.03429
2902.17	0.0341763
2900.24	0.0340718
2898.32	0.0340238
2896.39	0.0340106
2894.46	0.0339212
2892.53	0.0337016
2890.6	0.033465
2888.68	0.0332602
2886.75	0.0331385
2884.82	0.0329234
2882.89	0.0326319
2880.96	0.0325369
2879.04	0.0324743
2877.11	0.0323231
2875.18	0.0320437
2873.25	0.0319666
2871.32	0.0320021
2869.39	0.031855
2867.47	0.0316662
2865.54	0.0315236
2863.61	0.0311929
2861.68	0.0308512
2859.75	0.0308994
2857.83	0.0309433
2855.9	0.0304737
2853.97	0.0300683
2852.04	0.0298858
2850.11	0.0295659
2848.19	0.0292843
2846.26	0.0291355
2844.33	0.0289414
2842.4	0.0286805
2840.47	0.0285462
2838.55	0.0284088
2836.62	0.0282245
2834.69	0.0281365
2832.76	0.0279867
2830.83	0.0276016
2828.91	0.0273465
2826.98	0.0272244
2825.05	0.0271385
2823.12	0.0266976
2821.19	0.0262087
2819.27	0.0258462
2817.34	0.0257782
2815.41	0.0257526
2813.48	0.0255107
2811.55	0.0252938
2809.63	0.0251066
2807.7	0.0247936
2805.77	0.0244579
2803.84	0.0242599
2801.91	0.0242767
2799.99	0.023985
2798.06	0.0236142
2796.13	0.0233645
2794.2	0.0233318
2792.27	0.0231356
2790.35	0.0229864
2788.42	0.0228156
2786.49	0.0224943
2784.56	0.0223545
2782.63	0.0223165
2780.71	0.0219345
2778.78	0.0216826
2776.85	0.021643
2774.92	0.0215815
2772.99	0.0215011
2771.06	0.0212925
2769.14	0.0209154
2767.21	0.0207436
2765.28	0.0203736
2763.35	0.0200784
2761.43	0.0201146
2759.5	0.0199584
2757.57	0.0196904
2755.64	0.0195862
2753.71	0.0194802
2751.78	0.0192486
2749.86	0.0190119
2747.93	0.0186082
2746	0.0180976
2744.07	0.0178971
2742.15	0.0179019
2740.22	0.0177905
2738.29	0.0175975
2736.36	0.0175698
2734.43	0.0175035
2732.5	0.0174378
2730.58	0.0173658
2728.65	0.0173065
2726.72	0.0170464
2724.79	0.0166499
2722.86	0.0164387
2720.94	0.016312
2719.01	0.0161971
2717.08	0.0159002
2715.15	0.0156437
2713.22	0.0157373
2711.3	0.0158628
2709.37	0.015705
2707.44	0.0155205
2705.51	0.0153115
2703.58	0.0151134
2701.66	0.0149435
2699.73	0.0149
2697.8	0.0147974
2695.87	0.0144802
2693.94	0.0143777
2692.02	0.014432
2690.09	0.0140944
2688.16	0.0139252
2686.23	0.0140907
2684.3	0.0139122
2682.38	0.0135611
2680.45	0.0135764
2678.52	0.0135837
2676.59	0.0135622
2674.66	0.0135127
2672.74	0.0134598
2670.81	0.0134064
2668.88	0.0131758
2666.95	0.0131541
2665.02	0.0133059
2663.1	0.0132363
2661.17	0.0129579
2659.24	0.0126787
2657.31	0.0125564
2655.38	0.0124241
2653.46	0.0122522
2651.53	0.0123255
2649.6	0.0125029
2647.67	0.0129143
2645.74	0.0128617
2643.81	0.0126776
2641.89	0.0124077
2639.96	0.0121774
2638.03	0.0121595
2636.1	0.0120892
2634.17	0.0120931
2632.25	0.0119022
2630.32	0.0117372
2628.39	0.0116445
2626.46	0.0116387
2624.53	0.0117635
2622.61	0.0120337
2620.68	0.012002
2618.75	0.0118105
2616.82	0.0117127
2614.89	0.0118091
2612.97	0.0115631
2611.04	0.0112954
2609.11	0.0113552
2607.18	0.0114632
2605.25	0.0116917
2603.33	0.0116441
2601.4	0.0113664
2599.47	0.0113582
2597.54	0.0115334
2595.61	0.0114919
2593.69	0.0115725
2591.76	0.0115361
2589.83	0.0112292
2587.9	0.0110271
2585.97	0.0111175
2584.05	0.0114022
2582.12	0.0112564
2580.19	0.0107966
2578.26	0.0108751
2576.33	0.0112622
2574.41	0.0114002
2572.48	0.0112521
2570.55	0.0110808
2568.62	0.0111429
2566.69	0.0113645
2564.77	0.011567
2562.84	0.0111803
2560.91	0.0110214
2558.98	0.0112191
2557.05	0.0111969
2555.13	0.0111872
2553.2	0.0111043
2551.27	0.011089
2549.34	0.0110104
2547.41	0.0108771
2545.49	0.0110109
2543.56	0.0113072
2541.63	0.0113278
2539.7	0.0112629
2537.77	0.0112271
2535.85	0.0110018
2533.92	0.0111562
2531.99	0.0114299
2530.06	0.0112216
2528.13	0.0109274
2526.21	0.0109
2524.28	0.0107366
2522.35	0.010804
2520.42	0.0109368
2518.49	0.01093
2516.56	0.0109951
2514.64	0.0111121
2512.71	0.0111749
2510.78	0.0112755
2508.85	0.0112223
2506.92	0.0113369
2505	0.0112866
2503.07	0.0109754
2501.14	0.0108527
2499.21	0.0111323
2497.28	0.0111669
2495.36	0.0109241
2493.43	0.0107978
2491.5	0.0110514
2489.57	0.0114579
2487.64	0.0112185
2485.72	0.0111502
2483.79	0.0114898
2481.86	0.0115745
2479.93	0.0114545
2478	0.0115403
2476.08	0.0114407
2474.15	0.0114053
2472.22	0.0116907
2470.29	0.0115586
2468.36	0.0113075
2466.44	0.011325
2464.51	0.0112582
2462.58	0.0113326
2460.65	0.0114969
2458.72	0.0114081
2456.8	0.0114442
2454.87	0.0117372
2452.94	0.0118091
2451.01	0.0117566
2449.08	0.0116809
2447.16	0.0118407
2445.23	0.0116504
2443.3	0.0116728
2441.37	0.0120034
2439.44	0.0120164
2437.52	0.011645
2435.59	0.0118998
2433.66	0.0122305
2431.73	0.0119287
2429.8	0.0117928
2427.88	0.0118773
2425.95	0.0119206
2424.02	0.0120018
2422.09	0.0119585
2420.16	0.012146
2418.24	0.0125848
2416.31	0.0122696
2414.38	0.0116631
2412.45	0.0118659
2410.52	0.0122012
2408.6	0.0124846
2406.67	0.0127462
2404.74	0.0127593
2402.81	0.0125365
2400.88	0.0122785
2398.95	0.0124355
2397.03	0.0125347
2395.1	0.0123811
2393.17	0.0126268
2391.24	0.012992
2389.31	0.0131272
2387.39	0.0129102
2385.46	0.0127482
2383.53	0.0129337
2381.6	0.0129402
2379.67	0.0131313
2377.75	0.0135839
2375.82	0.0133672
2373.89	0.0129518
2371.96	0.0130906
2370.03	0.0132122
2368.11	0.0131629
2366.18	0.013271
2364.25	0.0131749
2362.32	0.0134053
2360.39	0.0138308
2358.47	0.0140545
2356.54	0.0135328
2354.61	0.0134899
2352.68	0.0141081
2350.75	0.0142556
2348.83	0.014227
2346.9	0.0142063
2344.97	0.0143803
2343.04	0.0154736
2341.11	0.0161578
2339.19	0.0148757
2337.26	0.0141619
2335.33	0.0140795
2333.4	0.0139429
2331.47	0.0141448
2329.55	0.0139155
2327.62	0.0133261
2325.69	0.0137432
2323.76	0.0140521
2321.83	0.01384
2319.91	0.0137863
2317.98	0.0136526
2316.05	0.0130329
2314.12	0.0132327
2312.19	0.01381
2310.27	0.0138876
2308.34	0.0141918
2306.41	0.0139556
2304.48	0.0131977
2302.55	0.0134451
2300.63	0.0133019
2298.7	0.012437
2296.77	0.0123763
2294.84	0.0127529
2292.91	0.0124658
2290.98	0.0126024
2289.06	0.0133927
2287.13	0.0135864
2285.2	0.0129594
2283.27	0.0125264
2281.35	0.0126262
2279.42	0.0130746
2277.49	0.0132194
2275.56	0.0132615
2273.63	0.0123717
2271.7	0.0118388
2269.78	0.0122993
2267.85	0.013649
2265.92	0.0140375
2263.99	0.0139752
2262.06	0.0143445
2260.14	0.0138664
2258.21	0.0138334
2256.28	0.0140572
2254.35	0.0140102
2252.42	0.0139631
2250.5	0.0139348
2248.57	0.0133287
2246.64	0.0136755
2244.71	0.0143913
2242.78	0.0144973
2240.86	0.0143158
2238.93	0.0137841
2237	0.0145921
2235.07	0.015497
2233.14	0.0154177
2231.22	0.0150335
2229.29	0.0150465
2227.36	0.0153829
2225.43	0.0149146
2223.5	0.0152383
2221.58	0.0166676
2219.65	0.0166558
2217.72	0.0155994
2215.79	0.0152153
2213.86	0.0157216
2211.94	0.0163265
2210.01	0.0160469
2208.08	0.0161271
2206.15	0.016613
2204.22	0.0162285
2202.3	0.0159606
2200.37	0.0162968
2198.44	0.0165031
2196.51	0.0166185
2194.58	0.0157713
2192.66	0.0155881
2190.73	0.0163651
2188.8	0.0158865
2186.87	0.0157169
2184.94	0.0158779
2183.02	0.0164682
2181.09	0.016351
2179.16	0.0147699
2177.23	0.0139178
2175.3	0.0142996
2173.38	0.0140128
2171.45	0.0133757
2169.52	0.0127566
2167.59	0.0123655
2165.66	0.0121358
2163.73	0.0118771
2161.81	0.0120104
2159.88	0.0116184
2157.95	0.0107235
2156.02	0.00975316
2154.09	0.00867349
2152.17	0.00802523
2150.24	0.00774157
2148.31	0.00753927
2146.38	0.0078781
2144.45	0.00793934
2142.53	0.00741593
2140.6	0.00577459
2138.67	0.00561925
2136.74	0.00628536
2134.81	0.00478437
2132.89	0.00356988
2130.96	0.00301764
2129.03	0.00151421
2127.1	0.00102595
2125.17	0.00162146
2123.25	0.000534682
2121.32	-0.000633491
2119.39	-0.00184413
2117.46	-0.00307522
2115.53	-0.00305538
2113.61	-0.00383702
2111.68	-0.00426987
2109.75	-0.00449259
2107.82	-0.00572893
2105.89	-0.00743984
2103.97	-0.00775043
2102.04	-0.00853396
2100.11	-0.0113869
2098.18	-0.0133565
2096.25	-0.0120844
2094.33	-0.0132308
2092.4	-0.0151569
2090.47	-0.0167753
2088.54	-0.0197592
2086.61	-0.0215132
2084.69	-0.0226497
2082.76	-0.0245537
2080.83	-0.0268053
2078.9	-0.0275421
2076.97	-0.0275257
2075.05	-0.0288503
2073.12	-0.0291527
2071.19	-0.0279268
2069.26	-0.0281768
2067.33	-0.029614
2065.41	-0.0305203
2063.48	-0.0324817
2061.55	-0.0329349
2059.62	-0.0332397
2057.69	-0.0348123
2055.77	-0.0346933
2053.84	-0.0337864
2051.91	-0.0357223
2049.98	-0.0374642
2048.05	-0.0374527
2046.12	-0.0346389
2044.2	-0.0338885
2042.27	-0.035702
2040.34	-0.0374915
2038.41	-0.0352632
2036.48	-0.0309788
2034.56	-0.0319842
2032.63	-0.0348844
2030.7	-0.0358687
2028.77	-0.0339822
2026.84	-0.0333215
2024.92	-0.0327922
2022.99	-0.0339794
2021.06	-0.0344255
2019.13	-0.0363208
2017.2	-0.0367738
2015.28	-0.0362185
2013.35	-0.0374666
2011.42	-0.0363719
2009.49	-0.034818
2007.56	-0.0351566
2005.64	-0.0354609
2003.71	-0.0346074
2001.78	-0.0335678
