nAHm0137.spa, Fri Nov 03 16:09:04 2006 (GMT-10:00)
9999.26	0.00697762
9997.33	0.00782186
9995.4	0.00790445
9993.48	0.00646724
9991.55	0.00611029
9989.62	0.00683697
9987.69	0.00751999
9985.76	0.00736673
9983.84	0.00713489
9981.91	0.00702153
9979.98	0.00733751
9978.05	0.00672449
9976.12	0.00564345
9974.2	0.0054433
9972.27	0.00554635
9970.34	0.00670834
9968.41	0.0073306
9966.48	0.00650605
9964.56	0.00630402
9962.63	0.00657151
9960.7	0.00649115
9958.77	0.00675074
9956.84	0.00665726
9954.92	0.00662779
9952.99	0.00629347
9951.06	0.00660182
9949.13	0.00672638
9947.2	0.00662005
9945.28	0.00697351
9943.35	0.0073365
9941.42	0.00579631
9939.49	0.00563331
9937.56	0.00605367
9935.64	0.00619878
9933.71	0.00640839
9931.78	0.00767304
9929.85	0.00754521
9927.92	0.00617979
9926	0.00500721
9924.07	0.00453623
9922.14	0.00550554
9920.21	0.00618432
9918.28	0.0060233
9916.36	0.00600042
9914.43	0.00553185
9912.5	0.00596844
9910.57	0.00627246
9908.64	0.00666934
9906.71	0.0065343
9904.79	0.0052034
9902.86	0.00479978
9900.93	0.0056124
9899	0.00621188
9897.08	0.00696116
9895.15	0.00650951
9893.22	0.00534611
9891.29	0.00545055
9889.36	0.00583469
9887.43	0.005509
9885.51	0.00595033
9883.58	0.00647349
9881.65	0.00652031
9879.72	0.00670262
9877.79	0.0059202
9875.87	0.00587012
9873.94	0.00663206
9872.01	0.00648301
9870.08	0.00624587
9868.15	0.00667806
9866.23	0.00665847
9864.3	0.00611483
9862.37	0.00594002
9860.44	0.00653195
9858.51	0.00677218
9856.59	0.00592786
9854.66	0.00561942
9852.73	0.00555253
9850.8	0.00568457
9848.87	0.00630177
9846.95	0.00655465
9845.02	0.00590539
9843.09	0.0055393
9841.16	0.00549504
9839.23	0.00612521
9837.31	0.00613489
9835.38	0.00580924
9833.45	0.00526377
9831.52	0.0049684
9829.59	0.00498945
9827.67	0.00538187
9825.74	0.00569223
9823.81	0.00590808
9821.88	0.00593031
9819.95	0.00600744
9818.03	0.00568991
9816.1	0.00535641
9814.17	0.00561908
9812.24	0.00560616
9810.31	0.00547984
9808.39	0.00597371
9806.46	0.00617461
9804.53	0.00559565
9802.6	0.00523613
9800.67	0.00496555
9798.75	0.00539616
9796.82	0.00594375
9794.89	0.0062782
9792.96	0.00597579
9791.03	0.00574883
9789.11	0.00551192
9787.18	0.00557656
9785.25	0.00518627
9783.32	0.00488894
9781.39	0.00542699
9779.46	0.00602683
9777.54	0.00592658
9775.61	0.00592497
9773.68	0.00617881
9771.75	0.00611321
9769.83	0.00526216
9767.9	0.00534977
9765.97	0.00538412
9764.04	0.00530036
9762.11	0.00562146
9760.18	0.00627592
9758.26	0.0066037
9756.33	0.00651728
9754.4	0.00595299
9752.47	0.00546407
9750.54	0.00545659
9748.62	0.00543377
9746.69	0.00591073
9744.76	0.00576381
9742.83	0.00480169
9740.9	0.00468579
9738.98	0.00525891
9737.05	0.0056019
9735.12	0.00582962
9733.19	0.00532723
9731.26	0.0045661
9729.34	0.00493153
9727.41	0.00583889
9725.48	0.00594563
9723.55	0.0059805
9721.62	0.0059808
9719.7	0.00593844
9717.77	0.00567255
9715.84	0.00568514
9713.91	0.00539086
9711.98	0.00545015
9710.06	0.0054121
9708.13	0.00600727
9706.2	0.00679392
9704.27	0.00659647
9702.34	0.00610679
9700.42	0.00577697
9698.49	0.00581404
9696.56	0.0057347
9694.63	0.0051571
9692.7	0.00506932
9690.78	0.00545528
9688.85	0.00569166
9686.92	0.00568568
9684.99	0.00559539
9683.06	0.00590583
9681.14	0.00645476
9679.21	0.00585128
9677.28	0.00502813
9675.35	0.00514164
9673.42	0.00522326
9671.5	0.00523868
9669.57	0.00501536
9667.64	0.00508605
9665.71	0.00528654
9663.78	0.00534276
9661.86	0.00531975
9659.93	0.00576236
9658	0.00571395
9656.07	0.00514241
9654.14	0.00486847
9652.21	0.00508863
9650.29	0.00532813
9648.36	0.00515183
9646.43	0.00512119
9644.5	0.00531941
9642.57	0.00509986
9640.65	0.00472451
9638.72	0.00435333
9636.79	0.00487966
9634.86	0.00570502
9632.93	0.00568887
9631.01	0.0053119
9629.08	0.00553709
9627.15	0.00567662
9625.22	0.00537402
9623.29	0.00522513
9621.37	0.00534672
9619.44	0.00533685
9617.51	0.00508287
9615.58	0.00511961
9613.65	0.00564107
9611.73	0.00555266
9609.8	0.00505816
9607.87	0.00502779
9605.94	0.00512796
9604.01	0.00470197
9602.09	0.00443061
9600.16	0.00465042
9598.23	0.00491203
9596.3	0.00559703
9594.37	0.00599652
9592.45	0.00532226
9590.52	0.00515897
9588.59	0.00538593
9586.66	0.00501914
9584.73	0.00519626
9582.81	0.00482598
9580.88	0.00419314
9578.95	0.00432829
9577.02	0.00516142
9575.09	0.00532062
9573.17	0.00516065
9571.24	0.00504539
9569.31	0.005253
9567.38	0.005129
9565.45	0.00460009
9563.53	0.00425939
9561.6	0.00387834
9559.67	0.00414283
9557.74	0.0044207
9555.81	0.00452836
9553.88	0.0050349
9551.96	0.00521092
9550.03	0.00523422
9548.1	0.00579087
9546.17	0.00537956
9544.25	0.00492976
9542.32	0.00525964
9540.39	0.00533293
9538.46	0.00520897
9536.53	0.00443968
9534.6	0.00416561
9532.68	0.00423135
9530.75	0.00420288
9528.82	0.00447085
9526.89	0.00478464
9524.96	0.00459657
9523.04	0.00476028
9521.11	0.00487678
9519.18	0.00458837
9517.25	0.00492057
9515.32	0.00513316
9513.4	0.00475958
9511.47	0.00448946
9509.54	0.00430671
9507.61	0.00423098
9505.68	0.00435791
9503.76	0.00450208
9501.83	0.00410386
9499.9	0.0037053
9497.97	0.00403603
9496.04	0.00434027
9494.12	0.00427803
9492.19	0.00444949
9490.26	0.00471449
9488.33	0.00493797
9486.4	0.00464798
9484.48	0.00436561
9482.55	0.00450285
9480.62	0.00462611
9478.69	0.00479613
9476.76	0.00465839
9474.84	0.00449616
9472.91	0.00473938
9470.98	0.00468569
9469.05	0.00502672
9467.12	0.00523623
9465.2	0.00475325
9463.27	0.00452187
9461.34	0.00479044
9459.41	0.00493475
9457.48	0.00457923
9455.56	0.00406265
9453.63	0.00412999
9451.7	0.00483999
9449.77	0.00484203
9447.84	0.00424591
9445.92	0.0040274
9443.99	0.0039639
9442.06	0.00455887
9440.13	0.00510235
9438.2	0.0050942
9436.28	0.00492108
9434.35	0.00499457
9432.42	0.0049135
9430.49	0.00465015
9428.56	0.00492855
9426.63	0.00477633
9424.71	0.00424591
9422.78	0.00399637
9420.85	0.0045368
9418.92	0.0046883
9417	0.00423058
9415.07	0.00447948
9413.14	0.00469289
9411.21	0.00426113
9409.28	0.00423423
9407.35	0.00448762
9405.43	0.00420184
9403.5	0.00418475
9401.57	0.00481807
9399.64	0.00456781
9397.71	0.00423306
9395.79	0.00379959
9393.86	0.00312949
9391.93	0.00319691
9390	0.00347034
9388.07	0.00422914
9386.15	0.00448993
9384.22	0.00440403
9382.29	0.00440269
9380.36	0.00465782
9378.43	0.00433907
9376.51	0.00413433
9374.58	0.00397012
9372.65	0.00372154
9370.72	0.00377288
9368.79	0.00386958
9366.87	0.00389726
9364.94	0.00425006
9363.01	0.00418368
9361.08	0.00432003
9359.15	0.00426936
9357.23	0.00409336
9355.3	0.00416243
9353.37	0.00425772
9351.44	0.00471268
9349.51	0.00483979
9347.59	0.00446204
9345.66	0.00362157
9343.73	0.0036896
9341.8	0.00390907
9339.87	0.00376653
9337.95	0.00394611
9336.02	0.00369768
9334.09	0.00348958
9332.16	0.00421024
9330.23	0.00433773
9328.31	0.00389579
9326.38	0.0037933
9324.45	0.00380567
9322.52	0.00400058
9320.59	0.00356393
9318.67	0.00348313
9316.74	0.00373739
9314.81	0.00305724
9312.88	0.00323964
9310.95	0.00370387
9309.03	0.00347288
9307.1	0.00328564
9305.17	0.00347448
9303.24	0.00365942
9301.31	0.00315472
9299.38	0.00318934
9297.46	0.00372004
9295.53	0.00384515
9293.6	0.00356744
9291.67	0.00292092
9289.74	0.00268675
9287.82	0.0031899
9285.89	0.00387697
9283.96	0.0044117
9282.03	0.00431537
9280.1	0.00416993
9278.18	0.00370176
9276.25	0.00348554
9274.32	0.00379367
9272.39	0.0038514
9270.46	0.0033425
9268.54	0.00345825
9266.61	0.00358087
9264.68	0.00344776
9262.75	0.00360005
9260.82	0.00342378
9258.9	0.00319394
9256.97	0.00304116
9255.04	0.0032983
9253.11	0.00390442
9251.18	0.00409302
9249.26	0.00358618
9247.33	0.00321157
9245.4	0.00302838
9243.47	0.00284394
9241.54	0.00285168
9239.62	0.00308538
9237.69	0.00300016
9235.76	0.00300453
9233.83	0.00322405
9231.9	0.00327179
9229.98	0.00321003
9228.05	0.00354539
9226.12	0.00334955
9224.19	0.00282803
9222.26	0.00286252
9220.34	0.00288854
9218.41	0.00293483
9216.48	0.00282647
9214.55	0.00249716
9212.62	0.0027448
9210.7	0.00347705
9208.77	0.00364302
9206.84	0.00346446
9204.91	0.00313146
9202.98	0.00280445
9201.05	0.00289827
9199.13	0.00283981
9197.2	0.00300833
9195.27	0.0027347
9193.34	0.00259034
9191.42	0.00276107
9189.49	0.0029338
9187.56	0.00298454
9185.63	0.00306799
9183.7	0.00258354
9181.77	0.00205815
9179.85	0.00230584
9177.92	0.00272719
9175.99	0.00291802
9174.06	0.00316247
9172.13	0.00338925
9170.21	0.00340999
9168.28	0.00326965
9166.35	0.00302328
9164.42	0.00319454
9162.49	0.00316904
9160.57	0.00294418
9158.64	0.00281503
9156.71	0.0029389
9154.78	0.00258734
9152.85	0.00195356
9150.93	0.00221848
9149	0.00277097
9147.07	0.00265708
9145.14	0.00260704
9143.21	0.00262914
9141.29	0.00259128
9139.36	0.00267175
9137.43	0.00298241
9135.5	0.00336077
9133.57	0.00345771
9131.65	0.00294965
9129.72	0.00266548
9127.79	0.00273983
9125.86	0.00257881
9123.93	0.00254391
9122.01	0.00275113
9120.08	0.00287086
9118.15	0.00241542
9116.22	0.00254121
9114.29	0.00268852
9112.37	0.00252715
9110.44	0.00269355
9108.51	0.00257334
9106.58	0.00250912
9104.65	0.00252985
9102.73	0.00255941
9100.8	0.00265565
9098.87	0.0030126
9096.94	0.00332778
9095.01	0.00323006
9093.08	0.00273856
9091.16	0.00229682
9089.23	0.00213237
9087.3	0.00225765
9085.37	0.00260768
9083.45	0.00289704
9081.52	0.00266901
9079.59	0.00217036
9077.66	0.0021581
9075.73	0.00208242
9073.8	0.00216953
9071.88	0.00268775
9069.95	0.00282193
9068.02	0.00260078
9066.09	0.00247409
9064.17	0.00276117
9062.24	0.00326191
9060.31	0.00345013
9058.38	0.00297957
9056.45	0.00284571
9054.52	0.00250235
9052.6	0.00234805
9050.67	0.0023726
9048.74	0.0017592
9046.81	0.00150141
9044.88	0.00223303
9042.96	0.00272839
9041.03	0.00276287
9039.1	0.00248083
9037.17	0.00226464
9035.24	0.00213237
9033.32	0.00244311
9031.39	0.00285718
9029.46	0.00252808
9027.53	0.00266645
9025.6	0.00242181
9023.68	0.00214009
9021.75	0.00237763
9019.82	0.00267055
9017.89	0.00252178
9015.96	0.00252448
9014.04	0.00261121
9012.11	0.00230015
9010.18	0.001776
9008.25	0.00189888
9006.32	0.00200083
9004.4	0.00189379
9002.47	0.00206082
9000.54	0.00201634
8998.61	0.00202147
8996.68	0.002202
8994.76	0.00247026
8992.83	0.00282573
8990.9	0.00285121
8988.97	0.00276307
8987.04	0.00229652
8985.12	0.00213952
8983.19	0.00230831
8981.26	0.00193047
8979.33	0.00179313
8977.4	0.00202666
8975.48	0.00189602
8973.55	0.00187332
8971.62	0.00173322
8969.69	0.00190098
8967.76	0.00206381
8965.83	0.00200003
8963.91	0.00176828
8961.98	0.00184208
8960.05	0.00195193
8958.12	0.0021949
8956.2	0.00189329
8954.27	0.00183163
8952.34	0.00222501
8950.41	0.00209301
8948.48	0.00168698
8946.55	0.00176935
8944.63	0.00204367
8942.7	0.0019752
8940.77	0.00182694
8938.84	0.00170664
8936.92	0.00199437
8934.99	0.00236731
8933.06	0.00239536
8931.13	0.00212321
8929.2	0.00205126
8927.27	0.00202643
8925.35	0.00202726
8923.42	0.00216317
8921.49	0.00215674
8919.56	0.00212774
8917.63	0.00193709
8915.71	0.00170078
8913.78	0.00212534
8911.85	0.00236264
8909.92	0.00175537
8907.99	0.00148439
8906.07	0.00165315
8904.14	0.00177061
8902.21	0.00167447
8900.28	0.00169712
8898.35	0.00196318
8896.43	0.00205096
8894.5	0.0019266
8892.57	0.00210976
8890.64	0.0023165
8888.71	0.0024519
8886.79	0.00192434
8884.86	0.00146527
8882.93	0.00200752
8881	0.00205958
8879.07	0.00173322
8877.15	0.00179057
8875.22	0.00168033
8873.29	0.00152336
8871.36	0.00139506
8869.43	0.00129432
8867.51	0.00141255
8865.58	0.00127345
8863.65	0.00101897
8861.72	0.00117021
8859.79	0.00185409
8857.87	0.00183033
8855.94	0.00120211
8854.01	0.00122776
8852.08	0.0014063
8850.15	0.00136342
8848.22	0.00115775
8846.3	0.00128462
8844.37	0.00163785
8842.44	0.00186294
8840.51	0.00183076
8838.58	0.00171592
8836.66	0.00136076
8834.73	0.00119935
8832.8	0.00142887
8830.87	0.00134773
8828.94	0.00122181
8827.02	0.00117257
8825.09	0.00125062
8823.16	0.00130725
8821.23	0.0013338
8819.3	0.00123235
8817.38	0.00109427
8815.45	0.00120536
8813.52	0.000920544
8811.59	0.00115134
8809.66	0.00166918
8807.74	0.00163912
8805.81	0.0012371
8803.88	0.00075784
8801.95	0.000396166
8800.02	0.000824295
8798.1	0.00107567
8796.17	0.00130269
8794.24	0.00116187
8792.31	0.00101559
8790.38	0.00126335
8788.46	0.00164068
8786.53	0.00179609
8784.6	0.00169889
8782.67	0.00143675
8780.74	0.00120297
8778.82	0.00103143
8776.89	0.000971781
8774.96	0.00129605
8773.03	0.0012888
8771.1	0.00118151
8769.18	0.00128415
8767.25	0.00123118
8765.32	0.00101668
8763.39	0.000547819
8761.46	0.000770619
8759.54	0.00116134
8757.61	0.00113932
8755.68	0.00156263
8753.75	0.00212571
8751.82	0.00175807
8749.9	0.00152013
8747.97	0.00138316
8746.04	0.00101137
8744.11	0.000833956
8742.18	0.000641252
8740.25	0.000358625
8738.33	0.000470128
8736.4	0.000637503
8734.47	0.000951691
8732.54	0.00117128
8730.62	0.00103365
8728.69	0.000774436
8726.76	0.00106039
8724.83	0.00157011
8722.9	0.00138638
8720.97	0.00107354
8719.05	0.000669426
8717.12	0.000374046
8715.19	0.00040187
8713.26	0.000238332
8711.33	0.00031061
8709.41	0.000379119
8707.48	0.000483828
8705.55	0.000572768
8703.62	0.000808693
8701.69	0.001135
8699.77	0.00104398
8697.84	0.000839168
8695.91	0.000634914
8693.98	0.000441437
8692.05	0.000740182
8690.13	0.00100894
8688.2	0.00066239
8686.27	0.000876252
8684.34	0.000935453
8682.41	0.000704703
8680.49	0.000766569
8678.56	0.000852381
8676.63	0.00111689
8674.7	0.00126351
8672.77	0.00147691
8670.85	0.00124936
8668.92	0.000854904
8666.99	0.000827582
8665.06	0.000959627
8663.13	0.000560526
8661.21	0.000349738
8659.28	0.000538629
8657.35	0.000994961
8655.42	0.000853078
8653.49	0.000811581
8651.57	0.000954281
8649.64	0.000785855
8647.71	0.000468204
8645.78	0.00028876
8643.85	0.000421437
8641.93	0.000464722
8640	0.000149792
8638.07	2.84962e-05
8636.14	0.000483396
8634.21	0.000582224
8632.29	0.000737129
8630.36	0.000816228
8628.43	0.00061547
8626.5	0.000444953
8624.57	0.000366717
8622.65	0.000248112
8620.72	0.000251958
8618.79	0.000482832
8616.86	0.000548781
8614.93	0.000374609
8613	0.000386648
8611.08	0.00033286
8609.15	0.000539625
8607.22	0.000434107
8605.29	0.000169116
8603.37	-0.000287641
8601.44	-0.000291084
8599.51	5.13608e-05
8597.58	0.000355176
8595.65	0.000154565
8593.72	-4.24095e-05
8591.8	7.28347e-05
8589.87	0.000438784
8587.94	0.000469631
8586.01	0.000211977
8584.08	7.43923e-05
8582.16	0.000140412
8580.23	0.000541615
8578.3	0.000589822
8576.37	0.000525658
8574.44	0.000418419
8572.52	0.000280835
8570.59	0.000343139
8568.66	0.000252091
8566.73	7.15754e-05
8564.8	5.83861e-05
8562.88	0.000331102
8560.95	0.000185524
8559.02	-0.000236546
8557.09	-0.000141724
8555.16	0.000302221
8553.24	0.000582821
8551.31	0.000515772
8549.38	0.000458121
8547.45	0.000197855
8545.52	0.000173922
8543.6	0.000560492
8541.67	0.000437888
8539.74	0.00023389
8537.81	0.000159503
8535.88	-2.08739e-05
8533.96	0.00015062
8532.03	0.000118404
8530.1	0.000258058
8528.17	0.000353949
8526.24	0.000291147
8524.32	0.000375936
8522.39	0.000156819
8520.46	-0.000149972
8518.53	-0.000168288
8516.6	0.00021937
8514.68	0.000412781
8512.75	0.000208397
8510.82	0.000141572
8508.89	-0.000168421
8506.96	-0.000325884
8505.04	-8.23634e-05
8503.11	-0.000215848
8501.18	-0.000428212
8499.25	-0.000309163
8497.32	-1.56721e-05
8495.39	-8.80614e-05
8493.47	-3.44912e-05
8491.54	2.28962e-05
8489.61	-0.000139704
8487.68	-0.000144871
8485.75	3.91993e-05
8483.83	0.000252356
8481.9	6.25947e-05
8479.97	-0.000236579
8478.04	-0.000172727
8476.11	6.65714e-05
8474.19	-2.94892e-06
8472.26	0.000104749
8470.33	7.28679e-05
8468.4	-0.000169977
8466.47	-0.000353926
8464.55	-0.000237109
8462.62	-0.000101676
8460.69	-8.47817e-05
8458.76	-0.000201077
8456.83	-0.000310355
8454.91	1.43473e-05
8452.98	0.000300431
8451.05	4.48327e-05
8449.12	-0.00027327
8447.19	-0.000333167
8445.27	-0.000385277
8443.34	-0.000488254
8441.41	-0.00031648
8439.48	-0.000109527
8437.55	-0.000239692
8435.63	-0.000269859
8433.7	-0.000240917
8431.77	-0.000411562
8429.84	-0.00031307
8427.91	-0.000283733
8425.99	-0.000404709
8424.06	-0.000354323
8422.13	-0.000397956
8420.2	-0.000533958
8418.27	-0.000387131
8416.35	-0.000150899
8414.42	-0.000481171
8412.49	-0.000710971
8410.56	-0.000613441
8408.63	-0.000322573
8406.71	-0.000211542
8404.78	-0.000381239
8402.85	-0.000390243
8400.92	-0.000342736
8398.99	-0.000328632
8397.07	-0.000311977
8395.14	-0.00022055
8393.21	-0.000238698
8391.28	-0.000363064
8389.35	-0.000412522
8387.43	-0.000308203
8385.5	-0.000304362
8383.57	-0.000262607
8381.64	-0.000483554
8379.71	-0.000559704
8377.79	-0.000199852
8375.86	6.65714e-05
8373.93	-0.00024648
8372	-0.00047005
8370.07	-0.000229227
8368.14	-0.000499871
8366.22	-0.000909769
8364.29	-0.00108038
8362.36	-0.000896014
8360.43	-0.000608875
8358.5	-0.000409741
8356.58	-0.000507483
8354.65	-0.000677162
8352.72	-0.000418182
8350.79	-0.000204621
8348.86	-9.20035e-05
8346.94	-0.000323036
8345.01	-0.000416196
8343.08	-0.000340617
8341.15	-0.000489842
8339.22	-0.000623863
8337.3	-0.00062962
8335.37	-0.000515392
8333.44	-0.00076383
8331.51	-0.000591106
8329.58	-0.000230684
8327.66	-0.000650762
8325.73	-0.000994241
8323.8	-0.000445888
8321.87	-0.00023436
8319.94	-0.000451515
8318.02	-0.000609636
8316.09	-0.000889731
8314.16	-0.000867973
8312.23	-0.000394679
8310.3	-0.00024052
8308.38	-0.000632962
8306.45	-0.000716826
8304.52	-0.000736409
8302.59	-0.000769155
8300.66	-0.00087118
8298.74	-0.000874223
8296.81	-0.00086126
8294.88	-0.000828587
8292.95	-0.000657974
8291.02	-0.000609338
8289.1	-0.000749838
8287.17	-0.000657875
8285.24	-0.000723178
8283.31	-0.000726022
8281.38	-0.000776398
8279.46	-0.000889499
8277.53	-0.00103659
8275.6	-0.000942402
8273.67	-0.000651688
8271.74	-0.000511057
8269.82	-0.000703231
8267.89	-0.00078761
8265.96	-0.000673027
8264.03	-0.000760886
8262.1	-0.00104072
8260.17	-0.00122863
8258.25	-0.000854481
8256.32	-0.000416461
8254.39	-0.000649041
8252.46	-0.00100548
8250.54	-0.00117483
8248.61	-0.0011477
8246.68	-0.0010591
8244.75	-0.000930334
8242.82	-0.000779243
8240.89	-0.000803056
8238.97	-0.000941179
8237.04	-0.00103781
8235.11	-0.00100852
8233.18	-0.000866353
8231.25	-0.000885994
8229.33	-0.000965512
8227.4	-0.000784733
8225.47	-0.000529523
8223.54	-0.000805702
8221.61	-0.0010861
8219.69	-0.0008687
8217.76	-0.000771437
8215.83	-0.000941741
8213.9	-0.00120451
8211.97	-0.00149066
8210.05	-0.0014369
8208.12	-0.0012727
8206.19	-0.00112279
8204.26	-0.00125341
8202.33	-0.00121138
8200.41	-0.0010308
8198.48	-0.00118283
8196.55	-0.00105771
8194.62	-0.000772925
8192.69	-0.000802857
8190.77	-0.000804213
8188.84	-0.000797632
8186.91	-0.000887383
8184.98	-0.000990108
8183.05	-0.00110848
8181.13	-0.00118974
8179.2	-0.00114437
8177.27	-0.00130491
8175.34	-0.00125076
8173.41	-0.00121967
8171.49	-0.0010463
8169.56	-0.0011248
8167.63	-0.0010548
8165.7	-0.000918299
8163.77	-0.00113253
8161.85	-0.00128023
8159.92	-0.000923656
8157.99	-0.000669983
8156.06	-0.000680834
8154.13	-0.000729066
8152.21	-0.00124908
8150.28	-0.00141886
8148.35	-0.00123864
8146.42	-0.00116776
8144.49	-0.00111974
8142.56	-0.00106148
8140.64	-0.00118283
8138.71	-0.0011901
8136.78	-0.00120864
8134.85	-0.00128033
8132.92	-0.00131829
8131	-0.00124789
8129.07	-0.00131555
8127.14	-0.00113554
8125.21	-0.00115283
8123.28	-0.00125119
8121.36	-0.00114549
8119.43	-0.00100803
8117.5	-0.00118561
8115.57	-0.00119889
8113.64	-0.00109271
8111.72	-0.00106571
8109.79	-0.0012349
8107.86	-0.00144383
8105.93	-0.00149125
8104	-0.00160199
8102.08	-0.00183516
8100.15	-0.00191843
8098.22	-0.00176035
8096.29	-0.00186501
8094.36	-0.00167345
8092.44	-0.00154537
8090.51	-0.00158195
8088.58	-0.00135023
8086.65	-0.00140387
8084.72	-0.0015457
8082.8	-0.0013827
8080.87	-0.00135988
8078.94	-0.00128364
8077.01	-0.00118148
8075.08	-0.00114106
8073.16	-0.00109509
8071.23	-0.00104006
8069.3	-0.00120084
8067.37	-0.00141223
8065.44	-0.00131561
8063.52	-0.00111773
8061.59	-0.00117011
8059.66	-0.00117027
8057.73	-0.00104779
8055.8	-0.00118204
8053.88	-0.00125919
8051.95	-0.00128991
8050.02	-0.00128033
8048.09	-0.0013203
8046.16	-0.0012724
8044.24	-0.00120028
8042.31	-0.00132159
8040.38	-0.00164576
8038.45	-0.00186769
8036.52	-0.00194577
8034.6	-0.00195573
8032.67	-0.0016961
8030.74	-0.00149683
8028.81	-0.0016354
8026.88	-0.00173926
8024.96	-0.00189639
8023.03	-0.0018951
8021.1	-0.00168415
8019.17	-0.00155983
8017.24	-0.00158347
8015.31	-0.00177665
8013.39	-0.00165266
8011.46	-0.00144746
8009.53	-0.00158634
8007.6	-0.00166731
8005.67	-0.001662
8003.75	-0.0015737
8001.82	-0.00148428
7999.89	-0.00168629
7997.96	-0.00186574
7996.03	-0.00178134
7994.11	-0.00157974
7992.18	-0.00168438
7990.25	-0.00160836
7988.32	-0.00153708
7986.39	-0.00152886
7984.47	-0.00168078
7982.54	-0.00187732
7980.61	-0.00190982
7978.68	-0.00185551
7976.75	-0.00171752
7974.83	-0.0017555
7972.9	-0.00175735
7970.97	-0.00178447
7969.04	-0.00194303
7967.11	-0.00170712
7965.19	-0.00150175
7963.26	-0.00174679
7961.33	-0.00186036
7959.4	-0.00179823
7957.47	-0.00168491
7955.55	-0.0016081
7953.62	-0.00159288
7951.69	-0.0017226
7949.76	-0.00175603
7947.83	-0.00195293
7945.91	-0.0019868
7943.98	-0.00202289
7942.05	-0.00217796
7940.12	-0.00221027
7938.19	-0.00222191
7936.27	-0.0020773
7934.34	-0.0019331
7932.41	-0.00195841
7930.48	-0.00206332
7928.55	-0.00195748
7926.63	-0.00208399
7924.7	-0.00212538
7922.77	-0.00189629
7920.84	-0.00187363
7918.91	-0.00211248
7916.99	-0.00212702
7915.06	-0.00195893
7913.13	-0.00194604
7911.2	-0.00199238
7909.27	-0.00193093
7907.35	-0.00193799
7905.42	-0.00191552
7903.49	-0.00175081
7901.56	-0.00167672
7899.63	-0.00182031
7897.71	-0.00214091
7895.78	-0.00215294
7893.85	-0.00195778
7891.92	-0.00207624
7889.99	-0.00221297
7888.06	-0.0022644
7886.14	-0.00224656
7884.21	-0.00207605
7882.28	-0.00186528
7880.35	-0.00186449
7878.42	-0.00192525
7876.5	-0.00202292
7874.57	-0.0020654
7872.64	-0.00222237
7870.71	-0.00217467
7868.78	-0.00210665
7866.86	-0.00223684
7864.93	-0.00228566
7863	-0.00226598
7861.07	-0.00198624
7859.14	-0.00207308
7857.22	-0.00250782
7855.29	-0.00245629
7853.36	-0.00209052
7851.43	-0.0017654
7849.5	-0.0018443
7847.58	-0.00212092
7845.65	-0.00234353
7843.72	-0.0023579
7841.79	-0.00219527
7839.86	-0.00233308
7837.94	-0.002416
7836.01	-0.00209042
7834.08	-0.0020832
7832.15	-0.00230715
7830.22	-0.00241583
7828.3	-0.0020864
7826.37	-0.0019968
7824.44	-0.00217467
7822.51	-0.00212759
7820.58	-0.00220932
7818.66	-0.00225131
7816.73	-0.00227844
7814.8	-0.00250014
7812.87	-0.00235704
7810.94	-0.00217388
7809.02	-0.00217895
7807.09	-0.00245685
7805.16	-0.0026209
7803.23	-0.00242166
7801.3	-0.00222283
7799.38	-0.00212752
7797.45	-0.00221037
7795.52	-0.00231796
7793.59	-0.00231759
7791.66	-0.00242212
7789.74	-0.00251332
7787.81	-0.00224261
7785.88	-0.00226011
7783.95	-0.00231539
7782.02	-0.00214493
7780.09	-0.00217978
7778.17	-0.00217282
7776.24	-0.00219649
7774.31	-0.00209662
7772.38	-0.00227241
7770.46	-0.002537
7768.53	-0.00237711
7766.6	-0.00216286
7764.67	-0.00216797
7762.74	-0.00222366
7760.81	-0.00234597
7758.89	-0.0026238
7756.96	-0.00275318
7755.03	-0.00249645
7753.1	-0.00224854
7751.17	-0.00219886
7749.25	-0.00209857
7747.32	-0.00223895
7745.39	-0.00259135
7743.46	-0.00287478
7741.53	-0.00274913
7739.61	-0.00252106
7737.68	-0.00247916
7735.75	-0.00230112
7733.82	-0.00226697
7731.89	-0.00243478
7729.97	-0.00252511
7728.04	-0.00266279
7726.11	-0.00265953
7724.18	-0.0022526
7722.25	-0.0023699
7720.33	-0.00273494
7718.4	-0.00278195
7716.47	-0.0025119
7714.54	-0.00240318
7712.61	-0.0025629
7710.69	-0.00255815
7708.76	-0.00253552
7706.83	-0.00249181
7704.9	-0.0026069
7702.97	-0.00263947
7701.05	-0.00245919
7699.12	-0.00254751
7697.19	-0.00266717
7695.26	-0.00280677
7693.33	-0.00288683
7691.41	-0.0027538
7689.48	-0.00249286
7687.55	-0.00234699
7685.62	-0.00250469
7683.69	-0.00257897
7681.77	-0.00246552
7679.84	-0.00254616
7677.91	-0.00263967
7675.98	-0.00259116
7674.05	-0.00261955
7672.12	-0.00255957
7670.2	-0.00227089
7668.27	-0.00255749
7666.34	-0.00269048
7664.41	-0.00239613
7662.48	-0.00239504
7660.56	-0.00266052
7658.63	-0.002802
7656.7	-0.00281935
7654.77	-0.00262659
7652.84	-0.00251019
7650.92	-0.00266519
7648.99	-0.00279074
7647.06	-0.00266308
7645.13	-0.00270359
7643.2	-0.00283018
7641.28	-0.00280457
7639.35	-0.00286491
7637.42	-0.00288683
7635.49	-0.00266638
7633.56	-0.00281655
7631.64	-0.00279384
7629.71	-0.00276691
7627.78	-0.00279074
7625.85	-0.00288413
7623.92	-0.00271044
7622	-0.00271966
7620.07	-0.00300837
7618.14	-0.00306746
7616.21	-0.00297049
7614.28	-0.00284341
7612.36	-0.00270365
7610.43	-0.00257838
7608.5	-0.00259086
7606.57	-0.00277326
7604.64	-0.00290312
7602.72	-0.0029906
7600.79	-0.00306394
7598.86	-0.00303686
7596.93	-0.00283054
7595	-0.00267507
7593.08	-0.00250834
7591.15	-0.00266947
7589.22	-0.00286731
7587.29	-0.00292257
7585.36	-0.00282136
7583.44	-0.00271557
7581.51	-0.00281609
7579.58	-0.00285322
7577.65	-0.00274399
7575.72	-0.0026452
7573.8	-0.00251843
7571.87	-0.00251467
7569.94	-0.0027803
7568.01	-0.00294492
7566.08	-0.00298451
7564.16	-0.00292981
7562.23	-0.00287175
7560.3	-0.00296081
7558.37	-0.00299125
7556.44	-0.00295397
7554.52	-0.00287458
7552.59	-0.00292478
7550.66	-0.00306243
7548.73	-0.00295285
7546.8	-0.00275025
7544.88	-0.00293732
7542.95	-0.00315612
7541.02	-0.00299619
7539.09	-0.00291938
7537.16	-0.00283591
7535.23	-0.00282695
7533.31	-0.00280302
7531.38	-0.00294015
7529.45	-0.0030896
7527.52	-0.00305177
7525.59	-0.0030035
7523.67	-0.00306055
7521.74	-0.00321342
7519.81	-0.00311967
7517.88	-0.00320618
7515.95	-0.00310704
7514.03	-0.00293995
7512.1	-0.00281095
7510.17	-0.00286191
7508.24	-0.00300096
7506.31	-0.00298415
7504.39	-0.00293245
7502.46	-0.0030692
7500.53	-0.00320746
7498.6	-0.00315227
7496.67	-0.00298204
7494.75	-0.00301537
7492.82	-0.0030314
7490.89	-0.0031147
7488.96	-0.00309809
7487.03	-0.00313609
7485.11	-0.00311319
7483.18	-0.00297957
7481.25	-0.0031996
7479.32	-0.00340621
7477.39	-0.00337846
7475.47	-0.00316428
7473.54	-0.00309187
7471.61	-0.0030441
7469.68	-0.00299109
7467.75	-0.00299435
7465.83	-0.00295947
7463.9	-0.00293867
7461.97	-0.00310967
7460.04	-0.0031299
7458.11	-0.00314207
7456.19	-0.00304746
7454.26	-0.00287817
7452.33	-0.00299326
7450.4	-0.00319934
7448.47	-0.00330606
7446.54	-0.00319523
7444.62	-0.00276312
7442.69	-0.00265321
7440.76	-0.00290575
7438.83	-0.00307513
7436.91	-0.00300708
7434.98	-0.0029824
7433.05	-0.00308299
7431.12	-0.00318279
7429.19	-0.00315056
7427.26	-0.00290796
7425.34	-0.00285757
7423.41	-0.00306407
7421.48	-0.00313905
7419.55	-0.00295028
7417.62	-0.00302432
7415.7	-0.00316033
7413.77	-0.00333844
7411.84	-0.00350512
7409.91	-0.00345607
7407.98	-0.00308667
7406.06	-0.00316099
7404.13	-0.00322956
7402.2	-0.00307907
7400.27	-0.00306466
7398.34	-0.00325499
7396.42	-0.00335597
7394.49	-0.00336721
7392.56	-0.0033728
7390.63	-0.00337803
7388.7	-0.00307325
7386.78	-0.00301919
7384.85	-0.00327298
7382.92	-0.00327011
7380.99	-0.00330218
7379.06	-0.00339473
7377.14	-0.00339694
7375.21	-0.00340404
7373.28	-0.00320434
7371.35	-0.00296072
7369.42	-0.00302268
7367.5	-0.00321296
7365.57	-0.0033295
7363.64	-0.00329672
7361.71	-0.00308684
7359.78	-0.003024
7357.86	-0.00313056
7355.93	-0.00329205
7354	-0.00336567
7352.07	-0.00344164
7350.14	-0.00346387
7348.22	-0.00341784
7346.29	-0.00342268
7344.36	-0.00323769
7342.43	-0.0031777
7340.5	-0.00333762
7338.58	-0.00335692
7336.65	-0.00322986
7334.72	-0.00310246
7332.79	-0.00304716
7330.86	-0.00312076
7328.94	-0.00316187
7327.01	-0.00329747
7325.08	-0.00342366
7323.15	-0.00349259
7321.22	-0.00349581
7319.29	-0.00349131
7317.37	-0.00329432
7315.44	-0.00320838
7313.51	-0.00343142
7311.58	-0.00341318
7309.65	-0.00339736
7307.73	-0.00333315
7305.8	-0.00315421
7303.87	-0.00301952
7301.94	-0.00308381
7300.01	-0.0031297
7298.09	-0.00310552
7296.16	-0.0031372
7294.23	-0.00324621
7292.3	-0.00326285
7290.37	-0.00324157
7288.45	-0.00337123
7286.52	-0.00340456
7284.59	-0.0034212
7282.66	-0.00341561
7280.73	-0.00342383
7278.81	-0.00345364
7276.88	-0.00344168
7274.95	-0.00345509
7273.02	-0.00347077
7271.09	-0.00339736
7269.17	-0.00341196
7267.24	-0.00337711
7265.31	-0.00330494
7263.38	-0.00324749
7261.45	-0.00327636
7259.53	-0.00345953
7257.6	-0.00350262
7255.67	-0.00355142
7253.74	-0.0036224
7251.81	-0.00351705
7249.89	-0.00327071
7247.96	-0.00316099
7246.03	-0.00321717
7244.1	-0.00334634
7242.17	-0.00353361
7240.25	-0.00381196
7238.32	-0.00366269
7236.39	-0.0033463
7234.46	-0.00328577
7232.53	-0.00342695
7230.61	-0.00341673
7228.68	-0.0032291
7226.75	-0.00336876
7224.82	-0.0036135
7222.89	-0.00350301
7220.97	-0.00340831
7219.04	-0.0033655
7217.11	-0.00343747
7215.18	-0.00353828
7213.25	-0.0035459
7211.33	-0.00346068
7209.4	-0.0034496
7207.47	-0.00337323
7205.54	-0.00347373
7203.61	-0.00346482
7201.69	-0.00331158
7199.76	-0.00332533
7197.83	-0.00348464
7195.9	-0.00357187
7193.97	-0.00353562
7192.04	-0.0035554
7190.12	-0.00359211
7188.19	-0.00345847
7186.26	-0.00337146
7184.33	-0.0033876
7182.4	-0.00358537
7180.48	-0.00358754
7178.55	-0.00346794
7176.62	-0.00357223
7174.69	-0.0035343
7172.76	-0.00349249
7170.84	-0.00343195
7168.91	-0.00331487
7166.98	-0.00352691
7165.05	-0.00360726
7163.12	-0.00349871
7161.2	-0.00342932
7159.27	-0.00346446
7157.34	-0.00343602
7155.41	-0.00348457
7153.48	-0.00363663
7151.56	-0.00364403
7149.63	-0.00363749
7147.7	-0.00365188
7145.77	-0.00352911
7143.84	-0.00327577
7141.92	-0.00317474
7139.99	-0.00331582
7138.06	-0.00335426
7136.13	-0.00330879
7134.2	-0.00351524
7132.28	-0.00361593
7130.35	-0.00364179
7128.42	-0.00352484
7126.49	-0.00339424
7124.56	-0.00344832
7122.64	-0.00355169
7120.71	-0.0035182
7118.78	-0.00348
7116.85	-0.00347304
7114.92	-0.00352812
7113	-0.0036873
7111.07	-0.00345561
7109.14	-0.00331533
7107.21	-0.00344986
7105.28	-0.00354613
7103.36	-0.00363749
7101.43	-0.00351422
7099.5	-0.00325673
7097.57	-0.00327317
7095.64	-0.00335554
7093.71	-0.00334269
7091.79	-0.00352513
7089.86	-0.00373178
7087.93	-0.00342323
7086	-0.00324949
7084.08	-0.00340552
7082.15	-0.00359776
7080.22	-0.00347711
7078.29	-0.00335488
7076.36	-0.00329396
7074.43	-0.003322
7072.51	-0.00343517
7070.58	-0.00345345
7068.65	-0.00341936
7066.72	-0.00347747
7064.79	-0.00359165
7062.87	-0.00361547
7060.94	-0.00344102
7059.01	-0.00342448
7057.08	-0.00351826
7055.15	-0.00350719
7053.23	-0.00337218
7051.3	-0.00343089
7049.37	-0.00346889
7047.44	-0.00349634
7045.51	-0.00353562
7043.59	-0.00344503
7041.66	-0.00342084
7039.73	-0.00329889
7037.8	-0.00327232
7035.87	-0.00335821
7033.95	-0.00329481
7032.02	-0.00327011
7030.09	-0.00331928
7028.16	-0.00323874
7026.23	-0.00318835
7024.31	-0.00327113
7022.38	-0.00338954
7020.45	-0.00343836
7018.52	-0.0033536
7016.59	-0.00332332
7014.67	-0.00337004
7012.74	-0.00333105
7010.81	-0.0032365
7008.88	-0.00328695
7006.95	-0.00341728
7005.03	-0.00338931
7003.1	-0.00324088
7001.17	-0.00337399
6999.24	-0.0033054
6997.31	-0.0032661
6995.39	-0.00326275
6993.46	-0.00325094
6991.53	-0.00328192
6989.6	-0.00323841
6987.67	-0.00331707
6985.75	-0.00341689
6983.82	-0.00341913
6981.89	-0.003165
6979.96	-0.00314789
6978.03	-0.00333798
6976.1	-0.00334821
6974.18	-0.00328103
6972.25	-0.00316296
6970.32	-0.00317622
6968.39	-0.0033655
6966.46	-0.003392
6964.54	-0.00330277
6962.61	-0.00319105
6960.68	-0.0030926
6958.75	-0.00309894
6956.82	-0.00308486
6954.9	-0.0031349
6952.97	-0.00322664
6951.04	-0.00326193
6949.11	-0.00319148
6947.18	-0.00310694
6945.26	-0.00304996
6943.33	-0.003064
6941.4	-0.00301824
6939.47	-0.00308226
6937.54	-0.00307532
6935.62	-0.0029468
6933.69	-0.00292478
6931.76	-0.00313562
6929.83	-0.00328547
6927.9	-0.00306338
6925.98	-0.00281955
6924.05	-0.0030159
6922.12	-0.00304663
6920.19	-0.00300386
6918.26	-0.00313372
6916.34	-0.00319552
6914.41	-0.00311154
6912.48	-0.00291191
6910.55	-0.00278488
6908.62	-0.0028653
6906.7	-0.0030214
6904.77	-0.00294561
6902.84	-0.00291017
6900.91	-0.00303933
6898.98	-0.00305907
6897.06	-0.00299188
6895.13	-0.00294364
6893.2	-0.0028415
6891.27	-0.0027408
6889.34	-0.00281645
6887.42	-0.00289433
6885.49	-0.00286938
6883.56	-0.00298082
6881.63	-0.00288788
6879.7	-0.00273194
6877.78	-0.0026703
6875.85	-0.00272782
6873.92	-0.00276361
6871.99	-0.00261615
6870.06	-0.00269871
6868.14	-0.00274027
6866.21	-0.00267319
6864.28	-0.00263615
6862.35	-0.00258098
6860.42	-0.00255051
6858.5	-0.00266108
6856.57	-0.00263578
6854.64	-0.00258299
6852.71	-0.00271949
6850.78	-0.00276246
6848.85	-0.00248265
6846.93	-0.00245527
6845	-0.00255272
6843.07	-0.00260845
6841.14	-0.00255413
6839.21	-0.00237135
6837.29	-0.00226743
6835.36	-0.00228622
6833.43	-0.00250673
6831.5	-0.00260947
6829.57	-0.00256728
6827.65	-0.00248357
6825.72	-0.00232082
6823.79	-0.00228767
6821.86	-0.00233684
6819.93	-0.00241188
6818.01	-0.00234469
6816.08	-0.00227808
6814.15	-0.00225306
6812.22	-0.00218192
6810.29	-0.0021354
6808.37	-0.00226525
6806.44	-0.00224993
6804.51	-0.00206698
6802.58	-0.00207014
6800.65	-0.00228655
6798.73	-0.00224146
6796.8	-0.00214832
6794.87	-0.00200171
6792.94	-0.00192733
6791.01	-0.00204534
6789.09	-0.00202823
6787.16	-0.00190945
6785.23	-0.00196711
6783.3	-0.00208924
6781.37	-0.00201217
6779.45	-0.00193624
6777.52	-0.00193687
6775.59	-0.00179434
6773.66	-0.00165292
6771.73	-0.00172679
6769.81	-0.00183737
6767.88	-0.00181222
6765.95	-0.00176372
6764.02	-0.00181582
6762.09	-0.00178266
6760.17	-0.00164457
6758.24	-0.00152757
6756.31	-0.00148121
6754.38	-0.00164569
6752.45	-0.00166887
6750.53	-0.00155508
6748.6	-0.00144086
6746.67	-0.00144575
6744.74	-0.00152259
6742.81	-0.001497
6740.88	-0.00142058
6738.96	-0.00150056
6737.03	-0.00157967
6735.1	-0.00157102
6733.17	-0.00159228
6731.25	-0.00171791
6729.32	-0.0017191
6727.39	-0.00157386
6725.46	-0.00141639
6723.53	-0.00143492
6721.6	-0.00153051
6719.68	-0.0015036
6717.75	-0.00142775
6715.82	-0.00141778
6713.89	-0.00146929
6711.96	-0.00142894
6710.04	-0.00141665
6708.11	-0.00139142
6706.18	-0.00139462
6704.25	-0.00125351
6702.32	-0.00131584
6700.4	-0.00162255
6698.47	-0.001514
6696.54	-0.00131251
6694.61	-0.00122853
6692.68	-0.00137824
6690.76	-0.00151021
6688.83	-0.00136325
6686.9	-0.00119539
6684.97	-0.00124835
6683.04	-0.00118144
6681.12	-0.00116257
6679.19	-0.00125453
6677.26	-0.00130554
6675.33	-0.00136325
6673.4	-0.00136173
6671.48	-0.00125721
6669.55	-0.00122489
6667.62	-0.00134957
6665.69	-0.00126352
6663.76	-0.0011483
6661.84	-0.00122489
6659.91	-0.00121934
6657.98	-0.00124875
6656.05	-0.00127339
6654.12	-0.00131195
6652.2	-0.00139776
6650.27	-0.00138333
6648.34	-0.00133309
6646.41	-0.00129731
6644.48	-0.00135859
6642.56	-0.00139822
6640.63	-0.00126626
6638.7	-0.00122754
6636.77	-0.00134333
6634.84	-0.00137884
6632.92	-0.00141896
6630.99	-0.00135406
6629.06	-0.00126418
6627.13	-0.00138181
6625.2	-0.00141986
6623.27	-0.0014005
6621.35	-0.00140526
6619.42	-0.00142471
6617.49	-0.00142141
6615.56	-0.00138508
6613.63	-0.00128717
6611.71	-0.00131096
6609.78	-0.00131208
6607.85	-0.00139941
6605.92	-0.00143977
6603.99	-0.00141804
6602.07	-0.00138802
6600.14	-0.00139581
6598.21	-0.00130048
6596.28	-0.00123718
6594.35	-0.00132701
6592.43	-0.00146133
6590.5	-0.00132767
6588.57	-0.00115824
6586.64	-0.00125413
6584.71	-0.001332
6582.79	-0.00124333
6580.86	-0.00117328
6578.93	-0.00116753
6577	-0.00128948
6575.07	-0.00136143
6573.15	-0.0012616
6571.22	-0.00121838
6569.29	-0.00120589
6567.36	-0.0012612
6565.43	-0.0013426
6563.51	-0.00134429
6561.58	-0.0012616
6559.65	-0.00130124
6557.72	-0.0012837
6555.79	-0.00125856
6553.87	-0.00135116
6551.94	-0.00142527
6550.01	-0.00143039
6548.08	-0.00149644
6546.15	-0.00150964
6544.23	-0.00145123
6542.3	-0.00144997
6540.37	-0.00147877
6538.44	-0.00151886
6536.51	-0.00152747
6534.59	-0.00144426
6532.66	-0.00145116
6530.73	-0.00149224
6528.8	-0.00149452
6526.87	-0.0015145
6524.95	-0.00157762
6523.02	-0.00165513
6521.09	-0.00173375
6519.16	-0.00172956
6517.23	-0.0016142
6515.31	-0.00160846
6513.38	-0.00165292
6511.45	-0.00180325
6509.52	-0.00192852
6507.59	-0.00180922
6505.67	-0.0017126
6503.74	-0.0017487
6501.81	-0.0016818
6499.88	-0.00161255
6497.95	-0.00169887
6496.02	-0.00176101
6494.1	-0.0017485
6492.17	-0.00171966
6490.24	-0.00172864
6488.31	-0.00175431
6486.38	-0.00168837
6484.46	-0.00172771
6482.53	-0.00173715
6480.6	-0.00181048
6478.67	-0.00184241
6476.74	-0.00180417
6474.82	-0.0017686
6472.89	-0.00171524
6470.96	-0.00176319
6469.03	-0.00194465
6467.1	-0.00200854
6465.18	-0.00180011
6463.25	-0.00171973
6461.32	-0.00200557
6459.39	-0.0021538
6457.46	-0.00208746
6455.54	-0.0021289
6453.61	-0.00213655
6451.68	-0.00213144
6449.75	-0.00214325
6447.82	-0.0019872
6445.9	-0.00197269
6443.97	-0.00214117
6442.04	-0.00209639
6440.11	-0.0019749
6438.18	-0.00184594
6436.26	-0.00188224
6434.33	-0.00203951
6432.4	-0.00215363
6430.47	-0.00221808
6428.54	-0.00210948
6426.62	-0.00202216
6424.69	-0.00204498
6422.76	-0.00211733
6420.83	-0.00206586
6418.9	-0.0020306
6416.98	-0.0021865
6415.05	-0.00234498
6413.12	-0.00232748
6411.19	-0.00218426
6409.26	-0.00217658
6407.34	-0.00226202
6405.41	-0.00236858
6403.48	-0.00238977
6401.55	-0.00237023
6399.62	-0.00233921
6397.7	-0.00228055
6395.77	-0.00227607
6393.84	-0.00231759
6391.91	-0.00239586
6389.98	-0.00241402
6388.06	-0.00239761
6386.13	-0.0024185
6384.2	-0.00239688
6382.27	-0.00238729
6380.34	-0.00238977
6378.42	-0.00242354
6376.49	-0.00245903
6374.56	-0.00231338
6372.63	-0.00224465
6370.7	-0.00242911
6368.77	-0.00249573
6366.85	-0.00241026
6364.92	-0.00241992
6362.99	-0.00242562
6361.06	-0.00243534
6359.13	-0.00242848
6357.21	-0.002401
6355.28	-0.00237876
6353.35	-0.00247622
6351.42	-0.00250581
6349.49	-0.00249919
6347.57	-0.00239632
6345.64	-0.00249563
6343.71	-0.00261401
6341.78	-0.00265054
6339.85	-0.00269381
6337.93	-0.00274017
6336	-0.00265475
6334.07	-0.00248331
6332.14	-0.00246025
6330.21	-0.0025489
6328.29	-0.00259485
6326.36	-0.00261457
6324.43	-0.00257824
6322.5	-0.00260371
6320.57	-0.00257874
6318.65	-0.00257696
6316.72	-0.00267066
6314.79	-0.00271538
6312.86	-0.00272325
6310.93	-0.00265531
6309.01	-0.00262995
6307.08	-0.00266562
6305.15	-0.00260598
6303.22	-0.00268456
6301.29	-0.00270023
6299.37	-0.00266098
6297.44	-0.00273569
6295.51	-0.00279285
6293.58	-0.00267497
6291.65	-0.00259913
6289.73	-0.00255743
6287.8	-0.00265347
6285.87	-0.00277329
6283.94	-0.00278692
6282.01	-0.002807
6280.08	-0.00289792
6278.16	-0.00290009
6276.23	-0.00272068
6274.3	-0.00265742
6272.37	-0.00270184
6270.45	-0.00284377
6268.52	-0.00293396
6266.59	-0.00291454
6264.66	-0.00287403
6262.73	-0.002821
6260.8	-0.00288281
6258.88	-0.00295598
6256.95	-0.00294755
6255.02	-0.00295311
6253.09	-0.00296374
6251.17	-0.00296687
6249.24	-0.00289858
6247.31	-0.00275433
6245.38	-0.00282432
6243.45	-0.0029332
6241.52	-0.00290138
6239.6	-0.00285694
6237.67	-0.0029076
6235.74	-0.00281076
6233.81	-0.0028072
6231.88	-0.00288749
6229.96	-0.00278337
6228.03	-0.00274857
6226.1	-0.00283558
6224.17	-0.00299649
6222.24	-0.00311306
6220.32	-0.00300142
6218.39	-0.00289048
6216.46	-0.0029182
6214.53	-0.00299968
6212.6	-0.00306519
6210.68	-0.00308246
6208.75	-0.00303897
6206.82	-0.0029181
6204.89	-0.00286501
6202.96	-0.00289789
6201.04	-0.00301764
6199.11	-0.00300814
6197.18	-0.00283857
6195.25	-0.00283403
6193.32	-0.0029907
6191.4	-0.00305617
6189.47	-0.00294242
6187.54	-0.00290697
6185.61	-0.00295423
6183.68	-0.00303314
6181.76	-0.00297306
6179.83	-0.00291866
6177.9	-0.00294548
6175.97	-0.00293814
6174.04	-0.00285437
6172.12	-0.00281352
6170.19	-0.00279239
6168.26	-0.00280272
6166.33	-0.00291856
6164.4	-0.00301064
6162.48	-0.00294548
6160.55	-0.00290832
6158.62	-0.0029855
6156.69	-0.0029383
6154.76	-0.00288248
6152.83	-0.00285958
6150.91	-0.00297852
6148.98	-0.00304584
6147.05	-0.00294538
6145.12	-0.00292405
6143.19	-0.0029591
6141.27	-0.00295002
6139.34	-0.00294726
6137.41	-0.00296246
6135.48	-0.00290733
6133.55	-0.00292892
6131.63	-0.00305631
6129.7	-0.00305752
6127.77	-0.00295009
6125.84	-0.00300129
6123.91	-0.00298155
6121.99	-0.00288025
6120.06	-0.00286991
6118.13	-0.00281843
6116.2	-0.00288156
6114.27	-0.00298309
6112.35	-0.00296328
6110.42	-0.00300534
6108.49	-0.00299665
6106.56	-0.00302919
6104.63	-0.00303058
6102.71	-0.00297826
6100.78	-0.00302551
6098.85	-0.00308667
6096.92	-0.00314632
6094.99	-0.00315102
6093.07	-0.00310615
6091.14	-0.00308842
6089.21	-0.00311747
6087.28	-0.00311701
6085.35	-0.00307937
6083.43	-0.00305654
6081.5	-0.00301613
6079.57	-0.00306298
6077.64	-0.0031375
6075.71	-0.0031751
6073.79	-0.00318572
6071.86	-0.00314405
6069.93	-0.00299099
6068	-0.00286013
6066.07	-0.00286389
6064.15	-0.00306549
6062.22	-0.00317684
6060.29	-0.0031699
6058.36	-0.00320519
6056.43	-0.00310789
6054.51	-0.00306756
6052.58	-0.00310339
6050.65	-0.00313138
6048.72	-0.00307605
6046.79	-0.00302834
6044.87	-0.00307957
6042.94	-0.00310687
6041.01	-0.00310309
6039.08	-0.00316536
6037.15	-0.00319743
6035.23	-0.00316487
6033.3	-0.00311016
6031.37	-0.00326245
6029.44	-0.00337152
6027.51	-0.00327478
6025.58	-0.00321953
6023.66	-0.00318026
6021.73	-0.00324098
6019.8	-0.00328281
6017.87	-0.00324828
6015.94	-0.00319871
6014.02	-0.00316207
6012.09	-0.00316059
6010.16	-0.0031925
6008.23	-0.00327705
6006.3	-0.00331727
6004.38	-0.00331674
6002.45	-0.00340512
6000.52	-0.00342366
5998.59	-0.00341032
5996.66	-0.00336442
5994.74	-0.00328172
5992.81	-0.00328501
5990.88	-0.00336205
5988.95	-0.00341426
5987.02	-0.00337662
5985.1	-0.00335561
5983.17	-0.00336823
5981.24	-0.0033226
5979.31	-0.00336018
5977.38	-0.00345479
5975.46	-0.00341186
5973.53	-0.00333154
5971.6	-0.00334798
5969.67	-0.00344842
5967.74	-0.00346232
5965.82	-0.00349131
5963.89	-0.00355356
5961.96	-0.00345397
5960.03	-0.00331181
5958.1	-0.00328268
5956.18	-0.0033973
5954.25	-0.0034875
5952.32	-0.00354768
5950.39	-0.0034877
5948.46	-0.00334897
5946.54	-0.00326446
5944.61	-0.00330629
5942.68	-0.00349269
5940.75	-0.00354528
5938.82	-0.00358593
5936.9	-0.00349397
5934.97	-0.00332944
5933.04	-0.00336393
5931.11	-0.00344036
5929.18	-0.00351471
5927.25	-0.00363098
5925.33	-0.00359612
5923.4	-0.00350357
5921.47	-0.00345982
5919.54	-0.00348576
5917.62	-0.00357078
5915.69	-0.00355343
5913.76	-0.0033801
5911.83	-0.00337938
5909.9	-0.00349404
5907.97	-0.00357952
5906.05	-0.00370901
5904.12	-0.00374416
5902.19	-0.00358008
5900.26	-0.00348175
5898.33	-0.00352431
5896.41	-0.00354784
5894.48	-0.0036069
5892.55	-0.00354666
5890.62	-0.00356082
5888.69	-0.00355708
5886.77	-0.00355297
5884.84	-0.00366657
5882.91	-0.00372554
5880.98	-0.00373473
5879.05	-0.00368082
5877.13	-0.00372429
5875.2	-0.00380677
5873.27	-0.00373795
5871.34	-0.00359825
5869.41	-0.0035998
5867.49	-0.00369167
5865.56	-0.00369699
5863.63	-0.00363144
5861.7	-0.00355106
5859.77	-0.00353151
5857.85	-0.00356444
5855.92	-0.00370254
5853.99	-0.00371578
5852.06	-0.00364458
5850.13	-0.00353641
5848.21	-0.00354603
5846.28	-0.00362691
5844.35	-0.00364251
5842.42	-0.00359323
5840.49	-0.00366686
5838.57	-0.00366183
5836.64	-0.00361951
5834.71	-0.00371332
5832.78	-0.00374042
5830.85	-0.00375619
5828.93	-0.00372984
5827	-0.00367816
5825.07	-0.00364521
5823.14	-0.00366164
5821.21	-0.00377182
5819.29	-0.00376351
5817.36	-0.00371998
5815.43	-0.00381104
5813.5	-0.0038604
5811.57	-0.00380582
5809.65	-0.00374236
5807.72	-0.00378995
5805.79	-0.0037576
5803.86	-0.00373477
5801.93	-0.00372744
5800	-0.00368191
5798.08	-0.00370865
5796.15	-0.00365602
5794.22	-0.00365536
5792.29	-0.00376686
5790.36	-0.0037303
5788.44	-0.0035953
5786.51	-0.0035534
5784.58	-0.00370155
5782.65	-0.00378943
5780.72	-0.00370027
5778.8	-0.00364679
5776.87	-0.0036777
5774.94	-0.00369268
5773.01	-0.00368648
5771.08	-0.00376006
5769.16	-0.00381278
5767.23	-0.00382868
5765.3	-0.00380155
5763.37	-0.00386168
5761.44	-0.00387551
5759.52	-0.00386247
5757.59	-0.0038249
5755.66	-0.00375267
5753.73	-0.00383183
5751.8	-0.00381551
5749.88	-0.00374232
5747.95	-0.00385088
5746.02	-0.00390336
5744.09	-0.00379984
5742.16	-0.00368822
5740.24	-0.003634
5738.31	-0.00364048
5736.38	-0.00376325
5734.45	-0.00371394
5732.52	-0.00367754
5730.6	-0.00380503
5728.67	-0.0037977
5726.74	-0.00375247
5724.81	-0.00384727
5722.88	-0.00382927
5720.96	-0.003721
5719.03	-0.00377629
5717.1	-0.00383502
5715.17	-0.00379235
5713.24	-0.00374955
5711.32	-0.00379107
5709.39	-0.00378332
5707.46	-0.0038072
5705.53	-0.00384782
5703.6	-0.00379114
5701.68	-0.00377481
5699.75	-0.00388257
5697.82	-0.0038497
5695.89	-0.00378128
5693.96	-0.00378191
5692.03	-0.0037731
5690.11	-0.00374344
5688.18	-0.00367208
5686.25	-0.00362066
5684.32	-0.00358291
5682.4	-0.00375063
5680.47	-0.00388395
5678.54	-0.00382529
5676.61	-0.00367609
5674.68	-0.00372626
5672.75	-0.00379504
5670.83	-0.00381225
5668.9	-0.00380358
5666.97	-0.00383915
5665.04	-0.00385354
5663.11	-0.0038425
5661.19	-0.00374801
5659.26	-0.00374032
5657.33	-0.00383357
5655.4	-0.00377573
5653.47	-0.00374544
5651.55	-0.00378148
5649.62	-0.00383101
5647.69	-0.00379688
5645.76	-0.00381022
5643.83	-0.00385071
5641.91	-0.00382135
5639.98	-0.0038185
5638.05	-0.00380099
5636.12	-0.00384516
5634.19	-0.0039425
5632.27	-0.0039183
5630.34	-0.00383643
5628.41	-0.00371161
5626.48	-0.0035554
5624.55	-0.00361675
5622.63	-0.00372465
5620.7	-0.0038294
5618.77	-0.00391997
5616.84	-0.00388595
5614.91	-0.00391649
5612.99	-0.00395113
5611.06	-0.00388733
5609.13	-0.00378082
5607.2	-0.00377511
5605.27	-0.00381787
5603.35	-0.00378122
5601.42	-0.00371075
5599.49	-0.00375757
5597.56	-0.00379764
5595.63	-0.00383176
5593.71	-0.003843
5591.78	-0.00380969
5589.85	-0.00380299
5587.92	-0.00379107
5585.99	-0.00371394
5584.07	-0.00375658
5582.14	-0.00385199
5580.21	-0.00385718
5578.28	-0.00390401
5576.35	-0.0038762
5574.43	-0.00393619
5572.5	-0.00400806
5570.57	-0.00389304
5568.64	-0.00385081
5566.71	-0.00390881
5564.79	-0.00393636
5562.86	-0.00396436
5560.93	-0.00385117
5559	-0.00378496
5557.07	-0.00380493
5555.14	-0.00383068
5553.22	-0.00388996
5551.29	-0.00393593
5549.36	-0.00397881
5547.43	-0.00394506
5545.5	-0.00389905
5543.58	-0.00401364
5541.65	-0.00401374
5539.72	-0.00391794
5537.79	-0.00386395
5535.86	-0.00389098
5533.94	-0.00391301
5532.01	-0.00392214
5530.08	-0.00385768
5528.15	-0.00383091
5526.22	-0.00393905
5524.3	-0.0039797
5522.37	-0.00389239
5520.44	-0.00386914
5518.51	-0.00391665
5516.58	-0.00401207
5514.66	-0.00404069
5512.73	-0.00400606
5510.8	-0.00396811
5508.87	-0.0040057
5506.94	-0.00402592
5505.02	-0.0039661
5503.09	-0.00389426
5501.16	-0.00392864
5499.23	-0.00404975
5497.3	-0.00408465
5495.38	-0.00406581
5493.45	-0.00406997
5491.52	-0.00410382
5489.59	-0.00416191
5487.66	-0.00418787
5485.74	-0.00406535
5483.81	-0.00397073
5481.88	-0.00398836
5479.95	-0.0039422
5478.02	-0.00392414
5476.1	-0.0040119
5474.17	-0.00402284
5472.24	-0.004023
5470.31	-0.00402513
5468.38	-0.00396548
5466.46	-0.00395087
5464.53	-0.00391642
5462.6	-0.00395701
5460.67	-0.00398715
5458.74	-0.00392408
5456.82	-0.00391478
5454.89	-0.00392828
5452.96	-0.00397185
5451.03	-0.00403039
5449.1	-0.00399703
5447.17	-0.00396492
5445.25	-0.0039705
5443.32	-0.00404243
5441.39	-0.00407125
5439.46	-0.00409653
5437.54	-0.00414583
5435.61	-0.00418422
5433.68	-0.0041176
5431.75	-0.00417428
5429.82	-0.00421441
5427.89	-0.00413519
5425.97	-0.00410664
5424.04	-0.00412587
5422.11	-0.00409285
5420.18	-0.00406295
5418.25	-0.00406889
5416.33	-0.00408186
5414.4	-0.00412174
5412.47	-0.00417884
5410.54	-0.00412295
5408.61	-0.00407638
5406.69	-0.00409633
5404.76	-0.00412863
5402.83	-0.00405796
5400.9	-0.00399372
5398.97	-0.00398446
5397.05	-0.00402231
5395.12	-0.00410332
5393.19	-0.00415521
5391.26	-0.0041923
5389.33	-0.00417362
5387.41	-0.00413089
5385.48	-0.00410772
5383.55	-0.00404243
5381.62	-0.00396075
5379.69	-0.00399109
5377.77	-0.0040706
5375.84	-0.00411458
5373.91	-0.00414858
5371.98	-0.00417425
5370.05	-0.00413122
5368.13	-0.00404444
5366.2	-0.00403813
5364.27	-0.00401748
5362.34	-0.00409377
5360.41	-0.00420874
5358.49	-0.00413762
5356.56	-0.00406758
5354.63	-0.00411301
5352.7	-0.0040053
5350.77	-0.00398728
5348.85	-0.00406403
5346.92	-0.00406305
5344.99	-0.00407119
5343.06	-0.00401072
5341.13	-0.00401128
5339.21	-0.00411386
5337.28	-0.00422544
5335.35	-0.00420929
5333.42	-0.00411399
5331.49	-0.00415623
5329.56	-0.00409121
5327.64	-0.00405478
5325.71	-0.00402677
5323.78	-0.00399457
5321.85	-0.00406295
5319.92	-0.00409623
5318	-0.00402911
5316.07	-0.00403416
5314.14	-0.00404243
5312.21	-0.0040449
5310.28	-0.00402277
5308.36	-0.00394785
5306.43	-0.00392808
5304.5	-0.00393429
5302.57	-0.00387298
5300.64	-0.00394942
5298.72	-0.00398016
5296.79	-0.00393859
5294.86	-0.0039753
5292.93	-0.0040596
5291	-0.00395727
5289.08	-0.003876
5287.15	-0.0038742
5285.22	-0.00382983
5283.29	-0.00382556
5281.36	-0.00384733
5279.44	-0.00375576
5277.51	-0.00368868
5275.58	-0.00372192
5273.65	-0.00372189
5271.72	-0.0037054
5269.8	-0.00367087
5267.87	-0.0036088
5265.94	-0.00355014
5264.01	-0.00354364
5262.08	-0.00358291
5260.16	-0.00352572
5258.23	-0.00346212
5256.3	-0.00341071
5254.37	-0.003395
5252.44	-0.0033779
5250.52	-0.00328162
5248.59	-0.00323433
5246.66	-0.0033635
5244.73	-0.00339118
5242.8	-0.00329642
5240.88	-0.00321661
5238.95	-0.00314385
5237.02	-0.00303867
5235.09	-0.00296065
5233.16	-0.00288163
5231.24	-0.00294709
5229.31	-0.00301577
5227.38	-0.00290549
5225.45	-0.00275811
5223.52	-0.00273019
5221.6	-0.00271646
5219.67	-0.0027026
5217.74	-0.00261461
5215.81	-0.00255934
5213.88	-0.00254432
5211.96	-0.00250937
5210.03	-0.00240641
5208.1	-0.00239471
5206.17	-0.00231193
5204.24	-0.00219108
5202.31	-0.002099
5200.39	-0.00200422
5198.46	-0.00205029
5196.53	-0.00211054
5194.6	-0.00208007
5192.67	-0.00200689
5190.75	-0.00179916
5188.82	-0.00162744
5186.89	-0.00168273
5184.96	-0.00170903
5183.03	-0.00162199
5181.11	-0.00154966
5179.18	-0.00149766
5177.25	-0.00139132
5175.32	-0.0012316
5173.39	-0.00120705
5171.47	-0.00115236
5169.54	-0.00103791
5167.61	-0.000939625
5165.68	-0.00083702
5163.75	-0.000786387
5161.83	-0.000787776
5159.9	-0.000722847
5157.97	-0.000701973
5156.04	-0.00065096
5154.11	-0.000602985
5152.19	-0.000600437
5150.26	-0.00058697
5148.33	-0.000522077
5146.4	-0.000359455
5144.47	-0.000196474
5142.55	-0.000151032
5140.62	-0.000198361
5138.69	-0.00011708
5136.76	5.73257e-05
5134.83	8.30418e-05
5132.91	1.93507e-05
5130.98	9.66959e-05
5129.05	0.000182905
5127.12	0.000323111
5125.19	0.00054772
5123.27	0.000595396
5121.34	0.000570578
5119.41	0.000546459
5117.48	0.000579271
5115.55	0.000614839
5113.62	0.000604819
5111.7	0.000623566
5109.77	0.000699426
5107.84	0.000797307
5105.91	0.000842156
5103.99	0.000813905
5102.06	0.000788411
5100.13	0.000784261
5098.2	0.000846239
5096.27	0.000845675
5094.34	0.000795182
5092.42	0.000859851
5090.49	0.000917057
5088.56	0.00110002
5086.63	0.00116224
5084.71	0.00111041
5082.78	0.00106693
5080.85	0.00107952
5078.92	0.00112746
5076.99	0.00121154
5075.06	0.00131276
5073.14	0.00136189
5071.21	0.00135022
5069.28	0.00136441
5067.35	0.0013559
5065.42	0.00140872
5063.5	0.00149898
5061.57	0.00154567
5059.64	0.00156459
5057.71	0.00158584
5055.78	0.00168119
5053.86	0.0017925
5051.93	0.0018462
5050	0.00195023
5048.07	0.00215008
5046.14	0.00220066
5044.22	0.00214605
5042.29	0.00224512
5040.36	0.00238406
5038.43	0.00246117
5036.5	0.00257941
5034.58	0.00278261
5032.65	0.00289734
5030.72	0.00298801
5028.79	0.00321768
5026.86	0.00361806
5024.94	0.00380172
5023.01	0.0039299
5021.08	0.00410072
5019.15	0.0041153
5017.22	0.00404182
5015.3	0.00392284
5013.37	0.00380965
5011.44	0.00354122
5009.51	0.00319948
5007.58	0.00312052
5005.66	0.00301761
5003.73	0.00276024
5001.8	0.00252732
4999.87	0.00239293
4997.94	0.00220926
4996.02	0.00202739
4994.09	0.00195812
4992.16	0.00180574
4990.23	0.00166862
4988.3	0.0016325
4986.38	0.0016013
4984.45	0.00158654
4982.52	0.00157476
4980.59	0.00145676
4978.66	0.00134986
4976.73	0.00139224
4974.81	0.0014058
4972.88	0.00129472
4970.95	0.00115656
4969.02	0.00116583
4967.09	0.00122241
4965.17	0.00122105
4963.24	0.00119952
4961.31	0.00116799
4959.38	0.00110032
4957.45	0.00111596
4955.53	0.00109048
4953.6	0.00106089
4951.67	0.0010492
4949.74	0.000958332
4947.81	0.000911911
4945.89	0.000850854
4943.96	0.00082798
4942.03	0.000867387
4940.1	0.00093874
4938.17	0.000936051
4936.25	0.00085673
4934.32	0.000744796
4932.39	0.000655654
4930.46	0.000623102
4928.53	0.000644936
4926.61	0.000650378
4924.68	0.000638133
4922.75	0.000643807
4920.82	0.000494641
4918.89	0.000386614
4916.97	0.000411919
4915.04	0.000308422
4913.11	0.000230873
4911.18	0.000294595
4909.25	0.000200043
4907.33	9.95461e-05
4905.4	2.56796e-05
4903.47	3.44608e-05
4901.54	3.72111e-05
4899.61	7.61156e-05
4897.69	8.05895e-05
4895.76	6.82567e-06
4893.83	6.30255e-05
4891.9	-2.14372e-05
4889.97	-0.000138611
4888.05	-0.000257839
4886.12	-0.000266647
4884.19	-0.000254428
4882.26	-0.000232506
4880.33	-0.000261514
4878.41	-0.000398685
4876.48	-0.000477795
4874.55	-0.000528067
4872.62	-0.000532568
4870.69	-0.000551861
4868.77	-0.000611985
4866.84	-0.000539286
4864.91	-0.000528365
4862.98	-0.000597724
4861.05	-0.000710806
4859.12	-0.000812382
4857.2	-0.00082657
4855.27	-0.000830704
4853.34	-0.00094918
4851.41	-0.00108874
4849.48	-0.00115924
4847.56	-0.00117896
4845.63	-0.00118293
4843.7	-0.00119466
4841.77	-0.00121468
4839.84	-0.00123652
4837.92	-0.00124683
4835.99	-0.00133087
4834.06	-0.00132869
4832.13	-0.00128281
4830.2	-0.00135892
4828.28	-0.00149667
4826.35	-0.00157614
4824.42	-0.00163523
4822.49	-0.00163995
4820.56	-0.00164622
4818.64	-0.00168956
4816.71	-0.0016523
4814.78	-0.00171765
4812.85	-0.00176959
4810.92	-0.00194026
4809	-0.0020774
4807.07	-0.00203839
4805.14	-0.00204844
4803.21	-0.00206566
4801.28	-0.00207862
4799.36	-0.00216745
4797.43	-0.00221021
4795.5	-0.0022223
4793.57	-0.00222952
4791.64	-0.00226453
4789.72	-0.00233674
4787.79	-0.00240466
4785.86	-0.00247873
4783.93	-0.00259445
4782	-0.00270892
4780.08	-0.00270695
4778.15	-0.00271748
4776.22	-0.00281184
4774.29	-0.00278745
4772.36	-0.0027186
4770.44	-0.0027837
4768.51	-0.00302432
4766.58	-0.00314549
4764.65	-0.0031501
4762.72	-0.00320069
4760.79	-0.00319194
4758.87	-0.00319641
4756.94	-0.00315227
4755.01	-0.00307562
4753.08	-0.00320082
4751.16	-0.00336182
4749.23	-0.00332861
4747.3	-0.00330089
4745.37	-0.0033589
4743.44	-0.00350229
4741.51	-0.00357137
4739.59	-0.00353634
4737.66	-0.00349897
4735.73	-0.00360144
4733.8	-0.00369321
4731.88	-0.00377041
4729.95	-0.00378105
4728.02	-0.0037414
4726.09	-0.00381232
4724.16	-0.00381048
4722.23	-0.00373943
4720.31	-0.00385856
4718.38	-0.00395839
4716.45	-0.00398899
4714.52	-0.00394223
4712.59	-0.00394808
4710.67	-0.00407414
4708.74	-0.00404355
4706.81	-0.00400478
4704.88	-0.00399995
4702.95	-0.00411058
4701.03	-0.00424581
4699.1	-0.00435703
4697.17	-0.00445622
4695.24	-0.00438036
4693.31	-0.00434542
4691.39	-0.00435011
4689.46	-0.00440522
4687.53	-0.00447662
4685.6	-0.00439922
4683.67	-0.00436812
4681.75	-0.00443365
4679.82	-0.00445832
4677.89	-0.00452984
4675.96	-0.00455761
4674.03	-0.00455059
4672.11	-0.00460653
4670.18	-0.00462767
4668.25	-0.00461154
4666.32	-0.00464541
4664.39	-0.00470215
4662.47	-0.00464538
4660.54	-0.00468399
4658.61	-0.00480784
4656.68	-0.00482036
4654.75	-0.00471851
4652.83	-0.00467527
4650.9	-0.00469192
4648.97	-0.00479533
4647.04	-0.00487642
4645.11	-0.00497074
4643.19	-0.0049274
4641.26	-0.0049122
4639.33	-0.00497176
4637.4	-0.00497903
4635.47	-0.00482646
4633.54	-0.00473345
4631.62	-0.00480994
4629.69	-0.0049144
4627.76	-0.00499603
4625.83	-0.00507863
4623.9	-0.00513256
4621.98	-0.00515359
4620.05	-0.00503831
4618.12	-0.00502079
4616.19	-0.00500114
4614.26	-0.00499357
4612.34	-0.00502112
4610.41	-0.00498247
4608.48	-0.00501021
4606.55	-0.00506537
4604.62	-0.0050859
4602.7	-0.0051119
4600.77	-0.00515349
4598.84	-0.00513374
4596.91	-0.00515385
4594.98	-0.00514196
4593.06	-0.00514095
4591.13	-0.00517087
4589.2	-0.00514255
4587.27	-0.00511308
4585.34	-0.00501388
4583.42	-0.00501119
4581.49	-0.00509209
4579.56	-0.00509782
4577.63	-0.00514239
4575.7	-0.00513859
4573.78	-0.0050071
4571.85	-0.00496809
4569.92	-0.00506081
4567.99	-0.00495633
4566.06	-0.00484222
4564.14	-0.00480381
4562.21	-0.00479981
4560.28	-0.00478431
4558.35	-0.00473217
4556.42	-0.00458974
4554.5	-0.00453046
4552.57	-0.0045782
4550.64	-0.00455571
4548.71	-0.00456935
4546.78	-0.00453338
4544.86	-0.00441794
4542.93	-0.00430513
4541	-0.00421855
4539.07	-0.00415633
4537.14	-0.0040053
4535.22	-0.00394404
4533.29	-0.0040811
4531.36	-0.00410582
4529.43	-0.00414356
4527.5	-0.00414445
4525.58	-0.00404765
4523.65	-0.00405382
4521.72	-0.00409571
4519.79	-0.00411822
4517.86	-0.00419509
4515.94	-0.00422193
4514.01	-0.00424349
4512.08	-0.0043364
4510.15	-0.00445638
4508.22	-0.0045863
4506.29	-0.00464413
4504.37	-0.0046656
4502.44	-0.00480417
4500.51	-0.00491977
4498.58	-0.0051081
4496.65	-0.0051637
4494.73	-0.00509143
4492.8	-0.00501761
4490.87	-0.005088
4488.94	-0.00525714
4487.01	-0.00536234
4485.09	-0.00544156
4483.16	-0.00538017
4481.23	-0.00535334
4479.3	-0.00547242
4477.37	-0.00539398
4475.45	-0.00530856
4473.52	-0.00537998
4471.59	-0.00553985
4469.66	-0.00556442
4467.73	-0.00542884
4465.81	-0.00533419
4463.88	-0.00537926
4461.95	-0.0054237
4460.02	-0.00540498
4458.09	-0.00540236
4456.17	-0.00550236
4454.24	-0.00553985
4452.31	-0.00550206
4450.38	-0.00557459
4448.45	-0.00563644
4446.53	-0.00555722
4444.6	-0.00546951
4442.67	-0.00547255
4440.74	-0.00556886
4438.81	-0.00560746
4436.89	-0.00556795
4434.96	-0.00546519
4433.03	-0.00543028
4431.1	-0.00547844
4429.17	-0.00552153
4427.25	-0.00546624
4425.32	-0.00543633
4423.39	-0.00545999
4421.46	-0.00541928
4419.53	-0.00538944
4417.61	-0.00540953
4415.68	-0.0054928
4413.75	-0.00552768
4411.82	-0.00553314
4409.89	-0.00549097
4407.96	-0.00552114
4406.04	-0.00561276
4404.11	-0.00567206
4402.18	-0.0056301
4400.25	-0.00550223
4398.33	-0.00545315
4396.4	-0.0054808
4394.47	-0.00546025
4392.54	-0.00552751
4390.61	-0.00560949
4388.68	-0.00553906
4386.76	-0.00549064
4384.83	-0.0055792
4382.9	-0.0056158
4380.97	-0.00555398
4379.04	-0.00548544
4377.12	-0.00550605
4375.19	-0.00560903
4373.26	-0.00554214
4371.33	-0.00550514
4369.4	-0.00556586
4367.48	-0.00554453
4365.55	-0.0055651
4363.62	-0.00560812
4361.69	-0.00560419
4359.76	-0.00562055
4357.84	-0.00556451
4355.91	-0.0055757
4353.98	-0.00556651
4352.05	-0.0054628
4350.12	-0.00541915
4348.2	-0.00545707
4346.27	-0.00543155
4344.34	-0.0054555
4342.41	-0.0055158
4340.48	-0.00548181
4338.56	-0.00542144
4336.63	-0.00539824
4334.7	-0.00546581
4332.77	-0.00550533
4330.84	-0.00547124
4328.92	-0.00545354
4326.99	-0.00542206
4325.06	-0.00543872
4323.13	-0.00545665
4321.2	-0.00544533
4319.28	-0.00545302
4317.35	-0.00542684
4315.42	-0.00542278
4313.49	-0.00551286
4311.56	-0.00550713
4309.64	-0.005463
4307.71	-0.00547661
4305.78	-0.00542154
4303.85	-0.00546156
4301.92	-0.00549382
4300	-0.0054612
4298.07	-0.00546889
4296.14	-0.00545698
4294.21	-0.00535007
4292.28	-0.00528997
4290.35	-0.00538057
4288.43	-0.00540953
4286.5	-0.00540482
4284.57	-0.00537409
4282.64	-0.00531642
4280.71	-0.00536784
4278.79	-0.00530581
4276.86	-0.00526788
4274.93	-0.00534437
4273	-0.00543119
4271.07	-0.00533534
4269.15	-0.00526274
4267.22	-0.00528745
4265.29	-0.00523364
4263.36	-0.00526955
4261.43	-0.00535101
4259.51	-0.00524954
4257.58	-0.00515133
4255.65	-0.00531753
4253.72	-0.00543126
4251.79	-0.00537144
4249.87	-0.00527744
4247.94	-0.00526045
4246.01	-0.00534237
4244.08	-0.00527865
4242.15	-0.00519969
4240.23	-0.0052409
4238.3	-0.00523616
4236.37	-0.00523923
4234.44	-0.00515738
4232.51	-0.00512945
4230.59	-0.00513384
4228.66	-0.00503949
4226.73	-0.00498977
4224.8	-0.00498872
4222.87	-0.00495702
4220.95	-0.00500648
4219.02	-0.00513941
4217.09	-0.00510846
4215.16	-0.00502371
4213.23	-0.00509428
4211.31	-0.0052138
4209.38	-0.00520787
4207.45	-0.00507215
4205.52	-0.00503094
4203.59	-0.00511423
4201.67	-0.00508079
4199.74	-0.00507061
4197.81	-0.0050712
4195.88	-0.00507545
4193.95	-0.00506396
4192.03	-0.0049904
4190.1	-0.00504624
4188.17	-0.00512228
4186.24	-0.00512703
4184.31	-0.00504834
4182.39	-0.00507709
4180.46	-0.0050857
4178.53	-0.00503962
4176.6	-0.00501506
4174.67	-0.00495865
4172.75	-0.00490896
4170.82	-0.00488743
4168.89	-0.00481446
4166.96	-0.00481509
4165.03	-0.00494919
4163.1	-0.00501205
4161.18	-0.00502475
4159.25	-0.00505263
4157.32	-0.00497218
4155.39	-0.00495561
4153.46	-0.00500802
4151.54	-0.00495508
4149.61	-0.00487701
4147.68	-0.00480935
4145.75	-0.00481171
4143.82	-0.00486007
4141.9	-0.00486224
4139.97	-0.00492052
4138.04	-0.00490719
4136.11	-0.0048776
4134.18	-0.00488511
4132.26	-0.00490512
4130.33	-0.00495633
4128.4	-0.00492652
4126.47	-0.00489182
4124.54	-0.00493114
4122.62	-0.00497982
4120.69	-0.00499819
4118.76	-0.00505407
4116.83	-0.00502403
4114.9	-0.00490159
4112.98	-0.0048776
4111.05	-0.00488612
4109.12	-0.00493386
4107.19	-0.00486352
4105.26	-0.0047562
4103.34	-0.00483602
4101.41	-0.00492832
4099.48	-0.00488638
4097.55	-0.00487226
4095.62	-0.00472372
4093.7	-0.00467383
4091.77	-0.00478713
4089.84	-0.00476524
4087.91	-0.00484313
4085.98	-0.00485762
4084.06	-0.00476275
4082.13	-0.00470897
4080.2	-0.00470038
4078.27	-0.00462007
4076.34	-0.00465439
4074.42	-0.00477157
4072.49	-0.00481931
4070.56	-0.00483858
4068.63	-0.00481613
4066.7	-0.00482868
4064.78	-0.00480234
4062.85	-0.00481201
4060.92	-0.00482813
4058.99	-0.00480339
4057.06	-0.00471906
4055.14	-0.00472762
4053.21	-0.00478871
4051.28	-0.00473506
4049.35	-0.00462558
4047.42	-0.00462302
4045.5	-0.00466282
4043.57	-0.00467019
4041.64	-0.00464761
4039.71	-0.00465587
4037.78	-0.00467544
4035.85	-0.00460918
4033.93	-0.0046442
4032	-0.00467288
4030.07	-0.00461171
4028.14	-0.00458368
4026.21	-0.00464465
4024.29	-0.00472146
4022.36	-0.00465151
4020.43	-0.00465098
4018.5	-0.00466406
4016.57	-0.00457627
4014.65	-0.00456079
4012.72	-0.00451243
4010.79	-0.00454656
4008.86	-0.00457135
4006.93	-0.00457115
4005.01	-0.00454069
4003.08	-0.00445097
4001.15	-0.00456233
3999.22	-0.00463374
3997.29	-0.0045943
3995.37	-0.00462476
3993.44	-0.00459935
3991.51	-0.00459981
3989.58	-0.00461945
3987.65	-0.00453259
3985.73	-0.0045382
3983.8	-0.00457427
3981.87	-0.00454404
3979.94	-0.00459741
3978.01	-0.00462862
3976.09	-0.00462056
3974.16	-0.00451151
3972.23	-0.00455305
3970.3	-0.00468629
3968.37	-0.00464783
3966.45	-0.00462338
3964.52	-0.00470867
3962.59	-0.00467475
3960.66	-0.00462033
3958.73	-0.00458328
3956.81	-0.0045341
3954.88	-0.00454023
3952.95	-0.00452748
3951.02	-0.00461564
3949.09	-0.00462056
3947.17	-0.00460509
3945.24	-0.0047053
3943.31	-0.00465944
3941.38	-0.00455863
3939.45	-0.00456781
3937.53	-0.00464138
3935.6	-0.00466763
3933.67	-0.00463757
3931.74	-0.00456237
3929.81	-0.00450393
3927.88	-0.00452512
3925.96	-0.00464056
3924.03	-0.0046893
3922.1	-0.00467684
3920.17	-0.00458194
3918.24	-0.004534
3916.32	-0.00452325
3914.39	-0.00459014
3912.46	-0.00466442
3910.53	-0.00466206
3908.6	-0.00450229
3906.68	-0.00441853
3904.75	-0.00457017
3902.82	-0.00464115
3900.89	-0.00466144
3898.96	-0.00468809
3897.04	-0.00471057
3895.11	-0.0046932
3893.18	-0.00462112
3891.25	-0.0045864
3889.32	-0.00455023
3887.4	-0.00448445
3885.47	-0.00451656
3883.54	-0.00452161
3881.61	-0.00450341
3879.68	-0.00444841
3877.76	-0.00444513
3875.83	-0.00444431
3873.9	-0.00447691
3871.97	-0.00448491
3870.04	-0.0045222
3868.12	-0.00447445
3866.19	-0.00442828
3864.26	-0.0044307
3862.33	-0.00449183
3860.4	-0.00446898
3858.48	-0.00443644
3856.55	-0.00450088
3854.62	-0.00448281
3852.69	-0.00452636
3850.76	-0.00451705
3848.84	-0.00444976
3846.91	-0.00446012
3844.98	-0.0044678
3843.05	-0.00441653
3841.12	-0.00444576
3839.2	-0.00442716
3837.27	-0.00429158
3835.34	-0.00424365
3833.41	-0.00432364
3831.48	-0.0042779
3829.56	-0.00421559
3827.63	-0.00425559
3825.7	-0.00424066
3823.77	-0.00418074
3821.84	-0.00416168
3819.92	-0.00418629
3817.99	-0.00423899
3816.06	-0.00423781
3814.13	-0.00413884
3812.2	-0.00413765
3810.27	-0.00418915
3808.35	-0.00406377
3806.42	-0.00390106
3804.49	-0.00384454
3802.56	-0.00392792
3800.64	-0.00396088
3798.71	-0.00387718
3796.78	-0.00386861
3794.85	-0.00386897
3792.92	-0.00381873
3790.99	-0.00383239
3789.07	-0.00387272
3787.14	-0.00383127
3785.21	-0.00383797
3783.28	-0.00388329
3781.35	-0.00377297
3779.43	-0.00361064
3777.5	-0.00358793
3775.57	-0.00358126
3773.64	-0.00350939
3771.71	-0.00351879
3769.79	-0.00347287
3767.86	-0.00344148
3765.93	-0.00345545
3764	-0.00343106
3762.07	-0.00326018
3760.15	-0.00311108
3758.22	-0.00325952
3756.29	-0.00325906
3754.36	-0.00311329
3752.43	-0.00304463
3750.51	-0.00299573
3748.58	-0.00296858
3746.65	-0.00293162
3744.72	-0.00286767
3742.79	-0.00288522
3740.87	-0.00279538
3738.94	-0.00271976
3737.01	-0.00269901
3735.08	-0.00255703
3733.15	-0.00233483
3731.23	-0.00232788
3729.3	-0.00233078
3727.37	-0.00226789
3725.44	-0.00213678
3723.51	-0.00211809
3721.59	-0.00217971
3719.66	-0.00208614
3717.73	-0.00203515
3715.8	-0.00190935
3713.87	-0.00167329
3711.95	-0.00152143
3710.02	-0.00137537
3708.09	-0.00127951
3706.16	-0.00121587
3704.23	-0.00116558
3702.31	-0.00109423
3700.38	-0.000989745
3698.45	-0.000770445
3696.52	-0.000582768
3694.59	-0.000510726
3692.67	-0.000221875
3690.74	-3.65453e-05
3688.81	-4.23432e-05
3686.88	3.44939e-05
3684.95	0.000186121
3683.02	0.000278614
3681.1	0.000555184
3679.17	0.000858058
3677.24	0.0010215
3675.31	0.00114832
3673.38	0.00151953
3671.46	0.00182484
3669.53	0.00204474
3667.6	0.00225248
3665.67	0.00245667
3663.74	0.00267351
3661.82	0.0029295
3659.89	0.00328267
3657.96	0.00362848
3656.03	0.00400313
3654.1	0.00440869
3652.18	0.00479352
3650.25	0.00518231
3648.32	0.00564238
3646.39	0.00608855
3644.46	0.00655926
3642.54	0.00708925
3640.61	0.0075706
3638.68	0.00809139
3636.75	0.00874505
3634.82	0.00943535
3632.9	0.0100883
3630.97	0.0106582
3629.04	0.0112403
3627.11	0.0119819
3625.18	0.0127846
3623.26	0.0136183
3621.33	0.0145677
3619.4	0.0153662
3617.47	0.0161599
3615.54	0.0169967
3613.62	0.0179799
3611.69	0.0190868
3609.76	0.0202097
3607.83	0.0213164
3605.9	0.0223673
3603.98	0.0235343
3602.05	0.024866
3600.12	0.0261027
3598.19	0.0274377
3596.26	0.0288714
3594.34	0.0304575
3592.41	0.0320584
3590.48	0.0336225
3588.55	0.035294
3586.62	0.0371487
3584.7	0.0390756
3582.77	0.0410009
3580.84	0.0428943
3578.91	0.0449446
3576.98	0.0470679
3575.05	0.0492893
3573.13	0.0517792
3571.2	0.0544379
3569.27	0.0570029
3567.34	0.0596431
3565.42	0.0625788
3563.49	0.0656351
3561.56	0.0687957
3559.63	0.0719988
3557.7	0.0752591
3555.77	0.0787343
3553.85	0.0824067
3551.92	0.0862127
3549.99	0.0902808
3548.06	0.0945518
3546.13	0.0988516
3544.21	0.103338
3542.28	0.108222
3540.35	0.113257
3538.42	0.118468
3536.49	0.123969
3534.57	0.129664
3532.64	0.135697
3530.71	0.142083
3528.78	0.148636
3526.85	0.155441
3524.93	0.162429
3523	0.169737
3521.07	0.177351
3519.14	0.185267
3517.21	0.193498
3515.29	0.20207
3513.36	0.210824
3511.43	0.219694
3509.5	0.229162
3507.57	0.238913
3505.65	0.248756
3503.72	0.258786
3501.79	0.26895
3499.86	0.279496
3497.93	0.290146
3496.01	0.30079
3494.08	0.311559
3492.15	0.322295
3490.22	0.333001
3488.29	0.343658
3486.37	0.354225
3484.44	0.36459
3482.51	0.374517
3480.58	0.384109
3478.65	0.393232
3476.73	0.401966
3474.8	0.410243
3472.87	0.41783
3470.94	0.42507
3469.01	0.431493
3467.09	0.437261
3465.16	0.442412
3463.23	0.446981
3461.3	0.450761
3459.37	0.453773
3457.44	0.456265
3455.52	0.458384
3453.59	0.459679
3451.66	0.460233
3449.73	0.460318
3447.81	0.460079
3445.88	0.459662
3443.95	0.458922
3442.02	0.457596
3440.09	0.455985
3438.16	0.454454
3436.24	0.452547
3434.31	0.449988
3432.38	0.447618
3430.45	0.445427
3428.52	0.44282
3426.6	0.439855
3424.67	0.437198
3422.74	0.434041
3420.81	0.430645
3418.88	0.427406
3416.96	0.424072
3415.03	0.420405
3413.1	0.417025
3411.17	0.413823
3409.24	0.411063
3407.32	0.408477
3405.39	0.405917
3403.46	0.403534
3401.53	0.40116
3399.6	0.399048
3397.68	0.397256
3395.75	0.395555
3393.82	0.393835
3391.89	0.392008
3389.96	0.39043
3388.04	0.389144
3386.11	0.387649
3384.18	0.386222
3382.25	0.385159
3380.32	0.384175
3378.4	0.383391
3376.47	0.382528
3374.54	0.381568
3372.61	0.380714
3370.68	0.379831
3368.76	0.378995
3366.83	0.378085
3364.9	0.377412
3362.97	0.376653
3361.04	0.375585
3359.12	0.374646
3357.19	0.373817
3355.26	0.373154
3353.33	0.372537
3351.4	0.371721
3349.48	0.370825
3347.55	0.370042
3345.62	0.369346
3343.69	0.368723
3341.76	0.367881
3339.83	0.367231
3337.91	0.366631
3335.98	0.365713
3334.05	0.364911
3332.12	0.364355
3330.19	0.363714
3328.27	0.363018
3326.34	0.362362
3324.41	0.361715
3322.48	0.361018
3320.55	0.360514
3318.63	0.359963
3316.7	0.359205
3314.77	0.35878
3312.84	0.358351
3310.91	0.357643
3308.99	0.357307
3307.06	0.357092
3305.13	0.356795
3303.2	0.356722
3301.27	0.356658
3299.35	0.356431
3297.42	0.356456
3295.49	0.356788
3293.56	0.357039
3291.63	0.357173
3289.71	0.357213
3287.78	0.357709
3285.85	0.358513
3283.92	0.359281
3281.99	0.36016
3280.07	0.360877
3278.14	0.361805
3276.21	0.362832
3274.28	0.363939
3272.35	0.365332
3270.43	0.366763
3268.5	0.367984
3266.57	0.369707
3264.64	0.371565
3262.71	0.373241
3260.79	0.374636
3258.86	0.376097
3256.93	0.378025
3255	0.379979
3253.07	0.381889
3251.15	0.383952
3249.22	0.386215
3247.29	0.388269
3245.36	0.390095
3243.43	0.391699
3241.51	0.39353
3239.58	0.395332
3237.65	0.397196
3235.72	0.398743
3233.79	0.400135
3231.87	0.40178
3229.94	0.403395
3228.01	0.404708
3226.08	0.406087
3224.15	0.407431
3222.22	0.408497
3220.3	0.409545
3218.37	0.411031
3216.44	0.412084
3214.51	0.412532
3212.58	0.413371
3210.66	0.414516
3208.73	0.415147
3206.8	0.416108
3204.87	0.417219
3202.94	0.417951
3201.02	0.418504
3199.09	0.419021
3197.16	0.419788
3195.23	0.420492
3193.3	0.420783
3191.38	0.421023
3189.45	0.42141
3187.52	0.422019
3185.59	0.4223
3183.66	0.4223
3181.74	0.422742
3179.81	0.423338
3177.88	0.423771
3175.95	0.424058
3174.02	0.423975
3172.1	0.423744
3170.17	0.423665
3168.24	0.423657
3166.31	0.423533
3164.38	0.423623
3162.46	0.423265
3160.53	0.42263
3158.6	0.422027
3156.67	0.421469
3154.74	0.420712
3152.82	0.419862
3150.89	0.418908
3148.96	0.417781
3147.03	0.416479
3145.1	0.415049
3143.18	0.413427
3141.25	0.411771
3139.32	0.409937
3137.39	0.407596
3135.46	0.405164
3133.54	0.402631
3131.61	0.399768
3129.68	0.396991
3127.75	0.393927
3125.82	0.390217
3123.9	0.386524
3121.97	0.382765
3120.04	0.378589
3118.11	0.374196
3116.18	0.369438
3114.26	0.364614
3112.33	0.359572
3110.4	0.354348
3108.47	0.348939
3106.54	0.342801
3104.61	0.336834
3102.69	0.331007
3100.76	0.324555
3098.83	0.317758
3096.9	0.31065
3094.98	0.30348
3093.05	0.296408
3091.12	0.288766
3089.19	0.281067
3087.26	0.273443
3085.33	0.26567
3083.41	0.25778
3081.48	0.249948
3079.55	0.242458
3077.62	0.234849
3075.69	0.227229
3073.77	0.219791
3071.84	0.212453
3069.91	0.205243
3067.98	0.198041
3066.05	0.191252
3064.13	0.18462
3062.2	0.178021
3060.27	0.17162
3058.34	0.165635
3056.41	0.159851
3054.49	0.154083
3052.56	0.14875
3050.63	0.143899
3048.7	0.139043
3046.77	0.134305
3044.85	0.129891
3042.92	0.125544
3040.99	0.121304
3039.06	0.117289
3037.13	0.113869
3035.21	0.11047
3033.28	0.106922
3031.35	0.103809
3029.42	0.100836
3027.49	0.0979179
3025.57	0.0950202
3023.64	0.09244
3021.71	0.0900427
3019.78	0.0878262
3017.85	0.0858303
3015.93	0.0838054
3014	0.0818931
3012.07	0.0800891
3010.14	0.0783712
3008.21	0.076843
3006.29	0.0752623
3004.36	0.0736967
3002.43	0.0723134
3000.5	0.0709721
2998.57	0.0697519
2996.65	0.0686228
2994.72	0.0676146
2992.79	0.0665782
2990.86	0.0654535
2988.93	0.0643542
2987	0.0633951
2985.08	0.0625529
2983.15	0.0617487
2981.22	0.0609184
2979.29	0.0599903
2977.36	0.0592739
2975.44	0.0588312
2973.51	0.058229
2971.58	0.0576366
2969.65	0.0570226
2967.72	0.0564509
2965.8	0.0559802
2963.87	0.055452
2961.94	0.054873
2960.01	0.054408
2958.08	0.0540595
2956.16	0.0533996
2954.23	0.052728
2952.3	0.0523628
2950.37	0.0520528
2948.44	0.0516174
2946.52	0.0512775
2944.59	0.0510866
2942.66	0.0507462
2940.73	0.0503982
2938.8	0.0499142
2936.88	0.0494718
2934.95	0.0491758
2933.02	0.0488552
2931.09	0.0485009
2929.16	0.0482378
2927.24	0.048047
2925.31	0.0478048
2923.38	0.0474927
2921.45	0.0471189
2919.52	0.0467608
2917.6	0.0465973
2915.67	0.0462165
2913.74	0.0458029
2911.81	0.0455867
2909.88	0.0454393
2907.96	0.0452211
2906.03	0.0450652
2904.1	0.0447279
2902.17	0.0441101
2900.24	0.0435694
2898.32	0.0434491
2896.39	0.043418
2894.46	0.0431356
2892.53	0.0428027
2890.6	0.042317
2888.68	0.0419583
2886.75	0.0419007
2884.82	0.0417269
2882.89	0.0414042
2880.96	0.0411429
2879.04	0.0407662
2877.11	0.0404849
2875.18	0.0402602
2873.25	0.0401161
2871.32	0.0397165
2869.39	0.0392266
2867.47	0.0387487
2865.54	0.0382046
2863.61	0.0380234
2861.68	0.0376803
2859.75	0.037228
2857.83	0.036958
2855.9	0.0367668
2853.97	0.0365225
2852.04	0.0360027
2850.11	0.0356655
2848.19	0.0354728
2846.26	0.0350934
2844.33	0.0345902
2842.4	0.0341372
2840.47	0.0339449
2838.55	0.0338363
2836.62	0.0337546
2834.69	0.0333041
2832.76	0.032841
2830.83	0.0325293
2828.91	0.0321974
2826.98	0.0317311
2825.05	0.0312783
2823.12	0.0309168
2821.19	0.0306868
2819.27	0.0304081
2817.34	0.0300658
2815.41	0.0296836
2813.48	0.0293175
2811.55	0.0290219
2809.63	0.0285108
2807.7	0.0282588
2805.77	0.028036
2803.84	0.0276354
2801.91	0.0271745
2799.99	0.0266657
2798.06	0.0263441
2796.13	0.0261677
2794.2	0.026059
2792.27	0.0258393
2790.35	0.025561
2788.42	0.0250414
2786.49	0.0245974
2784.56	0.0242256
2782.63	0.0238667
2780.71	0.0235136
2778.78	0.0233261
2776.85	0.0231273
2774.92	0.0226681
2772.99	0.0222483
2771.06	0.0220443
2769.14	0.0217585
2767.21	0.0215131
2765.28	0.0210883
2763.35	0.0208226
2761.43	0.0205025
2759.5	0.0201707
2757.57	0.0198742
2755.64	0.0197013
2753.71	0.0193813
2751.78	0.0190795
2749.86	0.0186896
2747.93	0.01832
2746	0.0180889
2744.07	0.0178764
2742.15	0.0175422
2740.22	0.0173367
2738.29	0.0171305
2736.36	0.0168985
2734.43	0.0165523
2732.5	0.0164312
2730.58	0.0163555
2728.65	0.0160872
2726.72	0.015652
2724.79	0.0155096
2722.86	0.015474
2720.94	0.0152862
2719.01	0.014845
2717.08	0.0147483
2715.15	0.0145939
2713.22	0.0141388
2711.3	0.0138828
2709.37	0.0136606
2707.44	0.0134344
2705.51	0.0133163
2703.58	0.0131342
2701.66	0.0131368
2699.73	0.0131662
2697.8	0.012916
2695.87	0.0124999
2693.94	0.0124094
2692.02	0.012394
2690.09	0.0122116
2688.16	0.0120009
2686.23	0.0120345
2684.3	0.0118125
2682.38	0.0114799
2680.45	0.0115023
2678.52	0.0115972
2676.59	0.0112628
2674.66	0.0110737
2672.74	0.0111206
2670.81	0.0113257
2668.88	0.011271
2666.95	0.0113283
2665.02	0.0112245
2663.1	0.0111123
2661.17	0.0110677
2659.24	0.0107906
2657.31	0.0105252
2655.38	0.0108324
2653.46	0.0109656
2651.53	0.0107705
2649.6	0.0105027
2647.67	0.0103377
2645.74	0.0103117
2643.81	0.0104031
2641.89	0.0101877
2639.96	0.0101352
2638.03	0.0100615
2636.1	0.00997507
2634.17	0.00997554
2632.25	0.00999443
2630.32	0.0097353
2628.39	0.00999033
2626.46	0.010418
2624.53	0.0104185
2622.61	0.010255
2620.68	0.0100389
2618.75	0.00989527
2616.82	0.00995961
2614.89	0.00999318
2612.97	0.00988964
2611.04	0.00984392
2609.11	0.0100415
2607.18	0.00995066
2605.25	0.00994778
2603.33	0.00992913
2601.4	0.00984754
2599.47	0.009921
2597.54	0.00994703
2595.61	0.00989178
2593.69	0.00986984
2591.76	0.0099806
2589.83	0.0101881
2587.9	0.0100702
2585.97	0.0100526
2584.05	0.010366
2582.12	0.0102226
2580.19	0.00970589
2578.26	0.0096982
2576.33	0.0102122
2574.41	0.0103964
2572.48	0.010121
2570.55	0.010218
2568.62	0.0104445
2566.69	0.0103414
2564.77	0.0103005
2562.84	0.010384
2560.91	0.0105041
2558.98	0.0106033
2557.05	0.0105769
2555.13	0.0107191
2553.2	0.0107405
2551.27	0.0106645
2549.34	0.010544
2547.41	0.0100941
2545.49	0.0101709
2543.56	0.0104873
2541.63	0.0107127
2539.7	0.0110506
2537.77	0.011144
2535.85	0.0109898
2533.92	0.0108301
2531.99	0.0108852
2530.06	0.0109456
2528.13	0.0110304
2526.21	0.0112155
2524.28	0.0114177
2522.35	0.0114436
2520.42	0.0114328
2518.49	0.0114626
2516.56	0.011427
2514.64	0.0114912
2512.71	0.011596
2510.78	0.0118523
2508.85	0.0120766
2506.92	0.0120312
2505	0.0118745
2503.07	0.0118525
2501.14	0.011807
2499.21	0.0119524
2497.28	0.0121526
2495.36	0.0122622
2493.43	0.0124494
2491.5	0.0123485
2489.57	0.0122219
2487.64	0.0123903
2485.72	0.0129945
2483.79	0.0133139
2481.86	0.0130026
2479.93	0.0127733
2478	0.0131301
2476.08	0.01319
2474.15	0.0131063
2472.22	0.013419
2470.29	0.0137206
2468.36	0.0138028
2466.44	0.0136988
2464.51	0.0134784
2462.58	0.0135965
2460.65	0.0139932
2458.72	0.0144379
2456.8	0.0143042
2454.87	0.0138498
2452.94	0.0139229
2451.01	0.0142423
2449.08	0.014403
2447.16	0.0147219
2445.23	0.0150112
2443.3	0.0149971
2441.37	0.0150091
2439.44	0.0149974
2437.52	0.015173
2435.59	0.0151519
2433.66	0.0150891
2431.73	0.0149378
2429.8	0.0151759
2427.88	0.0156813
2425.95	0.0157379
2424.02	0.0158923
2422.09	0.0160012
2420.16	0.0159038
2418.24	0.0159408
2416.31	0.0158897
2414.38	0.0160018
2412.45	0.0161431
2410.52	0.0159059
2408.6	0.0158048
2406.67	0.0160381
2404.74	0.0164713
2402.81	0.0166663
2400.88	0.0168958
2398.95	0.0171737
2397.03	0.0173643
2395.1	0.0172262
2393.17	0.0173448
2391.24	0.017476
2389.31	0.0172625
2387.39	0.0171328
2385.46	0.0174142
2383.53	0.0175751
2381.6	0.0174792
2379.67	0.0178959
2377.75	0.0181046
2375.82	0.0187324
2373.89	0.0190602
2371.96	0.0188241
2370.03	0.0188507
2368.11	0.0187652
2366.18	0.0188811
2364.25	0.0188773
2362.32	0.0191024
2360.39	0.0197985
2358.47	0.0199308
2356.54	0.019748
2354.61	0.0197875
2352.68	0.0198912
2350.75	0.0202615
2348.83	0.0208766
2346.9	0.0216974
2344.97	0.0220234
2343.04	0.0220234
2341.11	0.0221928
2339.19	0.021513
2337.26	0.0208077
2335.33	0.021046
2333.4	0.0214222
2331.47	0.0216999
2329.55	0.0221049
2327.62	0.0222519
2325.69	0.0216513
2323.76	0.0214064
2321.83	0.0218228
2319.91	0.0224139
2317.98	0.0224524
2316.05	0.0227964
2314.12	0.0230217
2312.19	0.0228847
2310.27	0.0230126
2308.34	0.0237396
2306.41	0.0237117
2304.48	0.0234145
2302.55	0.0241089
2300.63	0.0244754
2298.7	0.0249119
2296.77	0.0250906
2294.84	0.0249722
2292.91	0.0251701
2290.98	0.0253644
2289.06	0.0252166
2287.13	0.0257686
2285.2	0.0259666
2283.27	0.0258773
2281.35	0.026423
2279.42	0.0270478
2277.49	0.0268109
2275.56	0.0271119
2273.63	0.0271409
2271.7	0.0269046
2269.78	0.0267355
2267.85	0.0267828
2265.92	0.0272413
2263.99	0.027845
2262.06	0.028211
2260.14	0.0280651
2258.21	0.0279416
2256.28	0.0277632
2254.35	0.0282035
2252.42	0.0286891
2250.5	0.0288711
2248.57	0.0283198
2246.64	0.0286585
2244.71	0.0288572
2242.78	0.0286708
2240.86	0.028403
2238.93	0.0282022
2237	0.0278026
2235.07	0.0280617
2233.14	0.0279935
2231.22	0.028081
2229.29	0.0283531
2227.36	0.0279458
2225.43	0.0276014
2223.5	0.0276553
2221.58	0.0273614
2219.65	0.0275687
2217.72	0.0275014
2215.79	0.0276246
2213.86	0.0272116
2211.94	0.0264475
2210.01	0.0266001
2208.08	0.026424
2206.15	0.0257868
2204.22	0.0257012
2202.3	0.0259808
2200.37	0.0260994
2198.44	0.0255683
2196.51	0.0249559
2194.58	0.0242803
2192.66	0.0242864
2190.73	0.0235706
2188.8	0.0237184
2186.87	0.0234665
2184.94	0.0232032
2183.02	0.0231352
2181.09	0.0224287
2179.16	0.0215237
2177.23	0.0209971
2175.3	0.0213259
2173.38	0.0214804
2171.45	0.0213245
2169.52	0.0215411
2167.59	0.0216306
2165.66	0.0205957
2163.73	0.0193403
2161.81	0.0194474
2159.88	0.019314
2157.95	0.0194889
2156.02	0.0199778
2154.09	0.020196
2152.17	0.0190714
2150.24	0.0180424
2148.31	0.0178769
2146.38	0.0179473
2144.45	0.0169661
2142.53	0.0165222
2140.6	0.0160763
2138.67	0.0159635
2136.74	0.0162822
2134.81	0.0157353
2132.89	0.014471
2130.96	0.0144904
2129.03	0.0151114
2127.1	0.0147007
2125.17	0.0137187
2123.25	0.0142272
2121.32	0.0142923
2119.39	0.0137226
2117.46	0.0130988
2115.53	0.013305
2113.61	0.0127522
2111.68	0.0121458
2109.75	0.0124159
2107.82	0.0120948
2105.89	0.0115437
2103.97	0.0116338
2102.04	0.0123641
2100.11	0.0133344
2098.18	0.0121691
2096.25	0.0100644
2094.33	0.00992822
2092.4	0.0118109
2090.47	0.0112972
2088.54	0.0114519
2086.61	0.0097004
2084.69	0.0102465
2082.76	0.0109067
2080.83	0.00979857
2078.9	0.00855627
2076.97	0.00733781
2075.05	0.00670403
2073.12	0.00736174
2071.19	0.00930361
2069.26	0.0102958
2067.33	0.00846187
2065.41	0.00851096
2063.48	0.00908895
2061.55	0.00933652
2059.62	0.0079193
2057.69	0.00792075
2055.77	0.00738691
2053.84	0.00613378
2051.91	0.00467705
2049.98	0.00549625
2048.05	0.00658348
2046.12	0.00656629
2044.2	0.00650269
2042.27	0.00425772
2040.34	0.00442807
2038.41	0.00766977
2036.48	0.0073767
2034.56	0.00652872
2032.63	0.00563972
2030.7	0.00594049
2028.77	0.00721725
2026.84	0.00838606
2024.92	0.00611301
2022.99	0.0056125
2021.06	0.00710478
2019.13	0.00683212
2017.2	0.00501117
2015.28	0.00497755
2013.35	0.00695435
2011.42	0.00907433
2009.49	0.00707683
2007.56	0.00548595
2005.64	0.00667806
2003.71	0.00818825
2001.78	0.00781059
