nAHm0559.spa, Sat Nov 04 06:05:25 2006 (GMT-10:00)
9999.26	-0.00417868
9997.33	-0.00329856
9995.4	-0.00263891
9993.48	-0.00375993
9991.55	-0.00415689
9989.62	-0.00320105
9987.69	-0.00282488
9985.76	-0.00300488
9983.84	-0.00308128
9981.91	-0.00297434
9979.98	-0.00264487
9978.05	-0.0029234
9976.12	-0.00377484
9974.2	-0.00374935
9972.27	-0.00389899
9970.34	-0.00290733
9968.41	-0.00189758
9966.48	-0.00295752
9964.56	-0.00436241
9962.63	-0.00453292
9960.7	-0.00362595
9958.77	-0.00225362
9956.84	-0.00248008
9954.92	-0.00353332
9952.99	-0.00377208
9951.06	-0.00305571
9949.13	-0.00295924
9947.2	-0.00370484
9945.28	-0.00363887
9943.35	-0.00291928
9941.42	-0.00358235
9939.49	-0.00394
9937.56	-0.00409134
9935.64	-0.00412889
9933.71	-0.00353249
9931.78	-0.00318602
9929.85	-0.00360706
9927.92	-0.00383804
9926	-0.00376325
9924.07	-0.00395442
9922.14	-0.00339644
9920.21	-0.00342067
9918.28	-0.00357213
9916.36	-0.00293176
9914.43	-0.00242717
9912.5	-0.00291833
9910.57	-0.0032
9908.64	-0.00315803
9906.71	-0.00392798
9904.79	-0.00459777
9902.86	-0.00403853
9900.93	-0.00322374
9899	-0.00311766
9897.08	-0.00271943
9895.15	-0.00306173
9893.22	-0.00394266
9891.29	-0.00382874
9889.36	-0.0034517
9887.43	-0.00361245
9885.51	-0.00338931
9883.58	-0.00258961
9881.65	-0.00261026
9879.72	-0.00253516
9877.79	-0.00276542
9875.87	-0.00270919
9873.94	-0.00244071
9872.01	-0.00311901
9870.08	-0.00355859
9868.15	-0.00301728
9866.23	-0.00277602
9864.3	-0.00353516
9862.37	-0.00350985
9860.44	-0.00292764
9858.51	-0.00297671
9856.59	-0.00288564
9854.66	-0.00270194
9852.73	-0.00268749
9850.8	-0.00262979
9848.87	-0.00260038
9846.95	-0.00233196
9845.02	-0.00317997
9843.09	-0.00395235
9841.16	-0.00372564
9839.23	-0.00295275
9837.31	-0.00226212
9835.38	-0.00279258
9833.45	-0.00319477
9831.52	-0.00286573
9829.59	-0.00285566
9827.67	-0.00266506
9825.74	-0.00277356
9823.81	-0.00315832
9821.88	-0.00282412
9819.95	-0.00247099
9818.03	-0.00272799
9816.1	-0.0032512
9814.17	-0.00305065
9812.24	-0.00284983
9810.31	-0.00230461
9808.39	-0.00191067
9806.46	-0.00209323
9804.53	-0.00270049
9802.6	-0.00280289
9800.67	-0.00249543
9798.75	-0.00231067
9796.82	-0.00272868
9794.89	-0.00228984
9792.96	-0.00194102
9791.03	-0.00236568
9789.11	-0.00303446
9787.18	-0.00288229
9785.25	-0.00318197
9783.32	-0.0034944
9781.39	-0.00290605
9779.46	-0.00227926
9777.54	-0.00241847
9775.61	-0.0025118
9773.68	-0.00229123
9771.75	-0.00228417
9769.83	-0.0028497
9767.9	-0.00292843
9765.97	-0.00273642
9764.04	-0.00245109
9762.11	-0.00184938
9760.18	-0.0018304
9758.26	-0.00243224
9756.33	-0.00255163
9754.4	-0.0029442
9752.47	-0.00284901
9750.54	-0.00224719
9748.62	-0.00195273
9746.69	-0.00203479
9744.76	-0.00259557
9742.83	-0.0033873
9740.9	-0.00354682
9738.98	-0.00301705
9737.05	-0.00256945
9735.12	-0.00224472
9733.19	-0.00226618
9731.26	-0.00266947
9729.34	-0.00277793
9727.41	-0.00255446
9725.48	-0.00193073
9723.55	-0.00148501
9721.62	-0.00167811
9719.7	-0.00260874
9717.77	-0.00285467
9715.84	-0.00240071
9713.91	-0.00272664
9711.98	-0.00256975
9710.06	-0.00236719
9708.13	-0.00215719
9706.2	-0.00116776
9704.27	-0.00141923
9702.34	-0.0022786
9700.42	-0.0023665
9698.49	-0.00246202
9696.56	-0.00273523
9694.63	-0.00267843
9692.7	-0.00248285
9690.78	-0.00295147
9688.85	-0.00300735
9686.92	-0.00285539
9684.99	-0.00233984
9683.06	-0.00203819
9681.14	-0.00199762
9679.21	-0.00159667
9677.28	-0.00206272
9675.35	-0.00247392
9673.42	-0.00252874
9671.5	-0.00262284
9669.57	-0.00242005
9667.64	-0.00197038
9665.71	-0.00202556
9663.78	-0.00208027
9661.86	-0.00207143
9659.93	-0.00196233
9658	-0.00180295
9656.07	-0.00191156
9654.14	-0.00240209
9652.21	-0.0020621
9650.29	-0.00161714
9648.36	-0.00201088
9646.43	-0.00180401
9644.5	-0.00162992
9642.57	-0.00166646
9640.65	-0.00193291
9638.72	-0.00226357
9636.79	-0.00181968
9634.86	-0.00147434
9632.93	-0.00232587
9631.01	-0.00322256
9629.08	-0.00243745
9627.15	-0.00229324
9625.22	-0.00264998
9623.29	-0.00252739
9621.37	-0.00217688
9619.44	-0.0023314
9617.51	-0.00237886
9615.58	-0.00213045
9613.65	-0.00214114
9611.73	-0.00248166
9609.8	-0.00240614
9607.87	-0.00211337
9605.94	-0.00217899
9604.01	-0.0025512
9602.09	-0.00221637
9600.16	-0.00145717
9598.23	-0.000801766
9596.3	-0.00111314
9594.37	-0.00160222
9592.45	-0.00204673
9590.52	-0.00237731
9588.59	-0.00236456
9586.66	-0.00220592
9584.73	-0.0020677
9582.81	-0.00260855
9580.88	-0.00321055
9578.95	-0.00289035
9577.02	-0.00188108
9575.09	-0.00153811
9573.17	-0.00182922
9571.24	-0.00214288
9569.31	-0.00164493
9567.38	-0.00117824
9565.45	-0.00146005
9563.53	-0.00198918
9561.6	-0.00206131
9559.67	-0.0019432
9557.74	-0.00240291
9555.81	-0.00274201
9553.88	-0.00206935
9551.96	-0.00179675
9550.03	-0.00201299
9548.1	-0.0017651
9546.17	-0.00187528
9544.25	-0.00200056
9542.32	-0.00136787
9540.39	-0.000604673
9538.46	-0.00116647
9536.53	-0.00193528
9534.6	-0.00248051
9532.68	-0.00245151
9530.75	-0.00216339
9528.82	-0.00252155
9526.89	-0.0023866
9524.96	-0.00163487
9523.04	-0.0011094
9521.11	-0.000650662
9519.18	-0.0014258
9517.25	-0.00214638
9515.32	-0.00208383
9513.4	-0.00210711
9511.47	-0.00191618
9509.54	-0.00207776
9507.61	-0.0017585
9505.68	-0.00141067
9503.76	-0.00142408
9501.83	-0.0014683
9499.9	-0.00148346
9497.97	-0.00157039
9496.04	-0.00199241
9494.12	-0.00184459
9492.19	-0.00135555
9490.26	-0.00171266
9488.33	-0.00183918
9486.4	-0.00168289
9484.48	-0.00163368
9482.55	-0.00126134
9480.62	-0.0012689
9478.69	-0.00149739
9476.76	-0.00150129
9474.84	-0.00169418
9472.91	-0.00185578
9470.98	-0.00186304
9469.05	-0.00143429
9467.12	-0.00104356
9465.2	-0.00139803
9463.27	-0.00149858
9461.34	-0.00117731
9459.41	-0.0013393
9457.48	-0.00146728
9455.56	-0.00193594
9453.63	-0.00177731
9451.7	-0.00137732
9449.77	-0.00134078
9447.84	-0.00149726
9445.92	-0.00210582
9443.99	-0.0023955
9442.06	-0.0015245
9440.13	-0.000587434
9438.2	-0.000973777
9436.28	-0.00182783
9434.35	-0.00171818
9432.42	-0.00154388
9430.49	-0.00141933
9428.56	-0.00119139
9426.63	-0.00158958
9424.71	-0.00163909
9422.78	-0.00156983
9420.85	-0.00121065
9418.92	-0.00147639
9417	-0.00184053
9415.07	-0.00123193
9413.14	-0.000799451
9411.21	-0.00125965
9409.28	-0.00132896
9407.35	-0.00089856
9405.43	-0.00131096
9403.5	-0.00164163
9401.57	-0.000945113
9399.64	-0.00112705
9397.71	-0.00135007
9395.79	-0.00144961
9393.86	-0.0017024
9391.93	-0.00144033
9390	-0.00103117
9388.07	-0.000476769
9386.15	-0.000803849
9384.22	-0.00119466
9382.29	-0.00109
9380.36	-0.00104158
9378.43	-0.00120494
9376.51	-0.00151856
9374.58	-0.00140585
9372.65	-0.00160661
9370.72	-0.00143838
9368.79	-0.00133827
9366.87	-0.00162318
9364.94	-0.00145618
9363.01	-0.0015701
9361.08	-0.00102743
9359.15	-0.000910694
9357.23	-0.00114179
9355.3	-0.00118385
9353.37	-0.00127987
9351.44	-0.0012133
9349.51	-0.00088735
9347.59	-0.000704157
9345.66	-0.000997381
9343.73	-0.00132526
9341.8	-0.00148115
9339.87	-0.00148887
9337.95	-0.00126497
9336.02	-0.00117616
9334.09	-0.00107476
9332.16	-0.000500499
9330.23	-0.00044185
9328.31	-0.00110672
9326.38	-0.00158066
9324.45	-0.000973943
9322.52	-0.000234658
9320.59	-0.000838112
9318.67	-0.00127442
9316.74	-0.00101136
9314.81	-0.00137114
9312.88	-0.00147884
9310.95	-0.00136988
9309.03	-0.00155673
9307.1	-0.00156524
9305.17	-0.00119985
9303.24	-0.00106772
9301.31	-0.00127571
9299.38	-0.00123827
9297.46	-0.000485904
9295.53	-0.000782649
9293.6	-0.00167755
9291.67	-0.00143855
9289.74	-0.000761117
9287.82	-0.000684341
9285.89	-0.000840129
9283.96	-0.000733035
9282.03	-0.00073707
9280.1	-0.000751955
9278.18	-0.00116459
9276.25	-0.00133097
9274.32	-0.000850314
9272.39	-0.000628098
9270.46	-0.00114023
9268.54	-0.00117979
9266.61	-0.00068626
9264.68	-0.000755329
9262.75	-0.000811489
9260.82	-0.00115154
9258.9	-0.00140473
9256.97	-0.0013463
9255.04	-0.00111214
9253.11	-0.000452342
9251.18	-0.000286449
9249.26	-0.000413217
9247.33	-0.000802394
9245.4	-0.0010109
9243.47	-0.0011285
9241.54	-0.000800708
9239.62	-0.000767005
9237.69	-0.00102062
9235.76	-0.000980587
9233.83	-0.000970306
9231.9	-0.00102465
9229.98	-0.00096333
9228.05	-0.000746365
9226.12	-0.00071848
9224.19	-0.00125113
9222.26	-0.00140978
9220.34	-0.0010623
9218.41	-0.000837219
9216.48	-0.000663664
9214.55	-0.000921143
9212.62	-0.000775274
9210.7	-0.000341809
9208.77	-0.000266647
9206.84	-0.000651887
9204.91	-0.00111885
9202.98	-0.00127957
9201.05	-0.00133335
9199.13	-0.00115643
9197.2	-0.00101996
9195.27	-0.00136774
9193.34	-0.00144892
9191.42	-0.000879017
9189.49	-0.000616419
9187.56	-0.00064517
9185.63	-0.000320354
9183.7	-0.000660588
9181.77	-0.00137107
9179.85	-0.00151886
9177.92	-0.00126269
9175.99	-0.0011366
9174.06	-0.00112629
9172.13	-0.00092273
9170.21	-0.000961214
9168.28	-0.00098029
9166.35	-0.00109093
9164.42	-0.000907388
9162.49	-0.000508707
9160.57	-0.000543588
9158.64	-0.000849521
9156.71	-0.00102412
9154.78	-0.00087452
9152.85	-0.00115097
9150.93	-0.00127818
9149	-0.000816615
9147.07	-0.000773818
9145.14	-0.000727048
9143.21	-0.00094227
9141.29	-0.00130617
9139.36	-0.00118448
9137.43	-0.00106581
9135.5	-0.000659033
9133.57	-0.000509601
9131.65	-0.000836855
9129.72	-0.000720167
9127.79	-0.000612713
9125.86	-0.000834176
9123.93	-0.000828852
9122.01	-0.000707829
9120.08	-0.000489644
9118.15	-0.000344093
9116.22	-0.000398519
9114.29	-0.000624326
9112.37	-0.000918696
9110.44	-0.00086589
9108.51	-0.00103044
9106.58	-0.00101163
9104.65	-0.000941179
9102.73	-0.0010902
9100.8	-0.00128122
9098.87	-0.000834077
9096.94	-0.00085091
9095.01	-0.00111684
9093.08	-0.00115325
9091.16	-0.00132499
9089.23	-0.00132764
9087.3	-0.000955396
9085.37	-0.000481899
9083.45	-0.000459128
9081.52	-0.000713618
9079.59	-0.000675144
9077.66	-0.000831266
9075.73	-0.00130702
9073.8	-0.00117107
9071.88	-0.000639116
9069.95	-0.00064656
9068.02	-0.000846478
9066.09	-0.000878521
9064.17	-0.00100664
9062.24	-0.000453699
9060.31	-4.87706e-05
9058.38	-0.000353628
9056.45	-0.00034012
9054.52	-0.000351642
9052.6	-0.000401465
9050.67	-1.1663e-05
9048.74	-0.000294495
9046.81	-0.000707101
9044.88	-0.00054832
9042.96	-0.000619066
9041.03	-0.000689899
9039.1	-0.000429238
9037.17	-0.000257276
9035.24	-0.000366242
9033.32	-0.000152489
9031.39	-0.000191737
9029.46	-0.000705083
9027.53	-0.000398883
9025.6	-0.000769519
9023.68	-0.00107678
9021.75	-0.00084747
9019.82	-0.000479648
9017.89	-0.000181669
9015.96	-9.67075e-05
9014.04	7.71429e-05
9012.11	-0.000265753
9010.18	-0.000483124
9008.25	-0.000381603
9006.32	-0.000651357
9004.4	-0.000709119
9002.47	-0.000524394
9000.54	-0.00070978
8998.61	-0.000634881
8996.68	-0.00029178
8994.76	-0.000164612
8992.83	-0.000120724
8990.9	-0.000282111
8988.97	-0.000168189
8987.04	-0.000257706
8985.12	-0.00043556
8983.19	-0.000565032
8981.26	-0.000749276
8979.33	-0.000823792
8977.4	-0.000675938
8975.48	-0.000488088
8973.55	-0.000343431
8971.62	-0.000594283
8969.69	-0.000392527
8967.76	-0.000231512
8965.83	-0.000212635
8963.91	-0.000209622
8961.98	-0.000310355
8960.05	-0.000580187
8958.12	-0.000602323
8956.2	-0.000596268
8954.27	-0.000727412
8952.34	-0.000607882
8950.41	-0.000401498
8948.48	-0.000238301
8946.55	2.60773e-05
8944.63	4.86435e-05
8942.7	0.000116647
8940.77	2.92252e-05
8938.84	-0.000193857
8936.92	-2.31269e-05
8934.99	-4.94994e-05
8933.06	-4.79423e-05
8931.13	2.0643e-05
8929.2	-0.000135166
8927.27	-0.000501227
8925.35	-0.000304726
8923.42	-0.000380146
8921.49	-0.000535149
8919.56	-0.00041805
8917.63	-0.000371936
8915.71	-0.000375247
8913.78	7.07469e-05
8911.85	0.000255439
8909.92	-0.000217735
8907.99	-0.000466939
8906.07	-0.000499573
8904.14	-0.000501062
8902.21	-0.000468296
8900.28	-0.000368658
8898.35	-0.000224723
8896.43	-5.89782e-06
8894.5	7.02498e-05
8892.57	0.000221856
8890.64	0.000117807
8888.71	9.47737e-05
8886.79	-2.94892e-06
8884.86	9.08962e-05
8882.93	0.000297646
8881	-4.07547e-06
8879.07	-0.000337174
8877.15	-0.000363494
8875.22	-0.000192897
8873.29	-0.000112111
8871.36	1.36183e-05
8869.43	-3.21057e-05
8867.51	6.00762e-05
8865.58	4.30743e-07
8863.65	1.32207e-05
8861.72	0.000194176
8859.79	0.000158078
8857.87	-0.000252375
8855.94	-0.000655757
8854.01	-0.000479913
8852.08	-0.000347404
8850.15	-0.00025158
8848.22	-0.000434667
8846.3	-0.000305388
8844.37	0.000160929
8842.44	0.000136202
8840.51	4.16183e-05
8838.58	0.000158277
8836.66	-3.62803e-05
8834.73	-0.000489942
8832.8	-0.000285389
8830.87	-0.00031307
8828.94	-0.000563178
8827.02	-0.000443471
8825.09	-4.61201e-05
8823.16	-0.000277575
8821.23	-0.000372598
8819.3	-0.000160405
8817.38	-0.000234294
8815.45	-9.64425e-05
8813.52	-0.000424438
8811.59	-0.000263071
8809.66	0.000416131
8807.74	0.000240355
8805.81	-0.000289925
8803.88	-0.000452309
8801.95	-0.000354952
8800.02	-0.000106082
8798.1	8.25779e-05
8796.17	0.000459116
8794.24	0.000177966
8792.31	-8.41192e-05
8790.38	3.87686e-05
8788.46	0.000264358
8786.53	0.000349241
8784.6	0.000353319
8782.67	0.000295292
8780.74	-1.82233e-05
8778.82	1.23592e-05
8776.89	0.000112604
8774.96	0.000440011
8773.03	0.000506716
8771.1	0.000538795
8769.18	0.00103691
8767.25	0.000643376
8765.32	-0.000109329
8763.39	-0.000633326
8761.46	-0.000357535
8759.54	0.00025534
8757.61	0.000117377
8755.68	0.000238664
8753.75	0.000633753
8751.82	0.000363003
8749.9	0.000236443
8747.97	0.000322414
8746.04	0.000404855
8744.11	0.00050519
8742.18	0.000288693
8740.25	-0.000249196
8738.33	-0.000164049
8736.4	0.000168287
8734.47	0.000227326
8732.54	0.000215889
8730.62	0.000243272
8728.69	4.19497e-05
8726.76	-9.00821e-05
8724.83	0.000397956
8722.9	0.000762686
8720.97	0.000630767
8719.05	0.00025839
8717.12	-0.000206972
8715.19	-1.10666e-05
8713.26	-2.9919e-05
8711.33	-0.000111879
8709.41	-0.000304892
8707.48	-0.000321116
8705.55	-0.000176237
8703.62	0.00023936
8701.69	0.000721928
8699.77	0.000896505
8697.84	0.00048396
8695.91	-9.94021e-08
8693.98	-3.62803e-05
8692.05	-5.5761e-05
8690.13	0.000177668
8688.2	0.000269298
8686.27	0.000428767
8684.34	0.000484358
8682.41	0.00023515
8680.49	-7.37832e-05
8678.56	0.000125629
8676.63	0.000366186
8674.7	5.62652e-05
8672.77	9.97118e-05
8670.85	0.000499153
8668.92	0.000914634
8666.99	0.000823731
8665.06	0.000464058
8663.13	0.00013713
8661.21	-2.88919e-05
8659.28	-0.000218729
8657.35	-2.1901e-05
8655.42	-2.66721e-05
8653.49	0.000143792
8651.57	0.000641982
8649.64	0.000665145
8647.71	0.000482932
8645.78	0.000497295
8643.85	0.000419613
8641.93	0.000343603
8640	0.000249903
8638.07	0.000248974
8636.14	0.000176044
8634.21	-0.000102173
8632.29	4.44019e-05
8630.36	0.000278581
8628.43	0.000382071
8626.5	0.000157581
8624.57	-5.26468e-05
8622.65	-0.000130793
8620.72	-0.000351907
8618.79	-0.000166732
8616.86	-2.02117e-06
8614.93	3.25057e-05
8613	0.000345726
8611.08	0.000260412
8609.15	0.000261341
8607.22	0.000352689
8605.29	0.000186121
8603.37	-5.20836e-05
8601.44	-0.000187432
8599.51	-0.000110885
8597.58	0.000333622
8595.65	0.000508972
8593.72	0.000316148
8591.8	0.000302785
8589.87	0.000682667
8587.94	0.000624396
8586.01	0.000276757
8584.08	5.76902e-05
8582.16	9.45748e-05
8580.23	0.000531663
8578.3	0.000310776
8576.37	-5.30775e-05
8574.44	0.000354812
8572.52	0.000485486
8570.59	0.000270922
8568.66	0.000295524
8566.73	0.000274901
8564.8	6.58755e-05
8562.88	0.000448635
8560.95	0.000515142
8559.02	0.000206308
8557.09	0.000442631
8555.16	0.000615603
8553.24	0.000620713
8551.31	0.00047663
8549.38	0.000469199
8547.45	0.000392517
8545.52	0.000641717
8543.6	0.000980748
8541.67	0.000841027
8539.74	0.000660698
8537.81	0.000650278
8535.88	0.000730922
8533.96	0.00108869
8532.03	0.000841392
8530.1	0.000463428
8528.17	0.000211447
8526.24	0.000355508
8524.32	0.000802618
8522.39	0.000687114
8520.46	0.000294628
8518.53	0.000313826
8516.6	0.000688906
8514.68	0.000904839
8512.75	0.000779282
8510.82	0.000635844
8508.89	0.000605549
8506.96	0.000741311
8505.04	0.000622372
8503.11	0.000262269
8501.18	0.000202761
8499.25	0.000548416
8497.32	0.000566431
8495.39	9.99769e-05
8493.47	-1.24914e-05
8491.54	0.000370497
8489.61	0.000509702
8487.68	0.000406778
8485.75	0.000293103
8483.83	0.000141307
8481.9	0.000166365
8479.97	0.000367778
8478.04	0.000711606
8476.11	0.000829972
8474.19	0.000484491
8472.26	0.000352524
8470.33	0.0004623
8468.4	0.000565834
8466.47	0.000527317
8464.55	0.000731022
8462.62	0.000789141
8460.69	0.000607772
8458.76	0.000590419
8456.83	0.000550573
8454.91	0.000708885
8452.98	0.000849227
8451.05	0.000711374
8449.12	0.000578276
8447.19	0.000272679
8445.27	0.000183469
8443.34	0.000408569
8441.41	0.000626022
8439.48	0.000747584
8437.55	0.000661992
8435.63	0.000693353
8433.7	0.000534814
8431.77	0.000505887
8429.84	0.000446877
8427.91	0.000478288
8425.99	0.000596424
8424.06	0.000445517
8422.13	8.58588e-05
8420.2	1.12656e-06
8418.27	0.000390494
8416.35	0.000767101
8414.42	0.000568621
8412.49	0.000360781
8410.56	0.000634815
8408.63	0.00103475
8406.71	0.00093957
8404.78	0.00059669
8402.85	0.000620713
8400.92	0.000532028
8398.99	0.000511394
8397.07	0.000654393
8395.14	0.000815764
8393.21	0.000775233
8391.28	0.000655123
8389.35	0.000483164
8387.43	0.000416695
8385.5	0.000648918
8383.57	0.000901385
8381.64	0.000645832
8379.71	0.000513815
8377.79	0.000659105
8375.86	0.000865926
8373.93	0.000806934
8372	0.000681372
8370.07	0.000830735
8368.14	0.00101708
8366.22	0.000812942
8364.29	0.000661694
8362.36	0.000759101
8360.43	0.000856365
8358.5	0.000821706
8356.58	0.00076969
8354.65	0.000727835
8352.72	0.000560758
8350.79	0.000528345
8348.86	0.000759499
8346.94	0.000932033
8345.01	0.000981777
8343.08	0.00106677
8341.15	0.000962251
8339.22	0.000929177
8337.3	0.000855037
8335.37	0.000671417
8333.44	0.00061265
8331.51	0.000756247
8329.58	0.00102728
8327.66	0.000838802
8325.73	0.000419282
8323.8	0.000634218
8321.87	0.000759898
8319.94	0.000647059
8318.02	0.000668928
8316.09	0.00070915
8314.16	0.000694315
8312.23	0.000950794
8310.3	0.000882958
8308.38	0.000626851
8306.45	0.000552431
8304.52	0.000632426
8302.59	0.00069239
8300.66	0.000532194
8298.74	0.000347583
8296.81	0.000568588
8294.88	0.000889366
8292.95	0.000993799
8291.02	0.00100675
8289.1	0.000895841
8287.17	0.000728698
8285.24	0.000386548
8283.31	0.000195435
8281.38	0.000470924
8279.46	0.000696771
8277.53	0.000742804
8275.6	0.000622106
8273.67	0.000676428
8271.74	0.000921939
8269.82	0.000882825
8267.89	0.000999611
8265.96	0.00133782
8264.03	0.00108304
8262.1	0.000734473
8260.17	0.000585641
8258.25	0.000732349
8256.32	0.00105258
8254.39	0.000999312
8252.46	0.00108494
8250.54	0.0011041
8248.61	0.000798601
8246.68	0.000646197
8244.75	0.000607606
8242.82	0.000630534
8240.89	0.000595197
8238.97	0.00045424
8237.04	0.000338895
8235.11	0.000566564
8233.18	0.000789373
8231.25	0.000678319
8229.33	0.00101901
8227.4	0.00130738
8225.47	0.00122769
8223.54	0.000842355
8221.61	0.00059314
8219.69	0.00105893
8217.76	0.0012694
8215.83	0.000987323
8213.9	0.000922403
8211.97	0.000902514
8210.05	0.000748712
8208.12	0.000673707
8206.19	0.000727802
8204.26	0.000609564
8202.33	0.000547089
8200.41	0.000688209
8198.48	0.000615005
8196.55	0.000598415
8194.62	0.000848164
8192.69	0.00109185
8190.77	0.00125225
8188.84	0.0013121
8186.91	0.00121191
8184.98	0.00112663
8183.05	0.00125009
8181.13	0.00118247
8179.2	0.000768063
8177.27	0.000453776
8175.34	0.00047036
8173.41	0.000525691
8171.49	0.00074234
8169.56	0.00103887
8167.63	0.00118397
8165.7	0.00107308
8163.77	0.00050048
8161.85	0.000565071
8159.92	0.0012156
8157.99	0.00130957
8156.06	0.00101559
8154.13	0.00101396
8152.21	0.000974936
8150.28	0.000990245
8148.35	0.000962682
8146.42	0.000967863
8144.49	0.00103355
8142.56	0.00109141
8140.64	0.00101901
8138.71	0.000772046
8136.78	0.000831532
8134.85	0.00126385
8132.92	0.00115716
8131	0.0010035
8129.07	0.001144
8127.14	0.00114639
8125.21	0.00126012
8123.28	0.00128
8121.36	0.00113905
8119.43	0.00094837
8117.5	0.00103322
8115.57	0.00130731
8113.64	0.00121434
8111.72	0.00115453
8109.79	0.00134115
8107.86	0.00126607
8105.93	0.00091397
8104	0.000690499
8102.08	0.000401406
8100.15	0.000551502
8098.22	0.000785025
8096.29	0.000801025
8094.36	0.00108431
8092.44	0.00118174
8090.51	0.000917423
8088.58	0.000950163
8086.65	0.000981976
8084.72	0.00115589
8082.8	0.00115719
8080.87	0.00109939
8078.94	0.00123504
8077.01	0.00136508
8075.08	0.00134846
8073.16	0.00126358
8071.23	0.00112938
8069.3	0.00110706
8067.37	0.00109108
8065.44	0.00117001
8063.52	0.00123361
8061.59	0.00122517
8059.66	0.00139476
8057.73	0.00165894
8055.8	0.00140497
8053.88	0.00109291
8051.95	0.00111806
8050.02	0.00117553
8048.09	0.00124913
8046.16	0.00142385
8044.24	0.00144067
8042.31	0.00112646
8040.38	0.00102807
8038.45	0.00111586
8036.52	0.000911214
8034.6	0.000725811
8032.67	0.000853012
8030.74	0.000931834
8028.81	0.000797738
8026.88	0.000858755
8024.96	0.000933195
8023.03	0.000996588
8021.1	0.00107424
8019.17	0.00087665
8017.24	0.00091138
8015.31	0.00104202
8013.39	0.00110792
8011.46	0.00101183
8009.53	0.00116473
8007.6	0.00118998
8005.67	0.00120367
8003.75	0.00114819
8001.82	0.000940533
7999.89	0.000627415
7997.96	0.000571209
7996.03	0.00101309
7994.11	0.00133846
7992.18	0.00135381
7990.25	0.00116785
7988.32	0.00110437
7986.39	0.0012999
7984.47	0.00125547
7982.54	0.00109464
7980.61	0.00106338
7978.68	0.00126896
7976.75	0.00137911
7974.83	0.00119643
7972.9	0.00118865
7970.97	0.00136033
7969.04	0.00121287
7967.11	0.00119646
7965.19	0.00130635
7963.26	0.00116676
7961.33	0.00118098
7959.4	0.00125321
7957.47	0.00107972
7955.55	0.00089677
7953.62	0.000909819
7951.69	0.00121566
7949.76	0.00147405
7947.83	0.00123999
7945.91	0.00121118
7943.98	0.00140101
7942.05	0.00129219
7940.12	0.00109709
7938.19	0.000905669
7936.27	0.000896173
7934.34	0.00119596
7932.41	0.00143402
7930.48	0.00116925
7928.55	0.0010587
7926.63	0.000994994
7924.7	0.000838437
7922.77	0.00097208
7920.84	0.00139905
7918.91	0.00136222
7916.99	0.000994264
7915.06	0.00102731
7913.13	0.00110045
7911.2	0.00125152
7909.27	0.00121985
7907.35	0.00120048
7905.42	0.00121656
7903.49	0.00122477
7901.56	0.00121181
7899.63	0.00113483
7897.71	0.0010219
7895.78	0.000915563
7893.85	0.00108816
7891.92	0.00123786
7889.99	0.00119742
7888.06	0.00111646
7886.14	0.00101077
7884.21	0.00104039
7882.28	0.00123613
7880.35	0.00127784
7878.42	0.00136279
7876.5	0.00143811
7874.57	0.00148785
7872.64	0.00116885
7870.71	0.00104182
7868.78	0.00107401
7866.86	0.00091719
7864.93	0.000825424
7863	0.000896438
7861.07	0.00114187
7859.14	0.00112178
7857.22	0.000994098
7855.29	0.00102405
7853.36	0.00124152
7851.43	0.00147066
7849.5	0.00137458
7847.58	0.00130489
7845.65	0.00130329
7843.72	0.00108809
7841.79	0.000934988
7839.86	0.00111732
7837.94	0.00138519
7836.01	0.00137336
7834.08	0.00119952
7832.15	0.00120902
7830.22	0.00112639
7828.3	0.00112088
7826.37	0.00121816
7824.44	0.00135474
7822.51	0.0012774
7820.58	0.00127893
7818.66	0.00133443
7816.73	0.00121636
7814.8	0.001124
7812.87	0.00113257
7810.94	0.00110965
7809.02	0.00131316
7807.09	0.00123992
7805.16	0.00109978
7803.23	0.001144
7801.3	0.00115596
7799.38	0.00110885
7797.45	0.00108364
7795.52	0.00125966
7793.59	0.00127405
7791.66	0.00109819
7789.74	0.00104847
7787.81	0.0010848
7785.88	0.00111646
7783.95	0.00123676
7782.02	0.00144672
7780.09	0.00132117
7778.17	0.00118839
7776.24	0.00124238
7774.31	0.00133101
7772.38	0.00108912
7770.46	0.000891325
7768.53	0.00113294
7766.6	0.00137867
7764.67	0.00144828
7762.74	0.0016025
7760.81	0.00150979
7758.89	0.00126926
7756.96	0.000876252
7755.03	0.000823698
7753.1	0.00113251
7751.17	0.00124856
7749.25	0.00138416
7747.32	0.00123427
7745.39	0.00108617
7743.46	0.00107683
7741.53	0.00115347
7739.61	0.00118646
7737.68	0.00114061
7735.75	0.0014159
7733.82	0.00165874
7731.89	0.00148768
7729.97	0.00148878
7728.04	0.00128671
7726.11	0.00112643
7724.18	0.00139047
7722.25	0.00110397
7720.33	0.00104272
7718.4	0.00108254
7716.47	0.00118018
7714.54	0.00139154
7712.61	0.00144303
7710.69	0.00134563
7708.76	0.0014665
7706.83	0.00148864
7704.9	0.00139084
7702.97	0.00131808
7701.05	0.00140769
7699.12	0.001428
7697.19	0.00127568
7695.26	0.0010489
7693.33	0.00108344
7691.41	0.001392
7689.48	0.00163173
7687.55	0.00162059
7685.62	0.00147548
7683.69	0.0013338
7681.77	0.00138097
7679.84	0.00117274
7677.91	0.0011738
7675.98	0.00138881
7674.05	0.00134424
7672.12	0.00139021
7670.2	0.00150474
7668.27	0.00132981
7666.34	0.00130559
7664.41	0.00154204
7662.48	0.00166197
7660.56	0.00151468
7658.63	0.00144492
7656.7	0.00145467
7654.77	0.00149496
7652.84	0.00147272
7650.92	0.0014551
7648.99	0.00129897
7647.06	0.00126218
7645.13	0.00126315
7643.2	0.00128163
7641.28	0.00142641
7639.35	0.0013587
7637.42	0.00128133
7635.49	0.00142724
7633.56	0.00132981
7631.64	0.00133098
7629.71	0.00129884
7627.78	0.00135906
7625.85	0.00140816
7623.92	0.00152113
7622	0.00145749
7620.07	0.00115045
7618.14	0.000990876
7616.21	0.00100403
7614.28	0.00105026
7612.36	0.00123979
7610.43	0.0014677
7608.5	0.00150706
7606.57	0.00127641
7604.64	0.00111965
7602.72	0.0012263
7600.79	0.00133679
7598.86	0.00122075
7596.93	0.00134248
7595	0.00153775
7593.08	0.00156951
7591.15	0.001588
7589.22	0.00158783
7587.29	0.001519
7585.36	0.00151444
7583.44	0.00143754
7581.51	0.00127166
7579.58	0.00123281
7577.65	0.00125846
7575.72	0.00122846
7573.8	0.00129811
7571.87	0.00148003
7569.94	0.00130123
7568.01	0.00118766
7566.08	0.00116596
7564.16	0.00131084
7562.23	0.00154603
7560.3	0.00145114
7558.37	0.00130296
7556.44	0.00126378
7554.52	0.00130552
7552.59	0.00128345
7550.66	0.00108862
7548.73	0.00119234
7546.8	0.00138047
7544.88	0.00126478
7542.95	0.00115167
7541.02	0.00116952
7539.09	0.00124069
7537.16	0.00137153
7535.23	0.00138313
7533.31	0.00132164
7531.38	0.00116516
7529.45	0.0012999
7527.52	0.00140367
7525.59	0.00122254
7523.67	0.00111693
7521.74	0.00111101
7519.81	0.00116626
7517.88	0.00123065
7515.95	0.00137488
7514.03	0.00136554
7512.1	0.00126763
7510.17	0.00131755
7508.24	0.00134946
7506.31	0.00135707
7504.39	0.00135248
7502.46	0.00129572
7500.53	0.00114868
7498.6	0.00124275
7496.67	0.00152262
7494.75	0.00156017
7492.82	0.00142661
7490.89	0.00117254
7488.96	0.00121766
7487.03	0.00143788
7485.11	0.00144087
7483.18	0.00138462
7481.25	0.00114616
7479.32	0.00113171
7477.39	0.0012368
7475.47	0.00123367
7473.54	0.00127714
7471.61	0.00138256
7469.68	0.00137808
7467.75	0.00128734
7465.83	0.00133148
7463.9	0.00142169
7461.97	0.00141105
7460.04	0.00145846
7458.11	0.00135684
7456.19	0.00142717
7454.26	0.00158624
7452.33	0.00156319
7450.4	0.00154713
7448.47	0.00146185
7446.54	0.00137452
7444.62	0.00153489
7442.69	0.00170604
7440.76	0.00175294
7438.83	0.001679
7436.91	0.00160712
7434.98	0.00148366
7433.05	0.00151587
7431.12	0.00159498
7429.19	0.00158647
7427.26	0.0015451
7425.34	0.00150304
7423.41	0.00156978
7421.48	0.00146314
7419.55	0.0013
7417.62	0.00132347
7415.7	0.00153137
7413.77	0.00145576
7411.84	0.00132819
7409.91	0.00134809
7407.98	0.0015613
7406.06	0.00148519
7404.13	0.00126581
7402.2	0.00129163
7400.27	0.00142704
7398.34	0.00155903
7396.42	0.00160885
7394.49	0.00138486
7392.56	0.0013229
7390.63	0.00139057
7388.7	0.00151012
7386.78	0.0015579
7384.85	0.0015041
7382.92	0.00158607
7380.99	0.00151301
7379.06	0.00141351
7377.14	0.0013005
7375.21	0.00136923
7373.28	0.00158986
7371.35	0.00174054
7369.42	0.00174799
7367.5	0.00141025
7365.57	0.0013563
7363.64	0.0017741
7361.71	0.00197946
7359.78	0.00178259
7357.86	0.00156881
7355.93	0.00145869
7354	0.00143635
7352.07	0.00149034
7350.14	0.00154334
7348.22	0.00148662
7346.29	0.00130824
7344.36	0.00135321
7342.43	0.00140247
7340.5	0.00133669
7338.58	0.00132772
7336.65	0.00148652
7334.72	0.0017104
7332.79	0.00173994
7330.86	0.00171013
7328.94	0.00166034
7327.01	0.00154876
7325.08	0.00134713
7323.15	0.00123138
7321.22	0.00128857
7319.29	0.00150533
7317.37	0.00174892
7315.44	0.00164151
7313.51	0.00141936
7311.58	0.00161956
7309.65	0.00163206
7307.73	0.00157902
7305.8	0.00170105
7303.87	0.00170424
7301.94	0.0015072
7300.01	0.00157247
7298.09	0.00171409
7296.16	0.00165821
7294.23	0.00164886
7292.3	0.00183076
7290.37	0.00191695
7288.45	0.00156106
7286.52	0.00146896
7284.59	0.00151441
7282.66	0.00147202
7280.73	0.00148412
7278.81	0.00165511
7276.88	0.00173887
7274.95	0.00166296
7273.02	0.00147957
7271.09	0.00163117
7269.17	0.00155767
7267.24	0.00132958
7265.31	0.00138589
7263.38	0.00163276
7261.45	0.00174642
7259.53	0.00166113
7257.6	0.00144512
7255.67	0.00147182
7253.74	0.00154913
7251.81	0.0015316
7249.89	0.00151624
7247.96	0.00158457
7246.03	0.00182025
7244.1	0.00183589
7242.17	0.00157114
7240.25	0.00127488
7238.32	0.00144173
7236.39	0.00162871
7234.46	0.0015722
7232.53	0.00158427
7230.61	0.00157111
7228.68	0.00158381
7226.75	0.00154926
7224.82	0.00141078
7222.89	0.00158191
7220.97	0.00176066
7219.04	0.00172174
7217.11	0.00170255
7215.18	0.00164241
7213.25	0.00156622
7211.33	0.00148871
7209.4	0.0014041
7207.47	0.00147548
7205.54	0.00147072
7203.61	0.00150656
7201.69	0.00167687
7199.76	0.00178878
7197.83	0.00162857
7195.9	0.00146816
7193.97	0.00155381
7192.04	0.00154081
7190.12	0.00151448
7188.19	0.00154899
7186.26	0.00160217
7184.33	0.00162405
7182.4	0.00159089
7180.48	0.00149553
7178.55	0.00139356
7176.62	0.00128269
7174.69	0.00143602
7172.76	0.00151651
7170.84	0.00146022
7168.91	0.00159558
7166.98	0.00151797
7165.05	0.00150999
7163.12	0.00151022
7161.2	0.00158913
7159.27	0.00173897
7157.34	0.00171502
7155.41	0.00157121
7153.48	0.00143651
7151.56	0.00141796
7149.63	0.00145882
7147.7	0.00149356
7145.77	0.00158617
7143.84	0.00167327
7141.92	0.00168681
7139.99	0.00164863
7138.06	0.00161314
7136.13	0.00169603
7134.2	0.00161371
7132.28	0.0015864
7130.35	0.00158813
7128.42	0.00165964
7126.49	0.00171499
7124.56	0.00160326
7122.64	0.00153543
7120.71	0.00158351
7118.78	0.00162598
7116.85	0.00157047
7114.92	0.00146035
7113	0.00145619
7111.07	0.00164603
7109.14	0.00164663
7107.21	0.00156316
7105.28	0.00166386
7103.36	0.00172726
7101.43	0.00165239
7099.5	0.00172547
7097.57	0.00171642
7095.64	0.00157037
7093.71	0.00157686
7091.79	0.00156778
7089.86	0.00145902
7087.93	0.00169546
7086	0.00190424
7084.08	0.00183785
7082.15	0.00173608
7080.22	0.00164603
7078.29	0.00164896
7076.36	0.0017576
7074.43	0.00171885
7072.51	0.00149034
7070.58	0.00155139
7068.65	0.00167737
7066.72	0.00161537
7064.79	0.00148535
7062.87	0.00134607
7060.94	0.00148618
7059.01	0.00153666
7057.08	0.00150008
7055.15	0.00154224
7053.23	0.00155079
7051.3	0.00147225
7049.37	0.00141108
7047.44	0.00149852
7045.51	0.00158321
7043.59	0.00150563
7041.66	0.00154407
7039.73	0.00169569
7037.8	0.00173248
7035.87	0.00167584
7033.95	0.00167001
7032.02	0.0018134
7030.09	0.00174054
7028.16	0.00170298
7026.23	0.0017423
7024.31	0.0017954
7022.38	0.00166063
7020.45	0.00148791
7018.52	0.00163749
7016.59	0.00180701
7014.67	0.00174227
7012.74	0.00159887
7010.81	0.00158148
7008.88	0.00166093
7006.95	0.00161826
7005.03	0.0015477
7003.1	0.00162312
7001.17	0.00170301
6999.24	0.00179696
6997.31	0.00192328
6995.39	0.00196378
6993.46	0.00170028
6991.53	0.00153433
6989.6	0.00155677
6987.67	0.00161148
6985.75	0.00162345
6983.82	0.00156692
6981.89	0.00163177
6979.96	0.00158198
6978.03	0.00153878
6976.1	0.00169001
6974.18	0.00173864
6972.25	0.00167617
6970.32	0.00160898
6968.39	0.00141464
6966.46	0.00146633
6964.54	0.00171751
6962.61	0.00174483
6960.68	0.00149503
6958.75	0.00150693
6956.82	0.00174316
6954.9	0.00180085
6952.97	0.00173571
6951.04	0.00163636
6949.11	0.00159887
6947.18	0.00164587
6945.26	0.00166546
6943.33	0.00168023
6941.4	0.00170318
6939.47	0.00164051
6937.54	0.00164447
6935.62	0.00171469
6933.69	0.00189589
6931.76	0.00178478
6929.83	0.00154553
6927.9	0.00181689
6925.98	0.00199447
6924.05	0.00168418
6922.12	0.00162405
6920.19	0.00167969
6918.26	0.00150484
6916.34	0.00132672
6914.41	0.00145141
6912.48	0.00162368
6910.55	0.00156598
6908.62	0.00147927
6906.7	0.00151907
6904.77	0.00157287
6902.84	0.00170607
6900.91	0.00167105
6898.98	0.00163083
6897.06	0.00165501
6895.13	0.00156309
6893.2	0.00155385
6891.27	0.00165827
6889.34	0.00157845
6887.42	0.00142106
6885.49	0.00145556
6883.56	0.00151597
6881.63	0.0016153
6879.7	0.00177627
6877.78	0.00189958
6875.85	0.00176229
6873.92	0.00152585
6871.99	0.00159458
6870.06	0.00166147
6868.14	0.0017926
6866.21	0.00174582
6864.28	0.00157187
6862.35	0.00159635
6860.42	0.00167168
6858.5	0.00162405
6856.57	0.00167637
6854.64	0.00166373
6852.71	0.00156372
6850.78	0.00156871
6848.85	0.00157546
6846.93	0.00156372
6845	0.00156698
6843.07	0.00168831
6841.14	0.00180182
6839.21	0.00180534
6837.29	0.00167863
6835.36	0.00169097
6833.43	0.00168957
6831.5	0.00164963
6829.57	0.00158444
6827.65	0.00156472
6825.72	0.00152854
6823.79	0.00159758
6821.86	0.00157224
6819.93	0.00157254
6818.01	0.00170095
6816.08	0.00167753
6814.15	0.0015605
6812.22	0.00156881
6810.29	0.00168365
6808.37	0.00168162
6806.44	0.00171871
6804.51	0.00177154
6802.58	0.00172018
6800.65	0.00157131
6798.73	0.00143016
6796.8	0.00145992
6794.87	0.00163975
6792.94	0.00167151
6791.01	0.00165315
6789.09	0.001776
6787.16	0.00182874
6785.23	0.00175118
6783.3	0.0016619
6781.37	0.00167238
6779.45	0.00163532
6777.52	0.00169336
6775.59	0.00179929
6773.66	0.00189472
6771.73	0.00175747
6769.81	0.00159601
6767.88	0.0015895
6765.95	0.00159901
6764.02	0.00149067
6762.09	0.00147272
6760.17	0.00166323
6758.24	0.0017609
6756.31	0.00162644
6754.38	0.00141148
6752.45	0.00147907
6750.53	0.00172766
6748.6	0.00186028
6746.67	0.001792
6744.74	0.00174313
6742.81	0.00182275
6740.88	0.00173694
6738.96	0.00155222
6737.03	0.00149253
6735.1	0.00153243
6733.17	0.00160393
6731.25	0.00151651
6729.32	0.00157593
6727.39	0.00165285
6725.46	0.00165711
6723.53	0.00173085
6721.6	0.00173438
6719.68	0.00168418
6717.75	0.00171026
6715.82	0.0016749
6713.89	0.00163832
6711.96	0.00166612
6710.04	0.0016944
6708.11	0.00174772
6706.18	0.00181909
6704.25	0.00188557
6702.32	0.00183982
6700.4	0.00163792
6698.47	0.0017103
6696.54	0.00173298
6694.61	0.00171838
6692.68	0.00169107
6690.76	0.00163835
6688.83	0.0016305
6686.9	0.00170557
6684.97	0.00159884
6683.04	0.00158531
6681.12	0.00166822
6679.19	0.00164341
6677.26	0.00162521
6675.33	0.00158727
6673.4	0.00147395
6671.48	0.00152246
6669.55	0.00164181
6667.62	0.00169965
6665.69	0.00174273
6663.76	0.00174143
6661.84	0.00158308
6659.91	0.00156013
6657.98	0.0016329
6656.05	0.00164168
6654.12	0.0016161
6652.2	0.00155737
6650.27	0.00166872
6648.34	0.00173438
6646.41	0.00178758
6644.48	0.00180704
6642.56	0.00181403
6640.63	0.00192381
6638.7	0.00182993
6636.77	0.00167623
6634.84	0.00160266
6632.92	0.00159724
6630.99	0.00155611
6629.06	0.00158038
6627.13	0.00160436
6625.2	0.00158341
6623.27	0.00162867
6621.35	0.00164231
6619.42	0.0015333
6617.49	0.00156608
6615.56	0.00161913
6613.63	0.00173944
6611.71	0.00182251
6609.78	0.00175321
6607.85	0.00157959
6605.92	0.00152512
6603.99	0.00171562
6602.07	0.00179653
6600.14	0.00169746
6598.21	0.00170161
6596.28	0.00174273
6594.35	0.00173678
6592.43	0.00166792
6590.5	0.001633
6588.57	0.00171871
6586.64	0.00171445
6584.71	0.00175913
6582.79	0.00170245
6580.86	0.00165984
6578.93	0.00167128
6577	0.00173781
6575.07	0.00173854
6573.15	0.00173229
6571.22	0.00175025
6569.29	0.00174503
6567.36	0.00174133
6565.43	0.0017418
6563.51	0.00180714
6561.58	0.00178881
6559.65	0.00165781
6557.72	0.00168382
6555.79	0.00173085
6553.87	0.00163808
6551.94	0.0016607
6550.01	0.00168808
6548.08	0.0016147
6546.15	0.00159442
6544.23	0.0016464
6542.3	0.00174433
6540.37	0.00169686
6538.44	0.00160293
6536.51	0.00168142
6534.59	0.00178768
6532.66	0.00172656
6530.73	0.00181915
6528.8	0.00173884
6526.87	0.00144719
6524.95	0.00139745
6523.02	0.00151993
6521.09	0.00166419
6519.16	0.00167873
6517.23	0.00168688
6515.31	0.00163569
6513.38	0.00167204
6511.45	0.00164919
6509.52	0.00161457
6507.59	0.00167487
6505.67	0.00163223
6503.74	0.00164118
6501.81	0.00174137
6499.88	0.00178126
6497.95	0.00174735
6496.02	0.00179573
6494.1	0.00183106
6492.17	0.00184201
6490.24	0.00181602
6488.31	0.00169496
6486.38	0.0015718
6484.46	0.00165611
6482.53	0.00184467
6480.6	0.00185016
6478.67	0.00173601
6476.74	0.00166556
6474.82	0.00174024
6472.89	0.00186444
6470.96	0.00177946
6469.03	0.00173827
6467.1	0.00174686
6465.18	0.00181426
6463.25	0.00181523
6461.32	0.00169303
6459.39	0.00162857
6457.46	0.00170863
6455.54	0.00166313
6453.61	0.00166739
6451.68	0.00172407
6449.75	0.00177071
6447.82	0.0018479
6445.9	0.00175484
6443.97	0.00164543
6442.04	0.00166243
6440.11	0.00180608
6438.18	0.00183319
6436.26	0.00183672
6434.33	0.00176196
6432.4	0.00162728
6430.47	0.00150696
6428.54	0.00159399
6426.62	0.00176432
6424.69	0.00174077
6422.76	0.00162751
6420.83	0.00159498
6418.9	0.00169706
6416.98	0.00170527
6415.05	0.00175983
6413.12	0.00175637
6411.19	0.0017104
6409.26	0.00163725
6407.34	0.00165029
6405.41	0.00166473
6403.48	0.00163439
6401.55	0.00168003
6399.62	0.00171991
6397.7	0.00170012
6395.77	0.00161161
6393.84	0.00166054
6391.91	0.00172863
6389.98	0.00180694
6388.06	0.00190507
6386.13	0.00176941
6384.2	0.00163203
6382.27	0.00163722
6380.34	0.00169796
6378.42	0.00173781
6376.49	0.00178605
6374.56	0.00188574
6372.63	0.00185259
6370.7	0.00168438
6368.77	0.0016783
6366.85	0.00182045
6364.92	0.00174855
6362.99	0.00167001
6361.06	0.00172327
6359.13	0.00182707
6357.21	0.00180391
6355.28	0.00181366
6353.35	0.00179407
6351.42	0.00180192
6349.49	0.00181213
6347.57	0.00182238
6345.64	0.00180877
6343.71	0.00172107
6341.78	0.0015864
6339.85	0.00157553
6337.93	0.00161677
6336	0.00168142
6334.07	0.00170893
6332.14	0.00174572
6330.21	0.00169796
6328.29	0.00168442
6326.36	0.00166948
6324.43	0.00173438
6322.5	0.00168798
6320.57	0.00171974
6318.65	0.00178385
6316.72	0.00180202
6314.79	0.00184527
6312.86	0.00176216
6310.93	0.00171974
6309.01	0.001793
6307.08	0.00186564
6305.15	0.0018497
6303.22	0.00166998
6301.29	0.00162106
6299.37	0.00166566
6297.44	0.00164547
6295.51	0.00163682
6293.58	0.00167507
6291.65	0.00171712
6289.73	0.00181456
6287.8	0.00185296
6285.87	0.00177623
6283.94	0.00182824
6282.01	0.00183912
6280.08	0.00178728
6278.16	0.00181443
6276.23	0.0019109
6274.3	0.00183
6272.37	0.0017945
6270.45	0.0017258
6268.52	0.00164364
6266.59	0.00169496
6264.66	0.00170561
6262.73	0.00160326
6260.8	0.00159818
6258.88	0.00163363
6256.95	0.00164956
6255.02	0.00157377
6253.09	0.00144383
6251.17	0.00149971
6249.24	0.00172161
6247.31	0.00178385
6245.38	0.00156991
6243.45	0.00152442
6241.52	0.00163253
6239.6	0.00161098
6237.67	0.00160666
6235.74	0.00166669
6233.81	0.00175487
6231.88	0.00176778
6229.96	0.00179659
6228.03	0.00179716
6226.1	0.00171053
6224.17	0.00159761
6222.24	0.00159641
6220.32	0.00165418
6218.39	0.0016931
6216.46	0.00172394
6214.53	0.00165412
6212.6	0.00161005
6210.68	0.00162136
6208.75	0.00162003
6206.82	0.00162987
6204.89	0.00161903
6202.96	0.00170617
6201.04	0.00170444
6199.11	0.00167444
6197.18	0.00178864
6195.25	0.00183303
6193.32	0.00171445
6191.4	0.00161011
6189.47	0.00162508
6187.54	0.00172713
6185.61	0.00175893
6183.68	0.00168206
6181.76	0.00168728
6179.83	0.00169549
6177.9	0.0015743
6175.97	0.00153579
6174.04	0.00171668
6172.12	0.00189163
6170.19	0.00189665
6168.26	0.00178448
6166.33	0.00169559
6164.4	0.00164846
6162.48	0.0016904
6160.55	0.00171179
6158.62	0.00157812
6156.69	0.00161597
6154.76	0.001561
6152.83	0.00157393
6150.91	0.00164899
6148.98	0.00161693
6147.05	0.00166323
6145.12	0.0017088
6143.19	0.00159974
6141.27	0.00154008
6139.34	0.00155717
6137.41	0.00169037
6135.48	0.00177114
6133.55	0.00169017
6131.63	0.00155627
6129.7	0.00156798
6127.77	0.00165555
6125.84	0.00166885
6123.91	0.00167587
6121.99	0.00166123
6120.06	0.00166027
6118.13	0.0017421
6116.2	0.00178049
6114.27	0.00180152
6112.35	0.00185206
6110.42	0.00175175
6108.49	0.00161394
6106.56	0.00163167
6104.63	0.00171525
6102.71	0.0017564
6100.78	0.0017267
6098.85	0.00169426
6096.92	0.00157855
6094.99	0.0015319
6093.07	0.00158757
6091.14	0.00156266
6089.21	0.00161105
6087.28	0.00167278
6085.35	0.00172919
6083.43	0.00168781
6081.5	0.00175012
6079.57	0.00179979
6077.64	0.00171988
6075.71	0.00162917
6073.79	0.00162086
6071.86	0.00160333
6069.93	0.00168112
6068	0.00172952
6066.07	0.00167411
6064.15	0.00165471
6062.22	0.00170334
6060.29	0.00166719
6058.36	0.00166363
6056.43	0.00177038
6054.51	0.00176968
6052.58	0.00179443
6050.65	0.00177018
6048.72	0.00178319
6046.79	0.00182561
6044.87	0.00176436
6042.94	0.00165136
6041.01	0.00162811
6039.08	0.0016909
6037.15	0.00168558
6035.23	0.00168432
6033.3	0.00171372
6031.37	0.00164733
6029.44	0.00166296
6027.51	0.00171938
6025.58	0.00170677
6023.66	0.00174463
6021.73	0.00170877
6019.8	0.00172537
6017.87	0.00173767
6015.94	0.00173824
6014.02	0.00173445
6012.09	0.00167278
6010.16	0.00170095
6008.23	0.00167198
6006.3	0.00154942
6004.38	0.00156991
6002.45	0.00160619
6000.52	0.00158773
5998.59	0.00156682
5996.66	0.00160915
5994.74	0.00165019
5992.81	0.00166147
5990.88	0.0016756
5988.95	0.00169533
5987.02	0.00168864
5985.1	0.00165614
5983.17	0.0017067
5981.24	0.00179796
5979.31	0.00174779
5977.38	0.00165315
5975.46	0.00167188
5973.53	0.00167387
5971.6	0.00167181
5969.67	0.00159764
5967.74	0.00157407
5965.82	0.00158238
5963.89	0.00157264
5961.96	0.00166875
5960.03	0.00171964
5958.1	0.00167929
5956.18	0.00163902
5954.25	0.00167607
5952.32	0.00171948
5950.39	0.0017406
5948.46	0.00180298
5946.54	0.00187179
5944.61	0.00186314
5942.68	0.00167188
5940.75	0.00155953
5938.82	0.00159335
5936.9	0.00166712
5934.97	0.00174965
5933.04	0.00171512
5931.11	0.00169157
5929.18	0.00171981
5927.25	0.00165708
5925.33	0.00163815
5923.4	0.00166439
5921.47	0.00159961
5919.54	0.00149326
5917.62	0.00139971
5915.69	0.00147455
5913.76	0.00173065
5911.83	0.00180867
5909.9	0.0017066
5907.97	0.00167973
5906.05	0.00163223
5904.12	0.00163932
5902.19	0.00170484
5900.26	0.00167966
5898.33	0.00170268
5896.41	0.00176342
5894.48	0.00178249
5892.55	0.00173062
5890.62	0.0016478
5888.69	0.00170507
5886.77	0.00172051
5884.84	0.0016167
5882.91	0.00159412
5880.98	0.00163975
5879.05	0.00162348
5877.13	0.00151059
5875.2	0.00150992
5873.27	0.00164843
5871.34	0.00178668
5869.41	0.00173175
5867.49	0.00161786
5865.56	0.0016482
5863.63	0.00172766
5861.7	0.00175667
5859.77	0.00177773
5857.85	0.00178052
5855.92	0.00169486
5853.99	0.00168212
5852.06	0.00170128
5850.13	0.0017929
5848.21	0.00178372
5846.28	0.00176326
5844.35	0.00175654
5842.42	0.00172956
5840.49	0.00169988
5838.57	0.00177886
5836.64	0.00178688
5834.71	0.00162511
5832.78	0.00158793
5830.85	0.00160852
5828.93	0.00168951
5827	0.00170394
5825.07	0.00173478
5823.14	0.00181053
5821.21	0.00179001
5819.29	0.00175268
5817.36	0.00172131
5815.43	0.00165901
5813.5	0.00164081
5811.57	0.00165126
5809.65	0.0016944
5807.72	0.00167055
5805.79	0.00169456
5803.86	0.00171033
5801.93	0.0017267
5800	0.00180252
5798.08	0.00176961
5796.15	0.00167138
5794.22	0.0016907
5792.29	0.00174376
5790.36	0.00177803
5788.44	0.00180082
5786.51	0.00176612
5784.58	0.00168209
5782.65	0.0016306
5780.72	0.00175404
5778.8	0.00184248
5776.87	0.00174666
5774.94	0.00159329
5773.01	0.00159921
5771.08	0.0016623
5769.16	0.00168345
5767.23	0.00172317
5765.3	0.00166453
5763.37	0.00155933
5761.44	0.00158447
5759.52	0.00165811
5757.59	0.00173238
5755.66	0.00178349
5753.73	0.00169067
5751.8	0.00174822
5749.88	0.00174958
5747.95	0.00163014
5746.02	0.00157107
5744.09	0.00157546
5742.16	0.00170394
5740.24	0.00179051
5738.31	0.00178322
5736.38	0.00173624
5734.45	0.00183469
5732.52	0.00176103
5730.6	0.00158853
5728.67	0.00166107
5726.74	0.00167417
5724.81	0.00157526
5722.88	0.00163759
5720.96	0.0017408
5719.03	0.00172809
5717.1	0.00171981
5715.17	0.00169011
5713.24	0.00164487
5711.32	0.00164763
5709.39	0.00169413
5707.46	0.00167218
5705.53	0.00166037
5703.6	0.00171349
5701.68	0.00169024
5699.75	0.00160762
5697.82	0.00164174
5695.89	0.00171635
5693.96	0.00174646
5692.03	0.00173265
5690.11	0.00171469
5688.18	0.00170577
5686.25	0.00169576
5684.32	0.0015749
5682.4	0.00151308
5680.47	0.00159452
5678.54	0.00164081
5676.61	0.00176136
5674.68	0.00183166
5672.75	0.00178209
5670.83	0.00171153
5668.9	0.00165598
5666.97	0.00166419
5665.04	0.00163749
5663.11	0.00165897
5661.19	0.0017582
5659.26	0.00176432
5657.33	0.00166928
5655.4	0.00162146
5653.47	0.00161873
5651.55	0.00163798
5649.62	0.00164364
5647.69	0.00169549
5645.76	0.00160855
5643.83	0.0015312
5641.91	0.00162012
5639.98	0.00167723
5638.05	0.0016606
5636.12	0.0016941
5634.19	0.00163652
5632.27	0.00148176
5630.34	0.00158002
5628.41	0.00175331
5626.48	0.001846
5624.55	0.0017762
5622.63	0.00174107
5620.7	0.00177161
5618.77	0.00175973
5616.84	0.00174117
5614.91	0.00168581
5612.99	0.00167813
5611.06	0.00170966
5609.13	0.00176329
5607.2	0.00178635
5605.27	0.00176662
5603.35	0.00174037
5601.42	0.00175451
5599.49	0.00166685
5597.56	0.00169925
5595.63	0.00173608
5593.71	0.00173651
5591.78	0.00170231
5589.85	0.00166236
5587.92	0.00161903
5585.99	0.0016294
5584.07	0.00169027
5582.14	0.00171652
5580.21	0.00169839
5578.28	0.00170747
5576.35	0.0017412
5574.43	0.00174173
5572.5	0.00168987
5570.57	0.00168828
5568.64	0.00163665
5566.71	0.00163665
5564.79	0.00161304
5562.86	0.00152196
5560.93	0.00163652
5559	0.00168661
5557.07	0.00167291
5555.14	0.00171715
5553.22	0.00169653
5551.29	0.00164889
5549.36	0.00168222
5547.43	0.00171918
5545.5	0.00170674
5543.58	0.00164158
5541.65	0.00164583
5539.72	0.00178455
5537.79	0.00183589
5535.86	0.00172912
5533.94	0.00168927
5532.01	0.00171695
5530.08	0.00175634
5528.15	0.00181506
5526.22	0.00172234
5524.3	0.00164763
5522.37	0.00175491
5520.44	0.00173322
5518.51	0.00164051
5516.58	0.00157959
5514.66	0.00159894
5512.73	0.0016151
5510.8	0.00158833
5508.87	0.00161278
5506.94	0.00172663
5505.02	0.00180727
5503.09	0.00177577
5501.16	0.00168867
5499.23	0.00157177
5497.3	0.00158497
5495.38	0.0016465
5493.45	0.00159924
5491.52	0.00164447
5489.59	0.00164331
5487.66	0.00158634
5485.74	0.00163542
5483.81	0.00160263
5481.88	0.00161364
5479.95	0.0017767
5478.02	0.00176176
5476.1	0.00159887
5474.17	0.00156635
5472.24	0.00159974
5470.31	0.00160842
5468.38	0.00171432
5466.46	0.00173954
5464.53	0.00173029
5462.6	0.00167786
5460.67	0.00162092
5458.74	0.00159655
5456.82	0.00159172
5454.89	0.00164667
5452.96	0.00171924
5451.03	0.00173105
5449.1	0.00171326
5447.17	0.00167018
5445.25	0.00160463
5443.32	0.00156751
5441.39	0.00166649
5439.46	0.0017064
5437.54	0.00170005
5435.61	0.00166662
5433.68	0.00164351
5431.75	0.00150696
5429.82	0.00153962
5427.89	0.00170052
5425.97	0.00165744
5424.04	0.00158587
5422.11	0.00162681
5420.18	0.00166207
5418.25	0.00166516
5416.33	0.00165066
5414.4	0.00161141
5412.47	0.00164603
5410.54	0.00166805
5408.61	0.00159571
5406.69	0.00164933
5404.76	0.00167999
5402.83	0.00172058
5400.9	0.00174356
5398.97	0.00169985
5397.05	0.001617
5395.12	0.00162422
5393.19	0.0017229
5391.26	0.00165102
5389.33	0.00160137
5387.41	0.00165491
5385.48	0.00168049
5383.55	0.00171738
5381.62	0.00174486
5379.69	0.00174509
5377.77	0.00178714
5375.84	0.00171908
5373.91	0.0015744
5371.98	0.00159129
5370.05	0.00167294
5368.13	0.00169057
5366.2	0.0016767
5364.27	0.0016626
5362.34	0.00162245
5360.41	0.00160908
5358.49	0.00163845
5356.56	0.00163203
5354.63	0.00162654
5352.7	0.0016762
5350.77	0.00167251
5348.85	0.00166107
5346.92	0.00167584
5344.99	0.00172936
5343.06	0.0017254
5341.13	0.00161557
5339.21	0.0016005
5337.28	0.00162851
5335.35	0.00166093
5333.42	0.00161045
5331.49	0.00152678
5329.56	0.00164859
5327.64	0.00170245
5325.71	0.00161916
5323.78	0.00159641
5321.85	0.00165185
5319.92	0.00159425
5318	0.00152844
5316.07	0.0015857
5314.14	0.00157892
5312.21	0.00158112
5310.28	0.0016173
5308.36	0.00165471
5306.43	0.00165498
5304.5	0.00165937
5302.57	0.00163945
5300.64	0.00165608
5298.72	0.00164041
5296.79	0.00160473
5294.86	0.00155208
5292.93	0.00148482
5291	0.00152326
5289.08	0.00145663
5287.15	0.00145453
5285.22	0.00159555
5283.29	0.00159565
5281.36	0.00161587
5279.44	0.00163473
5277.51	0.00159452
5275.58	0.00154374
5273.65	0.00160247
5271.72	0.00167989
5269.8	0.00165654
5267.87	0.0016455
5265.94	0.00167347
5264.01	0.00164357
5262.08	0.00165588
5260.16	0.00167344
5258.23	0.00164587
5256.3	0.00159961
5254.37	0.00162658
5252.44	0.00162565
5250.52	0.00157915
5248.59	0.00164746
5246.66	0.00161733
5244.73	0.00157686
5242.8	0.00166932
5240.88	0.00174479
5238.95	0.001691
5237.02	0.00165169
5235.09	0.00158145
5233.16	0.00159927
5231.24	0.00160559
5229.31	0.00162122
5227.38	0.0016769
5225.45	0.00171585
5223.52	0.00168112
5221.6	0.00169044
5219.67	0.00167886
5217.74	0.00167141
5215.81	0.00169037
5213.88	0.00168784
5211.96	0.00165082
5210.03	0.00164567
5208.1	0.00167763
5206.17	0.00170304
5204.24	0.00167953
5202.31	0.00161407
5200.39	0.00152914
5198.46	0.00149702
5196.53	0.00151528
5194.6	0.00156256
5192.67	0.00159485
5190.75	0.00162036
5188.82	0.00159019
5186.89	0.00157131
5184.96	0.00160316
5183.03	0.0016769
5181.11	0.00167597
5179.18	0.00164058
5177.25	0.00156007
5175.32	0.00159741
5173.39	0.00160473
5171.47	0.00157493
5169.54	0.0016179
5167.61	0.00167467
5165.68	0.00165245
5163.75	0.00159688
5161.83	0.00157536
5159.9	0.00162478
5157.97	0.00167643
5156.04	0.00169539
5154.11	0.00162811
5152.19	0.00156249
5150.26	0.0015465
5148.33	0.00151235
5146.4	0.00154234
5144.47	0.00162867
5142.55	0.00165711
5140.62	0.00159724
5138.69	0.00160888
5136.76	0.00169603
5134.83	0.00166236
5132.91	0.00152449
5130.98	0.00155102
5129.05	0.0016014
5127.12	0.00162724
5125.19	0.00168382
5123.27	0.00172234
5121.34	0.00177663
5119.41	0.00178026
5117.48	0.00180684
5115.55	0.00177766
5113.62	0.00168631
5111.7	0.00159122
5109.77	0.00156702
5107.84	0.001618
5105.91	0.001633
5103.99	0.00164377
5102.06	0.00164507
5100.13	0.00161018
5098.2	0.00153429
5096.27	0.00153948
5094.34	0.0015744
5092.42	0.00158118
5090.49	0.00165315
5088.56	0.00172633
5086.63	0.00168452
5084.71	0.0016323
5082.78	0.0015446
5080.85	0.00157722
5078.92	0.00166436
5076.99	0.00165598
5075.06	0.0017065
5073.14	0.00167906
5071.21	0.00155182
5069.28	0.00150743
5067.35	0.00152821
5065.42	0.00158617
5063.5	0.00163908
5061.57	0.00163532
5059.64	0.00160143
5057.71	0.00163692
5055.78	0.00159934
5053.86	0.001589
5051.93	0.00160207
5050	0.00161038
5048.07	0.0016179
5046.14	0.00157716
5044.22	0.00151172
5042.29	0.00159734
5040.36	0.00159961
5038.43	0.00153529
5036.5	0.00155268
5034.58	0.00154171
5032.65	0.00155874
5030.72	0.00166063
5028.79	0.00161933
5026.86	0.00170141
5024.94	0.00166689
5023.01	0.00154377
5021.08	0.00158417
5019.15	0.00162501
5017.22	0.00162668
5015.3	0.00159861
5013.37	0.00160406
5011.44	0.00152006
5009.51	0.00154553
5007.58	0.00166469
5005.66	0.00170364
5003.73	0.00168432
5001.8	0.00164001
4999.87	0.00163103
4997.94	0.001601
4996.02	0.00157822
4994.09	0.001632
4992.16	0.00164321
4990.23	0.0015866
4988.3	0.00157985
4986.38	0.0016316
4984.45	0.00163848
4982.52	0.00162195
4980.59	0.00160137
4978.66	0.00161643
4976.73	0.00161564
4974.81	0.00163685
4972.88	0.00163812
4970.95	0.00159166
4969.02	0.0016332
4967.09	0.00177251
4965.17	0.00177114
4963.24	0.00166203
4961.31	0.00169097
4959.38	0.00167168
4957.45	0.00160463
4955.53	0.00166117
4953.6	0.00165192
4951.67	0.00160516
4949.74	0.00159246
4947.81	0.00154341
4945.89	0.00152887
4943.96	0.00158537
4942.03	0.00164068
4940.1	0.00165535
4938.17	0.00169396
4936.25	0.00165654
4934.32	0.00158713
4932.39	0.00159448
4930.46	0.00156791
4928.53	0.00153579
4926.61	0.0016608
4924.68	0.00181393
4922.75	0.00178076
4920.82	0.00160543
4918.89	0.00157084
4916.97	0.00159063
4915.04	0.00149183
4913.11	0.00142179
4911.18	0.00156113
4909.25	0.00157264
4907.33	0.00155551
4905.4	0.00156542
4903.47	0.00159508
4901.54	0.00156795
4899.61	0.00152239
4897.69	0.00160975
4895.76	0.00166752
4893.83	0.00176445
4891.9	0.00171738
4889.97	0.00156595
4888.05	0.00150693
4886.12	0.00160343
4884.19	0.0017109
4882.26	0.00175571
4880.33	0.00169819
4878.41	0.00153057
4876.48	0.00147418
4874.55	0.00160802
4872.62	0.00162358
4870.69	0.00155272
4868.77	0.00159934
4866.84	0.00169566
4864.91	0.00171193
4862.98	0.00164776
4861.05	0.00162202
4859.12	0.00160443
4857.2	0.00163103
4855.27	0.00161713
4853.34	0.00157952
4851.41	0.00158487
4849.48	0.00159329
4847.56	0.00159186
4845.63	0.00162322
4843.7	0.00159977
4841.77	0.00156801
4839.84	0.00157506
4837.92	0.00156302
4835.99	0.00159073
4834.06	0.00168854
4832.13	0.00172337
4830.2	0.00168571
4828.28	0.00159768
4826.35	0.00156455
4824.42	0.00151012
4822.49	0.00153775
4820.56	0.00158324
4818.64	0.00156848
4816.71	0.00159565
4814.78	0.00158604
4812.85	0.00163749
4810.92	0.00161504
4809	0.00161421
4807.07	0.00163566
4805.14	0.00161021
4803.21	0.00161457
4801.28	0.00163246
4799.36	0.00154164
4797.43	0.00155375
4795.5	0.00162701
4793.57	0.00162358
4791.64	0.00167544
4789.72	0.00170627
4787.79	0.00169413
4785.86	0.00166509
4783.93	0.00155774
4782	0.00149177
4780.08	0.00160336
4778.15	0.00162342
4776.22	0.0015333
4774.29	0.00153124
4772.36	0.0016148
4770.44	0.00164201
4768.51	0.00149712
4766.58	0.0014064
4764.65	0.00143113
4762.72	0.00138735
4760.79	0.00149247
4758.87	0.00160423
4756.94	0.00169207
4755.01	0.00176994
4753.08	0.00167943
4751.16	0.00160649
4749.23	0.00156625
4747.3	0.00156396
4745.37	0.00150643
4743.44	0.00152216
4741.51	0.00158787
4739.59	0.00163024
4737.66	0.00164913
4735.73	0.00151255
4733.8	0.00145287
4731.88	0.00153952
4729.95	0.00157147
4728.02	0.00148356
4726.09	0.00141451
4724.16	0.00144898
4722.23	0.00151089
4720.31	0.00150427
4718.38	0.00148582
4716.45	0.00148156
4714.52	0.00152389
4712.59	0.00167703
4710.67	0.0016601
4708.74	0.00163572
4706.81	0.00169556
4704.88	0.00174569
4702.95	0.00172194
4701.03	0.0016
4699.1	0.00149233
4697.17	0.00147325
4695.24	0.00161836
4693.31	0.00161657
4691.39	0.00155218
4689.46	0.0014921
4687.53	0.00157739
4685.6	0.00162797
4683.67	0.001546
4681.75	0.00155195
4679.82	0.00165066
4677.89	0.00156835
4675.96	0.00148512
4674.03	0.00147751
4672.11	0.00147345
4670.18	0.00146926
4668.25	0.00147894
4666.32	0.00154264
4664.39	0.00160702
4662.47	0.0016754
4660.54	0.00164929
4658.61	0.001587
4656.68	0.00154361
4654.75	0.00160366
4652.83	0.00164134
4650.9	0.00167514
4648.97	0.00165661
4647.04	0.00157799
4645.11	0.00148991
4643.19	0.00147624
4641.26	0.00151943
4639.33	0.00155381
4637.4	0.00157137
4635.47	0.00165029
4633.54	0.00172008
4631.62	0.00168631
4629.69	0.00156515
4627.76	0.00147348
4625.83	0.00151188
4623.9	0.00158707
4621.98	0.00158417
4620.05	0.00162738
4618.12	0.00161384
4616.19	0.00168139
4614.26	0.00169579
4612.34	0.0016034
4610.41	0.00166589
4608.48	0.0017085
4606.55	0.00161677
4604.62	0.00156974
4602.7	0.00157157
4600.77	0.00157367
4598.84	0.00161577
4596.91	0.00157274
4594.98	0.00152628
4593.06	0.00151178
4591.13	0.00151591
4589.2	0.00158058
4587.27	0.00156931
4585.34	0.00154387
4583.42	0.00162126
4581.49	0.00160666
4579.56	0.00148
4577.63	0.00138313
4575.7	0.00150986
4573.78	0.00164218
4571.85	0.00165601
4569.92	0.00155907
4567.99	0.0014784
4566.06	0.00149386
4564.14	0.00160705
4562.21	0.00162146
4560.28	0.00159768
4558.35	0.00158361
4556.42	0.00160991
4554.5	0.00166772
4552.57	0.00157802
4550.64	0.00152695
4548.71	0.0015052
4546.78	0.00148529
4544.86	0.00150131
4542.93	0.00161294
4541	0.00159585
4539.07	0.00151295
4537.14	0.00153779
4535.22	0.00162481
4533.29	0.00161327
4531.36	0.0016008
4529.43	0.00152545
4527.5	0.00152086
4525.58	0.00156914
4523.65	0.00148715
4521.72	0.00153439
4519.79	0.00159954
4517.86	0.00155854
4515.94	0.00154976
4514.01	0.00153705
4512.08	0.00155933
4510.15	0.00157915
4508.22	0.00154816
4506.29	0.00155621
4504.37	0.00157663
4502.44	0.00149875
4500.51	0.00149942
4498.58	0.00148369
4496.65	0.0015203
4494.73	0.0015737
4492.8	0.0016324
4490.87	0.00157706
4488.94	0.00144795
4487.01	0.00138785
4485.09	0.00144572
4483.16	0.00158424
4481.23	0.00159788
4479.3	0.00160626
4477.37	0.00156432
4475.45	0.00153922
4473.52	0.00157905
4471.59	0.00154863
4469.66	0.00153519
4467.73	0.00160755
4465.81	0.00164414
4463.88	0.00166626
4461.95	0.00162821
4460.02	0.00160163
4458.09	0.00162012
4456.17	0.00160343
4454.24	0.00152811
4452.31	0.00156306
4450.38	0.00160104
4448.45	0.00161364
4446.53	0.00154853
4444.6	0.00157643
4442.67	0.00168468
4440.74	0.00169962
4438.81	0.00162372
4436.89	0.00151178
4434.96	0.00153523
4433.03	0.00156728
4431.1	0.00158996
4429.17	0.00160004
4427.25	0.00156525
4425.32	0.00154879
4423.39	0.00161088
4421.46	0.00165917
4419.53	0.00166622
4417.61	0.00172334
4415.68	0.00163536
4413.75	0.00155139
4411.82	0.00160569
4409.89	0.00157929
4407.96	0.00150683
4406.04	0.00151468
4404.11	0.00148901
4402.18	0.00152871
4400.25	0.00162475
4398.33	0.00158321
4396.4	0.0015719
4394.47	0.00165478
4392.54	0.0016459
4390.61	0.00163017
4388.68	0.00165412
4386.76	0.00161537
4384.83	0.00159987
4382.9	0.00164307
4380.97	0.00162811
4379.04	0.00164301
4377.12	0.00167095
4375.19	0.00155079
4373.26	0.00150863
4371.33	0.00153183
4369.4	0.00148033
4367.48	0.0014933
4365.55	0.00157623
4363.62	0.00159295
4361.69	0.00157609
4359.76	0.00151365
4357.84	0.00149193
4355.91	0.00149293
4353.98	0.00148392
4352.05	0.00153848
4350.12	0.00159039
4348.2	0.00153429
4346.27	0.00145736
4344.34	0.00151371
4342.41	0.00161098
4340.48	0.00159685
4338.56	0.00161673
4336.63	0.00161823
4334.7	0.00159828
4332.77	0.00162611
4330.84	0.00163453
4328.92	0.00160054
4326.99	0.00158092
4325.06	0.00152675
4323.13	0.00149805
4321.2	0.00158344
4319.28	0.00166087
4317.35	0.00167953
4315.42	0.00158437
4313.49	0.00154055
4311.56	0.00150563
4309.64	0.00154121
4307.71	0.00160253
4305.78	0.0015716
4303.85	0.00156462
4301.92	0.00158215
4300	0.00155677
4298.07	0.00154893
4296.14	0.00157287
4294.21	0.00154307
4292.28	0.00158118
4290.35	0.00157859
4288.43	0.00158235
4286.5	0.00161514
4284.57	0.00161467
4282.64	0.00159182
4280.71	0.00154257
4278.79	0.00157094
4276.86	0.00162026
4274.93	0.00160396
4273	0.00152465
4271.07	0.00154208
4269.15	0.00154347
4267.22	0.00156602
4265.29	0.0016629
4263.36	0.00168498
4261.43	0.00161224
4259.51	0.0016301
4257.58	0.00163206
4255.65	0.00149948
4253.72	0.00147887
4251.79	0.0015599
4249.87	0.00150563
4247.94	0.00148961
4246.01	0.00137422
4244.08	0.00139283
4242.15	0.00159558
4240.23	0.00165824
4238.3	0.00162079
4236.37	0.00156086
4234.44	0.00160775
4232.51	0.00163223
4230.59	0.00163935
4228.66	0.00169164
4226.73	0.00160862
4224.8	0.0015582
4222.87	0.00154507
4220.95	0.00163516
4219.02	0.00163626
4217.09	0.00160303
4215.16	0.00165711
4213.23	0.00166845
4211.31	0.0015726
4209.38	0.00164617
4207.45	0.00174316
4205.52	0.00166995
4203.59	0.00156176
4201.67	0.00149057
4199.74	0.00146627
4197.81	0.00150357
4195.88	0.00154297
4193.95	0.00155531
4192.03	0.00160213
4190.1	0.00159375
4188.17	0.00156708
4186.24	0.00160133
4184.31	0.00162289
4182.39	0.00159864
4180.46	0.00156063
4178.53	0.00153735
4176.6	0.00155624
4174.67	0.00160064
4172.75	0.00165042
4170.82	0.00165837
4168.89	0.00168675
4166.96	0.00165046
4165.03	0.00153709
4163.1	0.00145932
4161.18	0.00151006
4159.25	0.00158664
4157.32	0.00165405
4155.39	0.00162305
4153.46	0.00156123
4151.54	0.00160187
4149.61	0.00162026
4147.68	0.00168492
4145.75	0.00167271
4143.82	0.00158288
4141.9	0.0015582
4139.97	0.00158368
4138.04	0.00159465
4136.11	0.00157709
4134.18	0.00146993
4132.26	0.00146431
4130.33	0.00155584
4128.4	0.00162299
4126.47	0.00166486
4124.54	0.00164713
4122.62	0.001507
4120.69	0.00133719
4118.76	0.00132689
4116.83	0.00143203
4114.9	0.00154863
4112.98	0.00160363
4111.05	0.00168349
4109.12	0.00168009
4107.19	0.0015874
4105.26	0.0015183
4103.34	0.00148658
4101.41	0.00149825
4099.48	0.00147235
4097.55	0.00144396
4095.62	0.00161291
4093.7	0.00167118
4091.77	0.00156781
4089.84	0.0016149
4087.91	0.00155933
4085.98	0.00149469
4084.06	0.00154869
4082.13	0.00158963
4080.2	0.0016325
4078.27	0.00169107
4076.34	0.00166872
4074.42	0.00162515
4072.49	0.00159043
4070.56	0.00151002
4068.63	0.0015582
4066.7	0.00160848
4064.78	0.00162069
4062.85	0.00152718
4060.92	0.00146052
4058.99	0.0015328
4057.06	0.0015445
4055.14	0.00146663
4053.21	0.00142022
4051.28	0.00150138
4049.35	0.00158511
4047.42	0.00167025
4045.5	0.00172646
4043.57	0.00164085
4041.64	0.00157802
4039.71	0.00169576
4037.78	0.00172966
4035.85	0.0016757
4033.93	0.00160968
4032	0.00164075
4030.07	0.00168325
4028.14	0.0017089
4026.21	0.00161417
4024.29	0.00157792
4022.36	0.00164111
4020.43	0.00165471
4018.5	0.00162202
4016.57	0.00147518
4014.65	0.00145363
4012.72	0.00160363
4010.79	0.00171262
4008.86	0.00168542
4006.93	0.00165757
4005.01	0.00168695
4003.08	0.00175574
4001.15	0.00169057
3999.22	0.00158268
3997.29	0.00153878
3995.37	0.00158491
3993.44	0.00157945
3991.51	0.00159126
3989.58	0.00168811
3987.65	0.00170135
3985.73	0.00166895
3983.8	0.00164171
3981.87	0.00156213
3979.94	0.00154786
3978.01	0.00149981
3976.09	0.00150061
3974.16	0.00164543
3972.23	0.00159222
3970.3	0.0015598
3968.37	0.00168395
3966.45	0.00169257
3964.52	0.00157702
3962.59	0.00152625
3960.66	0.00155228
3958.73	0.00159994
3956.81	0.00159532
3954.88	0.00164008
3952.95	0.00167943
3951.02	0.00155967
3949.09	0.0015182
3947.17	0.00156243
3945.24	0.00155082
3943.31	0.00161005
3941.38	0.00166539
3939.45	0.00171006
3937.53	0.00162405
3935.6	0.00153842
3933.67	0.00164553
3931.74	0.00169027
3929.81	0.00164118
3927.88	0.00158384
3925.96	0.00159648
3924.03	0.00167371
3922.1	0.00162857
3920.17	0.00158228
3918.24	0.00161254
3916.32	0.00166819
3914.39	0.00164384
3912.46	0.00159721
3910.53	0.00152631
3908.6	0.00148196
3906.68	0.0015583
3904.75	0.00150583
3902.82	0.00150796
3900.89	0.00155777
3898.96	0.0015439
3897.04	0.00146078
3895.11	0.00147751
3893.18	0.00158331
3891.25	0.00165861
3889.32	0.00172693
3887.4	0.00180425
3885.47	0.00171835
3883.54	0.00158434
3881.61	0.00156858
3879.68	0.00159638
3877.76	0.0016787
3875.83	0.00174972
3873.9	0.00175341
3871.97	0.00169692
3870.04	0.00162368
3868.12	0.00162481
3866.19	0.00160303
3864.26	0.00159009
3862.33	0.00158853
3860.4	0.00160133
3858.48	0.00159744
3856.55	0.00156183
3854.62	0.00155481
3852.69	0.00151149
3850.76	0.00149858
3848.84	0.00162684
3846.91	0.00168675
3844.98	0.00168119
3843.05	0.00167863
3841.12	0.00157669
3839.2	0.00153582
3837.27	0.00162146
3835.34	0.00165771
3833.41	0.00155548
3831.48	0.00157483
3829.56	0.00165392
3827.63	0.00160529
3825.7	0.00149898
3823.77	0.00151671
3821.84	0.00151561
3819.92	0.00160326
3817.99	0.00162335
3816.06	0.00155445
3814.13	0.00155092
3812.2	0.00151551
3810.27	0.00152542
3808.35	0.00167441
3806.42	0.00177973
3804.49	0.00173781
3802.56	0.00166067
3800.64	0.00163177
3798.71	0.00170494
3796.78	0.00168179
3794.85	0.00168219
3792.92	0.00176236
3790.99	0.00175005
3789.07	0.00168927
3787.14	0.00162631
3785.21	0.00162279
3783.28	0.00154124
3781.35	0.00151155
3779.43	0.00161627
3777.5	0.00165751
3775.57	0.001601
3773.64	0.00158028
3771.71	0.00156539
3769.79	0.00164723
3767.86	0.00166207
3765.93	0.00161919
3764	0.00161194
3762.07	0.00171099
3760.15	0.00180664
3758.22	0.00176495
3756.29	0.00170534
3754.36	0.0016482
3752.43	0.00161507
3750.51	0.0017262
3748.58	0.00172593
3746.65	0.00169376
3744.72	0.00170757
3742.79	0.00163865
3740.87	0.00170946
3738.94	0.0017907
3737.01	0.00167371
3735.08	0.00173871
3733.15	0.00182068
3731.23	0.00178571
3729.3	0.00163695
3727.37	0.00163559
3725.44	0.0018277
3723.51	0.00193599
3721.59	0.00181213
3719.66	0.00178455
3717.73	0.0018654
3715.8	0.0019316
3713.87	0.00185489
3711.95	0.00183289
3710.02	0.00193772
3708.09	0.00183672
3706.16	0.00178169
3704.23	0.00188916
3702.31	0.00195646
3700.38	0.00187196
3698.45	0.00192021
3696.52	0.00196282
3694.59	0.001973
3692.67	0.00207969
3690.74	0.00209491
3688.81	0.0020494
3686.88	0.00191599
3684.95	0.00180674
3683.02	0.00182108
3681.1	0.00200223
3679.17	0.00213217
3677.24	0.00202832
3675.31	0.00187955
3673.38	0.00195656
3671.46	0.00209051
3669.53	0.00204534
3667.6	0.00192694
3665.67	0.00190817
3663.74	0.0018668
3661.82	0.00182757
3659.89	0.00189156
3657.96	0.00195167
3656.03	0.00187429
3654.1	0.00170481
3652.18	0.00169975
3650.25	0.00173987
3648.32	0.00180405
3646.39	0.00174952
3644.46	0.00176981
3642.54	0.00183825
3640.61	0.00176349
3638.68	0.0017565
3636.75	0.00178551
3634.82	0.00186787
3632.9	0.00194504
3630.97	0.00191492
3629.04	0.00185466
3627.11	0.0018466
3625.18	0.00186464
3623.26	0.00192311
3621.33	0.00199304
3619.4	0.00196764
3617.47	0.0018654
3615.54	0.00170833
3613.62	0.00168631
3611.69	0.00176326
3609.76	0.00183492
3607.83	0.00180967
3605.9	0.00176
3603.98	0.00180894
3602.05	0.0018465
3600.12	0.00181034
3598.19	0.00171808
3596.26	0.00168046
3594.34	0.00175238
3592.41	0.0017943
3590.48	0.00180717
3588.55	0.00179353
3586.62	0.00175461
3584.7	0.00175983
3582.77	0.00185675
3580.84	0.00182115
3578.91	0.00174173
3576.98	0.00167823
3575.05	0.00163848
3573.13	0.00165555
3571.2	0.00174536
3569.27	0.0016441
3567.34	0.00166945
3565.42	0.00172081
3563.49	0.0018318
3561.56	0.0019756
3559.63	0.00195676
3557.7	0.00187985
3555.77	0.00188867
3553.85	0.00188051
3551.92	0.00182544
3549.99	0.00190531
3548.06	0.00205243
3546.13	0.00196771
3544.21	0.00186075
3542.28	0.00191223
3540.35	0.00180771
3538.42	0.00174083
3536.49	0.0018682
3534.57	0.00206611
3532.64	0.00208985
3530.71	0.00209504
3528.78	0.0021329
3526.85	0.00215654
3524.93	0.00218658
3523	0.00216576
3521.07	0.00205685
3519.14	0.00213593
3517.21	0.00212407
3515.29	0.00213536
3513.36	0.00221878
3511.43	0.00223547
3509.5	0.00214948
3507.57	0.00198445
3505.65	0.00193596
3503.72	0.00194338
3501.79	0.00189649
3499.86	0.0019061
3497.93	0.00185489
3496.01	0.00185193
3494.08	0.0018695
3492.15	0.00181622
3490.22	0.00177966
3488.29	0.0017602
3486.37	0.00178991
3484.44	0.00189056
3482.51	0.00195916
3480.58	0.00197124
3478.65	0.00190451
3476.73	0.00183386
3474.8	0.00176043
3472.87	0.00174988
3470.94	0.00189938
3469.01	0.00202763
3467.09	0.00196864
3465.16	0.00187955
3463.23	0.00201717
3461.3	0.00207313
3459.37	0.00193329
3457.44	0.00188803
3455.52	0.00196082
3453.59	0.00210653
3451.66	0.00213237
3449.73	0.00203988
3447.81	0.0020449
3445.88	0.00198528
3443.95	0.0019972
3442.02	0.00204121
3440.09	0.0020977
3438.16	0.00209777
3436.24	0.00211688
3434.31	0.0020456
3432.38	0.00198895
3430.45	0.00209844
3428.52	0.0020487
3426.6	0.00199074
3424.67	0.00210593
3422.74	0.00213093
3420.81	0.00218654
3418.88	0.0022001
3416.96	0.00216963
3415.03	0.00203075
3413.1	0.00192041
3411.17	0.0019095
3409.24	0.00184827
3407.32	0.00182068
3405.39	0.00177031
3403.46	0.0017742
3401.53	0.00181579
3399.6	0.0019277
3397.68	0.00191566
3395.75	0.0019311
3393.82	0.00194944
3391.89	0.00200063
3389.96	0.00206418
3388.04	0.00207433
3386.11	0.00205199
3384.18	0.00195799
3382.25	0.00195063
3380.32	0.00207583
3378.4	0.00214009
3376.47	0.00214375
3374.54	0.00221435
3372.61	0.00230245
3370.68	0.00236148
3368.76	0.00231057
3366.83	0.00220902
3364.9	0.00213593
3362.97	0.00214162
3361.04	0.00206085
3359.12	0.00195213
3357.19	0.00196272
3355.26	0.00217222
3353.33	0.00215454
3351.4	0.00213856
3349.48	0.00206444
3347.55	0.00197217
3345.62	0.00204157
3343.69	0.00213723
3341.76	0.00217759
3339.83	0.00211089
3337.91	0.00201804
3335.98	0.00194494
3334.05	0.00187682
3332.12	0.00192754
3330.19	0.00189236
3328.27	0.00189226
3326.34	0.00181842
3324.41	0.00182065
3322.48	0.0018871
3320.55	0.00199574
3318.63	0.00212557
3316.7	0.00216793
3314.77	0.00211019
3312.84	0.00193446
3310.91	0.00189076
3308.99	0.00191412
3307.06	0.00191136
3305.13	0.00185253
3303.2	0.00184531
3301.27	0.0019731
3299.35	0.00204058
3297.42	0.00198488
3295.49	0.00202063
3293.56	0.00193273
3291.63	0.00191745
3289.71	0.00190281
3287.78	0.00172926
3285.85	0.00187522
3283.92	0.00205805
3281.99	0.001927
3280.07	0.00175241
3278.14	0.00181336
3276.21	0.00184521
3274.28	0.00191998
3272.35	0.00203169
3270.43	0.00196598
3268.5	0.00196235
3266.57	0.00206554
3264.64	0.00202949
3262.71	0.00195416
3260.79	0.00188248
3258.86	0.00179992
3256.93	0.00170611
3255	0.00171036
3253.07	0.0017103
3251.15	0.00171638
3249.22	0.00181949
3247.29	0.00192893
3245.36	0.00180248
3243.43	0.00171878
3241.51	0.00182508
3239.58	0.00192018
3237.65	0.00190434
3235.72	0.00186201
3233.79	0.00186966
3231.87	0.0019978
3229.94	0.001891
3228.01	0.00178967
3226.08	0.00188926
3224.15	0.0017937
3222.22	0.00170707
3220.3	0.00178887
3218.37	0.00190644
3216.44	0.00182268
3214.51	0.00174333
3212.58	0.00181409
3210.66	0.00182161
3208.73	0.0017603
3206.8	0.00179842
3204.87	0.00181769
3202.94	0.00193632
3201.02	0.001972
3199.09	0.00185948
3197.16	0.0019528
3195.23	0.00204903
3193.3	0.00189998
3191.38	0.00175071
3189.45	0.00165408
3187.52	0.00176692
3185.59	0.0018658
3183.66	0.0017918
3181.74	0.00184657
3179.81	0.00187951
3177.88	0.00188737
3175.95	0.00192637
3174.02	0.00194684
3172.1	0.00186427
3170.17	0.0018124
3168.24	0.00190763
3166.31	0.00184983
3164.38	0.00185858
3162.46	0.00192957
3160.53	0.00180435
3158.6	0.00161746
3156.67	0.00161936
3154.74	0.0017585
3152.82	0.00182092
3150.89	0.00188381
3148.96	0.00189758
3147.03	0.00187489
3145.1	0.0019105
3143.18	0.00192527
3141.25	0.00179856
3139.32	0.00168764
3137.39	0.00165338
3135.46	0.00184957
3133.54	0.00188674
3131.61	0.00180421
3129.68	0.00187319
3127.75	0.00192594
3125.82	0.00188051
3123.9	0.00176808
3121.97	0.00184467
3120.04	0.00193559
3118.11	0.00196365
3116.18	0.00191486
3114.26	0.00180471
3112.33	0.00182514
3110.4	0.00184504
3108.47	0.00184311
3106.54	0.00171379
3104.61	0.00175521
3102.69	0.00201464
3100.76	0.00205459
3098.83	0.00199876
3096.9	0.00180984
3094.98	0.00162199
3093.05	0.00170983
3091.12	0.00177091
3089.19	0.00173977
3087.26	0.0017109
3085.33	0.00172137
3083.41	0.00169307
3081.48	0.00174742
3079.55	0.00189003
3077.62	0.0018663
3075.69	0.00176505
3073.77	0.00175604
3071.84	0.001911
3069.91	0.00200992
3067.98	0.00190531
3066.05	0.00187718
3064.13	0.00191382
3062.2	0.00198099
3060.27	0.00176748
3058.34	0.00171053
3056.41	0.00176535
3054.49	0.00173664
3052.56	0.00175081
3050.63	0.00188437
3048.7	0.00194904
3046.77	0.00204524
3044.85	0.00212011
3042.92	0.00196275
3040.99	0.00172959
3039.06	0.00174882
3037.13	0.0019101
3035.21	0.00182551
3033.28	0.00177879
3031.35	0.00177846
3029.42	0.00168937
3027.49	0.00180095
3025.57	0.00177088
3023.64	0.00168798
3021.71	0.00159694
3019.78	0.00149469
3017.85	0.00160968
3015.93	0.0016439
3014	0.00157556
3012.07	0.00168801
3010.14	0.00194617
3008.21	0.00211295
3006.29	0.00221222
3004.36	0.00209667
3002.43	0.00191782
3000.5	0.00193792
2998.57	0.0019755
2996.65	0.00191033
2994.72	0.0019108
2992.79	0.00197004
2990.86	0.00198555
2988.93	0.0019273
2987	0.00200226
2985.08	0.002128
2983.15	0.00205293
2981.22	0.0020249
2979.29	0.00196861
2977.36	0.00200016
2975.44	0.0022347
2973.51	0.00222454
2971.58	0.00232723
2969.65	0.00250692
2967.72	0.00240859
2965.8	0.00227607
2963.87	0.00227463
2961.94	0.00228866
2960.01	0.0021947
2958.08	0.00218468
2956.16	0.0021296
2954.23	0.00212857
2952.3	0.00215008
2950.37	0.00215311
2948.44	0.00203794
2946.52	0.00203941
2944.59	0.0021664
2942.66	0.00227433
2940.73	0.00221808
2938.8	0.00183143
2936.88	0.00177467
2934.95	0.00200063
2933.02	0.0020746
2931.09	0.00201894
2929.16	0.00195819
2927.24	0.00195043
2925.31	0.00186164
2923.38	0.00175873
2921.45	0.00179277
2919.52	0.00181386
2917.6	0.00193549
2915.67	0.00199803
2913.74	0.001976
2911.81	0.0019961
2909.88	0.00210097
2907.96	0.00200396
2906.03	0.00190481
2904.1	0.0019481
2902.17	0.00193629
2900.24	0.00193509
2898.32	0.00193303
2896.39	0.00200659
2894.46	0.00205356
2892.53	0.00205183
2890.6	0.00183446
2888.68	0.00166426
2886.75	0.00178092
2884.82	0.00206481
2882.89	0.00207706
2880.96	0.00199091
2879.04	0.0019758
2877.11	0.00214618
2875.18	0.0021325
2873.25	0.00204833
2871.32	0.00208885
2869.39	0.00206371
2867.47	0.0019731
2865.54	0.00196481
2863.61	0.00214089
2861.68	0.00210177
2859.75	0.00193076
2857.83	0.00182498
2855.9	0.00195486
2853.97	0.00199101
2852.04	0.00177261
2850.11	0.00183639
2848.19	0.00206508
2846.26	0.002022
2844.33	0.00190404
2842.4	0.00168651
2840.47	0.00174686
2838.55	0.00207127
2836.62	0.00226567
2834.69	0.00216293
2832.76	0.00217369
2830.83	0.00218758
2828.91	0.00207217
2826.98	0.00193459
2825.05	0.00196994
2823.12	0.00200529
2821.19	0.00203854
2819.27	0.00208039
2817.34	0.0021923
2815.41	0.00235042
2813.48	0.00236351
2811.55	0.0023732
2809.63	0.00215637
2807.7	0.00201694
2805.77	0.00205479
2803.84	0.00210073
2801.91	0.00216976
2799.99	0.00220699
2798.06	0.00208598
2796.13	0.00205253
2794.2	0.00234019
2792.27	0.00244224
2790.35	0.00238466
2788.42	0.00222751
2786.49	0.00217242
2784.56	0.00219577
2782.63	0.00217692
2780.71	0.00212767
2778.78	0.00238823
2776.85	0.00241082
2774.92	0.00215634
2772.99	0.00219773
2771.06	0.00224033
2769.14	0.00244037
2767.21	0.00264364
2765.28	0.00241465
2763.35	0.00230125
2761.43	0.00229522
2759.5	0.00223976
2757.57	0.00209727
2755.64	0.00218235
2753.71	0.00224925
2751.78	0.00219027
2749.86	0.00210696
2747.93	0.00203362
2746	0.0020483
2744.07	0.0021023
2742.15	0.00217152
2740.22	0.00232683
2738.29	0.00226724
2736.36	0.0022325
2734.43	0.00206658
2732.5	0.00215664
2730.58	0.00253072
2728.65	0.00260771
2726.72	0.00252398
2724.79	0.00252915
2722.86	0.00257511
2720.94	0.00250395
2719.01	0.00215611
2717.08	0.00215148
2715.15	0.00233459
2713.22	0.0023837
2711.3	0.00249246
2709.37	0.00259424
2707.44	0.00256054
2705.51	0.00234335
2703.58	0.00217399
2701.66	0.00254675
2699.73	0.00280312
2697.8	0.00257271
2695.87	0.00227004
2693.94	0.0023848
2692.02	0.00252055
2690.09	0.00260181
2688.16	0.00241109
2686.23	0.00252318
2684.3	0.00265688
2682.38	0.00243271
2680.45	0.00239683
2678.52	0.00259398
2676.59	0.00236931
2674.66	0.00240069
2672.74	0.00277821
2670.81	0.00275443
2668.88	0.00273143
2666.95	0.00300776
2665.02	0.00288987
2663.1	0.00298177
2661.17	0.00291639
2659.24	0.0024712
2657.31	0.00232803
2655.38	0.00273363
2653.46	0.00295789
2651.53	0.00308054
2649.6	0.00267928
2647.67	0.00231837
2645.74	0.00245234
2643.81	0.00271732
2641.89	0.00274203
2639.96	0.00267648
2638.03	0.00252832
2636.1	0.00249036
2634.17	0.00277131
2632.25	0.00291759
2630.32	0.00265548
2628.39	0.00263804
2626.46	0.00307163
2624.53	0.00294718
2622.61	0.00259731
2620.68	0.00256934
2618.75	0.00271139
2616.82	0.00286559
2614.89	0.00276334
2612.97	0.00279605
2611.04	0.00297106
2609.11	0.00273189
2607.18	0.00263464
2605.25	0.00275644
2603.33	0.00273976
2601.4	0.00256081
2599.47	0.00265048
2597.54	0.00274743
2595.61	0.00264961
2593.69	0.00281012
2591.76	0.00289411
2589.83	0.00286972
2587.9	0.00285371
2585.97	0.00286098
2584.05	0.00298614
2582.12	0.00302441
2580.19	0.00280556
2578.26	0.00267722
2576.33	0.00311598
2574.41	0.0031078
2572.48	0.00266841
2570.55	0.00279132
2568.62	0.00310109
2566.69	0.00303339
2564.77	0.00305204
2562.84	0.00309095
2560.91	0.00300533
2558.98	0.00283123
2557.05	0.00266701
2555.13	0.00266581
2553.2	0.00266921
2551.27	0.0027369
2549.34	0.00286088
2547.41	0.00281916
2545.49	0.00276797
2543.56	0.00273386
2541.63	0.0030806
2539.7	0.00340418
2537.77	0.00307783
2535.85	0.00280849
2533.92	0.00273243
2531.99	0.00281519
2530.06	0.00288974
2528.13	0.00303686
2526.21	0.00305057
2524.28	0.00315366
2522.35	0.0028909
2520.42	0.00277024
2518.49	0.00274607
2516.56	0.00258891
2514.64	0.00259808
2512.71	0.00278088
2510.78	0.00292333
2508.85	0.00304176
2506.92	0.00312993
2505	0.00291972
2503.07	0.00290008
2501.14	0.0029376
2499.21	0.00298381
2497.28	0.00317218
2495.36	0.00318032
2493.43	0.00325904
2491.5	0.00318423
2489.57	0.0028828
2487.64	0.00274426
2485.72	0.00321427
2483.79	0.00354526
2481.86	0.00347478
2479.93	0.00337683
2478	0.00343577
2476.08	0.0031582
2474.15	0.0028867
2472.22	0.0031117
2470.29	0.00341333
2468.36	0.00311838
2466.44	0.00285248
2464.51	0.00302171
2462.58	0.00300706
2460.65	0.00324812
2458.72	0.00376546
2456.8	0.0034836
2454.87	0.00316584
2452.94	0.00316083
2451.01	0.00316721
2449.08	0.00315172
2447.16	0.00326047
2445.23	0.00370213
2443.3	0.00369932
2441.37	0.00319838
2439.44	0.0030434
2437.52	0.00334377
2435.59	0.0032139
2433.66	0.00318396
2431.73	0.00322929
2429.8	0.00337583
2427.88	0.0033813
2425.95	0.00345421
2424.02	0.00353654
2422.09	0.00326351
2420.16	0.0031629
2418.24	0.00358321
2416.31	0.0034676
2414.38	0.00356744
2412.45	0.00380069
2410.52	0.00334397
2408.6	0.00287673
2406.67	0.00329683
2404.74	0.00376843
2402.81	0.00325356
2400.88	0.00278225
2398.95	0.00297403
2397.03	0.00317248
2395.1	0.0032123
2393.17	0.003562
2391.24	0.00350785
2389.31	0.00306736
2387.39	0.00303399
2385.46	0.00292626
2383.53	0.00294337
2381.6	0.00324134
2379.67	0.00365421
2377.75	0.00336481
2375.82	0.00347832
2373.89	0.00354777
2371.96	0.00318853
2370.03	0.00311778
2368.11	0.00339553
2366.18	0.00359243
2364.25	0.00338508
2362.32	0.0032606
2360.39	0.00353982
2358.47	0.00349779
2356.54	0.00355628
2354.61	0.00358194
2352.68	0.00342088
2350.75	0.00360753
2348.83	0.00378227
2346.9	0.0040043
2344.97	0.00431283
2343.04	0.00465923
2341.11	0.00498532
2339.19	0.00449673
2337.26	0.00387483
2335.33	0.00341694
2333.4	0.003449
2331.47	0.00359571
2329.55	0.00349826
2327.62	0.00320499
2325.69	0.00310099
2323.76	0.00331092
2321.83	0.00356333
2319.91	0.00368509
2317.98	0.0033185
2316.05	0.00322786
2314.12	0.00344172
2312.19	0.00335967
2310.27	0.00324308
2308.34	0.0035325
2306.41	0.00361996
2304.48	0.00305821
2302.55	0.00305257
2300.63	0.00310289
2298.7	0.00362314
2296.77	0.00400149
2294.84	0.00429051
2292.91	0.00432357
2290.98	0.00393033
2289.06	0.00324575
2287.13	0.0034836
2285.2	0.0035929
2283.27	0.0033192
2281.35	0.00370868
2279.42	0.00410313
2277.49	0.00369966
2275.56	0.00359644
2273.63	0.00336167
2271.7	0.00345681
2269.78	0.00342766
2267.85	0.00320576
2265.92	0.00343387
2263.99	0.00384057
2262.06	0.00410851
2260.14	0.00415785
2258.21	0.00376656
2256.28	0.00327476
2254.35	0.00315713
2252.42	0.00321988
2250.5	0.00285892
2248.57	0.00299262
2246.64	0.00315372
2244.71	0.00336578
2242.78	0.00356216
2240.86	0.00385039
2238.93	0.00381409
2237	0.00292766
2235.07	0.00288667
2233.14	0.00400838
2231.22	0.00385283
2229.29	0.00336381
2227.36	0.00325036
2225.43	0.00334047
2223.5	0.0036784
2221.58	0.00302922
2219.65	0.00287446
2217.72	0.00369788
2215.79	0.00382893
2213.86	0.00279675
2211.94	0.00279478
2210.01	0.00398811
2208.08	0.00361552
2206.15	0.00277934
2204.22	0.0033594
2202.3	0.00401045
2200.37	0.00445977
2198.44	0.00422352
2196.51	0.0037043
2194.58	0.00345227
2192.66	0.00338705
2190.73	0.0032984
2188.8	0.00327342
2186.87	0.00304447
2184.94	0.00346934
2183.02	0.00402958
2181.09	0.00374574
2179.16	0.00301207
2177.23	0.00320703
2175.3	0.00369925
2173.38	0.0034155
2171.45	0.00376255
2169.52	0.00364014
2167.59	0.00321888
2165.66	0.00277971
2163.73	0.00213773
2161.81	0.00262821
2159.88	0.00319271
2157.95	0.0042623
2156.02	0.00467608
2154.09	0.00386891
2152.17	0.0030807
2150.24	0.00287493
2148.31	0.00391181
2146.38	0.00427786
2144.45	0.00438261
2142.53	0.00471413
2140.6	0.00421118
2138.67	0.00364031
2136.74	0.0033593
2134.81	0.00342495
2132.89	0.00264234
2130.96	0.00193865
2129.03	0.00230531
2127.1	0.00278038
2125.17	0.00323109
2123.25	0.00311474
2121.32	0.00270125
2119.39	0.00246703
2117.46	0.00259331
2115.53	0.0031599
2113.61	0.0027613
2111.68	0.00212677
2109.75	0.00293987
2107.82	0.00327276
2105.89	0.0016635
2103.97	0.00101751
2102.04	0.00152771
2100.11	0.00309946
2098.18	0.00249299
2096.25	0.000826918
2094.33	0.00137768
2092.4	0.00247036
2090.47	0.0010025
2088.54	0.00136262
2086.61	0.00225878
2084.69	0.00257754
2082.76	0.0028807
2080.83	0.00154387
2078.9	0.00068562
2076.97	-0.000123871
2075.05	-0.00195722
2073.12	-0.00164216
2071.19	-0.000342736
2069.26	-0.000426491
2067.33	-0.00129784
2065.41	-0.00159558
2063.48	-0.00234986
2061.55	-0.00215271
2059.62	-0.0020188
2057.69	-0.00179942
2055.77	-0.00133121
2053.84	-0.00303548
2051.91	-0.00610893
2049.98	-0.00633407
2048.05	-0.00464915
2046.12	-0.00206549
2044.2	-8.42186e-05
2042.27	-0.000144573
2040.34	-0.00187742
2038.41	-0.00205121
2036.48	-0.00223875
2034.56	-0.00360693
2032.63	-0.00406689
2030.7	-0.00362195
2028.77	-0.00361777
2026.84	-0.00284098
2024.92	-0.00222128
2022.99	-0.000935955
2021.06	-0.000884341
2019.13	-0.000349059
2017.2	-0.000101113
2015.28	-7.93157e-05
2013.35	0.000205944
2011.42	-0.000357535
2009.49	-0.00197011
2007.56	-0.00298826
2005.64	-0.00224956
2003.71	-0.00120365
2001.78	-0.00124323
