nAHm0332.spa, Fri Nov 03 22:35:34 2006 (GMT-10:00)
9999.26	0.0508608
9997.33	0.0523441
9995.4	0.0527578
9993.48	0.0510587
9991.55	0.0508461
9989.62	0.0514425
9987.69	0.0512799
9985.76	0.0511426
9983.84	0.0516646
9981.91	0.0515372
9979.98	0.0518224
9978.05	0.0519369
9976.12	0.0502594
9974.2	0.0499332
9972.27	0.0507475
9970.34	0.0515527
9968.41	0.0514414
9966.48	0.0508424
9964.56	0.0507631
9962.63	0.0505701
9960.7	0.0507239
9958.77	0.0517202
9956.84	0.0514568
9954.92	0.0508355
9952.99	0.0511987
9951.06	0.0505464
9949.13	0.0495878
9947.2	0.0496352
9945.28	0.0508307
9943.35	0.0512875
9941.42	0.0505274
9939.49	0.0500994
9937.56	0.0497091
9935.64	0.0495876
9933.71	0.0499088
9931.78	0.0504835
9929.85	0.0503004
9927.92	0.0500603
9926	0.0497854
9924.07	0.0504029
9922.14	0.0512016
9920.21	0.0504558
9918.28	0.0498234
9916.36	0.0501338
9914.43	0.05076
9912.5	0.050897
9910.57	0.051362
9908.64	0.0516381
9906.71	0.0507475
9904.79	0.0491686
9902.86	0.0492593
9900.93	0.0508469
9899	0.051762
9897.08	0.0512415
9895.15	0.0508252
9893.22	0.0501746
9891.29	0.0506785
9889.36	0.050374
9887.43	0.0491276
9885.51	0.0490357
9883.58	0.0498983
9881.65	0.0506489
9879.72	0.0508836
9877.79	0.0505156
9875.87	0.0509278
9873.94	0.0512042
9872.01	0.0502852
9870.08	0.0495309
9868.15	0.0494759
9866.23	0.0496657
9864.3	0.0487725
9862.37	0.0489579
9860.44	0.049814
9858.51	0.0503033
9856.59	0.0501772
9854.66	0.0501914
9852.73	0.0494429
9850.8	0.0492031
9848.87	0.0492605
9846.95	0.0491964
9845.02	0.0491243
9843.09	0.0488549
9841.16	0.0495368
9839.23	0.0498076
9837.31	0.049528
9835.38	0.0490876
9833.45	0.0489325
9831.52	0.0490856
9829.59	0.0490957
9827.67	0.0497906
9825.74	0.0496002
9823.81	0.0494676
9821.88	0.0493484
9819.95	0.0491737
9818.03	0.0487826
9816.1	0.0485579
9814.17	0.04889
9812.24	0.0488869
9810.31	0.049389
9808.39	0.0502899
9806.46	0.0500488
9804.53	0.0495981
9802.6	0.0492405
9800.67	0.0492018
9798.75	0.0492296
9796.82	0.0491664
9794.89	0.0492952
9792.96	0.0490556
9791.03	0.0486849
9789.11	0.0481896
9787.18	0.0482435
9785.25	0.0486757
9783.32	0.0487219
9781.39	0.0489109
9779.46	0.0495176
9777.54	0.0499598
9775.61	0.0495328
9773.68	0.049025
9771.75	0.0489791
9769.83	0.0483744
9767.9	0.0484403
9765.97	0.0488452
9764.04	0.0491315
9762.11	0.0495945
9760.18	0.0490013
9758.26	0.0476159
9756.33	0.0472463
9754.4	0.047878
9752.47	0.048187
9750.54	0.0477858
9748.62	0.0477347
9746.69	0.0483733
9744.76	0.0482787
9742.83	0.0476173
9740.9	0.0474463
9738.98	0.0483757
9737.05	0.0481654
9735.12	0.0473518
9733.19	0.0473438
9731.26	0.0480508
9729.34	0.0483923
9727.41	0.0482225
9725.48	0.048732
9723.55	0.0485704
9721.62	0.0482323
9719.7	0.04827
9717.77	0.0481005
9715.84	0.0481526
9713.91	0.0479806
9711.98	0.0482883
9710.06	0.0484292
9708.13	0.0487653
9706.2	0.0492422
9704.27	0.0491128
9702.34	0.0489172
9700.42	0.0482622
9698.49	0.0480969
9696.56	0.0480057
9694.63	0.0477071
9692.7	0.0477925
9690.78	0.0473212
9688.85	0.0469334
9686.92	0.0468435
9684.99	0.0474046
9683.06	0.0481509
9681.14	0.0483164
9679.21	0.0487279
9677.28	0.0488357
9675.35	0.0482396
9673.42	0.0473314
9671.5	0.0468448
9669.57	0.0469664
9667.64	0.0468593
9665.71	0.0467056
9663.78	0.0469566
9661.86	0.0475008
9659.93	0.0478549
9658	0.0478147
9656.07	0.0472542
9654.14	0.0463099
9652.21	0.0464639
9650.29	0.0474878
9648.36	0.0476687
9646.43	0.0472333
9644.5	0.0472031
9642.57	0.0475727
9640.65	0.0471268
9638.72	0.0464914
9636.79	0.0470716
9634.86	0.0476232
9632.93	0.0468709
9631.01	0.046583
9629.08	0.0472681
9627.15	0.0472463
9625.22	0.0472994
9623.29	0.0472067
9621.37	0.0472969
9619.44	0.0474018
9617.51	0.0471378
9615.58	0.0471619
9613.65	0.0471387
9611.73	0.0466783
9609.8	0.0465029
9607.87	0.0468113
9605.94	0.0469073
9604.01	0.0462988
9602.09	0.0460691
9600.16	0.0463654
9598.23	0.0473748
9596.3	0.0476355
9594.37	0.0470225
9592.45	0.0461334
9590.52	0.0461564
9588.59	0.0464194
9586.66	0.046054
9584.73	0.0462032
9582.81	0.0458837
9580.88	0.0457381
9578.95	0.0458799
9577.02	0.0464511
9575.09	0.0464754
9573.17	0.046509
9571.24	0.0468706
9569.31	0.047255
9567.38	0.0467646
9565.45	0.04607
9563.53	0.0457984
9561.6	0.0459622
9559.67	0.0461212
9557.74	0.0456561
9555.81	0.045639
9553.88	0.0461539
9551.96	0.0462254
9550.03	0.0459963
9548.1	0.045753
9546.17	0.0453988
9544.25	0.0457792
9542.32	0.0467963
9540.39	0.0472426
9538.46	0.0467016
9536.53	0.0458544
9534.6	0.0453556
9532.68	0.0452913
9530.75	0.0453692
9528.82	0.045025
9526.89	0.0456126
9524.96	0.0464207
9523.04	0.0462914
9521.11	0.0461716
9519.18	0.0460559
9517.25	0.0457466
9515.32	0.0454286
9513.4	0.0447866
9511.47	0.0448231
9509.54	0.0448592
9507.61	0.0445853
9505.68	0.045139
9503.76	0.0453618
9501.83	0.0451385
9499.9	0.0452858
9497.97	0.0457022
9496.04	0.045628
9494.12	0.0456623
9492.19	0.0461771
9490.26	0.0461236
9488.33	0.0461552
9486.4	0.0456098
9484.48	0.0446848
9482.55	0.0445588
9480.62	0.0447991
9478.69	0.0451533
9476.76	0.04486
9474.84	0.0448083
9472.91	0.0451965
9470.98	0.0451525
9469.05	0.0456758
9467.12	0.0459677
9465.2	0.0457058
9463.27	0.0454888
9461.34	0.0450483
9459.41	0.0445808
9457.48	0.0443908
9455.56	0.0446334
9453.63	0.0450563
9451.7	0.045127
9449.77	0.0445124
9447.84	0.0440357
9445.92	0.0437866
9443.99	0.0440501
9442.06	0.0451122
9440.13	0.0452005
9438.2	0.0445193
9436.28	0.0444831
9434.35	0.0447859
9432.42	0.044677
9430.49	0.0443254
9428.56	0.0447009
9426.63	0.0450851
9424.71	0.0450202
9422.78	0.0449968
9420.85	0.0449573
9418.92	0.0443493
9417	0.0440128
9415.07	0.0445024
9413.14	0.044273
9411.21	0.0444709
9409.28	0.0452608
9407.35	0.0451633
9405.43	0.0446254
9403.5	0.0445584
9401.57	0.0445332
9399.64	0.0437231
9397.71	0.0433929
9395.79	0.043046
9393.86	0.0429479
9391.93	0.0434188
9390	0.0439
9388.07	0.0442125
9386.15	0.0440553
9384.22	0.044245
9382.29	0.0441781
9380.36	0.0442606
9378.43	0.0442788
9376.51	0.0443154
9374.58	0.0440902
9372.65	0.0442576
9370.72	0.0447164
9368.79	0.0444763
9366.87	0.0437508
9364.94	0.0439534
9363.01	0.0439461
9361.08	0.0438297
9359.15	0.0434915
9357.23	0.0432493
9355.3	0.0433169
9353.37	0.0435116
9351.44	0.0442859
9349.51	0.0446321
9347.59	0.0441767
9345.66	0.0436342
9343.73	0.0433806
9341.8	0.0433139
9339.87	0.0428985
9337.95	0.0431448
9336.02	0.0432938
9334.09	0.0435733
9332.16	0.0440347
9330.23	0.0438019
9328.31	0.0432793
9326.38	0.0429404
9324.45	0.0431028
9322.52	0.0434878
9320.59	0.0431165
9318.67	0.0425382
9316.74	0.0425551
9314.81	0.0422726
9312.88	0.0427237
9310.95	0.043061
9309.03	0.0428701
9307.1	0.042419
9305.17	0.0427572
9303.24	0.0434987
9301.31	0.0435504
9299.38	0.0432613
9297.46	0.0429804
9295.53	0.0426509
9293.6	0.0423654
9291.67	0.0423963
9289.74	0.0424033
9287.82	0.0427043
9285.89	0.0430313
9283.96	0.0431944
9282.03	0.043107
9280.1	0.0431986
9278.18	0.0428598
9276.25	0.0428532
9274.32	0.0427982
9272.39	0.0425228
9270.46	0.0426389
9268.54	0.0429941
9266.61	0.0430689
9264.68	0.042812
9262.75	0.0424887
9260.82	0.0419829
9258.9	0.0416318
9256.97	0.0416331
9255.04	0.0418411
9253.11	0.042683
9251.18	0.0429831
9249.26	0.0431121
9247.33	0.0426418
9245.4	0.0425949
9243.47	0.0428868
9241.54	0.042679
9239.62	0.0426035
9237.69	0.0425836
9235.76	0.0425096
9233.83	0.0423916
9231.9	0.042364
9229.98	0.0426577
9228.05	0.0428262
9226.12	0.0422517
9224.19	0.0416577
9222.26	0.0416911
9220.34	0.0416402
9218.41	0.0413643
9216.48	0.0413664
9214.55	0.0413497
9212.62	0.0415707
9210.7	0.0420415
9208.77	0.0425651
9206.84	0.0424399
9204.91	0.0420386
9202.98	0.0416655
9201.05	0.0413979
9199.13	0.041185
9197.2	0.0413959
9195.27	0.0415048
9193.34	0.0415698
9191.42	0.0415888
9189.49	0.0415822
9187.56	0.0415188
9185.63	0.0412233
9183.7	0.0410542
9181.77	0.041027
9179.85	0.0411818
9177.92	0.0412041
9175.99	0.0408693
9174.06	0.0406578
9172.13	0.0411776
9170.21	0.0417183
9168.28	0.0418442
9166.35	0.0414115
9164.42	0.0410954
9162.49	0.0410554
9160.57	0.0411449
9158.64	0.0411628
9156.71	0.0411969
9154.78	0.0414895
9152.85	0.0408195
9150.93	0.0404506
9149	0.0407656
9147.07	0.040802
9145.14	0.041258
9143.21	0.0410371
9141.29	0.0410385
9139.36	0.0413245
9137.43	0.0414002
9135.5	0.041573
9133.57	0.0412629
9131.65	0.0407626
9129.72	0.0407641
9127.79	0.0410717
9125.86	0.0409746
9123.93	0.0408648
9122.01	0.0406797
9120.08	0.0407979
9118.15	0.0408369
9116.22	0.0406358
9114.29	0.0408524
9112.37	0.0407921
9110.44	0.0408991
9108.51	0.0405168
9106.58	0.0405673
9104.65	0.0406217
9102.73	0.0405832
9100.8	0.040563
9098.87	0.0405264
9096.94	0.0408478
9095.01	0.0410089
9093.08	0.0406102
9091.16	0.0403194
9089.23	0.0402965
9087.3	0.0402522
9085.37	0.0403972
9083.45	0.0405224
9081.52	0.0403646
9079.59	0.0401306
9077.66	0.0398357
9075.73	0.0395939
9073.8	0.039486
9071.88	0.0398518
9069.95	0.0403833
9068.02	0.0405146
9066.09	0.0402701
9064.17	0.0401111
9062.24	0.0403663
9060.31	0.0406887
9058.38	0.0405243
9056.45	0.0404589
9054.52	0.0404025
9052.6	0.0403111
9050.67	0.0405363
9048.74	0.0400387
9046.81	0.0394188
9044.88	0.0396847
9042.96	0.0398304
9041.03	0.0397123
9039.1	0.0398222
9037.17	0.0398679
9035.24	0.0397023
9033.32	0.0399349
9031.39	0.040064
9029.46	0.0397514
9027.53	0.0398915
9025.6	0.0397593
9023.68	0.0398017
9021.75	0.0402309
9019.82	0.0407324
9017.89	0.0408897
9015.96	0.0403927
9014.04	0.0398936
9012.11	0.0393359
9010.18	0.0391052
9008.25	0.0396752
9006.32	0.0400267
9004.4	0.0400963
9002.47	0.0396097
9000.54	0.0392015
8998.61	0.0394744
8996.68	0.0397878
8994.76	0.0399642
8992.83	0.0401642
8990.9	0.0398564
8988.97	0.0396641
8987.04	0.0395254
8985.12	0.0391594
8983.19	0.0391951
8981.26	0.039031
8979.33	0.0388897
8977.4	0.0388673
8975.48	0.0389391
8973.55	0.0392474
8971.62	0.0393737
8969.69	0.0394272
8967.76	0.0390796
8965.83	0.0392543
8963.91	0.039118
8961.98	0.0387921
8960.05	0.0389025
8958.12	0.0390997
8956.2	0.0389056
8954.27	0.0387061
8952.34	0.0387131
8950.41	0.0386125
8948.48	0.0387159
8946.55	0.0392067
8944.63	0.03916
8942.7	0.0390758
8940.77	0.0391272
8938.84	0.0388075
8936.92	0.0390048
8934.99	0.0390884
8933.06	0.0391555
8931.13	0.0391915
8929.2	0.0392737
8927.27	0.0387832
8925.35	0.0384449
8923.42	0.0387457
8921.49	0.0390284
8919.56	0.0389189
8917.63	0.0385181
8915.71	0.0383043
8913.78	0.0383683
8911.85	0.0387321
8909.92	0.0385487
8907.99	0.0381002
8906.07	0.038389
8904.14	0.0385252
8902.21	0.0386757
8900.28	0.0389002
8898.35	0.0387627
8896.43	0.0383167
8894.5	0.0386793
8892.57	0.0390981
8890.64	0.0388254
8888.71	0.0385797
8886.79	0.0385827
8884.86	0.0383237
8882.93	0.0384432
8881	0.0385862
8879.07	0.0386537
8877.15	0.0382016
8875.22	0.0375514
8873.29	0.0377117
8871.36	0.0382813
8869.43	0.0386296
8867.51	0.0386692
8865.58	0.0383461
8863.65	0.0380332
8861.72	0.0381884
8859.79	0.0384719
8857.87	0.0383327
8855.94	0.0381421
8854.01	0.0381576
8852.08	0.0382805
8850.15	0.0381577
8848.22	0.0377648
8846.3	0.0377818
8844.37	0.0379298
8842.44	0.0380372
8840.51	0.0381678
8838.58	0.0379761
8836.66	0.0377566
8834.73	0.0377578
8832.8	0.0377034
8830.87	0.0375413
8828.94	0.0374582
8827.02	0.0377509
8825.09	0.0382876
8823.16	0.038441
8821.23	0.0379689
8819.3	0.0376108
8817.38	0.0374659
8815.45	0.0373453
8813.52	0.0373035
8811.59	0.037581
8809.66	0.0379676
8807.74	0.0378493
8805.81	0.0376496
8803.88	0.0371528
8801.95	0.0366379
8800.02	0.0370442
8798.1	0.0372232
8796.17	0.0371951
8794.24	0.0371978
8792.31	0.0373997
8790.38	0.0376622
8788.46	0.0378886
8786.53	0.0376125
8784.6	0.0374233
8782.67	0.0376059
8780.74	0.0375716
8778.82	0.0373898
8776.89	0.0373087
8774.96	0.0375744
8773.03	0.0373164
8771.1	0.0374354
8769.18	0.0378095
8767.25	0.0375455
8765.32	0.0372881
8763.39	0.0368825
8761.46	0.0367924
8759.54	0.0372673
8757.61	0.0373079
8755.68	0.0372127
8753.75	0.0372101
8751.82	0.0369172
8749.9	0.0368753
8747.97	0.0368326
8746.04	0.036719
8744.11	0.0370418
8742.18	0.0369077
8740.25	0.0366693
8738.33	0.0369018
8736.4	0.0369519
8734.47	0.0366805
8732.54	0.0369222
8730.62	0.0367947
8728.69	0.0365807
8726.76	0.0365739
8724.83	0.0369842
8722.9	0.0369877
8720.97	0.0368391
8719.05	0.036843
8717.12	0.0365497
8715.19	0.03629
8713.26	0.036563
8711.33	0.0366964
8709.41	0.0364559
8707.48	0.0360768
8705.55	0.0360002
8703.62	0.0365494
8701.69	0.0371424
8699.77	0.0371894
8697.84	0.036895
8695.91	0.0363636
8693.98	0.0362706
8692.05	0.0364389
8690.13	0.0365129
8688.2	0.036766
8686.27	0.0369501
8684.34	0.0366232
8682.41	0.0362757
8680.49	0.0363046
8678.56	0.0365442
8676.63	0.0362481
8674.7	0.0360659
8672.77	0.0362688
8670.85	0.0365211
8668.92	0.0367998
8666.99	0.0364995
8665.06	0.0363209
8663.13	0.0363817
8661.21	0.0362115
8659.28	0.0362708
8657.35	0.0365647
8655.42	0.0362096
8653.49	0.0360472
8651.57	0.0362685
8649.64	0.0360447
8647.71	0.0360398
8645.78	0.0363065
8643.85	0.0363577
8641.93	0.0362034
8640	0.0359521
8638.07	0.0358544
8636.14	0.035864
8634.21	0.035641
8632.29	0.0357785
8630.36	0.0358875
8628.43	0.0359702
8626.5	0.035701
8624.57	0.0357729
8622.65	0.0361014
8620.72	0.0357975
8618.79	0.0359874
8616.86	0.0361773
8614.93	0.0356292
8613	0.0355358
8611.08	0.0356848
8609.15	0.035854
8607.22	0.0356011
8605.29	0.0354974
8603.37	0.0354514
8601.44	0.0352665
8599.51	0.0351967
8597.58	0.0354355
8595.65	0.0357163
8593.72	0.0354872
8591.8	0.0353039
8589.87	0.0356724
8587.94	0.0357828
8586.01	0.035288
8584.08	0.0349604
8582.16	0.0351268
8580.23	0.0356148
8578.3	0.0354582
8576.37	0.0351594
8574.44	0.0353325
8572.52	0.0352559
8570.59	0.0352209
8568.66	0.0352206
8566.73	0.0348436
8564.8	0.0347188
8562.88	0.0351648
8560.95	0.0352691
8559.02	0.0349481
8557.09	0.0350189
8555.16	0.0351324
8553.24	0.0350919
8551.31	0.0351882
8549.38	0.0351505
8547.45	0.0350757
8545.52	0.0350787
8543.6	0.035295
8541.67	0.0355615
8539.74	0.0354271
8537.81	0.0350922
8535.88	0.0348381
8533.96	0.0348945
8532.03	0.0347885
8530.1	0.0346226
8528.17	0.0345697
8526.24	0.0348814
8524.32	0.0354058
8522.39	0.0353343
8520.46	0.0349109
8518.53	0.0346201
8516.6	0.0348419
8514.68	0.0350443
8512.75	0.0349677
8510.82	0.034887
8508.89	0.0347138
8506.96	0.034812
8505.04	0.0349536
8503.11	0.0343891
8501.18	0.0338708
8499.25	0.0341252
8497.32	0.0345177
8495.39	0.0344387
8493.47	0.0341967
8491.54	0.0341512
8489.61	0.0342037
8487.68	0.0342098
8485.75	0.0341568
8483.83	0.034438
8481.9	0.0346006
8479.97	0.0344338
8478.04	0.034527
8476.11	0.0350192
8474.19	0.0352512
8472.26	0.0349656
8470.33	0.0347024
8468.4	0.0343647
8466.47	0.0340197
8464.55	0.0341877
8462.62	0.0342263
8460.69	0.0341836
8458.76	0.034164
8456.83	0.034108
8454.91	0.0344264
8452.98	0.0347638
8451.05	0.0343078
8449.12	0.0339871
8447.19	0.0340221
8445.27	0.033943
8443.34	0.0337653
8441.41	0.033878
8439.48	0.0339039
8437.55	0.0339413
8435.63	0.0344174
8433.7	0.0344302
8431.77	0.0338794
8429.84	0.0337162
8427.91	0.033714
8425.99	0.0338204
8424.06	0.0338669
8422.13	0.0336716
8420.2	0.0336188
8418.27	0.0337015
8416.35	0.03403
8414.42	0.0338429
8412.49	0.0334594
8410.56	0.0338794
8408.63	0.0340731
8406.71	0.0338718
8404.78	0.0337195
8402.85	0.0338682
8400.92	0.0338913
8398.99	0.0339468
8397.07	0.0342001
8395.14	0.0340725
8393.21	0.0336145
8391.28	0.0334184
8389.35	0.0336502
8387.43	0.0337338
8385.5	0.0337784
8383.57	0.0338059
8381.64	0.0336742
8379.71	0.0335582
8377.79	0.0336053
8375.86	0.0335482
8373.93	0.0333944
8372	0.0332702
8370.07	0.0333855
8368.14	0.0334588
8366.22	0.0332786
8364.29	0.0330409
8362.36	0.0331939
8360.43	0.0334011
8358.5	0.0335294
8356.58	0.0335319
8354.65	0.0335848
8352.72	0.0336159
8350.79	0.0334316
8348.86	0.0333205
8346.94	0.0334487
8345.01	0.0333408
8343.08	0.0332032
8341.15	0.0335247
8339.22	0.0336279
8337.3	0.0334506
8335.37	0.0333364
8333.44	0.0331756
8331.51	0.0331109
8329.58	0.0332857
8327.66	0.0331634
8325.73	0.0328168
8323.8	0.0328854
8321.87	0.0329305
8319.94	0.0330489
8318.02	0.0330736
8316.09	0.0328522
8314.16	0.0328467
8312.23	0.0330955
8310.3	0.0332075
8308.38	0.032917
8306.45	0.032732
8304.52	0.0328611
8302.59	0.0328529
8300.66	0.0326023
8298.74	0.0325646
8296.81	0.0329005
8294.88	0.0330301
8292.95	0.0328432
8291.02	0.0327283
8289.1	0.0328275
8287.17	0.0325976
8285.24	0.0324181
8283.31	0.0323265
8281.38	0.0324331
8279.46	0.0324963
8277.53	0.0327219
8275.6	0.0328716
8273.67	0.0328769
8271.74	0.0330816
8269.82	0.033113
8267.89	0.0330351
8265.96	0.0330501
8264.03	0.0326819
8262.1	0.0324291
8260.17	0.0323989
8258.25	0.0325781
8256.32	0.0326521
8254.39	0.0325177
8252.46	0.0325825
8250.54	0.0325383
8248.61	0.0323423
8246.68	0.0323539
8244.75	0.0322371
8242.82	0.0322109
8240.89	0.0320308
8238.97	0.031925
8237.04	0.0319503
8235.11	0.0321534
8233.18	0.0324311
8231.25	0.0323388
8229.33	0.0323664
8227.4	0.032327
8225.47	0.0322915
8223.54	0.0321387
8221.61	0.0319922
8219.69	0.0320148
8217.76	0.0320809
8215.83	0.0321585
8213.9	0.0317322
8211.97	0.0315576
8210.05	0.0317812
8208.12	0.0316851
8206.19	0.0318648
8204.26	0.032002
8202.33	0.0320539
8200.41	0.0321543
8198.48	0.032017
8196.55	0.0318892
8194.62	0.0320558
8192.69	0.0321133
8190.77	0.0318815
8188.84	0.0317326
8186.91	0.0318635
8184.98	0.0317354
8183.05	0.031879
8181.13	0.0319975
8179.2	0.0319218
8177.27	0.0315721
8175.34	0.0312025
8173.41	0.0312813
8171.49	0.0316949
8169.56	0.0317692
8167.63	0.0317315
8165.7	0.0320573
8163.77	0.0320681
8161.85	0.0317745
8159.92	0.0317156
8157.99	0.0315424
8156.06	0.0316455
8154.13	0.0318085
8152.21	0.0317192
8150.28	0.0315518
8148.35	0.0315186
8146.42	0.0317795
8144.49	0.0317427
8142.56	0.0316896
8140.64	0.0314072
8138.71	0.0311091
8136.78	0.031179
8134.85	0.031548
8132.92	0.031684
8131	0.0317146
8129.07	0.0315109
8127.14	0.0313023
8125.21	0.0311548
8123.28	0.031226
8121.36	0.0313324
8119.43	0.0312454
8117.5	0.0312047
8115.57	0.0313454
8113.64	0.0312044
8111.72	0.0309898
8109.79	0.0311246
8107.86	0.0312494
8105.93	0.0308884
8104	0.0306781
8102.08	0.0305629
8100.15	0.0307487
8098.22	0.0308256
8096.29	0.030685
8094.36	0.0308763
8092.44	0.0308837
8090.51	0.0308448
8088.58	0.0310273
8086.65	0.031029
8084.72	0.030709
8082.8	0.0307882
8080.87	0.0310729
8078.94	0.0310275
8077.01	0.030812
8075.08	0.0310251
8073.16	0.0312671
8071.23	0.0310031
8069.3	0.0308379
8067.37	0.0311219
8065.44	0.0311878
8063.52	0.0309768
8061.59	0.0310111
8059.66	0.0310212
8057.73	0.0307669
8055.8	0.0306862
8053.88	0.030821
8051.95	0.0309294
8050.02	0.0309678
8048.09	0.0308471
8046.16	0.0307016
8044.24	0.030815
8042.31	0.0307263
8040.38	0.0306112
8038.45	0.0307232
8036.52	0.0305652
8034.6	0.0302231
8032.67	0.0301053
8030.74	0.0302386
8028.81	0.0301896
8026.88	0.0301333
8024.96	0.0302522
8023.03	0.0304563
8021.1	0.0305407
8019.17	0.030552
8017.24	0.0304539
8015.31	0.0301273
8013.39	0.029927
8011.46	0.0301044
8009.53	0.0301007
8007.6	0.0299177
8005.67	0.0300787
8003.75	0.0302423
8001.82	0.0299107
7999.89	0.0297344
7997.96	0.030022
7996.03	0.0303648
7994.11	0.0303232
7992.18	0.0300763
7990.25	0.0300911
7988.32	0.0301779
7986.39	0.0302711
7984.47	0.0300736
7982.54	0.0298242
7980.61	0.0298417
7978.68	0.0300139
7976.75	0.0302455
7974.83	0.0300318
7972.9	0.0298568
7970.97	0.029855
7969.04	0.0296779
7967.11	0.0298869
7965.19	0.0301764
7963.26	0.0301001
7961.33	0.0299961
7959.4	0.02983
7957.47	0.0297344
7955.55	0.0297019
7953.62	0.0295652
7951.69	0.0296574
7949.76	0.0298349
7947.83	0.0299501
7945.91	0.0298947
7943.98	0.0296922
7942.05	0.0295637
7940.12	0.0296268
7938.19	0.0294929
7936.27	0.0294062
7934.34	0.0294344
7932.41	0.0294898
7930.48	0.0295371
7928.55	0.0295154
7926.63	0.0294251
7924.7	0.029479
7922.77	0.0295213
7920.84	0.029419
7918.91	0.0293122
7916.99	0.0292101
7915.06	0.0291987
7913.13	0.0293299
7911.2	0.0293045
7909.27	0.0291642
7907.35	0.0291684
7905.42	0.0292262
7903.49	0.0291604
7901.56	0.0292822
7899.63	0.0293111
7897.71	0.0288957
7895.78	0.0289126
7893.85	0.0291656
7891.92	0.029156
7889.99	0.0290054
7888.06	0.0289327
7886.14	0.0289278
7884.21	0.029005
7882.28	0.0292773
7880.35	0.0293311
7878.42	0.0290901
7876.5	0.0289155
7874.57	0.0289062
7872.64	0.0288286
7870.71	0.0284925
7868.78	0.0283536
7866.86	0.0286317
7864.93	0.0289519
7863	0.0288606
7861.07	0.0288133
7859.14	0.0285341
7857.22	0.0284155
7855.29	0.0288173
7853.36	0.0291871
7851.43	0.0291597
7849.5	0.0287207
7847.58	0.0284074
7845.65	0.0285386
7843.72	0.0284077
7841.79	0.0283763
7839.86	0.0284852
7837.94	0.0284599
7836.01	0.0284301
7834.08	0.0286793
7832.15	0.028604
7830.22	0.0282034
7828.3	0.0283397
7826.37	0.0286542
7824.44	0.0288191
7822.51	0.0287143
7820.58	0.0285166
7818.66	0.028405
7816.73	0.0283788
7814.8	0.0285514
7812.87	0.0285389
7810.94	0.0284128
7809.02	0.0284966
7807.09	0.0284304
7805.16	0.0283148
7803.23	0.0283667
7801.3	0.0284206
7799.38	0.028274
7797.45	0.0281575
7795.52	0.0281577
7793.59	0.0279324
7791.66	0.0277216
7789.74	0.0278736
7787.81	0.0280298
7785.88	0.0282592
7783.95	0.0282845
7782.02	0.0282209
7780.09	0.0280289
7778.17	0.0280222
7776.24	0.0280539
7774.31	0.0280751
7772.38	0.0279021
7770.46	0.0276562
7768.53	0.0277252
7766.6	0.02791
7764.67	0.0279762
7762.74	0.0279411
7760.81	0.0278255
7758.89	0.0279257
7756.96	0.0278557
7755.03	0.0277008
7753.1	0.027774
7751.17	0.0277864
7749.25	0.0279387
7747.32	0.0278762
7745.39	0.0276694
7743.46	0.0276884
7741.53	0.0276605
7739.61	0.0275857
7737.68	0.0275684
7735.75	0.0277693
7733.82	0.028001
7731.89	0.0279967
7729.97	0.027844
7728.04	0.0275584
7726.11	0.0274905
7724.18	0.0275591
7722.25	0.0274095
7720.33	0.0273332
7718.4	0.0273162
7716.47	0.0274097
7714.54	0.0274297
7712.61	0.0274805
7710.69	0.0275015
7708.76	0.0275359
7706.83	0.0274139
7704.9	0.0273386
7702.97	0.0273938
7701.05	0.0274185
7699.12	0.0273785
7697.19	0.0273145
7695.26	0.0271053
7693.33	0.0270066
7691.41	0.0272489
7689.48	0.027473
7687.55	0.0274083
7685.62	0.0272048
7683.69	0.0272436
7681.77	0.0273086
7679.84	0.0270012
7677.91	0.0267795
7675.98	0.0269023
7674.05	0.0271036
7672.12	0.0273193
7670.2	0.0274037
7668.27	0.0271687
7666.34	0.0269269
7664.41	0.0270508
7662.48	0.0273291
7660.56	0.0272002
7658.63	0.0270423
7656.7	0.0270128
7654.77	0.0270138
7652.84	0.0271099
7650.92	0.0271214
7648.99	0.0269775
7647.06	0.0270224
7645.13	0.0269825
7643.2	0.0268329
7641.28	0.0268241
7639.35	0.0267193
7637.42	0.0267399
7635.49	0.0268555
7633.56	0.0266802
7631.64	0.0265551
7629.71	0.0264894
7627.78	0.0265466
7625.85	0.0265998
7623.92	0.0267401
7622	0.0268494
7620.07	0.0265575
7618.14	0.0264565
7616.21	0.0265245
7614.28	0.0264269
7612.36	0.0266121
7610.43	0.0267783
7608.5	0.0266031
7606.57	0.0263638
7604.64	0.0263984
7602.72	0.0262708
7600.79	0.026217
7598.86	0.0262805
7596.93	0.0263513
7595	0.0265117
7593.08	0.026636
7591.15	0.0265788
7589.22	0.0265389
7587.29	0.0264863
7585.36	0.0264406
7583.44	0.0262917
7581.51	0.026012
7579.58	0.0261758
7577.65	0.0264018
7575.72	0.0264421
7573.8	0.0264859
7571.87	0.0265079
7569.94	0.0262264
7568.01	0.0259572
7566.08	0.0259917
7564.16	0.0260022
7562.23	0.0261353
7560.3	0.026136
7558.37	0.0259283
7556.44	0.0260462
7554.52	0.0262701
7552.59	0.0260795
7550.66	0.0257569
7548.73	0.0256834
7546.8	0.0259771
7544.88	0.0260184
7542.95	0.0257753
7541.02	0.0258418
7539.09	0.0259956
7537.16	0.0260121
7535.23	0.0258832
7533.31	0.0258532
7531.38	0.0256949
7529.45	0.0257214
7527.52	0.0259301
7525.59	0.0259663
7523.67	0.0258494
7521.74	0.0256064
7519.81	0.0255224
7517.88	0.0255462
7515.95	0.0255783
7514.03	0.025597
7512.1	0.0255651
7510.17	0.0254913
7508.24	0.0254572
7506.31	0.0254616
7504.39	0.0254759
7502.46	0.0255349
7500.53	0.0255214
7498.6	0.0254612
7496.67	0.0255759
7494.75	0.0255583
7492.82	0.0256272
7490.89	0.0255719
7488.96	0.0254959
7487.03	0.0254392
7485.11	0.0253305
7483.18	0.0254852
7481.25	0.0253846
7479.32	0.0252089
7477.39	0.0252317
7475.47	0.0252873
7473.54	0.0252298
7471.61	0.0251118
7469.68	0.0250125
7467.75	0.0251905
7465.83	0.0252952
7463.9	0.0251414
7461.97	0.0250016
7460.04	0.0251039
7458.11	0.0251631
7456.19	0.0252277
7454.26	0.0253169
7452.33	0.0252002
7450.4	0.0250385
7448.47	0.0249933
7446.54	0.0251298
7444.62	0.0252986
7442.69	0.0253025
7440.76	0.0253179
7438.83	0.0252611
7436.91	0.0251663
7434.98	0.0251473
7433.05	0.0251338
7431.12	0.025087
7429.19	0.0249953
7427.26	0.0249911
7425.34	0.0251177
7423.41	0.0250514
7421.48	0.024801
7419.55	0.0247074
7417.62	0.024658
7415.7	0.0247007
7413.77	0.0247311
7411.84	0.0247796
7409.91	0.0248469
7407.98	0.0248387
7406.06	0.0246744
7404.13	0.0245995
7402.2	0.0246153
7400.27	0.0246958
7398.34	0.0247608
7396.42	0.0247072
7394.49	0.0243986
7392.56	0.024272
7390.63	0.0244186
7388.7	0.0245863
7386.78	0.0246063
7384.85	0.0243945
7382.92	0.024465
7380.99	0.0245129
7379.06	0.0244874
7377.14	0.0246135
7375.21	0.0244527
7373.28	0.0243274
7371.35	0.0244448
7369.42	0.0245822
7367.5	0.0244875
7365.57	0.0245229
7363.64	0.0245604
7361.71	0.0244973
7359.78	0.0244629
7357.86	0.0243658
7355.93	0.0241867
7354	0.0241324
7352.07	0.0242305
7350.14	0.0243334
7348.22	0.0241775
7346.29	0.0240905
7344.36	0.0242842
7342.43	0.0243437
7340.5	0.0242866
7338.58	0.024213
7336.65	0.0241224
7334.72	0.0241171
7332.79	0.0241184
7330.86	0.0240492
7328.94	0.0240474
7327.01	0.0239925
7325.08	0.0239967
7323.15	0.0240383
7321.22	0.0239697
7319.29	0.0240228
7317.37	0.0242776
7315.44	0.0242157
7313.51	0.0239351
7311.58	0.0238868
7309.65	0.0237707
7307.73	0.0237241
7305.8	0.0237702
7303.87	0.0239437
7301.94	0.0239049
7300.01	0.0237653
7298.09	0.0236762
7296.16	0.0238046
7294.23	0.0238938
7292.3	0.0240338
7290.37	0.0239402
7288.45	0.0236386
7286.52	0.0236253
7284.59	0.0235989
7282.66	0.0234896
7280.73	0.0237109
7278.81	0.0239356
7276.88	0.0237679
7274.95	0.0235159
7273.02	0.0233624
7271.09	0.0236011
7269.17	0.023725
7267.24	0.0236113
7265.31	0.0234971
7263.38	0.0234416
7261.45	0.0235717
7259.53	0.0236998
7257.6	0.0235985
7255.67	0.0234142
7253.74	0.0231945
7251.81	0.0230922
7249.89	0.0232451
7247.96	0.0234494
7246.03	0.0235197
7244.1	0.0235135
7242.17	0.0234406
7240.25	0.0232536
7238.32	0.0231767
7236.39	0.0232572
7234.46	0.0233922
7232.53	0.023329
7230.61	0.0233276
7228.68	0.023398
7226.75	0.0232362
7224.82	0.0231198
7222.89	0.0232894
7220.97	0.0233175
7219.04	0.0231678
7217.11	0.0231483
7215.18	0.023007
7213.25	0.0229793
7211.33	0.0229379
7209.4	0.0227725
7207.47	0.0227835
7205.54	0.022847
7203.61	0.0229747
7201.69	0.0230301
7199.76	0.0231004
7197.83	0.0229165
7195.9	0.0226635
7193.97	0.0226956
7192.04	0.0227821
7190.12	0.022836
7188.19	0.022821
7186.26	0.0228598
7184.33	0.022862
7182.4	0.0228053
7180.48	0.0227532
7178.55	0.0227278
7176.62	0.0226953
7174.69	0.0227584
7172.76	0.0228459
7170.84	0.0228486
7168.91	0.0229204
7166.98	0.0228123
7165.05	0.0226315
7163.12	0.0226234
7161.2	0.0226281
7159.27	0.022723
7157.34	0.0228669
7155.41	0.0227925
7153.48	0.022538
7151.56	0.0224645
7149.63	0.0225319
7147.7	0.022622
7145.77	0.0226437
7143.84	0.0226986
7141.92	0.0226367
7139.99	0.0225065
7138.06	0.0225711
7136.13	0.022633
7134.2	0.0224619
7132.28	0.0224518
7130.35	0.0224889
7128.42	0.0225411
7126.49	0.0225183
7124.56	0.0223883
7122.64	0.0223227
7120.71	0.022394
7118.78	0.0224265
7116.85	0.0223905
7114.92	0.0223821
7113	0.0223244
7111.07	0.0223336
7109.14	0.0223326
7107.21	0.0223108
7105.28	0.0224073
7103.36	0.0223896
7101.43	0.0222955
7099.5	0.0222124
7097.57	0.0223119
7095.64	0.0224004
7093.71	0.0222543
7091.79	0.0222821
7089.86	0.0223035
7087.93	0.0223267
7086	0.0224228
7084.08	0.0222844
7082.15	0.0221436
7080.22	0.0222892
7078.29	0.0222284
7076.36	0.0222267
7074.43	0.0222824
7072.51	0.0220585
7070.58	0.0220412
7068.65	0.0220742
7066.72	0.0220549
7064.79	0.0220115
7062.87	0.0219452
7060.94	0.0220622
7059.01	0.0221143
7057.08	0.0221325
7055.15	0.0220364
7053.23	0.0219509
7051.3	0.0219913
7049.37	0.0219851
7047.44	0.0219755
7045.51	0.0220611
7043.59	0.0219043
7041.66	0.021846
7039.73	0.0220221
7037.8	0.0221389
7035.87	0.022179
7033.95	0.0221338
7032.02	0.0221093
7030.09	0.0220364
7028.16	0.0220098
7026.23	0.0220336
7024.31	0.0220996
7022.38	0.0219303
7020.45	0.0218324
7018.52	0.0219351
7016.59	0.0220229
7014.67	0.0220088
7012.74	0.0219202
7010.81	0.0219375
7008.88	0.0218865
7006.95	0.0217882
7005.03	0.0218071
7003.1	0.0217609
7001.17	0.0215742
6999.24	0.0216892
6997.31	0.0217637
6995.39	0.0217757
6993.46	0.021858
6991.53	0.0219121
6989.6	0.0218478
6987.67	0.0217605
6985.75	0.0218394
6983.82	0.0218074
6981.89	0.0218759
6979.96	0.0218714
6978.03	0.0218619
6976.1	0.0218139
6974.18	0.0217771
6972.25	0.0218038
6970.32	0.0216998
6968.39	0.0214582
6966.46	0.0214895
6964.54	0.0216733
6962.61	0.021675
6960.68	0.0216075
6958.75	0.0216894
6956.82	0.0218421
6954.9	0.0217323
6952.97	0.0215551
6951.04	0.0215276
6949.11	0.0215593
6947.18	0.0216105
6945.26	0.0215117
6943.33	0.0214053
6941.4	0.0214771
6939.47	0.0214846
6937.54	0.0216322
6935.62	0.0217489
6933.69	0.0218134
6931.76	0.0216824
6929.83	0.0215387
6927.9	0.0216616
6925.98	0.0218443
6924.05	0.0216712
6922.12	0.0215797
6920.19	0.0214806
6918.26	0.0213842
6916.34	0.0214638
6914.41	0.0212949
6912.48	0.0211914
6910.55	0.0213393
6908.62	0.0215227
6906.7	0.0214569
6904.77	0.0214883
6902.84	0.0214693
6900.91	0.0213597
6898.98	0.0213726
6897.06	0.0214252
6895.13	0.0213967
6893.2	0.02143
6891.27	0.0215851
6889.34	0.0215874
6887.42	0.0214548
6885.49	0.0213679
6883.56	0.0212289
6881.63	0.0213327
6879.7	0.0214463
6877.78	0.021514
6875.85	0.0213904
6873.92	0.0213743
6871.99	0.0214641
6870.06	0.0213282
6868.14	0.0214264
6866.21	0.0215624
6864.28	0.0214371
6862.35	0.0213083
6860.42	0.0213505
6858.5	0.021351
6856.57	0.0214747
6854.64	0.0215362
6852.71	0.0214183
6850.78	0.0214202
6848.85	0.0214981
6846.93	0.0213959
6845	0.0213155
6843.07	0.021338
6841.14	0.0213477
6839.21	0.0214845
6837.29	0.0215311
6835.36	0.0214843
6833.43	0.0213282
6831.5	0.0213041
6829.57	0.0213513
6827.65	0.0213798
6825.72	0.0212967
6823.79	0.0213702
6821.86	0.0212743
6819.93	0.0211752
6818.01	0.0213444
6816.08	0.02151
6814.15	0.0214989
6812.22	0.0215072
6810.29	0.021586
6808.37	0.02141
6806.44	0.0212919
6804.51	0.021475
6802.58	0.0215494
6800.65	0.0215874
6798.73	0.0214456
6796.8	0.0213402
6794.87	0.0214543
6792.94	0.0214398
6791.01	0.0214661
6789.09	0.0215781
6787.16	0.0216359
6785.23	0.0216182
6783.3	0.0215071
6781.37	0.0214207
6779.45	0.0214664
6777.52	0.0215627
6775.59	0.0216149
6773.66	0.0216214
6771.73	0.0215644
6769.81	0.021516
6767.88	0.0215974
6765.95	0.0216739
6764.02	0.0217744
6762.09	0.0217615
6760.17	0.0217812
6758.24	0.021744
6756.31	0.021616
6754.38	0.021544
6752.45	0.0216745
6750.53	0.0218351
6748.6	0.0218485
6746.67	0.0218759
6744.74	0.0218957
6742.81	0.0219069
6740.88	0.0218123
6738.96	0.0217309
6737.03	0.0217545
6735.1	0.0217226
6733.17	0.0216855
6731.25	0.0215263
6729.32	0.0214873
6727.39	0.0216199
6725.46	0.0217092
6723.53	0.0216684
6721.6	0.0216399
6719.68	0.0217013
6717.75	0.0218411
6715.82	0.0218206
6713.89	0.0217938
6711.96	0.0218485
6710.04	0.0217734
6708.11	0.0217386
6706.18	0.0217784
6704.25	0.021854
6702.32	0.0218572
6700.4	0.0217111
6698.47	0.0218744
6696.54	0.0219841
6694.61	0.0219475
6692.68	0.0218762
6690.76	0.021805
6688.83	0.0218388
6686.9	0.0218443
6684.97	0.0217701
6683.04	0.0218669
6681.12	0.0218181
6679.19	0.0216843
6677.26	0.0217516
6675.33	0.0217141
6673.4	0.0215899
6671.48	0.0216965
6669.55	0.0217565
6667.62	0.0217085
6665.69	0.0217469
6663.76	0.0218625
6661.84	0.021795
6659.91	0.0217865
6657.98	0.0218075
6656.05	0.0218224
6654.12	0.021702
6652.2	0.0216189
6650.27	0.0215207
6648.34	0.0214192
6646.41	0.0215472
6644.48	0.0216712
6642.56	0.0216627
6640.63	0.0217657
6638.7	0.0216947
6636.77	0.0215738
6634.84	0.0216046
6632.92	0.0216562
6630.99	0.021591
6629.06	0.0215604
6627.13	0.0214395
6625.2	0.0214509
6623.27	0.0215019
6621.35	0.0214699
6619.42	0.0213328
6617.49	0.0213364
6615.56	0.0213199
6613.63	0.0213978
6611.71	0.0214746
6609.78	0.0214079
6607.85	0.021303
6605.92	0.0212346
6603.99	0.0211682
6602.07	0.0212731
6600.14	0.0212683
6598.21	0.0212794
6596.28	0.0213202
6594.35	0.0213006
6592.43	0.0212456
6590.5	0.0211773
6588.57	0.021206
6586.64	0.0211372
6584.71	0.0210822
6582.79	0.0211439
6580.86	0.0211517
6578.93	0.0210881
6577	0.0211286
6575.07	0.0212106
6573.15	0.0213104
6571.22	0.0212806
6569.29	0.0212259
6567.36	0.0211591
6565.43	0.0210773
6563.51	0.0210684
6561.58	0.0211264
6559.65	0.0210749
6557.72	0.0210944
6555.79	0.0211525
6553.87	0.0210289
6551.94	0.0208858
6550.01	0.0208227
6548.08	0.0207131
6546.15	0.020723
6544.23	0.0209063
6542.3	0.0210242
6540.37	0.0209535
6538.44	0.0208134
6536.51	0.020843
6534.59	0.0209252
6532.66	0.0208247
6530.73	0.0207204
6528.8	0.0207314
6526.87	0.0207434
6524.95	0.0206256
6523.02	0.0205746
6521.09	0.0206616
6519.16	0.0205843
6517.23	0.0205505
6515.31	0.0204882
6513.38	0.0204074
6511.45	0.0203951
6509.52	0.0204047
6507.59	0.0203448
6505.67	0.0202684
6503.74	0.020458
6501.81	0.0205724
6499.88	0.0205045
6497.95	0.0203994
6496.02	0.0204501
6494.1	0.0204428
6492.17	0.0203788
6490.24	0.0204351
6488.31	0.0203686
6486.38	0.0202306
6484.46	0.0202244
6482.53	0.0203561
6480.6	0.0203121
6478.67	0.0202332
6476.74	0.0202414
6474.82	0.0201764
6472.89	0.0201629
6470.96	0.0201262
6469.03	0.0200174
6467.1	0.0200337
6465.18	0.0201112
6463.25	0.0200318
6461.32	0.0198519
6459.39	0.0198149
6457.46	0.0198006
6455.54	0.0197609
6453.61	0.0197598
6451.68	0.0197784
6449.75	0.0198482
6447.82	0.0199486
6445.9	0.0198335
6443.97	0.0196539
6442.04	0.0197032
6440.11	0.0197773
6438.18	0.0199569
6436.26	0.0200124
6434.33	0.0197705
6432.4	0.0195762
6430.47	0.0195655
6428.54	0.0196584
6426.62	0.0196592
6424.69	0.0195507
6422.76	0.0194967
6420.83	0.0196909
6418.9	0.0197867
6416.98	0.0196469
6415.05	0.0195499
6413.12	0.019518
6411.19	0.0195458
6409.26	0.0195487
6407.34	0.0194912
6405.41	0.0193137
6403.48	0.0192407
6401.55	0.0193665
6399.62	0.019457
6397.7	0.0194901
6395.77	0.0194339
6393.84	0.0194046
6391.91	0.0194175
6389.98	0.0193687
6388.06	0.0193551
6386.13	0.019292
6384.2	0.0192347
6382.27	0.019103
6380.34	0.0191167
6378.42	0.0192301
6376.49	0.019295
6374.56	0.0193325
6372.63	0.0191965
6370.7	0.0189666
6368.77	0.0189653
6366.85	0.019117
6364.92	0.0190773
6362.99	0.0189845
6361.06	0.0190123
6359.13	0.0190088
6357.21	0.0189843
6355.28	0.0190331
6353.35	0.0189526
6351.42	0.018852
6349.49	0.0188476
6347.57	0.0188238
6345.64	0.018765
6343.71	0.0187207
6341.78	0.018703
6339.85	0.0185887
6337.93	0.0186102
6336	0.0186845
6334.07	0.0186173
6332.14	0.0185924
6330.21	0.0185366
6328.29	0.0185269
6326.36	0.0185078
6324.43	0.0185562
6322.5	0.0185054
6320.57	0.0185617
6318.65	0.0186045
6316.72	0.0185564
6314.79	0.0186008
6312.86	0.0185583
6310.93	0.0184603
6309.01	0.0184045
6307.08	0.0184006
6305.15	0.018477
6303.22	0.0183428
6301.29	0.018235
6299.37	0.01825
6297.44	0.0181605
6295.51	0.0181375
6293.58	0.0182697
6291.65	0.0181681
6289.73	0.0180886
6287.8	0.0181094
6285.87	0.0181043
6283.94	0.0181553
6282.01	0.0180544
6280.08	0.0179862
6278.16	0.0179665
6276.23	0.0180641
6274.3	0.0180003
6272.37	0.0179548
6270.45	0.0179886
6268.52	0.0178456
6266.59	0.0177913
6264.66	0.0177667
6262.73	0.0177876
6260.8	0.0177744
6258.88	0.0177286
6256.95	0.0177149
6255.02	0.017701
6253.09	0.0176146
6251.17	0.0175424
6249.24	0.0175996
6247.31	0.0176916
6245.38	0.0176803
6243.45	0.0175898
6241.52	0.0175196
6239.6	0.0175794
6237.67	0.0175094
6235.74	0.0174216
6233.81	0.0175137
6231.88	0.017583
6229.96	0.0175266
6228.03	0.0174731
6226.1	0.017475
6224.17	0.0174474
6222.24	0.0173783
6220.32	0.0173423
6218.39	0.0173203
6216.46	0.0173558
6214.53	0.0172696
6212.6	0.0171772
6210.68	0.0171786
6208.75	0.0172247
6206.82	0.0173035
6204.89	0.0172342
6202.96	0.0172423
6201.04	0.0171184
6199.11	0.0171235
6197.18	0.0172885
6195.25	0.0173391
6193.32	0.0172139
6191.4	0.0171108
6189.47	0.0171548
6187.54	0.0172486
6185.61	0.0172279
6183.68	0.0170812
6181.76	0.0170747
6179.83	0.0170086
6177.9	0.0169258
6175.97	0.0169294
6174.04	0.0170918
6172.12	0.0172014
6170.19	0.0171369
6168.26	0.0170837
6166.33	0.0170494
6164.4	0.016991
6162.48	0.0170202
6160.55	0.0170841
6158.62	0.0169602
6156.69	0.016968
6154.76	0.0169498
6152.83	0.0169727
6150.91	0.0170347
6148.98	0.0169656
6147.05	0.0169749
6145.12	0.0170197
6143.19	0.0169493
6141.27	0.0168226
6139.34	0.0168145
6137.41	0.0169269
6135.48	0.0169834
6133.55	0.0169956
6131.63	0.0169242
6129.7	0.0168541
6127.77	0.0168402
6125.84	0.0168451
6123.91	0.0169641
6121.99	0.0169747
6120.06	0.0168949
6118.13	0.0169886
6116.2	0.0169289
6114.27	0.0167568
6112.35	0.0167686
6110.42	0.0167301
6108.49	0.016642
6106.56	0.0166566
6104.63	0.0166596
6102.71	0.0166577
6100.78	0.0167125
6098.85	0.0167889
6096.92	0.0166919
6094.99	0.0165734
6093.07	0.0165495
6091.14	0.0165926
6089.21	0.0166137
6087.28	0.0165754
6085.35	0.0166839
6083.43	0.0166917
6081.5	0.0166824
6079.57	0.0167253
6077.64	0.0166522
6075.71	0.0166208
6073.79	0.0166435
6071.86	0.0165913
6069.93	0.0166656
6068	0.0167657
6066.07	0.0166814
6064.15	0.0165935
6062.22	0.0165948
6060.29	0.0165793
6058.36	0.0164989
6056.43	0.0164777
6054.51	0.0164051
6052.58	0.0164622
6050.65	0.0164391
6048.72	0.01651
6046.79	0.0166271
6044.87	0.0165352
6042.94	0.01643
6041.01	0.0164811
6039.08	0.0164078
6037.15	0.0162816
6035.23	0.0163096
6033.3	0.0163789
6031.37	0.0163155
6029.44	0.0162717
6027.51	0.0162796
6025.58	0.0162716
6023.66	0.0162764
6021.73	0.0162011
6019.8	0.0161613
6017.87	0.016202
6015.94	0.0161964
6014.02	0.0161395
6012.09	0.0160908
6010.16	0.0160586
6008.23	0.0159661
6006.3	0.0158703
6004.38	0.0159202
6002.45	0.0158853
6000.52	0.0158444
5998.59	0.0157546
5996.66	0.0157152
5994.74	0.0158045
5992.81	0.0157969
5990.88	0.0157581
5988.95	0.0158182
5987.02	0.0158004
5985.1	0.0156983
5983.17	0.0156854
5981.24	0.0157149
5979.31	0.0155842
5977.38	0.015523
5975.46	0.0155869
5973.53	0.0155079
5971.6	0.0155142
5969.67	0.0154893
5967.74	0.015513
5965.82	0.0155363
5963.89	0.015412
5961.96	0.0153816
5960.03	0.0154138
5958.1	0.0154298
5956.18	0.0153354
5954.25	0.0152554
5952.32	0.0152871
5950.39	0.0154356
5948.46	0.0155304
5946.54	0.015432
5944.61	0.015318
5942.68	0.0152181
5940.75	0.0151287
5938.82	0.0150959
5936.9	0.0151725
5934.97	0.0152249
5933.04	0.0152015
5931.11	0.0152221
5929.18	0.0152008
5927.25	0.0149905
5925.33	0.0149066
5923.4	0.0149727
5921.47	0.0150043
5919.54	0.0149765
5917.62	0.0149132
5915.69	0.0148717
5913.76	0.0150259
5911.83	0.0151041
5909.9	0.0149431
5907.97	0.0148248
5906.05	0.0147323
5904.12	0.0146599
5902.19	0.0147296
5900.26	0.0147457
5898.33	0.0147538
5896.41	0.014874
5894.48	0.0148048
5892.55	0.0146355
5890.62	0.0146473
5888.69	0.0147402
5886.77	0.0146703
5884.84	0.0145196
5882.91	0.0145456
5880.98	0.0145378
5879.05	0.0144916
5877.13	0.014439
5875.2	0.0144431
5873.27	0.0145297
5871.34	0.0146691
5869.41	0.0146191
5867.49	0.0144499
5865.56	0.0144721
5863.63	0.0145774
5861.7	0.0145131
5859.77	0.0144572
5857.85	0.0144916
5855.92	0.0143823
5853.99	0.0143208
5852.06	0.014386
5850.13	0.0144623
5848.21	0.0144316
5846.28	0.0143618
5844.35	0.0143703
5842.42	0.0144326
5840.49	0.0144261
5838.57	0.0144734
5836.64	0.0144338
5834.71	0.0142515
5832.78	0.0142462
5830.85	0.0142265
5828.93	0.0142117
5827	0.0142177
5825.07	0.0142334
5823.14	0.0141998
5821.21	0.0141441
5819.29	0.0141698
5817.36	0.0142055
5815.43	0.0140733
5813.5	0.0139778
5811.57	0.0140544
5809.65	0.0141025
5807.72	0.0140858
5805.79	0.0141135
5803.86	0.014089
5801.93	0.0140685
5800	0.0141399
5798.08	0.0140855
5796.15	0.0140198
5794.22	0.0140762
5792.29	0.0141342
5790.36	0.0140964
5788.44	0.0140529
5786.51	0.0140887
5784.58	0.0140158
5782.65	0.0139659
5780.72	0.0139544
5778.8	0.0138946
5776.87	0.0138459
5774.94	0.013951
5773.01	0.0139721
5771.08	0.0138021
5769.16	0.0136416
5767.23	0.0137284
5765.3	0.0137788
5763.37	0.0137097
5761.44	0.013692
5759.52	0.0137132
5757.59	0.0137184
5755.66	0.0137153
5753.73	0.0136176
5751.8	0.0136307
5749.88	0.0136993
5747.95	0.0135786
5746.02	0.0135042
5744.09	0.0135126
5742.16	0.0135534
5740.24	0.01368
5738.31	0.0137295
5736.38	0.0136102
5734.45	0.0136488
5732.52	0.0136876
5730.6	0.0136648
5728.67	0.0136857
5726.74	0.0136437
5724.81	0.0135086
5722.88	0.0134749
5720.96	0.0135506
5719.03	0.0134894
5717.1	0.0134993
5715.17	0.0134695
5713.24	0.013412
5711.32	0.0134036
5709.39	0.0133698
5707.46	0.0133466
5705.53	0.0133313
5703.6	0.0134499
5701.68	0.013427
5699.75	0.0133066
5697.82	0.0133599
5695.89	0.0134683
5693.96	0.0135061
5692.03	0.0134504
5690.11	0.013344
5688.18	0.013334
5686.25	0.0133201
5684.32	0.013271
5682.4	0.01319
5680.47	0.0131757
5678.54	0.0132728
5676.61	0.0133305
5674.68	0.0132894
5672.75	0.0132874
5670.83	0.0133015
5668.9	0.0132701
5666.97	0.0132959
5665.04	0.013249
5663.11	0.0131344
5661.19	0.0131719
5659.26	0.013165
5657.33	0.013096
5655.4	0.0131402
5653.47	0.0131134
5651.55	0.0129702
5649.62	0.0129023
5647.69	0.0130189
5645.76	0.0130355
5643.83	0.0130117
5641.91	0.0130016
5639.98	0.0130284
5638.05	0.0130321
5636.12	0.0130225
5634.19	0.0129631
5632.27	0.0128848
5630.34	0.0129265
5628.41	0.0129876
5626.48	0.0130047
5624.55	0.0128655
5622.63	0.0128157
5620.7	0.0129057
5618.77	0.0128514
5616.84	0.0128603
5614.91	0.0128058
5612.99	0.0127427
5611.06	0.0128269
5609.13	0.0129258
5607.2	0.0129516
5605.27	0.012964
5603.35	0.0129767
5601.42	0.0129092
5599.49	0.0127527
5597.56	0.012765
5595.63	0.0128372
5593.71	0.0128487
5591.78	0.0127698
5589.85	0.0127077
5587.92	0.0126342
5585.99	0.0126371
5584.07	0.0126994
5582.14	0.0126559
5580.21	0.0126772
5578.28	0.012716
5576.35	0.0127018
5574.43	0.0126936
5572.5	0.012651
5570.57	0.0126758
5568.64	0.0126439
5566.71	0.012523
5564.79	0.012468
5562.86	0.0124129
5560.93	0.0125079
5559	0.0126027
5557.07	0.0125408
5555.14	0.0124589
5553.22	0.012488
5551.29	0.0124966
5549.36	0.0124303
5547.43	0.0124545
5545.5	0.0124105
5543.58	0.0123195
5541.65	0.0122934
5539.72	0.0123162
5537.79	0.0123462
5535.86	0.0122796
5533.94	0.0123237
5532.01	0.0123513
5530.08	0.0123319
5528.15	0.0123576
5526.22	0.0123727
5524.3	0.0123904
5522.37	0.0124376
5520.44	0.0123591
5518.51	0.0123067
5516.58	0.0122568
5514.66	0.0122031
5512.73	0.0121526
5510.8	0.0121547
5508.87	0.0122046
5506.94	0.0122004
5505.02	0.0121983
5503.09	0.0121624
5501.16	0.0120888
5499.23	0.0120195
5497.3	0.0120185
5495.38	0.0121043
5493.45	0.0121197
5491.52	0.0120036
5489.59	0.0119342
5487.66	0.011959
5485.74	0.0120152
5483.81	0.0119964
5481.88	0.012043
5479.95	0.0121405
5478.02	0.0120934
5476.1	0.0119311
5474.17	0.0119001
5472.24	0.0118831
5470.31	0.011954
5468.38	0.0119268
5466.46	0.0118335
5464.53	0.011876
5462.6	0.0118698
5460.67	0.0118405
5458.74	0.0118256
5456.82	0.0118283
5454.89	0.0118355
5452.96	0.0118612
5451.03	0.0117983
5449.1	0.0117143
5447.17	0.0117181
5445.25	0.0117094
5443.32	0.0116589
5441.39	0.011693
5439.46	0.0117405
5437.54	0.011786
5435.61	0.0117195
5433.68	0.0117178
5431.75	0.0115986
5429.82	0.011572
5427.89	0.0116183
5425.97	0.0115559
5424.04	0.0114843
5422.11	0.011564
5420.18	0.0116132
5418.25	0.0115951
5416.33	0.011561
5414.4	0.0115418
5412.47	0.0114778
5410.54	0.011465
5408.61	0.0115099
5406.69	0.0115474
5404.76	0.0115591
5402.83	0.011548
5400.9	0.0114769
5398.97	0.011477
5397.05	0.0114586
5395.12	0.0114264
5393.19	0.0114511
5391.26	0.0113962
5389.33	0.0113323
5387.41	0.0113633
5385.48	0.0114397
5383.55	0.0115058
5381.62	0.0114269
5379.69	0.0113273
5377.77	0.0113563
5375.84	0.0113544
5373.91	0.0112567
5371.98	0.0111921
5370.05	0.0112598
5368.13	0.0113721
5366.2	0.0113717
5364.27	0.0112994
5362.34	0.0112251
5360.41	0.0111947
5358.49	0.0112036
5356.56	0.0112274
5354.63	0.0112103
5352.7	0.0112653
5350.77	0.0112759
5348.85	0.0111391
5346.92	0.0111175
5344.99	0.0111982
5343.06	0.0112499
5341.13	0.0111338
5339.21	0.0111185
5337.28	0.011122
5335.35	0.0110825
5333.42	0.0111142
5331.49	0.0111104
5329.56	0.011129
5327.64	0.0111718
5325.71	0.0111819
5323.78	0.0111362
5321.85	0.0111004
5319.92	0.0110615
5318	0.0110589
5316.07	0.0110767
5314.14	0.0111321
5312.21	0.0110942
5310.28	0.0110777
5308.36	0.0111344
5306.43	0.0111117
5304.5	0.011095
5302.57	0.0111806
5300.64	0.0111938
5298.72	0.0111562
5296.79	0.011104
5294.86	0.0111113
5292.93	0.0110689
5291	0.011039
5289.08	0.0110653
5287.15	0.0110898
5285.22	0.0111772
5283.29	0.0111154
5281.36	0.0111283
5279.44	0.0112281
5277.51	0.0112355
5275.58	0.0111418
5273.65	0.0111429
5271.72	0.0112105
5269.8	0.0112682
5267.87	0.0112756
5265.94	0.0112605
5264.01	0.011233
5262.08	0.0113072
5260.16	0.0114071
5258.23	0.0114325
5256.3	0.0113916
5254.37	0.0113958
5252.44	0.0114063
5250.52	0.0113847
5248.59	0.0114232
5246.66	0.0113599
5244.73	0.0114258
5242.8	0.0115751
5240.88	0.0115976
5238.95	0.0116273
5237.02	0.0116368
5235.09	0.0116869
5233.16	0.0117263
5231.24	0.0116867
5229.31	0.0116587
5227.38	0.0116733
5225.45	0.011718
5223.52	0.0118135
5221.6	0.0119047
5219.67	0.0118923
5217.74	0.0119765
5215.81	0.0120424
5213.88	0.0120651
5211.96	0.0120412
5210.03	0.0120831
5208.1	0.012109
5206.17	0.0121454
5204.24	0.0121709
5202.31	0.01218
5200.39	0.012175
5198.46	0.0121901
5196.53	0.0123059
5194.6	0.0123399
5192.67	0.0123792
5190.75	0.0125051
5188.82	0.0125577
5186.89	0.012528
5184.96	0.0125904
5183.03	0.0126546
5181.11	0.0127168
5179.18	0.0126825
5177.25	0.0126355
5175.32	0.0127497
5173.39	0.0128391
5171.47	0.0128551
5169.54	0.0128687
5167.61	0.0129777
5165.68	0.0130741
5163.75	0.0130837
5161.83	0.0130735
5159.9	0.0131841
5157.97	0.0132427
5156.04	0.0132733
5154.11	0.0133004
5152.19	0.0132756
5150.26	0.0133052
5148.33	0.0134458
5146.4	0.0134904
5144.47	0.0135834
5142.55	0.0136462
5140.62	0.0135657
5138.69	0.0136213
5136.76	0.0137554
5134.83	0.0137617
5132.91	0.0136542
5130.98	0.0136377
5129.05	0.0137209
5127.12	0.013822
5125.19	0.0138816
5123.27	0.0138636
5121.34	0.0138645
5119.41	0.0139266
5117.48	0.0139934
5115.55	0.0139539
5113.62	0.0140212
5111.7	0.0140662
5109.77	0.0140285
5107.84	0.0140764
5105.91	0.014055
5103.99	0.0140587
5102.06	0.0140544
5100.13	0.0140736
5098.2	0.0141212
5096.27	0.0140664
5094.34	0.0140251
5092.42	0.0140745
5090.49	0.0141691
5088.56	0.0142397
5086.63	0.0142605
5084.71	0.01421
5082.78	0.014177
5080.85	0.014215
5078.92	0.0142877
5076.99	0.0143529
5075.06	0.0144037
5073.14	0.0144135
5071.21	0.0144087
5069.28	0.0144479
5067.35	0.0144723
5065.42	0.014512
5063.5	0.0145411
5061.57	0.0145691
5059.64	0.014627
5057.71	0.0146191
5055.78	0.0146803
5053.86	0.0147887
5051.93	0.014764
5050	0.0147648
5048.07	0.0148617
5046.14	0.0148141
5044.22	0.0147775
5042.29	0.0148805
5040.36	0.0149752
5038.43	0.0150577
5036.5	0.0151201
5034.58	0.0152553
5032.65	0.0153839
5030.72	0.0153962
5028.79	0.0154202
5026.86	0.0156983
5024.94	0.0158686
5023.01	0.0159879
5021.08	0.0161793
5019.15	0.0162185
5017.22	0.0161411
5015.3	0.0160385
5013.37	0.0160202
5011.44	0.0158919
5009.51	0.0157358
5007.58	0.0157088
5005.66	0.0156685
5003.73	0.015516
5001.8	0.0153059
4999.87	0.0151131
4997.94	0.0150213
4996.02	0.0149453
4994.09	0.0148775
4992.16	0.0147192
4990.23	0.0146127
4988.3	0.0145528
4986.38	0.0145179
4984.45	0.0145387
4982.52	0.0144945
4980.59	0.0144045
4978.66	0.0143666
4976.73	0.0144103
4974.81	0.0144125
4972.88	0.0142957
4970.95	0.014146
4969.02	0.0141019
4967.09	0.0142137
4965.17	0.0142953
4963.24	0.0142457
4961.31	0.0141673
4959.38	0.0140497
4957.45	0.0140076
4955.53	0.0139903
4953.6	0.0139398
4951.67	0.0139288
4949.74	0.0138865
4947.81	0.0138598
4945.89	0.0137989
4943.96	0.0136994
4942.03	0.0137654
4940.1	0.0138743
4938.17	0.0138577
4936.25	0.01372
4934.32	0.0136149
4932.39	0.0135691
4930.46	0.0135668
4928.53	0.0135252
4926.61	0.0135209
4924.68	0.0135428
4922.75	0.013449
4920.82	0.013283
4918.89	0.0132822
4916.97	0.0132787
4915.04	0.0132075
4913.11	0.0131703
4911.18	0.0132342
4909.25	0.0131733
4907.33	0.0130272
4905.4	0.0129829
4903.47	0.0130271
4901.54	0.0129694
4899.61	0.0129332
4897.69	0.0129903
4895.76	0.0129458
4893.83	0.0128703
4891.9	0.0127122
4889.97	0.0125837
4888.05	0.0125721
4886.12	0.0125898
4884.19	0.0125662
4882.26	0.0126215
4880.33	0.0126012
4878.41	0.0124766
4876.48	0.0123788
4874.55	0.0123917
4872.62	0.0123951
4870.69	0.012314
4868.77	0.0123151
4866.84	0.0123126
4864.91	0.0122502
4862.98	0.012219
4861.05	0.0121351
4859.12	0.0120382
4857.2	0.0120503
4855.27	0.012037
4853.34	0.0119625
4851.41	0.0118733
4849.48	0.0118344
4847.56	0.0117916
4845.63	0.0117818
4843.7	0.011748
4841.77	0.0116345
4839.84	0.0115479
4837.92	0.0115341
4835.99	0.0115634
4834.06	0.0115479
4832.13	0.0115043
4830.2	0.0114579
4828.28	0.0114061
4826.35	0.0113793
4824.42	0.011282
4822.49	0.0112029
4820.56	0.0111602
4818.64	0.0111005
4816.71	0.0110902
4814.78	0.0110235
4812.85	0.0109894
4810.92	0.0109166
4809	0.0108533
4807.07	0.0108111
4805.14	0.0107864
4803.21	0.0107714
4801.28	0.0107124
4799.36	0.0105644
4797.43	0.0104327
4795.5	0.0104436
4793.57	0.0104825
4791.64	0.0103987
4789.72	0.0102835
4787.79	0.0102523
4785.86	0.0101803
4783.93	0.0101025
4782	0.0100183
4780.08	0.010038
4778.15	0.0100435
4776.22	0.00991174
4774.29	0.00984974
4772.36	0.00988906
4770.44	0.00982958
4768.51	0.00961391
4766.58	0.00946021
4764.65	0.00940877
4762.72	0.00938277
4760.79	0.00937975
4758.87	0.00938744
4756.94	0.0094639
4755.01	0.00950948
4753.08	0.00936662
4751.16	0.00926029
4749.23	0.0091687
4747.3	0.00910857
4745.37	0.00912867
4743.44	0.00899872
4741.51	0.00894906
4739.59	0.00898553
4737.66	0.00899043
4735.73	0.00890394
4733.8	0.0087701
4731.88	0.00866781
4729.95	0.00874661
4728.02	0.00871385
4726.09	0.0085652
4724.16	0.008578
4722.23	0.00862515
4720.31	0.00847906
4718.38	0.00833836
4716.45	0.00837687
4714.52	0.00846396
4712.59	0.0084818
4710.67	0.00835984
4708.74	0.00829898
4706.81	0.00833617
4704.88	0.00835768
4702.95	0.00831256
4701.03	0.00817863
4699.1	0.00802628
4697.17	0.00793229
4695.24	0.00800522
4693.31	0.00799118
4691.39	0.00788272
4689.46	0.00778947
4687.53	0.00779625
4685.6	0.007892
4683.67	0.00798163
4681.75	0.00793691
4679.82	0.00781346
4677.89	0.00774552
4675.96	0.00774619
4674.03	0.00775608
4672.11	0.00767139
4670.18	0.00760941
4668.25	0.00763888
4666.32	0.00758064
4664.39	0.00748301
4662.47	0.00741998
4660.54	0.00734405
4658.61	0.00736642
4656.68	0.00738735
4654.75	0.00734715
4652.83	0.00729852
4650.9	0.00729134
4648.97	0.00723767
4647.04	0.00715153
4645.11	0.00712859
4643.19	0.00718488
4641.26	0.0072027
4639.33	0.00720226
4637.4	0.00718926
4635.47	0.00719556
4633.54	0.0072624
4631.62	0.00724545
4629.69	0.00713792
4627.76	0.00703254
4625.83	0.00700412
4623.9	0.00701651
4621.98	0.00698139
4620.05	0.0069325
4618.12	0.00687554
4616.19	0.00689648
4614.26	0.00692621
4612.34	0.00686713
4610.41	0.00689113
4608.48	0.00685494
4606.55	0.00685084
4604.62	0.00689312
4602.7	0.00685006
4600.77	0.0067915
4598.84	0.00685558
4596.91	0.00684528
4594.98	0.00683135
4593.06	0.00683576
4591.13	0.00679644
4589.2	0.00675407
4587.27	0.00676676
4585.34	0.00686077
4583.42	0.00687857
4581.49	0.00672819
4579.56	0.00658241
4577.63	0.00658987
4575.7	0.00672446
4573.78	0.00679991
4571.85	0.00679513
4569.92	0.00667829
4567.99	0.00659697
4566.06	0.00673132
4564.14	0.00689658
4562.21	0.00692897
4560.28	0.0069491
4558.35	0.00693742
4556.42	0.0069288
4554.5	0.00700409
4552.57	0.00701476
4550.64	0.00698668
4548.71	0.00694271
4546.78	0.00701352
4544.86	0.00705888
4542.93	0.00703372
4541	0.00702917
4539.07	0.00701594
4537.14	0.00708582
4535.22	0.00715295
4533.29	0.00712805
4531.36	0.00713998
4529.43	0.00714988
4527.5	0.00717397
4525.58	0.00720607
4523.65	0.00707612
4521.72	0.00705436
4519.79	0.00706181
4517.86	0.00702443
4515.94	0.00699846
4514.01	0.00693392
4512.08	0.00692937
4510.15	0.00694506
4508.22	0.00685827
4506.29	0.00680078
4504.37	0.0067713
4502.44	0.00664074
4500.51	0.00655203
4498.58	0.00653844
4496.65	0.00647534
4494.73	0.00639366
4492.8	0.00647887
4490.87	0.00643142
4488.94	0.00623582
4487.01	0.00619276
4485.09	0.00614853
4483.16	0.0061817
4481.23	0.00617038
4479.3	0.00609792
4477.37	0.00604211
4475.45	0.00606856
4473.52	0.0060868
4471.59	0.00597895
4469.66	0.00594214
4467.73	0.00606073
4465.81	0.00613169
4463.88	0.00604312
4461.95	0.00594583
4460.02	0.00593206
4458.09	0.00600035
4456.17	0.00593041
4454.24	0.00584621
4452.31	0.00591439
4450.38	0.00590284
4448.45	0.005889
4446.53	0.00588947
4444.6	0.00590532
4442.67	0.0058764
4440.74	0.00575236
4438.81	0.00573527
4436.89	0.00580608
4434.96	0.00588964
4433.03	0.00591345
4431.1	0.0058227
4429.17	0.00574725
4427.25	0.00575461
4425.32	0.00574145
4423.39	0.00579225
4421.46	0.00590636
4419.53	0.00585726
4417.61	0.00580141
4415.68	0.0057772
4413.75	0.00579809
4411.82	0.00580857
4409.89	0.005813
4407.96	0.00576686
4406.04	0.00566023
4404.11	0.00564634
4402.18	0.0056653
4400.25	0.00570059
4398.33	0.00568877
4396.4	0.00563821
4394.47	0.005665
4392.54	0.00562972
4390.61	0.00562056
4388.68	0.00565339
4386.76	0.00566389
4384.83	0.00567477
4382.9	0.00566131
4380.97	0.00565785
4379.04	0.00564446
4377.12	0.00556659
4375.19	0.00554179
4373.26	0.00560948
4371.33	0.00561922
4369.4	0.00548846
4367.48	0.00552705
4365.55	0.00560824
4363.62	0.00561153
4361.69	0.00567376
4359.76	0.00565322
4357.84	0.00555484
4355.91	0.00547793
4353.98	0.00547363
4352.05	0.00556273
4350.12	0.00558612
4348.2	0.005543
4346.27	0.00552246
4344.34	0.00552283
4342.41	0.00546662
4340.48	0.00549514
4338.56	0.00556317
4336.63	0.00557441
4334.7	0.00552585
4332.77	0.00549313
4330.84	0.0055032
4328.92	0.00554034
4326.99	0.00563147
4325.06	0.00559663
4323.13	0.00551571
4321.2	0.00551491
4319.28	0.00554454
4317.35	0.00560626
4315.42	0.00559032
4313.49	0.00552031
4311.56	0.00545501
4309.64	0.00546407
4307.71	0.0054431
4305.78	0.00537946
4303.85	0.0054175
4301.92	0.00545206
4300	0.00540143
4298.07	0.00546692
4296.14	0.00552578
4294.21	0.00542374
4292.28	0.00542485
4290.35	0.00542673
4288.43	0.0054116
4286.5	0.00544276
4284.57	0.00546373
4282.64	0.00542153
4280.71	0.00537775
4278.79	0.00545011
4276.86	0.00544196
4274.93	0.00542304
4273	0.00546712
4271.07	0.0054489
4269.15	0.00536852
4267.22	0.00541807
4265.29	0.00550927
4263.36	0.00556803
4261.43	0.00549273
4259.51	0.00542216
4257.58	0.00540237
4255.65	0.00537
4253.72	0.00538191
4251.79	0.0053858
4249.87	0.0054376
4247.94	0.0054429
4246.01	0.00530539
4244.08	0.00533048
4242.15	0.0053868
4240.23	0.00537583
4238.3	0.00542354
4236.37	0.00545622
4234.44	0.00555618
4232.51	0.00554585
4230.59	0.00552934
4228.66	0.00557162
4226.73	0.00556045
4224.8	0.00550262
4222.87	0.00551806
4220.95	0.00557296
4219.02	0.00548427
4217.09	0.00541448
4215.16	0.0054742
4213.23	0.00553759
4211.31	0.00550021
4209.38	0.00541106
4207.45	0.00544666
4205.52	0.00547682
4203.59	0.00544535
4201.67	0.00533598
4199.74	0.00526313
4197.81	0.00532511
4195.88	0.00538003
4193.95	0.00541233
4192.03	0.00543116
4190.1	0.00537865
4188.17	0.00536137
4186.24	0.00536771
4184.31	0.00533373
4182.39	0.00534152
4180.46	0.00531519
4178.53	0.00536517
4176.6	0.00544072
4174.67	0.00539224
4172.75	0.00539549
4170.82	0.00539878
4168.89	0.005489
4166.96	0.00552907
4165.03	0.00543488
4163.1	0.00536889
4161.18	0.00539556
4159.25	0.00537895
4157.32	0.00538409
4155.39	0.0053599
4153.46	0.00538684
4151.54	0.00542387
4149.61	0.00548118
4147.68	0.00550122
4145.75	0.00542508
4143.82	0.00534977
4141.9	0.00530073
4139.97	0.00532417
4138.04	0.00539324
4136.11	0.00546672
4134.18	0.00544749
4132.26	0.00532696
4130.33	0.00528299
4128.4	0.00533809
4126.47	0.00541126
4124.54	0.00540046
4122.62	0.00532411
4120.69	0.00525424
4118.76	0.00526092
4116.83	0.00527795
4114.9	0.00528
4112.98	0.0052474
4111.05	0.00525974
4109.12	0.00524277
4107.19	0.00531871
4105.26	0.00540536
4103.34	0.00530398
4101.41	0.00523312
4099.48	0.00529509
4097.55	0.0052914
4095.62	0.00535118
4093.7	0.00534155
4091.77	0.00526659
4089.84	0.00527795
4087.91	0.00530864
4085.98	0.00530771
4084.06	0.00536064
4082.13	0.00536161
4080.2	0.00531404
4078.27	0.00530227
4076.34	0.00529529
4074.42	0.00531545
4072.49	0.00530153
4070.56	0.00520857
4068.63	0.005339
4066.7	0.00538214
4064.78	0.00533712
4062.85	0.00527799
4060.92	0.00521762
4058.99	0.00522389
4057.06	0.00528513
4055.14	0.00526739
4053.21	0.00531844
4051.28	0.00534651
4049.35	0.00529325
4047.42	0.00528912
4045.5	0.00530023
4043.57	0.00526729
4041.64	0.00531116
4039.71	0.00537439
4037.78	0.00531116
4035.85	0.0053448
4033.93	0.00530449
4032	0.00531978
4030.07	0.00539536
4028.14	0.00540572
4026.21	0.00533243
4024.29	0.00527899
4022.36	0.00531264
4020.43	0.0053175
4018.5	0.00527229
4016.57	0.0051914
4014.65	0.00516809
4012.72	0.00524955
4010.79	0.00525676
4008.86	0.00518496
4006.93	0.00516156
4005.01	0.00523925
4003.08	0.00530361
4001.15	0.00524143
3999.22	0.00522845
3997.29	0.00523224
3995.37	0.0052203
3993.44	0.00524462
3991.51	0.00525874
3989.58	0.00537077
3987.65	0.00540237
3985.73	0.0052258
3983.8	0.00504207
3981.87	0.0050472
3979.94	0.00513554
3978.01	0.00518167
3976.09	0.00510774
3974.16	0.00516655
3972.23	0.00517235
3970.3	0.00514164
3968.37	0.00519908
3966.45	0.00517567
3964.52	0.00505122
3962.59	0.00505206
3960.66	0.00513004
3958.73	0.00511535
3956.81	0.0051063
3954.88	0.00510553
3952.95	0.00517121
3951.02	0.00514992
3949.09	0.00508283
3947.17	0.00503222
3945.24	0.00501572
3943.31	0.00512575
3941.38	0.00513101
3939.45	0.00509588
3937.53	0.00506007
3935.6	0.00495965
3933.67	0.00499588
3931.74	0.00514358
3929.81	0.00516384
3927.88	0.0050946
3925.96	0.0050357
3924.03	0.00508169
3922.1	0.00500198
3920.17	0.00492557
3918.24	0.00503627
3916.32	0.00511747
3914.39	0.00497648
3912.46	0.00493974
3910.53	0.00492785
3908.6	0.00495087
3906.68	0.00502457
3904.75	0.00487916
3902.82	0.00486629
3900.89	0.00494829
3898.96	0.00494852
3897.04	0.00488489
3895.11	0.00492956
3893.18	0.00500755
3891.25	0.00504096
3889.32	0.00502669
3887.4	0.0049926
3885.47	0.0049255
3883.54	0.00485165
3881.61	0.00492496
3879.68	0.00503376
3877.76	0.00504194
3875.83	0.00503785
3873.9	0.00501509
3871.97	0.00492426
3870.04	0.00483453
3868.12	0.00480286
3866.19	0.00488596
3864.26	0.00498636
3862.33	0.00487698
3860.4	0.00493328
3858.48	0.00493153
3856.55	0.00480059
3854.62	0.00481767
3852.69	0.00479107
3850.76	0.00475982
3848.84	0.00483419
3846.91	0.00494417
3844.98	0.0049682
3843.05	0.00495043
3841.12	0.00484531
3839.2	0.0048297
3837.27	0.0049432
3835.34	0.004987
3833.41	0.00489306
3831.48	0.00495003
3829.56	0.00508853
3827.63	0.00505555
3825.7	0.00503731
3823.77	0.00502648
3821.84	0.00500181
3819.92	0.00498378
3817.99	0.00494464
3816.06	0.00494869
3814.13	0.00498911
3812.2	0.00506376
3810.27	0.00511908
3808.35	0.00516172
3806.42	0.00525431
3804.49	0.00525958
3802.56	0.00513805
3800.64	0.00516776
3798.71	0.00534514
3796.78	0.00536372
3794.85	0.00530764
3792.92	0.00532354
3790.99	0.0053866
3789.07	0.00540257
3787.14	0.00535024
3785.21	0.00532384
3783.28	0.0053235
3781.35	0.00537281
3779.43	0.00542304
3777.5	0.0054177
3775.57	0.00546749
3773.64	0.00558122
3771.71	0.00563791
3769.79	0.00567497
3767.86	0.00560378
3765.93	0.00557602
3764	0.00566688
3762.07	0.00582569
3760.15	0.0058983
3758.22	0.00585424
3756.29	0.00575867
3754.36	0.00577415
3752.43	0.0058666
3750.51	0.00587479
3748.58	0.00596421
3746.65	0.00595211
3744.72	0.00584514
3742.79	0.00589965
3740.87	0.00608505
3738.94	0.00610935
3737.01	0.00602669
3735.08	0.00620368
3733.15	0.00643731
3731.23	0.00645738
3729.3	0.00639238
3727.37	0.00647924
3725.44	0.00653117
3723.51	0.0065046
3721.59	0.00658789
3719.66	0.00668367
3717.73	0.00667287
3715.8	0.00682148
3713.87	0.00701133
3711.95	0.00710694
3710.02	0.00719559
3708.09	0.00724808
3706.16	0.00727295
3704.23	0.00736622
3702.31	0.00754861
3700.38	0.00770353
3698.45	0.00793934
3696.52	0.00808562
3694.59	0.0081185
3692.67	0.00826572
3690.74	0.00838805
3688.81	0.00850728
3686.88	0.00861707
3684.95	0.00875205
3683.02	0.00892647
3681.1	0.00914525
3679.17	0.00938067
3677.24	0.00959687
3675.31	0.00992988
3673.38	0.0103151
3671.46	0.0106521
3669.53	0.0108892
3667.6	0.0110546
3665.67	0.0112348
3663.74	0.0115858
3661.82	0.0119859
3659.89	0.012402
3657.96	0.0127931
3656.03	0.013107
3654.1	0.013536
3652.18	0.0139891
3650.25	0.0143847
3648.32	0.014832
3646.39	0.0152227
3644.46	0.0156721
3642.54	0.0161851
3640.61	0.0166652
3638.68	0.0172738
3636.75	0.0178702
3634.82	0.0185744
3632.9	0.0192972
3630.97	0.0198899
3629.04	0.0205598
3627.11	0.0213287
3625.18	0.0220533
3623.26	0.0228874
3621.33	0.0237961
3619.4	0.0246078
3617.47	0.0253499
3615.54	0.0262446
3613.62	0.0271948
3611.69	0.0280923
3609.76	0.029123
3607.83	0.0302708
3605.9	0.0313408
3603.98	0.0324076
3602.05	0.0336699
3600.12	0.0349225
3598.19	0.036251
3596.26	0.0377301
3594.34	0.0392826
3592.41	0.0407439
3590.48	0.0422313
3588.55	0.0439041
3586.62	0.0457291
3584.7	0.0476213
3582.77	0.0495631
3580.84	0.0515722
3578.91	0.0535154
3576.98	0.0553969
3575.05	0.0575272
3573.13	0.0600265
3571.2	0.062674
3569.27	0.065075
3567.34	0.067638
3565.42	0.0705182
3563.49	0.0734093
3561.56	0.076501
3559.63	0.0796172
3557.7	0.0827243
3555.77	0.086093
3553.85	0.0896856
3551.92	0.0934743
3549.99	0.0973857
3548.06	0.101537
3546.13	0.105778
3544.21	0.11008
3542.28	0.114781
3540.35	0.119565
3538.42	0.124485
3536.49	0.129765
3534.57	0.135243
3532.64	0.140919
3530.71	0.146785
3528.78	0.15293
3526.85	0.159314
3524.93	0.165852
3523	0.172542
3521.07	0.179513
3519.14	0.186754
3517.21	0.19433
3515.29	0.202083
3513.36	0.20973
3511.43	0.217766
3509.5	0.226149
3507.57	0.234583
3505.65	0.243203
3503.72	0.251881
3501.79	0.260682
3499.86	0.269649
3497.93	0.278708
3496.01	0.287965
3494.08	0.297341
3492.15	0.306492
3490.22	0.315638
3488.29	0.324768
3486.37	0.33398
3484.44	0.34303
3482.51	0.351895
3480.58	0.360515
3478.65	0.36908
3476.73	0.377339
3474.8	0.385079
3472.87	0.392659
3470.94	0.400205
3469.01	0.407236
3467.09	0.413683
3465.16	0.419774
3463.23	0.425446
3461.3	0.430641
3459.37	0.435486
3457.44	0.439907
3455.52	0.443858
3453.59	0.447397
3451.66	0.450357
3449.73	0.452722
3447.81	0.45476
3445.88	0.456427
3443.95	0.457684
3442.02	0.458737
3440.09	0.45929
3438.16	0.459234
3436.24	0.458587
3434.31	0.458067
3432.38	0.457101
3430.45	0.455657
3428.52	0.454146
3426.6	0.452173
3424.67	0.449706
3422.74	0.447054
3420.81	0.444601
3418.88	0.442024
3416.96	0.438926
3415.03	0.435679
3413.1	0.432234
3411.17	0.428977
3409.24	0.426037
3407.32	0.422925
3405.39	0.419967
3403.46	0.41735
3401.53	0.415065
3399.6	0.412683
3397.68	0.410239
3395.75	0.408053
3393.82	0.40581
3391.89	0.403743
3389.96	0.401849
3388.04	0.399794
3386.11	0.397738
3384.18	0.395769
3382.25	0.393932
3380.32	0.392436
3378.4	0.391184
3376.47	0.389672
3374.54	0.388214
3372.61	0.386768
3370.68	0.385672
3368.76	0.384683
3366.83	0.383624
3364.9	0.382468
3362.97	0.381229
3361.04	0.37997
3359.12	0.37916
3357.19	0.378386
3355.26	0.377416
3353.33	0.376501
3351.4	0.375653
3349.48	0.374859
3347.55	0.373977
3345.62	0.373082
3343.69	0.372386
3341.76	0.37188
3339.83	0.3711
3337.91	0.370258
3335.98	0.369304
3334.05	0.36846
3332.12	0.368042
3330.19	0.367362
3328.27	0.366352
3326.34	0.365553
3324.41	0.36506
3322.48	0.364535
3320.55	0.363856
3318.63	0.363137
3316.7	0.362504
3314.77	0.361949
3312.84	0.361151
3310.91	0.360246
3308.99	0.359581
3307.06	0.358979
3305.13	0.35845
3303.2	0.357828
3301.27	0.356847
3299.35	0.356319
3297.42	0.356107
3295.49	0.355605
3293.56	0.355043
3291.63	0.354514
3289.71	0.354156
3287.78	0.353812
3285.85	0.353401
3283.92	0.35301
3281.99	0.352632
3280.07	0.352461
3278.14	0.352405
3276.21	0.352186
3274.28	0.351932
3272.35	0.35182
3270.43	0.352038
3268.5	0.352386
3266.57	0.352468
3264.64	0.352396
3262.71	0.352632
3260.79	0.352925
3258.86	0.353193
3256.93	0.353531
3255	0.354126
3253.07	0.354777
3251.15	0.35538
3249.22	0.356215
3247.29	0.357126
3245.36	0.358019
3243.43	0.359286
3241.51	0.360926
3239.58	0.36284
3237.65	0.364755
3235.72	0.366844
3233.79	0.369217
3231.87	0.371842
3229.94	0.374326
3228.01	0.377447
3226.08	0.38101
3224.15	0.384781
3222.22	0.388886
3220.3	0.392906
3218.37	0.397116
3216.44	0.401344
3214.51	0.405612
3212.58	0.409884
3210.66	0.413787
3208.73	0.416995
3206.8	0.419849
3204.87	0.42235
3202.94	0.424112
3201.02	0.425493
3199.09	0.42664
3197.16	0.427635
3195.23	0.428353
3193.3	0.428421
3191.38	0.428206
3189.45	0.4282
3187.52	0.428224
3185.59	0.428062
3183.66	0.427372
3181.74	0.426708
3179.81	0.426382
3177.88	0.425997
3175.95	0.425522
3174.02	0.425042
3172.1	0.424165
3170.17	0.423198
3168.24	0.422336
3166.31	0.421751
3164.38	0.421265
3162.46	0.420461
3160.53	0.419828
3158.6	0.419422
3156.67	0.419036
3154.74	0.41879
3152.82	0.418513
3150.89	0.418377
3148.96	0.418173
3147.03	0.417975
3145.1	0.418034
3143.18	0.418241
3141.25	0.418242
3139.32	0.418096
3137.39	0.418044
3135.46	0.417979
3133.54	0.418128
3131.61	0.417923
3129.68	0.417664
3127.75	0.417481
3125.82	0.416957
3123.9	0.416245
3121.97	0.415343
3120.04	0.414102
3118.11	0.412633
3116.18	0.410946
3114.26	0.408834
3112.33	0.406402
3110.4	0.403654
3108.47	0.400553
3106.54	0.396954
3104.61	0.392724
3102.69	0.38818
3100.76	0.383423
3098.83	0.377947
3096.9	0.371992
3094.98	0.365749
3093.05	0.359023
3091.12	0.351746
3089.19	0.344145
3087.26	0.336241
3085.33	0.328027
3083.41	0.319487
3081.48	0.310657
3079.55	0.301077
3077.62	0.290996
3075.69	0.280755
3073.77	0.270308
3071.84	0.259712
3069.91	0.248725
3067.98	0.237687
3066.05	0.226948
3064.13	0.216487
3062.2	0.20626
3060.27	0.19637
3058.34	0.187006
3056.41	0.178119
3054.49	0.16921
3052.56	0.161153
3050.63	0.153955
3048.7	0.146781
3046.77	0.139867
3044.85	0.133529
3042.92	0.127699
3040.99	0.122192
3039.06	0.116915
3037.13	0.112202
3035.21	0.107783
3033.28	0.103381
3031.35	0.0994558
3029.42	0.0959488
3027.49	0.0927207
3025.57	0.0894668
3023.64	0.086505
3021.71	0.0836579
3019.78	0.0808599
3017.85	0.0784867
3015.93	0.076483
3014	0.0744692
3012.07	0.0726292
3010.14	0.070897
3008.21	0.0693292
3006.29	0.0676684
3004.36	0.0660788
3002.43	0.0646739
3000.5	0.0633921
2998.57	0.0621482
2996.65	0.0610073
2994.72	0.0600193
2992.79	0.0590675
2990.86	0.0581019
2988.93	0.0570969
2987	0.056218
2985.08	0.0555106
2983.15	0.0547286
2981.22	0.0539443
2979.29	0.053223
2977.36	0.0526253
2975.44	0.0521006
2973.51	0.051584
2971.58	0.0510568
2969.65	0.050506
2967.72	0.050006
2965.8	0.0496934
2963.87	0.0493251
2961.94	0.0487186
2960.01	0.0480671
2958.08	0.0477773
2956.16	0.0473062
2954.23	0.046872
2952.3	0.0465101
2950.37	0.0462379
2948.44	0.0461152
2946.52	0.0459009
2944.59	0.0456867
2942.66	0.0453842
2940.73	0.045156
2938.8	0.0446669
2936.88	0.0443476
2934.95	0.0442609
2933.02	0.0441459
2931.09	0.0439029
2929.16	0.0436439
2927.24	0.0435574
2925.31	0.0432835
2923.38	0.0429446
2921.45	0.0428219
2919.52	0.0427455
2917.6	0.0424603
2915.67	0.0422386
2913.74	0.0419901
2911.81	0.0419288
2909.88	0.0420058
2907.96	0.0417159
2906.03	0.0414591
2904.1	0.0413556
2902.17	0.0411933
2900.24	0.0407494
2898.32	0.0403668
2896.39	0.0401804
2894.46	0.0400988
2892.53	0.0399541
2890.6	0.0396201
2888.68	0.0391959
2886.75	0.0390601
2884.82	0.0391338
2882.89	0.039012
2880.96	0.0387079
2879.04	0.0383439
2877.11	0.0382473
2875.18	0.0382679
2873.25	0.0379917
2871.32	0.0375702
2869.39	0.037396
2867.47	0.037191
2865.54	0.036953
2863.61	0.036917
2861.68	0.0365119
2859.75	0.0361386
2857.83	0.0358771
2855.9	0.035701
2853.97	0.0355871
2852.04	0.0352462
2850.11	0.0350634
2848.19	0.0349965
2846.26	0.0347027
2844.33	0.0344561
2842.4	0.0341498
2840.47	0.0338743
2838.55	0.0338145
2836.62	0.0336396
2834.69	0.0332667
2832.76	0.0329877
2830.83	0.0327326
2828.91	0.0324291
2826.98	0.0321812
2825.05	0.0320051
2823.12	0.0318104
2821.19	0.0317094
2819.27	0.0314513
2817.34	0.0311997
2815.41	0.0311254
2813.48	0.0308133
2811.55	0.0306089
2809.63	0.0303524
2807.7	0.0300814
2805.77	0.0299545
2803.84	0.0296368
2801.91	0.0293276
2799.99	0.0288914
2798.06	0.0287847
2796.13	0.0287818
2794.2	0.0285664
2792.27	0.028591
2790.35	0.0285581
2788.42	0.0283702
2786.49	0.0280298
2784.56	0.0275905
2782.63	0.0273129
2780.71	0.027096
2778.78	0.0269508
2776.85	0.0268414
2774.92	0.0265004
2772.99	0.0262412
2771.06	0.0261676
2769.14	0.0260537
2767.21	0.025777
2765.28	0.0253678
2763.35	0.025278
2761.43	0.0253138
2759.5	0.0250791
2757.57	0.0246911
2755.64	0.0246656
2753.71	0.0244565
2751.78	0.0241715
2749.86	0.0239341
2747.93	0.0237283
2746	0.0234995
2744.07	0.0232117
2742.15	0.023169
2740.22	0.0232179
2738.29	0.0230107
2736.36	0.0226867
2734.43	0.0223333
2732.5	0.0222608
2730.58	0.0223073
2728.65	0.0221733
2726.72	0.0219984
2724.79	0.0219312
2722.86	0.0218069
2720.94	0.0215122
2719.01	0.0212024
2717.08	0.0212267
2715.15	0.0211207
2713.22	0.0208988
2711.3	0.0208944
2709.37	0.0207209
2707.44	0.0203863
2705.51	0.0201781
2703.58	0.0200644
2701.66	0.0202309
2699.73	0.0202127
2697.8	0.0200405
2695.87	0.0198756
2693.94	0.0197832
2692.02	0.0196909
2690.09	0.0195635
2688.16	0.0193595
2686.23	0.0194423
2684.3	0.019416
2682.38	0.0191999
2680.45	0.0190463
2678.52	0.0190236
2676.59	0.0188687
2674.66	0.0188264
2672.74	0.0188216
2670.81	0.0190509
2668.88	0.0191849
2666.95	0.0191398
2665.02	0.0190397
2663.1	0.0189901
2661.17	0.0186517
2659.24	0.0182462
2657.31	0.0183658
2655.38	0.0187281
2653.46	0.018467
2651.53	0.0181666
2649.6	0.0179838
2647.67	0.0179705
2645.74	0.0182349
2643.81	0.0183008
2641.89	0.0182578
2639.96	0.0181426
2638.03	0.0179447
2636.1	0.017791
2634.17	0.0178718
2632.25	0.0179993
2630.32	0.0176273
2628.39	0.0177807
2626.46	0.0180492
2624.53	0.0179617
2622.61	0.0179268
2620.68	0.0178359
2618.75	0.0177354
2616.82	0.01756
2614.89	0.0175404
2612.97	0.0176291
2611.04	0.0176059
2609.11	0.0175566
2607.18	0.0173907
2605.25	0.0173591
2603.33	0.0176119
2601.4	0.0176004
2599.47	0.0176711
2597.54	0.0177207
2595.61	0.0176446
2593.69	0.0176253
2591.76	0.017738
2589.83	0.0178141
2587.9	0.0177461
2585.97	0.0176246
2584.05	0.0178902
2582.12	0.0179581
2580.19	0.0175953
2578.26	0.0175137
2576.33	0.017727
2574.41	0.0180311
2572.48	0.0179562
2570.55	0.0178831
2568.62	0.018
2566.69	0.0179895
2564.77	0.0179665
2562.84	0.0182814
2560.91	0.018247
2558.98	0.0180752
2557.05	0.0181751
2555.13	0.0181165
2553.2	0.0179588
2551.27	0.0180206
2549.34	0.0180815
2547.41	0.0179546
2545.49	0.0180284
2543.56	0.0182205
2541.63	0.0185704
2539.7	0.0188481
2537.77	0.0188137
2535.85	0.0186167
2533.92	0.0183627
2531.99	0.0185014
2530.06	0.0186256
2528.13	0.0187856
2526.21	0.0188813
2524.28	0.0189378
2522.35	0.0187842
2520.42	0.0187651
2518.49	0.0187966
2516.56	0.0186503
2514.64	0.0186336
2512.71	0.0186532
2510.78	0.0189323
2508.85	0.0192635
2506.92	0.0190759
2505	0.0191434
2503.07	0.019425
2501.14	0.019473
2499.21	0.0194551
2497.28	0.0193343
2495.36	0.0192644
2493.43	0.0197155
2491.5	0.019755
2489.57	0.0195494
2487.64	0.0195248
2485.72	0.0200341
2483.79	0.0204962
2481.86	0.020635
2479.93	0.0207494
2478	0.0206804
2476.08	0.0204166
2474.15	0.0202725
2472.22	0.0206016
2470.29	0.0208791
2468.36	0.0208912
2466.44	0.0207799
2464.51	0.0206496
2462.58	0.0207674
2460.65	0.0209672
2458.72	0.0211634
2456.8	0.0211914
2454.87	0.0210362
2452.94	0.0213788
2451.01	0.021395
2449.08	0.0213623
2447.16	0.0216853
2445.23	0.0222391
2443.3	0.0221752
2441.37	0.0221509
2439.44	0.0221739
2437.52	0.0221316
2435.59	0.0222764
2433.66	0.0224847
2431.73	0.0225211
2429.8	0.0225686
2427.88	0.02268
2425.95	0.0226584
2424.02	0.0226684
2422.09	0.0227079
2420.16	0.0227865
2418.24	0.0231087
2416.31	0.0230619
2414.38	0.0230147
2412.45	0.0231189
2410.52	0.0232202
2408.6	0.0234369
2406.67	0.0234892
2404.74	0.0236306
2402.81	0.0236888
2400.88	0.0234929
2398.95	0.0236175
2397.03	0.0240241
2395.1	0.0242833
2393.17	0.0244327
2391.24	0.02434
2389.31	0.0243232
2387.39	0.0246088
2385.46	0.0245142
2383.53	0.0243318
2381.6	0.024236
2379.67	0.0247436
2377.75	0.0250373
2375.82	0.0256978
2373.89	0.0260525
2371.96	0.0257516
2370.03	0.0256792
2368.11	0.025959
2366.18	0.0260424
2364.25	0.0259396
2362.32	0.026119
2360.39	0.026661
2358.47	0.0267065
2356.54	0.0268224
2354.61	0.0269132
2352.68	0.0270013
2350.75	0.0274737
2348.83	0.0280582
2346.9	0.0284004
2344.97	0.0281301
2343.04	0.02832
2341.11	0.0285636
2339.19	0.0283605
2337.26	0.0283797
2335.33	0.0282622
2333.4	0.028087
2331.47	0.0286289
2329.55	0.0290102
2327.62	0.0288628
2325.69	0.028723
2323.76	0.0285817
2321.83	0.0288101
2319.91	0.029296
2317.98	0.029857
2316.05	0.0303327
2314.12	0.0301473
2312.19	0.0296961
2310.27	0.0297174
2308.34	0.0304367
2306.41	0.0306078
2304.48	0.0302149
2302.55	0.0305151
2300.63	0.0309868
2298.7	0.0314482
2296.77	0.0313231
2294.84	0.0311445
2292.91	0.0316068
2290.98	0.0319794
2289.06	0.0318951
2287.13	0.0325467
2285.2	0.0325852
2283.27	0.0324347
2281.35	0.0327243
2279.42	0.0328915
2277.49	0.0331149
2275.56	0.0334059
2273.63	0.0330533
2271.7	0.0335488
2269.78	0.0338555
2267.85	0.0339406
2265.92	0.0342558
2263.99	0.0341632
2262.06	0.0339619
2260.14	0.0338663
2258.21	0.0339779
2256.28	0.0339063
2254.35	0.0335052
2252.42	0.0339158
2250.5	0.0342987
2248.57	0.0338949
2246.64	0.0343331
2244.71	0.0347734
2242.78	0.0348432
2240.86	0.0348562
2238.93	0.0352536
2237	0.0344013
2235.07	0.0341417
2233.14	0.03449
2231.22	0.0343753
2229.29	0.0340556
2227.36	0.0340253
2225.43	0.0345164
2223.5	0.0347246
2221.58	0.0341806
2219.65	0.0335215
2217.72	0.0335591
2215.79	0.0339605
2213.86	0.0335794
2211.94	0.0329436
2210.01	0.0330381
2208.08	0.0333618
2206.15	0.0330536
2204.22	0.0324676
2202.3	0.0321599
2200.37	0.032079
2198.44	0.0320516
2196.51	0.0320518
2194.58	0.0314747
2192.66	0.0310897
2190.73	0.0303284
2188.8	0.0301192
2186.87	0.0303382
2184.94	0.0302602
2183.02	0.0301304
2181.09	0.0297694
2179.16	0.029
2177.23	0.0286724
2175.3	0.0284535
2173.38	0.0282662
2171.45	0.0292011
2169.52	0.0288244
2167.59	0.0282616
2165.66	0.0276685
2163.73	0.0272376
2161.81	0.0272298
2159.88	0.026851
2157.95	0.0267424
2156.02	0.0266211
2154.09	0.026522
2152.17	0.0257418
2150.24	0.025358
2148.31	0.0262889
2146.38	0.0265723
2144.45	0.0258079
2142.53	0.0254893
2140.6	0.0250983
2138.67	0.0248177
2136.74	0.0249417
2134.81	0.0246312
2132.89	0.02266
2130.96	0.0222153
2129.03	0.0234985
2127.1	0.0231688
2125.17	0.0226287
2123.25	0.0229489
2121.32	0.0228785
2119.39	0.0222339
2117.46	0.0215426
2115.53	0.0213051
2113.61	0.0210062
2111.68	0.0203725
2109.75	0.021335
2107.82	0.0223363
2105.89	0.020588
2103.97	0.0196332
2102.04	0.0201303
2100.11	0.0217215
2098.18	0.0218474
2096.25	0.0202095
2094.33	0.0190839
2092.4	0.0194946
2090.47	0.0196516
2088.54	0.0208298
2086.61	0.020002
2084.69	0.0193764
2082.76	0.0205027
2080.83	0.0197425
2078.9	0.0193766
2076.97	0.0186514
2075.05	0.0175177
2073.12	0.0172744
2071.19	0.017174
2069.26	0.017933
2067.33	0.0180062
2065.41	0.0186521
2063.48	0.0183562
2061.55	0.0177509
2059.62	0.0172406
2057.69	0.01742
2055.77	0.0167312
2053.84	0.0158777
2051.91	0.0153614
2049.98	0.0164557
2048.05	0.0163409
2046.12	0.0155236
2044.2	0.015336
2042.27	0.0151276
2040.34	0.0155031
2038.41	0.0182626
2036.48	0.0188565
2034.56	0.0180951
2032.63	0.0164256
2030.7	0.0157438
2028.77	0.0155804
2026.84	0.0164975
2024.92	0.0175184
2022.99	0.0172804
2021.06	0.0168863
2019.13	0.0156328
2017.2	0.0153751
2015.28	0.0156509
2013.35	0.0183505
2011.42	0.0199858
2009.49	0.0186133
2007.56	0.016551
2005.64	0.0148142
2003.71	0.0172196
2001.78	0.0195339
