nAHm0125.spa, Fri Nov 03 15:45:15 2006 (GMT-10:00)
9999.26	0.00618073
9997.33	0.00691655
9995.4	0.00688807
9993.48	0.00598738
9991.55	0.00549826
9989.62	0.00590462
9987.69	0.00613801
9985.76	0.00564503
9983.84	0.00563425
9981.91	0.00588148
9979.98	0.00590196
9978.05	0.00538553
9976.12	0.00435972
9974.2	0.00383391
9972.27	0.00452552
9970.34	0.00558817
9968.41	0.00548977
9966.48	0.004559
9964.56	0.004235
9962.63	0.00470518
9960.7	0.00542169
9958.77	0.00639961
9956.84	0.00642191
9954.92	0.0054589
9952.99	0.00493482
9951.06	0.00482849
9949.13	0.00428154
9947.2	0.00434191
9945.28	0.00547605
9943.35	0.00659983
9941.42	0.00569088
9939.49	0.00499823
9937.56	0.00514201
9935.64	0.00547081
9933.71	0.00562929
9931.78	0.00596246
9929.85	0.00521014
9927.92	0.00471744
9926	0.00453014
9924.07	0.00437605
9922.14	0.00491163
9920.21	0.00519264
9918.28	0.00432106
9916.36	0.00414203
9914.43	0.00498633
9912.5	0.00509349
9910.57	0.00462366
9908.64	0.00480146
9906.71	0.0045281
9904.79	0.00395086
9902.86	0.00427381
9900.93	0.00486498
9899	0.00497587
9897.08	0.00572966
9895.15	0.00584719
9893.22	0.00519757
9891.29	0.00511525
9889.36	0.00483798
9887.43	0.00444859
9885.51	0.00507234
9883.58	0.00552826
9881.65	0.00560582
9879.72	0.00625477
9877.79	0.0060231
9875.87	0.00633667
9873.94	0.00665921
9872.01	0.00555511
9870.08	0.00465632
9868.15	0.00481211
9866.23	0.00504016
9864.3	0.0050766
9862.37	0.0055629
9860.44	0.00557753
9858.51	0.00500037
9856.59	0.00444658
9854.66	0.00459895
9852.73	0.00487339
9850.8	0.00480705
9848.87	0.00512223
9846.95	0.00586095
9845.02	0.00526809
9843.09	0.00456352
9841.16	0.00504485
9839.23	0.00558454
9837.31	0.0056406
9835.38	0.00511747
9833.45	0.00478129
9831.52	0.00481838
9829.59	0.0047166
9827.67	0.00477241
9825.74	0.00498643
9823.81	0.00504194
9821.88	0.00473663
9819.95	0.00494859
9818.03	0.00501331
9816.1	0.00512866
9814.17	0.00562788
9812.24	0.00574991
9810.31	0.00564889
9808.39	0.00557803
9806.46	0.00589289
9804.53	0.00600983
9802.6	0.00572425
9800.67	0.00535054
9798.75	0.00520337
9796.82	0.00552289
9794.89	0.00629142
9792.96	0.00552588
9791.03	0.004506
9789.11	0.00464114
9787.18	0.00502437
9785.25	0.00499354
9783.32	0.00461737
9781.39	0.00447195
9779.46	0.00491662
9777.54	0.00467199
9775.61	0.00426742
9773.68	0.00498435
9771.75	0.00512488
9769.83	0.00418485
9767.9	0.00425427
9765.97	0.00481643
9764.04	0.00509142
9762.11	0.00537701
9760.18	0.00520471
9758.26	0.0046021
9756.33	0.00421844
9754.4	0.00463113
9752.47	0.00463716
9750.54	0.00497644
9748.62	0.00531106
9746.69	0.00557414
9744.76	0.00487339
9742.83	0.00411155
9740.9	0.00457779
9738.98	0.00520354
9737.05	0.00522752
9735.12	0.00526984
9733.19	0.0045815
9731.26	0.00433499
9729.34	0.00448548
9727.41	0.00534789
9725.48	0.00585417
9723.55	0.00532964
9721.62	0.00516306
9719.7	0.00521846
9717.77	0.00498888
9715.84	0.00439018
9713.91	0.00413935
9711.98	0.00515837
9710.06	0.00537174
9708.13	0.00530781
9706.2	0.00600637
9704.27	0.00572019
9702.34	0.00497584
9700.42	0.0047699
9698.49	0.00468676
9696.56	0.00457946
9694.63	0.00467906
9692.7	0.00504512
9690.78	0.00464165
9688.85	0.00489782
9686.92	0.00477921
9684.99	0.004405
9683.06	0.00491179
9681.14	0.00532682
9679.21	0.00491759
9677.28	0.00441642
9675.35	0.00445789
9673.42	0.00421964
9671.5	0.0044054
9669.57	0.00473181
9667.64	0.00461198
9665.71	0.00477023
9663.78	0.00504529
9661.86	0.00500657
9659.93	0.00553484
9658	0.00529556
9656.07	0.00439011
9654.14	0.00427569
9652.21	0.00454701
9650.29	0.00522215
9648.36	0.00511589
9646.43	0.00454373
9644.5	0.00493572
9642.57	0.00497155
9640.65	0.00487942
9638.72	0.00499665
9636.79	0.00525689
9634.86	0.00564969
9632.93	0.00528185
9631.01	0.00467748
9629.08	0.00506634
9627.15	0.00544213
9625.22	0.00529952
9623.29	0.00510298
9621.37	0.0052143
9619.44	0.00534578
9617.51	0.00439868
9615.58	0.00405981
9613.65	0.00463137
9611.73	0.00420234
9609.8	0.00396149
9607.87	0.00471691
9605.94	0.00471131
9604.01	0.00439687
9602.09	0.00523794
9600.16	0.00546162
9598.23	0.00536818
9596.3	0.00542538
9594.37	0.00554779
9592.45	0.00534373
9590.52	0.00495814
9588.59	0.00508837
9586.66	0.0048419
9584.73	0.00470056
9582.81	0.00393367
9580.88	0.0034653
9578.95	0.00400353
9577.02	0.00472404
9575.09	0.00471198
9573.17	0.00467798
9571.24	0.00484997
9569.31	0.00512333
9567.38	0.00511066
9565.45	0.00477244
9563.53	0.004716
9561.6	0.00491143
9559.67	0.00488891
9557.74	0.00446907
9555.81	0.00403339
9553.88	0.00413303
9551.96	0.00427736
9550.03	0.00435282
9548.1	0.00469081
9546.17	0.00431775
9544.25	0.00404453
9542.32	0.00481881
9540.39	0.00551122
9538.46	0.00496826
9536.53	0.00441444
9534.6	0.00452163
9532.68	0.00438546
9530.75	0.00419873
9528.82	0.00412383
9526.89	0.0041998
9524.96	0.00476544
9523.04	0.00543481
9521.11	0.00514201
9519.18	0.00421325
9517.25	0.00353036
9515.32	0.00365043
9513.4	0.00399102
9511.47	0.00439031
9509.54	0.00431477
9507.61	0.00448662
9505.68	0.00445628
9503.76	0.00388316
9501.83	0.00372529
9499.9	0.00397156
9497.97	0.00384795
9496.04	0.0035485
9494.12	0.00374313
9492.19	0.00469677
9490.26	0.00480149
9488.33	0.00476846
9486.4	0.00474913
9484.48	0.00434941
9482.55	0.00423329
9480.62	0.00440457
9478.69	0.00417766
9476.76	0.00399721
9474.84	0.00426829
9472.91	0.00436501
9470.98	0.00437682
9469.05	0.00467966
9467.12	0.00492496
9465.2	0.00522101
9463.27	0.00504603
9461.34	0.00452361
9459.41	0.00443828
9457.48	0.00417561
9455.56	0.00392792
9453.63	0.00400319
9451.7	0.00457276
9449.77	0.00471362
9447.84	0.00387483
9445.92	0.00276334
9443.99	0.00274523
9442.06	0.00382569
9440.13	0.00445394
9438.2	0.00403219
9436.28	0.00366938
9434.35	0.00437106
9432.42	0.00466244
9430.49	0.00417658
9428.56	0.00398921
9426.63	0.00426876
9424.71	0.00462778
9422.78	0.00383371
9420.85	0.00413571
9418.92	0.00450878
9417	0.00397631
9415.07	0.00407627
9413.14	0.00444976
9411.21	0.00398179
9409.28	0.00351419
9407.35	0.00361091
9405.43	0.00390783
9403.5	0.0038411
9401.57	0.00448139
9399.64	0.00407145
9397.71	0.00372475
9395.79	0.00366574
9393.86	0.0037806
9391.93	0.00407663
9390	0.00416043
9388.07	0.00476869
9386.15	0.00461318
9384.22	0.00413333
9382.29	0.00399507
9380.36	0.00416307
9378.43	0.00363466
9376.51	0.0033768
9374.58	0.00366891
9372.65	0.00365695
9370.72	0.00360847
9368.79	0.00398694
9366.87	0.00410232
9364.94	0.00421345
9363.01	0.00395902
9361.08	0.0038421
9359.15	0.00398206
9357.23	0.00426207
9355.3	0.00447738
9353.37	0.00438971
9351.44	0.0042798
9349.51	0.00443148
9347.59	0.00474689
9345.66	0.00426518
9343.73	0.0042078
9341.8	0.00420422
9339.87	0.00366958
9337.95	0.00359013
9336.02	0.0034321
9334.09	0.00338127
9332.16	0.00434971
9330.23	0.00471051
9328.31	0.00404727
9326.38	0.00336107
9324.45	0.00320789
9322.52	0.00380734
9320.59	0.00361696
9318.67	0.00314778
9316.74	0.00343961
9314.81	0.00334527
9312.88	0.00369832
9310.95	0.00380644
9309.03	0.00353998
9307.1	0.00320225
9305.17	0.00312205
9303.24	0.00312355
9301.31	0.00290728
9299.38	0.00299785
9297.46	0.00366156
9295.53	0.00379537
9293.6	0.00322966
9291.67	0.00290558
9289.74	0.00299378
9287.82	0.00353093
9285.89	0.0041716
9283.96	0.00423219
9282.03	0.0040555
9280.1	0.00406426
9278.18	0.00373013
9276.25	0.00355027
9274.32	0.00367309
9272.39	0.00348113
9270.46	0.00325563
9268.54	0.00369254
9266.61	0.0042177
9264.68	0.00416575
9262.75	0.00356099
9260.82	0.00297787
9258.9	0.00307893
9256.97	0.00310623
9255.04	0.00342111
9253.11	0.00422326
9251.18	0.00428131
9249.26	0.00389904
9247.33	0.00357352
9245.4	0.00336978
9243.47	0.00343951
9241.54	0.00352094
9239.62	0.00358164
9237.69	0.00318072
9235.76	0.00316744
9233.83	0.00325086
9231.9	0.00305968
9229.98	0.00313774
9228.05	0.0033796
9226.12	0.00340411
9224.19	0.00331923
9222.26	0.00293006
9220.34	0.00271262
9218.41	0.00308261
9216.48	0.00279812
9214.55	0.00239886
9212.62	0.00285188
9210.7	0.00376867
9208.77	0.00400343
9206.84	0.00357536
9204.91	0.00317321
9202.98	0.00292783
9201.05	0.00274136
9199.13	0.00299682
9197.2	0.00335596
9195.27	0.00320676
9193.34	0.00312208
9191.42	0.00314638
9189.49	0.00284134
9187.56	0.00256678
9185.63	0.00271749
9183.7	0.00257284
9181.77	0.00236704
9179.85	0.00256481
9177.92	0.00259011
9175.99	0.00257248
9174.06	0.00295008
9172.13	0.00328013
9170.21	0.00334931
9168.28	0.00323286
9166.35	0.00307713
9164.42	0.00304263
9162.49	0.00265528
9160.57	0.00252692
9158.64	0.00265598
9156.71	0.00300109
9154.78	0.0028902
9152.85	0.00233862
9150.93	0.00252445
9149	0.00292913
9147.07	0.00255325
9145.14	0.00280989
9143.21	0.00308781
9141.29	0.00263604
9139.36	0.00255425
9137.43	0.00294905
9135.5	0.00315576
9133.57	0.00305357
9131.65	0.00306756
9129.72	0.00273963
9127.79	0.00276957
9125.86	0.00315466
9123.93	0.00317855
9122.01	0.00299909
9120.08	0.00295432
9118.15	0.00290578
9116.22	0.00276344
9114.29	0.00242641
9112.37	0.00224676
9110.44	0.00240326
9108.51	0.00235551
9106.58	0.00263474
9104.65	0.0023754
9102.73	0.00217945
9100.8	0.00256904
9098.87	0.00282006
9096.94	0.00294454
9095.01	0.00264458
9093.08	0.00229022
9091.16	0.00209691
9089.23	0.00221958
9087.3	0.00245987
9085.37	0.00257754
9083.45	0.00250559
9081.52	0.00251039
9079.59	0.00264764
9077.66	0.00242645
9075.73	0.00184291
9073.8	0.00187619
9071.88	0.00248513
9069.95	0.00316707
9068.02	0.0027517
9066.09	0.00214089
9064.17	0.00206721
9062.24	0.00291429
9060.31	0.00344819
9058.38	0.0031857
9056.45	0.00328811
9054.52	0.00320062
9052.6	0.00284404
9050.67	0.00265578
9048.74	0.00234872
9046.81	0.0020198
9044.88	0.00245923
9042.96	0.00261498
9041.03	0.00252382
9039.1	0.00278651
9037.17	0.00255671
9035.24	0.00222657
9033.32	0.00264441
9031.39	0.00288803
9029.46	0.00247769
9027.53	0.00267591
9025.6	0.0027368
9023.68	0.00278895
9021.75	0.0027424
9019.82	0.00268102
9017.89	0.00260151
9015.96	0.00255361
9014.04	0.00281836
9012.11	0.00267671
9010.18	0.00219224
9008.25	0.00200882
9006.32	0.00204284
9004.4	0.00198072
9002.47	0.00184434
9000.54	0.00169875
8998.61	0.00194554
8996.68	0.00228123
8994.76	0.0024711
8992.83	0.00292569
8990.9	0.00294511
8988.97	0.00250729
8987.04	0.00203798
8985.12	0.00216197
8983.19	0.0019746
8981.26	0.00178645
8979.33	0.00168132
8977.4	0.00176369
8975.48	0.00173857
8973.55	0.00202227
8971.62	0.00221282
8969.69	0.00236421
8967.76	0.00237767
8965.83	0.00226128
8963.91	0.00187083
8961.98	0.00191053
8960.05	0.00198419
8958.12	0.0020716
8956.2	0.00185935
8954.27	0.00146793
8952.34	0.00161035
8950.41	0.0020467
8948.48	0.00192071
8946.55	0.00171386
8944.63	0.00167444
8942.7	0.00203182
8940.77	0.00252052
8938.84	0.00229449
8936.92	0.00226927
8934.99	0.00214056
8933.06	0.00195466
8931.13	0.00189692
8929.2	0.00221225
8927.27	0.00198971
8925.35	0.00178718
8923.42	0.00207789
8921.49	0.00210956
8919.56	0.00212035
8917.63	0.00207427
8915.71	0.00190507
8913.78	0.00215398
8911.85	0.00252595
8909.92	0.00214522
8907.99	0.00173358
8906.07	0.00153054
8904.14	0.00145875
8902.21	0.00162275
8900.28	0.00196065
8898.35	0.00228643
8896.43	0.00240875
8894.5	0.00211548
8892.57	0.00190234
8890.64	0.0020993
8888.71	0.00212038
8886.79	0.00181736
8884.86	0.0017073
8882.93	0.00205619
8881	0.0019077
8879.07	0.00148971
8877.15	0.00143239
8875.22	0.00146464
8873.29	0.00124125
8871.36	0.00136132
8869.43	0.00178734
8867.51	0.00214968
8865.58	0.0020205
8863.65	0.00161514
8861.72	0.00156046
8859.79	0.00185679
8857.87	0.00181433
8855.94	0.00153147
8854.01	0.0014664
8852.08	0.00162721
8850.15	0.00162202
8848.22	0.00118506
8846.3	0.00100967
8844.37	0.00127299
8842.44	0.00170644
8840.51	0.00185705
8838.58	0.0019488
8836.66	0.00185808
8834.73	0.00138978
8832.8	0.0012884
8830.87	0.00124042
8828.94	0.000958399
8827.02	0.00123377
8825.09	0.00164667
8823.16	0.00162285
8821.23	0.00159209
8819.3	0.00143754
8817.38	0.00124198
8815.45	0.00116676
8813.52	0.00103365
8811.59	0.00136013
8809.66	0.00168272
8807.74	0.00138798
8805.81	0.00121766
8803.88	0.00127488
8801.95	0.00105189
8800.02	0.00122603
8798.1	0.0012369
8796.17	0.00130406
8794.24	0.00135793
8792.31	0.00147751
8790.38	0.00160908
8788.46	0.00178947
8786.53	0.00171389
8784.6	0.00147711
8782.67	0.00167613
8780.74	0.00154929
8778.82	0.00112264
8776.89	0.000882062
8774.96	0.00134211
8773.03	0.00155637
8771.1	0.00191815
8769.18	0.00187852
8767.25	0.00137635
8765.32	0.000941164
8763.39	0.000224939
8761.46	0.00042555
8759.54	0.00108676
8757.61	0.0014052
8755.68	0.00185645
8753.75	0.00186966
8751.82	0.00121254
8749.9	0.000893682
8747.97	0.0011753
8746.04	0.00133171
8744.11	0.00120849
8742.18	0.00122799
8740.25	0.000986725
8738.33	0.0012477
8736.4	0.00142112
8734.47	0.0011845
8732.54	0.00131831
8730.62	0.00129944
8728.69	0.00132064
8726.76	0.00136495
8724.83	0.00142066
8722.9	0.00133347
8720.97	0.00117164
8719.05	0.000957867
8717.12	0.000770951
8715.19	0.000842587
8713.26	0.00109354
8711.33	0.00108534
8709.41	0.000849824
8707.48	0.000687412
8705.55	0.00043351
8703.62	0.000692191
8701.69	0.00123131
8699.77	0.00145969
8697.84	0.00135607
8695.91	0.000929576
8693.98	0.000607706
8692.05	0.00074234
8690.13	0.000949134
8688.2	0.000791564
8686.27	0.00101113
8684.34	0.000924528
8682.41	0.000857493
8680.49	0.000895509
8678.56	0.000887839
8676.63	0.000703077
8674.7	0.000673076
8672.77	0.0009936
8670.85	0.00126677
8668.92	0.00128721
8666.99	0.00104807
8665.06	0.000834653
8663.13	0.000507081
8661.21	0.000548018
8659.28	0.000650975
8657.35	0.000751666
8655.42	0.000584414
8653.49	0.000748314
8651.57	0.000825291
8649.64	0.000878177
8647.71	0.000942991
8645.78	0.000894977
8643.85	0.000798137
8641.93	0.000498091
8640	0.000570081
8638.07	0.000770818
8636.14	0.00076481
8634.21	0.00056182
8632.29	0.000814104
8630.36	0.000831831
8628.43	0.000823399
8626.5	0.000793987
8624.57	0.00101502
8622.65	0.000770453
8620.72	0.000235978
8618.79	0.000410493
8616.86	0.0007054
8614.93	0.000646363
8613	0.000622372
8611.08	0.000480544
8609.15	0.00083286
8607.22	0.000749409
8605.29	0.000368939
8603.37	0.000343239
8601.44	0.000345394
8599.51	0.000200839
8597.58	0.000427242
8595.65	0.000675764
8593.72	0.000434372
8591.8	0.000516535
8589.87	0.00080783
8587.94	0.000646562
8586.01	0.000374211
8584.08	0.00021022
8582.16	0.000291048
8580.23	0.000818552
8578.3	0.000769192
8576.37	0.00037713
8574.44	0.000454937
8572.52	0.000467342
8570.59	0.000113565
8568.66	7.2669e-05
8566.73	1.25248e-05
8564.8	-0.000191208
8562.88	0.000189668
8560.95	0.000654659
8559.02	0.000511194
8557.09	0.000475568
8555.16	0.000566199
8553.24	0.000546757
8551.31	0.000454472
8549.38	0.000434804
8547.45	0.000332329
8545.52	0.000480411
8543.6	0.000727703
8541.67	0.000560492
8539.74	0.00028929
8537.81	0.000303382
8535.88	0.000374178
8533.96	0.000615138
8532.03	0.000450293
8530.1	0.000365622
8528.17	0.000268104
8526.24	0.000231569
8524.32	0.000466944
8522.39	0.000409829
8520.46	0.000167889
8518.53	7.9529e-05
8516.6	0.000339458
8514.68	0.00043079
8512.75	0.000272447
8510.82	0.000104981
8508.89	4.62244e-05
8506.96	0.000195833
8505.04	0.000194673
8503.11	0.000107732
8501.18	0.000111378
8499.25	0.00034934
8497.32	0.000226795
8495.39	-0.000196109
8493.47	-4.47949e-05
8491.54	-1.6567e-06
8489.61	-0.000255521
8487.68	-0.000184882
8485.75	-0.000188525
8483.83	5.89495e-05
8481.9	0.000306764
8479.97	3.92325e-05
8478.04	0.000106506
8476.11	0.000664913
8474.19	0.000827283
8472.26	0.000365523
8470.33	0.000104086
8468.4	-2.20004e-05
8466.47	-7.17624e-05
8464.55	4.68541e-05
8462.62	0.00016547
8460.69	-6.7025e-05
8458.76	-0.000191936
8456.83	-0.000271879
8454.91	-0.000162161
8452.98	0.000411952
8451.05	0.000372288
8449.12	5.23521e-06
8447.19	-0.000246845
8445.27	-0.000221842
8443.34	-0.000225154
8441.41	-4.47287e-05
8439.48	-0.0001085
8437.55	-0.000338399
8435.63	-1.57384e-05
8433.7	0.00022106
8431.77	-0.000141923
8429.84	-0.000263965
8427.91	-0.00019187
8425.99	-0.000123142
8424.06	0.000103457
8422.13	-0.000186803
8420.2	-0.00060775
8418.27	-0.000345186
8416.35	-2.98206e-07
8414.42	-1.71962e-05
8412.49	-6.36169e-06
8410.56	0.000111311
8408.63	0.000152278
8406.71	0.000288528
8404.78	5.20236e-05
8402.85	-0.000170309
8400.92	3.14122e-05
8398.99	0.000136965
8397.07	5.99105e-05
8395.14	-0.000200878
8393.21	-0.000434567
8391.28	-0.000394878
8389.35	-0.000324857
8387.43	-0.000315189
8385.5	-0.00034108
8383.57	-0.000276316
8381.64	-0.000203197
8379.71	-0.000154775
8377.79	-4.48943e-05
8375.86	-0.000197302
8373.93	-0.000433938
8372	-0.000448734
8370.07	-0.000189916
8368.14	-0.000184021
8366.22	-0.000281647
8364.29	-0.000410204
8362.36	-0.000482958
8360.43	-0.000527604
8358.5	-0.00051933
8356.58	-0.000496064
8354.65	-0.000297276
8352.72	-9.40574e-05
8350.79	-0.000420036
8348.86	-0.000611555
8346.94	-0.000535083
8345.01	-0.000375015
8343.08	-1.88529e-05
8341.15	0.000138423
8339.22	-7.25629e-06
8337.3	-0.000101312
8335.37	-0.000100385
8333.44	-0.000174581
8331.51	-0.000178059
8329.58	-7.52136e-06
8327.66	-0.000239791
8325.73	-0.000665385
8323.8	-0.000504636
8321.87	-0.000458863
8319.94	-0.00042894
8318.02	-0.000308931
8316.09	-0.000672729
8314.16	-0.00100915
8312.23	-0.00079148
8310.3	-0.000514366
8308.38	-0.000548784
8306.45	-0.00071375
8304.52	-0.00067971
8302.59	-0.000621018
8300.66	-0.00071977
8298.74	-0.000730091
8296.81	-0.000628462
8294.88	-0.000631738
8292.95	-0.000555369
8291.02	-0.00063316
8289.1	-0.000744943
8287.17	-0.000601232
8285.24	-0.000580915
8283.31	-0.000553516
8281.38	-0.000328433
8279.46	-0.000547129
8277.53	-0.00083788
8275.6	-0.000621481
8273.67	-0.000280786
8271.74	-0.000257475
8269.82	-0.000445822
8267.89	-0.000407358
8265.96	-0.000176105
8264.03	-0.000229856
8262.1	-0.000474121
8260.17	-0.000813672
8258.25	-0.000780235
8256.32	-0.000615095
8254.39	-0.000584588
8252.46	-0.000446153
8250.54	-0.000408649
8248.61	-0.000626179
8246.68	-0.000620885
8244.75	-0.0004865
8242.82	-0.000412157
8240.89	-0.000477861
8238.97	-0.000879282
8237.04	-0.00117989
8235.11	-0.000964223
8233.18	-0.000770445
8231.25	-0.000959925
8229.33	-0.000786122
8227.4	-0.000499771
8225.47	-0.00041997
8223.54	-0.000674284
8221.61	-0.000936484
8219.69	-0.00081344
8217.76	-0.000805305
8215.83	-0.000943692
8213.9	-0.00112834
8211.97	-0.00120034
8210.05	-0.00120394
8208.12	-0.00123745
8206.19	-0.00100571
8204.26	-0.0010467
8202.33	-0.00105487
8200.41	-0.000981315
8198.48	-0.000994142
8196.55	-0.000902064
8194.62	-0.000792472
8192.69	-0.000856862
8190.77	-0.000752385
8188.84	-0.000712526
8186.91	-0.000657213
8184.98	-0.000965446
8183.05	-0.00109763
8181.13	-0.000868237
8179.2	-0.000716198
8177.27	-0.000982207
8175.34	-0.00133388
8173.41	-0.00124726
8171.49	-0.000783278
8169.56	-0.000730455
8167.63	-0.000774943
8165.7	-0.000678519
8163.77	-0.000974075
8161.85	-0.000912811
8159.92	-0.000743951
8157.99	-0.00089727
8156.06	-0.00111684
8154.13	-0.00100558
8152.21	-0.00098029
8150.28	-0.000964322
8148.35	-0.000958702
8146.42	-0.0011173
8144.49	-0.00105658
8142.56	-0.000788603
8140.64	-0.000829745
8138.71	-0.00106571
8136.78	-0.00123193
8134.85	-0.00107387
8132.92	-0.00100287
8131	-0.000803287
8129.07	-0.000910298
8127.14	-0.0011019
8125.21	-0.00101986
8123.28	-0.00084628
8121.36	-0.000793663
8119.43	-0.000975
8117.5	-0.00134389
8115.57	-0.00106663
8113.64	-0.000624889
8111.72	-0.000946304
8109.79	-0.00144948
8107.86	-0.0015285
8105.93	-0.00125727
8104	-0.00125562
8102.08	-0.00150373
8100.15	-0.00144499
8098.22	-0.00145704
8096.29	-0.00157142
8094.36	-0.00133903
8092.44	-0.00128598
8090.51	-0.00139195
8088.58	-0.00104706
8086.65	-0.000850513
8084.72	-0.000968025
8082.8	-0.00114347
8080.87	-0.0011936
8078.94	-0.00131832
8077.01	-0.00134435
8075.08	-0.00105278
8073.16	-0.00102224
8071.23	-0.00128509
8069.3	-0.00131878
8067.37	-0.00119245
8065.44	-0.00116898
8063.52	-0.0012201
8061.59	-0.00117265
8059.66	-0.00117721
8057.73	-0.00095166
8055.8	-0.00102485
8053.88	-0.00122351
8051.95	-0.00105847
8050.02	-0.000945146
8048.09	-0.00101841
8046.16	-0.0010937
8044.24	-0.00112764
8042.31	-0.00124729
8040.38	-0.00129368
8038.45	-0.00142775
8036.52	-0.00167728
8034.6	-0.00164513
8032.67	-0.00157753
8030.74	-0.00160608
8028.81	-0.00175524
8026.88	-0.00177091
8024.96	-0.00158806
8023.03	-0.00119103
8021.1	-0.00112536
8019.17	-0.00133071
8017.24	-0.001357
8015.31	-0.00141566
8013.39	-0.00166421
8011.46	-0.00164629
8009.53	-0.00152856
8007.6	-0.00144931
8005.67	-0.00135968
8003.75	-0.00129332
8001.82	-0.00138168
7999.89	-0.00159955
7997.96	-0.00166695
7996.03	-0.00140833
7994.11	-0.00128562
7992.18	-0.00133722
7990.25	-0.00133464
7988.32	-0.00127445
7986.39	-0.00132625
7984.47	-0.00156082
7982.54	-0.00166134
7980.61	-0.00142521
7978.68	-0.00131327
7976.75	-0.00152094
7974.83	-0.00176147
7972.9	-0.00148177
7970.97	-0.0013606
7969.04	-0.00160304
7967.11	-0.00160301
7965.19	-0.00145635
7963.26	-0.00137718
7961.33	-0.00134125
7959.4	-0.00145902
7957.47	-0.0014508
7955.55	-0.00162034
7953.62	-0.00180005
7951.69	-0.00163028
7949.76	-0.00165431
7947.83	-0.00173926
7945.91	-0.00163467
7943.98	-0.00150846
7942.05	-0.00153883
7940.12	-0.00165609
7938.19	-0.00184311
7936.27	-0.00184723
7934.34	-0.00152708
7932.41	-0.00139023
7930.48	-0.00161671
7928.55	-0.00158525
7926.63	-0.00170583
7924.7	-0.0018434
7922.77	-0.00181516
7920.84	-0.00160671
7918.91	-0.00172352
7916.99	-0.00187768
7915.06	-0.00170748
7913.13	-0.00169217
7911.2	-0.00167821
7909.27	-0.001675
7907.35	-0.00165428
7905.42	-0.00167949
7903.49	-0.00180378
7901.56	-0.00172421
7899.63	-0.00165943
7897.71	-0.00183301
7895.78	-0.00194867
7893.85	-0.00191579
7891.92	-0.00180398
7889.99	-0.00184017
7888.06	-0.00187528
7886.14	-0.00178655
7884.21	-0.00171765
7882.28	-0.00143601
7880.35	-0.00127591
7878.42	-0.00153243
7876.5	-0.00191664
7874.57	-0.00200386
7872.64	-0.00198618
7870.71	-0.00197005
7868.78	-0.00192146
7866.86	-0.00185954
7864.93	-0.00173544
7863	-0.00166448
7861.07	-0.00162678
7859.14	-0.00180526
7857.22	-0.00207189
7855.29	-0.00201504
7853.36	-0.00174672
7851.43	-0.00172623
7849.5	-0.00201078
7847.58	-0.00216751
7845.65	-0.00206094
7843.72	-0.00197206
7841.79	-0.00186574
7839.86	-0.00188821
7837.94	-0.00198298
7836.01	-0.00208353
7834.08	-0.00195933
7832.15	-0.00193944
7830.22	-0.00207456
7828.3	-0.0018853
7826.37	-0.00185941
7824.44	-0.00202371
7822.51	-0.00197579
7820.58	-0.00201082
7818.66	-0.00212442
7816.73	-0.00217186
7814.8	-0.00216
7812.87	-0.00198727
7810.94	-0.00194686
7809.02	-0.00198717
7807.09	-0.00195491
7805.16	-0.00182192
7803.23	-0.00191991
7801.3	-0.00205481
7799.38	-0.00182664
7797.45	-0.00195768
7795.52	-0.00205811
7793.59	-0.00189946
7791.66	-0.00202256
7789.74	-0.00211769
7787.81	-0.00192727
7785.88	-0.00178962
7783.95	-0.00194274
7782.02	-0.00191918
7780.09	-0.00201556
7778.17	-0.00212788
7776.24	-0.00201072
7774.31	-0.00199205
7772.38	-0.00224811
7770.46	-0.00229518
7768.53	-0.00214061
7766.6	-0.00207367
7764.67	-0.00191368
7762.74	-0.00176946
7760.81	-0.00195685
7758.89	-0.00224538
7756.96	-0.0025454
7755.03	-0.002582
7753.1	-0.00232649
7751.17	-0.00215142
7749.25	-0.00202849
7747.32	-0.0020745
7745.39	-0.00226806
7743.46	-0.00240815
7741.53	-0.00226229
7739.61	-0.00222487
7737.68	-0.00223569
7735.75	-0.00198014
7733.82	-0.00186505
7731.89	-0.00206213
7729.97	-0.00198459
7728.04	-0.00208142
7726.11	-0.0021539
7724.18	-0.00195455
7722.25	-0.00216267
7720.33	-0.00251642
7718.4	-0.00255394
7716.47	-0.00235342
7714.54	-0.0022908
7712.61	-0.00218027
7710.69	-0.00216009
7708.76	-0.00208508
7706.83	-0.00208409
7704.9	-0.00216563
7702.97	-0.00231918
7701.05	-0.00237013
7699.12	-0.00236548
7697.19	-0.00236861
7695.26	-0.00242802
7693.33	-0.00233424
7691.41	-0.0020182
7689.48	-0.00205039
7687.55	-0.00219511
7685.62	-0.0021841
7683.69	-0.00210262
7681.77	-0.00217971
7679.84	-0.0023553
7677.91	-0.00237289
7675.98	-0.00233051
7674.05	-0.00230197
7672.12	-0.00217971
7670.2	-0.00209062
7668.27	-0.00233226
7666.34	-0.00227758
7664.41	-0.00201147
7662.48	-0.00217186
7660.56	-0.00228052
7658.63	-0.00224076
7656.7	-0.00241517
7654.77	-0.0022464
7652.84	-0.00194109
7650.92	-0.00190454
7648.99	-0.00215159
7647.06	-0.00222576
7645.13	-0.00239072
7643.2	-0.00248344
7641.28	-0.00241336
7639.35	-0.00247257
7637.42	-0.00255143
7635.49	-0.0024612
7633.56	-0.00241425
7631.64	-0.00238248
7629.71	-0.00252429
7627.78	-0.00250166
7625.85	-0.00249922
7623.92	-0.0024181
7622	-0.00241613
7620.07	-0.00268182
7618.14	-0.00277737
7616.21	-0.00266434
7614.28	-0.00255338
7612.36	-0.00225049
7610.43	-0.00219732
7608.5	-0.0022729
7606.57	-0.00240492
7604.64	-0.00251411
7602.72	-0.00260397
7600.79	-0.00257544
7598.86	-0.00252884
7596.93	-0.00260897
7595	-0.00263443
7593.08	-0.00247138
7591.15	-0.00225589
7589.22	-0.00233068
7587.29	-0.00223358
7585.36	-0.00236558
7583.44	-0.00260934
7581.51	-0.00259932
7579.58	-0.00240522
7577.65	-0.0022169
7575.72	-0.00235816
7573.8	-0.00243132
7571.87	-0.00241036
7569.94	-0.00251658
7568.01	-0.00256616
7566.08	-0.00263371
7564.16	-0.00258128
7562.23	-0.00250966
7560.3	-0.00246947
7558.37	-0.00246604
7556.44	-0.00257871
7554.52	-0.00253967
7552.59	-0.00249886
7550.66	-0.00266499
7548.73	-0.00267148
7546.8	-0.00241306
7544.88	-0.00258414
7542.95	-0.0028391
7541.02	-0.00262847
7539.09	-0.0025735
7537.16	-0.00263002
7535.23	-0.00262765
7533.31	-0.00256507
7531.38	-0.00275169
7529.45	-0.00276934
7527.52	-0.00272884
7525.59	-0.00289279
7523.67	-0.0029333
7521.74	-0.00290753
7519.81	-0.00270221
7517.88	-0.00270905
7515.95	-0.00274317
7514.03	-0.00278617
7512.1	-0.00268841
7510.17	-0.00266259
7508.24	-0.00276872
7506.31	-0.00271202
7504.39	-0.00251029
7502.46	-0.00238281
7500.53	-0.00261816
7498.6	-0.00284489
7496.67	-0.00269496
7494.75	-0.00258348
7492.82	-0.00256369
7490.89	-0.00260496
7488.96	-0.00264873
7487.03	-0.00261154
7485.11	-0.00273023
7483.18	-0.00284048
7481.25	-0.00298135
7479.32	-0.00291207
7477.39	-0.00274172
7475.47	-0.00262218
7473.54	-0.00263773
7471.61	-0.00272483
7469.68	-0.00281573
7467.75	-0.00276286
7465.83	-0.00261477
7463.9	-0.00273517
7461.97	-0.00289015
7460.04	-0.00287952
7458.11	-0.00281359
7456.19	-0.00271034
7454.26	-0.00253233
7452.33	-0.00257225
7450.4	-0.00272947
7448.47	-0.00286593
7446.54	-0.0028914
7444.62	-0.00277191
7442.69	-0.00268584
7440.76	-0.00260608
7438.83	-0.00270188
7436.91	-0.00278314
7434.98	-0.00269042
7433.05	-0.00266295
7431.12	-0.00273461
7429.19	-0.00282643
7427.26	-0.00279012
7425.34	-0.00270477
7423.41	-0.00285451
7421.48	-0.00303268
7419.55	-0.00284305
7417.62	-0.00295752
7415.7	-0.0030641
7413.77	-0.00295805
7411.84	-0.00291537
7409.91	-0.00289822
7407.98	-0.00275015
7406.06	-0.00278195
7404.13	-0.00293748
7402.2	-0.00297964
7400.27	-0.00290141
7398.34	-0.00285256
7396.42	-0.00280055
7394.49	-0.00292692
7392.56	-0.00311233
7390.63	-0.00308743
7388.7	-0.00287636
7386.78	-0.00288199
7384.85	-0.00284341
7382.92	-0.00273596
7380.99	-0.00282557
7379.06	-0.00286464
7377.14	-0.00296164
7375.21	-0.00309151
7373.28	-0.00307167
7371.35	-0.00292399
7369.42	-0.00279996
7367.5	-0.00282248
7365.57	-0.00285437
7363.64	-0.00281645
7361.71	-0.00270892
7359.78	-0.0027219
7357.86	-0.00286191
7355.93	-0.00301537
7354	-0.00304255
7352.07	-0.0029514
7350.14	-0.00300386
7348.22	-0.00303972
7346.29	-0.00305598
7344.36	-0.00296009
7342.43	-0.00302781
7340.5	-0.00309697
7338.58	-0.00321901
7336.65	-0.00323022
7334.72	-0.00299682
7332.79	-0.00276733
7330.86	-0.00283005
7328.94	-0.00286932
7327.01	-0.00299116
7325.08	-0.00304426
7323.15	-0.00300823
7321.22	-0.00305177
7319.29	-0.003077
7317.37	-0.00290204
7315.44	-0.00292033
7313.51	-0.00306595
7311.58	-0.0031074
7309.65	-0.0030213
7307.73	-0.00292981
7305.8	-0.00290924
7303.87	-0.0029386
7301.94	-0.00307279
7300.01	-0.00306489
7298.09	-0.00297062
7296.16	-0.0029048
7294.23	-0.00294508
7292.3	-0.00289025
7290.37	-0.00282679
7288.45	-0.00307414
7286.52	-0.00319812
7284.59	-0.0031597
7282.66	-0.0030845
7280.73	-0.00309352
7278.81	-0.00306118
7276.88	-0.0031076
7274.95	-0.00314066
7273.02	-0.00320082
7271.09	-0.00312918
7269.17	-0.00307039
7267.24	-0.00316145
7265.31	-0.00313928
7263.38	-0.00306081
7261.45	-0.00308657
7259.53	-0.00315806
7257.6	-0.00317941
7255.67	-0.00314964
7253.74	-0.00325058
7251.81	-0.00328761
7249.89	-0.00322966
7247.96	-0.00305466
7246.03	-0.00295924
7244.1	-0.00311072
7242.17	-0.0032144
7240.25	-0.00327663
7238.32	-0.00316783
7236.39	-0.00308075
7234.46	-0.00309618
7232.53	-0.00319559
7230.61	-0.0032641
7228.68	-0.00315895
7226.75	-0.00315184
7224.82	-0.00321164
7222.89	-0.0031146
7220.97	-0.00300962
7219.04	-0.00311381
7217.11	-0.0031046
7215.18	-0.00321526
7213.25	-0.0032242
7211.33	-0.00317332
7209.4	-0.0031997
7207.47	-0.00316168
7205.54	-0.00321924
7203.61	-0.00327679
7201.69	-0.00323312
7199.76	-0.00318309
7197.83	-0.00319085
7195.9	-0.00325285
7193.97	-0.0032048
7192.04	-0.00336146
7190.12	-0.0033731
7188.19	-0.00317885
7186.26	-0.00300695
7184.33	-0.00304621
7182.4	-0.00324838
7180.48	-0.0033657
7178.55	-0.00337984
7176.62	-0.00340141
7174.69	-0.00327764
7172.76	-0.00330053
7170.84	-0.00338648
7168.91	-0.00326321
7166.98	-0.00334887
7165.05	-0.00335068
7163.12	-0.00319434
7161.2	-0.00316115
7159.27	-0.00320526
7157.34	-0.0031449
7155.41	-0.0032739
7153.48	-0.00347583
7151.56	-0.0034135
7149.63	-0.00328633
7147.7	-0.00329221
7145.77	-0.003332
7143.84	-0.00326341
7141.92	-0.00324173
7139.99	-0.00321753
7138.06	-0.00313737
7136.13	-0.00302446
7134.2	-0.00320033
7132.28	-0.0033003
7130.35	-0.00324867
7128.42	-0.00315822
7126.49	-0.00310569
7124.56	-0.00317776
7122.64	-0.00327021
7120.71	-0.00322164
7118.78	-0.00305644
7116.85	-0.00308759
7114.92	-0.00325778
7113	-0.00325956
7111.07	-0.00326512
7109.14	-0.00336205
7107.21	-0.00322072
7105.28	-0.00304499
7103.36	-0.00313592
7101.43	-0.00335728
7099.5	-0.00340716
7097.57	-0.00319158
7095.64	-0.00319667
7093.71	-0.00323269
7091.79	-0.00326008
7089.86	-0.00334739
7087.93	-0.0032243
7086	-0.00302982
7084.08	-0.00298504
7082.15	-0.00307851
7080.22	-0.00314655
7078.29	-0.0031852
7076.36	-0.003155
7074.43	-0.00320171
7072.51	-0.00324894
7070.58	-0.00313562
7068.65	-0.00322884
7066.72	-0.00335857
7064.79	-0.00341597
7062.87	-0.00322045
7060.94	-0.00310191
7059.01	-0.00322483
7057.08	-0.00319934
7055.15	-0.0031996
7053.23	-0.00316204
7051.3	-0.00308457
7049.37	-0.00311928
7047.44	-0.0032979
7045.51	-0.00328074
7043.59	-0.00316829
7041.66	-0.00312914
7039.73	-0.00299955
7037.8	-0.00295845
7035.87	-0.00310523
7033.95	-0.00310322
7032.02	-0.00297418
7030.09	-0.00296878
7028.16	-0.00297608
7026.23	-0.00299892
7024.31	-0.00298303
7022.38	-0.00301712
7020.45	-0.00306427
7018.52	-0.00300514
7016.59	-0.0028632
7014.67	-0.00290059
7012.74	-0.00302469
7010.81	-0.00298698
7008.88	-0.00297161
7006.95	-0.00308829
7005.03	-0.00302752
7003.1	-0.00288255
7001.17	-0.00297839
6999.24	-0.00302663
6997.31	-0.00290105
6995.39	-0.00288933
6993.46	-0.00294225
6991.53	-0.00299728
6989.6	-0.00295979
6987.67	-0.0030185
6985.75	-0.00304081
6983.82	-0.00304186
6981.89	-0.00294656
6979.96	-0.00292955
6978.03	-0.00296674
6976.1	-0.00292451
6974.18	-0.00300498
6972.25	-0.00306206
6970.32	-0.00298731
6968.39	-0.00307809
6966.46	-0.00300517
6964.54	-0.00289381
6962.61	-0.00293547
6960.68	-0.00298852
6958.75	-0.00296404
6956.82	-0.00283719
6954.9	-0.00276608
6952.97	-0.00286481
6951.04	-0.00286948
6949.11	-0.00281086
6947.18	-0.00273941
6945.26	-0.00283235
6943.33	-0.00286402
6941.4	-0.00278837
6939.47	-0.00294466
6937.54	-0.00288173
6935.62	-0.0027057
6933.69	-0.00267155
6931.76	-0.00286672
6929.83	-0.0029591
6927.9	-0.00271656
6925.98	-0.00260944
6924.05	-0.0028023
6922.12	-0.00275525
6920.19	-0.00268749
6918.26	-0.00274053
6916.34	-0.00272509
6914.41	-0.00274274
6912.48	-0.00272226
6910.55	-0.0026866
6908.62	-0.00276434
6906.7	-0.00282768
6904.77	-0.00263526
6902.84	-0.00259445
6900.91	-0.00283429
6898.98	-0.00292178
6897.06	-0.00282129
6895.13	-0.00272601
6893.2	-0.00259346
6891.27	-0.00240997
6889.34	-0.00253486
6887.42	-0.00264148
6885.49	-0.00264715
6883.56	-0.00269213
6881.63	-0.00257577
6879.7	-0.00249846
6877.78	-0.00243036
6875.85	-0.00246809
6873.92	-0.00256929
6871.99	-0.00248143
6870.06	-0.00250495
6868.14	-0.00242015
6866.21	-0.00236176
6864.28	-0.00249388
6862.35	-0.00251283
6860.42	-0.00233968
6858.5	-0.00230972
6856.57	-0.00223997
6854.64	-0.0022404
6852.71	-0.00247056
6850.78	-0.00254863
6848.85	-0.00242542
6846.93	-0.00241389
6845	-0.0023402
6843.07	-0.00227949
6841.14	-0.00221268
6839.21	-0.00199324
6837.29	-0.00200603
6835.36	-0.00203245
6833.43	-0.0021896
6831.5	-0.00232125
6829.57	-0.00223776
6827.65	-0.00216224
6825.72	-0.00215953
6823.79	-0.00211176
6821.86	-0.00216824
6819.93	-0.00222286
6818.01	-0.00209837
6816.08	-0.00205863
6814.15	-0.00217513
6812.22	-0.00215353
6810.29	-0.0020341
6808.37	-0.00203987
6806.44	-0.00197305
6804.51	-0.00176867
6802.58	-0.00183562
6800.65	-0.00190078
6798.73	-0.0019178
6796.8	-0.00197793
6794.87	-0.00186666
6792.94	-0.00184067
6791.01	-0.00188455
6789.09	-0.00168415
6787.16	-0.00154256
6785.23	-0.00161668
6783.3	-0.00172643
6781.37	-0.00176982
6779.45	-0.00170903
6777.52	-0.00159783
6775.59	-0.00151298
6773.66	-0.00145866
6771.73	-0.00158449
6769.81	-0.00162942
6767.88	-0.00160311
6765.95	-0.00163147
6764.02	-0.0017753
6762.09	-0.00174827
6760.17	-0.00153074
6758.24	-0.00132893
6756.31	-0.00133078
6754.38	-0.00149673
6752.45	-0.00152496
6750.53	-0.00140949
6748.6	-0.00129923
6746.67	-0.00124812
6744.74	-0.00128443
6742.81	-0.00126758
6740.88	-0.001346
6738.96	-0.00137491
6737.03	-0.00137989
6735.1	-0.00139948
6733.17	-0.00142848
6731.25	-0.00138739
6729.32	-0.00144172
6727.39	-0.0013973
6725.46	-0.00125645
6723.53	-0.00125892
6721.6	-0.00133296
6719.68	-0.00136318
6717.75	-0.00135396
6715.82	-0.00130745
6713.89	-0.00133114
6711.96	-0.00125436
6710.04	-0.00111436
6708.11	-0.00108157
6706.18	-0.00114308
6704.25	-0.00114354
6702.32	-0.00115147
6700.4	-0.00127244
6698.47	-0.00117308
6696.54	-0.00111968
6694.61	-0.00113961
6692.68	-0.00122384
6690.76	-0.00120963
6688.83	-0.00112583
6686.9	-0.00115511
6684.97	-0.00122284
6683.04	-0.00109968
6681.12	-0.00112421
6679.19	-0.00124782
6677.26	-0.00122562
6675.33	-0.00112682
6673.4	-0.00114962
6671.48	-0.00116512
6669.55	-0.00118799
6667.62	-0.0011822
6665.69	-0.00114265
6663.76	-0.00113068
6661.84	-0.0012056
6659.91	-0.00114595
6657.98	-0.00109489
6656.05	-0.00110785
6654.12	-0.00121396
6652.2	-0.00127551
6650.27	-0.00133672
6648.34	-0.00138059
6646.41	-0.00123573
6644.48	-0.00112232
6642.56	-0.00110758
6640.63	-0.000987199
6638.7	-0.00104376
6636.77	-0.00119952
6634.84	-0.00119763
6632.92	-0.00120494
6630.99	-0.00126497
6629.06	-0.00126404
6627.13	-0.00132351
6625.2	-0.00137745
6623.27	-0.00137342
6621.35	-0.00126167
6619.42	-0.00128535
6617.49	-0.00132711
6615.56	-0.00131968
6613.63	-0.00115428
6611.71	-0.00104713
6609.78	-0.00107533
6607.85	-0.00122228
6605.92	-0.00130157
6603.99	-0.00122536
6602.07	-0.00115015
6600.14	-0.0012578
6598.21	-0.00129956
6596.28	-0.00124792
6594.35	-0.00122929
6592.43	-0.00116475
6590.5	-0.00106587
6588.57	-0.00099672
6586.64	-0.00104997
6584.71	-0.00112447
6582.79	-0.00118782
6580.86	-0.00114959
6578.93	-0.00116016
6577	-0.00112434
6575.07	-0.00106237
6573.15	-0.00108065
6571.22	-0.00115732
6569.29	-0.00115345
6567.36	-0.00106855
6565.43	-0.00107212
6563.51	-0.00113445
6561.58	-0.00117189
6559.65	-0.0012169
6557.72	-0.00112943
6555.79	-0.00117226
6553.87	-0.00126243
6551.94	-0.00133553
6550.01	-0.00139756
6548.08	-0.0014892
6546.15	-0.0014406
6544.23	-0.00125516
6542.3	-0.00118191
6540.37	-0.00133497
6538.44	-0.0014503
6536.51	-0.00143993
6534.59	-0.00136995
6532.66	-0.00143693
6530.73	-0.00142306
6528.8	-0.00140866
6526.87	-0.00149337
6524.95	-0.00161001
6523.02	-0.00158396
6521.09	-0.00154553
6519.16	-0.00162054
6517.23	-0.00143425
6515.31	-0.00145823
6513.38	-0.00160608
6511.45	-0.00158324
6509.52	-0.00170161
6507.59	-0.00173148
6505.67	-0.00165071
6503.74	-0.00162226
6501.81	-0.00162704
6499.88	-0.00159532
6497.95	-0.00165943
6496.02	-0.00156221
6494.1	-0.00155342
6492.17	-0.0016555
6490.24	-0.00162899
6488.31	-0.00163391
6486.38	-0.00166309
6484.46	-0.00174524
6482.53	-0.00174402
6480.6	-0.00170111
6478.67	-0.00173524
6476.74	-0.00166953
6474.82	-0.00159908
6472.89	-0.00168187
6470.96	-0.00174451
6469.03	-0.00183789
6467.1	-0.00185881
6465.18	-0.00173788
6463.25	-0.00171342
6461.32	-0.00182773
6459.39	-0.00190434
6457.46	-0.0018826
6455.54	-0.00190899
6453.61	-0.00198727
6451.68	-0.00204983
6449.75	-0.0020187
6447.82	-0.00190088
6445.9	-0.00193126
6443.97	-0.00203337
6442.04	-0.00199841
6440.11	-0.00192476
6438.18	-0.0018245
6436.26	-0.00183242
6434.33	-0.00189774
6432.4	-0.00197872
6430.47	-0.0020806
6428.54	-0.00199393
6426.62	-0.00193799
6424.69	-0.00204643
6422.76	-0.00211123
6420.83	-0.00209263
6418.9	-0.00205896
6416.98	-0.00208264
6415.05	-0.00211855
6413.12	-0.00214509
6411.19	-0.00209204
6409.26	-0.00209445
6407.34	-0.00224956
6405.41	-0.00231038
6403.48	-0.00224109
6401.55	-0.00214031
6399.62	-0.00206084
6397.7	-0.00205296
6395.77	-0.00215432
6393.84	-0.00220407
6391.91	-0.00220645
6389.98	-0.00216306
6388.06	-0.00213448
6386.13	-0.00216349
6384.2	-0.00220885
6382.27	-0.00227762
6380.34	-0.00225187
6378.42	-0.00216909
6376.49	-0.00214097
6374.56	-0.0020591
6372.63	-0.00206348
6370.7	-0.00226232
6368.77	-0.00234525
6366.85	-0.00241191
6364.92	-0.00239458
6362.99	-0.00227274
6361.06	-0.00225876
6359.13	-0.00224713
6357.21	-0.00226572
6355.28	-0.00221324
6353.35	-0.00219847
6351.42	-0.00224353
6349.49	-0.00225794
6347.57	-0.00241109
6345.64	-0.00252356
6343.71	-0.00246944
6341.78	-0.00248805
6339.85	-0.00251586
6337.93	-0.00246927
6336	-0.00240825
6334.07	-0.00238894
6332.14	-0.00245306
6330.21	-0.0025458
6328.29	-0.00258925
6326.36	-0.00261648
6324.43	-0.00252073
6322.5	-0.00248779
6320.57	-0.00245273
6318.65	-0.00243932
6316.72	-0.00246087
6314.79	-0.00246809
6312.86	-0.00248792
6310.93	-0.00254376
6309.01	-0.00259639
6307.08	-0.00260061
6305.15	-0.00248611
6303.22	-0.00248528
6301.29	-0.00263519
6299.37	-0.00263331
6297.44	-0.00257755
6295.51	-0.00260809
6293.58	-0.00262044
6291.65	-0.00261625
6289.73	-0.00260874
6287.8	-0.00259201
6285.87	-0.00267165
6283.94	-0.00265337
6282.01	-0.00267636
6280.08	-0.00275729
6278.16	-0.0027002
6276.23	-0.00265495
6274.3	-0.00269108
6272.37	-0.00259178
6270.45	-0.00256711
6268.52	-0.00265248
6266.59	-0.00268307
6264.66	-0.0026758
6262.73	-0.00268831
6260.8	-0.00271222
6258.88	-0.00268508
6256.95	-0.00267329
6255.02	-0.00270277
6253.09	-0.00274722
6251.17	-0.00269825
6249.24	-0.00254092
6247.31	-0.00261085
6245.38	-0.00278057
6243.45	-0.00283805
6241.52	-0.00279943
6239.6	-0.00266279
6237.67	-0.00269707
6235.74	-0.00270448
6233.81	-0.00270395
6231.88	-0.00263638
6229.96	-0.00261108
6228.03	-0.00271429
6226.1	-0.00280243
6224.17	-0.00281866
6222.24	-0.00280832
6220.32	-0.0028469
6218.39	-0.00285056
6216.46	-0.00278755
6214.53	-0.00284756
6212.6	-0.00292231
6210.68	-0.00287439
6208.75	-0.00285378
6206.82	-0.00280098
6204.89	-0.00276872
6202.96	-0.00280737
6201.04	-0.00289226
6199.11	-0.0028287
6197.18	-0.00259893
6195.25	-0.00250828
6193.32	-0.00265146
6191.4	-0.00278297
6189.47	-0.00270461
6187.54	-0.00262202
6185.61	-0.00269167
6183.68	-0.00278715
6181.76	-0.00276832
6179.83	-0.00275232
6177.9	-0.00285806
6175.97	-0.00287653
6174.04	-0.002727
6172.12	-0.00267978
6170.19	-0.0027057
6168.26	-0.00266361
6166.33	-0.00275492
6164.4	-0.00281981
6162.48	-0.00277201
6160.55	-0.0027944
6158.62	-0.00290411
6156.69	-0.00283492
6154.76	-0.00271867
6152.83	-0.00274784
6150.91	-0.00283574
6148.98	-0.00282751
6147.05	-0.0027214
6145.12	-0.00270672
6143.19	-0.00279374
6141.27	-0.0028342
6139.34	-0.0029823
6137.41	-0.00296108
6135.48	-0.00276631
6133.55	-0.0026861
6131.63	-0.00271739
6129.7	-0.00274511
6127.77	-0.00273332
6125.84	-0.00276714
6123.91	-0.00271222
6121.99	-0.00262307
6120.06	-0.0027247
6118.13	-0.00264293
6116.2	-0.00270507
6114.27	-0.00286481
6112.35	-0.00279871
6110.42	-0.0028097
6108.49	-0.00279706
6106.56	-0.00272654
6104.63	-0.00273671
6102.71	-0.00276575
6100.78	-0.00277056
6098.85	-0.00276516
6096.92	-0.00286639
6094.99	-0.00299909
6093.07	-0.00306864
6091.14	-0.00301567
6089.21	-0.00294874
6087.28	-0.00290131
6085.35	-0.00280263
6083.43	-0.00275798
6081.5	-0.00276101
6079.57	-0.00285016
6077.64	-0.0029771
6075.71	-0.00302011
6073.79	-0.00299793
6071.86	-0.00301409
6069.93	-0.00293521
6068	-0.00279914
6066.07	-0.0028416
6064.15	-0.00296411
6062.22	-0.0029182
6060.29	-0.0029494
6058.36	-0.00294189
6056.43	-0.00276786
6054.51	-0.00280384
6052.58	-0.0029048
6050.65	-0.00296858
6048.72	-0.00295746
6046.79	-0.00291783
6044.87	-0.00288851
6042.94	-0.00291309
6041.01	-0.00290595
6039.08	-0.00295384
6037.15	-0.00299984
6035.23	-0.00299297
6033.3	-0.00290796
6031.37	-0.00298026
6029.44	-0.00305213
6027.51	-0.00304801
6025.58	-0.00302482
6023.66	-0.00305762
6021.73	-0.00307526
6019.8	-0.0030468
6017.87	-0.00304709
6015.94	-0.00304114
6014.02	-0.00305219
6012.09	-0.00310375
6010.16	-0.00310622
6008.23	-0.00314359
6006.3	-0.00321384
6004.38	-0.00320069
6002.45	-0.00319888
6000.52	-0.00327735
5998.59	-0.00333835
5996.66	-0.00327113
5994.74	-0.0032242
5992.81	-0.00324519
5990.88	-0.00329955
5988.95	-0.00331332
5987.02	-0.00317704
5985.1	-0.00310322
5983.17	-0.00313299
5981.24	-0.00306197
5979.31	-0.00303584
5977.38	-0.00311381
5975.46	-0.00314625
5973.53	-0.00307407
5971.6	-0.00303512
5969.67	-0.00319131
5967.74	-0.00322263
5965.82	-0.00315273
5963.89	-0.00317625
5961.96	-0.003082
5960.03	-0.00305742
5958.1	-0.00327031
5956.18	-0.00341728
5954.25	-0.00338401
5952.32	-0.00330356
5950.39	-0.00320355
5948.46	-0.00312349
5946.54	-0.00308006
5944.61	-0.00320421
5942.68	-0.00343076
5940.75	-0.003483
5938.82	-0.00343865
5936.9	-0.00336741
5934.97	-0.0032517
5933.04	-0.00321105
5931.11	-0.00316536
5929.18	-0.00322338
5927.25	-0.00334492
5925.33	-0.00331352
5923.4	-0.0032759
5921.47	-0.00332066
5919.54	-0.0033075
5917.62	-0.00328892
5915.69	-0.00325946
5913.76	-0.00314497
5911.83	-0.00316507
5909.9	-0.00332904
5907.97	-0.00342402
5906.05	-0.00344802
5904.12	-0.00344897
5902.19	-0.00343316
5900.26	-0.0033778
5898.33	-0.00330694
5896.41	-0.00335653
5894.48	-0.00345272
5892.55	-0.00344302
5890.62	-0.00338461
5888.69	-0.0033318
5886.77	-0.00334979
5884.84	-0.00340121
5882.91	-0.00338967
5880.98	-0.00347208
5879.05	-0.00352885
5877.13	-0.00353348
5875.2	-0.00357604
5873.27	-0.00354465
5871.34	-0.00345966
5869.41	-0.00343352
5867.49	-0.00343615
5865.56	-0.00337935
5863.63	-0.0032885
5861.7	-0.00327561
5859.77	-0.00332394
5857.85	-0.00333361
5855.92	-0.0033873
5853.99	-0.00342833
5852.06	-0.0033872
5850.13	-0.00335876
5848.21	-0.00335893
5846.28	-0.00336613
5844.35	-0.00336347
5842.42	-0.00337803
5840.49	-0.00343852
5838.57	-0.0033948
5836.64	-0.00338431
5834.71	-0.00352313
5832.78	-0.00355133
5830.85	-0.00349371
5828.93	-0.00349637
5827	-0.00356145
5825.07	-0.00347698
5823.14	-0.00347317
5821.21	-0.00351415
5819.29	-0.00351116
5817.36	-0.00346327
5815.43	-0.00352563
5813.5	-0.00361035
5811.57	-0.00351389
5809.65	-0.00348076
5807.72	-0.00353604
5805.79	-0.00344368
5803.86	-0.00343405
5801.93	-0.00349233
5800	-0.00345078
5798.08	-0.00347626
5796.15	-0.00348066
5794.22	-0.00343592
5792.29	-0.00340223
5790.36	-0.00338806
5788.44	-0.00333808
5786.51	-0.00331707
5784.58	-0.0033991
5782.65	-0.00351751
5780.72	-0.00350952
5778.8	-0.00338595
5776.87	-0.00337014
5774.94	-0.00332075
5773.01	-0.0033535
5771.08	-0.00353598
5769.16	-0.00361294
5767.23	-0.0035533
5765.3	-0.00353332
5763.37	-0.00359766
5761.44	-0.00365263
5759.52	-0.00368076
5757.59	-0.00362267
5755.66	-0.003504
5753.73	-0.00352727
5751.8	-0.00343415
5749.88	-0.00338056
5747.95	-0.00348612
5746.02	-0.00360699
5744.09	-0.00361271
5742.16	-0.00346912
5740.24	-0.003433
5738.31	-0.00337044
5736.38	-0.00340101
5734.45	-0.00339414
5732.52	-0.00347452
5730.6	-0.00350995
5728.67	-0.00348303
5726.74	-0.00354163
5724.81	-0.00362326
5722.88	-0.00362112
5720.96	-0.00354768
5719.03	-0.00352921
5717.1	-0.00359474
5715.17	-0.00363745
5713.24	-0.00359684
5711.32	-0.00355405
5709.39	-0.00359168
5707.46	-0.00362789
5705.53	-0.00356519
5703.6	-0.00345792
5701.68	-0.00341985
5699.75	-0.0034873
5697.82	-0.00348602
5695.89	-0.00347899
5693.96	-0.00350893
5692.03	-0.00349059
5690.11	-0.00348392
5688.18	-0.00350768
5686.25	-0.0035296
5684.32	-0.00355954
5682.4	-0.0035785
5680.47	-0.00352244
5678.54	-0.00337974
5676.61	-0.00328468
5674.68	-0.00340394
5672.75	-0.00352273
5670.83	-0.00353568
5668.9	-0.00353818
5666.97	-0.00352309
5665.04	-0.00354156
5663.11	-0.00351853
5661.19	-0.0034045
5659.26	-0.00348365
5657.33	-0.00367665
5655.4	-0.00360926
5653.47	-0.00346413
5651.55	-0.0034854
5649.62	-0.00363276
5647.69	-0.00360397
5645.76	-0.00362379
5643.83	-0.00365727
5641.91	-0.00355724
5639.98	-0.00354245
5638.05	-0.0035553
5636.12	-0.0035552
5634.19	-0.00361646
5632.27	-0.00361238
5630.34	-0.00349963
5628.41	-0.00346396
5626.48	-0.0034398
5624.55	-0.00350824
5622.63	-0.00350466
5620.7	-0.0034326
5618.77	-0.00346794
5616.84	-0.00343405
5614.91	-0.00348493
5612.99	-0.00356963
5611.06	-0.00353887
5609.13	-0.00341061
5607.2	-0.00348674
5605.27	-0.00354219
5603.35	-0.00343086
5601.42	-0.00336301
5599.49	-0.00349279
5597.56	-0.00351724
5595.63	-0.00347517
5593.71	-0.00343579
5591.78	-0.00343819
5589.85	-0.00349023
5587.92	-0.00347254
5585.99	-0.00341196
5584.07	-0.00348638
5582.14	-0.00355882
5580.21	-0.00354025
5578.28	-0.0035743
5576.35	-0.00354235
5574.43	-0.00353588
5572.5	-0.00354968
5570.57	-0.00348191
5568.64	-0.00352355
5566.71	-0.00366279
5564.79	-0.00377931
5562.86	-0.00367856
5560.93	-0.00353161
5559	-0.00352674
5557.07	-0.00352267
5555.14	-0.00350748
5553.22	-0.00358688
5551.29	-0.00356812
5549.36	-0.00354245
5547.43	-0.00353834
5545.5	-0.0035995
5543.58	-0.00366039
5541.65	-0.00365181
5539.72	-0.00362724
5537.79	-0.00363637
5535.86	-0.00364478
5533.94	-0.00362707
5532.01	-0.00367728
5530.08	-0.00360893
5528.15	-0.00350847
5526.22	-0.00354949
5524.3	-0.00352664
5522.37	-0.00345607
5520.44	-0.00353972
5518.51	-0.00362891
5516.58	-0.00368102
5514.66	-0.00367498
5512.73	-0.00361412
5510.8	-0.00362405
5508.87	-0.00362661
5506.94	-0.00359392
5505.02	-0.00357607
5503.09	-0.00358872
5501.16	-0.0036204
5499.23	-0.00370901
5497.3	-0.00371772
5495.38	-0.00368447
5493.45	-0.00372393
5491.52	-0.00373332
5489.59	-0.00371174
5487.66	-0.00369042
5485.74	-0.00361938
5483.81	-0.0035766
5481.88	-0.00349572
5479.95	-0.00344602
5478.02	-0.00351991
5476.1	-0.00365336
5474.17	-0.0036111
5472.24	-0.00359273
5470.31	-0.00362079
5468.38	-0.00355027
5466.46	-0.00358172
5464.53	-0.00359221
5462.6	-0.00360226
5460.67	-0.00363749
5458.74	-0.00362152
5456.82	-0.00357867
5454.89	-0.00355849
5452.96	-0.00363545
5451.03	-0.00373428
5449.1	-0.00371608
5447.17	-0.00370546
5445.25	-0.00371266
5443.32	-0.00372041
5441.39	-0.00369479
5439.46	-0.00366256
5437.54	-0.00371138
5435.61	-0.00378604
5433.68	-0.00371197
5431.75	-0.00373743
5429.82	-0.00379334
5427.89	-0.00372846
5425.97	-0.00372616
5424.04	-0.00375034
5422.11	-0.0037394
5420.18	-0.00376936
5418.25	-0.00372656
5416.33	-0.00372744
5414.4	-0.00378939
5412.47	-0.00374071
5410.54	-0.00357985
5408.61	-0.00358876
5406.69	-0.00366696
5404.76	-0.0037027
5402.83	-0.00362303
5400.9	-0.00360032
5398.97	-0.00364863
5397.05	-0.0036736
5395.12	-0.00380394
5393.19	-0.00374436
5391.26	-0.00369508
5389.33	-0.00374755
5387.41	-0.00369186
5385.48	-0.00365976
5383.55	-0.00367015
5381.62	-0.00365201
5379.69	-0.00362132
5377.77	-0.00360085
5375.84	-0.00362451
5373.91	-0.00374282
5371.98	-0.00380923
5370.05	-0.00369061
5368.13	-0.00366095
5366.2	-0.00376341
5364.27	-0.00370967
5362.34	-0.00368263
5360.41	-0.00365947
5358.49	-0.00363427
5356.56	-0.00363509
5354.63	-0.00368822
5352.7	-0.00365671
5350.77	-0.0035836
5348.85	-0.00367691
5346.92	-0.00372452
5344.99	-0.00365273
5343.06	-0.00359779
5341.13	-0.00370093
5339.21	-0.00374991
5337.28	-0.0037055
5335.35	-0.00373083
5333.42	-0.00377599
5331.49	-0.00378943
5329.56	-0.00371952
5327.64	-0.00367944
5325.71	-0.00370504
5323.78	-0.00369078
5321.85	-0.00368128
5319.92	-0.00371095
5318	-0.00367415
5316.07	-0.00362865
5314.14	-0.003544
5312.21	-0.0035346
5310.28	-0.00353476
5308.36	-0.00347882
5306.43	-0.00354087
5304.5	-0.0035789
5302.57	-0.00349578
5300.64	-0.00351113
5298.72	-0.0035059
5296.79	-0.00352339
5294.86	-0.00352576
5292.93	-0.00360624
5291	-0.00358406
5289.08	-0.00354028
5287.15	-0.00350834
5285.22	-0.00341853
5283.29	-0.00345706
5281.36	-0.00348102
5279.44	-0.00336587
5277.51	-0.00327982
5275.58	-0.00334002
5273.65	-0.00335133
5271.72	-0.00326327
5269.8	-0.0031724
5267.87	-0.00312523
5265.94	-0.00309263
5264.01	-0.00308733
5262.08	-0.00306407
5260.16	-0.00303229
5258.23	-0.00301439
5256.3	-0.00298273
5254.37	-0.00292916
5252.44	-0.00291681
5250.52	-0.00288614
5248.59	-0.00279512
5246.66	-0.0028234
5244.73	-0.00284957
5242.8	-0.00273266
5240.88	-0.00257736
5238.95	-0.00258111
5237.02	-0.00259208
5235.09	-0.00250498
5233.16	-0.00245629
5231.24	-0.00244476
5229.31	-0.00246898
5227.38	-0.00236943
5225.45	-0.00230085
5223.52	-0.00221452
5221.6	-0.00215683
5219.67	-0.00217859
5217.74	-0.00209544
5215.81	-0.00200468
5213.88	-0.00199357
5211.96	-0.00190754
5210.03	-0.00178705
5208.1	-0.00181846
5206.17	-0.00178896
5204.24	-0.00174395
5202.31	-0.00166329
5200.39	-0.00159123
5198.46	-0.00156432
5196.53	-0.00144053
5194.6	-0.00133134
5192.67	-0.00130524
5190.75	-0.0012125
5188.82	-0.00114116
5186.89	-0.00116284
5184.96	-0.0011328
5183.03	-0.00100978
5181.11	-0.000858912
5179.18	-0.000835301
5177.25	-0.000845023
5175.32	-0.000702337
5173.39	-0.000651059
5171.47	-0.000608941
5169.54	-0.000527505
5167.61	-0.000415004
5165.68	-0.000252507
5163.75	-0.000206144
5161.83	-0.000199289
5159.9	-0.000112277
5157.97	-7.33526e-05
5156.04	1.52417e-06
5154.11	3.9597e-05
5152.19	0.000110218
5150.26	0.000168619
5148.33	0.000252555
5146.4	0.000388438
5144.47	0.000532227
5142.55	0.000562649
5140.62	0.000544734
5138.69	0.000669127
5136.76	0.000811448
5134.83	0.000801689
5132.91	0.000672744
5130.98	0.000686682
5129.05	0.000830735
5127.12	0.000970918
5125.19	0.00112835
5123.27	0.00116035
5121.34	0.00119387
5119.41	0.00125624
5117.48	0.001345
5115.55	0.0013137
5113.62	0.00129542
5111.7	0.00141919
5109.77	0.0014778
5107.84	0.0014275
5105.91	0.00143628
5103.99	0.0015321
5102.06	0.00150085
5100.13	0.00148306
5098.2	0.00146338
5096.27	0.00151295
5094.34	0.00163459
5092.42	0.00163499
5090.49	0.00162338
5088.56	0.00178122
5086.63	0.00186916
5084.71	0.00185699
5082.78	0.00183266
5080.85	0.00179037
5078.92	0.00173205
5076.99	0.00186321
5075.06	0.0020464
5073.14	0.00205412
5071.21	0.00199118
5069.28	0.00207127
5067.35	0.00215664
5065.42	0.00213523
5063.5	0.0021596
5061.57	0.00224849
5059.64	0.00232353
5057.71	0.00236061
5055.78	0.00235678
5053.86	0.00241878
5051.93	0.00250705
5050	0.00263888
5048.07	0.00271589
5046.14	0.00268772
5044.22	0.0027503
5042.29	0.00296846
5040.36	0.00306962
5038.43	0.00314244
5036.5	0.00327776
5034.58	0.00349051
5032.65	0.00364726
5030.72	0.00384414
5028.79	0.00397283
5026.86	0.00422858
5024.94	0.00445163
5023.01	0.00464965
5021.08	0.00482337
5019.15	0.00486693
5017.22	0.00477174
5015.3	0.00463314
5013.37	0.00454517
5011.44	0.00426351
5009.51	0.00396029
5007.58	0.0038755
5005.66	0.00376486
5003.73	0.00344359
5001.8	0.00320179
4999.87	0.00307934
4997.94	0.00288206
4996.02	0.00268462
4994.09	0.00257071
4992.16	0.00239489
4990.23	0.002229
4988.3	0.00216077
4986.38	0.00207333
4984.45	0.00214202
4982.52	0.0022377
4980.59	0.00216333
4978.66	0.00198339
4976.73	0.0018687
4974.81	0.00191659
4972.88	0.00193416
4970.95	0.00181193
4969.02	0.00176545
4967.09	0.00180734
4965.17	0.00181433
4963.24	0.00170946
4961.31	0.00167075
4959.38	0.00162086
4957.45	0.00156017
4955.53	0.00166027
4953.6	0.0016598
4951.67	0.00159694
4949.74	0.00156642
4947.81	0.00158733
4945.89	0.00153626
4943.96	0.00141896
4942.03	0.00138668
4940.1	0.0014651
4938.17	0.00154959
4936.25	0.00146703
4934.32	0.00131097
4932.39	0.00124354
4930.46	0.0012036
4928.53	0.00121168
4926.61	0.00123979
4924.68	0.00124331
4922.75	0.00124364
4920.82	0.00109291
4918.89	0.00105013
4916.97	0.00105923
4915.04	0.000949101
4913.11	0.00082237
4911.18	0.000864465
4909.25	0.000783033
4907.33	0.000666472
4905.4	0.000615072
4903.47	0.000621542
4901.54	0.000591912
4899.61	0.000609497
4897.69	0.000674403
4895.76	0.000615171
4893.83	0.000579039
4891.9	0.000538298
4889.97	0.000392882
4888.05	0.000283554
4886.12	0.000342907
4884.19	0.00035763
4882.26	0.000326095
4880.33	0.00021632
4878.41	0.000109157
4876.48	3.8868e-05
4874.55	4.13201e-05
4872.62	3.06169e-05
4870.69	-0.000120392
4868.77	-0.00017319
4866.84	-9.07447e-05
4864.91	-1.79583e-05
4862.98	-5.5761e-05
4861.05	-0.000162426
4859.12	-0.000319824
4857.2	-0.000317441
4855.27	-0.000284131
4853.34	-0.000343067
4851.41	-0.000445226
4849.48	-0.000486235
4847.56	-0.000536175
4845.63	-0.000597261
4843.7	-0.000645534
4841.77	-0.000667899
4839.84	-0.000700948
4837.92	-0.000691123
4835.99	-0.000691652
4834.06	-0.000754337
4832.13	-0.000785097
4830.2	-0.000897105
4828.28	-0.00100429
4826.35	-0.00101153
4824.42	-0.00110272
4822.49	-0.00112768
4820.56	-0.00105625
4818.64	-0.00110543
4816.71	-0.00117354
4814.78	-0.00126755
4812.85	-0.0013349
4810.92	-0.00140949
4809	-0.00148352
4807.07	-0.00151001
4805.14	-0.00152629
4803.21	-0.00157799
4801.28	-0.0016486
4799.36	-0.00176781
4797.43	-0.00177395
4795.5	-0.00181929
4793.57	-0.00187089
4791.64	-0.00187118
4789.72	-0.00194976
4787.79	-0.00202958
4785.86	-0.00207008
4783.93	-0.00219263
4782	-0.00225477
4780.08	-0.002184
4778.15	-0.00225744
4776.22	-0.00235276
4774.29	-0.00231104
4772.36	-0.00226552
4770.44	-0.00230032
4768.51	-0.00252251
4766.58	-0.00272835
4764.65	-0.00272848
4762.72	-0.00270339
4760.79	-0.00269829
4758.87	-0.0027293
4756.94	-0.00267412
4755.01	-0.00254333
4753.08	-0.00262847
4751.16	-0.00275874
4749.23	-0.00276167
4747.3	-0.00275535
4745.37	-0.00281352
4743.44	-0.00290566
4741.51	-0.00293146
4739.59	-0.00296657
4737.66	-0.00309105
4735.73	-0.00315987
4733.8	-0.00316799
4731.88	-0.00317056
4729.95	-0.00311562
4728.02	-0.00317566
4726.09	-0.00338766
4724.16	-0.00337172
4722.23	-0.00331526
4720.31	-0.00338921
4718.38	-0.00339473
4716.45	-0.00343471
4714.52	-0.00336958
4712.59	-0.00338303
4710.67	-0.00349779
4708.74	-0.0035295
4706.81	-0.00348464
4704.88	-0.00347054
4702.95	-0.00354475
4701.03	-0.00358826
4699.1	-0.00369636
4697.17	-0.00387925
4695.24	-0.00382848
4693.31	-0.00382904
4691.39	-0.00388392
4689.46	-0.00389515
4687.53	-0.00391843
4685.6	-0.00391094
4683.67	-0.00393363
4681.75	-0.0039067
4679.82	-0.003885
4677.89	-0.00401634
4675.96	-0.0040271
4674.03	-0.00394342
4672.11	-0.00397421
4670.18	-0.00407743
4668.25	-0.0041111
4666.32	-0.00410198
4664.39	-0.00416243
4662.47	-0.00427134
4660.54	-0.00430297
4658.61	-0.00426691
4656.68	-0.00426918
4654.75	-0.00430021
4652.83	-0.00429805
4650.9	-0.00417884
4648.97	-0.00417927
4647.04	-0.00432255
4645.11	-0.0044145
4643.19	-0.00441548
4641.26	-0.00440574
4639.33	-0.00439348
4637.4	-0.00438947
4635.47	-0.00427384
4633.54	-0.00423902
4631.62	-0.00425897
4629.69	-0.00430864
4627.76	-0.00441158
4625.83	-0.00449114
4623.9	-0.00448436
4621.98	-0.00446586
4620.05	-0.00450797
4618.12	-0.00458496
4616.19	-0.00442342
4614.26	-0.0043835
4612.34	-0.004518
4610.41	-0.00443992
4608.48	-0.00439512
4606.55	-0.00441732
4604.62	-0.00450095
4602.7	-0.0045503
4600.77	-0.00459505
4598.84	-0.00455899
4596.91	-0.00454495
4594.98	-0.00456109
4593.06	-0.00454568
4591.13	-0.00453728
4589.2	-0.00456207
4587.27	-0.00452394
4585.34	-0.00447137
4583.42	-0.00443608
4581.49	-0.00454958
4579.56	-0.00463784
4577.63	-0.00460115
4575.7	-0.004534
4573.78	-0.00440259
4571.85	-0.00437343
4569.92	-0.00450357
4567.99	-0.00448983
4566.06	-0.00431662
4564.14	-0.00425303
4562.21	-0.00424444
4560.28	-0.00422229
4558.35	-0.00415341
4556.42	-0.00397989
4554.5	-0.00386697
4552.57	-0.00396482
4550.64	-0.00394466
4548.71	-0.00383081
4546.78	-0.00374006
4544.86	-0.00368585
4542.93	-0.00358757
4541	-0.00354912
4539.07	-0.00355471
4537.14	-0.00345719
4535.22	-0.00342294
4533.29	-0.00345167
4531.36	-0.00337991
4529.43	-0.00338411
4527.5	-0.00343872
4525.58	-0.00342968
4523.65	-0.00344339
4521.72	-0.00346561
4519.79	-0.00346439
4517.86	-0.00347225
4515.94	-0.00355047
4514.01	-0.00370865
4512.08	-0.00381206
4510.15	-0.00392381
4508.22	-0.00403121
4506.29	-0.00406515
4504.37	-0.00411694
4502.44	-0.00424499
4500.51	-0.00437068
4498.58	-0.00447429
4496.65	-0.00447921
4494.73	-0.00445113
4492.8	-0.0044082
4490.87	-0.00450016
4488.94	-0.00475682
4487.01	-0.00484087
4485.09	-0.00486155
4483.16	-0.00479008
4481.23	-0.00478369
4479.3	-0.00479054
4477.37	-0.00481548
4475.45	-0.00487269
4473.52	-0.00492147
4471.59	-0.00502977
4469.66	-0.00493772
4467.73	-0.0047616
4465.81	-0.00477206
4463.88	-0.00485578
4461.95	-0.00490286
4460.02	-0.00487184
4458.09	-0.00483239
4456.17	-0.00489795
4454.24	-0.00493435
4452.31	-0.00490365
4450.38	-0.00495764
4448.45	-0.00496517
4446.53	-0.00496534
4444.6	-0.00492796
4442.67	-0.004897
4440.74	-0.00489556
4438.81	-0.00489399
4436.89	-0.00489212
4434.96	-0.00491479
4433.03	-0.00493631
4431.1	-0.00487348
4429.17	-0.00490113
4427.25	-0.00499557
4425.32	-0.00495672
4423.39	-0.00488655
4421.46	-0.00475721
4419.53	-0.00473355
4417.61	-0.00480152
4415.68	-0.00488347
4413.75	-0.00496599
4411.82	-0.00491997
4409.89	-0.00492652
4407.96	-0.00502469
4406.04	-0.00509363
4404.11	-0.00510945
4402.18	-0.00502168
4400.25	-0.00493133
4398.33	-0.00496982
4396.4	-0.00501401
4394.47	-0.00493048
4392.54	-0.00496301
4390.61	-0.0049919
4388.68	-0.00488999
4386.76	-0.00485359
4384.83	-0.00492652
4382.9	-0.00496557
4380.97	-0.00495109
4379.04	-0.0048394
4377.12	-0.00477832
4375.19	-0.00485149
4373.26	-0.00486397
4371.33	-0.00493261
4369.4	-0.00500628
4367.48	-0.00502941
4365.55	-0.00503861
4363.62	-0.00496442
4361.69	-0.00487479
4359.76	-0.00487747
4357.84	-0.00499177
4355.91	-0.0050073
4353.98	-0.00490987
4352.05	-0.00489192
4350.12	-0.00494182
4348.2	-0.00495898
4346.27	-0.00495482
4344.34	-0.00499757
4342.41	-0.00496717
4340.48	-0.00492288
4338.56	-0.00485241
4336.63	-0.00478923
4334.7	-0.00485116
4332.77	-0.00490103
4330.84	-0.00486787
4328.92	-0.00491757
4326.99	-0.0049617
4325.06	-0.00502711
4323.13	-0.00501915
4321.2	-0.00492314
4319.28	-0.00482203
4317.35	-0.00477943
4315.42	-0.00482741
4313.49	-0.00488481
4311.56	-0.00486997
4309.64	-0.00483979
4307.71	-0.00481338
4305.78	-0.0048377
4303.85	-0.00483203
4301.92	-0.00482868
4300	-0.00487154
4298.07	-0.00484812
4296.14	-0.00480525
4294.21	-0.00480666
4292.28	-0.00479811
4290.35	-0.00477989
4288.43	-0.00480263
4286.5	-0.00478435
4284.57	-0.00472142
4282.64	-0.00470104
4280.71	-0.0047421
4278.79	-0.00473689
4276.86	-0.00471549
4274.93	-0.00476432
4273	-0.00471805
4271.07	-0.00458859
4269.15	-0.00463538
4267.22	-0.00473483
4265.29	-0.00469979
4263.36	-0.00458987
4261.43	-0.00459276
4259.51	-0.00455148
4257.58	-0.00451371
4255.65	-0.00464328
4253.72	-0.00470166
4251.79	-0.00466786
4249.87	-0.00467839
4247.94	-0.00469032
4246.01	-0.00477239
4244.08	-0.00474436
4242.15	-0.00462921
4240.23	-0.00458332
4238.3	-0.0045883
4236.37	-0.0045905
4234.44	-0.00454597
4232.51	-0.00458368
4230.59	-0.0046201
4228.66	-0.00460023
4226.73	-0.00461177
4224.8	-0.0045743
4222.87	-0.00451505
4220.95	-0.00449239
4219.02	-0.00456177
4217.09	-0.00453836
4215.16	-0.00437606
4213.23	-0.00432013
4211.31	-0.00446714
4209.38	-0.00455732
4207.45	-0.00446094
4205.52	-0.00432793
4203.59	-0.00436028
4201.67	-0.00440358
4199.74	-0.00448603
4197.81	-0.00449183
4195.88	-0.00451718
4193.95	-0.00454879
4192.03	-0.00451571
4190.1	-0.00450003
4188.17	-0.00451305
4186.24	-0.00452558
4184.31	-0.00448901
4182.39	-0.0043962
4180.46	-0.00442608
4178.53	-0.00446196
4176.6	-0.00441453
4174.67	-0.00437862
4172.75	-0.0043386
4170.82	-0.0042945
4168.89	-0.00426084
4166.96	-0.00424109
4165.03	-0.00437179
4163.1	-0.00442099
4161.18	-0.00439492
4159.25	-0.00438144
4157.32	-0.00430628
4155.39	-0.00433604
4153.46	-0.00433571
4151.54	-0.00431612
4149.61	-0.00430628
4147.68	-0.00422239
4145.75	-0.00426452
4143.82	-0.00435175
4141.9	-0.00434788
4139.97	-0.00427908
4138.04	-0.00422157
4136.11	-0.00422567
4134.18	-0.00429142
4132.26	-0.00432173
4130.33	-0.00434473
4128.4	-0.00434079
4126.47	-0.00428394
4124.54	-0.00424723
4122.62	-0.00430372
4120.69	-0.00443375
4118.76	-0.0043878
4116.83	-0.00424139
4114.9	-0.00420191
4112.98	-0.00423154
4111.05	-0.00425605
4109.12	-0.00434463
4107.19	-0.00436986
4105.26	-0.00427863
4103.34	-0.00425714
4101.41	-0.00429559
4099.48	-0.00429247
4097.55	-0.00417582
4095.62	-0.00400002
4093.7	-0.00399949
4091.77	-0.00414094
4089.84	-0.00414018
4087.91	-0.00416125
4085.98	-0.0041733
4084.06	-0.00409745
4082.13	-0.00406715
4080.2	-0.00404296
4078.27	-0.00398071
4076.34	-0.00405021
4074.42	-0.00415206
4072.49	-0.00414117
4070.56	-0.00419171
4068.63	-0.00417444
4066.7	-0.0041006
4064.78	-0.00406315
4062.85	-0.00416781
4060.92	-0.00422193
4058.99	-0.00413427
4057.06	-0.00410447
4055.14	-0.00412078
4053.21	-0.00409568
4051.28	-0.00406147
4049.35	-0.0041092
4047.42	-0.00404391
4045.5	-0.0039663
4043.57	-0.00403111
4041.64	-0.00402897
4039.71	-0.00403314
4037.78	-0.00408038
4035.85	-0.00401013
4033.93	-0.00400836
4032	-0.00400941
4030.07	-0.00393228
4028.14	-0.00388503
4026.21	-0.00398272
4024.29	-0.00400928
4022.36	-0.00394834
4020.43	-0.00392641
4018.5	-0.00397359
4016.57	-0.00402293
4014.65	-0.00396226
4012.72	-0.00392641
4010.79	-0.00392207
4008.86	-0.00394374
4006.93	-0.00398902
4005.01	-0.00394361
4003.08	-0.00383373
4001.15	-0.003825
3999.22	-0.0038696
3997.29	-0.00390244
3995.37	-0.00389685
3993.44	-0.00387929
3991.51	-0.00389442
3989.58	-0.00382881
3987.65	-0.00373303
3985.73	-0.00374755
3983.8	-0.00387646
3981.87	-0.00395993
3979.94	-0.0039135
3978.01	-0.00389206
3976.09	-0.00388451
3974.16	-0.00386759
3972.23	-0.00396719
3970.3	-0.00402947
3968.37	-0.00398134
3966.45	-0.00398058
3964.52	-0.00396482
3962.59	-0.00393018
3960.66	-0.00392828
3958.73	-0.0039508
3956.81	-0.00396262
3954.88	-0.00394726
3952.95	-0.00384907
3951.02	-0.0038783
3949.09	-0.00394138
3947.17	-0.00399969
3945.24	-0.00398124
3943.31	-0.00383666
3941.38	-0.00380785
3939.45	-0.00384828
3937.53	-0.00385774
3935.6	-0.00391058
3933.67	-0.00390428
3931.74	-0.00384382
3929.81	-0.00391291
3927.88	-0.00388769
3925.96	-0.00378887
3924.03	-0.00379908
3922.1	-0.00391212
3920.17	-0.00403977
3918.24	-0.00401236
3916.32	-0.00391521
3914.39	-0.00398672
3912.46	-0.00401335
3910.53	-0.00401939
3908.6	-0.00392151
3906.68	-0.00383459
3904.75	-0.00395353
3902.82	-0.00400507
3900.89	-0.00392562
3898.96	-0.00390388
3897.04	-0.00396121
3895.11	-0.00395671
3893.18	-0.00390799
3891.25	-0.00386503
3889.32	-0.00384405
3887.4	-0.00377819
3885.47	-0.00381147
3883.54	-0.00387042
3881.61	-0.00383925
3879.68	-0.00377428
3877.76	-0.00375967
3875.83	-0.00375428
3873.9	-0.00373303
3871.97	-0.00372107
3870.04	-0.003751
3868.12	-0.00378979
3866.19	-0.00376367
3864.26	-0.0037007
3862.33	-0.00378716
3860.4	-0.00375034
3858.48	-0.00373421
3856.55	-0.00377497
3854.62	-0.00371151
3852.69	-0.0038135
3850.76	-0.00390234
3848.84	-0.00378831
3846.91	-0.0036432
3844.98	-0.00362198
3843.05	-0.00368122
3841.12	-0.00371056
3839.2	-0.0037487
3837.27	-0.00369387
3835.34	-0.00352129
3833.41	-0.00354462
3831.48	-0.00356983
3829.56	-0.00350623
3827.63	-0.00350821
3825.7	-0.00350429
3823.77	-0.00351925
3821.84	-0.00352326
3819.92	-0.00342751
3817.99	-0.00339743
3816.06	-0.00346193
3814.13	-0.00351176
3812.2	-0.00352983
3810.27	-0.00352464
3808.35	-0.0034162
3806.42	-0.00323305
3804.49	-0.00316839
3802.56	-0.00326531
3800.64	-0.00321496
3798.71	-0.0030596
3796.78	-0.00308345
3794.85	-0.00311546
3792.92	-0.00305443
3790.99	-0.00301449
3789.07	-0.00302854
3787.14	-0.00309753
3785.21	-0.00300132
3783.28	-0.00293248
3781.35	-0.00298668
3779.43	-0.00292241
3777.5	-0.0027807
3775.57	-0.00274366
3773.64	-0.0027321
3771.71	-0.00266154
3769.79	-0.00263433
3767.86	-0.00269081
3765.93	-0.00262765
3764	-0.00249708
3762.07	-0.00236008
3760.15	-0.00225141
3758.22	-0.002311
3756.29	-0.00236146
3754.36	-0.0023437
3752.43	-0.00230553
3750.51	-0.00205151
3748.58	-0.00191938
3746.65	-0.00196226
3744.72	-0.00198835
3742.79	-0.00194455
3740.87	-0.0017786
3738.94	-0.00162708
3737.01	-0.00161945
3735.08	-0.00148409
3733.15	-0.00139525
3731.23	-0.00141886
3729.3	-0.00134746
3727.37	-0.00126517
3725.44	-0.00120249
3723.51	-0.0010979
3721.59	-0.00107129
3719.66	-0.00105939
3717.73	-0.00104511
3715.8	-0.000931988
3713.87	-0.000828686
3711.95	-0.000710773
3710.02	-0.000447642
3708.09	-0.000337273
3706.16	-0.000214192
3704.23	-7.95807e-05
3702.31	-1.79583e-05
3700.38	-5.59962e-06
3698.45	0.000166597
3696.52	0.000334949
3694.59	0.000424323
3692.67	0.000596557
3690.74	0.000730192
3688.81	0.00091812
3686.88	0.00114217
3684.95	0.00132244
3683.02	0.00139991
3681.1	0.00153463
3679.17	0.00173268
3677.24	0.00185985
3675.31	0.00208079
3673.38	0.00248549
3671.46	0.00288066
3669.53	0.00310586
3667.6	0.0032576
3665.67	0.00346696
3663.74	0.00371463
3661.82	0.00392378
3659.89	0.00430992
3657.96	0.00475878
3656.03	0.00507747
3654.1	0.00539875
3652.18	0.00583412
3650.25	0.00625467
3648.32	0.00674717
3646.39	0.00725556
3644.46	0.00773709
3642.54	0.00827237
3640.61	0.00876152
3638.68	0.00928087
3636.75	0.00988428
3634.82	0.0105485
3632.9	0.0112353
3630.97	0.0119993
3629.04	0.0127585
3627.11	0.0134813
3625.18	0.0142698
3623.26	0.0151246
3621.33	0.0160639
3619.4	0.0169136
3617.47	0.0177624
3615.54	0.0186475
3613.62	0.019683
3611.69	0.0207263
3609.76	0.0219466
3607.83	0.0231759
3605.9	0.0242913
3603.98	0.0255165
3602.05	0.026813
3600.12	0.028062
3598.19	0.0294761
3596.26	0.031013
3594.34	0.032678
3592.41	0.0343246
3590.48	0.035962
3588.55	0.0377303
3586.62	0.0395888
3584.7	0.0415618
3582.77	0.043693
3580.84	0.0458823
3578.91	0.048042
3576.98	0.0502522
3575.05	0.0525999
3573.13	0.0551719
3571.2	0.0579468
3569.27	0.0605426
3567.34	0.0631609
3565.42	0.0662471
3563.49	0.0694748
3561.56	0.0728661
3559.63	0.0764566
3557.7	0.07994
3555.77	0.0835878
3553.85	0.0873812
3551.92	0.0913955
3549.99	0.0958087
3548.06	0.100472
3546.13	0.105127
3544.21	0.109917
3542.28	0.115045
3540.35	0.12044
3538.42	0.126093
3536.49	0.131818
3534.57	0.138049
3532.64	0.144533
3530.71	0.151103
3528.78	0.158182
3526.85	0.165629
3524.93	0.173297
3523	0.181043
3521.07	0.188993
3519.14	0.197425
3517.21	0.206268
3515.29	0.215399
3513.36	0.224643
3511.43	0.23406
3509.5	0.243883
3507.57	0.253995
3505.65	0.264391
3503.72	0.274923
3501.79	0.285556
3499.86	0.296491
3497.93	0.307392
3496.01	0.318177
3494.08	0.328965
3492.15	0.339594
3490.22	0.350417
3488.29	0.361205
3486.37	0.371404
3484.44	0.38129
3482.51	0.390855
3480.58	0.400024
3478.65	0.40866
3476.73	0.41675
3474.8	0.423962
3472.87	0.430698
3470.94	0.436984
3469.01	0.442659
3467.09	0.447639
3465.16	0.451794
3463.23	0.455114
3461.3	0.457661
3459.37	0.459809
3457.44	0.461572
3455.52	0.462875
3453.59	0.463533
3451.66	0.463439
3449.73	0.462789
3447.81	0.462176
3445.88	0.461153
3443.95	0.459724
3442.02	0.458097
3440.09	0.456323
3438.16	0.45445
3436.24	0.452335
3434.31	0.449962
3432.38	0.447363
3430.45	0.444857
3428.52	0.441976
3426.6	0.439268
3424.67	0.436419
3422.74	0.433149
3420.81	0.429954
3418.88	0.426778
3416.96	0.423784
3415.03	0.420485
3413.1	0.417154
3411.17	0.41432
3409.24	0.411453
3407.32	0.408872
3405.39	0.406646
3403.46	0.404421
3401.53	0.402427
3399.6	0.400868
3397.68	0.399031
3395.75	0.397364
3393.82	0.395501
3391.89	0.393646
3389.96	0.392277
3388.04	0.390965
3386.11	0.389872
3384.18	0.388683
3382.25	0.387531
3380.32	0.386501
3378.4	0.385501
3376.47	0.384549
3374.54	0.38388
3372.61	0.383253
3370.68	0.382703
3368.76	0.381931
3366.83	0.380989
3364.9	0.380174
3362.97	0.379516
3361.04	0.378688
3359.12	0.377923
3357.19	0.377307
3355.26	0.376652
3353.33	0.375897
3351.4	0.374963
3349.48	0.374103
3347.55	0.373558
3345.62	0.372855
3343.69	0.37215
3341.76	0.371382
3339.83	0.370647
3337.91	0.369927
3335.98	0.369228
3334.05	0.368636
3332.12	0.36805
3330.19	0.367393
3328.27	0.366818
3326.34	0.366175
3324.41	0.365519
3322.48	0.364908
3320.55	0.364338
3318.63	0.364061
3316.7	0.363636
3314.77	0.363228
3312.84	0.362814
3310.91	0.362182
3308.99	0.361844
3307.06	0.361744
3305.13	0.361701
3303.2	0.361564
3301.27	0.361642
3299.35	0.361655
3297.42	0.361652
3295.49	0.361968
3293.56	0.362436
3291.63	0.362816
3289.71	0.363276
3287.78	0.363821
3285.85	0.364564
3283.92	0.365386
3281.99	0.36615
3280.07	0.36693
3278.14	0.368115
3276.21	0.369342
3274.28	0.37059
3272.35	0.371831
3270.43	0.372956
3268.5	0.374505
3266.57	0.376404
3264.64	0.377917
3262.71	0.379481
3260.79	0.380812
3258.86	0.382231
3256.93	0.384005
3255	0.386162
3253.07	0.387979
3251.15	0.389568
3249.22	0.391255
3247.29	0.392987
3245.36	0.394636
3243.43	0.39631
3241.51	0.398204
3239.58	0.399969
3237.65	0.401444
3235.72	0.402709
3233.79	0.403772
3231.87	0.405219
3229.94	0.406538
3228.01	0.407561
3226.08	0.408949
3224.15	0.410306
3222.22	0.411235
3220.3	0.411958
3218.37	0.413014
3216.44	0.414023
3214.51	0.414904
3212.58	0.416062
3210.66	0.416741
3208.73	0.417155
3206.8	0.417976
3204.87	0.418913
3202.94	0.419724
3201.02	0.420322
3199.09	0.420687
3197.16	0.42118
3195.23	0.421993
3193.3	0.422615
3191.38	0.422515
3189.45	0.422603
3187.52	0.423227
3185.59	0.42383
3183.66	0.423893
3181.74	0.424105
3179.81	0.424293
3177.88	0.42452
3175.95	0.424688
3174.02	0.424461
3172.1	0.424001
3170.17	0.423737
3168.24	0.423428
3166.31	0.423111
3164.38	0.422679
3162.46	0.421827
3160.53	0.420946
3158.6	0.420178
3156.67	0.419394
3154.74	0.418456
3152.82	0.41718
3150.89	0.41578
3148.96	0.414142
3147.03	0.412482
3145.1	0.410755
3143.18	0.409156
3141.25	0.407424
3139.32	0.405107
3137.39	0.402429
3135.46	0.399997
3133.54	0.39742
3131.61	0.394176
3129.68	0.390881
3127.75	0.387504
3125.82	0.384022
3123.9	0.380378
3121.97	0.376507
3120.04	0.372348
3118.11	0.367865
3116.18	0.363303
3114.26	0.358826
3112.33	0.353953
3110.4	0.348529
3108.47	0.342848
3106.54	0.336973
3104.61	0.33094
3102.69	0.324954
3100.76	0.318801
3098.83	0.312182
3096.9	0.305268
3094.98	0.298088
3093.05	0.291037
3091.12	0.283788
3089.19	0.276348
3087.26	0.268904
3085.33	0.26138
3083.41	0.253772
3081.48	0.246207
3079.55	0.238833
3077.62	0.231447
3075.69	0.223757
3073.77	0.216271
3071.84	0.209223
3069.91	0.202076
3067.98	0.19479
3066.05	0.187965
3064.13	0.181401
3062.2	0.174776
3060.27	0.168383
3058.34	0.162438
3056.41	0.156551
3054.49	0.150804
3052.56	0.145686
3050.63	0.140882
3048.7	0.135889
3046.77	0.13124
3044.85	0.126688
3042.92	0.122525
3040.99	0.118599
3039.06	0.114572
3037.13	0.110943
3035.21	0.10751
3033.28	0.104158
3031.35	0.10103
3029.42	0.0981515
3027.49	0.0954165
3025.57	0.0926348
3023.64	0.0900514
3021.71	0.0878648
3019.78	0.0857008
3017.85	0.0835971
3015.93	0.0815689
3014	0.0795643
3012.07	0.0778548
3010.14	0.0763331
3008.21	0.0748234
3006.29	0.0733344
3004.36	0.0719458
3002.43	0.0706541
3000.5	0.0693942
2998.57	0.0681824
2996.65	0.0670856
2994.72	0.0660587
2992.79	0.064934
2990.86	0.0640331
2988.93	0.0629981
2987	0.0620044
2985.08	0.0613327
2983.15	0.060558
2981.22	0.0596702
2979.29	0.0588885
2977.36	0.0582835
2975.44	0.0577955
2973.51	0.057262
2971.58	0.0567909
2969.65	0.0562856
2967.72	0.0556008
2965.8	0.0551412
2963.87	0.054808
2961.94	0.0542692
2960.01	0.0536176
2958.08	0.0531852
2956.16	0.0526996
2954.23	0.0522957
2952.3	0.051944
2950.37	0.0516685
2948.44	0.0513723
2946.52	0.0510293
2944.59	0.0506342
2942.66	0.0503453
2940.73	0.0501593
2938.8	0.0496309
2936.88	0.0491382
2934.95	0.0490331
2933.02	0.0489304
2931.09	0.0485627
2929.16	0.048236
2927.24	0.0480313
2925.31	0.0477383
2923.38	0.0474048
2921.45	0.0471777
2919.52	0.0469388
2917.6	0.0466785
2915.67	0.0464373
2913.74	0.04617
2911.81	0.0459325
2909.88	0.0457554
2907.96	0.0455096
2906.03	0.04519
2904.1	0.0449185
2902.17	0.0446337
2900.24	0.0443155
2898.32	0.0441315
2896.39	0.0439198
2894.46	0.0438117
2892.53	0.0435786
2890.6	0.0429668
2888.68	0.0424916
2886.75	0.0423302
2884.82	0.0422382
2882.89	0.0420149
2880.96	0.0417718
2879.04	0.0413989
2877.11	0.0411843
2875.18	0.0409681
2873.25	0.0406644
2871.32	0.0403624
2869.39	0.0400636
2867.47	0.0397106
2865.54	0.0393763
2863.61	0.0391957
2861.68	0.0386912
2859.75	0.0381799
2857.83	0.037895
2855.9	0.0377187
2853.97	0.0375611
2852.04	0.0371492
2850.11	0.0368719
2848.19	0.0367335
2846.26	0.036223
2844.33	0.0356505
2842.4	0.0353643
2840.47	0.0351972
2838.55	0.034867
2836.62	0.0345022
2834.69	0.0341667
2832.76	0.0339047
2830.83	0.0336475
2828.91	0.0333365
2826.98	0.032949
2825.05	0.0325882
2823.12	0.0323382
2821.19	0.0321193
2819.27	0.0316544
2817.34	0.0312443
2815.41	0.0309192
2813.48	0.0305033
2811.55	0.0303066
2809.63	0.0299707
2807.7	0.0296589
2805.77	0.0292718
2803.84	0.0288144
2801.91	0.0284533
2799.99	0.0280024
2798.06	0.0276418
2796.13	0.027282
2794.2	0.0271465
2792.27	0.0268974
2790.35	0.0265482
2788.42	0.026204
2786.49	0.0259485
2784.56	0.0255764
2782.63	0.0251482
2780.71	0.0247941
2778.78	0.0246273
2776.85	0.0244825
2774.92	0.0240649
2772.99	0.0235859
2771.06	0.0232747
2769.14	0.0229813
2767.21	0.0226551
2765.28	0.0222801
2763.35	0.0220105
2761.43	0.0219063
2759.5	0.0214625
2757.57	0.0210591
2755.64	0.0210052
2753.71	0.0207534
2751.78	0.0203864
2749.86	0.0199455
2747.93	0.0196425
2746	0.0194081
2744.07	0.0192094
2742.15	0.018945
2740.22	0.0185851
2738.29	0.0182555
2736.36	0.0178836
2734.43	0.0175228
2732.5	0.0173654
2730.58	0.0174015
2728.65	0.0173462
2726.72	0.0170257
2724.79	0.0165844
2722.86	0.0163783
2720.94	0.0163145
2719.01	0.0159437
2717.08	0.0158353
2715.15	0.0158323
2713.22	0.0156475
2711.3	0.0154697
2709.37	0.0151208
2707.44	0.0147602
2705.51	0.0145254
2703.58	0.0142373
2701.66	0.0139994
2699.73	0.014114
2697.8	0.014042
2695.87	0.0136442
2693.94	0.0135658
2692.02	0.0135051
2690.09	0.0133523
2688.16	0.0130186
2686.23	0.0131764
2684.3	0.0131725
2682.38	0.0128266
2680.45	0.0126755
2678.52	0.0125508
2676.59	0.0122226
2674.66	0.0121924
2672.74	0.0125163
2670.81	0.0125791
2668.88	0.0122923
2666.95	0.0122373
2665.02	0.0122826
2663.1	0.0120671
2661.17	0.0119232
2659.24	0.0119762
2657.31	0.0120013
2655.38	0.0119583
2653.46	0.0117628
2651.53	0.0116148
2649.6	0.0113271
2647.67	0.0111609
2645.74	0.0110335
2643.81	0.0111927
2641.89	0.0113702
2639.96	0.011242
2638.03	0.0108419
2636.1	0.0107459
2634.17	0.0106804
2632.25	0.0106963
2630.32	0.0109175
2628.39	0.0112429
2626.46	0.0113834
2624.53	0.0111869
2622.61	0.0109913
2620.68	0.0110037
2618.75	0.0111045
2616.82	0.0109538
2614.89	0.0110263
2612.97	0.0111152
2611.04	0.0109393
2609.11	0.0109809
2607.18	0.0110246
2605.25	0.0109509
2603.33	0.010792
2601.4	0.0107351
2599.47	0.0109427
2597.54	0.0110045
2595.61	0.010943
2593.69	0.0110468
2591.76	0.0111364
2589.83	0.0112556
2587.9	0.0111142
2585.97	0.0108053
2584.05	0.0110576
2582.12	0.0111894
2580.19	0.0110802
2578.26	0.0110796
2576.33	0.011255
2574.41	0.0114125
2572.48	0.0110998
2570.55	0.0111593
2568.62	0.0112927
2566.69	0.0111218
2564.77	0.0112965
2562.84	0.0115028
2560.91	0.0116432
2558.98	0.0116492
2557.05	0.0115045
2555.13	0.0113849
2553.2	0.0113791
2551.27	0.0116404
2549.34	0.011778
2547.41	0.0115645
2545.49	0.0115977
2543.56	0.0115869
2541.63	0.0118098
2539.7	0.0120719
2537.77	0.0119454
2535.85	0.0119816
2533.92	0.0119601
2531.99	0.0119915
2530.06	0.0120734
2528.13	0.0121895
2526.21	0.012348
2524.28	0.0123067
2522.35	0.0123093
2520.42	0.0123994
2518.49	0.0125385
2516.56	0.0125047
2514.64	0.0124367
2512.71	0.0124074
2510.78	0.0126926
2508.85	0.0128988
2506.92	0.0128361
2505	0.0128855
2503.07	0.0129421
2501.14	0.0128256
2499.21	0.0129502
2497.28	0.0131895
2495.36	0.0132612
2493.43	0.0135509
2491.5	0.0136734
2489.57	0.0133039
2487.64	0.0134031
2485.72	0.0140996
2483.79	0.0145402
2481.86	0.0144789
2479.93	0.0141472
2478	0.0142516
2476.08	0.0143987
2474.15	0.0142273
2472.22	0.0146079
2470.29	0.0149079
2468.36	0.0148378
2466.44	0.0148208
2464.51	0.0149142
2462.58	0.0151413
2460.65	0.0153689
2458.72	0.0153699
2456.8	0.0151322
2454.87	0.0149356
2452.94	0.0154577
2451.01	0.0155906
2449.08	0.0156075
2447.16	0.0159908
2445.23	0.0162197
2443.3	0.0160804
2441.37	0.0160267
2439.44	0.0160645
2437.52	0.0163706
2435.59	0.0164182
2433.66	0.0162602
2431.73	0.0164267
2429.8	0.0167307
2427.88	0.0169453
2425.95	0.0169425
2424.02	0.0170508
2422.09	0.0172437
2420.16	0.017377
2418.24	0.0178616
2416.31	0.0176534
2414.38	0.0175652
2412.45	0.0176664
2410.52	0.0176455
2408.6	0.0176595
2406.67	0.0178792
2404.74	0.0179138
2402.81	0.0176328
2400.88	0.017765
2398.95	0.0181779
2397.03	0.018545
2395.1	0.0185905
2393.17	0.0188541
2391.24	0.0188647
2389.31	0.0186051
2387.39	0.0185048
2385.46	0.0185763
2383.53	0.0189351
2381.6	0.0191991
2379.67	0.0196753
2377.75	0.0196153
2375.82	0.0198993
2373.89	0.02029
2371.96	0.0202651
2370.03	0.0204087
2368.11	0.0206546
2366.18	0.0205166
2364.25	0.0204286
2362.32	0.0207548
2360.39	0.0215153
2358.47	0.0213026
2356.54	0.0210793
2354.61	0.021333
2352.68	0.021478
2350.75	0.0217178
2348.83	0.0221568
2346.9	0.0224962
2344.97	0.0230384
2343.04	0.0235359
2341.11	0.0235964
2339.19	0.0233723
2337.26	0.0231517
2335.33	0.0226656
2333.4	0.0224482
2331.47	0.0227258
2329.55	0.0231733
2327.62	0.0237234
2325.69	0.023972
2323.76	0.0236496
2321.83	0.02393
2319.91	0.0243732
2317.98	0.0243115
2316.05	0.0245624
2314.12	0.0250311
2312.19	0.0249683
2310.27	0.0247563
2308.34	0.0255493
2306.41	0.0261636
2304.48	0.0259327
2302.55	0.0259297
2300.63	0.0259227
2298.7	0.0263663
2296.77	0.0265176
2294.84	0.0264685
2292.91	0.0266625
2290.98	0.0269757
2289.06	0.0272026
2287.13	0.0280061
2285.2	0.0279072
2283.27	0.0272426
2281.35	0.0277318
2279.42	0.0287766
2277.49	0.0287707
2275.56	0.0284757
2273.63	0.0287395
2271.7	0.0286879
2269.78	0.0284747
2267.85	0.0288579
2265.92	0.0295702
2263.99	0.0297007
2262.06	0.0298316
2260.14	0.0296836
2258.21	0.0292672
2256.28	0.0297938
2254.35	0.0303973
2252.42	0.0302733
2250.5	0.0298659
2248.57	0.0296542
2246.64	0.0301854
2244.71	0.0298981
2242.78	0.0302521
2240.86	0.0305731
2238.93	0.0303303
2237	0.029482
2235.07	0.0292146
2233.14	0.029063
2231.22	0.0295513
2229.29	0.0302534
2227.36	0.0303044
2225.43	0.0305043
2223.5	0.0301554
2221.58	0.0294401
2219.65	0.0297516
2217.72	0.0299315
2215.79	0.0295684
2213.86	0.0290788
2211.94	0.02937
2210.01	0.0299289
2208.08	0.0295132
2206.15	0.0286408
2204.22	0.0280242
2202.3	0.0278936
2200.37	0.0282229
2198.44	0.027117
2196.51	0.0264997
2194.58	0.02657
2192.66	0.0262551
2190.73	0.0254169
2188.8	0.0250607
2186.87	0.0251896
2184.94	0.0253787
2183.02	0.0253389
2181.09	0.0248473
2179.16	0.0240785
2177.23	0.0237212
2175.3	0.0239451
2173.38	0.0233577
2171.45	0.0235251
2169.52	0.0234585
2167.59	0.0231417
2165.66	0.0225706
2163.73	0.0216241
2161.81	0.0216622
2159.88	0.021541
2157.95	0.0210855
2156.02	0.0213288
2154.09	0.0213626
2152.17	0.020711
2150.24	0.0199209
2148.31	0.0202634
2146.38	0.0201091
2144.45	0.0192488
2142.53	0.019029
2140.6	0.0189239
2138.67	0.0189309
2136.74	0.0184221
2134.81	0.0186072
2132.89	0.017816
2130.96	0.0164697
2129.03	0.0167989
2127.1	0.0174901
2125.17	0.0174967
2123.25	0.016595
2121.32	0.0160332
2119.39	0.0156614
2117.46	0.0149997
2115.53	0.0148646
2113.61	0.0147308
2111.68	0.0147439
2109.75	0.0156662
2107.82	0.0152998
2105.89	0.0140635
2103.97	0.0129729
2102.04	0.0130583
2100.11	0.0152195
2098.18	0.0163038
2096.25	0.0153501
2094.33	0.0142737
2092.4	0.0142903
2090.47	0.0142614
2088.54	0.0142988
2086.61	0.0127014
2084.69	0.0117717
2082.76	0.0123809
2080.83	0.0121463
2078.9	0.0118393
2076.97	0.0111409
2075.05	0.00955554
2073.12	0.00932927
2071.19	0.0109114
2069.26	0.0125629
2067.33	0.0118748
2065.41	0.0103389
2063.48	0.0098228
2061.55	0.0104016
2059.62	0.0106346
2057.69	0.0118955
2055.77	0.011162
2053.84	0.00861677
2051.91	0.00851904
2049.98	0.00977376
2048.05	0.0100958
2046.12	0.00799604
2044.2	0.00810682
2042.27	0.00827281
2040.34	0.00802574
2038.41	0.00957715
2036.48	0.00885951
2034.56	0.00821125
2032.63	0.0092126
2030.7	0.00933581
2028.77	0.00884862
2026.84	0.00909825
2024.92	0.00963183
2022.99	0.00850849
2021.06	0.00705086
2019.13	0.00739942
2017.2	0.00893361
2015.28	0.00949942
2013.35	0.00928605
2011.42	0.0103105
2009.49	0.00973933
2007.56	0.00745361
2005.64	0.00796401
2003.71	0.0104859
2001.78	0.00994629
