mAHl0129.spa, Tue Oct 31 15:30:24 2006 (GMT-10:00)
7999.41	0.00587153
7997.48	0.00683912
7995.55	0.00818987
7993.62	0.00938046
7991.7	0.008482
7989.77	0.00608099
7987.84	0.00687255
7985.91	0.00656296
7983.98	0.00821354
7982.06	0.0071228
7980.13	0.0018664
7978.2	0.00123198
7976.27	0.00181795
7974.34	0.00167454
7972.42	0.000757242
7970.49	0.00240386
7968.56	0.00589515
7966.63	0.00520555
7964.7	0.00474581
7962.78	0.00496974
7960.85	0.00547085
7958.92	0.00700708
7956.99	0.00565731
7955.06	0.00346055
7953.14	0.00262688
7951.21	0.00458398
7949.28	0.00571996
7947.35	0.00311815
7945.42	0.00588618
7943.5	0.00806692
7941.57	0.00534185
7939.64	0.00116556
7937.71	0.000718045
7935.78	0.00408577
7933.86	0.00367783
7931.93	0.00177004
7930	0.00216969
7928.07	0.00523238
7926.14	0.00698005
7924.22	0.00769415
7922.29	0.00491515
7920.36	0.00474682
7918.43	0.00329803
7916.5	0.00296786
7914.58	0.00240559
7912.65	0.00370614
7910.72	0.00245917
7908.79	0.00507529
7906.86	0.00745941
7904.94	0.00749494
7903.01	0.00456295
7901.08	0.000761856
7899.15	0.00111168
7897.22	0.00457075
7895.3	0.006556
7893.37	0.0055241
7891.44	0.00896743
7889.51	0.0108235
7887.58	0.00592064
7885.66	0.00266868
7883.73	0.00107577
7881.8	0.000435732
7879.87	0.00343671
7877.94	0.005123
7876.02	0.00395868
7874.09	0.00492563
7872.16	0.00536587
7870.23	0.00677325
7868.3	0.00617162
7866.38	0.00461321
7864.45	0.00505186
7862.52	0.00610703
7860.59	0.00721628
7858.66	0.00545998
7856.74	0.00226118
7854.81	0.00433234
7852.88	0.0061122
7850.95	0.00603039
7849.02	0.00617354
7847.1	0.00437957
7845.17	0.00327209
7843.24	0.0044037
7841.31	0.00442609
7839.38	0.00570411
7837.46	0.00647736
7835.53	0.00599736
7833.6	0.0070085
7831.67	0.00952668
7829.74	0.00635829
7827.82	0.00271012
7825.89	0.00146886
7823.96	0.00492352
7822.03	0.00544756
7820.1	0.00300316
7818.18	0.00491582
7816.25	0.00778266
7814.32	0.00780165
7812.39	0.00578933
7810.46	0.0042883
7808.54	0.00417568
7806.61	0.00375166
7804.68	0.00465457
7802.75	0.00733579
7800.82	0.00581585
7798.9	0.00265465
7796.97	0.00374922
7795.04	0.00515673
7793.11	0.00459664
7791.18	0.00487718
7789.26	0.00613643
7787.33	0.00545937
7785.4	0.00208945
7783.47	0.00298721
7781.54	0.00335205
7779.62	0.003016
7777.69	0.0047424
7775.76	0.00482558
7773.83	0.0044602
7771.9	0.00451959
7769.98	0.00375497
7768.05	0.00396805
7766.12	0.00247739
7764.19	0.00288783
7762.26	0.00370326
7760.34	0.00568686
7758.41	0.00592215
7756.48	0.00312245
7754.55	0.00203831
7752.62	0.00559173
7750.7	0.00815847
7748.77	0.00619078
7746.84	0.00316233
7744.91	0.00279358
7742.98	0.0048495
7741.06	0.00522745
7739.13	0.00735719
7737.2	0.0096344
7735.27	0.00677218
7733.34	0.00620533
7731.42	0.00660629
7729.49	0.00561133
7727.56	0.00515797
7725.63	0.00477777
7723.7	0.00390833
7721.78	0.00283083
7719.85	0.00240752
7717.92	0.00147837
7715.99	0.000854937
7714.06	0.00300536
7712.14	0.00509145
7710.21	0.00439362
7708.28	0.00388048
7706.35	0.00440882
7704.42	0.00563083
7702.5	0.00472394
7700.57	0.00460524
7698.64	0.00428101
7696.71	0.00682374
7694.78	0.00901459
7692.86	0.00800978
7690.93	0.00439279
7689	0.0048158
7687.07	0.00536426
7685.14	0.00317004
7683.22	0.00262998
7681.29	0.00229345
7679.36	0.00357232
7677.43	0.00512008
7675.5	0.00424079
7673.58	0.00353009
7671.65	0.00393381
7669.72	0.00414109
7667.79	0.00392615
7665.86	0.00550209
7663.94	0.00729929
7662.01	0.00871226
7660.08	0.00742223
7658.15	0.0049195
7656.22	0.00450968
7654.29	0.0041627
7652.37	0.0042258
7650.44	0.00547612
7648.51	0.00484404
7646.58	0.00328735
7644.66	0.00420552
7642.73	0.00492265
7640.8	0.004114
7638.87	0.00327175
7636.94	0.00316844
7635.02	0.00220369
7633.09	0.00313864
7631.16	0.00547078
7629.23	0.00458462
7627.3	0.00294174
7625.38	0.00492021
7623.45	0.00579691
7621.52	0.00557679
7619.59	0.00621061
7617.66	0.00613143
7615.73	0.00575948
7613.81	0.00558777
7611.88	0.00597247
7609.95	0.00660979
7608.02	0.00529972
7606.09	0.00564248
7604.17	0.005458
7602.24	0.00429075
7600.31	0.00498854
7598.38	0.00565184
7596.46	0.00477137
7594.53	0.00409854
7592.6	0.00376817
7590.67	0.00341971
7588.74	0.00116021
7586.81	-0.000943824
7584.89	-0.000273998
7582.96	0.000907794
7581.03	0.00106627
7579.1	0.00163393
7577.17	0.00311024
7575.25	0.0044435
7573.32	0.00436621
7571.39	0.00386243
7569.46	0.0028794
7567.53	0.00336444
7565.61	0.00202453
7563.68	0.00103651
7561.75	0.00137628
7559.82	0.00203202
7557.89	0.00367626
7555.97	0.00378812
7554.04	0.00333339
7552.11	0.00504194
7550.18	0.00608045
7548.25	0.00474287
7546.33	0.0014533
7544.4	-0.00041037
7542.47	0.00188238
7540.54	0.00560472
7538.61	0.00533176
7536.69	0.000789307
7534.76	-0.000685863
7532.83	0.00234985
7530.9	0.0049443
7528.97	0.00390128
7527.05	0.00232993
7525.12	0.00309025
7523.19	0.00469932
7521.26	0.0049693
7519.33	0.0039091
7517.41	0.00316817
7515.48	0.00353354
7513.55	0.00296019
7511.62	0.00148409
7509.69	0.0017757
7507.77	0.00224466
7505.84	0.0033005
7503.91	0.00319932
7501.98	0.00226574
7500.05	0.00282833
7498.13	0.00198458
7496.2	0.00193919
7494.27	0.0028381
7492.34	0.00271972
7490.41	0.00162821
7488.49	0.00145284
7486.56	0.00252158
7484.63	0.00136239
7482.7	0.000807896
7480.77	0.00295739
7478.85	0.00261978
7476.92	0.0016022
7474.99	0.002278
7473.06	0.00337205
7471.13	0.00436106
7469.21	0.00280636
7467.28	0.00163093
7465.35	0.00353825
7463.42	0.0037163
7461.49	0.00266788
7459.57	0.00298498
7457.64	0.00457601
7455.71	0.00491796
7453.78	0.00355254
7451.85	0.00151105
7449.93	0.00157706
7448	0.00104767
7446.07	-9.79001e-05
7444.14	0.00135541
7442.21	0.00198409
7440.29	0.00238057
7438.36	0.00259251
7436.43	0.00202832
7434.5	0.00175437
7432.57	0.000536838
7430.65	0.0016003
7428.72	0.00296609
7426.79	0.00162076
7424.86	0.00187386
7422.93	0.00294114
7421.01	0.00238097
7419.08	0.00194684
7417.15	0.00211415
7415.22	0.00148854
7413.29	0.00382479
7411.37	0.00315626
7409.44	0.000939006
7407.51	0.00115297
7405.58	0.00368502
7403.65	0.00445595
7401.73	0.0024481
7399.8	0.00145696
7397.87	0.000483363
7395.94	0.000300066
7394.01	0.00145909
7392.09	0.00336875
7390.16	0.00481848
7388.23	0.00500275
7386.3	0.00479362
7384.37	0.00455013
7382.45	0.00224416
7380.52	0.00172956
7378.59	0.00341513
7376.66	0.00366357
7374.73	0.00305448
7372.81	0.00415892
7370.88	0.00374106
7368.95	0.00250919
7367.02	0.00233166
7365.09	0.00161278
7363.17	0.00150883
7361.24	0.000950927
7359.31	0.00182614
7357.38	0.00364118
7355.45	0.00377057
7353.53	0.00277744
7351.6	0.00174905
7349.67	0.00100947
7347.74	-8.04089e-05
7345.81	-5.15204e-05
7343.89	0.00167108
7341.96	0.00184065
7340.03	0.00105916
7338.1	0.00206521
7336.17	0.00368044
7334.25	0.00255071
7332.32	0.0028354
7330.39	0.00334971
7328.46	0.00344609
7326.53	0.00292199
7324.61	0.00220543
7322.68	0.00126956
7320.75	0.00117447
7318.82	0.00271772
7316.89	0.00484572
7314.97	0.00553669
7313.04	0.00406416
7311.11	0.00217322
7309.18	0.00164021
7307.25	0.00344903
7305.33	0.00342462
7303.4	0.00295932
7301.47	0.00115682
7299.54	0.00143764
7297.61	0.00201634
7295.69	0.00138206
7293.76	0.000850356
7291.83	0.00242578
7289.9	0.00270192
7287.97	0.00189342
7286.05	0.00225462
7284.12	0.00130495
7282.19	-0.000518536
7280.26	-0.000156994
7278.33	0.0020444
7276.41	0.00350411
7274.48	0.00308694
7272.55	0.00189149
7270.62	0.00205343
7268.69	0.00224899
7266.77	0.00230221
7264.84	0.00241295
7262.91	0.00342305
7260.98	0.0027412
7259.05	0.00141228
7257.13	0.000940633
7255.2	0.00314414
7253.27	0.00337977
7251.34	0.00113749
7249.41	0.000850688
7247.49	0.00209944
7245.56	0.00112101
7243.63	0.000281664
7241.7	0.00126026
7239.77	0.00217512
7237.85	0.00277988
7235.92	0.00205592
7233.99	0.0011059
7232.06	0.000284715
7230.13	-8.06076e-05
7228.21	0.000341415
7226.28	0.00140972
7224.35	0.00257734
7222.42	0.00249879
7220.49	0.00129123
7218.57	0.0017597
7216.64	0.00251175
7214.71	0.00220523
7212.78	0.00219993
7210.85	0.00219344
7208.93	0.0033221
7207	0.00342906
7205.07	0.00215724
7203.14	0.00260181
7201.21	0.00250925
7199.29	0.00214109
7197.36	0.00229589
7195.43	0.00219843
7193.5	0.00291909
7191.57	0.00268735
7189.65	0.00170025
7187.72	0.000945415
7185.79	0.00129289
7183.86	0.00221002
7181.93	0.0032137
7180	0.00258854
7178.08	0.0020769
7176.15	0.00139107
7174.22	0.00265371
7172.29	0.00439821
7170.37	0.00273873
7168.44	0.000424688
7166.51	0.00176489
7164.58	0.00268198
7162.65	0.00106198
7160.73	0.000320558
7158.8	1.97152e-05
7156.87	0.000184927
7154.94	0.00068801
7153.01	0.0021649
7151.08	0.00352321
7149.16	0.00259461
7147.23	0.00240289
7145.3	0.00339403
7143.37	0.0031895
7141.44	0.0034864
7139.52	0.00309282
7137.59	0.00282103
7135.66	0.00303626
7133.73	0.00262621
7131.8	0.0023305
7129.88	0.00113158
7127.95	0.000760396
7126.02	0.00113201
7124.09	0.00145576
7122.17	0.00157084
7120.24	0.00187885
7118.31	0.00283677
7116.38	0.00157812
7114.45	0.000640887
7112.52	0.000736797
7110.6	-0.000622407
7108.67	0.000227226
7106.74	0.00205938
7104.81	0.00133194
7102.88	0.00215055
7100.96	0.00269735
7099.03	0.00181449
7097.1	0.00251189
7095.17	0.00188404
7093.24	0.00137106
7091.32	0.00262398
7089.39	0.0032998
7087.46	0.00213713
7085.53	0.00176499
7083.6	0.0023294
7081.68	0.00162508
7079.75	0.000966302
7077.82	0.000631629
7075.89	0.00155132
7073.96	0.00222074
7072.04	0.00189848
7070.11	0.00208455
7068.18	0.00115799
7066.25	0.00101575
7064.32	0.00204943
7062.4	0.00176735
7060.47	0.00101894
7058.54	0.0006235
7056.61	0.000571176
7054.68	0.00185183
7052.76	0.00195083
7050.83	0.00150952
7048.9	0.00206857
7046.97	0.00290001
7045.04	0.00222487
7043.12	0.000816726
7041.19	-0.000578069
7039.26	-0.000698169
7037.33	0.000966036
7035.4	0.00176119
7033.48	0.00248749
7031.55	0.0040058
7029.62	0.00403978
7027.69	0.00256744
7025.76	0.00182008
7023.84	0.00162977
7021.91	0.000254909
7019.98	0.000657911
7018.05	0.00230068
7016.12	0.00214998
7014.2	0.00251335
7012.27	0.00322806
7010.34	0.00320586
7008.41	0.00296513
7006.48	0.00290872
7004.56	0.00253938
7002.63	0.00195133
7000.7	0.00111583
6998.77	0.00198339
6996.84	0.00182534
6994.92	0.00064998
6992.99	0.00129272
6991.06	0.00184823
6989.13	8.98357e-05
6987.2	-0.000210615
6985.28	0.00102734
6983.35	0.00206211
6981.42	0.00164936
6979.49	0.00190674
6977.56	0.0023807
6975.64	0.00269629
6973.71	0.00224579
6971.78	0.000632857
6969.85	0.000176906
6967.92	0.000231602
6966	-0.000582238
6964.07	-4.74122e-05
6962.14	0.00218055
6960.21	0.00365474
6958.28	0.00266771
6956.36	0.000767333
6954.43	0.000875189
6952.5	0.00259914
6950.57	0.00261868
6948.64	0.00276831
6946.72	0.0031615
6944.79	0.00229212
6942.86	0.000996622
6940.93	0.00125989
6939	0.00270452
6937.08	0.00335756
6935.15	0.00364706
6933.22	0.00265641
6931.29	0.00100044
6929.36	0.000841226
6927.44	0.000962848
6925.51	0.000874426
6923.58	0.00181749
6921.65	0.00252812
6919.72	0.00166336
6917.8	0.00157596
6915.87	0.00194791
6913.94	0.00193013
6912.01	0.00165821
6910.08	0.00111752
6908.16	0.000685421
6906.23	0.00130844
6904.3	0.000973873
6902.37	0.00108168
6900.44	0.00191662
6898.52	0.00265021
6896.59	0.00187931
6894.66	0.000618987
6892.73	0.000768727
6890.8	0.0007751
6888.88	0.00142953
6886.95	0.00202356
6885.02	0.00176349
6883.09	0.000942426
6881.16	0.00020127
6879.24	0.000826353
6877.31	0.00130778
6875.38	0.000504792
6873.45	0.00057164
6871.52	0.00129213
6869.6	0.001214
6867.67	0.000868682
6865.74	-0.000572444
6863.81	0.000341979
6861.88	0.00114098
6859.96	0.000828412
6858.03	0.000631364
6856.1	0.000421636
6854.17	0.000561123
6852.24	0.00127132
6850.32	0.0022289
6848.39	0.00279152
6846.46	0.00286912
6844.53	0.00219627
6842.6	0.000697169
6840.68	-9.70719e-05
6838.75	0.000838935
6836.82	0.00206767
6834.89	0.00222564
6832.96	0.00205852
6831.04	0.00197769
6829.11	0.00114563
6827.18	0.00147405
6825.25	0.00252162
6823.32	0.00210859
6821.4	0.00218445
6819.47	0.00112045
6817.54	2.283e-05
6815.61	0.000898298
6813.68	0.00202879
6811.76	0.00191782
6809.83	0.00207267
6807.9	0.00266498
6805.97	0.00247546
6804.04	0.00241192
6802.12	0.00150021
6800.19	0.000246189
6798.26	6.78638e-05
6796.33	0.00115028
6794.4	0.00201278
6792.48	0.00234865
6790.55	0.00206351
6788.62	0.00129047
6786.69	0.00175165
6784.76	0.00262701
6782.84	0.00227906
6780.91	0.00175754
6778.98	0.00242705
6777.05	0.00284731
6775.12	0.00222258
6773.2	0.00250369
6771.27	0.00354994
6769.34	0.00289641
6767.41	0.00252148
6765.48	0.00299412
6763.56	0.00281146
6761.63	0.0020181
6759.7	0.00141457
6757.77	0.00165784
6755.84	0.0018703
6753.92	0.00182371
6751.99	0.00267882
6750.06	0.00301367
6748.13	0.00333659
6746.2	0.00315139
6744.28	0.00159518
6742.35	0.00078695
6740.42	0.00264411
6738.49	0.0030153
6736.56	0.00261498
6734.64	0.00307199
6732.71	0.00326201
6730.78	0.00294868
6728.85	0.00252285
6726.92	0.00191313
6725	0.00240376
6723.07	0.00337997
6721.14	0.00315723
6719.21	0.00234009
6717.28	0.00196748
6715.35	0.00292873
6713.43	0.00256678
6711.5	0.00105165
6709.57	0.00129263
6707.64	0.00190514
6705.71	0.00221392
6703.79	0.00233739
6701.86	0.00249869
6699.93	0.00254355
6698	0.00283844
6696.08	0.00274226
6694.15	0.00290595
6692.22	0.00261561
6690.29	0.00225838
6688.36	0.00272119
6686.44	0.00255754
6684.51	0.00203185
6682.58	0.00211079
6680.65	0.00228456
6678.72	0.00223923
6676.79	0.00204011
6674.87	0.00247826
6672.94	0.00366895
6671.01	0.00351152
6669.08	0.00249459
6667.15	0.00137385
6665.23	0.000465882
6663.3	0.000427242
6661.37	0.00117902
6659.44	0.00225035
6657.51	0.00230205
6655.59	0.0017603
6653.66	0.00140404
6651.73	0.00146597
6649.8	0.00220313
6647.88	0.00276094
6645.95	0.00274226
6644.02	0.00229189
6642.09	0.00229232
6640.16	0.00213553
6638.23	0.00215651
6636.31	0.00230091
6634.38	0.0016945
6632.45	0.00133074
6630.52	0.00262724
6628.59	0.00309979
6626.67	0.00188404
6624.74	0.00180887
6622.81	0.00178402
6620.88	0.00150357
6618.95	0.00153154
6617.03	0.00132519
6615.1	0.00150055
6613.17	0.00200096
6611.24	0.0021998
6609.31	0.00193656
6607.39	0.00185289
6605.46	0.0023158
6603.53	0.00287273
6601.6	0.00242921
6599.67	0.00180168
6597.75	0.00173734
6595.82	0.00190447
6593.89	0.00143096
6591.96	0.00171206
6590.03	0.00189745
6588.11	0.00137515
6586.18	0.00126644
6584.25	0.00194238
6582.32	0.00238393
6580.39	0.00222268
6578.47	0.00201767
6576.54	0.00151006
6574.61	0.000584082
6572.68	0.000720467
6570.75	0.000969125
6568.83	0.00164267
6566.9	0.00246283
6564.97	0.00241285
6563.04	0.00199267
6561.11	0.002021
6559.19	0.00173159
6557.26	0.0010852
6555.33	0.00196085
6553.4	0.00209011
6551.47	0.00171392
6549.55	0.00182554
6547.62	0.00219747
6545.69	0.00218171
6543.76	0.00165222
6541.83	0.00166982
6539.91	0.00125846
6537.98	0.000678917
6536.05	0.00103242
6534.12	0.00166599
6532.19	0.00155225
6530.27	0.00203285
6528.34	0.00203881
6526.41	0.00151162
6524.48	0.00109613
6522.55	0.000892653
6520.63	0.00208069
6518.7	0.00244137
6516.77	0.00215614
6514.84	0.00200466
6512.91	0.00186916
6510.99	0.00201657
6509.06	0.00175444
6507.13	0.00151671
6505.2	0.00159651
6503.27	0.00179836
6501.35	0.00153858
6499.42	0.00136601
6497.49	0.00159522
6495.56	0.00131878
6493.63	0.000941164
6491.71	0.00119523
6489.78	0.00148366
6487.85	0.00145274
6485.92	0.0015884
6483.99	0.00172433
6482.07	0.00159854
6480.14	0.00150221
6478.21	0.00166972
6476.28	0.00152479
6474.35	0.00132875
6472.43	0.00151764
6470.5	0.00110659
6468.57	0.000322315
6466.64	0.000539923
6464.71	0.00074297
6462.79	0.00048751
6460.86	0.000387178
6458.93	0.000802253
6457	0.00102415
6455.07	0.000718244
6453.15	0.000132424
6451.22	7.72092e-05
6449.29	1.6004e-05
6447.36	0.000128877
6445.43	0.000456363
6443.51	0.00121201
6441.58	0.00165651
6439.65	0.00167477
6437.72	0.000957369
6435.79	0.000582721
6433.87	0.000616399
6431.94	0.000443096
6430.01	0.000861079
6428.08	0.000771914
6426.15	0.00129266
6424.23	0.000831101
6422.3	0.000200308
6420.37	0.000774735
6418.44	0.000923134
6416.51	0.00106451
6414.59	0.00125697
6412.66	0.00129538
6410.73	0.00136917
6408.8	0.000598183
6406.87	0.00100908
6404.95	0.000950296
6403.02	0.000488637
6401.09	4.28776e-05
6399.16	0.000149593
6397.23	0.000271022
6395.31	0.000317938
6393.38	0.000754388
6391.45	0.000903278
6389.52	0.00115858
6387.59	0.000460874
6385.67	0.000208132
6383.74	0.000427374
6381.81	0.000860183
6379.88	0.000666837
6377.95	0.000642878
6376.03	0.00075867
6374.1	0.000286638
6372.17	0.000283853
6370.24	0.000289854
6368.31	-0.000394414
6366.39	0.000144952
6364.46	0.000262932
6362.53	0.000196032
6360.6	0.00106723
6358.67	0.00100343
6356.75	0.000375206
6354.82	0.000388206
6352.89	0.000216088
6350.96	0.000158012
6349.03	0.000358194
6347.11	0.000488073
6345.18	0.000660399
6343.25	0.000522905
6341.32	-0.000280422
6339.39	-0.000744579
6337.47	-0.000483786
6335.54	-0.000386502
6333.61	-0.000566388
6331.68	-0.000336743
6329.75	0.000219999
6327.83	0.00062778
6325.9	0.000626752
6323.97	0.00019938
6322.04	1.88537e-05
6320.11	0.000133882
6318.19	-0.000409112
6316.26	-9.12747e-05
6314.33	0.000319463
6312.4	7.69772e-05
6310.47	-0.000239427
6308.55	-0.000258998
6306.62	-0.000605004
6304.69	-0.000454361
6302.76	4.11876e-05
6300.83	2.08749e-05
6298.91	-4.91681e-05
6296.98	-9.32292e-05
6295.05	0.000168818
6293.12	0.000621243
6291.19	0.000780345
6289.27	0.00105205
6287.34	0.000807066
6285.41	0.000240819
6283.48	-0.000259826
6281.55	-0.00075179
6279.62	-0.000851637
6277.7	-0.000468792
6275.77	-0.000338001
6273.84	-0.000310587
6271.91	-9.48855e-05
6269.99	0.000260512
6268.06	5.46746e-05
6266.13	-0.000607187
6264.2	-0.000687749
6262.27	0.000179425
6260.34	0.0004289
6258.42	-5.6258e-05
6256.49	-0.000417686
6254.56	-0.000140797
6252.63	0.000139649
6250.71	-1.25245e-05
6248.78	5.20236e-05
6246.85	-0.000308203
6244.92	-0.000516683
6242.99	-0.00036697
6241.06	-4.67827e-05
6239.14	-0.000313269
6237.21	-0.000620257
6235.28	-0.000322374
6233.35	-0.00040312
6231.42	-0.00037912
6229.5	-0.000596103
6227.57	-0.00114982
6225.64	-0.00120999
6223.71	-0.000678552
6221.79	-0.000131986
6219.86	0.000275166
6217.93	-0.00041464
6216	-0.000921639
6214.07	-0.00124597
6212.15	-0.00091539
6210.22	-0.000259561
6208.29	-0.000100583
6206.36	-5.30775e-05
6204.43	-0.000233433
6202.5	-0.00085835
6200.58	-0.000621911
6198.65	7.03493e-05
6196.72	-0.000364156
6194.79	-0.000333035
6192.86	-0.00041037
6190.94	-0.000836921
6189.01	-0.000635344
6187.08	-0.000386138
6185.15	-0.00064474
6183.22	-0.000932715
6181.3	-0.000743388
6179.37	-0.000471341
6177.44	-3.40605e-05
6175.51	0.000333059
6173.58	0.000276691
6171.66	-3.43918e-05
6169.73	-0.000253103
6167.8	-0.00101923
6165.87	-0.00107222
6163.94	-0.00045873
6162.02	-0.000211443
6160.09	-0.000491563
6158.16	-0.000956718
6156.23	-0.000924846
6154.3	-0.000802957
6152.38	-0.000702337
6150.45	-0.000640274
6148.52	-0.000623102
6146.59	-0.000334426
6144.66	0.00020117
6142.74	0.00016537
6140.81	-0.000271978
6138.88	-0.000480079
6136.95	-0.000500566
6135.02	-0.000623135
6133.1	-0.000289727
6131.17	-0.000181835
6129.24	-0.000615459
6127.31	-0.000938402
6125.38	-0.000721788
6123.46	-0.000488651
6121.53	-0.000674582
6119.6	-0.000681
6117.67	-0.000681132
6115.74	-0.000786387
6113.82	-0.000690097
6111.89	-0.000396334
6109.96	-0.000294992
6108.03	-0.000422518
6106.1	-0.000812118
6104.18	-0.000819658
6102.25	-0.000748184
6100.32	-0.000871743
6098.39	-0.00109288
6096.46	-0.00152681
6094.54	-0.00167398
6092.61	-0.00133226
6090.68	-0.00056973
6088.75	-0.000275588
6086.82	-0.00014603
6084.9	-0.000318798
6082.97	-0.000205184
6081.04	-4.54575e-05
6079.11	-8.40861e-05
6077.18	-0.000546831
6075.26	-0.000599511
6073.33	-0.000553185
6071.4	-0.000502518
6069.47	-0.000925408
6067.54	-0.00123646
6065.62	-0.00102009
6063.69	-0.000517246
6061.76	-9.85626e-05
6059.83	-0.000208694
6057.9	-0.00040845
6055.98	-0.000559241
6054.05	-0.000593092
6052.12	-0.000730719
6050.19	-0.000782385
6048.26	-0.00065493
6046.34	-0.000607981
6044.41	-0.000704785
6042.48	-0.000644046
6040.55	-0.000899585
6038.62	-0.00150601
6036.7	-0.00135928
6034.77	-0.00116542
6032.84	-0.000978108
6030.91	-0.000479648
6028.98	-0.000658206
6027.06	-0.0015668
6025.13	-0.00165098
6023.2	-0.00137289
6021.27	-0.00144456
6019.34	-0.00132711
6017.42	-0.000737997
6015.49	-0.000717157
6013.56	-0.00126322
6011.63	-0.00122103
6009.7	-0.000960024
6007.78	-0.000695556
6005.85	-0.000847305
6003.92	-0.00119036
6001.99	-0.00128995
6000.06	-0.0010423
5998.14	-0.0010858
5996.21	-0.000856697
5994.28	-0.00104908
5992.35	-0.00109516
5990.42	-0.00119311
5988.5	-0.00111204
5986.57	-0.00108405
5984.64	-0.00105622
5982.71	-0.00060325
5980.78	-0.000454328
5978.86	-0.000722119
5976.93	-0.000795945
5975	-0.000890491
5973.07	-0.00103626
5971.14	-0.000695093
5969.22	-0.000299031
5967.29	-0.000205846
5965.36	-0.000493053
5963.43	-0.00096376
5961.5	-0.00127339
5959.58	-0.00148465
5957.65	-0.00148967
5955.72	-0.00136866
5953.79	-0.00143171
5951.86	-0.00135842
5949.94	-0.000990307
5948.01	-0.000520621
5946.08	-0.00106402
5944.15	-0.00167573
5942.22	-0.00177065
5940.3	-0.00174138
5938.37	-0.00115722
5936.44	-0.00085329
5934.51	-0.00105192
5932.58	-0.000908578
5930.66	-0.000751029
5928.73	-0.00105599
5926.8	-0.00128268
5924.87	-0.00110355
5922.94	-0.000688079
5921.02	-0.000406596
5919.09	-0.000680735
5917.16	-0.000846577
5915.23	-0.00120001
5913.3	-0.001632
5911.38	-0.00177289
5909.45	-0.00132014
5907.52	-0.000586176
5905.59	-0.00102743
5903.66	-0.00156009
5901.74	-0.00145324
5899.81	-0.00128895
5897.88	-0.00174643
5895.95	-0.00204802
5894.02	-0.00158862
5892.1	-0.00117768
5890.17	-0.00142874
5888.24	-0.00143132
5886.31	-0.0012582
5884.38	-0.00128116
5882.46	-0.00137517
5880.53	-0.0017518
5878.6	-0.0019048
5876.67	-0.00154286
5874.74	-0.00145489
5872.82	-0.00144066
5870.89	-0.00146748
5868.96	-0.00119512
5867.03	-0.00106293
5865.1	-0.00129107
5863.18	-0.00136896
5861.25	-0.00149693
5859.32	-0.00147051
5857.39	-0.00148848
5855.46	-0.00182298
5853.54	-0.00168365
5851.61	-0.00119786
5849.68	-0.0011982
5847.75	-0.00135327
5845.82	-0.00128294
5843.9	-0.00135618
5841.97	-0.00122992
5840.04	-0.00127488
5838.11	-0.00156237
5836.18	-0.00166976
5834.25	-0.00175382
5832.33	-0.00148062
5830.4	-0.00160872
5828.47	-0.00136731
5826.54	-0.00118237
5824.62	-0.00157984
5822.69	-0.00163365
5820.76	-0.00134729
5818.83	-0.00151067
5816.9	-0.00180892
5814.98	-0.00195128
5813.05	-0.00150793
5811.12	-0.00124201
5809.19	-0.00139135
5807.26	-0.00117586
5805.33	-0.00122238
5803.41	-0.00165107
5801.48	-0.00165999
5799.55	-0.00148887
5797.62	-0.00174979
5795.7	-0.00170065
5793.77	-0.00134465
5791.84	-0.00153094
5789.91	-0.00151773
5787.98	-0.00130977
5786.06	-0.00140407
5784.13	-0.00153665
5782.2	-0.00170629
5780.27	-0.0018081
5778.34	-0.00180589
5776.42	-0.00186409
5774.49	-0.00174012
5772.56	-0.0017723
5770.63	-0.00182361
5768.7	-0.0013497
5766.77	-0.00127693
5764.85	-0.0015147
5762.92	-0.00179672
5760.99	-0.00188425
5759.06	-0.00137887
5757.13	-0.00152189
5755.21	-0.00184901
5753.28	-0.0017123
5751.35	-0.00152176
5749.42	-0.00104221
5747.49	-0.00110884
5745.57	-0.000885631
5743.64	-0.000469785
5741.71	-0.000708027
5739.78	-0.0011407
5737.85	-0.00101163
5735.93	-0.000837186
5734	-0.0011406
5732.07	-0.00154487
5730.14	-0.00138405
5728.21	-0.0011485
5726.29	-0.00151744
5724.36	-0.00172303
5722.43	-0.00126497
5720.5	-0.00144555
5718.57	-0.00178923
5716.65	-0.00166801
5714.72	-0.00161744
5712.79	-0.00175497
5710.86	-0.00172765
5708.93	-0.00162576
5707.01	-0.00190698
5705.08	-0.00197829
5703.15	-0.00181892
5701.22	-0.0018049
5699.29	-0.00182146
5697.37	-0.0016074
5695.44	-0.00136159
5693.51	-0.00169058
5691.58	-0.00180612
5689.65	-0.00149409
5687.73	-0.00149317
5685.8	-0.00151268
5683.87	-0.00157416
5681.94	-0.00124462
5680.01	-0.00104303
5678.09	-0.00122321
5676.16	-0.00165335
5674.23	-0.00195105
5672.3	-0.00180355
5670.37	-0.00128938
5668.45	-0.000973976
5666.52	-0.00114823
5664.59	-0.00156716
5662.66	-0.00174864
5660.73	-0.00140499
5658.81	-0.00110692
5656.88	-0.00131984
5654.95	-0.00165173
5653.02	-0.00141262
5651.09	-0.00152189
5649.17	-0.00174415
5647.24	-0.00156237
5645.31	-0.00175639
5643.38	-0.00158901
5641.45	-0.00145882
5639.53	-0.00194181
5637.6	-0.00226186
5635.67	-0.00171798
5633.74	-0.00130253
5631.81	-0.00134723
5629.89	-0.00121369
5627.96	-0.00116661
5626.03	-0.0014219
5624.1	-0.00160364
5622.17	-0.00138878
5620.25	-0.00145443
5618.32	-0.00132618
5616.39	-0.00122321
5614.46	-0.00162978
5612.53	-0.00179837
5610.61	-0.00166385
5608.68	-0.00155194
5606.75	-0.00131343
5604.82	-0.0015106
5602.89	-0.0020591
5600.97	-0.00174369
5599.04	-0.00149442
5597.11	-0.00172953
5595.18	-0.00186739
5593.25	-0.00199109
5591.33	-0.00206055
5589.4	-0.00195329
5587.47	-0.00188177
5585.54	-0.00168336
5583.61	-0.00127115
5581.69	-0.0011864
5579.76	-0.0015247
5577.83	-0.00167474
5575.9	-0.00154477
5573.97	-0.00166226
5572.05	-0.00193522
5570.12	-0.00180685
5568.19	-0.00152378
5566.26	-0.00148627
5564.33	-0.00140222
5562.41	-0.0014263
5560.48	-0.00143564
5558.55	-0.00141784
5556.62	-0.00171699
5554.69	-0.00182625
5552.77	-0.00167246
5550.84	-0.0016918
5548.91	-0.00174669
5546.98	-0.00154421
5545.05	-0.00152315
5543.13	-0.00153919
5541.2	-0.00157875
5539.27	-0.00188507
5537.34	-0.00199241
5535.41	-0.0015112
5533.49	-0.00152837
5531.56	-0.00189979
5529.63	-0.00185264
5527.7	-0.00151268
5525.77	-0.00118841
5523.85	-0.0011594
5521.92	-0.00132793
5519.99	-0.00153956
5518.06	-0.0018949
5516.13	-0.00199066
5514.21	-0.00193172
5512.28	-0.00186363
5510.35	-0.00164319
5508.42	-0.00151985
5506.49	-0.00160413
5504.57	-0.00161853
5502.64	-0.00147841
5500.71	-0.00154854
5498.78	-0.0016585
5496.85	-0.00154662
5494.93	-0.00141873
5493	-0.00156752
5491.07	-0.00191608
5489.14	-0.00203637
5487.21	-0.00191678
5485.29	-0.00189408
5483.36	-0.00189728
5481.43	-0.00178979
5479.5	-0.00170755
5477.57	-0.00168154
5475.65	-0.00179553
5473.72	-0.00188603
5471.79	-0.00181071
5469.86	-0.00169827
5467.93	-0.00145747
5466.01	-0.00166959
5464.08	-0.00202711
5462.15	-0.00230589
5460.22	-0.00203308
5458.29	-0.00154718
5456.37	-0.00147131
5454.44	-0.00139895
5452.51	-0.00134187
5450.58	-0.00159687
5448.65	-0.00177019
5446.73	-0.001675
5444.8	-0.00149105
5442.87	-0.00147652
5440.94	-0.00185202
5439.01	-0.00184542
5437.09	-0.00170626
5435.16	-0.0020406
5433.23	-0.0019149
5431.3	-0.00175131
5429.37	-0.00167748
5427.45	-0.00146543
5425.52	-0.00129566
5423.59	-0.00146711
5421.66	-0.0017818
5419.73	-0.00174623
5417.81	-0.00168121
5415.88	-0.00145849
5413.95	-0.00140598
5412.02	-0.00161724
5410.09	-0.0018629
5408.17	-0.00196217
5406.24	-0.00170068
5404.31	-0.00181038
5402.38	-0.00191862
5400.45	-0.00172471
5398.53	-0.00180975
5396.6	-0.00195923
5394.67	-0.00206497
5392.74	-0.0019434
5390.81	-0.0017755
5388.88	-0.00184532
5386.96	-0.0018858
5385.03	-0.00176761
5383.1	-0.00160559
5381.17	-0.00149125
5379.25	-0.00173435
5377.32	-0.00212485
5375.39	-0.00217559
5373.46	-0.00180097
5371.53	-0.00135235
5369.6	-0.00139426
5367.68	-0.00193456
5365.75	-0.00198588
5363.82	-0.00203143
5361.89	-0.00206714
5359.96	-0.00188141
5358.04	-0.00182971
5356.11	-0.00149198
5354.18	-0.00147976
5352.25	-0.00171946
5350.33	-0.00178315
5348.4	-0.00194798
5346.47	-0.00181387
5344.54	-0.00184845
5342.61	-0.0017194
5340.69	-0.00173468
5338.76	-0.00164325
5336.83	-0.00169187
5334.9	-0.00167768
5332.97	-0.00157937
5331.04	-0.00156224
5329.12	-0.00139575
5327.19	-0.0014005
5325.26	-0.00145787
5323.33	-0.00158403
5321.4	-0.00153388
5319.48	-0.00153048
5317.55	-0.00169527
5315.62	-0.00150261
5313.69	-0.00133685
5311.76	-0.00137418
5309.84	-0.00145704
5307.91	-0.00139832
5305.98	-0.00139168
5304.05	-0.00135102
5302.12	-0.00134904
5300.2	-0.00142204
5298.27	-0.0012391
5296.34	-0.00119079
5294.41	-0.00129011
5292.48	-0.00115696
5290.56	-0.00109919
5288.63	-0.00138485
5286.7	-0.00138006
5284.77	-0.00141695
5282.84	-0.00156046
5280.92	-0.00138987
5278.99	-0.00110534
5277.06	-0.00128965
5275.13	-0.00148736
5273.21	-0.00144621
5271.28	-0.00123563
5269.35	-0.000928053
5267.42	-0.000828753
5265.49	-0.000946601
5263.56	-0.00070677
5261.64	-0.000699029
5259.71	-0.000840228
5257.78	-0.000860995
5255.85	-0.0007932
5253.92	-0.0007974
5252	-0.000804114
5250.07	-0.000829149
5248.14	-0.000899651
5246.21	-0.000733597
5244.28	-0.000612945
5242.36	-0.000751294
5240.43	-0.000899552
5238.5	-0.00098386
5236.57	-0.000799616
5234.64	-0.000593158
5232.72	-0.000412952
5230.79	-0.000136358
5228.86	-9.22022e-05
5226.93	-0.000261283
5225	-0.000200481
5223.08	7.87005e-05
5221.15	0.000199678
5219.22	0.000326195
5217.29	0.00023515
5215.36	7.13103e-05
5213.44	1.64017e-05
5211.51	0.000225768
5209.58	0.000450094
5207.65	0.000702712
5205.72	0.00101077
5203.8	0.000931867
5201.87	0.000648951
5199.94	0.000784892
5198.01	0.000983039
5196.08	0.000856099
5194.16	0.000835848
5192.23	0.00118383
5190.3	0.00145885
5188.37	0.00142983
5186.44	0.00137382
5184.52	0.00131419
5182.59	0.0012045
5180.66	0.00149752
5178.73	0.00187652
5176.8	0.00186214
5174.88	0.00195836
5172.95	0.00209398
5171.02	0.00215204
5169.09	0.00208582
5167.16	0.00202167
5165.24	0.00222098
5163.31	0.0023873
5161.38	0.00255165
5159.45	0.00283194
5157.52	0.00268958
5155.6	0.0027587
5153.67	0.00294247
5151.74	0.00291325
5149.81	0.00308301
5147.88	0.00322789
5145.96	0.0031906
5144.03	0.00313797
5142.1	0.00314605
5140.17	0.00320092
5138.24	0.00329593
5136.32	0.0032986
5134.39	0.00361241
5132.46	0.00393056
5130.53	0.00359247
5128.6	0.00336063
5126.68	0.00346075
5124.75	0.00375781
5122.82	0.00390763
5120.89	0.00380029
5118.96	0.00393535
5117.04	0.00378411
5115.11	0.00365835
5113.18	0.00385745
5111.25	0.00400861
5109.32	0.00414521
5107.4	0.00417545
5105.47	0.00423436
5103.54	0.00441802
5101.61	0.00441565
5099.68	0.00450366
5097.76	0.00462838
5095.83	0.00443121
5093.9	0.00436437
5091.97	0.00434549
5090.04	0.00446442
5088.12	0.00467778
5086.19	0.00468716
5084.26	0.00481911
5082.33	0.00475372
5080.4	0.00471295
5078.48	0.00468177
5076.55	0.00443269
5074.62	0.00449003
5072.69	0.00480136
5070.76	0.0047639
5068.84	0.0047158
5066.91	0.00495925
5064.98	0.00502762
5063.05	0.00500741
5061.12	0.00515656
5059.2	0.00535275
5057.27	0.00542542
5055.34	0.00531093
5053.41	0.00530264
5051.48	0.0054071
5049.56	0.00547803
5047.63	0.00561549
5045.7	0.00572352
5043.77	0.00593209
5041.84	0.00618066
5039.92	0.00636195
5037.99	0.00620852
5036.06	0.00646169
5034.13	0.00702382
5032.2	0.00721759
5030.28	0.00717275
5028.35	0.00742004
5026.42	0.00778333
5024.49	0.00795733
5022.56	0.00798905
5020.64	0.00779757
5018.71	0.00788815
5016.78	0.00814585
5014.85	0.00809413
5012.92	0.00770413
5011	0.00724107
5009.07	0.00723508
5007.14	0.00706204
5005.21	0.00675384
5003.28	0.00661978
5001.36	0.00627535
4999.43	0.00602115
4997.5	0.00581689
4995.57	0.0057351
4993.64	0.00580387
4991.72	0.00589457
4989.79	0.00575887
4987.86	0.00548316
4985.93	0.0052146
4984	0.00502709
4982.08	0.00510694
4980.15	0.00526957
4978.22	0.00492084
4976.29	0.0046817
4974.36	0.00479526
4972.44	0.00474585
4970.51	0.00460136
4968.58	0.00470073
4966.65	0.00499139
4964.72	0.00494651
4962.8	0.00453978
4960.87	0.00442264
4958.94	0.00447403
4957.01	0.00436718
4955.08	0.00442191
4953.16	0.00462376
4951.23	0.00434265
4949.3	0.00411139
4947.37	0.00423533
4945.44	0.00439469
4943.52	0.00435661
4941.59	0.00424283
4939.66	0.00412467
4937.73	0.00429814
4935.8	0.00437214
4933.88	0.00425715
4931.95	0.00436307
4930.02	0.00474772
4928.09	0.00458448
4926.16	0.00401741
4924.24	0.00367142
4922.31	0.00362377
4920.38	0.00376673
4918.45	0.00358027
4916.52	0.00371065
4914.6	0.00371516
4912.67	0.00344853
4910.74	0.0033969
4908.81	0.0035176
4906.88	0.00363537
4904.96	0.00372368
4903.03	0.00342291
4901.1	0.00336811
4899.17	0.00345661
4897.24	0.00331008
4895.32	0.00323009
4893.39	0.00322852
4891.46	0.00322816
4889.53	0.0032381
4887.6	0.00320085
4885.67	0.00316914
4883.75	0.00303058
4881.82	0.00279358
4879.89	0.00266275
4877.96	0.00264901
4876.04	0.00276967
4874.11	0.00278038
4872.18	0.00264984
4870.25	0.00263718
4868.32	0.00251615
4866.4	0.00244091
4864.47	0.00243794
4862.54	0.00249679
4860.61	0.00251628
4858.68	0.00235968
4856.75	0.00228193
4854.83	0.00238017
4852.9	0.00236134
4850.97	0.00225315
4849.04	0.00209907
4847.12	0.00208698
4845.19	0.00190807
4843.26	0.00189036
4841.33	0.00195719
4839.4	0.00160207
4837.47	0.00161623
4835.55	0.00196538
4833.62	0.00198192
4831.69	0.00192408
4829.76	0.00165139
4827.83	0.00137598
4825.91	0.00127332
4823.98	0.00109683
4822.05	0.000947839
4820.12	0.000976464
4818.19	0.00102422
4816.27	0.00109533
4814.34	0.00118682
4812.41	0.00110736
4810.48	0.000864067
4808.55	0.000848496
4806.63	0.000992969
4804.7	0.000779282
4802.77	0.000666008
4800.84	0.000740481
4798.91	0.000495736
4796.99	0.000458983
4795.06	0.000586272
4793.13	0.000460741
4791.2	0.000528511
4789.27	0.000590154
4787.35	0.000581792
4785.42	0.00039454
4783.49	7.9529e-05
4781.56	-0.000253004
4779.63	-0.00018826
4777.71	8.95374e-05
4775.78	0.0001075
4773.85	7.19015e-06
4771.92	2.85956e-05
4769.99	-2.4651e-05
4768.07	-0.000151264
4766.14	-0.000346477
4764.21	-0.000526578
4762.28	-0.000321944
4760.35	-0.000200348
4758.43	-0.000380775
4756.5	-0.000363924
4754.57	-0.000408351
4752.64	-0.000704653
4750.71	-0.00093126
4748.79	-0.000880076
4746.86	-0.000883514
4744.93	-0.000943956
4743	-0.00117602
4741.07	-0.00111062
4739.15	-0.00102336
4737.22	-0.00107618
4735.29	-0.00102145
4733.36	-0.00111383
4731.43	-0.0012536
4729.51	-0.00133428
4727.58	-0.00122549
4725.65	-0.00106994
4723.72	-0.00116198
4721.79	-0.00113749
4719.87	-0.000959826
4717.94	-0.00118422
4716.01	-0.00161566
4714.08	-0.00187923
4712.15	-0.00182661
4710.23	-0.00134475
4708.3	-0.00143141
4706.37	-0.00181856
4704.44	-0.00201547
4702.51	-0.00185254
4700.59	-0.00169534
4698.66	-0.0020401
4696.73	-0.00236271
4694.8	-0.00210985
4692.87	-0.00215729
4690.95	-0.00240321
4689.02	-0.00215904
4687.09	-0.00186894
4685.16	-0.00189032
4683.23	-0.00203509
4681.31	-0.00216646
4679.38	-0.00224244
4677.45	-0.00220404
4675.52	-0.00216158
4673.59	-0.00227277
4671.67	-0.00248318
4669.74	-0.0025231
4667.81	-0.00258483
4665.88	-0.00267026
4663.95	-0.00262198
4662.03	-0.00257844
4660.1	-0.0024981
4658.17	-0.00236446
4656.24	-0.00247514
4654.31	-0.00262511
4652.39	-0.00254722
4650.46	-0.00247365
4648.53	-0.00239935
4646.6	-0.00252179
4644.67	-0.00267734
4642.75	-0.00280473
4640.82	-0.00281132
4638.89	-0.0027026
4636.96	-0.0025927
4635.03	-0.00260344
4633.11	-0.00278702
4631.18	-0.00280236
4629.25	-0.00263545
4627.32	-0.0027488
4625.39	-0.00290342
4623.47	-0.00273928
4621.54	-0.00275802
4619.61	-0.00294499
4617.68	-0.00300484
4615.75	-0.0028788
4613.83	-0.00289252
4611.9	-0.00296684
4609.97	-0.00306427
4608.04	-0.00314234
4606.11	-0.00311799
4604.19	-0.00284499
4602.26	-0.00278007
4600.33	-0.00299155
4598.4	-0.00287057
4596.47	-0.00296921
4594.55	-0.00300248
4592.62	-0.00281918
4590.69	-0.00273204
4588.76	-0.00286655
4586.83	-0.00300754
4584.91	-0.00312658
4582.98	-0.0031503
4581.05	-0.00296453
4579.12	-0.00282972
4577.19	-0.00288265
4575.27	-0.00298158
4573.34	-0.00298138
4571.41	-0.00296062
4569.48	-0.00292619
4567.55	-0.00276496
4565.63	-0.00273754
4563.7	-0.00276888
4561.77	-0.00284654
4559.84	-0.00280144
4557.91	-0.00287113
4555.99	-0.00291201
4554.06	-0.00255683
4552.13	-0.00242272
4550.2	-0.0025683
4548.27	-0.00251236
4546.35	-0.00216497
4544.42	-0.00211489
4542.49	-0.00229291
4540.56	-0.002267
4538.63	-0.00218769
4536.71	-0.00210744
4534.78	-0.00212076
4532.85	-0.00218261
4530.92	-0.00218017
4528.99	-0.00209451
4527.07	-0.00200989
4525.14	-0.00182711
4523.21	-0.00184156
4521.28	-0.00202252
4519.35	-0.00199228
4517.43	-0.00221185
4515.5	-0.00235935
4513.57	-0.00243553
4511.64	-0.00238789
4509.71	-0.00228266
4507.79	-0.0024812
4505.86	-0.00284233
4503.93	-0.00290859
4502	-0.00274238
4500.07	-0.00272446
4498.15	-0.00294959
4496.22	-0.00329021
4494.29	-0.00334614
4492.36	-0.00333433
4490.43	-0.00337721
4488.51	-0.00347379
4486.58	-0.00351833
4484.65	-0.00361235
4482.72	-0.0036547
4480.79	-0.00351517
4478.87	-0.00334969
4476.94	-0.00328843
4475.01	-0.00335091
4473.08	-0.00352421
4471.15	-0.00375566
4469.23	-0.00370931
4467.3	-0.00364258
4465.37	-0.00367465
4463.44	-0.00377461
4461.51	-0.00402723
4459.58	-0.00390043
4457.66	-0.00369088
4455.73	-0.00369952
4453.8	-0.00359842
4451.87	-0.00348181
4449.95	-0.00368743
4448.02	-0.00389213
4446.09	-0.00369314
4444.16	-0.00374216
4442.23	-0.00388135
4440.3	-0.00374048
4438.38	-0.00356546
4436.45	-0.00353479
4434.52	-0.00364396
4432.59	-0.00352392
4430.67	-0.00360578
4428.74	-0.00369778
4426.81	-0.00364324
4424.88	-0.00363502
4422.95	-0.00373322
4421.02	-0.00376331
4419.1	-0.00368349
4417.17	-0.00377635
4415.24	-0.00368404
4413.31	-0.00365967
4411.38	-0.00377346
4409.46	-0.003769
4407.53	-0.00389012
4405.6	-0.00399775
4403.67	-0.00388237
4401.75	-0.00371897
4399.82	-0.0037507
4397.89	-0.00380155
4395.96	-0.00384983
4394.03	-0.00383787
4392.1	-0.00379698
4390.18	-0.00378683
4388.25	-0.00383341
4386.32	-0.00392969
4384.39	-0.0039754
4382.46	-0.00389088
4380.54	-0.00390388
4378.61	-0.00387337
4376.68	-0.00381179
4374.75	-0.00377146
4372.82	-0.00389567
4370.9	-0.0038739
4368.97	-0.00376942
4367.04	-0.00382329
4365.11	-0.00394394
4363.18	-0.00405957
4361.26	-0.00403544
4359.33	-0.00399733
4357.4	-0.00388208
4355.47	-0.00376479
4353.54	-0.003726
4351.62	-0.00366978
4349.69	-0.00368743
4347.76	-0.0038429
4345.83	-0.00402618
4343.9	-0.00401975
4341.98	-0.00391843
4340.05	-0.00387935
4338.12	-0.00377698
4336.19	-0.0036622
4334.26	-0.0036299
4332.34	-0.00378634
4330.41	-0.00376551
4328.48	-0.00363456
4326.55	-0.00372255
4324.62	-0.00386825
4322.7	-0.00385055
4320.77	-0.00377481
4318.84	-0.00366568
4316.91	-0.00381012
4314.98	-0.00382602
4313.06	-0.00369643
4311.13	-0.00374479
4309.2	-0.00383712
4307.27	-0.00389662
4305.34	-0.00387337
4303.42	-0.00403459
4301.49	-0.00395642
4299.56	-0.0038115
4297.63	-0.00390382
4295.7	-0.00382083
4293.78	-0.00354321
4291.85	-0.00347501
4289.92	-0.00358698
4287.99	-0.00373776
4286.06	-0.00383337
4284.14	-0.00379991
4282.21	-0.0037596
4280.28	-0.0036851
4278.35	-0.00350758
4276.42	-0.00348046
4274.5	-0.00364859
4272.57	-0.00376617
4270.64	-0.00369321
4268.71	-0.00367889
4266.78	-0.00373204
4264.86	-0.00372235
4262.93	-0.00365845
4261	-0.00370238
4259.07	-0.00374351
4257.14	-0.00361679
4255.22	-0.00367143
4253.29	-0.00374535
4251.36	-0.00374791
4249.43	-0.00374919
4247.5	-0.00381367
4245.58	-0.00373542
4243.65	-0.00361902
4241.72	-0.00353614
4239.79	-0.00353788
4237.86	-0.00357111
4235.94	-0.00353897
4234.01	-0.00349391
4232.08	-0.0033127
4230.15	-0.00335262
4228.22	-0.00348503
4226.3	-0.00341298
4224.37	-0.00347267
4222.44	-0.0035785
4220.51	-0.00348083
4218.58	-0.0034898
4216.66	-0.00342813
4214.73	-0.003404
4212.8	-0.00344411
4210.87	-0.00360624
4208.94	-0.00371279
4207.02	-0.00363499
4205.09	-0.00360433
4203.16	-0.00348254
4201.23	-0.00339
4199.3	-0.00342531
4197.38	-0.00340035
4195.45	-0.00333706
4193.52	-0.00343099
4191.59	-0.00340341
4189.66	-0.00333775
4187.74	-0.00340072
4185.81	-0.00353325
4183.88	-0.00346594
4181.95	-0.0033634
4180.02	-0.00352355
4178.1	-0.00350722
4176.17	-0.00339036
4174.24	-0.00343379
4172.31	-0.00345575
4170.38	-0.00353348
4168.46	-0.00358718
4166.53	-0.00354429
4164.6	-0.00360177
4162.67	-0.00359796
4160.74	-0.00347399
4158.82	-0.00352796
4156.89	-0.00356855
4154.96	-0.00347547
4153.03	-0.00344467
4151.1	-0.00324473
4149.18	-0.00327396
4147.25	-0.00348395
4145.32	-0.00359273
4143.39	-0.00354909
4141.46	-0.00350439
4139.54	-0.00346482
4137.61	-0.00339654
4135.68	-0.00339207
4133.75	-0.00339736
4131.82	-0.00323897
4129.9	-0.00323104
4127.97	-0.00335712
4126.04	-0.00334486
4124.11	-0.00323844
4122.18	-0.00328468
4120.26	-0.00352678
4118.33	-0.00356838
4116.4	-0.00337261
4114.47	-0.00331194
4112.54	-0.00346304
4110.62	-0.00359001
4108.69	-0.00366183
4106.76	-0.00365365
4104.83	-0.00350778
4102.9	-0.00343737
4100.98	-0.00340295
4099.05	-0.00334394
4097.12	-0.00326245
4095.19	-0.00328028
4093.26	-0.00326064
4091.34	-0.00327087
4089.41	-0.00312845
4087.48	-0.00307187
4085.55	-0.0032347
4083.62	-0.00334305
4081.7	-0.00337839
4079.77	-0.00346866
4077.84	-0.00349907
4075.91	-0.00346183
4073.98	-0.0033757
4072.06	-0.00339437
4070.13	-0.00335124
4068.2	-0.00329974
4066.27	-0.0033372
4064.34	-0.00343428
4062.42	-0.00334805
4060.49	-0.00332128
4058.56	-0.00345118
4056.63	-0.00347491
4054.7	-0.00346548
4052.78	-0.00353825
4050.85	-0.00360335
4048.92	-0.00355103
4046.99	-0.00350978
4045.06	-0.00347389
4043.14	-0.00341745
4041.21	-0.00335771
4039.28	-0.0033872
4037.35	-0.00340512
4035.42	-0.00335061
4033.5	-0.00334676
4031.57	-0.00331461
4029.64	-0.00322036
4027.71	-0.00323723
4025.78	-0.00331799
4023.86	-0.00334716
4021.93	-0.00330438
4020	-0.00335735
4018.07	-0.00344549
4016.14	-0.00333361
4014.22	-0.00324759
4012.29	-0.003332
4010.36	-0.00320977
4008.43	-0.00312513
4006.5	-0.00330257
4004.58	-0.00342238
4002.65	-0.0033825
4000.72	-0.00330392
3998.79	-0.00333417
3996.86	-0.00336041
3994.94	-0.00335995
3993.01	-0.0033899
3991.08	-0.00332796
3989.15	-0.00327518
3987.22	-0.00327863
3985.29	-0.00318707
3983.37	-0.00331885
3981.44	-0.00347415
3979.51	-0.00338119
3977.58	-0.00332674
3975.66	-0.0032273
3973.73	-0.0032419
3971.8	-0.00330474
3969.87	-0.0033781
3967.94	-0.00332631
3966.01	-0.00329872
3964.09	-0.00322019
3962.16	-0.0032687
3960.23	-0.00335765
3958.3	-0.00342452
3956.38	-0.00335847
3954.45	-0.00333351
3952.52	-0.0034326
3950.59	-0.00345243
3948.66	-0.00347636
3946.73	-0.00348898
3944.81	-0.00344878
3942.88	-0.0034877
3940.95	-0.00342458
3939.02	-0.00335791
3937.09	-0.00339664
3935.17	-0.00340979
3933.24	-0.00345371
3931.31	-0.00346469
3929.38	-0.00333772
3927.45	-0.00332375
3925.53	-0.00342008
3923.6	-0.00328314
3921.67	-0.00328291
3919.74	-0.00337024
3917.81	-0.00343142
3915.89	-0.00347846
3913.96	-0.00337132
3912.03	-0.0033875
3910.1	-0.00361481
3908.17	-0.00371121
3906.25	-0.00364744
3904.32	-0.00342018
3902.39	-0.00330767
3900.46	-0.00329682
3898.53	-0.00337593
3896.61	-0.00352704
3894.68	-0.00348273
3892.75	-0.00327919
3890.82	-0.0033126
3888.89	-0.00346597
3886.97	-0.00348089
3885.04	-0.00334065
3883.11	-0.00327406
3881.18	-0.00330063
3879.25	-0.00341821
3877.33	-0.00347097
3875.4	-0.00336784
3873.47	-0.00346834
3871.54	-0.00352868
3869.61	-0.00333591
3867.69	-0.00331296
3865.76	-0.00342922
3863.83	-0.00339407
3861.9	-0.00348987
3859.97	-0.00352806
3858.05	-0.00342038
3856.12	-0.00350567
3854.19	-0.00343701
3852.26	-0.00332677
3850.33	-0.00340072
3848.41	-0.00341127
3846.48	-0.00330556
3844.55	-0.00326245
3842.62	-0.00333572
3840.69	-0.0033729
3838.77	-0.00324338
3836.84	-0.00326821
3834.91	-0.00333318
3832.98	-0.0033394
3831.05	-0.00333134
3829.13	-0.00316105
3827.2	-0.00311082
3825.27	-0.00314734
3823.34	-0.00316898
3821.41	-0.00314924
3819.49	-0.00318572
3817.56	-0.0031572
3815.63	-0.00301574
3813.7	-0.00297306
3811.77	-0.00292287
3809.85	-0.00294548
3807.92	-0.00305242
3805.99	-0.00295617
3804.06	-0.00285533
3802.13	-0.00285493
3800.21	-0.00289114
3798.28	-0.00305542
3796.35	-0.00313372
3794.42	-0.00298323
3792.49	-0.00284006
3790.57	-0.00281672
3788.64	-0.00288591
3786.71	-0.00281543
3784.78	-0.00271623
3782.85	-0.0027161
3780.93	-0.00264286
3779	-0.0026259
3777.07	-0.00264356
3775.14	-0.00266134
3773.21	-0.00258167
3771.29	-0.00248038
3769.36	-0.00260802
3767.43	-0.00251292
3765.5	-0.00236139
3763.57	-0.0024045
3761.65	-0.00234472
3759.72	-0.00227112
3757.79	-0.00230039
3755.86	-0.00232962
3753.93	-0.00222962
3752.01	-0.0022431
3750.08	-0.00231311
3748.15	-0.00228309
3746.22	-0.00204277
3744.29	-0.00204534
3742.37	-0.00212867
3740.44	-0.00211196
3738.51	-0.00197684
3736.58	-0.00185066
3734.65	-0.00174332
3732.73	-0.00160882
3730.8	-0.0015391
3728.87	-0.00146444
3726.94	-0.00135994
3725.01	-0.00126946
3723.09	-0.00112989
3721.16	-0.00106981
3719.23	-0.00100287
3717.3	-0.000969843
3715.37	-0.000852298
3713.45	-0.000822138
3711.52	-0.000833912
3709.59	-0.000682753
3707.66	-0.000391633
3705.73	-0.000284131
3703.81	-0.000406431
3701.88	-0.000335551
3699.95	-0.000172727
3698.02	5.73257e-05
3696.09	0.000192319
3694.17	0.000336573
3692.24	0.000330572
3690.31	0.000399515
3688.38	0.000613612
3686.45	0.000907694
3684.53	0.00118393
3682.6	0.0012669
3680.67	0.00140284
3678.74	0.00157121
3676.81	0.00158793
3674.89	0.00177387
3672.96	0.00227127
3671.03	0.00252328
3669.1	0.00266141
3667.17	0.00294955
3665.25	0.00331198
3663.32	0.00349248
3661.39	0.00376192
3659.46	0.00422118
3657.53	0.00450674
3655.61	0.00477502
3653.68	0.00512833
3651.75	0.00553004
3649.82	0.00607265
3647.89	0.00653905
3645.97	0.00688655
3644.04	0.00726668
3642.11	0.00783674
3640.18	0.00853553
3638.25	0.00907176
3636.33	0.00948032
3634.4	0.010007
3632.47	0.010732
3630.54	0.0114366
3628.61	0.0120771
3626.69	0.012744
3624.76	0.0136222
3622.83	0.0145143
3620.9	0.0152651
3618.97	0.016137
3617.05	0.0171765
3615.12	0.0181034
3613.19	0.0191498
3611.26	0.0202271
3609.33	0.0212406
3607.41	0.0222851
3605.48	0.0234889
3603.55	0.0247677
3601.62	0.0261156
3599.69	0.0274261
3597.77	0.0288856
3595.84	0.0305624
3593.91	0.0320873
3591.98	0.0334292
3590.05	0.0349394
3588.12	0.0366496
3586.2	0.0384445
3584.27	0.0404014
3582.34	0.0424085
3580.41	0.0444276
3578.49	0.0465942
3576.56	0.048933
3574.63	0.0512907
3572.7	0.0537189
3570.77	0.0562217
3568.85	0.0588434
3566.92	0.0616658
3564.99	0.0645826
3563.06	0.0675153
3561.13	0.0707554
3559.21	0.0742844
3557.28	0.0777863
3555.35	0.0813402
3553.42	0.08516
3551.49	0.0891841
3549.56	0.0932414
3547.64	0.097466
3545.71	0.101934
3543.78	0.106686
3541.85	0.111607
3539.93	0.116591
3538	0.121985
3536.07	0.127752
3534.14	0.133592
3532.21	0.139515
3530.28	0.145808
3528.36	0.152616
3526.43	0.1596
3524.5	0.166983
3522.57	0.174533
3520.65	0.18222
3518.72	0.190151
3516.79	0.198463
3514.86	0.207212
3512.93	0.216155
3511	0.225211
3509.08	0.234552
3507.15	0.244126
3505.22	0.253786
3503.29	0.263705
3501.37	0.273778
3499.44	0.283821
3497.51	0.294157
3495.58	0.304531
3493.65	0.314457
3491.72	0.324288
3489.8	0.334302
3487.87	0.34414
3485.94	0.353638
3484.01	0.362948
3482.08	0.372025
3480.16	0.380403
3478.23	0.388271
3476.3	0.395637
3474.37	0.402229
3472.44	0.408348
3470.52	0.41374
3468.59	0.418796
3466.66	0.423512
3464.73	0.427254
3462.81	0.430235
3460.88	0.432681
3458.95	0.434287
3457.02	0.435601
3455.09	0.436431
3453.16	0.436623
3451.24	0.436439
3449.31	0.436124
3447.38	0.435315
3445.45	0.43405
3443.52	0.43273
3441.6	0.431214
3439.67	0.429417
3437.74	0.427431
3435.81	0.425267
3433.88	0.423236
3431.96	0.421053
3430.03	0.418557
3428.1	0.416142
3426.17	0.413552
3424.24	0.410943
3422.32	0.408412
3420.39	0.405632
3418.46	0.402707
3416.53	0.399482
3414.6	0.396551
3412.68	0.394088
3410.75	0.391725
3408.82	0.389587
3406.89	0.387713
3404.96	0.385867
3403.04	0.383977
3401.11	0.382352
3399.18	0.380814
3397.25	0.37916
3395.32	0.377586
3393.4	0.376388
3391.47	0.375322
3389.54	0.374093
3387.61	0.373042
3385.68	0.372287
3383.76	0.371661
3381.83	0.370849
3379.9	0.3699
3377.97	0.369342
3376.04	0.368835
3374.12	0.367963
3372.19	0.367313
3370.26	0.36679
3368.33	0.366282
3366.4	0.365612
3364.48	0.364826
3362.55	0.36441
3360.62	0.364029
3358.69	0.363528
3356.76	0.363008
3354.84	0.362479
3352.91	0.361959
3350.98	0.361275
3349.05	0.360551
3347.12	0.359924
3345.2	0.359487
3343.27	0.358954
3341.34	0.358471
3339.41	0.358195
3337.48	0.357509
3335.56	0.356855
3333.63	0.356358
3331.7	0.355634
3329.77	0.355321
3327.84	0.355051
3325.92	0.354505
3323.99	0.35406
3322.06	0.353583
3320.13	0.353304
3318.2	0.353129
3316.28	0.352655
3314.35	0.35228
3312.42	0.352199
3310.49	0.352016
3308.56	0.352051
3306.64	0.352128
3304.71	0.352171
3302.78	0.352272
3300.85	0.352486
3298.92	0.352644
3297	0.352885
3295.07	0.353452
3293.14	0.35413
3291.21	0.354746
3289.28	0.355404
3287.36	0.356268
3285.43	0.357227
3283.5	0.358244
3281.57	0.359196
3279.64	0.360358
3277.72	0.361799
3275.79	0.363381
3273.86	0.36501
3271.93	0.366697
3270	0.368442
3268.08	0.370377
3266.15	0.372472
3264.22	0.374347
3262.29	0.3763
3260.36	0.378461
3258.44	0.380787
3256.51	0.383108
3254.58	0.385188
3252.65	0.387432
3250.72	0.389681
3248.8	0.391931
3246.87	0.394268
3244.94	0.396366
3243.01	0.398519
3241.08	0.400594
3239.16	0.402555
3237.23	0.404651
3235.3	0.406823
3233.37	0.408847
3231.44	0.410743
3229.52	0.412605
3227.59	0.414248
3225.66	0.41568
3223.73	0.417127
3221.8	0.418598
3219.88	0.420257
3217.95	0.42208
3216.02	0.423791
3214.09	0.425276
3212.16	0.426588
3210.24	0.427984
3208.31	0.429457
3206.38	0.430657
3204.45	0.431514
3202.52	0.432405
3200.6	0.433688
3198.67	0.43493
3196.74	0.435937
3194.81	0.43683
3192.88	0.437808
3190.96	0.438858
3189.03	0.439774
3187.1	0.440438
3185.17	0.441111
3183.24	0.442005
3181.32	0.442845
3179.39	0.443338
3177.46	0.444003
3175.53	0.44502
3173.6	0.445389
3171.68	0.44551
3169.75	0.445863
3167.82	0.446407
3165.89	0.447094
3163.96	0.447263
3162.04	0.446926
3160.11	0.446888
3158.18	0.446793
3156.25	0.446638
3154.32	0.446494
3152.4	0.446048
3150.47	0.445309
3148.54	0.444628
3146.61	0.443773
3144.68	0.442404
3142.76	0.441214
3140.83	0.439884
3138.9	0.438195
3136.97	0.436525
3135.04	0.434712
3133.12	0.432786
3131.19	0.430488
3129.26	0.427833
3127.33	0.425125
3125.4	0.422461
3123.48	0.419265
3121.55	0.41592
3119.62	0.412465
3117.69	0.408618
3115.76	0.404843
3113.84	0.400672
3111.91	0.396177
3109.98	0.391316
3108.05	0.386293
3106.12	0.381185
3104.2	0.375565
3102.27	0.369762
3100.34	0.363948
3098.41	0.357752
3096.48	0.351005
3094.56	0.344419
3092.63	0.337572
3090.7	0.330322
3088.77	0.322911
3086.84	0.315444
3084.92	0.307762
3082.99	0.299814
3081.06	0.291827
3079.13	0.283825
3077.2	0.275839
3075.28	0.267887
3073.35	0.259921
3071.42	0.251978
3069.49	0.243906
3067.56	0.236004
3065.63	0.228338
3063.71	0.220767
3061.78	0.213461
3059.85	0.206219
3057.92	0.199111
3055.99	0.19225
3054.07	0.185718
3052.14	0.179607
3050.21	0.173474
3048.28	0.167543
3046.35	0.161751
3044.43	0.156272
3042.5	0.151102
3040.57	0.146057
3038.64	0.141288
3036.71	0.136794
3034.79	0.132505
3032.86	0.128439
3030.93	0.124445
3029	0.120613
3027.07	0.117174
3025.15	0.11393
3023.22	0.110721
3021.29	0.107488
3019.36	0.104483
3017.43	0.101871
3015.51	0.0994768
3013.58	0.0970552
3011.65	0.0947671
3009.72	0.0924299
3007.79	0.0901314
3005.87	0.0881408
3003.94	0.0862817
3002.01	0.0844272
3000.08	0.0827151
2998.15	0.0811165
2996.23	0.0795745
2994.3	0.0780923
2992.37	0.0765524
2990.44	0.0751348
2988.51	0.0740373
2986.59	0.0730516
2984.66	0.0718729
2982.73	0.0706643
2980.8	0.0696515
2978.87	0.0685704
2976.95	0.0676218
2975.02	0.0667812
2973.09	0.0657977
2971.16	0.0648974
2969.23	0.0642645
2967.31	0.0636716
2965.38	0.0628987
2963.45	0.0620872
2961.52	0.0614427
2959.59	0.0609052
2957.67	0.0603351
2955.74	0.0597986
2953.81	0.0590272
2951.88	0.0584871
2949.95	0.0580153
2948.03	0.0574825
2946.1	0.0569558
2944.17	0.0564223
2942.24	0.0559225
2940.31	0.0554101
2938.39	0.0549705
2936.46	0.054559
2934.53	0.0541512
2932.6	0.0536777
2930.67	0.0532505
2928.75	0.0528834
2926.82	0.0525418
2924.89	0.0521487
2922.96	0.0519114
2921.03	0.0515709
2919.11	0.0511459
2917.18	0.0507151
2915.25	0.0503744
2913.32	0.0501073
2911.39	0.0498249
2909.47	0.0493637
2907.54	0.0489877
2905.61	0.0487094
2903.68	0.0482984
2901.75	0.0477873
2899.83	0.0474311
2897.9	0.0471674
2895.97	0.0468469
2894.04	0.0465394
2892.11	0.0461633
2890.19	0.0458974
2888.26	0.0455031
2886.33	0.0450824
2884.4	0.0448092
2882.47	0.0445141
2880.55	0.0440427
2878.62	0.0435721
2876.69	0.0432502
2874.76	0.0430511
2872.83	0.0427085
2870.91	0.0422554
2868.98	0.0418309
2867.05	0.0415272
2865.12	0.0412257
2863.19	0.0408074
2861.27	0.0404107
2859.34	0.0401585
2857.41	0.0398101
2855.48	0.039421
2853.55	0.0389567
2851.63	0.038434
2849.7	0.0380822
2847.77	0.0377074
2845.84	0.037319
2843.91	0.0370946
2841.99	0.0368507
2840.06	0.0364484
2838.13	0.0360356
2836.2	0.0357242
2834.27	0.035217
2832.35	0.0347148
2830.42	0.0343202
2828.49	0.0339607
2826.56	0.0335575
2824.63	0.0332133
2822.71	0.0328327
2820.78	0.0323381
2818.85	0.0319066
2816.92	0.0316096
2814.99	0.0311287
2813.07	0.030766
2811.14	0.030539
2809.21	0.0301258
2807.28	0.0297256
2805.35	0.0293009
2803.43	0.0289742
2801.5	0.0287606
2799.57	0.0283323
2797.64	0.0278883
2795.71	0.0275534
2793.79	0.0272535
2791.86	0.0269911
2789.93	0.0265917
2788	0.0261315
2786.07	0.0257766
2784.15	0.0253778
2782.22	0.0250013
2780.29	0.0247334
2778.36	0.0244579
2776.43	0.0240601
2774.51	0.0238054
2772.58	0.0235538
2770.65	0.0231352
2768.72	0.0227209
2766.79	0.0223944
2764.87	0.0221558
2762.94	0.0218208
2761.01	0.0214228
2759.08	0.0211618
2757.15	0.02088
2755.23	0.0206532
2753.3	0.0203074
2751.37	0.0198726
2749.44	0.0194787
2747.51	0.0193696
2745.59	0.0191471
2743.66	0.0187333
2741.73	0.0184865
2739.8	0.0181915
2737.87	0.0179062
2735.95	0.0176702
2734.02	0.017441
2732.09	0.0172008
2730.16	0.0169463
2728.23	0.0168193
2726.31	0.0165492
2724.38	0.0162623
2722.45	0.0159884
2720.52	0.0156279
2718.59	0.0154017
2716.67	0.0152642
2714.74	0.0150792
2712.81	0.014781
2710.88	0.0145532
2708.95	0.0143691
2707.02	0.0142721
2705.1	0.0141209
2703.17	0.0137725
2701.24	0.0135624
2699.31	0.0135212
2697.39	0.0134256
2695.46	0.01325
2693.53	0.0130705
2691.6	0.0129048
2689.67	0.0127043
2687.75	0.0125444
2685.82	0.0125042
2683.89	0.0123895
2681.96	0.0121636
2680.03	0.0119806
2678.11	0.011821
2676.18	0.0117198
2674.25	0.0116141
2672.32	0.0114159
2670.39	0.0112776
2668.46	0.0111986
2666.54	0.0112594
2664.61	0.0113413
2662.68	0.0111519
2660.75	0.0110621
2658.83	0.0109969
2656.9	0.0108022
2654.97	0.0106717
2653.04	0.0105975
2651.11	0.0105838
2649.19	0.010591
2647.26	0.0104701
2645.33	0.0104427
2643.4	0.0104724
2641.47	0.0104382
2639.55	0.010506
2637.62	0.0104535
2635.69	0.0102861
2633.76	0.0101569
2631.83	0.0100002
2629.9	0.00994185
2627.98	0.00993252
2626.05	0.00993256
2624.12	0.0100755
2622.19	0.0100726
2620.27	0.00998714
2618.34	0.0099887
2616.41	0.00993398
2614.48	0.00999626
2612.55	0.0100683
2610.62	0.0100227
2608.7	0.00996297
2606.77	0.00982283
2604.84	0.00972493
2602.91	0.00986157
2600.98	0.0100133
2599.06	0.0099471
2597.13	0.00989947
2595.2	0.00993774
2593.27	0.00991893
2591.34	0.00988418
2589.42	0.00992991
2587.49	0.00995215
2585.56	0.00990774
2583.63	0.00984402
2581.71	0.00976475
2579.78	0.0098347
2577.85	0.00993734
2575.92	0.0100518
2573.99	0.0100707
2572.06	0.00999446
2570.14	0.0100364
2568.21	0.0101831
2566.28	0.0102244
2564.35	0.0101894
2562.42	0.0102451
2560.5	0.0102896
2558.57	0.0102238
2556.64	0.0102283
2554.71	0.010374
2552.78	0.0104734
2550.86	0.0105249
2548.93	0.010508
2547	0.0104831
2545.07	0.0105495
2543.15	0.0106012
2541.22	0.0105836
2539.29	0.010581
2537.36	0.0107085
2535.43	0.0107247
2533.5	0.0107268
2531.58	0.0109584
2529.65	0.0111633
2527.72	0.0112071
2525.79	0.0110741
2523.86	0.0111126
2521.94	0.0112404
2520.01	0.0112338
2518.08	0.011233
2516.15	0.0113655
2514.22	0.0113718
2512.3	0.0114499
2510.37	0.0116061
2508.44	0.0117067
2506.51	0.0117776
2504.58	0.0117238
2502.66	0.0116317
2500.73	0.0116329
2498.8	0.0117588
2496.87	0.0119715
2494.94	0.011983
2493.02	0.0120416
2491.09	0.012164
2489.16	0.0122055
2487.23	0.0122428
2485.3	0.0124506
2483.38	0.0125677
2481.45	0.0125537
2479.52	0.0126466
2477.59	0.0127131
2475.66	0.0126894
2473.74	0.0127992
2471.81	0.0129101
2469.88	0.0130714
2467.95	0.013197
2466.02	0.0133118
2464.1	0.0133217
2462.17	0.0133111
2460.24	0.0134663
2458.31	0.0136122
2456.38	0.0136273
2454.46	0.0135827
2452.53	0.0135033
2450.6	0.0136568
2448.67	0.0138232
2446.74	0.0139707
2444.82	0.0142062
2442.89	0.0144502
2440.96	0.0145413
2439.03	0.0145067
2437.1	0.0145114
2435.18	0.0146545
2433.25	0.0147422
2431.32	0.0148878
2429.39	0.0149953
2427.46	0.0149599
2425.54	0.0150214
2423.61	0.0150863
2421.68	0.0150332
2419.75	0.0150176
2417.82	0.015375
2415.9	0.0155247
2413.97	0.0154336
2412.04	0.0155303
2410.11	0.0156228
2408.18	0.0156966
2406.26	0.0157322
2404.33	0.0159211
2402.4	0.0159861
2400.47	0.0160654
2398.54	0.0162248
2396.62	0.0163246
2394.69	0.0164347
2392.76	0.0165453
2390.83	0.0165841
2388.9	0.0167979
2386.98	0.0169697
2385.05	0.0170177
2383.12	0.0170802
2381.19	0.0171518
2379.26	0.0173105
2377.34	0.0174966
2375.41	0.0176812
2373.48	0.0177737
2371.55	0.0177547
2369.62	0.0178658
2367.7	0.0181919
2365.77	0.0184003
2363.84	0.0184435
2361.91	0.0185346
2359.98	0.0186014
2358.06	0.0185704
2356.13	0.0187714
2354.2	0.0189648
2352.27	0.0190594
2350.34	0.019138
2348.42	0.0192147
2346.49	0.0193801
2344.56	0.0197963
2342.63	0.0202256
2340.7	0.0203444
2338.78	0.0202603
2336.85	0.0202428
2334.92	0.0204667
2332.99	0.0205765
2331.06	0.0206289
2329.14	0.0208415
2327.21	0.0211332
2325.28	0.0212513
2323.35	0.0214938
2321.42	0.021673
2319.5	0.0216837
2317.57	0.0218253
2315.64	0.0221194
2313.71	0.0223227
2311.78	0.0224343
2309.86	0.0226112
2307.93	0.0227064
2306	0.022869
2304.07	0.0230736
2302.14	0.0234558
2300.22	0.0236801
2298.29	0.0238047
2296.36	0.0240278
2294.43	0.0242135
2292.5	0.0243441
2290.58	0.0245783
2288.65	0.0248394
2286.72	0.0249517
2284.79	0.0251185
2282.86	0.0254076
2280.94	0.025647
2279.01	0.0257073
2277.08	0.0257693
2275.15	0.0259605
2273.22	0.0262046
2271.3	0.0264384
2269.37	0.0265346
2267.44	0.0265123
2265.51	0.0266028
2263.58	0.0269792
2261.66	0.0274242
2259.73	0.0275553
2257.8	0.0275267
2255.87	0.0275554
2253.94	0.0276406
2252.02	0.0277533
2250.09	0.0278401
2248.16	0.0278029
2246.23	0.0277775
2244.3	0.0278921
2242.38	0.0281393
2240.45	0.0283164
2238.52	0.0281307
2236.59	0.0280712
2234.66	0.0282705
2232.74	0.0281038
2230.81	0.0277632
2228.88	0.027663
2226.95	0.0276693
2225.02	0.0277392
2223.1	0.0276759
2221.17	0.0274992
2219.24	0.0274394
2217.31	0.0272477
2215.38	0.0269204
2213.46	0.026678
2211.53	0.026575
2209.6	0.0264099
2207.67	0.0262165
2205.74	0.0259637
2203.81	0.0257575
2201.89	0.0255664
2199.96	0.0252737
2198.03	0.0247898
2196.1	0.024552
2194.18	0.0244067
2192.25	0.0240297
2190.32	0.023575
2188.39	0.0232748
2186.46	0.0230091
2184.54	0.0227763
2182.61	0.0225102
2180.68	0.0222517
2178.75	0.0220685
2176.82	0.0216894
2174.9	0.0214077
2172.97	0.0212504
2171.04	0.0209715
2169.11	0.0206832
2167.18	0.0202964
2165.25	0.0200251
2163.33	0.0196856
2161.4	0.0193125
2159.47	0.0190643
2157.54	0.0189831
2155.62	0.0187762
2153.69	0.018345
2151.76	0.0179452
2149.83	0.0178517
2147.9	0.0177198
2145.98	0.0173218
2144.05	0.017006
2142.12	0.0167484
2140.19	0.0166257
2138.26	0.016501
2136.33	0.0162657
2134.41	0.0160083
2132.48	0.0157003
2130.55	0.0155085
2128.62	0.0153415
2126.69	0.015127
2124.77	0.0148848
2122.84	0.014736
2120.91	0.0144146
2118.98	0.0140699
2117.05	0.0140614
2115.13	0.0140259
2113.2	0.01385
2111.27	0.0136284
2109.34	0.013338
2107.41	0.013168
2105.49	0.013059
2103.56	0.0129617
2101.63	0.0129625
2099.7	0.012967
2097.77	0.0127142
2095.85	0.0123197
2093.92	0.01219
2091.99	0.0122063
2090.06	0.0121513
2088.13	0.0119304
2086.21	0.0117341
2084.28	0.0116442
2082.35	0.0115086
2080.42	0.0114181
2078.49	0.0114339
2076.57	0.0114204
2074.64	0.0112832
2072.71	0.0110927
2070.78	0.0110026
2068.85	0.0110099
2066.93	0.0109578
2065	0.0107754
2063.07	0.010631
2061.14	0.0106694
2059.21	0.0106092
2057.29	0.0104285
2055.36	0.0102526
2053.43	0.0101313
2051.5	0.0102015
2049.57	0.0103925
2047.65	0.010283
2045.72	0.0101191
2043.79	0.0100241
2041.86	0.00996388
2039.93	0.00990595
2038.01	0.00985547
2036.08	0.00982361
2034.15	0.00985646
2032.22	0.00980809
2030.29	0.00972679
2028.37	0.00976282
2026.44	0.00976766
2024.51	0.00965171
2022.58	0.00944029
2020.65	0.0093679
2018.73	0.00936631
2016.8	0.00928916
2014.87	0.00932166
2012.94	0.00948794
2011.01	0.00942763
2009.09	0.00944829
2007.16	0.00953674
2005.23	0.0094962
2003.3	0.00946413
2001.37	0.00955991
1999.45	0.00968054
1997.52	0.00956455
1995.59	0.00938141
1993.66	0.00942208
1991.73	0.00949597
1989.81	0.00962444
1987.88	0.00960005
1985.95	0.00937992
1984.02	0.00935125
1982.09	0.00937803
1980.17	0.00954796
1978.24	0.00959497
1976.31	0.00941219
1974.38	0.00945553
1972.45	0.00960899
1970.53	0.00971751
1968.6	0.00967577
1966.67	0.00960354
1964.74	0.00964084
1962.81	0.00965967
1960.89	0.00968312
1958.96	0.0097253
1957.03	0.00974604
1955.1	0.00972493
1953.17	0.00985032
1951.25	0.00997039
1949.32	0.00995225
1947.39	0.0100188
1945.46	0.0100962
1943.53	0.0101361
1941.61	0.0101406
1939.68	0.0102321
1937.75	0.0102571
1935.82	0.0102781
1933.89	0.0102631
1931.97	0.0103785
1930.04	0.0104087
1928.11	0.010429
1926.18	0.0105411
1924.25	0.0104952
1922.33	0.0102971
1920.4	0.0103348
1918.47	0.0105959
1916.54	0.0107953
1914.61	0.0109171
1912.69	0.0110382
1910.76	0.0111532
1908.83	0.0111388
1906.9	0.0112584
1904.97	0.0113185
1903.05	0.0112824
1901.12	0.0111903
1899.19	0.0113161
1897.26	0.0114805
1895.33	0.0114938
1893.41	0.0114866
1891.48	0.011589
1889.55	0.0117135
1887.62	0.0118541
1885.69	0.0120323
1883.77	0.0122893
1881.84	0.0125489
1879.91	0.0126216
1877.98	0.0125989
1876.05	0.012602
1874.13	0.0126385
1872.2	0.0126535
1870.27	0.0128253
1868.34	0.0129675
1866.41	0.0130492
1864.49	0.0132139
1862.56	0.0133513
1860.63	0.0136235
1858.7	0.0138304
1856.77	0.0139001
1854.85	0.0140493
1852.92	0.0141544
1850.99	0.0141444
1849.06	0.014249
1847.13	0.0144437
1845.21	0.0146854
1843.28	0.0146726
1841.35	0.0148116
1839.42	0.0151052
1837.49	0.015216
1835.57	0.0153989
1833.64	0.0158232
1831.71	0.0161262
1829.78	0.0162206
1827.85	0.0162382
1825.93	0.0163416
1824	0.0165749
1822.07	0.0168415
1820.14	0.0169829
1818.21	0.0172227
1816.29	0.0175306
1814.36	0.0177479
1812.43	0.017828
1810.5	0.0179165
1808.57	0.0181238
1806.65	0.0183177
1804.72	0.0185463
1802.79	0.0190069
1800.86	0.0194405
1798.93	0.0196817
1797.01	0.0197389
1795.08	0.0199695
1793.15	0.0202815
1791.22	0.0206227
1789.29	0.0209169
1787.37	0.0212228
1785.44	0.0217169
1783.51	0.0221761
1781.58	0.0224559
1779.65	0.022706
1777.73	0.0230345
1775.8	0.0235814
1773.87	0.0241749
1771.94	0.0246267
1770.01	0.0250241
1768.08	0.0254329
1766.16	0.0257776
1764.23	0.0264307
1762.3	0.0268217
1760.37	0.027103
1758.45	0.0277552
1756.52	0.0284748
1754.59	0.0291049
1752.66	0.0297945
1750.73	0.0304322
1748.81	0.0311731
1746.88	0.0317827
1744.95	0.0323685
1743.02	0.0330783
1741.09	0.0337855
1739.17	0.0345166
1737.24	0.0355334
1735.31	0.036307
1733.38	0.0367896
1731.45	0.0376214
1729.52	0.0386547
1727.6	0.0393671
1725.67	0.0402145
1723.74	0.0411332
1721.81	0.0417914
1719.89	0.0426317
1717.96	0.0435545
1716.03	0.0442579
1714.1	0.04488
1712.17	0.0456064
1710.24	0.0463174
1708.32	0.0467242
1706.39	0.0473678
1704.46	0.0482224
1702.53	0.0490455
1700.6	0.0496038
1698.68	0.049914
1696.75	0.0503129
1694.82	0.0506978
1692.89	0.05101
1690.96	0.051556
1689.04	0.0519634
1687.11	0.0519624
1685.18	0.052003
1683.25	0.052351
1681.33	0.0525475
1679.4	0.0527424
1677.47	0.0529732
1675.54	0.0530149
1673.61	0.0529872
1671.68	0.0530699
1669.76	0.0532447
1667.83	0.0536593
1665.9	0.0540169
1663.97	0.0542215
1662.04	0.0543103
1660.12	0.0545546
1658.19	0.0548976
1656.26	0.0552607
1654.33	0.0555416
1652.4	0.0556121
1650.48	0.0560296
1648.55	0.0565421
1646.62	0.0570114
1644.69	0.0575293
1642.76	0.0578737
1640.84	0.05809
1638.91	0.0582247
1636.98	0.0586177
1635.05	0.0588404
1633.12	0.0586297
1631.2	0.0582555
1629.27	0.057845
1627.34	0.0572802
1625.41	0.0565045
1623.48	0.0560093
1621.56	0.0556136
1619.63	0.0549464
1617.7	0.0543199
1615.77	0.0536718
1613.84	0.0531758
1611.92	0.052884
1609.99	0.0524977
1608.06	0.0520125
1606.13	0.0516864
1604.2	0.0513085
1602.28	0.0510716
1600.35	0.0510806
1598.42	0.0508286
1596.49	0.0504413
1594.56	0.0499923
1592.64	0.0495397
1590.71	0.049302
1588.78	0.0491434
1586.85	0.0490879
1584.92	0.0488399
1583	0.0486512
1581.07	0.0485628
1579.14	0.0483772
1577.21	0.0480858
1575.28	0.04777
1573.36	0.0474661
1571.43	0.0472085
1569.5	0.0470543
1567.57	0.047122
1565.64	0.0471018
1563.72	0.0467941
1561.79	0.0463821
1559.86	0.0463385
1557.93	0.0461056
1556	0.0458907
1554.08	0.0458161
1552.15	0.0456564
1550.22	0.0455275
1548.29	0.0452638
1546.36	0.0449396
1544.44	0.0447713
1542.51	0.0448556
1540.58	0.0448866
1538.65	0.044613
1536.72	0.0443187
1534.8	0.0441565
1532.87	0.044109
1530.94	0.0439108
1529.01	0.0436324
1527.08	0.0435777
1525.16	0.0435031
1523.23	0.043225
1521.3	0.0431538
1519.37	0.0428678
1517.44	0.0425993
1515.52	0.0426112
1513.59	0.0424262
1511.66	0.042009
1509.73	0.0417544
1507.8	0.0414704
1505.88	0.0415905
1503.95	0.0415702
1502.02	0.0414361
1500.09	0.0412395
1498.16	0.0406581
1496.24	0.0404246
1494.31	0.0403992
1492.38	0.0401858
1490.45	0.0400724
1488.52	0.0398391
1486.6	0.039518
1484.67	0.0393885
1482.74	0.0394421
1480.81	0.0392496
1478.88	0.0390048
1476.96	0.0389259
1475.03	0.0389891
1473.1	0.0390664
1471.17	0.0387324
1469.24	0.0383401
1467.32	0.0383219
1465.39	0.0379946
1463.46	0.0376906
1461.53	0.0375799
1459.6	0.0375943
1457.68	0.0374654
1455.75	0.0372252
1453.82	0.0369398
1451.89	0.0368699
1449.96	0.0369498
1448.04	0.036693
1446.11	0.0362473
1444.18	0.0361709
1442.25	0.0363018
1440.32	0.0360737
1438.4	0.0357598
1436.47	0.0356015
1434.54	0.0353356
1432.61	0.0350431
1430.68	0.0350013
1428.76	0.035159
1426.83	0.0347886
1424.9	0.0343153
1422.97	0.0341788
1421.04	0.0343602
1419.12	0.034337
1417.19	0.0340052
1415.26	0.0337688
1413.33	0.0335359
1411.4	0.0333247
1409.48	0.0331814
1407.55	0.0329558
1405.62	0.0329242
1403.69	0.0328878
1401.76	0.0328662
1399.84	0.0326122
1397.91	0.032158
1395.98	0.0320059
1394.05	0.0322005
1392.12	0.0321122
1390.2	0.0318652
1388.27	0.0318152
1386.34	0.0315064
1384.41	0.0310982
1382.48	0.0308169
1380.56	0.0309509
1378.63	0.0310413
1376.7	0.0307638
1374.77	0.0306723
1372.84	0.0306211
1370.92	0.0303939
1368.99	0.0300901
1367.06	0.0298928
1365.13	0.0298556
1363.2	0.0298615
1361.28	0.0298597
1359.35	0.029598
1357.42	0.0292635
1355.49	0.0291852
1353.56	0.0292377
1351.64	0.0291817
1349.71	0.0289471
1347.78	0.0289747
1345.85	0.0288917
1343.92	0.0285031
1342	0.0284087
1340.07	0.0286542
1338.14	0.0285172
1336.21	0.0281045
1334.28	0.0277564
1332.36	0.0277867
1330.43	0.0278449
1328.5	0.0275495
1326.57	0.0273339
1324.64	0.0273128
1322.72	0.0273111
1320.79	0.0274924
1318.86	0.027228
1316.93	0.0267445
1315	0.026607
1313.08	0.0267012
1311.15	0.0267925
1309.22	0.0266136
1307.29	0.0263304
1305.36	0.0263164
1303.44	0.0261669
1301.51	0.0259307
1299.58	0.0259876
1297.65	0.026201
1295.72	0.0259439
1293.8	0.0257209
1291.87	0.0257171
1289.94	0.0256842
1288.01	0.0255302
1286.08	0.0252785
1284.15	0.0251241
1282.23	0.0250953
1280.3	0.0252272
1278.37	0.0250932
1276.44	0.0249204
1274.52	0.0250697
1272.59	0.0253188
1270.66	0.0251649
1268.73	0.0246827
1266.8	0.0242692
1264.88	0.0240921
1262.95	0.0243223
1261.02	0.0242528
1259.09	0.0241809
1257.16	0.024291
1255.24	0.02456
1253.31	0.024454
1251.38	0.024149
1249.45	0.0240365
1247.52	0.0241397
1245.59	0.0239667
1243.67	0.0238187
1241.74	0.023578
1239.81	0.0233832
1237.88	0.0231024
1235.96	0.0232482
1234.03	0.0236053
1232.1	0.0236494
1230.17	0.023164
1228.24	0.0231374
1226.31	0.0236087
1224.39	0.023741
1222.46	0.0234055
1220.53	0.0233465
1218.6	0.023455
1216.68	0.0237766
1214.75	0.0236285
1212.82	0.0235319
1210.89	0.023903
1208.96	0.0240526
1207.03	0.0237977
1205.11	0.0237086
1203.18	0.0236964
1201.25	0.0237981
1199.32	0.0238882
1197.39	0.0242243
1195.47	0.0243728
1193.54	0.0243121
1191.61	0.0244756
1189.68	0.0245165
1187.75	0.0249288
1185.83	0.0253075
1183.9	0.0252795
1181.97	0.0254201
1180.04	0.0258216
1178.11	0.026268
1176.19	0.0265161
1174.26	0.0265178
1172.33	0.0270158
1170.4	0.0278691
1168.47	0.0286248
1166.55	0.0296301
1164.62	0.0304159
1162.69	0.0307979
1160.76	0.0313311
1158.83	0.0319451
1156.91	0.0322427
1154.98	0.0333429
1153.05	0.0349594
1151.12	0.0362286
1149.19	0.0371873
1147.27	0.0381924
1145.34	0.0393682
1143.41	0.0404462
1141.48	0.0416514
1139.55	0.042908
1137.63	0.0440478
1135.7	0.0450895
1133.77	0.0463292
1131.84	0.0477784
1129.91	0.0485071
1127.99	0.0495008
1126.06	0.0504428
1124.13	0.051112
1122.2	0.0516371
1120.27	0.0518103
1118.35	0.051863
1116.42	0.0518566
1114.49	0.05173
1112.56	0.051504
1110.63	0.051133
1108.71	0.0502004
1106.78	0.0489938
1104.85	0.0480037
1102.92	0.0464958
1100.99	0.0453007
1099.07	0.0437324
1097.14	0.0419281
1095.21	0.0405215
1093.28	0.0389977
1091.35	0.0370897
1089.43	0.0357345
1087.5	0.034499
1085.57	0.0335621
1083.64	0.0320217
1081.71	0.0305224
1079.79	0.0298249
1077.86	0.0293229
1075.93	0.0289142
1074	0.0275221
1072.07	0.026477
1070.15	0.0269176
1068.22	0.0268728
1066.29	0.0263166
1064.36	0.0253331
1062.43	0.0254487
1060.51	0.0257563
1058.58	0.0256932
1056.65	0.0254871
1054.72	0.0253722
1052.79	0.0256357
1050.87	0.0252888
1048.94	0.0253775
1047.01	0.0262427
1045.08	0.0267185
1043.15	0.0259648
1041.23	0.0254467
1039.3	0.025744
1037.37	0.0262869
1035.44	0.026902
1033.51	0.0274539
1031.59	0.0279469
1029.66	0.0276885
1027.73	0.0278152
1025.8	0.0291014
1023.87	0.0301762
1021.95	0.030531
1020.02	0.0310338
1018.09	0.0315678
1016.16	0.0317239
1014.23	0.0320936
1012.31	0.0335989
1010.38	0.0348977
1008.45	0.0359666
1006.52	0.0370093
1004.59	0.03787
1002.67	0.0389795
1000.74	0.0405588
998.81	0.0422227
996.882	0.0439581
994.954	0.045474
993.026	0.0466962
991.098	0.0481709
989.17	0.0498693
987.242	0.0512803
985.314	0.0536586
983.386	0.0564881
981.458	0.0585629
979.53	0.0600474
977.602	0.0619277
975.673	0.0641935
973.746	0.0670498
971.817	0.0696555
969.89	0.0722722
967.962	0.0750649
966.034	0.0775421
964.106	0.0798748
962.178	0.0830984
960.25	0.0869331
958.322	0.0905677
956.394	0.0929835
954.465	0.0956238
952.538	0.0989671
950.609	0.102393
948.682	0.105497
946.754	0.108468
944.826	0.111652
942.898	0.114961
940.97	0.118032
939.042	0.120983
937.113	0.123146
935.186	0.125604
933.257	0.12814
931.33	0.130542
929.401	0.133076
927.474	0.134839
925.546	0.136085
923.618	0.138209
921.69	0.13958
919.761	0.14147
917.833	0.143017
915.905	0.143897
913.978	0.144634
912.049	0.145372
910.122	0.145685
908.193	0.145859
906.266	0.146377
904.338	0.146728
902.409	0.146882
900.481	0.146976
898.553	0.147274
896.625	0.147198
894.697	0.146247
892.77	0.145063
890.841	0.144965
888.914	0.145749
886.985	0.145386
885.058	0.14492
883.129	0.143704
881.201	0.142552
879.273	0.142458
877.345	0.142176
875.417	0.140901
873.489	0.13955
871.562	0.13941
869.633	0.139451
867.706	0.138226
865.777	0.136517
863.849	0.135461
861.921	0.134552
859.993	0.133072
858.065	0.132146
856.137	0.131435
854.209	0.130455
852.281	0.129338
850.354	0.127759
848.425	0.126188
846.497	0.125153
844.569	0.124605
842.641	0.123684
840.713	0.122547
838.785	0.121931
836.857	0.120653
834.929	0.119342
833.001	0.117483
831.073	0.115901
829.145	0.114789
827.217	0.113629
825.289	0.112722
823.361	0.111246
821.433	0.109445
819.505	0.108181
817.577	0.106735
815.649	0.106015
813.721	0.105228
811.793	0.103442
809.865	0.102151
807.937	0.100786
806.009	0.0996395
804.081	0.099306
802.153	0.0984519
800.225	0.0969257
798.297	0.0960024
796.369	0.0950328
794.441	0.0931471
792.513	0.091551
790.585	0.0907871
788.657	0.0900912
786.729	0.0885984
784.801	0.0877591
782.873	0.0859449
780.945	0.0844477
779.017	0.0834121
777.089	0.081488
775.161	0.0801535
773.232	0.0794943
771.305	0.078363
769.377	0.0772914
767.449	0.0760682
765.521	0.0748484
763.593	0.0735045
761.665	0.0724705
759.737	0.0711826
757.809	0.0710376
755.881	0.070426
753.953	0.0679494
752.024	0.0659464
750.097	0.0650477
748.169	0.0647263
746.241	0.0640274
744.313	0.0624441
742.385	0.0613548
740.457	0.0604253
738.529	0.0592459
736.601	0.0576873
734.672	0.0571605
732.745	0.0564157
730.816	0.0552727
728.889	0.0543553
726.961	0.0532086
725.033	0.051517
723.105	0.0501215
721.177	0.0492031
719.249	0.0494521
717.32	0.0491435
715.393	0.0485784
713.464	0.0472066
711.537	0.046076
709.608	0.0455215
707.681	0.0446361
705.752	0.0436989
703.825	0.0427955
701.897	0.0416178
699.968	0.0405652
698.041	0.0392333
696.112	0.038371
694.185	0.0377324
692.256	0.0377129
690.329	0.0375886
688.4	0.0373911
686.473	0.0383051
684.544	0.0371203
682.617	0.0348031
680.688	0.0342157
678.76	0.0341258
676.833	0.0329344
674.904	0.031673
672.977	0.0320977
671.048	0.0325039
669.121	0.0314151
667.192	0.0306693
665.265	0.0314742
663.336	0.0315399
661.408	0.0307374
659.48	0.0303408
657.552	0.0292299
655.625	0.027945
653.696	0.0279976
651.769	0.0290291
649.84	0.0281093
647.913	0.0274675
645.984	0.0285133
644.056	0.026281
642.128	0.024656
640.2	0.0250453
638.272	0.0260831
636.344	0.0259832
634.417	0.0256436
632.488	0.0254057
630.561	0.0253055
628.632	0.0246103
626.704	0.0240006
624.776	0.0234022
622.848	0.024304
620.92	0.0229917
618.992	0.0218485
617.064	0.0231866
615.136	0.0238829
613.208	0.0226964
611.28	0.0228286
609.353	0.0214361
607.424	0.0185847
605.496	0.0192699
603.568	0.0206106
601.64	0.0206897
599.712	0.0207668
597.784	0.0210459
595.856	0.0207606
593.928	0.0194809
592	0.0195686
590.072	0.0187793
588.144	0.0184689
586.216	0.0196786
584.288	0.0181425
582.36	0.0160235
580.432	0.0170406
578.504	0.0169448
576.576	0.0156606
574.648	0.0155402
572.72	0.017242
570.792	0.017311
568.864	0.0163669
566.936	0.016755
565.008	0.0169638
563.08	0.0155842
561.152	0.0162131
559.224	0.0167511
557.296	0.0167502
555.368	0.0153936
553.44	0.0149493
551.512	0.0140056
549.583	0.014597
547.656	0.0153998
545.728	0.0155196
543.8	0.0151431
541.872	0.0144206
539.944	0.0131842
538.016	0.0130875
536.088	0.0134771
534.16	0.0130397
532.231	0.0127291
530.304	0.012963
528.375	0.0132171
526.448	0.0127129
524.52	0.0141484
522.592	0.0156745
520.664	0.0127087
518.736	0.0104737
516.808	0.0111783
514.879	0.0123916
512.952	0.00998121
511.023	0.0072621
509.096	0.00658459
507.167	0.00641811
505.24	0.00420127
503.312	0.00468385
501.384	0.00709053
499.456	0.00699341
497.527	0.00445789
495.6	0.00562073
493.671	0.00614725
491.744	0.00622425
489.815	0.008624
487.888	0.00880922
485.959	0.00878481
484.032	0.0101584
482.104	0.00793432
480.176	0.00991734
478.248	0.0147663
476.319	0.0144428
474.392	0.00983212
472.463	0.0131283
470.536	0.0146236
468.607	0.0120841
466.68	0.0127348
464.751	0.0149623
462.824	0.00983097
460.895	0.0046037
458.967	0.00765921
457.04	0.0151108
455.111	0.0174001
453.184	0.0182119
451.255	0.0152673
449.328	0.0188383
447.399	0.0219802
445.472	0.0253417
443.543	0.0220185
441.615	0.0138959
439.687	0.0172643
437.759	0.0252753
435.832	0.0258862
433.903	0.0213211
431.976	0.0185376
430.047	0.0256331
428.12	0.0391462
426.191	0.0397401
424.263	0.0190798
422.335	0.0219158
420.407	0.0353564
418.479	0.0398
416.551	0.0441967
414.624	-0.013071
412.695	-0.043126
410.768	0.031737
408.839	0.0524936
406.912	0.0637248
404.983	0.0909971
403.055	0.0887487
401.127	0.0811426
