mAHl0294.spa, Tue Oct 31 20:57:27 2006 (GMT-10:00)
7999.41	0.0179088
7997.48	0.0187568
7995.55	0.0174415
7993.62	0.0161227
7991.7	0.0172112
7989.77	0.0175295
7987.84	0.0173231
7985.91	0.0149044
7983.98	0.0152522
7982.06	0.0159091
7980.13	0.0129846
7978.2	0.0113658
7976.27	0.0130812
7974.34	0.0156131
7972.42	0.0142995
7970.49	0.0121953
7968.56	0.00987842
7966.63	0.00885944
7964.7	0.0104914
7962.78	0.0113818
7960.85	0.0139574
7958.92	0.0153702
7956.99	0.0129673
7955.06	0.0120688
7953.14	0.011103
7951.21	0.0134291
7949.28	0.0144254
7947.35	0.012161
7945.42	0.0165677
7943.5	0.020123
7941.57	0.015753
7939.64	0.0113677
7937.71	0.0103823
7935.78	0.0113448
7933.86	0.0137186
7931.93	0.0129709
7930	0.0128697
7928.07	0.0152848
7926.14	0.0170782
7924.22	0.0173338
7922.29	0.0161425
7920.36	0.0153404
7918.43	0.0132508
7916.5	0.0119767
7914.58	0.0126919
7912.65	0.0149401
7910.72	0.0153316
7908.79	0.0146794
7906.86	0.0135687
7904.94	0.0145789
7903.01	0.0121494
7901.08	0.0113395
7899.15	0.014253
7897.22	0.0157869
7895.3	0.0149638
7893.37	0.0125924
7891.44	0.0135425
7889.51	0.0143999
7887.58	0.0151695
7885.66	0.0129537
7883.73	0.00985202
7881.8	0.0102255
7879.87	0.0127958
7877.94	0.0147433
7876.02	0.0150729
7874.09	0.0143097
7872.16	0.014244
7870.23	0.0170267
7868.3	0.0188267
7866.38	0.0159074
7864.45	0.0139484
7862.52	0.0133447
7860.59	0.0125933
7858.66	0.0132243
7856.74	0.011419
7854.81	0.0132831
7852.88	0.0166454
7850.95	0.0134572
7849.02	0.012382
7847.1	0.0124231
7845.17	0.0125278
7843.24	0.0117213
7841.31	0.0140185
7839.38	0.016232
7837.46	0.0146306
7835.53	0.0145865
7833.6	0.0154372
7831.67	0.0169173
7829.74	0.0133912
7827.82	0.0113715
7825.89	0.0130446
7823.96	0.0153699
7822.03	0.0177362
7820.1	0.0153338
7818.18	0.012272
7816.25	0.0123601
7814.32	0.00993178
7812.39	0.00848886
7810.46	0.0117656
7808.54	0.0148033
7806.61	0.0161523
7804.68	0.0167335
7802.75	0.0181123
7800.82	0.0177283
7798.9	0.015497
7796.97	0.0145782
7795.04	0.0157302
7793.11	0.0126601
7791.18	0.0121288
7789.26	0.0141071
7787.33	0.0125993
7785.4	0.0106534
7783.47	0.0113286
7781.54	0.0113293
7779.62	0.0125599
7777.69	0.0137199
7775.76	0.0142232
7773.83	0.014818
7771.9	0.016297
7769.98	0.0157785
7768.05	0.0131622
7766.12	0.0106901
7764.19	0.0101282
7762.26	0.013244
7760.34	0.0156772
7758.41	0.0145884
7756.48	0.013382
7754.55	0.0124347
7752.62	0.0125915
7750.7	0.0116981
7748.77	0.0123348
7746.84	0.0128645
7744.91	0.0132599
7742.98	0.0134557
7741.06	0.0115959
7739.13	0.0119871
7737.2	0.0134508
7735.27	0.0129747
7733.34	0.0129959
7731.42	0.0145066
7729.49	0.0136984
7727.56	0.0133651
7725.63	0.0148614
7723.7	0.0148231
7721.78	0.0139244
7719.85	0.0133758
7717.92	0.0120477
7715.99	0.0112767
7714.06	0.0128309
7712.14	0.0138342
7710.21	0.0139405
7708.28	0.0132642
7706.35	0.0146089
7704.42	0.0165575
7702.5	0.0166333
7700.57	0.0141269
7698.64	0.0131253
7696.71	0.0141212
7694.78	0.0155968
7692.86	0.0163488
7690.93	0.013144
7689	0.0117224
7687.07	0.0129338
7685.14	0.0137757
7683.22	0.0131971
7681.29	0.0113872
7679.36	0.0117669
7677.43	0.0139105
7675.5	0.0121507
7673.58	0.0106421
7671.65	0.0110567
7669.72	0.0113715
7667.79	0.0126907
7665.86	0.0127325
7663.94	0.0134139
7662.01	0.0154012
7660.08	0.0157027
7658.15	0.0146089
7656.22	0.0117867
7654.29	0.00942452
7652.37	0.0107361
7650.44	0.0135336
7648.51	0.0136664
7646.58	0.0124875
7644.66	0.0117754
7642.73	0.0115884
7640.8	0.0116679
7638.87	0.0127087
7636.94	0.0121349
7635.02	0.00972768
7633.09	0.0113394
7631.16	0.0131538
7629.23	0.0128032
7627.3	0.0112872
7625.38	0.0125809
7623.45	0.0123936
7621.52	0.0131413
7619.59	0.0156118
7617.66	0.0147149
7615.73	0.0130448
7613.81	0.0125622
7611.88	0.0130072
7609.95	0.0146783
7608.02	0.0143425
7606.09	0.0157473
7604.17	0.0146042
7602.24	0.0129955
7600.31	0.011747
7598.38	0.0118281
7596.46	0.0125654
7594.53	0.0113386
7592.6	0.0103254
7590.67	0.0112957
7588.74	0.0102803
7586.81	0.00891176
7584.89	0.00894338
7582.96	0.00985069
7581.03	0.0103568
7579.1	0.00973798
7577.17	0.00962529
7575.25	0.00948134
7573.32	0.0115373
7571.39	0.0112271
7569.46	0.00954372
7567.53	0.0105002
7565.61	0.00974269
7563.68	0.00924793
7561.75	0.00921706
7559.82	0.0096424
7557.89	0.0120476
7555.97	0.0119704
7554.04	0.0118404
7552.11	0.0129319
7550.18	0.0130475
7548.25	0.01257
7546.33	0.0117298
7544.4	0.0111545
7542.47	0.0120587
7540.54	0.0139094
7538.61	0.0132252
7536.69	0.0113698
7534.76	0.0103259
7532.83	0.0114838
7530.9	0.0136393
7528.97	0.0127881
7527.05	0.011833
7525.12	0.0109004
7523.19	0.0107388
7521.26	0.00996924
7519.33	0.00920664
7517.41	0.0111191
7515.48	0.0137012
7513.55	0.0126037
7511.62	0.0106771
7509.69	0.0111234
7507.77	0.0130545
7505.84	0.0126874
7503.91	0.0108963
7501.98	0.0103846
7500.05	0.0106958
7498.13	0.0103196
7496.2	0.0104476
7494.27	0.0123576
7492.34	0.0140484
7490.41	0.0122337
7488.49	0.0106943
7486.56	0.0113985
7484.63	0.011129
7482.7	0.011622
7480.77	0.0137587
7478.85	0.0118536
7476.92	0.0101883
7474.99	0.00996269
7473.06	0.00935439
7471.13	0.0111611
7469.21	0.0125444
7467.28	0.0123698
7465.35	0.0124276
7463.42	0.0124845
7461.49	0.0125823
7459.57	0.0118032
7457.64	0.0112931
7455.71	0.0127956
7453.78	0.0126795
7451.85	0.011165
7449.93	0.0101304
7448	0.00926286
7446.07	0.00902605
7444.14	0.0109253
7442.21	0.0103985
7440.29	0.00963217
7438.36	0.0105397
7436.43	0.011264
7434.5	0.0110365
7432.57	0.0098387
7430.65	0.0100932
7428.72	0.0106911
7426.79	0.0105857
7424.86	0.0112816
7422.93	0.0121806
7421.01	0.0103961
7419.08	0.00931996
7417.15	0.010406
7415.22	0.0101963
7413.29	0.0103164
7411.37	0.0110189
7409.44	0.0104071
7407.51	0.00947162
7405.58	0.0113223
7403.65	0.0132352
7401.73	0.0112478
7399.8	0.0095652
7397.87	0.0079872
7395.94	0.00864878
7394.01	0.0108337
7392.09	0.0116123
7390.16	0.0119211
7388.23	0.0121305
7386.3	0.0104179
7384.37	0.00981684
7382.45	0.00827733
7380.52	0.00882938
7378.59	0.0113632
7376.66	0.0117674
7374.73	0.0118658
7372.81	0.01189
7370.88	0.0106493
7368.95	0.00918085
7367.02	0.00900207
7365.09	0.00952831
7363.17	0.0100472
7361.24	0.0102244
7359.31	0.00914383
7357.38	0.00912109
7355.45	0.0104126
7353.53	0.010772
7351.6	0.0106443
7349.67	0.010796
7347.74	0.0102412
7345.81	0.0086744
7343.89	0.00808197
7341.96	0.00843626
7340.03	0.0102537
7338.1	0.0113961
7336.17	0.0110106
7334.25	0.010624
7332.32	0.0114746
7330.39	0.0116361
7328.46	0.012394
7326.53	0.0123824
7324.61	0.0115484
7322.68	0.0109341
7320.75	0.00990086
7318.82	0.00953945
7316.89	0.0108787
7314.97	0.0124291
7313.04	0.012292
7311.11	0.0105873
7309.18	0.00988032
7307.25	0.0117826
7305.33	0.011496
7303.4	0.0103768
7301.47	0.010158
7299.54	0.0116884
7297.61	0.0110193
7295.69	0.00872088
7293.76	0.00883184
7291.83	0.0101814
7289.9	0.0103961
7287.97	0.0100071
7286.05	0.0104138
7284.12	0.00996093
7282.19	0.00959836
7280.26	0.00960188
7278.33	0.0108099
7276.41	0.0110995
7274.48	0.010173
7272.55	0.010007
7270.62	0.0112047
7268.69	0.0103243
7266.77	0.00944111
7264.84	0.00864982
7262.91	0.00868545
7260.98	0.0106135
7259.05	0.0108914
7257.13	0.00932724
7255.2	0.00964687
7253.27	0.0106604
7251.34	0.0109911
7249.41	0.00999853
7247.49	0.0101758
7245.56	0.00918376
7243.63	0.00772747
7241.7	0.00839143
7239.77	0.0101186
7237.85	0.0113191
7235.92	0.0109512
7233.99	0.0103066
7232.06	0.00968681
7230.13	0.00804417
7228.21	0.0076582
7226.28	0.00925805
7224.35	0.0112924
7222.42	0.012041
7220.49	0.0106234
7218.57	0.0100097
7216.64	0.00978522
7214.71	0.0093459
7212.78	0.00885004
7210.85	0.00850113
7208.93	0.00979016
7207	0.0101696
7205.07	0.00885136
7203.14	0.00867653
7201.21	0.00857871
7199.29	0.00881676
7197.36	0.00893807
7195.43	0.00929166
7193.5	0.0103535
7191.57	0.0109972
7189.65	0.00979237
7187.72	0.00747455
7185.79	0.00826997
7183.86	0.0101306
7181.93	0.0103461
7180	0.0107692
7178.08	0.0113016
7176.15	0.0107807
7174.22	0.0116793
7172.29	0.0122773
7170.37	0.0102547
7168.44	0.00867697
7166.51	0.0116645
7164.58	0.0113943
7162.65	0.00976461
7160.73	0.00981677
7158.8	0.00932657
7156.87	0.00872375
7154.94	0.00858189
7153.01	0.00931868
7151.08	0.0103547
7149.16	0.010626
7147.23	0.0103471
7145.3	0.00988073
7143.37	0.0103512
7141.44	0.0106574
7139.52	0.00994354
7137.59	0.00954575
7135.66	0.0103113
7133.73	0.0096423
7131.8	0.00879458
7129.88	0.00791599
7127.95	0.00911152
7126.02	0.00864834
7124.09	0.00879005
7122.17	0.00915175
7120.24	0.00768771
7118.31	0.00833644
7116.38	0.00658883
7114.45	0.00685104
7112.52	0.00812448
7110.6	0.00725057
7108.67	0.00756136
7106.74	0.00838204
7104.81	0.00852539
7102.88	0.0105357
7100.96	0.0117216
7099.03	0.00926459
7097.1	0.0083638
7095.17	0.00875114
7093.24	0.00879326
7091.32	0.00838991
7089.39	0.00830658
7087.46	0.00842602
7085.53	0.00820919
7083.6	0.0096053
7081.68	0.010057
7079.75	0.00906608
7077.82	0.00951422
7075.89	0.00973611
7073.96	0.00866351
7072.04	0.0083332
7070.11	0.00855617
7068.18	0.00741762
7066.25	0.00700857
7064.32	0.00906919
7062.4	0.00922204
7060.47	0.00854941
7058.54	0.00896296
7056.61	0.00891947
7054.68	0.0090451
7052.76	0.00939543
7050.83	0.00866713
7048.9	0.00932768
7046.97	0.0109066
7045.04	0.0104327
7043.12	0.00925995
7041.19	0.00831087
7039.26	0.00711148
7037.33	0.00786929
7035.4	0.00869306
7033.48	0.0093352
7031.55	0.00998751
7029.62	0.0100526
7027.69	0.00799482
7025.76	0.00746393
7023.84	0.00968454
7021.91	0.00932829
7019.98	0.00850528
7018.05	0.00932237
7016.12	0.00907061
7014.2	0.00981304
7012.27	0.00981694
7010.34	0.00937606
7008.41	0.00910952
7006.48	0.00938199
7004.56	0.00943315
7002.63	0.00978793
7000.7	0.00927332
6998.77	0.0081786
6996.84	0.00845619
6994.92	0.00766528
6992.99	0.00775628
6991.06	0.00895207
6989.13	0.00855289
6987.2	0.00760533
6985.28	0.00754109
6983.35	0.00850745
6981.42	0.00870878
6979.49	0.00824545
6977.56	0.00839555
6975.64	0.00923656
6973.71	0.00964484
6971.78	0.00802652
6969.85	0.0077777
6967.92	0.00855621
6966	0.00816958
6964.07	0.00832678
6962.14	0.00885511
6960.21	0.00895691
6958.28	0.00945634
6956.36	0.00815196
6954.43	0.00769564
6952.5	0.00927995
6950.57	0.00939296
6948.64	0.00925568
6946.72	0.00937593
6944.79	0.00968735
6942.86	0.00949797
6940.93	0.00889593
6939	0.00945116
6937.08	0.0099651
6935.15	0.0105409
6933.22	0.00945272
6931.29	0.00845264
6929.36	0.00852816
6927.44	0.00777051
6925.51	0.00828719
6923.58	0.00876432
6921.65	0.00853559
6919.72	0.00843501
6917.8	0.00910891
6915.87	0.00958349
6913.94	0.00871331
6912.01	0.00798851
6910.08	0.00818626
6908.16	0.00758233
6906.23	0.00752629
6904.3	0.0073249
6902.37	0.00736959
6900.44	0.00760964
6898.52	0.0081631
6896.59	0.00849562
6894.66	0.00774063
6892.73	0.00801275
6890.8	0.00782128
6888.88	0.00803641
6886.95	0.00893168
6885.02	0.00863576
6883.09	0.00756904
6881.16	0.00703816
6879.24	0.00758095
6877.31	0.00777635
6875.38	0.00747927
6873.45	0.00756679
6871.52	0.00815631
6869.6	0.00765955
6867.67	0.00783987
6865.74	0.00814845
6863.81	0.00798767
6861.88	0.0073152
6859.96	0.00723228
6858.03	0.00737367
6856.1	0.00752006
6854.17	0.00777342
6852.24	0.00821452
6850.32	0.00847636
6848.39	0.00827622
6846.46	0.0084121
6844.53	0.00829733
6842.6	0.0083082
6840.68	0.00728467
6838.75	0.00672634
6836.82	0.00752889
6834.89	0.00746541
6832.96	0.00717851
6831.04	0.00761342
6829.11	0.0074373
6827.18	0.00761423
6825.25	0.00877724
6823.32	0.00900538
6821.4	0.00803273
6819.47	0.00628126
6817.54	0.0055884
6815.61	0.00616419
6813.68	0.00750887
6811.76	0.00894145
6809.83	0.00894274
6807.9	0.00893685
6805.97	0.00819774
6804.04	0.00816732
6802.12	0.00833394
6800.19	0.00754356
6798.26	0.00720752
6796.33	0.00776286
6794.4	0.00802675
6792.48	0.00878992
6790.55	0.00892637
6788.62	0.00811634
6786.69	0.00809717
6784.76	0.00806813
6782.84	0.00743164
6780.91	0.00827949
6778.98	0.00946556
6777.05	0.00873183
6775.12	0.00763328
6773.2	0.00788009
6771.27	0.00827433
6769.34	0.00835876
6767.41	0.00879921
6765.48	0.00899828
6763.56	0.00789409
6761.63	0.00768855
6759.7	0.00798845
6757.77	0.00785479
6755.84	0.0083689
6753.92	0.00898745
6751.99	0.00872095
6750.06	0.00852242
6748.13	0.00882126
6746.2	0.00891379
6744.28	0.00763085
6742.35	0.00728177
6740.42	0.00848724
6738.49	0.00858037
6736.56	0.00851326
6734.64	0.00887949
6732.71	0.0086338
6730.78	0.00865118
6728.85	0.00866872
6726.92	0.00823046
6725	0.00816387
6723.07	0.00871527
6721.14	0.00941006
6719.21	0.0094918
6717.28	0.00851765
6715.35	0.00856401
6713.43	0.00780202
6711.5	0.0071066
6709.57	0.0081817
6707.64	0.00934099
6705.71	0.00942099
6703.79	0.00942248
6701.86	0.00915713
6699.93	0.00910082
6698	0.00894047
6696.08	0.00886032
6694.15	0.0100768
6692.22	0.0101723
6690.29	0.00933967
6688.36	0.0092653
6686.44	0.0098692
6684.51	0.00974889
6682.58	0.00938764
6680.65	0.00930697
6678.72	0.00944632
6676.79	0.00937613
6674.87	0.00959565
6672.94	0.0103407
6671.01	0.00998568
6669.08	0.00956245
6667.15	0.00933472
6665.23	0.0089467
6663.3	0.00828024
6661.37	0.00850765
6659.44	0.00889086
6657.51	0.00966357
6655.59	0.00997995
6653.66	0.00944883
6651.73	0.00964975
6649.8	0.010012
6647.88	0.00995944
6645.95	0.00947524
6644.02	0.00964392
6642.09	0.010008
6640.16	0.00964375
6638.23	0.00905112
6636.31	0.00922089
6634.38	0.00911703
6632.45	0.00873758
6630.52	0.00927447
6628.59	0.00953698
6626.67	0.00845264
6624.74	0.00813589
6622.81	0.00861309
6620.88	0.00816955
6618.95	0.00897409
6617.03	0.00997161
6615.1	0.00969471
6613.17	0.00893283
6611.24	0.00809085
6609.31	0.00786457
6607.39	0.00882698
6605.46	0.00912238
6603.53	0.00930256
6601.6	0.00893648
6599.67	0.00807077
6597.75	0.00842021
6595.82	0.0084518
6593.89	0.00838758
6591.96	0.00933181
6590.03	0.00943772
6588.11	0.00850109
6586.18	0.00845866
6584.25	0.00917781
6582.32	0.00898225
6580.39	0.00919608
6578.47	0.00893604
6576.54	0.00822516
6574.61	0.00818474
6572.68	0.00804076
6570.75	0.0077015
6568.83	0.008321
6566.9	0.00921219
6564.97	0.00916488
6563.04	0.00859561
6561.11	0.00833272
6559.19	0.00779777
6557.26	0.0074399
6555.33	0.00891517
6553.4	0.00863813
6551.47	0.0079817
6549.55	0.0085138
6547.62	0.00869556
6545.69	0.00863776
6543.76	0.00903725
6541.83	0.00880236
6539.91	0.00847856
6537.98	0.00784794
6536.05	0.00745635
6534.12	0.00808015
6532.19	0.00804704
6530.27	0.00871506
6528.34	0.00926895
6526.41	0.00864388
6524.48	0.0078503
6522.55	0.00780172
6520.63	0.00831435
6518.7	0.00895694
6516.77	0.00864584
6514.84	0.00783309
6512.91	0.00840606
6510.99	0.00898641
6509.06	0.00874367
6507.13	0.00907014
6505.2	0.00932308
6503.27	0.00890229
6501.35	0.00871584
6499.42	0.00912309
6497.49	0.00838157
6495.56	0.00758209
6493.63	0.00761389
6491.71	0.00867578
6489.78	0.00934708
6487.85	0.00945536
6485.92	0.00935091
6483.99	0.00912769
6482.07	0.00840295
6480.14	0.00785421
6478.21	0.00848011
6476.28	0.00878616
6474.35	0.0088049
6472.43	0.00917249
6470.5	0.00824211
6468.57	0.00681899
6466.64	0.00696728
6464.71	0.00769176
6462.79	0.0077718
6460.86	0.00790199
6458.93	0.00826176
6457	0.00811651
6455.07	0.0076408
6453.15	0.00720607
6451.22	0.00705867
6449.29	0.00667385
6447.36	0.00716622
6445.43	0.00801919
6443.51	0.00815665
6441.58	0.00846981
6439.65	0.00819126
6437.72	0.00786676
6435.79	0.00804376
6433.87	0.00800141
6431.94	0.00763493
6430.01	0.00737606
6428.08	0.00690971
6426.15	0.00793577
6424.23	0.00844335
6422.3	0.00766073
6420.37	0.00718899
6418.44	0.00681553
6416.51	0.00769155
6414.59	0.00870597
6412.66	0.0085213
6410.73	0.00822729
6408.8	0.00780539
6406.87	0.007764
6404.95	0.00798436
6403.02	0.00769752
6401.09	0.00733269
6399.16	0.00723174
6397.23	0.00727379
6395.31	0.00796995
6393.38	0.00863914
6391.45	0.00851414
6389.52	0.00828527
6387.59	0.0083181
6385.67	0.00860747
6383.74	0.00849849
6381.81	0.00817633
6379.88	0.00774768
6377.95	0.00757761
6376.03	0.00806206
6374.1	0.00823721
6372.17	0.00791896
6370.24	0.00780324
6368.31	0.00789929
6366.39	0.00847717
6364.46	0.00824103
6362.53	0.00761966
6360.6	0.00809288
6358.67	0.0084618
6356.75	0.00796469
6354.82	0.00792163
6352.89	0.00828979
6350.96	0.00752097
6349.03	0.00691069
6347.11	0.00714796
6345.18	0.00757582
6343.25	0.00771378
6341.32	0.007312
6339.39	0.00725863
6337.47	0.00761301
6335.54	0.00768478
6333.61	0.00702776
6331.68	0.00695826
6329.75	0.00743346
6327.83	0.00741869
6325.9	0.00694365
6323.97	0.00688837
6322.04	0.00709811
6320.11	0.00705605
6318.19	0.00714577
6316.26	0.00776721
6314.33	0.00752404
6312.4	0.00673189
6310.47	0.0066219
6308.55	0.00640254
6306.62	0.00609245
6304.69	0.00637873
6302.76	0.00674741
6300.83	0.00683263
6298.91	0.00663156
6296.98	0.00687628
6295.05	0.00687218
6293.12	0.00640812
6291.19	0.00605599
6289.27	0.00655637
6287.34	0.0069726
6285.41	0.00674263
6283.48	0.00601302
6281.55	0.00598715
6279.62	0.00592668
6277.7	0.00596699
6275.77	0.00595561
6273.84	0.00588588
6271.91	0.00598614
6269.99	0.00682525
6268.06	0.00685417
6266.13	0.00630863
6264.2	0.00616117
6262.27	0.00608599
6260.34	0.00563801
6258.42	0.0059976
6256.49	0.00607282
6254.56	0.00613344
6252.63	0.00641494
6250.71	0.00639662
6248.78	0.00643573
6246.85	0.0059639
6244.92	0.00559169
6242.99	0.00612481
6241.06	0.0062938
6239.14	0.0059933
6237.21	0.00584138
6235.28	0.00595352
6233.35	0.00596367
6231.42	0.00598369
6229.5	0.00615243
6227.57	0.00584729
6225.64	0.0056262
6223.71	0.00543971
6221.79	0.00561472
6219.86	0.00598067
6217.93	0.00556481
6216	0.00513567
6214.07	0.00502136
6212.15	0.00516021
6210.22	0.00535634
6208.29	0.00528392
6206.36	0.00555055
6204.43	0.0055482
6202.5	0.00495623
6200.58	0.00517322
6198.65	0.00537167
6196.72	0.00507445
6194.79	0.00568159
6192.86	0.00618856
6190.94	0.00566101
6189.01	0.00535118
6187.08	0.00561217
6185.15	0.00555773
6183.22	0.00468281
6181.3	0.00505628
6179.37	0.005976
6177.44	0.00672937
6175.51	0.00707228
6173.58	0.00686491
6171.66	0.00615048
6169.73	0.00592638
6167.8	0.00596824
6165.87	0.00588185
6163.94	0.00574987
6162.02	0.00583426
6160.09	0.00558663
6158.16	0.00489765
6156.23	0.00527702
6154.3	0.00576347
6152.38	0.00592087
6150.45	0.00581515
6148.52	0.005386
6146.59	0.00582633
6144.66	0.00593129
6142.74	0.00558011
6140.81	0.00521195
6138.88	0.0051856
6136.95	0.00560253
6135.02	0.00588268
6133.1	0.00568518
6131.17	0.00570277
6129.24	0.00587009
6127.31	0.00591738
6125.38	0.00567863
6123.46	0.00579349
6121.53	0.00618315
6119.6	0.00630426
6117.67	0.00569679
6115.74	0.00544082
6113.82	0.00569703
6111.89	0.0061448
6109.96	0.00652223
6108.03	0.006329
6106.1	0.00576441
6104.18	0.00555582
6102.25	0.00580628
6100.32	0.00598614
6098.39	0.00564661
6096.46	0.00492215
6094.54	0.00505608
6092.61	0.00568491
6090.68	0.00613747
6088.75	0.00598056
6086.82	0.00664027
6084.9	0.00685666
6082.97	0.00688685
6081.04	0.00667678
6079.11	0.00606903
6077.18	0.00614981
6075.26	0.00642944
6073.33	0.00647507
6071.4	0.00620116
6069.47	0.00608502
6067.54	0.0061771
6065.62	0.00666005
6063.69	0.0071259
6061.76	0.00703274
6059.83	0.00661497
6057.9	0.00633489
6055.98	0.00619662
6054.05	0.00622466
6052.12	0.0060697
6050.19	0.00605008
6048.26	0.00633667
6046.34	0.00658957
6044.41	0.00626879
6042.48	0.00633707
6040.55	0.00632601
6038.62	0.00617357
6036.7	0.00645123
6034.77	0.00619669
6032.84	0.00577237
6030.91	0.00587234
6028.98	0.00589394
6027.06	0.00548897
6025.13	0.00595477
6023.2	0.00622415
6021.27	0.00599484
6019.34	0.00610548
6017.42	0.0063794
6015.49	0.00664774
6013.56	0.00632947
6011.63	0.006218
6009.7	0.00627088
6007.78	0.00613008
6005.85	0.00626597
6003.92	0.00597042
6001.99	0.00545863
6000.06	0.00529244
5998.14	0.0055381
5996.21	0.00589541
5994.28	0.00570126
5992.35	0.00584561
5990.42	0.00572684
5988.5	0.00560512
5986.57	0.00541076
5984.64	0.00535339
5982.71	0.00603072
5980.78	0.00618224
5978.86	0.00562697
5976.93	0.00532149
5975	0.00576683
5973.07	0.00583674
5971.14	0.00558629
5969.22	0.00557615
5967.29	0.00567655
5965.36	0.00535369
5963.43	0.00469647
5961.5	0.00448367
5959.58	0.00436725
5957.65	0.00437501
5955.72	0.0046098
5953.79	0.00478564
5951.86	0.00461837
5949.94	0.00463739
5948.01	0.0048559
5946.08	0.00452602
5944.15	0.00401848
5942.22	0.00407078
5940.3	0.00384334
5938.37	0.00427147
5936.44	0.00488509
5934.51	0.00477821
5932.58	0.00467387
5930.66	0.00466228
5928.73	0.00444634
5926.8	0.00435122
5924.87	0.00413457
5922.94	0.00428087
5921.02	0.00488458
5919.09	0.00510151
5917.16	0.00501733
5915.23	0.00457979
5913.3	0.00422168
5911.38	0.00410734
5909.45	0.00437143
5907.52	0.00465233
5905.59	0.00412263
5903.66	0.00374374
5901.74	0.00390328
5899.81	0.00435205
5897.88	0.00428278
5895.95	0.00374043
5894.02	0.00403443
5892.1	0.00441625
5890.17	0.00426468
5888.24	0.00416575
5886.31	0.00411891
5884.38	0.00399065
5882.46	0.00393688
5880.53	0.004114
5878.6	0.00409038
5876.67	0.00354249
5874.74	0.00366898
5872.82	0.00407316
5870.89	0.00408199
5868.96	0.00395741
5867.03	0.00413293
5865.1	0.00415454
5863.18	0.00444223
5861.25	0.00421881
5859.32	0.00393678
5857.39	0.00414932
5855.46	0.00390723
5853.54	0.00377863
5851.61	0.00409647
5849.68	0.00422108
5847.75	0.00413132
5845.82	0.00414377
5843.9	0.00414169
5841.97	0.00422326
5840.04	0.00394478
5838.11	0.00393411
5836.18	0.00374216
5834.25	0.00346039
5832.33	0.00378718
5830.4	0.00396544
5828.47	0.00417685
5826.54	0.00430898
5824.62	0.00406349
5822.69	0.00404841
5820.76	0.00453319
5818.83	0.00444551
5816.9	0.004085
5814.98	0.00390649
5813.05	0.00445588
5811.12	0.00443218
5809.19	0.00382008
5807.26	0.00387253
5805.33	0.00372074
5803.41	0.0035929
5801.48	0.00386922
5799.55	0.00411426
5797.62	0.00383037
5795.7	0.00376676
5793.77	0.00407379
5791.84	0.00379601
5789.91	0.00381135
5787.98	0.00413868
5786.06	0.00370397
5784.13	0.0033798
5782.2	0.00334965
5780.27	0.00361719
5778.34	0.00402145
5776.42	0.00393244
5774.49	0.00382275
5772.56	0.00364793
5770.63	0.00341527
5768.7	0.00360028
5766.77	0.00369291
5764.85	0.00366069
5762.92	0.00363834
5760.99	0.0036517
5759.06	0.00379935
5757.13	0.00398179
5755.21	0.00405587
5753.28	0.00402299
5751.35	0.00402192
5749.42	0.00413213
5747.49	0.0042533
5745.57	0.00459028
5743.64	0.00448762
5741.71	0.00393016
5739.78	0.00374831
5737.85	0.00413668
5735.93	0.00431772
5734	0.0040475
5732.07	0.00356844
5730.14	0.00348467
5728.21	0.00366276
5726.29	0.00358782
5724.36	0.00378765
5722.43	0.00417043
5720.5	0.00425896
5718.57	0.003986
5716.65	0.00379287
5714.72	0.00372068
5712.79	0.0037417
5710.86	0.00360673
5708.93	0.00348924
5707.01	0.00324852
5705.08	0.00308177
5703.15	0.0034485
5701.22	0.00382268
5699.29	0.00376282
5697.37	0.00386333
5695.44	0.0041241
5693.51	0.00378518
5691.58	0.00347769
5689.65	0.00342488
5687.73	0.00335609
5685.8	0.00356901
5683.87	0.00382907
5681.94	0.003706
5680.01	0.00351409
5678.09	0.00378468
5676.16	0.0037943
5674.23	0.00335315
5672.3	0.00345821
5670.37	0.00391348
5668.45	0.00405393
5666.52	0.00371072
5664.59	0.00386022
5662.66	0.00390198
5660.73	0.00373919
5658.81	0.0037788
5656.88	0.00385668
5654.95	0.00350481
5653.02	0.00342198
5651.09	0.00351009
5649.17	0.00331436
5647.24	0.00360927
5645.31	0.00363707
5643.38	0.00363059
5641.45	0.00393388
5639.53	0.00386163
5637.6	0.00359888
5635.67	0.00360817
5633.74	0.00361853
5631.81	0.00354506
5629.89	0.00363633
5627.96	0.00364886
5626.03	0.00358605
5624.1	0.00371997
5622.17	0.003865
5620.25	0.00395036
5618.32	0.00400958
5616.39	0.00394401
5614.46	0.00349328
5612.53	0.00350721
5610.61	0.00359908
5608.68	0.00357964
5606.75	0.00357479
5604.82	0.0035494
5602.89	0.0035763
5600.97	0.00349552
5599.04	0.00328755
5597.11	0.0033225
5595.18	0.00334885
5593.25	0.0033805
5591.33	0.00339904
5589.4	0.00349192
5587.47	0.00344031
5585.54	0.00348086
5583.61	0.00377341
5581.69	0.00381857
5579.76	0.00346232
5577.83	0.00342882
5575.9	0.00354733
5573.97	0.00347144
5572.05	0.00325199
5570.12	0.00293804
5568.19	0.00324662
5566.26	0.00361492
5564.33	0.00356357
5562.41	0.00337826
5560.48	0.00347274
5558.55	0.00372278
5556.62	0.00362086
5554.69	0.00346169
5552.77	0.00335456
5550.84	0.00334203
5548.91	0.00327025
5546.98	0.00336621
5545.05	0.00324214
5543.13	0.00341707
5541.2	0.00346342
5539.27	0.00324488
5537.34	0.00328788
5535.41	0.00360529
5533.49	0.0036072
5531.56	0.00349205
5529.63	0.00354332
5527.7	0.00364933
5525.77	0.00393194
5523.85	0.00386982
5521.92	0.00375724
5519.99	0.00374918
5518.06	0.00333813
5516.13	0.00335903
5514.21	0.0033951
5512.28	0.00327609
5510.35	0.00333262
5508.42	0.00354266
5506.49	0.00355304
5504.57	0.00342769
5502.64	0.00340107
5500.71	0.00321644
5498.78	0.00309842
5496.85	0.00337563
5494.93	0.00353053
5493	0.00353073
5491.07	0.00317315
5489.14	0.00288273
5487.21	0.00310119
5485.29	0.00343163
5483.36	0.00320516
5481.43	0.0030787
5479.5	0.00301647
5477.57	0.00307446
5475.65	0.00327993
5473.72	0.00330951
5471.79	0.00326808
5469.86	0.00333549
5467.93	0.0034152
5466.01	0.00309896
5464.08	0.00315112
5462.15	0.00345785
5460.22	0.00346135
5458.29	0.00356811
5456.37	0.00365668
5454.44	0.00364155
5452.51	0.00344829
5450.58	0.00311888
5448.65	0.00291212
5446.73	0.00304597
5444.8	0.00333008
5442.87	0.00332724
5440.94	0.00307063
5439.01	0.0033207
5437.09	0.00362745
5435.16	0.00324748
5433.23	0.00317081
5431.3	0.00304176
5429.37	0.00314878
5427.45	0.00330628
5425.52	0.00315029
5423.59	0.00318643
5421.66	0.00301724
5419.73	0.00294534
5417.81	0.00314301
5415.88	0.00324882
5413.95	0.00331392
5412.02	0.00337255
5410.09	0.00326207
5408.17	0.00289904
5406.24	0.00297487
5404.31	0.00294831
5402.38	0.00277954
5400.45	0.00307373
5398.53	0.00338842
5396.6	0.00332107
5394.67	0.003108
5392.74	0.00312639
5390.81	0.0032546
5388.88	0.00333045
5386.96	0.00315532
5385.03	0.00290084
5383.1	0.00299775
5381.17	0.00324612
5379.25	0.00309235
5377.32	0.00281369
5375.39	0.00302638
5373.46	0.00331375
5371.53	0.00355595
5369.6	0.0033957
5367.68	0.00293734
5365.75	0.0031321
5363.82	0.00313964
5361.89	0.00319848
5359.96	0.00319551
5358.04	0.0031337
5356.11	0.00299579
5354.18	0.0029712
5352.25	0.00315449
5350.33	0.00293373
5348.4	0.00268688
5346.47	0.0027449
5344.54	0.00283854
5342.61	0.00309165
5340.69	0.00330918
5338.76	0.00338758
5336.83	0.00327453
5334.9	0.00315172
5332.97	0.00299642
5331.04	0.00309465
5329.12	0.00323226
5327.19	0.00319791
5325.26	0.00309899
5323.33	0.00300179
5321.4	0.00319942
5319.48	0.00313553
5317.55	0.00302001
5315.62	0.00315709
5313.69	0.00328244
5311.76	0.00349429
5309.84	0.00358929
5307.91	0.0034531
5305.98	0.00334574
5304.05	0.00327867
5302.12	0.00316087
5300.2	0.00320936
5298.27	0.00303005
5296.34	0.00304703
5294.41	0.00329739
5292.48	0.00339546
5290.56	0.00330197
5288.63	0.00308845
5286.7	0.00319605
5284.77	0.00322759
5282.84	0.00301861
5280.92	0.00299745
5278.99	0.00319368
5277.06	0.0032592
5275.13	0.00331663
5273.21	0.00340531
5271.28	0.00351336
5269.35	0.00377412
5267.42	0.00373164
5265.49	0.00353247
5263.56	0.00370821
5261.64	0.00386514
5259.71	0.00393264
5257.78	0.00397393
5255.85	0.00401931
5253.92	0.00393832
5252	0.00360279
5250.07	0.00330781
5248.14	0.00325039
5246.21	0.00360172
5244.28	0.00378371
5242.36	0.00363373
5240.43	0.00355575
5238.5	0.00365481
5236.57	0.00386283
5234.64	0.00408008
5232.72	0.00416809
5230.79	0.00415681
5228.86	0.00411881
5226.93	0.00387664
5225	0.00394835
5223.08	0.00424969
5221.15	0.00411252
5219.22	0.00416846
5217.29	0.00410022
5215.36	0.003909
5213.44	0.00384996
5211.51	0.00408737
5209.58	0.00426408
5207.65	0.00438167
5205.72	0.00464061
5203.8	0.00467025
5201.87	0.00445414
5199.94	0.00453774
5198.01	0.00459285
5196.08	0.00453998
5194.16	0.00462969
5192.23	0.00467447
5190.3	0.00466345
5188.37	0.00485148
5186.44	0.00495312
5184.52	0.00484324
5182.59	0.00455853
5180.66	0.00463954
5178.73	0.0047908
5176.8	0.00483556
5174.88	0.00496129
5172.95	0.00501016
5171.02	0.00478839
5169.09	0.00501046
5167.16	0.0051523
5165.24	0.00512575
5163.31	0.00509058
5161.38	0.00513289
5159.45	0.00543287
5157.52	0.00542384
5155.6	0.00536456
5153.67	0.0056413
5151.74	0.00570985
5149.81	0.00575048
5147.88	0.00569857
5145.96	0.00563808
5144.03	0.00574554
5142.1	0.00579487
5140.17	0.00579557
5138.24	0.00561069
5136.32	0.00566117
5134.39	0.00611536
5132.46	0.00656962
5130.53	0.00635963
5128.6	0.00606946
5126.68	0.00595208
5124.75	0.00617481
5122.82	0.00666143
5120.89	0.00651691
5118.96	0.00642053
5117.04	0.00636081
5115.11	0.00615132
5113.18	0.00624728
5111.25	0.00636326
5109.32	0.00656919
5107.4	0.00667173
5105.47	0.00662523
5103.54	0.00663011
5101.61	0.00657527
5099.68	0.00679025
5097.76	0.00684431
5095.83	0.00670053
5093.9	0.00686733
5091.97	0.00703769
5090.04	0.00716699
5088.12	0.0074401
5086.19	0.00744613
5084.26	0.00745948
5082.33	0.00739996
5080.4	0.00736322
5078.48	0.00736686
5076.55	0.00734374
5074.62	0.00755765
5072.69	0.00768096
5070.76	0.00760303
5068.84	0.00777379
5066.91	0.00799007
5064.98	0.00791603
5063.05	0.00800532
5061.12	0.00806948
5059.2	0.00830975
5057.27	0.00840629
5055.34	0.00830499
5053.41	0.00842649
5051.48	0.00855921
5049.56	0.00845518
5047.63	0.00849106
5045.7	0.00855012
5043.77	0.00869877
5041.84	0.00897744
5039.92	0.00914491
5037.99	0.00926442
5036.06	0.00953485
5034.13	0.0100811
5032.2	0.0103935
5030.28	0.0103018
5028.35	0.0104918
5026.42	0.0108768
5024.49	0.0110458
5022.56	0.0111311
5020.64	0.0110568
5018.71	0.0110673
5016.78	0.0113721
5014.85	0.0114584
5012.92	0.0110798
5011	0.01069
5009.07	0.0105301
5007.14	0.0105106
5005.21	0.0104017
5003.28	0.0102172
5001.36	0.00990574
4999.43	0.00973442
4997.5	0.00976997
4995.57	0.00962122
4993.64	0.00954751
4991.72	0.00946251
4989.79	0.00924218
4987.86	0.0090946
4985.93	0.00909517
4984	0.00890523
4982.08	0.00906553
4980.15	0.00913101
4978.22	0.00874522
4976.29	0.00857942
4974.36	0.00860058
4972.44	0.00862238
4970.51	0.00864293
4968.58	0.00874231
4966.65	0.00901191
4964.72	0.00903272
4962.8	0.00864803
4960.87	0.00863248
4958.94	0.00873447
4957.01	0.00876277
4955.08	0.00870104
4953.16	0.008779
4951.23	0.00880361
4949.3	0.00887303
4947.37	0.00887682
4945.44	0.00868363
4943.52	0.00846808
4941.59	0.00839582
4939.66	0.0084066
4937.73	0.00838906
4935.8	0.00845991
4933.88	0.00866926
4931.95	0.00859068
4930.02	0.00868718
4928.09	0.00872051
4926.16	0.00832597
4924.24	0.00804089
4922.31	0.00819058
4920.38	0.00826605
4918.45	0.00808005
4916.52	0.00810017
4914.6	0.00809116
4912.67	0.00806415
4910.74	0.00805878
4908.81	0.00807904
4906.88	0.00801372
4904.96	0.00798915
4903.03	0.0079851
4901.1	0.00814034
4899.17	0.00795173
4897.24	0.00767489
4895.32	0.00787078
4893.39	0.00822583
4891.46	0.00829493
4889.53	0.00816951
4887.6	0.00803148
4885.67	0.00781022
4883.75	0.00755762
4881.82	0.00763142
4879.89	0.00784345
4877.96	0.00766154
4876.04	0.00746086
4874.11	0.00756372
4872.18	0.00756163
4870.25	0.00754342
4868.32	0.00747027
4866.4	0.00725954
4864.47	0.00731726
4862.54	0.00742351
4860.61	0.00740619
4858.68	0.00736332
4856.75	0.00721725
4854.83	0.00737198
4852.9	0.00730192
4850.97	0.00714638
4849.04	0.00709501
4847.12	0.00709673
4845.19	0.00710582
4843.26	0.00718037
4841.33	0.00715234
4839.4	0.00702422
4837.47	0.00689746
4835.55	0.00701213
4833.62	0.00707046
4831.69	0.00711034
4829.76	0.00668771
4827.83	0.00641454
4825.91	0.00659657
4823.98	0.00657786
4822.05	0.00652058
4820.12	0.00649162
4818.19	0.00642796
4816.27	0.00634628
4814.34	0.00642534
4812.41	0.00652946
4810.48	0.00626029
4808.55	0.00614016
4806.63	0.0062264
4804.7	0.00618103
4802.77	0.00606976
4800.84	0.00604705
4798.91	0.00581166
4796.99	0.00577445
4795.06	0.00581498
4793.13	0.00567041
4791.2	0.00584708
4789.27	0.00594529
4787.35	0.00568269
4785.42	0.00538355
4783.49	0.00523023
4781.56	0.0051006
4779.63	0.00503299
4777.71	0.00511995
4775.78	0.00524106
4773.85	0.00509735
4771.92	0.00479489
4769.99	0.00474176
4768.07	0.00487219
4766.14	0.00473124
4764.21	0.00450007
4762.28	0.00453918
4760.35	0.00475827
4758.43	0.00449974
4756.5	0.00423199
4754.57	0.00415919
4752.64	0.00410292
4750.71	0.00398738
4748.79	0.00394381
4746.86	0.00377087
4744.93	0.00357456
4743	0.0034484
4741.07	0.00356464
4739.15	0.00329676
4737.22	0.00316651
4735.29	0.00346703
4733.36	0.00351092
4731.43	0.00345828
4729.51	0.00305411
4727.58	0.00293347
4725.65	0.00334277
4723.72	0.00329432
4721.79	0.00308167
4719.87	0.0033201
4717.94	0.00326244
4716.01	0.00291705
4714.08	0.00260601
4712.15	0.00262914
4710.23	0.00272559
4708.3	0.00268848
4706.37	0.00240096
4704.44	0.00211156
4702.51	0.00226517
4700.59	0.00225821
4698.66	0.00193502
4696.73	0.00174825
4694.8	0.00208835
4692.87	0.00214958
4690.95	0.00186138
4689.02	0.0019493
4687.09	0.00217432
4685.16	0.00211871
4683.23	0.00201607
4681.31	0.00200858
4679.38	0.00194561
4677.45	0.00178255
4675.52	0.0016917
4673.59	0.00161723
4671.67	0.00167161
4669.74	0.00164224
4667.81	0.00145516
4665.88	0.00148512
4663.95	0.00145257
4662.03	0.00150198
4660.1	0.00154294
4658.17	0.00149782
4656.24	0.0014401
4654.31	0.00147232
4652.39	0.00151468
4650.46	0.00140566
4648.53	0.00121972
4646.6	0.00127797
4644.67	0.00123833
4642.75	0.00110683
4640.82	0.00113981
4638.89	0.00130622
4636.96	0.00126225
4635.03	0.00109753
4633.11	0.00105328
4631.18	0.00111859
4629.25	0.00113666
4627.32	0.00113679
4625.39	0.00116839
4623.47	0.00120623
4621.54	0.00121228
4619.61	0.00121224
4617.68	0.00104561
4615.75	0.000997718
4613.83	0.00108075
4611.9	0.00113201
4609.97	0.00103741
4608.04	0.000831134
4606.11	0.000749144
4604.19	0.000843782
4602.26	0.000772544
4600.33	0.00064394
4598.4	0.000745625
4596.47	0.00078061
4594.55	0.000756048
4592.62	0.000887108
4590.69	0.000951093
4588.76	0.000836014
4586.83	0.000796543
4584.91	0.000783432
4582.98	0.000856232
4581.05	0.000980947
4579.12	0.00115161
4577.19	0.00120669
4575.27	0.000972279
4573.34	0.000720268
4571.41	0.000728665
4569.48	0.000811548
4567.55	0.0010943
4565.63	0.0011956
4563.7	0.00104823
4561.77	0.00103638
4559.84	0.00116068
4557.91	0.00116643
4555.99	0.00111041
4554.06	0.00108916
4552.13	0.000996422
4550.2	0.000989847
4548.27	0.00125212
4546.35	0.00171668
4544.42	0.00178026
4542.49	0.00154776
4540.56	0.00148153
4538.63	0.00168016
4536.71	0.00172716
4534.78	0.00170228
4532.85	0.00187818
4530.92	0.00188713
4528.99	0.00188634
4527.07	0.00203518
4525.14	0.00215497
4523.21	0.00203302
4521.28	0.00182757
4519.35	0.00176149
4517.43	0.00169829
4515.5	0.00164696
4513.57	0.00146437
4511.64	0.00137685
4509.71	0.0013559
4507.79	0.00119423
4505.86	0.00114659
4503.93	0.00123191
4502	0.00131077
4500.07	0.00130163
4498.15	0.001226
4496.22	0.000996954
4494.29	0.000883489
4492.36	0.000731652
4490.43	0.000660599
4488.51	0.0006903
4486.58	0.000664149
4484.65	0.000615304
4482.72	0.000419879
4480.79	0.000369336
4478.87	0.000517133
4476.94	0.000615702
4475.01	0.000532757
4473.08	0.000580067
4471.15	0.000473346
4469.23	0.000242974
4467.3	0.000273939
4465.37	0.000344366
4463.44	0.000306068
4461.51	7.06144e-05
4459.58	5.49397e-05
4457.66	0.000114858
4455.73	6.79301e-05
4453.8	0.000241415
4451.87	0.000355641
4449.95	0.000190032
4448.02	0.000127121
4446.09	0.000267971
4444.16	0.000241482
4442.23	0.000152543
4440.3	0.00027185
4438.38	0.000542975
4436.45	0.0005589
4434.52	0.000378556
4432.59	0.000181679
4430.67	4.54954e-05
4428.74	0.000195535
4426.81	0.000393114
4424.88	0.000346621
4422.95	0.000298541
4421.02	0.000328914
4419.1	0.00027079
4417.17	0.000183668
4415.24	0.000234387
4413.31	0.000230939
4411.38	0.000141472
4409.46	0.000148598
4407.53	0.000151747
4405.6	0.000136733
4403.67	0.000148234
4401.75	0.000174453
4399.82	0.000162851
4397.89	0.000144853
4395.96	0.000153239
4394.03	0.000173259
4392.1	0.000193214
4390.18	0.00012036
4388.25	9.93804e-05
4386.32	1.07356e-05
4384.39	3.69792e-05
4382.46	0.00018211
4380.54	0.000254577
4378.61	0.000347881
4376.68	0.000427772
4374.75	0.000376798
4372.82	0.000129971
4370.9	-6.32856e-06
4368.97	0.000133252
4367.04	0.000323111
4365.11	0.000346157
4363.18	0.000226961
4361.26	-3.11459e-06
4359.33	-0.000155404
4357.4	-0.000130396
4355.47	-5.05265e-05
4353.54	-9.9402e-07
4351.62	0.000109058
4349.69	0.000175745
4347.76	0.000258257
4345.83	0.000141737
4343.9	2.88267e-06
4341.98	0.000111643
4340.05	0.000229514
4338.12	0.000203458
4336.19	0.000115686
4334.26	0.000146742
4332.34	0.000172961
4330.41	0.000194839
4328.48	0.000321652
4326.55	0.000419414
4324.62	0.000293037
4322.7	0.00018327
4320.77	0.000257163
4318.84	0.000339127
4316.91	0.000146908
4314.98	0.000118967
4313.06	6.86592e-05
4311.13	-3.82681e-05
4309.2	-2.68709e-05
4307.27	1.27899e-05
4305.34	8.07883e-05
4303.42	-8.26616e-05
4301.49	9.27763e-06
4299.56	0.000235746
4297.63	0.000194375
4295.7	0.000277255
4293.78	0.00035249
4291.85	0.00028057
4289.92	0.000225138
4287.99	0.000156421
4286.06	0.000100772
4284.14	0.000129938
4282.21	0.000112471
4280.28	0.000143527
4278.35	0.00027752
4276.42	0.000368375
4274.5	0.000342376
4272.57	0.000223049
4270.64	0.000203557
4268.71	0.000357697
4266.78	0.000439314
4264.86	0.00042827
4262.93	0.000393114
4261	0.000292573
4259.07	0.000361013
4257.14	0.000434737
4255.22	0.000366551
4253.29	0.00023379
4251.36	8.65547e-05
4249.43	0.000233459
4247.5	0.000353187
4245.58	0.000303581
4243.65	0.000366153
4241.72	0.000380744
4239.79	0.00020959
4237.86	0.000225801
4235.94	0.000378821
4234.01	0.000477525
4232.08	0.000572436
4230.15	0.000529606
4228.22	0.000416131
4226.3	0.000355442
4224.37	0.000247184
4222.44	0.000178165
4220.51	0.000392949
4218.58	0.000473777
4216.66	0.000433046
4214.73	0.000388239
4212.8	0.000272182
4210.87	0.000243802
4208.94	0.000312169
4207.02	0.000376997
4205.09	0.000378622
4203.16	0.00038867
4201.23	0.000269231
4199.3	0.000267043
4197.38	0.000413378
4195.45	0.000526089
4193.52	0.000379119
4191.59	0.00026028
4189.66	0.000292241
4187.74	0.000416794
4185.81	0.000400245
4183.88	0.000215491
4181.95	0.000199082
4180.02	0.000282692
4178.1	0.000359123
4176.17	0.000408271
4174.24	0.000478421
4172.31	0.000480378
4170.38	0.000353087
4168.46	0.00030189
4166.53	0.00037262
4164.6	0.000368308
4162.67	0.000350003
4160.74	0.000275597
4158.82	8.08546e-05
4156.89	0.000167293
4154.96	0.000291246
4153.03	0.000318502
4151.1	0.000435998
4149.18	0.000403429
4147.25	0.000277686
4145.32	0.000157846
4143.39	0.000121553
4141.46	0.000272514
4139.54	0.000353187
4137.61	0.000225735
4135.68	0.000303349
4133.75	0.000456462
4131.82	0.000482832
4129.9	0.000448237
4127.97	0.00031187
4126.04	0.000310909
4124.11	0.000504162
4122.18	0.000471853
4120.26	0.000185756
4118.33	0.000217414
4116.4	0.000347019
4114.47	0.000357266
4112.54	0.000353684
4110.62	0.000124105
4108.69	-2.91579e-06
4106.76	3.89342e-05
4104.83	0.000229381
4102.9	0.000414274
4100.98	0.000447043
4099.05	0.000412549
4097.12	0.000316015
4095.19	0.000298242
4093.26	0.000367513
4091.34	0.000424489
4089.41	0.000518459
4087.48	0.000399615
4085.55	0.000267806
4083.62	0.000240885
4081.7	0.000126126
4079.77	6.37214e-05
4077.84	0.000159039
4075.91	0.000191756
4073.98	0.00022905
4072.06	0.000105545
4070.13	0.000172828
4068.2	0.000336607
4066.27	0.000338331
4064.34	0.000316148
4062.42	0.000264789
4060.49	0.00021864
4058.56	0.00015473
4056.63	9.63976e-05
4054.7	0.000220232
4052.78	0.000281863
4050.85	0.000283156
4048.92	0.000371592
4046.99	0.000363798
4045.06	0.000224011
4043.14	0.000147173
4041.21	0.00027689
4039.28	0.000387079
4037.35	0.000381109
4035.42	0.000248974
4033.5	0.000216883
4031.57	0.000320856
4029.64	0.000347483
4027.71	0.00026522
4025.78	0.00019643
4023.86	0.000222585
4021.93	0.000367115
4020	0.000380247
4018.07	0.000181646
4016.14	0.000186585
4014.22	0.000320856
4012.29	0.000266711
4010.36	0.000305703
4008.43	0.000333622
4006.5	0.000261672
4004.58	0.000202132
4002.65	0.000242178
4000.72	0.000411355
3998.79	0.000403727
3996.86	0.000292274
3994.94	0.000278415
3993.01	0.000303514
3991.08	0.000294695
3989.15	0.00032888
3987.22	0.000361543
3985.29	0.000363102
3983.37	0.000312069
3981.44	0.000191358
3979.51	0.000174884
3977.58	0.000229879
3975.66	0.000314125
3973.73	0.000258423
3971.8	0.000163879
3969.87	0.000263694
3967.94	0.000322779
3966.01	0.00023999
3964.09	0.000296518
3962.16	0.00033591
3960.23	0.000368143
3958.3	0.00030053
3956.38	0.00014714
3954.45	0.00019464
3952.52	0.000338795
3950.59	0.000318601
3948.66	0.000338066
3946.73	0.000260246
3944.81	0.000238896
3942.88	0.000180055
3940.95	0.000139716
3939.02	0.000234089
3937.09	0.000305703
3935.17	0.000288296
3933.24	0.000195137
3931.31	0.000136269
3929.38	0.000180983
3927.45	0.000196629
3925.53	0.000299436
3923.6	0.000408138
3921.67	0.000409896
3919.74	0.000238863
3917.81	0.00013428
3915.89	0.000130999
3913.96	0.000203126
3912.03	0.000262302
3910.1	0.00014124
3908.17	-4.70478e-05
3906.25	-8.06408e-05
3904.32	8.15505e-05
3902.39	0.000279775
3900.46	0.000263694
3898.53	0.000232299
3896.61	0.000179392
3894.68	0.000201601
3892.75	0.000330174
3890.82	0.00022537
3888.89	0.000144687
3886.97	0.000198684
3885.04	0.000255738
3883.11	0.000329179
3881.18	0.000374046
3879.25	0.000271154
3877.33	0.000159006
3875.4	0.000134744
3873.47	0.000116349
3871.54	0.00015251
3869.61	0.000185391
3867.69	0.000115521
3865.76	0.000142599
3863.83	0.000190397
3861.9	0.000158509
3859.97	0.000145317
3858.05	0.000181281
3856.12	0.000129242
3854.19	0.00014008
3852.26	0.000203756
3850.33	0.00013597
3848.41	0.000132159
3846.48	0.000299834
3844.55	0.000324901
3842.62	0.000228287
3840.69	0.000283455
3838.77	0.000268402
3836.84	0.00012195
3834.91	0.000187347
3832.98	0.000251527
3831.05	0.000190728
3829.13	0.000352955
3827.2	0.000352623
3825.27	0.00027931
3823.34	0.000208397
3821.41	0.000231072
3819.49	0.000284914
3817.56	0.000364064
3815.63	0.000475999
3813.7	0.000425185
3811.77	0.000333788
3809.85	0.000348213
3807.92	0.000358526
3805.99	0.000439746
3804.06	0.000392617
3802.13	0.000405816
3800.21	0.000465551
3798.28	0.000337071
3796.35	0.000382933
3794.42	0.000632758
3792.49	0.000548582
3790.57	0.000326758
3788.64	0.00033591
3786.71	0.00048469
3784.78	0.000583219
3782.85	0.000551269
3780.93	0.000530767
3779	0.000522938
3777.07	0.000548449
3775.14	0.000488107
3773.21	0.000581394
3771.29	0.000567592
3769.36	0.000400809
3767.43	0.000511825
3765.5	0.000691129
3763.57	0.000660964
3761.65	0.000550407
3759.72	0.000651075
3757.79	0.000750969
3755.86	0.000682799
3753.93	0.000657778
3752.01	0.000685985
3750.08	0.000639427
3748.15	0.000614475
3746.22	0.000652734
3744.29	0.000611953
3742.37	0.000594268
3740.44	0.000653862
3738.51	0.000760462
3736.58	0.000782701
3734.65	0.000790834
3732.73	0.000975168
3730.8	0.00111078
3728.87	0.00111503
3726.94	0.00117543
3725.01	0.00128295
3723.09	0.00130768
3721.16	0.00140696
3719.23	0.00146517
3717.3	0.00137548
3715.37	0.00156622
3713.45	0.00170321
3711.52	0.00169223
3709.59	0.00185116
3707.66	0.0020718
3705.73	0.00206997
3703.81	0.00201464
3701.88	0.00202869
3699.95	0.00206894
3698.02	0.00226461
3696.09	0.00257314
3694.17	0.00262081
3692.24	0.00246353
3690.31	0.00258298
3688.38	0.00279872
3686.45	0.00306092
3684.53	0.00328878
3682.6	0.0032991
3680.67	0.00335028
3678.74	0.00346005
3676.81	0.00353537
3674.89	0.00369277
3672.96	0.00398299
3671.03	0.00426444
3669.1	0.00436701
3667.17	0.00450091
3665.25	0.00479415
3663.32	0.00484391
3661.39	0.00495399
3659.46	0.00528258
3657.53	0.0055837
3655.61	0.00577388
3653.68	0.00594781
3651.75	0.00621578
3649.82	0.00656145
3647.89	0.00686972
3645.97	0.00702705
3644.04	0.00719812
3642.11	0.00743936
3640.18	0.00775544
3638.25	0.00819207
3636.33	0.00844876
3634.4	0.00863276
3632.47	0.00886431
3630.54	0.00910827
3628.61	0.00958857
3626.69	0.00995361
3624.76	0.0102839
3622.83	0.0107799
3620.9	0.0112262
3618.97	0.0116719
3617.05	0.0121546
3615.12	0.0126355
3613.19	0.0132775
3611.26	0.0138531
3609.33	0.014229
3607.41	0.0147024
3605.48	0.015424
3603.55	0.0160876
3601.62	0.0167322
3599.69	0.0174804
3597.77	0.0182007
3595.84	0.0189759
3593.91	0.0197048
3591.98	0.0204422
3590.05	0.0212462
3588.12	0.0221481
3586.2	0.0230824
3584.27	0.0241756
3582.34	0.0252095
3580.41	0.0261069
3578.49	0.0270734
3576.56	0.0282961
3574.63	0.029645
3572.7	0.0309665
3570.77	0.0323053
3568.85	0.033586
3566.92	0.0349883
3564.99	0.0365242
3563.06	0.0379852
3561.13	0.039426
3559.21	0.0410807
3557.28	0.0430204
3555.35	0.0448259
3553.42	0.0467059
3551.49	0.0486949
3549.56	0.0506021
3547.64	0.0526396
3545.71	0.0548268
3543.78	0.057315
3541.85	0.059678
3539.93	0.061926
3538	0.0644356
3536.07	0.0670064
3534.14	0.0697285
3532.21	0.0724873
3530.28	0.0753521
3528.36	0.078574
3526.43	0.0817967
3524.5	0.0851236
3522.57	0.088589
3520.65	0.0920686
3518.72	0.0957031
3516.79	0.0995965
3514.86	0.103675
3512.93	0.108023
3511	0.112521
3509.08	0.117193
3507.15	0.122098
3505.22	0.127106
3503.29	0.132359
3501.37	0.137911
3499.44	0.143767
3497.51	0.149925
3495.58	0.156413
3493.65	0.162876
3491.72	0.169467
3489.8	0.176605
3487.87	0.184255
3485.94	0.192049
3484.01	0.200062
3482.08	0.208308
3480.16	0.21663
3478.23	0.225396
3476.3	0.23436
3474.37	0.243808
3472.44	0.253398
3470.52	0.263194
3468.59	0.273385
3466.66	0.283612
3464.73	0.29407
3462.81	0.304722
3460.88	0.315609
3458.95	0.326846
3457.02	0.338205
3455.09	0.349162
3453.16	0.360009
3451.24	0.371028
3449.31	0.381814
3447.38	0.392086
3445.45	0.401737
3443.52	0.410998
3441.6	0.419524
3439.67	0.427414
3437.74	0.434398
3435.81	0.439981
3433.88	0.444231
3431.96	0.447283
3430.03	0.449609
3428.1	0.450927
3426.17	0.45104
3424.24	0.450426
3422.32	0.449014
3420.39	0.446854
3418.46	0.44397
3416.53	0.44042
3414.6	0.436884
3412.68	0.433123
3410.75	0.429201
3408.82	0.425791
3406.89	0.422462
3404.96	0.418985
3403.04	0.416233
3401.11	0.413765
3399.18	0.411037
3397.25	0.408098
3395.32	0.405454
3393.4	0.403049
3391.47	0.400423
3389.54	0.397914
3387.61	0.39564
3385.68	0.393493
3383.76	0.391474
3381.83	0.389718
3379.9	0.388172
3377.97	0.386715
3376.04	0.38524
3374.12	0.383635
3372.19	0.382305
3370.26	0.381233
3368.33	0.380261
3366.4	0.37907
3364.48	0.377774
3362.55	0.37673
3360.62	0.375854
3358.69	0.374648
3356.76	0.373656
3354.84	0.372923
3352.91	0.372388
3350.98	0.371603
3349.05	0.370662
3347.12	0.370071
3345.2	0.369625
3343.27	0.369053
3341.34	0.368528
3339.41	0.367889
3337.48	0.367297
3335.56	0.366848
3333.63	0.36668
3331.7	0.366248
3329.77	0.365452
3327.84	0.364637
3325.92	0.363817
3323.99	0.362972
3322.06	0.362321
3320.13	0.361693
3318.2	0.360573
3316.28	0.359203
3314.35	0.358028
3312.42	0.357025
3310.49	0.355592
3308.56	0.354133
3306.64	0.352612
3304.71	0.350943
3302.78	0.34926
3300.85	0.347491
3298.92	0.345726
3297	0.344099
3295.07	0.342361
3293.14	0.340438
3291.21	0.338647
3289.28	0.336839
3287.36	0.334985
3285.43	0.333284
3283.5	0.331849
3281.57	0.330063
3279.64	0.328134
3277.72	0.3264
3275.79	0.324806
3273.86	0.323313
3271.93	0.321847
3270	0.320298
3268.08	0.318829
3266.15	0.317112
3264.22	0.31526
3262.29	0.313454
3260.36	0.311712
3258.44	0.309996
3256.51	0.308609
3254.58	0.307268
3252.65	0.305561
3250.72	0.303642
3248.8	0.302081
3246.87	0.300869
3244.94	0.299386
3243.01	0.298026
3241.08	0.297301
3239.16	0.296948
3237.23	0.296895
3235.3	0.297269
3233.37	0.298254
3231.44	0.299787
3229.52	0.302196
3227.59	0.305593
3225.66	0.30971
3223.73	0.314644
3221.8	0.320665
3219.88	0.328258
3217.95	0.337352
3216.02	0.347499
3214.09	0.358814
3212.16	0.370922
3210.24	0.383031
3208.31	0.395029
3206.38	0.406549
3204.45	0.416988
3202.52	0.42572
3200.6	0.433164
3198.67	0.439431
3196.74	0.444625
3194.81	0.44877
3192.88	0.452208
3190.96	0.454481
3189.03	0.456457
3187.1	0.458137
3185.17	0.459518
3183.24	0.460577
3181.32	0.461346
3179.39	0.461794
3177.46	0.462082
3175.53	0.462205
3173.6	0.462082
3171.68	0.462135
3169.75	0.461948
3167.82	0.461726
3165.89	0.461474
3163.96	0.460842
3162.04	0.460402
3160.11	0.460588
3158.18	0.460885
3156.25	0.460941
3154.32	0.460827
3152.4	0.461325
3150.47	0.462402
3148.54	0.463345
3146.61	0.46442
3144.68	0.466106
3142.76	0.46795
3140.83	0.469573
3138.9	0.471537
3136.97	0.474278
3135.04	0.477167
3133.12	0.480091
3131.19	0.483325
3129.26	0.486785
3127.33	0.490266
3125.4	0.493118
3123.48	0.496283
3121.55	0.499536
3119.62	0.502073
3117.69	0.504655
3115.76	0.507112
3113.84	0.508951
3111.91	0.509786
3109.98	0.509887
3108.05	0.509357
3106.12	0.507814
3104.2	0.504889
3102.27	0.500997
3100.34	0.49645
3098.41	0.490588
3096.48	0.48357
3094.56	0.475465
3092.63	0.466677
3090.7	0.457269
3088.77	0.447109
3086.84	0.43614
3084.92	0.424655
3082.99	0.41241
3081.06	0.399685
3079.13	0.386924
3077.2	0.373712
3075.28	0.360381
3073.35	0.347122
3071.42	0.333793
3069.49	0.32028
3067.56	0.306761
3065.63	0.293525
3063.71	0.280369
3061.78	0.267485
3059.85	0.254581
3057.92	0.241982
3055.99	0.229886
3054.07	0.217818
3052.14	0.206205
3050.21	0.195062
3048.28	0.184459
3046.35	0.174462
3044.43	0.164953
3042.5	0.156108
3040.57	0.147797
3038.64	0.139947
3036.71	0.132676
3034.79	0.126042
3032.86	0.119731
3030.93	0.113718
3029	0.108373
3027.07	0.103595
3025.15	0.0991678
3023.22	0.095056
3021.29	0.0911821
3019.36	0.087598
3017.43	0.0844219
3015.51	0.0815844
3013.58	0.0790804
3011.65	0.0767369
3009.72	0.0742602
3007.79	0.0721845
3005.87	0.070374
3003.94	0.0686563
3002.01	0.0670179
3000.08	0.0654625
2998.15	0.0641005
2996.23	0.0629329
2994.3	0.061869
2992.37	0.0607629
2990.44	0.0596718
2988.51	0.0588392
2986.59	0.0581823
2984.66	0.0573578
2982.73	0.0566078
2980.8	0.055998
2978.87	0.0553046
2976.95	0.0547678
2975.02	0.0543268
2973.09	0.0538265
2971.16	0.053292
2969.23	0.0528892
2967.31	0.0525893
2965.38	0.0522717
2963.45	0.0518583
2961.52	0.0514496
2959.59	0.0510949
2957.67	0.0508748
2955.74	0.0506975
2953.81	0.050383
2951.88	0.0501908
2949.95	0.0498786
2948.03	0.0496465
2946.1	0.0494461
2944.17	0.0492295
2942.24	0.0490887
2940.31	0.0488833
2938.39	0.0486359
2936.46	0.048544
2934.53	0.0483763
2932.6	0.048108
2930.67	0.0480163
2928.75	0.0479687
2926.82	0.0477717
2924.89	0.0475915
2922.96	0.0475956
2921.03	0.0475167
2919.11	0.0472243
2917.18	0.0470039
2915.25	0.0469446
2913.32	0.0468602
2911.39	0.046707
2909.47	0.0465936
2907.54	0.046397
2905.61	0.0462395
2903.68	0.0460483
2901.75	0.0457347
2899.83	0.0453834
2897.9	0.0451059
2895.97	0.0450337
2894.04	0.0449417
2892.11	0.0447287
2890.19	0.0445084
2888.26	0.0442276
2886.33	0.0440396
2884.4	0.043824
2882.47	0.0436103
2880.55	0.0432663
2878.62	0.0429346
2876.69	0.0427103
2874.76	0.042569
2872.83	0.0422379
2870.91	0.0418533
2868.98	0.0415818
2867.05	0.0412933
2865.12	0.0410676
2863.19	0.0407932
2861.27	0.040371
2859.34	0.0399998
2857.41	0.0397522
2855.48	0.0395112
2853.55	0.0392264
2851.63	0.0388075
2849.7	0.0383626
2847.77	0.0380698
2845.84	0.0378357
2843.91	0.0375817
2841.99	0.037242
2840.06	0.0368853
2838.13	0.03667
2836.2	0.0363514
2834.27	0.0358063
2832.35	0.0353632
2830.42	0.0350244
2828.49	0.0347692
2826.56	0.0344038
2824.63	0.0340884
2822.71	0.0338113
2820.78	0.0333253
2818.85	0.0329531
2816.92	0.0326039
2814.99	0.0322446
2813.07	0.0319176
2811.14	0.0316127
2809.21	0.0312959
2807.28	0.0309229
2805.35	0.0305063
2803.43	0.0301444
2801.5	0.0298679
2799.57	0.0294104
2797.64	0.0288593
2795.71	0.0285264
2793.79	0.0282775
2791.86	0.0280592
2789.93	0.0277309
2788	0.0272481
2786.07	0.0268809
2784.15	0.0264406
2782.22	0.0260184
2780.29	0.0258358
2778.36	0.0256809
2776.43	0.0252874
2774.51	0.0249022
2772.58	0.0246236
2770.65	0.0243401
2768.72	0.0239838
2766.79	0.0235248
2764.87	0.0231904
2762.94	0.0228403
2761.01	0.0225272
2759.08	0.022286
2757.15	0.0218785
2755.23	0.0215909
2753.3	0.0213734
2751.37	0.0210571
2749.44	0.0207021
2747.51	0.020554
2745.59	0.0203534
2743.66	0.0199593
2741.73	0.019645
2739.8	0.0193643
2737.87	0.0191423
2735.95	0.0188353
2734.02	0.0184764
2732.09	0.0183455
2730.16	0.0181176
2728.23	0.0179372
2726.31	0.0176727
2724.38	0.0175059
2722.45	0.0173608
2720.52	0.01713
2718.59	0.0168874
2716.67	0.0166245
2714.74	0.0164576
2712.81	0.016305
2710.88	0.0161716
2708.95	0.0160466
2707.02	0.015875
2705.1	0.0156487
2703.17	0.015443
2701.24	0.0152726
2699.31	0.015165
2697.39	0.015097
2695.46	0.0149691
2693.53	0.0147777
2691.6	0.0147498
2689.67	0.0146406
2687.75	0.0144045
2685.82	0.0144131
2683.89	0.0142944
2681.96	0.0141417
2680.03	0.0141126
2678.11	0.0140034
2676.18	0.0137962
2674.25	0.0136177
2672.32	0.0135157
2670.39	0.0134964
2668.46	0.0134758
2666.54	0.0135282
2664.61	0.0136085
2662.68	0.0135402
2660.75	0.0136363
2658.83	0.0136391
2656.9	0.0134687
2654.97	0.0133186
2653.04	0.0133078
2651.11	0.0133085
2649.19	0.0131775
2647.26	0.0131134
2645.33	0.0132957
2643.4	0.0134397
2641.47	0.0133078
2639.55	0.0132114
2637.62	0.0132437
2635.69	0.0132118
2633.76	0.0132168
2631.83	0.0130128
2629.9	0.0129624
2627.98	0.0131554
2626.05	0.0131488
2624.12	0.0130907
2622.19	0.0131524
2620.27	0.0132193
2618.34	0.013231
2616.41	0.0132806
2614.48	0.0133632
2612.55	0.0133404
2610.62	0.0133409
2608.7	0.0134165
2606.77	0.0133511
2604.84	0.0133166
2602.91	0.0134164
2600.98	0.0135833
2599.06	0.0136294
2597.13	0.0135452
2595.2	0.0135652
2593.27	0.0136388
2591.34	0.0137015
2589.42	0.013714
2587.49	0.0137604
2585.56	0.0137805
2583.63	0.0137004
2581.71	0.0137593
2579.78	0.0138737
2577.85	0.0140657
2575.92	0.0141265
2573.99	0.0141719
2572.06	0.0142179
2570.14	0.0142273
2568.21	0.0142191
2566.28	0.0141685
2564.35	0.0142044
2562.42	0.0143472
2560.5	0.0144446
2558.57	0.0144909
2556.64	0.0145952
2554.71	0.0147309
2552.78	0.0147244
2550.86	0.0148375
2548.93	0.0149907
2547	0.0150101
2545.07	0.0149904
2543.15	0.0149816
2541.22	0.0150547
2539.29	0.0151204
2537.36	0.0152223
2535.43	0.0152405
2533.5	0.0153193
2531.58	0.0154977
2529.65	0.0156241
2527.72	0.0157395
2525.79	0.0158324
2523.86	0.0158746
2521.94	0.0159362
2520.01	0.0159454
2518.08	0.0159476
2516.15	0.0161352
2514.22	0.016194
2512.3	0.0161838
2510.37	0.0163818
2508.44	0.0165268
2506.51	0.0164948
2504.58	0.0165687
2502.66	0.0165982
2500.73	0.0166214
2498.8	0.0167439
2496.87	0.0168947
2494.94	0.0170438
2493.02	0.0171808
2491.09	0.0172543
2489.16	0.0173719
2487.23	0.0173809
2485.3	0.0174534
2483.38	0.0175638
2481.45	0.0176488
2479.52	0.0177086
2477.59	0.01771
2475.66	0.0178245
2473.74	0.0179569
2471.81	0.0181751
2469.88	0.0184125
2467.95	0.018418
2466.02	0.0184988
2464.1	0.0185695
2462.17	0.0185291
2460.24	0.0186346
2458.31	0.0187584
2456.38	0.0188508
2454.46	0.0189769
2452.53	0.0189383
2450.6	0.0189252
2448.67	0.0190703
2446.74	0.019159
2444.82	0.0193022
2442.89	0.0194912
2440.96	0.0196409
2439.03	0.0196969
2437.1	0.0197549
2435.18	0.0199156
2433.25	0.0200615
2431.32	0.0203209
2429.39	0.0204755
2427.46	0.0205008
2425.54	0.0206145
2423.61	0.0208055
2421.68	0.0209311
2419.75	0.0210279
2417.82	0.0213978
2415.9	0.0215476
2413.97	0.0215234
2412.04	0.0215572
2410.11	0.0215045
2408.18	0.0216159
2406.26	0.0217512
2404.33	0.0219683
2402.4	0.0220817
2400.47	0.0222638
2398.54	0.0223552
2396.62	0.0223208
2394.69	0.0223621
2392.76	0.0225095
2390.83	0.022712
2388.9	0.02292
2386.98	0.0230736
2385.05	0.0231302
2383.12	0.0232256
2381.19	0.0233392
2379.26	0.0234921
2377.34	0.0236998
2375.41	0.0238494
2373.48	0.0239569
2371.55	0.0241155
2369.62	0.0242135
2367.7	0.0243019
2365.77	0.0244615
2363.84	0.0247454
2361.91	0.0249753
2359.98	0.0250862
2358.06	0.0251503
2356.13	0.0252312
2354.2	0.0255004
2352.27	0.0256946
2350.34	0.0258778
2348.42	0.026033
2346.49	0.0261958
2344.56	0.0263912
2342.63	0.0268221
2340.7	0.027196
2338.78	0.0272094
2336.85	0.0272304
2334.92	0.0273683
2332.99	0.0274888
2331.06	0.0276169
2329.14	0.0278138
2327.21	0.0281798
2325.28	0.0282732
2323.35	0.0284035
2321.42	0.0286297
2319.5	0.0286725
2317.57	0.0287866
2315.64	0.0289686
2313.71	0.0291786
2311.78	0.0294184
2309.86	0.0295123
2307.93	0.0295604
2306	0.0296712
2304.07	0.0299539
2302.14	0.0304026
2300.22	0.0304899
2298.29	0.0305005
2296.36	0.0306634
2294.43	0.0308126
2292.5	0.0309756
2290.58	0.0310977
2288.65	0.0312715
2286.72	0.0314285
2284.79	0.0314866
2282.86	0.0315652
2280.94	0.0316419
2279.01	0.0317323
2277.08	0.0318111
2275.15	0.0317687
2273.22	0.0317757
2271.3	0.0319607
2269.37	0.0320664
2267.44	0.0320226
2265.51	0.032008
2263.58	0.032035
2261.66	0.0321011
2259.73	0.0320417
2257.8	0.0319278
2255.87	0.0317435
2253.94	0.0316003
2252.02	0.0316871
2250.09	0.0317878
2248.16	0.0318237
2246.23	0.0316833
2244.3	0.0316413
2242.38	0.03171
2240.45	0.0315569
2238.52	0.031282
2236.59	0.0311877
2234.66	0.0312185
2232.74	0.0310389
2230.81	0.0306239
2228.88	0.0303723
2226.95	0.0303056
2225.02	0.0303049
2223.1	0.0300474
2221.17	0.0297573
2219.24	0.029636
2217.31	0.0294301
2215.38	0.0290667
2213.46	0.0287779
2211.53	0.0286793
2209.6	0.0285478
2207.67	0.0282153
2205.74	0.0278609
2203.81	0.0277456
2201.89	0.0275623
2199.96	0.0272024
2198.03	0.0268259
2196.1	0.0266653
2194.18	0.0264945
2192.25	0.0261809
2190.32	0.0257863
2188.39	0.025521
2186.46	0.0251858
2184.54	0.0249347
2182.61	0.0246275
2180.68	0.0244561
2178.75	0.0243135
2176.82	0.0238813
2174.9	0.0236269
2172.97	0.0234988
2171.04	0.0232549
2169.11	0.0230732
2167.18	0.0227645
2165.25	0.0223872
2163.33	0.022011
2161.4	0.0218568
2159.47	0.0216424
2157.54	0.0215235
2155.62	0.0212279
2153.69	0.0208481
2151.76	0.0205919
2149.83	0.0203922
2147.9	0.0202449
2145.98	0.0201146
2144.05	0.0199219
2142.12	0.0196593
2140.19	0.0194424
2138.26	0.0193032
2136.33	0.019199
2134.41	0.0188593
2132.48	0.0184583
2130.55	0.0183883
2128.62	0.0181388
2126.69	0.0177619
2124.77	0.0175141
2122.84	0.0173123
2120.91	0.017208
2118.98	0.0170577
2117.05	0.0168771
2115.13	0.0166607
2113.2	0.0165381
2111.27	0.0163639
2109.34	0.0161896
2107.41	0.0160603
2105.49	0.0158957
2103.56	0.0157764
2101.63	0.0156772
2099.7	0.0155453
2097.77	0.0153137
2095.85	0.0151068
2093.92	0.0150138
2091.99	0.0149502
2090.06	0.0147721
2088.13	0.0146318
2086.21	0.0143913
2084.28	0.0141861
2082.35	0.0140669
2080.42	0.0139996
2078.49	0.0139241
2076.57	0.0138543
2074.64	0.0137805
2072.71	0.0135553
2070.78	0.0135049
2068.85	0.0135708
2066.93	0.0134608
2065	0.0131904
2063.07	0.0132262
2061.14	0.0133587
2059.21	0.0131876
2057.29	0.0129502
2055.36	0.012751
2053.43	0.0126185
2051.5	0.012555
2049.57	0.0125953
2047.65	0.0126022
2045.72	0.0124733
2043.79	0.0123366
2041.86	0.0122413
2039.93	0.0121428
2038.01	0.0121926
2036.08	0.0121237
2034.15	0.0120133
2032.22	0.0119223
2030.29	0.011774
2028.37	0.0118471
2026.44	0.0118732
2024.51	0.0117918
2022.58	0.0117031
2020.65	0.0116396
2018.73	0.0116092
2016.8	0.0115051
2014.87	0.0114656
2012.94	0.0115987
2011.01	0.0117262
2009.09	0.0116214
2007.16	0.0115794
2005.23	0.0116423
2003.3	0.0116876
2001.37	0.0118611
1999.45	0.0119578
1997.52	0.0118754
1995.59	0.011819
1993.66	0.0118319
1991.73	0.011843
1989.81	0.0118477
1987.88	0.0118994
1985.95	0.011824
1984.02	0.0117855
1982.09	0.0118678
1980.17	0.012104
1978.24	0.0121394
1976.31	0.0121209
1974.38	0.012208
1972.45	0.012179
1970.53	0.0121443
1968.6	0.0122378
1966.67	0.0124261
1964.74	0.0125421
1962.81	0.0126358
1960.89	0.0127386
1958.96	0.0128412
1957.03	0.0130559
1955.1	0.0131976
1953.17	0.0132713
1951.25	0.0134065
1949.32	0.0134957
1947.39	0.0136707
1945.46	0.013842
1943.53	0.0139304
1941.61	0.0138858
1939.68	0.0140152
1937.75	0.0142955
1935.82	0.01455
1933.89	0.014644
1931.97	0.0147491
1930.04	0.0147832
1928.11	0.0148521
1926.18	0.0150941
1924.25	0.0152521
1922.33	0.015296
1920.4	0.0154787
1918.47	0.0156616
1916.54	0.01579
1914.61	0.0160473
1912.69	0.0162633
1910.76	0.0165718
1908.83	0.0166675
1906.9	0.0167758
1904.97	0.0169999
1903.05	0.0170637
1901.12	0.0171456
1899.19	0.0172979
1897.26	0.0174799
1895.33	0.0176952
1893.41	0.0178639
1891.48	0.0180765
1889.55	0.0182425
1887.62	0.018362
1885.69	0.0185274
1883.77	0.0187036
1881.84	0.019032
1879.91	0.0192634
1877.98	0.0193895
1876.05	0.0194034
1874.13	0.0195395
1872.2	0.0196824
1870.27	0.0197645
1868.34	0.0198938
1866.41	0.0200358
1864.49	0.0202352
1862.56	0.0204477
1860.63	0.0207507
1858.7	0.0209273
1856.77	0.020903
1854.85	0.0209705
1852.92	0.0212012
1850.99	0.0212731
1849.06	0.0212707
1847.13	0.0214241
1845.21	0.0218328
1843.28	0.0220254
1841.35	0.0221175
1839.42	0.0223068
1837.49	0.0225587
1835.57	0.0225559
1833.64	0.0227474
1831.71	0.0231336
1829.78	0.0232496
1827.85	0.0232226
1825.93	0.0234368
1824	0.023614
1822.07	0.023775
1820.14	0.0238586
1818.21	0.024055
1816.29	0.0244283
1814.36	0.0247064
1812.43	0.024852
1810.5	0.024871
1808.57	0.0248374
1806.65	0.0249253
1804.72	0.0252721
1802.79	0.0256758
1800.86	0.0260252
1798.93	0.0262043
1797.01	0.0262207
1795.08	0.0264031
1793.15	0.0266366
1791.22	0.0268302
1789.29	0.0270951
1787.37	0.0274061
1785.44	0.0275695
1783.51	0.027668
1781.58	0.0279322
1779.65	0.0282574
1777.73	0.0284355
1775.8	0.0288467
1773.87	0.0292716
1771.94	0.029353
1770.01	0.0296721
1768.08	0.0299992
1766.16	0.0300785
1764.23	0.0303377
1762.3	0.0306022
1760.37	0.0310275
1758.45	0.0315087
1756.52	0.0317562
1754.59	0.0321334
1752.66	0.0324908
1750.73	0.0327272
1748.81	0.0331475
1746.88	0.0335992
1744.95	0.0340506
1743.02	0.0342725
1741.09	0.0346126
1739.17	0.0351831
1737.24	0.0358165
1735.31	0.0362245
1733.38	0.0363096
1731.45	0.0366921
1729.52	0.0373692
1727.6	0.037826
1725.67	0.0382763
1723.74	0.0388044
1721.81	0.0391253
1719.89	0.0395919
1717.96	0.0401855
1716.03	0.0405101
1714.1	0.0409124
1712.17	0.0416068
1710.24	0.0421699
1708.32	0.0425077
1706.39	0.0428623
1704.46	0.0433937
1702.53	0.0439238
1700.6	0.0442918
1698.68	0.0445382
1696.75	0.0450989
1694.82	0.0455945
1692.89	0.0460677
1690.96	0.0467052
1689.04	0.0470568
1687.11	0.0471675
1685.18	0.0473355
1683.25	0.0478405
1681.33	0.0482737
1679.4	0.0487782
1677.47	0.0492659
1675.54	0.0497903
1673.61	0.0503087
1671.68	0.0506322
1669.76	0.0512193
1667.83	0.0520088
1665.9	0.0525911
1663.97	0.0531991
1662.04	0.0538843
1660.12	0.0546026
1658.19	0.0552086
1656.26	0.0556362
1654.33	0.0560176
1652.4	0.0564772
1650.48	0.0570576
1648.55	0.0574829
1646.62	0.0579225
1644.69	0.0584728
1642.76	0.0589725
1640.84	0.0593912
1638.91	0.0595767
1636.98	0.0597931
1635.05	0.0600818
1633.12	0.0601451
1631.2	0.0602362
1629.27	0.0601076
1627.34	0.0596319
1625.41	0.0590403
1623.48	0.058723
1621.56	0.0583458
1619.63	0.0578358
1617.7	0.0574208
1615.77	0.0569482
1613.84	0.05669
1611.92	0.0567793
1609.99	0.0566618
1608.06	0.0563639
1606.13	0.0564154
1604.2	0.0565796
1602.28	0.0565065
1600.35	0.0564201
1598.42	0.056339
1596.49	0.0564927
1594.56	0.0565857
1592.64	0.05645
1590.71	0.0563146
1588.78	0.056163
1586.85	0.0564609
1584.92	0.0567506
1583	0.0569407
1581.07	0.0569092
1579.14	0.0567207
1577.21	0.0564565
1575.28	0.0563817
1573.36	0.0565446
1571.43	0.0566373
1569.5	0.0566572
1567.57	0.0565906
1565.64	0.056478
1563.72	0.0563909
1561.79	0.0560199
1559.86	0.0559706
1557.93	0.0560413
1556	0.0558957
1554.08	0.0559237
1552.15	0.0559542
1550.22	0.0557226
1548.29	0.0555349
1546.36	0.0552902
1544.44	0.0550859
1542.51	0.055064
1540.58	0.0551005
1538.65	0.0548377
1536.72	0.0544115
1534.8	0.0542409
1532.87	0.0542986
1530.94	0.0541942
1529.01	0.0540891
1527.08	0.0538787
1525.16	0.0534736
1523.23	0.0531428
1521.3	0.0529135
1519.37	0.0525644
1517.44	0.0523001
1515.52	0.0521535
1513.59	0.0518007
1511.66	0.0514188
1509.73	0.0511144
1507.8	0.0507277
1505.88	0.0506754
1503.95	0.0506644
1502.02	0.0503412
1500.09	0.0498999
1498.16	0.0492934
1496.24	0.0489749
1494.31	0.0488034
1492.38	0.0485111
1490.45	0.0483022
1488.52	0.0480474
1486.6	0.0476548
1484.67	0.0471832
1482.74	0.047053
1480.81	0.0469389
1478.88	0.0465076
1476.96	0.0460516
1475.03	0.0457901
1473.1	0.0455916
1471.17	0.0450926
1469.24	0.0444869
1467.32	0.0440182
1465.39	0.0436409
1463.46	0.0435284
1461.53	0.0433069
1459.6	0.0429766
1457.68	0.0427074
1455.75	0.0423474
1453.82	0.0419058
1451.89	0.0415265
1449.96	0.0414063
1448.04	0.0412012
1446.11	0.0408397
1444.18	0.0404734
1442.25	0.0401796
1440.32	0.0399418
1438.4	0.0396338
1436.47	0.0392414
1434.54	0.0386515
1432.61	0.0383179
1430.68	0.0380906
1428.76	0.0380242
1426.83	0.0377187
1424.9	0.037238
1422.97	0.0368548
1421.04	0.0364884
1419.12	0.0362845
1417.19	0.0359684
1415.26	0.0357539
1413.33	0.0356486
1411.4	0.0353807
1409.48	0.0350447
1407.55	0.0345723
1405.62	0.0343447
1403.69	0.0341461
1401.76	0.0338726
1399.84	0.0334552
1397.91	0.0333052
1395.98	0.0332645
1394.05	0.0328902
1392.12	0.0326593
1390.2	0.0324975
1388.27	0.0324633
1386.34	0.0323415
1384.41	0.0320004
1382.48	0.0318047
1380.56	0.0318191
1378.63	0.0316486
1376.7	0.0310804
1374.77	0.0307552
1372.84	0.0307857
1370.92	0.0307315
1368.99	0.0305392
1367.06	0.0302144
1365.13	0.0300715
1363.2	0.0298301
1361.28	0.0296819
1359.35	0.0296775
1357.42	0.0295689
1355.49	0.0293984
1353.56	0.0292687
1351.64	0.0293152
1349.71	0.0290497
1347.78	0.0291026
1345.85	0.0290734
1343.92	0.028682
1342	0.0285924
1340.07	0.0288915
1338.14	0.0287835
1336.21	0.0283344
1334.28	0.0281063
1332.36	0.0281731
1330.43	0.0281343
1328.5	0.0278429
1326.57	0.027702
1324.64	0.0276496
1322.72	0.0275722
1320.79	0.0275739
1318.86	0.0272882
1316.93	0.027018
1315	0.0268864
1313.08	0.0270553
1311.15	0.0273788
1309.22	0.0271934
1307.29	0.0269483
1305.36	0.0269237
1303.44	0.026783
1301.51	0.0267513
1299.58	0.0265989
1297.65	0.0266908
1295.72	0.0265811
1293.8	0.0263954
1291.87	0.0261709
1289.94	0.026037
1288.01	0.0262527
1286.08	0.0262033
1284.15	0.0258634
1282.23	0.0257508
1280.3	0.0260268
1278.37	0.0261684
1276.44	0.0258674
1274.52	0.0259384
1272.59	0.0261835
1270.66	0.0259568
1268.73	0.0255644
1266.8	0.0254427
1264.88	0.0251781
1262.95	0.0251802
1261.02	0.0252979
1259.09	0.0252279
1257.16	0.0251962
1255.24	0.0253742
1253.31	0.0253087
1251.38	0.0250453
1249.45	0.0250273
1247.52	0.0252351
1245.59	0.0252342
1243.67	0.0252329
1241.74	0.0249672
1239.81	0.024763
1237.88	0.0245675
1235.96	0.0243757
1234.03	0.0244517
1232.1	0.0244989
1230.17	0.0242167
1228.24	0.0243006
1226.31	0.024577
1224.39	0.0247364
1222.46	0.0247143
1220.53	0.0247607
1218.6	0.0247387
1216.68	0.024762
1214.75	0.024941
1212.82	0.0252126
1210.89	0.0253282
1208.96	0.0251239
1207.03	0.0247182
1205.11	0.0248736
1203.18	0.0252879
1201.25	0.0252587
1199.32	0.0252659
1197.39	0.0256105
1195.47	0.0258523
1193.54	0.0262235
1191.61	0.0263545
1189.68	0.0262918
1187.75	0.0267003
1185.83	0.0269499
1183.9	0.0269607
1181.97	0.0272177
1180.04	0.0277031
1178.11	0.0282909
1176.19	0.0290507
1174.26	0.029859
1172.33	0.0304553
1170.4	0.0311072
1168.47	0.0320209
1166.55	0.0331391
1164.62	0.0337797
1162.69	0.0344312
1160.76	0.0351955
1158.83	0.0358545
1156.91	0.0367741
1154.98	0.0378232
1153.05	0.0387469
1151.12	0.0395889
1149.19	0.0402189
1147.27	0.0409081
1145.34	0.0418435
1143.41	0.0426776
1141.48	0.0436156
1139.55	0.0442221
1137.63	0.0446983
1135.7	0.0451546
1133.77	0.045427
1131.84	0.0459075
1129.91	0.0464786
1127.99	0.047414
1126.06	0.0475587
1124.13	0.0475014
1122.2	0.0474846
1120.27	0.0471667
1118.35	0.0464696
1116.42	0.0458896
1114.49	0.0454511
1112.56	0.0450635
1110.63	0.0441247
1108.71	0.0431137
1106.78	0.0420698
1104.85	0.0407201
1102.92	0.0387549
1100.99	0.036907
1099.07	0.0349818
1097.14	0.0333154
1095.21	0.0316048
1093.28	0.0298392
1091.35	0.0277999
1089.43	0.0258801
1087.5	0.0242623
1085.57	0.0232392
1083.64	0.0222206
1081.71	0.0206239
1079.79	0.0196597
1077.86	0.0187944
1075.93	0.0176235
1074	0.0166538
1072.07	0.0159667
1070.15	0.0155657
1068.22	0.0152957
1066.29	0.0152706
1064.36	0.0150611
1062.43	0.0152539
1060.51	0.0155157
1058.58	0.0154953
1056.65	0.0155651
1054.72	0.0156004
1052.79	0.0164487
1050.87	0.0171682
1048.94	0.0183019
1047.01	0.0193694
1045.08	0.0200115
1043.15	0.0193286
1041.23	0.0194187
1039.3	0.0206472
1037.37	0.0213965
1035.44	0.0223661
1033.51	0.0234478
1031.59	0.0242713
1029.66	0.0246403
1027.73	0.0257575
1025.8	0.0274623
1023.87	0.0291669
1021.95	0.0305854
1020.02	0.0318219
1018.09	0.0326665
1016.16	0.0337537
1014.23	0.0352215
1012.31	0.036905
1010.38	0.0389734
1008.45	0.0403381
1006.52	0.0420065
1004.59	0.0439817
1002.67	0.0457897
1000.74	0.0483239
998.81	0.0511146
996.882	0.0534057
994.954	0.0559117
993.026	0.0589534
991.098	0.0619458
989.17	0.0652569
987.242	0.0686546
985.314	0.072465
983.386	0.0765738
981.458	0.0807189
979.53	0.0850099
977.602	0.0897095
975.673	0.0946641
973.746	0.0997838
971.817	0.104715
969.89	0.109381
967.962	0.114316
966.034	0.119081
964.106	0.123729
962.178	0.128299
960.25	0.132524
958.322	0.13647
956.394	0.140196
954.465	0.143571
952.538	0.146608
950.609	0.149433
948.682	0.152631
946.754	0.155472
944.826	0.157576
942.898	0.159237
940.97	0.160392
939.042	0.16138
937.113	0.161669
935.186	0.161884
933.257	0.163138
931.33	0.163802
929.401	0.164148
927.474	0.164063
925.546	0.163631
923.618	0.16297
921.69	0.161858
919.761	0.161218
917.833	0.160276
915.905	0.159273
913.978	0.158295
912.049	0.157275
910.122	0.156642
908.193	0.155001
906.266	0.153936
904.338	0.152713
902.409	0.151206
900.481	0.150085
898.553	0.1491
896.625	0.148145
894.697	0.1461
892.77	0.144307
890.841	0.143474
888.914	0.142554
886.985	0.140591
885.058	0.139871
883.129	0.139058
881.201	0.137094
879.273	0.13601
877.345	0.135454
875.417	0.134202
873.489	0.132604
871.562	0.131541
869.633	0.130371
867.706	0.128651
865.777	0.126277
863.849	0.124646
861.921	0.123855
859.993	0.122124
858.065	0.120621
856.137	0.120208
854.209	0.118815
852.281	0.116469
850.354	0.114629
848.425	0.113029
846.497	0.111786
844.569	0.110634
842.641	0.108622
840.713	0.107299
838.785	0.106303
836.857	0.103825
834.929	0.10115
833.001	0.0994687
831.073	0.0981845
829.145	0.0962923
827.217	0.0942792
825.289	0.0924181
823.361	0.0908545
821.433	0.088377
819.505	0.0856625
817.577	0.0843543
815.649	0.0837818
813.721	0.0822216
811.793	0.0801279
809.865	0.0785958
807.937	0.0769734
806.009	0.0750271
804.081	0.0739243
802.153	0.0732759
800.225	0.0721333
798.297	0.0703857
796.369	0.0680448
794.441	0.065725
792.513	0.0640662
790.585	0.0634236
788.657	0.062233
786.729	0.0608441
784.801	0.0607941
782.873	0.0596667
780.945	0.0576196
779.017	0.056376
777.089	0.0552022
775.161	0.0540089
773.232	0.0524316
771.305	0.0510803
769.377	0.0498795
767.449	0.0486328
765.521	0.0479101
763.593	0.0465881
761.665	0.045148
759.737	0.0430299
757.809	0.0425601
755.881	0.041859
753.953	0.0404229
752.024	0.0392803
750.097	0.0381142
748.169	0.037249
746.241	0.0368361
744.313	0.0361078
742.385	0.0355799
740.457	0.0347365
738.529	0.0337
736.601	0.0334508
734.672	0.0336043
732.745	0.0331222
730.816	0.0328145
728.889	0.0321276
726.961	0.0305061
725.033	0.0293974
723.105	0.0291882
721.177	0.0291212
719.249	0.029793
717.32	0.0301492
715.393	0.0297121
713.464	0.0291867
711.537	0.0274747
709.608	0.0269544
707.681	0.0273764
705.752	0.0272601
703.825	0.0265857
701.897	0.0260734
699.968	0.0258386
698.041	0.0257071
696.112	0.0248965
694.185	0.0236818
692.256	0.0233991
690.329	0.0240784
688.4	0.0246358
686.473	0.0249082
684.544	0.0234823
682.617	0.0221216
680.688	0.0208741
678.76	0.0203535
676.833	0.021355
674.904	0.0214752
672.977	0.0213116
671.048	0.0212325
669.121	0.0214539
667.192	0.0219543
665.265	0.0215218
663.336	0.0208667
661.408	0.0204846
659.48	0.0202426
657.552	0.0203586
655.625	0.020466
653.696	0.0195583
651.769	0.0194321
649.84	0.0182426
647.913	0.0177132
645.984	0.0186195
644.056	0.0183077
642.128	0.0186498
640.2	0.018583
638.272	0.0180681
636.344	0.0171681
634.417	0.0162653
632.488	0.0155266
630.561	0.0163892
628.632	0.0165036
626.704	0.0165703
624.776	0.0166436
622.848	0.0176586
620.92	0.0159277
618.992	0.0152089
617.064	0.0160797
615.136	0.0165937
613.208	0.0173161
611.28	0.0172543
609.353	0.0158477
607.424	0.0145023
605.496	0.0151138
603.568	0.017241
601.64	0.0170945
599.712	0.0156115
597.784	0.0149657
595.856	0.0143415
593.928	0.0143623
592	0.0146044
590.072	0.0146128
588.144	0.0157194
586.216	0.0157715
584.288	0.0144162
582.36	0.0129037
580.432	0.0138251
578.504	0.0142607
576.576	0.0122698
574.648	0.0118
572.72	0.0129728
570.792	0.0123168
568.864	0.0132089
566.936	0.0144274
565.008	0.0132436
563.08	0.0107395
561.152	0.0102311
559.224	0.0114848
557.296	0.0125512
555.368	0.0103628
553.44	0.00920498
551.512	0.00971199
549.583	0.0109648
547.656	0.0104377
545.728	0.0105931
543.8	0.0103466
541.872	0.00850775
539.944	0.00835211
538.016	0.00937193
536.088	0.00833711
534.16	0.00774815
532.231	0.00703483
530.304	0.00685397
528.375	0.00751294
526.448	0.00691789
524.52	0.00681401
522.592	0.00827217
520.664	0.00770929
518.736	0.00635092
516.808	0.00617475
514.879	0.00750822
512.952	0.00601517
511.023	0.00460307
509.096	0.00654433
507.167	0.0076697
505.24	0.00490895
503.312	0.00527433
501.384	0.0074699
499.456	0.00878579
497.527	0.0109638
495.6	0.0132578
493.671	0.0109122
491.744	0.00748877
489.815	0.0104882
487.888	0.0131281
485.959	0.0114234
484.032	0.0105794
482.104	0.0072903
480.176	0.0105064
478.248	0.0173882
476.319	0.0151042
474.392	0.00928019
472.463	0.0142335
470.536	0.0186325
468.607	0.0213551
466.68	0.0213291
464.751	0.0175048
462.824	0.0148935
460.895	0.0122902
458.967	0.0133726
457.04	0.0203668
455.111	0.0177496
453.184	0.0161322
451.255	0.0196968
449.328	0.0233519
447.399	0.0231525
445.472	0.0270346
443.543	0.0239781
441.615	0.0150257
439.687	0.0123643
437.759	0.0233936
435.832	0.029403
433.903	0.0209227
431.976	0.0200417
430.047	0.0296477
428.12	0.0424025
426.191	0.0476553
424.263	0.0290181
422.335	0.028368
420.407	0.032392
418.479	0.0355207
416.551	0.0458042
414.624	0.130563
412.695	0.213793
410.768	0.10098
408.839	0.0515933
406.912	0.0601991
404.983	0.077431
403.055	0.0899728
401.127	0.0920432
