mAHl0085.spa, Tue Oct 31 14:03:12 2006 (GMT-10:00)
7999.41	0.00729272
7997.48	0.00824559
7995.55	0.00831648
7993.62	0.00786771
7991.7	0.00831577
7989.77	0.00765355
7987.84	0.0102528
7985.91	0.00861707
7983.98	0.00730472
7982.06	0.00777385
7980.13	0.00383639
7978.2	0.00110141
7976.27	0.00234778
7974.34	0.00527752
7972.42	0.00499085
7970.49	0.00591285
7968.56	0.00722136
7966.63	0.00488415
7964.7	0.00358822
7962.78	0.00423932
7960.85	0.00616668
7958.92	0.00805551
7956.99	0.0068575
7955.06	0.00534712
7953.14	0.00515529
7951.21	0.00906652
7949.28	0.00939682
7947.35	0.00639517
7945.42	0.00891707
7943.5	0.00886779
7941.57	0.00605018
7939.64	0.00508273
7937.71	0.0039083
7935.78	0.00426799
7933.86	0.00537748
7931.93	0.00385066
7930	0.00157526
7928.07	0.00347208
7926.14	0.00682939
7924.22	0.010104
7922.29	0.0073918
7920.36	0.00466837
7918.43	0.00363353
7916.5	0.00574128
7914.58	0.00832198
7912.65	0.00967973
7910.72	0.00840656
7908.79	0.00564644
7906.86	0.00378013
7904.94	0.00407138
7903.01	0.00313313
7901.08	0.00302458
7899.15	0.00305468
7897.22	0.00481704
7895.3	0.00812839
7893.37	0.00944439
7891.44	0.0103166
7889.51	0.00801582
7887.58	0.0057898
7885.66	0.00490241
7883.73	0.0024516
7881.8	0.00218684
7879.87	0.00736447
7877.94	0.0102988
7876.02	0.00961445
7874.09	0.00762333
7872.16	0.00468378
7870.23	0.00481255
7868.3	0.00819338
7866.38	0.00914654
7864.45	0.0067356
7862.52	0.00453011
7860.59	0.00471704
7858.66	0.00432943
7856.74	0.00449455
7854.81	0.00786734
7852.88	0.00699796
7850.95	0.00439774
7849.02	0.00590028
7847.1	0.00632019
7845.17	0.00502461
7843.24	0.005225
7841.31	0.00697149
7839.38	0.00945394
7837.46	0.00779726
7835.53	0.00574054
7833.6	0.00542206
7831.67	0.00735321
7829.74	0.00465997
7827.82	0.00161627
7825.89	0.00308961
7823.96	0.00437953
7822.03	0.00410453
7820.1	0.00408878
7818.18	0.00523875
7816.25	0.00746174
7814.32	0.00467932
7812.39	0.00351586
7810.46	0.00614813
7808.54	0.00663879
7806.61	0.00672661
7804.68	0.00596111
7802.75	0.00666032
7800.82	0.0043962
7798.9	0.00257794
7796.97	0.00657817
7795.04	0.0100672
7793.11	0.00815925
7791.18	0.00576058
7789.26	0.00538157
7787.33	0.00399911
7785.4	0.00234865
7783.47	0.00330985
7781.54	0.00357987
7779.62	0.00298978
7777.69	0.00400771
7775.76	0.00625985
7773.83	0.00617764
7771.9	0.00593125
7769.98	0.0052468
7768.05	0.00426093
7766.12	0.00260171
7764.19	0.00352776
7762.26	0.00500188
7760.34	0.00639568
7758.41	0.00546118
7756.48	0.00239036
7754.55	0.000619518
7752.62	0.00337803
7750.7	0.00448551
7748.77	0.00480183
7746.84	0.00314334
7744.91	0.00223906
7742.98	0.00315252
7741.06	0.00259701
7739.13	0.00558699
7737.2	0.00741098
7735.27	0.00505233
7733.34	0.00512514
7731.42	0.00705908
7729.49	0.00570948
7727.56	0.00588964
7725.63	0.00698351
7723.7	0.00797589
7721.78	0.00648832
7719.85	0.00544971
7717.92	0.00443563
7715.99	0.00453218
7714.06	0.00637678
7712.14	0.00597129
7710.21	0.00522909
7708.28	0.00428392
7706.35	0.00462564
7704.42	0.0048032
7702.5	0.00437257
7700.57	0.0045585
7698.64	0.00471479
7696.71	0.00566534
7694.78	0.00736895
7692.86	0.00777372
7690.93	0.00487279
7689	0.00311871
7687.07	0.00259451
7685.14	0.00259438
7683.22	0.00333629
7681.29	0.00376115
7679.36	0.00587177
7677.43	0.00717097
7675.5	0.00433422
7673.58	0.00253618
7671.65	0.00350905
7669.72	0.00484682
7667.79	0.00451249
7665.86	0.00458324
7663.94	0.00564332
7662.01	0.00634201
7660.08	0.00523422
7658.15	0.00540173
7656.22	0.00592212
7654.29	0.00277171
7652.37	0.0019771
7650.44	0.00546508
7648.51	0.00670666
7646.58	0.00605085
7644.66	0.00640159
7642.73	0.00564664
7640.8	0.00399477
7638.87	0.00411015
7636.94	0.00445327
7635.02	0.00334608
7633.09	0.00175125
7631.16	0.00415568
7629.23	0.00486696
7627.3	0.00303632
7625.38	0.00524153
7623.45	0.00534957
7621.52	0.00271952
7619.59	0.00291565
7617.66	0.0042802
7615.73	0.00549397
7613.81	0.00555179
7611.88	0.00481653
7609.95	0.00533974
7608.02	0.00557622
7606.09	0.0062816
7604.17	0.00591631
7602.24	0.00418803
7600.31	0.00503292
7598.38	0.00700894
7596.46	0.00538939
7594.53	0.00351743
7592.6	0.00388543
7590.67	0.00448906
7588.74	0.00360937
7586.81	0.00212934
7584.89	0.00248323
7582.96	0.00281616
7581.03	0.00273956
7579.1	0.00178721
7577.17	0.00183782
7575.25	0.00305541
7573.32	0.00537828
7571.39	0.00468927
7569.46	0.0027531
7567.53	0.00276751
7565.61	0.00239276
7563.68	0.00270799
7561.75	0.00223513
7559.82	0.00220896
7557.89	0.0042963
7555.97	0.00586048
7554.04	0.00551913
7552.11	0.00528993
7550.18	0.00547185
7548.25	0.00534363
7546.33	0.00234722
7544.4	0.000902415
7542.47	0.00197503
7540.54	0.00450158
7538.61	0.00617559
7536.69	0.00413129
7534.76	0.00359083
7532.83	0.00458321
7530.9	0.0035158
7528.97	0.00275227
7527.05	0.00383254
7525.12	0.0048745
7523.19	0.00392792
7521.26	0.00402827
7519.33	0.00379771
7517.41	0.00409108
7515.48	0.00454109
7513.55	0.00338107
7511.62	0.00255958
7509.69	0.00333342
7507.77	0.00560418
7505.84	0.00792598
7503.91	0.00643035
7501.98	0.00468452
7500.05	0.00269985
7498.13	0.00214482
7496.2	0.00320863
7494.27	0.00429864
7492.34	0.00579708
7490.41	0.00557911
7488.49	0.00407429
7486.56	0.0033413
7484.63	0.00325847
7482.7	0.00304577
7480.77	0.00442843
7478.85	0.00420348
7476.92	0.00294504
7474.99	0.00203898
7473.06	0.00254635
7471.13	0.003703
7469.21	0.00357773
7467.28	0.00280122
7465.35	0.00291756
7463.42	0.00354566
7461.49	0.0039937
7459.57	0.00359437
7457.64	0.00467916
7455.71	0.00646233
7453.78	0.0057311
7451.85	0.00271166
7449.93	0.00118503
7448	0.00179782
7446.07	0.0024713
7444.14	0.00382613
7442.21	0.00341313
7440.29	0.0032145
7438.36	0.00410359
7436.43	0.00486887
7434.5	0.00443479
7432.57	0.00233359
7430.65	0.00284381
7428.72	0.00404342
7426.79	0.00338367
7424.86	0.00230621
7422.93	0.00254675
7421.01	0.00257224
7419.08	0.00321444
7417.15	0.00414999
7415.22	0.00377803
7413.29	0.00457045
7411.37	0.00515428
7409.44	0.00432314
7407.51	0.00255058
7405.58	0.00188168
7403.65	0.00269245
7401.73	0.00225685
7399.8	0.00244291
7397.87	0.00215744
7395.94	0.00136013
7394.01	0.00159202
7392.09	0.00435654
7390.16	0.00500439
7388.23	0.00422924
7386.3	0.00364215
7384.37	0.00360536
7382.45	0.00228776
7380.52	0.00260068
7378.59	0.00407215
7376.66	0.00494702
7374.73	0.00412028
7372.81	0.00305718
7370.88	0.00341012
7368.95	0.00432367
7367.02	0.0052634
7365.09	0.00489631
7363.17	0.00367199
7361.24	0.00272619
7359.31	0.00268462
7357.38	0.00436163
7355.45	0.0046461
7353.53	0.00359794
7351.6	0.00296192
7349.67	0.00419482
7347.74	0.00425862
7345.81	0.00282813
7343.89	0.00246756
7341.96	0.00164271
7340.03	0.000823864
7338.1	0.00316651
7336.17	0.00417394
7334.25	0.00288687
7332.32	0.00371917
7330.39	0.00408643
7328.46	0.00383104
7326.53	0.00272069
7324.61	0.00283207
7322.68	0.00204574
7320.75	0.00110105
7318.82	0.00365314
7316.89	0.00455475
7314.97	0.00480662
7313.04	0.00451373
7311.11	0.00311611
7309.18	0.00265034
7307.25	0.00373792
7305.33	0.0032359
7303.4	0.00353263
7301.47	0.00356246
7299.54	0.00303602
7297.61	0.00241182
7295.69	0.00281293
7293.76	0.00336324
7291.83	0.00271996
7289.9	0.00189459
7287.97	0.00171422
7286.05	0.00162578
7284.12	0.00101847
7282.19	0.000318502
7280.26	0.000619485
7278.33	0.00233046
7276.41	0.00375613
7274.48	0.00214009
7272.55	0.00105856
7270.62	0.0031628
7268.69	0.00360048
7266.77	0.00324071
7264.84	0.00264098
7262.91	0.00234262
7260.98	0.00258344
7259.05	0.00331596
7257.13	0.00295662
7255.2	0.00254355
7253.27	0.00333592
7251.34	0.00318807
7249.41	0.00239353
7247.49	0.00311027
7245.56	0.00170517
7243.63	0.000673342
7241.7	0.000729296
7239.77	0.000803581
7237.85	0.00207843
7235.92	0.0022396
7233.99	0.00240272
7232.06	0.00205226
7230.13	0.00124427
7228.21	0.00148282
7226.28	0.00348961
7224.35	0.0041796
7222.42	0.0034693
7220.49	0.00247083
7218.57	0.00227244
7216.64	0.00292473
7214.71	0.00220043
7212.78	0.00193496
7210.85	0.00198259
7208.93	0.00257854
7207	0.00388546
7205.07	0.00393625
7203.14	0.00383228
7201.21	0.00275777
7199.29	0.00279772
7197.36	0.00295555
7195.43	0.00270075
7193.5	0.00264354
7191.57	0.00196019
7189.65	0.00119633
7187.72	0.000517497
7185.79	0.00255894
7183.86	0.00428773
7181.93	0.00320412
7180	0.00251309
7178.08	0.00380126
7176.15	0.00368298
7174.22	0.00334047
7172.29	0.00426153
7170.37	0.00296035
7168.44	0.001454
7166.51	0.004208
7164.58	0.00318119
7162.65	0.00156532
7160.73	0.00209431
7158.8	0.00202043
7156.87	0.00210406
7154.94	0.00300363
7153.01	0.00387751
7151.08	0.0042091
7149.16	0.00362461
7147.23	0.00326625
7145.3	0.00444638
7143.37	0.00376075
7141.44	0.00201484
7139.52	0.00155847
7137.59	0.00262691
7135.66	0.00375353
7133.73	0.00311201
7131.8	0.00215557
7129.88	0.00194647
7127.95	0.00224406
7126.02	0.00211495
7124.09	0.00252488
7122.17	0.00256918
7120.24	0.00315292
7118.31	0.00379357
7116.38	0.00208062
7114.45	0.00202213
7112.52	0.00200918
7110.6	0.000702745
7108.67	0.0014558
7106.74	0.0012998
7104.81	0.00118593
7102.88	0.00322766
7100.96	0.00330557
7099.03	0.00207483
7097.1	0.00187362
7095.17	0.00148199
7093.24	0.00147897
7091.32	0.00248789
7089.39	0.0031897
7087.46	0.00268855
7085.53	0.00236517
7083.6	0.00272122
7081.68	0.00238916
7079.75	0.00197866
7077.82	0.00131124
7075.89	0.00165229
7073.96	0.00230688
7072.04	0.00280049
7070.11	0.00311147
7068.18	0.00173392
7066.25	0.00118101
7064.32	0.00157982
7062.4	0.00104315
7060.47	0.00185026
7058.54	0.00296583
7056.61	0.00278611
7054.68	0.00278054
7052.76	0.00280546
7050.83	0.00176672
7048.9	0.00242038
7046.97	0.003729
7045.04	0.00320305
7043.12	0.00248309
7041.19	0.00214319
7039.26	6.96533e-05
7037.33	0.000118371
7035.4	0.00113174
7033.48	0.00212051
7031.55	0.00393067
7029.62	0.00455374
7027.69	0.00282113
7025.76	0.000892487
7023.84	0.001237
7021.91	0.00188564
7019.98	0.00187426
7018.05	0.00195486
7016.12	0.00147877
7014.2	0.00256984
7012.27	0.00321183
7010.34	0.00299872
7008.41	0.00269348
7006.48	0.00332928
7004.56	0.00363844
7002.63	0.00375948
7000.7	0.0035624
6998.77	0.00301587
6996.84	0.00295041
6994.92	0.00264424
6992.99	0.00292259
6991.06	0.00218574
6989.13	0.00169509
6987.2	0.00124434
6985.28	0.00125551
6983.35	0.00267091
6981.42	0.00305137
6979.49	0.00225678
6977.56	0.00196814
6975.64	0.00288994
6973.71	0.00317558
6971.78	0.00117068
6969.85	0.000946942
6967.92	0.00261598
6966	0.0035184
6964.07	0.00265435
6962.14	0.00288443
6960.21	0.00332307
6958.28	0.00317215
6956.36	0.00271272
6954.43	0.00367693
6952.5	0.00411283
6950.57	0.00251548
6948.64	0.0023294
6946.72	0.00319675
6944.79	0.00204237
6942.86	0.00137432
6940.93	0.00226574
6939	0.00338271
6937.08	0.00470367
6935.15	0.00554534
6933.22	0.00355411
6931.29	0.00172703
6929.36	0.00197813
6927.44	0.00176203
6925.51	0.00135265
6923.58	0.00184145
6921.65	0.00212201
6919.72	0.00197746
6917.8	0.00189971
6915.87	0.00249046
6913.94	0.00225805
6912.01	0.00177164
6910.08	0.00219673
6908.16	0.00155232
6906.23	0.00141743
6904.3	0.00143718
6902.37	0.000922337
6900.44	0.000920145
6898.52	0.00142671
6896.59	0.00154527
6894.66	0.00155006
6892.73	0.00179766
6890.8	0.00166695
6888.88	0.00215118
6886.95	0.00298778
6885.02	0.00186417
6883.09	0.000829441
6881.16	0.00109716
6879.24	0.0023816
6877.31	0.00233762
6875.38	0.00181473
6873.45	0.00156219
6871.52	0.00205782
6869.6	0.00200422
6867.67	0.0010869
6865.74	0.000601567
6863.81	0.00153523
6861.88	0.00146278
6859.96	0.00197363
6858.03	0.00266551
6856.1	0.0022022
6854.17	0.00202942
6852.24	0.00279308
6850.32	0.00308447
6848.39	0.00258288
6846.46	0.00203159
6844.53	0.00145221
6842.6	0.001493
6840.68	0.00194025
6838.75	0.0023792
6836.82	0.00231057
6834.89	0.00245627
6832.96	0.00325206
6831.04	0.00278398
6829.11	0.00180927
6827.18	0.00166925
6825.25	0.00221615
6823.32	0.00256418
6821.4	0.00208489
6819.47	0.000861677
6817.54	0.000663519
6815.61	0.00172693
6813.68	0.00252165
6811.76	0.00214745
6809.83	0.00279115
6807.9	0.00393511
6805.97	0.00378361
6804.04	0.00289767
6802.12	0.00161956
6800.19	0.00084345
6798.26	0.00117387
6796.33	0.0020198
6794.4	0.00248269
6792.48	0.00270545
6790.55	0.00282567
6788.62	0.00205116
6786.69	0.00294307
6784.76	0.00292866
6782.84	0.0021962
6780.91	0.00286909
6778.98	0.00285531
6777.05	0.00170045
6775.12	0.00106703
6773.2	0.00160263
6771.27	0.00280666
6769.34	0.00225938
6767.41	0.00248203
6765.48	0.0035332
6763.56	0.00296182
6761.63	0.00185905
6759.7	0.00125089
6757.77	0.00155667
6755.84	0.00167304
6753.92	0.00196075
6751.99	0.00279915
6750.06	0.00271766
6748.13	0.00244614
6746.2	0.00263161
6744.28	0.00208389
6742.35	0.0017774
6740.42	0.00249056
6738.49	0.00264784
6736.56	0.00280142
6734.64	0.00330698
6732.71	0.00330594
6730.78	0.00323924
6728.85	0.00258718
6726.92	0.00246047
6725	0.00284874
6723.07	0.00338314
6721.14	0.0033388
6719.21	0.00307189
6717.28	0.00290822
6715.35	0.00315389
6713.43	0.00231564
6711.5	0.00227993
6709.57	0.00331646
6707.64	0.00275007
6705.71	0.00177281
6703.79	0.00225392
6701.86	0.00354356
6699.93	0.00363951
6698	0.00265845
6696.08	0.00214129
6694.15	0.00265585
6692.22	0.00304627
6690.29	0.00253765
6688.36	0.00233939
6686.44	0.00283087
6684.51	0.00227274
6682.58	0.00164331
6680.65	0.00231037
6678.72	0.00268265
6676.79	0.00238823
6674.87	0.00285862
6672.94	0.00358194
6671.01	0.00298838
6669.08	0.00284651
6667.15	0.00193526
6665.23	0.00123577
6663.3	0.00119227
6661.37	0.00117845
6659.44	0.00165345
6657.51	0.00214059
6655.59	0.00214485
6653.66	0.00237074
6651.73	0.00280609
6649.8	0.00294034
6647.88	0.00290321
6645.95	0.00289757
6644.02	0.00253058
6642.09	0.0027632
6640.16	0.00338114
6638.23	0.00333746
6636.31	0.00260878
6634.38	0.00206767
6632.45	0.0013793
6630.52	0.00234479
6628.59	0.00305234
6626.67	0.00188973
6624.74	0.00138901
6622.81	0.00154437
6620.88	0.00191459
6618.95	0.00205606
6617.03	0.00233349
6615.1	0.00284778
6613.17	0.00270822
6611.24	0.00249366
6609.31	0.00248093
6607.39	0.00261328
6605.46	0.00276861
6603.53	0.00210366
6601.6	0.00167128
6599.67	0.00208385
6597.75	0.00210999
6595.82	0.00144599
6593.89	0.00132819
6591.96	0.00257438
6590.03	0.00292486
6588.11	0.00198745
6586.18	0.00128558
6584.25	0.00201894
6582.32	0.00304914
6580.39	0.00307426
6578.47	0.00243171
6576.54	0.00217662
6574.61	0.00190374
6572.68	0.0012453
6570.75	0.000856265
6568.83	0.00139692
6566.9	0.00218065
6564.97	0.0023724
6563.04	0.00183885
6561.11	0.00177227
6559.19	0.00107427
6557.26	0.000176906
6555.33	0.00113091
6553.4	0.00211678
6551.47	0.00192621
6549.55	0.00185063
6547.62	0.00180298
6545.69	0.00221365
6543.76	0.00239916
6541.83	0.00181403
6539.91	0.00129299
6537.98	0.00108467
6536.05	0.00127112
6534.12	0.0020703
6532.19	0.0020765
6530.27	0.0017937
6528.34	0.00165458
6526.41	0.00164267
6524.48	0.00142102
6522.55	0.00136149
6520.63	0.00215727
6518.7	0.00247133
6516.77	0.00202243
6514.84	0.00186161
6512.91	0.00217838
6510.99	0.00196368
6509.06	0.0017102
6507.13	0.00199284
6505.2	0.00227836
6503.27	0.00257848
6501.35	0.00251085
6499.42	0.00181173
6497.49	0.00140214
6495.56	0.00103651
6493.63	0.00127448
6491.71	0.00191043
6489.78	0.00137316
6487.85	0.00104189
6485.92	0.00160476
6483.99	0.00168907
6482.07	0.00110095
6480.14	0.000987854
6478.21	0.00121394
6476.28	0.0017747
6474.35	0.00180548
6472.43	0.00182401
6470.5	0.00128033
6468.57	0.000173458
6466.64	0.000455932
6464.71	0.00120427
6462.79	0.00140793
6460.86	0.000781108
6458.93	0.000363135
6457	0.000813772
6455.07	0.000686118
6453.15	0.000481937
6451.22	0.000729495
6449.29	0.000855568
6447.36	0.000755185
6445.43	0.000797838
6443.51	0.00144439
6441.58	0.00202872
6439.65	0.00161883
6437.72	0.00136481
6435.79	0.00139878
6433.87	0.000928745
6431.94	0.000588627
6430.01	0.000976663
6428.08	0.000289589
6426.15	0.000288097
6424.23	0.000166232
6422.3	0.00023684
6420.37	0.000888403
6418.44	0.000837607
6416.51	0.000802419
6414.59	0.000969125
6412.66	0.00144077
6410.73	0.00172853
6408.8	0.000758769
6406.87	0.000369204
6404.95	0.000756512
6403.02	0.000982109
6401.09	0.000923034
6399.16	0.0012035
6397.23	0.00117224
6395.31	0.00096773
6393.38	0.00122537
6391.45	0.000918054
6389.52	0.00104425
6387.59	0.000790336
6385.67	0.000347848
6383.74	0.000335512
6381.81	0.000547388
6379.88	0.000555682
6377.95	0.000653995
6376.03	0.00120573
6374.1	0.000594898
6372.17	1.19947e-05
6370.24	0.000467242
6368.31	0.000384658
6366.39	0.00101439
6364.46	0.000792195
6362.53	0.000337635
6360.6	0.00109616
6358.67	0.00151072
6356.75	0.000832528
6354.82	0.00102097
6352.89	0.00129219
6350.96	0.000681538
6349.03	-0.000153218
6347.11	-0.000151562
6345.18	0.000116051
6343.25	6.61074e-05
6341.32	-0.00012185
6339.39	-0.000525122
6337.47	4.48989e-05
6335.54	0.000383198
6333.61	-5.70531e-05
6331.68	-4.62195e-05
6329.75	0.000241681
6327.83	0.000449198
6325.9	0.000124734
6323.97	-0.000453501
6322.04	-0.000276979
6320.11	0.000120989
6318.19	-2.30938e-05
6316.26	0.000361975
6314.33	0.000417026
6312.4	8.27104e-05
6310.47	0.000294131
6308.55	0.000152609
6306.62	-0.000590279
6304.69	-0.000343464
6302.76	0.000482633
6300.83	0.00016315
6298.91	-0.00017117
6296.98	-0.000326711
6295.05	-0.000427782
6293.12	-0.000109395
6291.19	0.000532492
6289.27	0.000911745
6287.34	0.000866125
6285.41	0.000448502
6283.48	-4.34054e-06
6281.55	-0.000610496
6279.62	-0.000677824
6277.7	-0.00019654
6275.77	-0.000447278
6273.84	-0.000530285
6271.91	-0.00049206
6269.99	-0.000270985
6268.06	-2.07745e-05
6266.13	-0.000548784
6264.2	-0.000840426
6262.27	-0.000529722
6260.34	-0.000679544
6258.42	-0.000692148
6256.49	-0.000825611
6254.56	-0.000626609
6252.63	-0.000606823
6250.71	-0.00036899
6248.78	3.2572e-05
6246.85	-0.000467568
6244.92	-0.000740676
6242.99	-0.000379947
6241.06	-0.000107937
6239.14	-0.000370413
6237.21	-0.00042189
6235.28	-0.000807322
6233.35	-0.00074534
6231.42	-0.000386006
6229.5	-0.000846743
6227.57	-0.00114777
6225.64	-0.00101183
6223.71	-0.000586639
6221.79	-5.03277e-05
6219.86	0.000521445
6217.93	-8.70344e-05
6216	-0.000512281
6214.07	-0.000513208
6212.15	-0.000319891
6210.22	-1.55396e-05
6208.29	-0.000623963
6206.36	-0.000760588
6204.43	-0.000152224
6202.5	-0.000362137
6200.58	-0.000513737
6198.65	-7.98523e-06
6196.72	-0.00028827
6194.79	-0.000445259
6192.86	8.94628e-06
6190.94	-0.000135166
6189.01	-0.000613573
6187.08	-0.000548552
6185.15	-0.000589121
6183.22	-0.000879546
6181.3	-0.000240089
6179.37	0.000301094
6177.44	-7.14311e-05
6175.51	-4.36022e-05
6173.58	0.000293302
6171.66	-8.86245e-05
6169.73	-0.00030668
6167.8	-0.000364686
6165.87	-0.000696515
6163.94	-0.000584985
6162.02	-0.000278038
6160.09	-0.00059736
6158.16	-0.000841551
6156.23	-0.000692314
6154.3	-0.000441585
6152.38	8.049e-05
6150.45	-0.000178721
6148.52	-0.00068937
6146.59	-0.000202832
6144.66	0.000113002
6142.74	-0.000355979
6140.81	-0.000971661
6138.88	-0.00111089
6136.95	-0.000676038
6135.02	-0.000378325
6133.1	-0.000434667
6131.17	-0.000440194
6129.24	-0.000163684
6127.31	8.76484e-05
6125.38	-8.04089e-05
6123.46	-0.000615128
6121.53	-0.000657015
6119.6	-0.000474651
6117.67	-0.000637561
6115.74	-0.000592496
6113.82	-0.000420698
6111.89	-0.000276879
6109.96	-0.000135729
6108.03	-0.000285753
6106.1	-0.000731844
6104.18	-0.000758736
6102.25	-0.000628826
6100.32	-0.000711997
6098.39	-0.000740544
6096.46	-0.00142319
6094.54	-0.00166764
6092.61	-0.000784369
6090.68	-0.000233433
6088.75	-0.000779904
6086.82	-0.000444795
6084.9	-0.000423379
6082.97	-0.000345649
6081.04	-0.000271051
6079.11	-0.000553648
6077.18	-0.000736078
6075.26	-0.000338862
6073.33	-0.000367698
6071.4	-0.000734126
6069.47	-0.000969446
6067.54	-0.000912414
6065.62	-0.000417355
6063.69	8.45994e-05
6061.76	-0.000105122
6059.83	-0.000396301
6057.9	-0.00086589
6055.98	-0.00110682
6054.05	-0.00104991
6052.12	-0.000982869
6050.19	-0.000784005
6048.26	-0.000555203
6046.34	-0.000473757
6044.41	-0.000759133
6042.48	-0.000906528
6040.55	-0.00101014
6038.62	-0.00129863
6036.7	-0.0011521
6034.77	-0.0010272
6032.84	-0.00121634
6030.91	-0.00113154
6028.98	-0.00108425
6027.06	-0.00120236
6025.13	-0.000836491
6023.2	-0.00101054
6021.27	-0.0015041
6019.34	-0.00129718
6017.42	-0.000940352
6015.49	-0.00102647
6013.56	-0.00123705
6011.63	-0.000992489
6009.7	-0.000936583
6007.78	-0.00102584
6005.85	-0.000699029
6003.92	-0.000780731
6001.99	-0.000957974
6000.06	-0.00080881
5998.14	-0.000953776
5996.21	-0.00102935
5994.28	-0.000927755
5992.35	-0.00103236
5990.42	-0.00128235
5988.5	-0.000991166
5986.57	-0.000990935
5984.64	-0.00108627
5982.71	-0.000744414
5980.78	-0.000466939
5978.86	-0.000558314
5976.93	-0.000999695
5975	-0.00113343
5973.07	-0.00083196
5971.14	-0.00056705
5969.22	-0.000640737
5967.29	-0.000801402
5965.36	-0.000826735
5963.43	-0.000916282
5961.5	-0.000824619
5959.58	-0.00124065
5957.65	-0.00154527
5955.72	-0.00142712
5953.79	-0.000999563
5951.86	-0.00102852
5949.94	-0.00109701
5948.01	-0.000741635
5946.08	-0.0010274
5944.15	-0.0012691
5942.22	-0.00131565
5940.3	-0.00143548
5938.37	-0.00102082
5936.44	-0.000870354
5934.51	-0.00110087
5932.58	-0.00124753
5930.66	-0.00130947
5928.73	-0.00117163
5926.8	-0.000858317
5924.87	-0.000547625
5922.94	-0.000576448
5921.02	-0.000596831
5919.09	-0.000876603
5917.16	-0.00122598
5915.23	-0.00115795
5913.3	-0.00138765
5911.38	-0.0018861
5909.45	-0.00126368
5907.52	-0.000772462
5905.59	-0.00142052
5903.66	-0.00181087
5901.74	-0.0014474
5899.81	-0.0011012
5897.88	-0.00159476
5895.95	-0.00197368
5894.02	-0.0015936
5892.1	-0.00112824
5890.17	-0.00148382
5888.24	-0.00160678
5886.31	-0.00139591
5884.38	-0.00136258
5882.46	-0.00164051
5880.53	-0.00159542
5878.6	-0.00138088
5876.67	-0.00141269
5874.74	-0.00147151
5872.82	-0.0013976
5870.89	-0.00160093
5868.96	-0.0013463
5867.03	-0.000972653
5865.1	-0.00136576
5863.18	-0.00144373
5861.25	-0.00153596
5859.32	-0.00158588
5857.39	-0.00146906
5855.46	-0.0014476
5853.54	-0.00140087
5851.61	-0.00122311
5849.68	-0.0013608
5847.75	-0.00135225
5845.82	-0.00132599
5843.9	-0.00126831
5841.97	-0.00121597
5840.04	-0.00125995
5838.11	-0.00139033
5836.18	-0.00149848
5834.25	-0.00150472
5832.33	-0.00121587
5830.4	-0.00134481
5828.47	-0.00130593
5826.54	-0.00130445
5824.62	-0.00142243
5822.69	-0.00133893
5820.76	-0.00103814
5818.83	-0.00116694
5816.9	-0.00136282
5814.98	-0.00138161
5813.05	-0.00105001
5811.12	-0.00113078
5809.19	-0.00144043
5807.26	-0.00142583
5805.33	-0.00141543
5803.41	-0.00134168
5801.48	-0.00123599
5799.55	-0.00145906
5797.62	-0.00180737
5795.7	-0.0017026
5793.77	-0.00115567
5791.84	-0.00144406
5789.91	-0.00149502
5787.98	-0.000976422
5786.06	-0.00124247
5784.13	-0.00162721
5782.2	-0.0019494
5780.27	-0.00179883
5778.34	-0.00156607
5776.42	-0.00147048
5774.49	-0.0012086
5772.56	-0.0014858
5770.63	-0.00159908
5768.7	-0.00149488
5766.77	-0.00161889
5764.85	-0.00165593
5762.92	-0.00207875
5760.99	-0.00218538
5759.06	-0.00147785
5757.13	-0.00147015
5755.21	-0.00162493
5753.28	-0.00135396
5751.35	-0.00128516
5749.42	-0.00112464
5747.49	-0.00119972
5745.57	-0.000948155
5743.64	-0.000570624
5741.71	-0.00112999
5739.78	-0.00164153
5737.85	-0.00132876
5735.93	-0.00105539
5734	-0.0012467
5732.07	-0.00152909
5730.14	-0.00164464
5728.21	-0.00136592
5726.29	-0.00128763
5724.36	-0.0011405
5722.43	-0.000944188
5720.5	-0.00133851
5718.57	-0.00158561
5716.65	-0.00118039
5714.72	-0.00108111
5712.79	-0.00157835
5710.86	-0.0019719
5708.93	-0.00195243
5707.01	-0.0019401
5705.08	-0.0019585
5703.15	-0.00205699
5701.22	-0.00194528
5699.29	-0.00155065
5697.37	-0.0012768
5695.44	-0.00119083
5693.51	-0.00131684
5691.58	-0.00162638
5689.65	-0.00159172
5687.73	-0.00150684
5685.8	-0.00139961
5683.87	-0.00127881
5681.94	-0.00142484
5680.01	-0.0013286
5678.09	-0.00116033
5676.16	-0.0015488
5674.23	-0.0016754
5672.3	-0.00154075
5670.37	-0.00135793
5668.45	-0.00109625
5666.52	-0.0011744
5664.59	-0.00131079
5662.66	-0.001486
5660.73	-0.00150258
5658.81	-0.00122123
5656.88	-0.0013462
5654.95	-0.00178824
5653.02	-0.00173082
5651.09	-0.00182955
5649.17	-0.0018917
5647.24	-0.00170524
5645.31	-0.00183697
5643.38	-0.00178767
5641.45	-0.00151615
5639.53	-0.0017916
5637.6	-0.0021381
5635.67	-0.0019077
5633.74	-0.00154369
5631.81	-0.00116512
5629.89	-0.00117616
5627.96	-0.00156993
5626.03	-0.00153005
5624.1	-0.00124174
5622.17	-0.00104531
5620.25	-0.00129285
5618.32	-0.00137527
5616.39	-0.00111089
5614.46	-0.00113343
5612.53	-0.00119218
5610.61	-0.00120292
5608.68	-0.00119165
5606.75	-0.0013027
5604.82	-0.0016488
5602.89	-0.00170095
5600.97	-0.00130022
5599.04	-0.00130947
5597.11	-0.00151235
5595.18	-0.00147785
5593.25	-0.00148333
5591.33	-0.00168378
5589.4	-0.00156554
5587.47	-0.00165814
5585.54	-0.00171372
5583.61	-0.00129285
5581.69	-0.00120953
5579.76	-0.00132949
5577.83	-0.00153599
5575.9	-0.0015522
5573.97	-0.00146365
5572.05	-0.00151892
5570.12	-0.00145978
5568.19	-0.00130042
5566.26	-0.00123358
5564.33	-0.00127868
5562.41	-0.00121716
5560.48	-0.00131244
5558.55	-0.00122853
5556.62	-0.0012504
5554.69	-0.00149726
5552.77	-0.00146847
5550.84	-0.00133903
5548.91	-0.00132087
5546.98	-0.00131555
5545.05	-0.00165302
5543.13	-0.00170874
5541.2	-0.00148627
5539.27	-0.00143594
5537.34	-0.00147969
5535.41	-0.00136189
5533.49	-0.0012727
5531.56	-0.00154586
5529.63	-0.00149498
5527.7	-0.000999861
5525.77	-0.000918597
5523.85	-0.00143571
5521.92	-0.00153986
5519.99	-0.00141692
5518.06	-0.00175695
5516.13	-0.00193584
5514.21	-0.00154781
5512.28	-0.00120679
5510.35	-0.00111168
5508.42	-0.00122202
5506.49	-0.00132539
5504.57	-0.00139694
5502.64	-0.00154451
5500.71	-0.0016518
5498.78	-0.00175982
5496.85	-0.00180434
5494.93	-0.00168874
5493	-0.00139241
5491.07	-0.0016047
5489.14	-0.0018434
5487.21	-0.00182476
5485.29	-0.00146563
5483.36	-0.00148719
5481.43	-0.00167619
5479.5	-0.00176596
5477.57	-0.00171055
5475.65	-0.00182727
5473.72	-0.00188382
5471.79	-0.00165025
5469.86	-0.00154854
5467.93	-0.00147032
5466.01	-0.00161358
5464.08	-0.00173039
5462.15	-0.00155633
5460.22	-0.00131565
5458.29	-0.00113637
5456.37	-0.00120173
5454.44	-0.00119919
5452.51	-0.00122004
5450.58	-0.00129084
5448.65	-0.00146041
5446.73	-0.00177088
5444.8	-0.00169534
5442.87	-0.00141787
5440.94	-0.0016042
5439.01	-0.00161189
5437.09	-0.0013207
5435.16	-0.0016242
5433.23	-0.00183387
5431.3	-0.00179005
5429.37	-0.00137695
5427.45	-0.0010389
5425.52	-0.00121267
5423.59	-0.00145602
5421.66	-0.00182499
5419.73	-0.00170986
5417.81	-0.0013795
5415.88	-0.00113356
5413.95	-0.00126513
5412.02	-0.00157597
5410.09	-0.00167243
5408.17	-0.00171745
5406.24	-0.00151602
5404.31	-0.00138429
5402.38	-0.00154091
5400.45	-0.00165362
5398.53	-0.0016649
5396.6	-0.0017386
5394.67	-0.00166299
5392.74	-0.00155745
5390.81	-0.00140912
5388.88	-0.00149921
5386.96	-0.00155168
5385.03	-0.00125982
5383.1	-0.00111601
5381.17	-0.00126656
5379.25	-0.00158644
5377.32	-0.00185799
5375.39	-0.00168474
5373.46	-0.00127359
5371.53	-0.00108286
5369.6	-0.00123434
5367.68	-0.00147042
5365.75	-0.00155663
5363.82	-0.00164338
5361.89	-0.00156313
5359.96	-0.00135756
5358.04	-0.00149538
5356.11	-0.00159816
5354.18	-0.00159615
5352.25	-0.00151737
5350.33	-0.00151526
5348.4	-0.00162919
5346.47	-0.00151767
5344.54	-0.00131746
5342.61	-0.00103616
5340.69	-0.000974438
5338.76	-0.00104207
5336.83	-0.00120246
5334.9	-0.00144307
5332.97	-0.00153286
5331.04	-0.00120292
5329.12	-0.00107995
5327.19	-0.00135168
5325.26	-0.00155068
5323.33	-0.00170573
5321.4	-0.00141873
5319.48	-0.0012204
5317.55	-0.00125991
5315.62	-0.00131251
5313.69	-0.00111085
5311.76	-0.000745042
5309.84	-0.000901238
5307.91	-0.00096733
5305.98	-0.000930996
5304.05	-0.00110537
5302.12	-0.00103797
5300.2	-0.000958437
5298.27	-0.00114354
5296.34	-0.00130821
5294.41	-0.00134389
5292.48	-0.00114556
5290.56	-0.000783939
5288.63	-0.000900378
5286.7	-0.000968851
5284.77	-0.00106567
5282.84	-0.00117688
5280.92	-0.00118607
5278.99	-0.000922069
5277.06	-0.000746464
5275.13	-0.000616849
5273.21	-0.000810927
5271.28	-0.00105176
5269.35	-0.000868171
5267.42	-0.000685598
5265.49	-0.000631275
5263.56	-0.000462603
5261.64	-0.000156464
5259.71	-0.000207568
5257.78	-0.000308335
5255.85	-0.000367698
5253.92	-0.00037912
5252	-0.000410271
5250.07	-0.000498083
5248.14	-0.000520787
5246.21	-0.000290488
5244.28	-4.4828e-05
5242.36	-0.000191605
5240.43	-0.000477596
5238.5	-0.00027178
5236.57	-0.000116947
5234.64	-3.7738e-05
5232.72	0.000227624
5230.79	0.000315153
5228.86	0.000290616
5226.93	0.000207402
5225	6.56435e-05
5223.08	0.000353983
5221.15	0.000525094
5219.22	0.000599344
5217.29	0.000603724
5215.36	0.000640854
5213.44	0.000758902
5211.51	0.000816826
5209.58	0.00104574
5207.65	0.00129648
5205.72	0.00135059
5203.8	0.00163403
5201.87	0.00172457
5199.94	0.00170923
5198.01	0.00167507
5196.08	0.00164796
5194.16	0.00179789
5192.23	0.00187482
5190.3	0.00196924
5188.37	0.00198805
5186.44	0.00198002
5184.52	0.00185519
5182.59	0.00179939
5180.66	0.00205699
5178.73	0.00223507
5176.8	0.00230908
5174.88	0.00243458
5172.95	0.00257954
5171.02	0.00271796
5169.09	0.00283177
5167.16	0.00270529
5165.24	0.00282693
5163.31	0.00301494
5161.38	0.00328634
5159.45	0.00357032
5157.52	0.0036096
5155.6	0.00355662
5153.67	0.00382141
5151.74	0.0038533
5149.81	0.00389713
5147.88	0.00394788
5145.96	0.0039627
5144.03	0.00410721
5142.1	0.00408804
5140.17	0.00399139
5138.24	0.00403296
5136.32	0.00417722
5134.39	0.0045208
5132.46	0.00499977
5130.53	0.00490007
5128.6	0.00437525
5126.68	0.00441481
5124.75	0.00486585
5122.82	0.00501499
5120.89	0.00479305
5118.96	0.00474427
5117.04	0.00472622
5115.11	0.00457256
5113.18	0.00465792
5111.25	0.00493026
5109.32	0.00520622
5107.4	0.00518131
5105.47	0.004975
5103.54	0.00518295
5101.61	0.00518949
5099.68	0.00526836
5097.76	0.00517346
5095.83	0.00517799
5093.9	0.00518345
5091.97	0.00512263
5090.04	0.00522993
5088.12	0.00560267
5086.19	0.00555941
5084.26	0.00541082
5082.33	0.00537436
5080.4	0.00531364
5078.48	0.00541106
5076.55	0.00538187
5074.62	0.00553507
5072.69	0.0056075
5070.76	0.00537922
5068.84	0.00550356
5066.91	0.00576868
5064.98	0.00584463
5063.05	0.00607665
5061.12	0.00654894
5059.2	0.00653995
5057.27	0.00628311
5055.34	0.00621447
5053.41	0.00634897
5051.48	0.00644837
5049.56	0.00636659
5047.63	0.0064896
5045.7	0.0066149
5043.77	0.00660992
5041.84	0.00679389
5039.92	0.00694914
5037.99	0.00679597
5036.06	0.00697079
5034.13	0.00766919
5032.2	0.00818903
5030.28	0.00823667
5028.35	0.00852478
5026.42	0.00884919
5024.49	0.00901597
5022.56	0.00920542
5020.64	0.00903509
5018.71	0.00884581
5016.78	0.00902006
5014.85	0.0089445
5012.92	0.00839791
5011	0.00812505
5009.07	0.00821925
5007.14	0.00791741
5005.21	0.00750934
5003.28	0.00732275
5001.36	0.00708238
4999.43	0.00679213
4997.5	0.00657164
4995.57	0.00641925
4993.64	0.00639346
4991.72	0.00641101
4989.79	0.00618338
4987.86	0.00591096
4985.93	0.00589152
4984	0.00582096
4982.08	0.00575195
4980.15	0.00579248
4978.22	0.00550937
4976.29	0.00525304
4974.36	0.00532206
4972.44	0.00552232
4970.51	0.00554934
4968.58	0.00565369
4966.65	0.00575028
4964.72	0.00557632
4962.8	0.00517933
4960.87	0.00507043
4958.94	0.00521051
4957.01	0.00527359
4955.08	0.00520833
4953.16	0.00516427
4951.23	0.00494779
4949.3	0.00504143
4947.37	0.00511341
4945.44	0.00512618
4943.52	0.0050765
4941.59	0.00495104
4939.66	0.00471965
4937.73	0.00479667
4935.8	0.00492356
4933.88	0.00493562
4931.95	0.00488767
4930.02	0.00501532
4928.09	0.00489919
4926.16	0.00453436
4924.24	0.00424437
4922.31	0.00431671
4920.38	0.00450051
4918.45	0.00428867
4916.52	0.00421643
4914.6	0.00422945
4912.67	0.00403924
4910.74	0.00404944
4908.81	0.00415798
4906.88	0.00411025
4904.96	0.00412443
4903.03	0.00415561
4901.1	0.00402647
4899.17	0.00394451
4897.24	0.00392893
4895.32	0.00394223
4893.39	0.0040146
4891.46	0.00408189
4889.53	0.00419515
4887.6	0.00405095
4885.67	0.00370343
4883.75	0.00363924
4881.82	0.00365732
4879.89	0.00357726
4877.96	0.00344913
4876.04	0.00322822
4874.11	0.00315112
4872.18	0.00314541
4870.25	0.00332661
4868.32	0.00337109
4866.4	0.0031376
4864.47	0.00308304
4862.54	0.00311684
4860.61	0.00306602
4858.68	0.00291485
4856.75	0.00271952
4854.83	0.00288697
4852.9	0.0029314
4850.97	0.00278671
4849.04	0.00260931
4847.12	0.0024544
4845.19	0.00245447
4843.26	0.00256514
4841.33	0.00257991
4839.4	0.00240159
4837.47	0.0021994
4835.55	0.00218911
4833.62	0.00221192
4831.69	0.00216457
4829.76	0.00197027
4827.83	0.00173658
4825.91	0.00165089
4823.98	0.00148984
4822.05	0.00150237
4820.12	0.00170105
4818.19	0.00158271
4816.27	0.00142372
4814.34	0.00152774
4812.41	0.00169682
4810.48	0.0016617
4808.55	0.00153293
4806.63	0.00156821
4804.7	0.00158544
4802.77	0.00143076
4800.84	0.00127697
4798.91	0.00103661
4796.99	0.00102641
4795.06	0.00113915
4793.13	0.00111875
4791.2	0.00106816
4789.27	0.000885681
4787.35	0.000877347
4785.42	0.000858224
4783.49	0.000714394
4781.56	0.000498224
4779.63	0.000472384
4777.71	0.000548648
4775.78	0.000704504
4773.85	0.000747517
4771.92	0.000678021
4769.99	0.0005031
4768.07	0.000374875
4766.14	0.00020233
4764.21	3.08148e-06
4762.28	0.000131562
4760.35	0.000124072
4758.43	-0.000146229
4756.5	-0.000236181
4754.57	-2.53799e-05
4752.64	-9.40242e-05
4750.71	-0.000403981
4748.79	-0.000409079
4746.86	-0.000138776
4744.93	-0.000255819
4743	-0.000508707
4741.07	-0.000503875
4739.15	-0.000597923
4737.22	-0.00045499
4735.29	-0.000397824
4733.36	-0.000521349
4731.43	-0.000554178
4729.51	-0.000806727
4727.58	-0.000988654
4725.65	-0.00100508
4723.72	-0.00105764
4721.79	-0.00103189
4719.87	-0.000769684
4717.94	-0.000724865
4716.01	-0.00103781
4714.08	-0.00131869
4712.15	-0.00114394
4710.23	-0.000884143
4708.3	-0.000913803
4706.37	-0.000973248
4704.44	-0.00123533
4702.51	-0.00132648
4700.59	-0.00115739
4698.66	-0.00146434
4696.73	-0.00171752
4694.8	-0.00159727
4692.87	-0.00166563
4690.95	-0.00173012
4689.02	-0.00157726
4687.09	-0.00143095
4685.16	-0.00138865
4683.23	-0.00148703
4681.31	-0.0016146
4679.38	-0.00165573
4677.45	-0.00164748
4675.52	-0.00168593
4673.59	-0.00187857
4671.67	-0.00204884
4669.74	-0.0019719
4667.81	-0.00195748
4665.88	-0.00199733
4663.95	-0.00201932
4662.03	-0.00205105
4660.1	-0.00201124
4658.17	-0.00194788
4656.24	-0.00197902
4654.31	-0.00212515
4652.39	-0.00214766
4650.46	-0.00205036
4648.53	-0.00200158
4646.6	-0.0020185
4644.67	-0.00211047
4642.75	-0.00211815
4640.82	-0.00213092
4638.89	-0.00222557
4636.96	-0.00212706
4635.03	-0.00199746
4633.11	-0.00203756
4631.18	-0.00222309
4629.25	-0.00223486
4627.32	-0.00225059
4625.39	-0.00224162
4623.47	-0.0022254
4621.54	-0.00215221
4619.61	-0.00204046
4617.68	-0.00205896
4615.75	-0.00214668
4613.83	-0.00223523
4611.9	-0.00233885
4609.97	-0.00240117
4608.04	-0.00254722
4606.11	-0.00255179
4604.19	-0.00239814
4602.26	-0.00231387
4600.33	-0.00251283
4598.4	-0.00247395
4596.47	-0.00250587
4594.55	-0.00253322
4592.62	-0.0025371
4590.69	-0.00248486
4588.76	-0.00255189
4586.83	-0.0025789
4584.91	-0.00251595
4582.98	-0.00243168
4581.05	-0.00245306
4579.12	-0.00235615
4577.19	-0.00223968
4575.27	-0.00225846
4573.34	-0.00248687
4571.41	-0.00265686
4569.48	-0.00262389
4567.55	-0.00231285
4565.63	-0.00225461
4563.7	-0.00232666
4561.77	-0.00225748
4559.84	-0.00201655
4557.91	-0.00207816
4555.99	-0.00213072
4554.06	-0.00195897
4552.13	-0.0019428
4550.2	-0.00199818
4548.27	-0.00170352
4546.35	-0.00145552
4544.42	-0.0014902
4542.49	-0.00177913
4540.56	-0.00180104
4538.63	-0.00149634
4536.71	-0.00146206
4534.78	-0.00159512
4532.85	-0.00141536
4530.92	-0.00120689
4528.99	-0.00110702
4527.07	-0.00111261
4525.14	-0.00119724
4523.21	-0.00124736
4521.28	-0.0013897
4519.35	-0.00144231
4517.43	-0.00147306
4515.5	-0.00149762
4513.57	-0.00147507
4511.64	-0.00153454
4509.71	-0.00153784
4507.79	-0.00170709
4505.86	-0.00192598
4503.93	-0.00207638
4502	-0.00205672
4500.07	-0.0020621
4498.15	-0.0022257
4496.22	-0.00256434
4494.29	-0.00257633
4492.36	-0.00255344
4490.43	-0.00261368
4488.51	-0.0026564
4486.58	-0.00271887
4484.65	-0.00282175
4482.72	-0.00303706
4480.79	-0.00311171
4478.87	-0.00291181
4476.94	-0.00268814
4475.01	-0.00278251
4473.08	-0.0028501
4471.15	-0.00309105
4469.23	-0.00332085
4467.3	-0.00324144
4465.37	-0.00315257
4463.44	-0.00324124
4461.51	-0.00338
4459.58	-0.00329162
4457.66	-0.0033056
4455.73	-0.00318654
4453.8	-0.00307608
4451.87	-0.00300011
4449.95	-0.00310733
4448.02	-0.00321937
4446.09	-0.00323795
4444.16	-0.0032464
4442.23	-0.00319612
4440.3	-0.00310612
4438.38	-0.00295887
4436.45	-0.00282514
4434.52	-0.0031523
4432.59	-0.00315211
4430.67	-0.00301978
4428.74	-0.00299589
4426.81	-0.00295542
4424.88	-0.00294811
4422.95	-0.0029643
4421.02	-0.00288923
4419.1	-0.00278617
4417.17	-0.00289799
4415.24	-0.00310552
4413.31	-0.0031478
4411.38	-0.00324749
4409.46	-0.00316974
4407.53	-0.00311608
4405.6	-0.00318279
4403.67	-0.00325828
4401.75	-0.00330422
4399.82	-0.0032272
4397.89	-0.00323394
4395.96	-0.00331079
4394.03	-0.00326923
4392.1	-0.00314553
4390.18	-0.00305515
4388.25	-0.00312908
4386.32	-0.00320273
4384.39	-0.00325308
4382.46	-0.00318197
4380.54	-0.00319128
4378.61	-0.00322937
4376.68	-0.00319339
4374.75	-0.00316559
4372.82	-0.00327817
4370.9	-0.00336557
4368.97	-0.00322529
4367.04	-0.00320776
4365.11	-0.00331697
4363.18	-0.00326696
4361.26	-0.00323716
4359.33	-0.00325956
4357.4	-0.00327528
4355.47	-0.00319519
4353.54	-0.00315592
4351.62	-0.00307661
4349.69	-0.00307763
4347.76	-0.00320598
4345.83	-0.0033125
4343.9	-0.00322924
4341.98	-0.00307819
4340.05	-0.00305815
4338.12	-0.0031296
4336.19	-0.00311635
4334.26	-0.00310802
4332.34	-0.00307443
4330.41	-0.00307095
4328.48	-0.00313273
4326.55	-0.00320023
4324.62	-0.00318799
4322.7	-0.00325351
4320.77	-0.00321157
4318.84	-0.00314632
4316.91	-0.00328962
4314.98	-0.00319118
4313.06	-0.00302334
4311.13	-0.0030362
4309.2	-0.00310868
4307.27	-0.00325505
4305.34	-0.00317529
4303.42	-0.00320118
4301.49	-0.00325982
4299.56	-0.00321286
4297.63	-0.00319467
4295.7	-0.00310191
4293.78	-0.00297059
4291.85	-0.00291484
4289.92	-0.00293561
4287.99	-0.0030312
4286.06	-0.0031149
4284.14	-0.00314678
4282.21	-0.0031576
4280.28	-0.00311023
4278.35	-0.0030387
4276.42	-0.00297477
4274.5	-0.00311635
4272.57	-0.00313398
4270.64	-0.00303035
4268.71	-0.00296654
4266.78	-0.00304453
4264.86	-0.00316635
4262.93	-0.0030108
4261	-0.00290888
4259.07	-0.00289637
4257.14	-0.00284901
4255.22	-0.00298852
4253.29	-0.00302719
4251.36	-0.00295943
4249.43	-0.00272328
4247.5	-0.00281244
4245.58	-0.00306664
4243.65	-0.00304811
4241.72	-0.00306345
4239.79	-0.00304667
4237.86	-0.00287926
4235.94	-0.00286362
4234.01	-0.00293669
4232.08	-0.00281606
4230.15	-0.00272196
4228.22	-0.0026647
4226.3	-0.00274182
4224.37	-0.00285977
4222.44	-0.00282264
4220.51	-0.00270658
4218.58	-0.00280134
4216.66	-0.00285414
4214.73	-0.0028418
4212.8	-0.00293067
4210.87	-0.00287077
4208.94	-0.00274804
4207.02	-0.00265824
4205.09	-0.00272351
4203.16	-0.00280812
4201.23	-0.00274475
4199.3	-0.00276249
4197.38	-0.00277978
4195.45	-0.00275637
4193.52	-0.00272684
4191.59	-0.00270398
4189.66	-0.00264415
4187.74	-0.0026915
4185.81	-0.00281665
4183.88	-0.00279123
4181.95	-0.00268034
4180.02	-0.00272325
4178.1	-0.00272848
4176.17	-0.00264165
4174.24	-0.00273596
4172.31	-0.00289591
4170.38	-0.0028575
4168.46	-0.00286155
4166.53	-0.00286224
4164.6	-0.00280454
4162.67	-0.00275699
4160.74	-0.00274787
4158.82	-0.00288528
4156.89	-0.00287932
4154.96	-0.00282501
4153.03	-0.00279723
4151.1	-0.0026615
4149.18	-0.00267237
4147.25	-0.00281681
4145.32	-0.00293021
4143.39	-0.00291392
4141.46	-0.0026861
4139.54	-0.00264843
4137.61	-0.0027783
4135.68	-0.00271027
4133.75	-0.0025851
4131.82	-0.00250433
4129.9	-0.00249144
4127.97	-0.00254998
4126.04	-0.00263032
4124.11	-0.00259827
4122.18	-0.00254544
4120.26	-0.00262857
4118.33	-0.00274129
4116.4	-0.00272058
4114.47	-0.00274593
4112.54	-0.00281701
4110.62	-0.00293432
4108.69	-0.00286507
4106.76	-0.00275453
4104.83	-0.00269664
4102.9	-0.00260772
4100.98	-0.00260021
4099.05	-0.00260818
4097.12	-0.00249233
4095.19	-0.0024978
4093.26	-0.00257884
4091.34	-0.0026068
4089.41	-0.00261592
4087.48	-0.00263908
4085.55	-0.0026399
4083.62	-0.00261329
4081.7	-0.00256115
4079.77	-0.00254247
4077.84	-0.0025905
4075.91	-0.00271656
4073.98	-0.00272397
4072.06	-0.00272144
4070.13	-0.00264899
4068.2	-0.00258401
4066.27	-0.00259333
4064.34	-0.00265294
4062.42	-0.00262409
4060.49	-0.0025905
4058.56	-0.00251355
4056.63	-0.00255338
4054.7	-0.00255697
4052.78	-0.00259554
4050.85	-0.00267896
4048.92	-0.00267751
4046.99	-0.00264514
4045.06	-0.00265146
4043.14	-0.00265574
4041.21	-0.002579
4039.28	-0.00255357
4037.35	-0.00254448
4035.42	-0.00240555
4033.5	-0.00253516
4031.57	-0.00257498
4029.64	-0.00250149
4027.71	-0.00267379
4025.78	-0.00272041
4023.86	-0.00255651
4021.93	-0.00250064
4020	-0.00258651
4018.07	-0.00268106
4016.14	-0.00263506
4014.22	-0.00259491
4012.29	-0.00258447
4010.36	-0.00247049
4008.43	-0.00244374
4006.5	-0.00252719
4004.58	-0.00256626
4002.65	-0.00261652
4000.72	-0.00262702
3998.79	-0.00264122
3996.86	-0.00266618
3994.94	-0.00261158
3993.01	-0.00253944
3991.08	-0.00259409
3989.15	-0.00256125
3987.22	-0.00255815
3985.29	-0.00257884
3983.37	-0.00259682
3981.44	-0.00265933
3979.51	-0.00268482
3977.58	-0.00263947
3975.66	-0.00257917
3973.73	-0.0026155
3971.8	-0.00278482
3969.87	-0.00285263
3967.94	-0.00273951
3966.01	-0.00264688
3964.09	-0.00257936
3962.16	-0.0025457
3960.23	-0.00262666
3958.3	-0.00263891
3956.38	-0.00264886
3954.45	-0.00272819
3952.52	-0.00274172
3950.59	-0.00270682
3948.66	-0.00264402
3946.73	-0.00274751
3944.81	-0.00292234
3942.88	-0.00286399
3940.95	-0.00265838
3939.02	-0.0025488
3937.09	-0.00253094
3935.17	-0.00259096
3933.24	-0.00265567
3931.31	-0.0027696
3929.38	-0.00281214
3927.45	-0.00272881
3925.53	-0.00270118
3923.6	-0.00267879
3921.67	-0.00260828
3919.74	-0.00264191
3917.81	-0.00274172
3915.89	-0.00277612
3913.96	-0.00273342
3912.03	-0.00274676
3910.1	-0.00292744
3908.17	-0.00302031
3906.25	-0.00286274
3904.32	-0.00267991
3902.39	-0.00264952
3900.46	-0.00262666
3898.53	-0.00263628
3896.61	-0.00268074
3894.68	-0.00261359
3892.75	-0.00244776
3890.82	-0.00262202
3888.89	-0.00273487
3886.97	-0.00272647
3885.04	-0.00264303
3883.11	-0.00254379
3881.18	-0.00255604
3879.25	-0.00270132
3877.33	-0.00275848
3875.4	-0.00266746
3873.47	-0.00277619
3871.54	-0.00281253
3869.61	-0.00268953
3867.69	-0.00264998
3865.76	-0.00265584
3863.83	-0.00264375
3861.9	-0.00264543
3859.97	-0.00270589
3858.05	-0.00269154
3856.12	-0.00267484
3854.19	-0.00261039
3852.26	-0.00259142
3850.33	-0.00271353
3848.41	-0.00275785
3846.48	-0.0026179
3844.55	-0.00247576
3842.62	-0.00251806
3840.69	-0.00249059
3838.77	-0.00251138
3836.84	-0.00257367
3834.91	-0.00254689
3832.98	-0.00248884
3831.05	-0.00248281
3829.13	-0.0023553
3827.2	-0.00231011
3825.27	-0.00240229
3823.34	-0.00246697
3821.41	-0.00250261
3819.49	-0.00251632
3817.56	-0.00241188
3815.63	-0.00229034
3813.7	-0.00235681
3811.77	-0.00241712
3809.85	-0.00238921
3807.92	-0.00237672
3805.99	-0.00223912
3804.06	-0.00207166
3802.13	-0.00205962
3800.21	-0.00215957
3798.28	-0.00223041
3796.35	-0.00218779
3794.42	-0.00208254
3792.49	-0.00211469
3790.57	-0.00222155
3788.64	-0.00206734
3786.71	-0.00191239
3784.78	-0.00187567
3782.85	-0.00200597
3780.93	-0.00202849
3779	-0.00183453
3777.07	-0.0017061
3775.14	-0.00180325
3773.21	-0.00173623
3771.29	-0.00165692
3769.36	-0.00180011
3767.43	-0.00169398
3765.5	-0.00146077
3763.57	-0.00146061
3761.65	-0.00145691
3759.72	-0.00131251
3757.79	-0.00122242
3755.86	-0.00132057
3753.93	-0.00137365
3752.01	-0.00131317
3750.08	-0.00123008
3748.15	-0.00126662
3746.22	-0.00116423
3744.29	-0.00106974
3742.37	-0.00110662
3740.44	-0.00105503
3738.51	-0.000873495
3736.58	-0.000804776
3734.65	-0.000859739
3732.73	-0.000772826
3730.8	-0.000623135
3728.87	-0.000679081
3726.94	-0.000655857
3725.01	-0.000540841
3723.09	-0.000454427
3721.16	-0.000323202
3719.23	-0.000120657
3717.3	5.73223e-06
3715.37	8.13185e-05
3713.45	0.000102264
3711.52	8.52954e-05
3709.59	0.000283156
3707.66	0.000694647
3705.73	0.000864532
3703.81	0.00087914
3701.88	0.00104159
3699.95	0.00119613
3698.02	0.00127235
3696.09	0.0014039
3694.17	0.00148668
3692.24	0.00145021
3690.31	0.00151488
3688.38	0.00180298
3686.45	0.00212584
3684.53	0.00236338
3682.6	0.00236181
3680.67	0.00247026
3678.74	0.00271922
3676.81	0.00286052
3674.89	0.00297884
3672.96	0.00335332
3671.03	0.00379721
3669.1	0.00406707
3667.17	0.00432458
3665.25	0.00455944
3663.32	0.00477107
3661.39	0.00523972
3659.46	0.00571076
3657.53	0.00604315
3655.61	0.00647346
3653.68	0.0069788
3651.75	0.00747286
3649.82	0.00798109
3647.89	0.00838994
3645.97	0.00882934
3644.04	0.00940836
3642.11	0.0100412
3640.18	0.0106559
3638.25	0.0113475
3636.33	0.0119897
3634.4	0.0126599
3632.47	0.0134066
3630.54	0.0141182
3628.61	0.0148765
3626.69	0.0156132
3624.76	0.0164763
3622.83	0.0175207
3620.9	0.0185065
3618.97	0.0194201
3617.05	0.020466
3615.12	0.0215116
3613.19	0.0227284
3611.26	0.0239788
3609.33	0.0251362
3607.41	0.0264151
3605.48	0.0279153
3603.55	0.0294049
3601.62	0.030861
3599.69	0.0324653
3597.77	0.0341463
3595.84	0.0358685
3593.91	0.0375904
3591.98	0.0392787
3590.05	0.0410883
3588.12	0.0430328
3586.2	0.0451406
3584.27	0.0474568
3582.34	0.0498345
3580.41	0.0521425
3578.49	0.0545685
3576.56	0.0573374
3574.63	0.0601338
3572.7	0.0629356
3570.77	0.0659737
3568.85	0.069191
3566.92	0.0725791
3564.99	0.0761578
3563.06	0.079776
3561.13	0.0835301
3559.21	0.0875113
3557.28	0.0916745
3555.35	0.0959656
3553.42	0.100572
3551.49	0.105441
3549.56	0.110411
3547.64	0.115582
3545.71	0.121018
3543.78	0.126888
3541.85	0.133006
3539.93	0.139088
3538	0.145461
3536.07	0.152252
3534.14	0.159268
3532.21	0.166524
3530.28	0.174056
3528.36	0.181956
3526.43	0.190061
3524.5	0.198362
3522.57	0.207008
3520.65	0.216019
3518.72	0.224935
3516.79	0.23413
3514.86	0.243415
3512.93	0.252724
3511	0.262419
3509.08	0.272391
3507.15	0.282234
3505.22	0.292111
3503.29	0.30191
3501.37	0.311429
3499.44	0.320935
3497.51	0.330497
3495.58	0.339859
3493.65	0.348874
3491.72	0.357766
3489.8	0.366412
3487.87	0.374572
3485.94	0.382238
3484.01	0.389443
3482.08	0.396058
3480.16	0.402143
3478.23	0.407835
3476.3	0.413186
3474.37	0.418148
3472.44	0.422157
3470.52	0.425234
3468.59	0.427974
3466.66	0.430693
3464.73	0.43294
3462.81	0.434311
3460.88	0.435305
3458.95	0.435881
3457.02	0.436227
3455.09	0.436062
3453.16	0.43548
3451.24	0.435181
3449.31	0.434695
3447.38	0.433448
3445.45	0.431998
3443.52	0.430487
3441.6	0.428926
3439.67	0.427114
3437.74	0.425415
3435.81	0.423907
3433.88	0.422185
3431.96	0.419951
3430.03	0.417573
3428.1	0.41543
3426.17	0.41339
3424.24	0.411096
3422.32	0.408684
3420.39	0.40631
3418.46	0.403899
3416.53	0.401483
3414.6	0.399529
3412.68	0.397661
3410.75	0.395533
3408.82	0.393746
3406.89	0.392309
3404.96	0.390693
3403.04	0.38913
3401.11	0.387772
3399.18	0.386426
3397.25	0.385004
3395.32	0.38367
3393.4	0.38237
3391.47	0.38117
3389.54	0.380401
3387.61	0.379688
3385.68	0.37894
3383.76	0.378103
3381.83	0.377406
3379.9	0.376898
3377.97	0.376367
3376.04	0.3758
3374.12	0.375394
3372.19	0.375038
3370.26	0.374729
3368.33	0.374433
3366.4	0.373838
3364.48	0.373208
3362.55	0.372977
3360.62	0.372771
3358.69	0.372471
3356.76	0.372143
3354.84	0.371707
3352.91	0.37117
3350.98	0.370696
3349.05	0.370282
3347.12	0.369698
3345.2	0.369577
3343.27	0.369593
3341.34	0.369118
3339.41	0.368626
3337.48	0.368212
3335.56	0.368317
3333.63	0.36833
3331.7	0.367873
3329.77	0.367352
3327.84	0.367243
3325.92	0.367544
3323.99	0.367386
3322.06	0.367087
3320.13	0.366884
3318.2	0.366904
3316.28	0.367068
3314.35	0.367409
3312.42	0.367871
3310.49	0.368
3308.56	0.368221
3306.64	0.368623
3304.71	0.368888
3302.78	0.369262
3300.85	0.369678
3298.92	0.370327
3297	0.371106
3295.07	0.371848
3293.14	0.372328
3291.21	0.373143
3289.28	0.374296
3287.36	0.375242
3285.43	0.376306
3283.5	0.377391
3281.57	0.378407
3279.64	0.379715
3277.72	0.381294
3275.79	0.382526
3273.86	0.384063
3271.93	0.385624
3270	0.387164
3268.08	0.388718
3266.15	0.390319
3264.22	0.391982
3262.29	0.393597
3260.36	0.395092
3258.44	0.396727
3256.51	0.398735
3254.58	0.400535
3252.65	0.40228
3250.72	0.404124
3248.8	0.405582
3246.87	0.407061
3244.94	0.408882
3243.01	0.41036
3241.08	0.411713
3239.16	0.41339
3237.23	0.41491
3235.3	0.416458
3233.37	0.417807
3231.44	0.419226
3229.52	0.420805
3227.59	0.422032
3225.66	0.423205
3223.73	0.424191
3221.8	0.424875
3219.88	0.425935
3217.95	0.427064
3216.02	0.427965
3214.09	0.428759
3212.16	0.42953
3210.24	0.430395
3208.31	0.431196
3206.38	0.431737
3204.45	0.432229
3202.52	0.432963
3200.6	0.433802
3198.67	0.434386
3196.74	0.434959
3194.81	0.435441
3192.88	0.435731
3190.96	0.436188
3189.03	0.436682
3187.1	0.436918
3185.17	0.436974
3183.24	0.437038
3181.32	0.437192
3179.39	0.437437
3177.46	0.437638
3175.53	0.437619
3173.6	0.437201
3171.68	0.436934
3169.75	0.436641
3167.82	0.436157
3165.89	0.435486
3163.96	0.435069
3162.04	0.434667
3160.11	0.434095
3158.18	0.433429
3156.25	0.432462
3154.32	0.431307
3152.4	0.430112
3150.47	0.429001
3148.54	0.42781
3146.61	0.426278
3144.68	0.424607
3142.76	0.4229
3140.83	0.421193
3138.9	0.419477
3136.97	0.417428
3135.04	0.415135
3133.12	0.412847
3131.19	0.410129
3129.26	0.407339
3127.33	0.404463
3125.4	0.401485
3123.48	0.398371
3121.55	0.395064
3119.62	0.391589
3117.69	0.387899
3115.76	0.384095
3113.84	0.379904
3111.91	0.375217
3109.98	0.370644
3108.05	0.366004
3106.12	0.360919
3104.2	0.355738
3102.27	0.350171
3100.34	0.344424
3098.41	0.338485
3096.48	0.332185
3094.56	0.325861
3092.63	0.31923
3090.7	0.312244
3088.77	0.305086
3086.84	0.297813
3084.92	0.290444
3082.99	0.282673
3081.06	0.274621
3079.13	0.266802
3077.2	0.258622
3075.28	0.250443
3073.35	0.242688
3071.42	0.234679
3069.49	0.226438
3067.56	0.218538
3065.63	0.210845
3063.71	0.202972
3061.78	0.195369
3059.85	0.188186
3057.92	0.181186
3055.99	0.174344
3054.07	0.167717
3052.14	0.161368
3050.21	0.155144
3048.28	0.149159
3046.35	0.143593
3044.43	0.1382
3042.5	0.133035
3040.57	0.128041
3038.64	0.123292
3036.71	0.118992
3034.79	0.114963
3032.86	0.111018
3030.93	0.10717
3029	0.103613
3027.07	0.100398
3025.15	0.0972615
3023.22	0.0942561
3021.29	0.0913695
3019.36	0.0884934
3017.43	0.0859672
3015.51	0.0839411
3013.58	0.0818592
3011.65	0.0797042
3009.72	0.0775574
3007.79	0.0757311
3005.87	0.0741635
3003.94	0.0725041
3002.01	0.070772
3000.08	0.0691895
2998.15	0.0678929
2996.23	0.06663
2994.3	0.065387
2992.37	0.0641529
2990.44	0.0628791
2988.51	0.0618839
2986.59	0.0611042
2984.66	0.0601754
2982.73	0.0592431
2980.8	0.0584182
2978.87	0.0574834
2976.95	0.0566676
2975.02	0.0558693
2973.09	0.0552163
2971.16	0.05466
2969.23	0.0541893
2967.31	0.0536046
2965.38	0.0529039
2963.45	0.0522802
2961.52	0.0516788
2959.59	0.0511248
2957.67	0.0507056
2955.74	0.0503021
2953.81	0.049836
2951.88	0.0494846
2949.95	0.0490229
2948.03	0.0485134
2946.1	0.048069
2944.17	0.0476914
2942.24	0.0473181
2940.31	0.046893
2938.39	0.0465156
2936.46	0.0462999
2934.53	0.0460499
2932.6	0.045586
2930.67	0.0452825
2928.75	0.0449855
2926.82	0.0446797
2924.89	0.04447
2922.96	0.0442864
2921.03	0.0438913
2919.11	0.0435081
2917.18	0.0431895
2915.25	0.0429164
2913.32	0.0426774
2911.39	0.0423677
2909.47	0.0419903
2907.54	0.0416544
2905.61	0.0414086
2903.68	0.0411159
2901.75	0.0408378
2899.83	0.0405892
2897.9	0.0402593
2895.97	0.0400123
2894.04	0.0398544
2892.11	0.0395821
2890.19	0.039249
2888.26	0.0388661
2886.33	0.0385919
2884.4	0.038447
2882.47	0.0381605
2880.55	0.0377306
2878.62	0.0374471
2876.69	0.0372119
2874.76	0.0369242
2872.83	0.0365622
2870.91	0.0362679
2868.98	0.0360026
2867.05	0.0357046
2865.12	0.035405
2863.19	0.0351023
2861.27	0.0347481
2859.34	0.0344541
2857.41	0.0342143
2855.48	0.0338843
2853.55	0.0335191
2851.63	0.0331346
2849.7	0.0328516
2847.77	0.0325362
2845.84	0.0322636
2843.91	0.032028
2841.99	0.0317086
2840.06	0.0312931
2838.13	0.0310321
2836.2	0.0307926
2834.27	0.0304421
2832.35	0.0300389
2830.42	0.0296282
2828.49	0.0293344
2826.56	0.0290627
2824.63	0.0288802
2822.71	0.0287595
2820.78	0.0283765
2818.85	0.0279573
2816.92	0.0276343
2814.99	0.0273114
2813.07	0.0269723
2811.14	0.0266503
2809.21	0.0263496
2807.28	0.0260437
2805.35	0.0256566
2803.43	0.0253115
2801.5	0.0251118
2799.57	0.0247764
2797.64	0.0243482
2795.71	0.0240519
2793.79	0.0237831
2791.86	0.0235062
2789.93	0.0232068
2788	0.0230182
2786.07	0.0227922
2784.15	0.0223815
2782.22	0.0220013
2780.29	0.0217713
2778.36	0.0215424
2776.43	0.0212539
2774.51	0.0210078
2772.58	0.0208005
2770.65	0.0205412
2768.72	0.0201908
2766.79	0.0198412
2764.87	0.01965
2762.94	0.0193583
2761.01	0.0190103
2759.08	0.0187329
2757.15	0.0184912
2755.23	0.0183515
2753.3	0.0180713
2751.37	0.0176511
2749.44	0.0173711
2747.51	0.0172603
2745.59	0.0170799
2743.66	0.0167125
2741.73	0.0164428
2739.8	0.0162221
2737.87	0.0159899
2735.95	0.015751
2734.02	0.0155773
2732.09	0.0153603
2730.16	0.0151173
2728.23	0.0150089
2726.31	0.0147845
2724.38	0.0146115
2722.45	0.0144503
2720.52	0.0142099
2718.59	0.0140247
2716.67	0.0137422
2714.74	0.0135305
2712.81	0.0133833
2710.88	0.0132829
2708.95	0.0131076
2707.02	0.0128826
2705.1	0.0126595
2703.17	0.0124617
2701.24	0.0123154
2699.31	0.0121973
2697.39	0.0120333
2695.46	0.0119102
2693.53	0.011832
2691.6	0.011677
2689.67	0.0114606
2687.75	0.0112891
2685.82	0.0111914
2683.89	0.0111068
2681.96	0.0109836
2680.03	0.0107376
2678.11	0.0106075
2676.18	0.0105925
2674.25	0.0104942
2672.32	0.0103792
2670.39	0.0102047
2668.46	0.0100255
2666.54	0.0100453
2664.61	0.010177
2662.68	0.0101341
2660.75	0.0101586
2658.83	0.0100488
2656.9	0.00984927
2654.97	0.00979138
2653.04	0.00969081
2651.11	0.00956015
2649.19	0.00954931
2647.26	0.0096132
2645.33	0.00971666
2643.4	0.00973987
2641.47	0.00972229
2639.55	0.0096408
2637.62	0.00948869
2635.69	0.0093524
2633.76	0.00925226
2631.83	0.00914701
2629.9	0.00919111
2627.98	0.00929498
2626.05	0.00920441
2624.12	0.00915672
2622.19	0.00911476
2620.27	0.00914383
2618.34	0.00920143
2616.41	0.00922833
2614.48	0.00919882
2612.55	0.00914041
2610.62	0.00911277
2608.7	0.00914298
2606.77	0.00908306
2604.84	0.00902314
2602.91	0.00910837
2600.98	0.00920657
2599.06	0.0091416
2597.13	0.0091194
2595.2	0.00918109
2593.27	0.00918833
2591.34	0.00916089
2589.42	0.00914853
2587.49	0.0091128
2585.56	0.00909487
2583.63	0.00910962
2581.71	0.0092262
2579.78	0.00932511
2577.85	0.00935852
2575.92	0.00936337
2573.99	0.00934965
2572.06	0.00922556
2570.14	0.00931753
2568.21	0.00950267
2566.28	0.00938544
2564.35	0.00926726
2562.42	0.0093936
2560.5	0.00957211
2558.57	0.00957017
2556.64	0.00956736
2554.71	0.00971731
2552.78	0.00972141
2550.86	0.00971619
2548.93	0.00979609
2547	0.00981958
2545.07	0.00980372
2543.15	0.00992113
2541.22	0.00992008
2539.29	0.00993357
2537.36	0.0100672
2535.43	0.0100485
2533.5	0.010062
2531.58	0.0102886
2529.65	0.0104165
2527.72	0.0104344
2525.79	0.0104212
2523.86	0.0104956
2521.94	0.0104786
2520.01	0.0105425
2518.08	0.0106669
2516.15	0.0107425
2514.22	0.01077
2512.3	0.0108027
2510.37	0.0108613
2508.44	0.010944
2506.51	0.0109619
2504.58	0.0110447
2502.66	0.0111738
2500.73	0.0111803
2498.8	0.0112032
2496.87	0.0113017
2494.94	0.0113585
2493.02	0.0114852
2491.09	0.0117022
2489.16	0.0116876
2487.23	0.0116904
2485.3	0.0117276
2483.38	0.0117394
2481.45	0.0118206
2479.52	0.01196
2477.59	0.0120594
2475.66	0.0121841
2473.74	0.0122289
2471.81	0.0122909
2469.88	0.012474
2467.95	0.0125167
2466.02	0.012606
2464.1	0.0126461
2462.17	0.0126673
2460.24	0.012797
2458.31	0.0129049
2456.38	0.0129609
2454.46	0.0130188
2452.53	0.013047
2450.6	0.0131388
2448.67	0.013265
2446.74	0.0133914
2444.82	0.0136004
2442.89	0.0136871
2440.96	0.0137645
2439.03	0.0138595
2437.1	0.0138512
2435.18	0.0139557
2433.25	0.0141185
2431.32	0.014176
2429.39	0.0142827
2427.46	0.0143281
2425.54	0.0143089
2423.61	0.0143455
2421.68	0.0144681
2419.75	0.0145702
2417.82	0.0147728
2415.9	0.0148132
2413.97	0.0148009
2412.04	0.0149128
2410.11	0.0149959
2408.18	0.0151154
2406.26	0.0152818
2404.33	0.0155163
2402.4	0.0155554
2400.47	0.0156329
2398.54	0.0157213
2396.62	0.0157746
2394.69	0.0158756
2392.76	0.0158915
2390.83	0.015976
2388.9	0.0161764
2386.98	0.0163882
2385.05	0.0164401
2383.12	0.0164476
2381.19	0.0166007
2379.26	0.0167504
2377.34	0.0168998
2375.41	0.0170504
2373.48	0.0171588
2371.55	0.0172685
2369.62	0.0173114
2367.7	0.01752
2365.77	0.0177375
2363.84	0.0177585
2361.91	0.0178856
2359.98	0.0180176
2358.06	0.0179741
2356.13	0.0179948
2354.2	0.0181869
2352.27	0.0184421
2350.34	0.0185073
2348.42	0.0185212
2346.49	0.0187574
2344.56	0.0191084
2342.63	0.0194246
2340.7	0.0194759
2338.78	0.019374
2336.85	0.019434
2334.92	0.0196342
2332.99	0.0197523
2331.06	0.0198874
2329.14	0.0200575
2327.21	0.0202703
2325.28	0.0204733
2323.35	0.0206778
2321.42	0.0208156
2319.5	0.0208497
2317.57	0.0210941
2315.64	0.0213715
2313.71	0.0214707
2311.78	0.0215311
2309.86	0.0216372
2307.93	0.02169
2306	0.02194
2304.07	0.0222021
2302.14	0.0224715
2300.22	0.0225882
2298.29	0.0225843
2296.36	0.0228136
2294.43	0.0230939
2292.5	0.0231984
2290.58	0.0233615
2288.65	0.0236208
2286.72	0.0238299
2284.79	0.0240029
2282.86	0.0241596
2280.94	0.024361
2279.01	0.0244654
2277.08	0.0245891
2275.15	0.0247914
2273.22	0.0249508
2271.3	0.0251114
2269.37	0.025373
2267.44	0.025577
2265.51	0.0255666
2263.58	0.0256177
2261.66	0.025934
2259.73	0.0261695
2257.8	0.0262066
2255.87	0.0261272
2253.94	0.0260991
2252.02	0.0262934
2250.09	0.0263864
2248.16	0.0265421
2246.23	0.0265971
2244.3	0.0266946
2242.38	0.0269989
2240.45	0.0270265
2238.52	0.0269272
2236.59	0.0270222
2234.66	0.0271672
2232.74	0.0271132
2230.81	0.026979
2228.88	0.0268389
2226.95	0.0267843
2225.02	0.026905
2223.1	0.0268561
2221.17	0.0266941
2219.24	0.0266413
2217.31	0.0266314
2215.38	0.0264891
2213.46	0.0263477
2211.53	0.0263161
2209.6	0.0261086
2207.67	0.025836
2205.74	0.0256655
2203.81	0.0254039
2201.89	0.0251713
2199.96	0.0250368
2198.03	0.0247238
2196.1	0.0244175
2194.18	0.0242246
2192.25	0.0239137
2190.32	0.0236691
2188.39	0.023546
2186.46	0.0232296
2184.54	0.0229664
2182.61	0.0226227
2180.68	0.0223996
2178.75	0.0222808
2176.82	0.0219403
2174.9	0.0216776
2172.97	0.0215294
2171.04	0.021181
2169.11	0.020896
2167.18	0.0207069
2165.25	0.0203347
2163.33	0.0199691
2161.4	0.0197825
2159.47	0.0195513
2157.54	0.0193972
2155.62	0.0191177
2153.69	0.0187913
2151.76	0.0184475
2149.83	0.018233
2147.9	0.0180503
2145.98	0.0177407
2144.05	0.0173864
2142.12	0.0171678
2140.19	0.017054
2138.26	0.0169196
2136.33	0.0167103
2134.41	0.0163497
2132.48	0.0160056
2130.55	0.0158674
2128.62	0.0157765
2126.69	0.0155208
2124.77	0.0152807
2122.84	0.0150923
2120.91	0.0147471
2118.98	0.0144901
2117.05	0.014322
2115.13	0.0142182
2113.2	0.0141547
2111.27	0.0139796
2109.34	0.0138682
2107.41	0.013686
2105.49	0.0134892
2103.56	0.0133481
2101.63	0.0132475
2099.7	0.0131301
2097.77	0.0129149
2095.85	0.012699
2093.92	0.0125886
2091.99	0.0124562
2090.06	0.0122553
2088.13	0.0121273
2086.21	0.0120586
2084.28	0.0120211
2082.35	0.0119064
2080.42	0.0118063
2078.49	0.0117161
2076.57	0.0114868
2074.64	0.0112714
2072.71	0.0111333
2070.78	0.0111761
2068.85	0.0112682
2066.93	0.011259
2065	0.0111329
2063.07	0.011036
2061.14	0.0108372
2059.21	0.0105982
2057.29	0.0104362
2055.36	0.0103613
2053.43	0.010386
2051.5	0.0103845
2049.57	0.0104747
2047.65	0.010529
2045.72	0.0103851
2043.79	0.0102227
2041.86	0.0101803
2039.93	0.0101809
2038.01	0.0101654
2036.08	0.0100491
2034.15	0.00989313
2032.22	0.00986798
2030.29	0.00990134
2028.37	0.00985151
2026.44	0.0097351
2024.51	0.00958677
2022.58	0.00951236
2020.65	0.00950135
2018.73	0.00946447
2016.8	0.0093912
2014.87	0.00940247
2012.94	0.00954494
2011.01	0.00960086
2009.09	0.00958955
2007.16	0.00960506
2005.23	0.00961438
2003.3	0.00956523
2001.37	0.00958454
1999.45	0.00960774
1997.52	0.00954464
1995.59	0.00960127
1993.66	0.0096469
1991.73	0.00958735
1989.81	0.00958142
1987.88	0.00945574
1985.95	0.00933926
1984.02	0.00952299
1982.09	0.0096736
1980.17	0.00965425
1978.24	0.00962353
1976.31	0.00949939
1974.38	0.00943593
1972.45	0.00949062
1970.53	0.00942299
1968.6	0.00934505
1966.67	0.00938852
1964.74	0.00940647
1962.81	0.00948635
1960.89	0.00967956
1958.96	0.00966984
1957.03	0.0096861
1955.1	0.00967892
1953.17	0.0096801
1951.25	0.00977637
1949.32	0.00982538
1947.39	0.0100332
1945.46	0.0100789
1943.53	0.0100795
1941.61	0.010158
1939.68	0.0102475
1937.75	0.0103087
1935.82	0.0102188
1933.89	0.0101012
1931.97	0.0101838
1930.04	0.0102365
1928.11	0.010202
1926.18	0.0102707
1924.25	0.0102882
1922.33	0.0102059
1920.4	0.0102966
1918.47	0.0103714
1916.54	0.010403
1914.61	0.0105364
1912.69	0.0107598
1910.76	0.0110916
1908.83	0.0110168
1906.9	0.0109105
1904.97	0.0108861
1903.05	0.0109295
1901.12	0.010993
1899.19	0.010971
1897.26	0.0109957
1895.33	0.0111872
1893.41	0.0113822
1891.48	0.0114134
1889.55	0.011429
1887.62	0.0114757
1885.69	0.0116517
1883.77	0.0119705
1881.84	0.0122374
1879.91	0.0123831
1877.98	0.0124313
1876.05	0.0123778
1874.13	0.0124719
1872.2	0.0126053
1870.27	0.0126373
1868.34	0.0127964
1866.41	0.0128839
1864.49	0.0129663
1862.56	0.0131938
1860.63	0.0134268
1858.7	0.0135069
1856.77	0.0135263
1854.85	0.0136133
1852.92	0.013633
1850.99	0.0136355
1849.06	0.013766
1847.13	0.0139488
1845.21	0.0141898
1843.28	0.0142207
1841.35	0.0144335
1839.42	0.0146659
1837.49	0.0148224
1835.57	0.0150568
1833.64	0.0153913
1831.71	0.0156365
1829.78	0.0157535
1827.85	0.0157498
1825.93	0.0159629
1824	0.016352
1822.07	0.016519
1820.14	0.0166442
1818.21	0.0168144
1816.29	0.0169146
1814.36	0.017025
1812.43	0.0171932
1810.5	0.0176056
1808.57	0.0180012
1806.65	0.0180146
1804.72	0.0182596
1802.79	0.0187284
1800.86	0.0189652
1798.93	0.0193014
1797.01	0.0195668
1795.08	0.0198354
1793.15	0.0201857
1791.22	0.0203952
1789.29	0.020634
1787.37	0.0209939
1785.44	0.0213605
1783.51	0.0217155
1781.58	0.0220885
1779.65	0.0224402
1777.73	0.0229381
1775.8	0.0234875
1773.87	0.0238815
1771.94	0.0241898
1770.01	0.0248055
1768.08	0.0253235
1766.16	0.0256295
1764.23	0.0261676
1762.3	0.0268241
1760.37	0.0274159
1758.45	0.0279853
1756.52	0.0286372
1754.59	0.0294795
1752.66	0.0302305
1750.73	0.0307718
1748.81	0.0314687
1746.88	0.0323558
1744.95	0.0331548
1743.02	0.0339806
1741.09	0.0348734
1739.17	0.0356344
1737.24	0.0367163
1735.31	0.0376917
1733.38	0.0384583
1731.45	0.0392761
1729.52	0.0402919
1727.6	0.0412976
1725.67	0.0422846
1723.74	0.0432785
1721.81	0.0441733
1719.89	0.0452226
1717.96	0.0463194
1716.03	0.0471006
1714.1	0.0478995
1712.17	0.0489176
1710.24	0.0498545
1708.32	0.0505559
1706.39	0.0513071
1704.46	0.0520802
1702.53	0.0527743
1700.6	0.0531649
1698.68	0.0536946
1696.75	0.0544326
1694.82	0.054977
1692.89	0.0554869
1690.96	0.056024
1689.04	0.0562035
1687.11	0.0561671
1685.18	0.0563234
1683.25	0.0564928
1681.33	0.0565763
1679.4	0.0568643
1677.47	0.0570882
1675.54	0.0570112
1673.61	0.0569138
1671.68	0.0568242
1669.76	0.0568533
1667.83	0.0570268
1665.9	0.0571513
1663.97	0.0573663
1662.04	0.0575634
1660.12	0.0578201
1658.19	0.0580932
1656.26	0.0582723
1654.33	0.0585485
1652.4	0.0587685
1650.48	0.0590328
1648.55	0.0595707
1646.62	0.0602372
1644.69	0.0606527
1642.76	0.0607464
1640.84	0.0605811
1638.91	0.060659
1636.98	0.0610727
1635.05	0.0612065
1633.12	0.0609263
1631.2	0.0606396
1629.27	0.0602776
1627.34	0.0595658
1625.41	0.0585975
1623.48	0.057892
1621.56	0.0571409
1619.63	0.0561892
1617.7	0.0552234
1615.77	0.0544188
1613.84	0.0538658
1611.92	0.0534277
1609.99	0.0531504
1608.06	0.0527145
1606.13	0.0523605
1604.2	0.0520238
1602.28	0.0517807
1600.35	0.0515625
1598.42	0.0512332
1596.49	0.0507875
1594.56	0.0503998
1592.64	0.0501799
1590.71	0.0499495
1588.78	0.0496395
1586.85	0.0496523
1584.92	0.0493756
1583	0.0489597
1581.07	0.0489554
1579.14	0.0488141
1577.21	0.0485403
1575.28	0.0482727
1573.36	0.0480661
1571.43	0.0478529
1569.5	0.0475274
1567.57	0.0472603
1565.64	0.0471372
1563.72	0.0468782
1561.79	0.046501
1559.86	0.0463237
1557.93	0.0462041
1556	0.0460271
1554.08	0.0457793
1552.15	0.0455252
1550.22	0.0454645
1548.29	0.0452286
1546.36	0.0448528
1544.44	0.0448248
1542.51	0.0449274
1540.58	0.0447871
1538.65	0.0443509
1536.72	0.0441377
1534.8	0.0440978
1532.87	0.044128
1530.94	0.0439235
1529.01	0.0437051
1527.08	0.0434984
1525.16	0.0433123
1523.23	0.0431621
1521.3	0.0430463
1519.37	0.0427773
1517.44	0.0425209
1515.52	0.0423771
1513.59	0.0422324
1511.66	0.0417856
1509.73	0.0415438
1507.8	0.0413839
1505.88	0.0413657
1503.95	0.0415154
1502.02	0.0415232
1500.09	0.0411397
1498.16	0.0407147
1496.24	0.040515
1494.31	0.0402678
1492.38	0.0401593
1490.45	0.0401458
1488.52	0.0399738
1486.6	0.0398821
1484.67	0.0396765
1482.74	0.0396067
1480.81	0.0396401
1478.88	0.0393596
1476.96	0.0390086
1475.03	0.0389461
1473.1	0.0390297
1471.17	0.0386764
1469.24	0.0383644
1467.32	0.03834
1465.39	0.0381851
1463.46	0.037929
1461.53	0.0378696
1459.6	0.0378932
1457.68	0.0377792
1455.75	0.0373591
1453.82	0.0368863
1451.89	0.0368551
1449.96	0.0369385
1448.04	0.036933
1446.11	0.0369295
1444.18	0.0367659
1442.25	0.0367072
1440.32	0.0365362
1438.4	0.0362396
1436.47	0.0360951
1434.54	0.0357553
1432.61	0.0355138
1430.68	0.0353725
1428.76	0.0355865
1426.83	0.0356279
1424.9	0.0351966
1422.97	0.034813
1421.04	0.03457
1419.12	0.0344443
1417.19	0.0345978
1415.26	0.0345773
1413.33	0.0343933
1411.4	0.0341082
1409.48	0.0337801
1407.55	0.0336253
1405.62	0.0336532
1403.69	0.0335773
1401.76	0.0334255
1399.84	0.0331879
1397.91	0.0328047
1395.98	0.0328123
1394.05	0.032928
1392.12	0.0326256
1390.2	0.0322673
1388.27	0.0322081
1386.34	0.0321859
1384.41	0.0322229
1382.48	0.0319711
1380.56	0.0317741
1378.63	0.0317616
1376.7	0.0314727
1374.77	0.031235
1372.84	0.031224
1370.92	0.031123
1368.99	0.0308334
1367.06	0.0304662
1365.13	0.0304118
1363.2	0.0304911
1361.28	0.0304536
1359.35	0.0304058
1357.42	0.0301614
1355.49	0.0300399
1353.56	0.0299615
1351.64	0.029805
1349.71	0.0298464
1347.78	0.0299015
1345.85	0.0296329
1343.92	0.0292385
1342	0.0290626
1340.07	0.0291229
1338.14	0.0293459
1336.21	0.0294179
1334.28	0.0291431
1332.36	0.0288254
1330.43	0.0286741
1328.5	0.028474
1326.57	0.0284615
1324.64	0.0284758
1322.72	0.0283196
1320.79	0.0282071
1318.86	0.0278211
1316.93	0.027649
1315	0.0277503
1313.08	0.0278456
1311.15	0.0279791
1309.22	0.0278512
1307.29	0.0275403
1305.36	0.0273468
1303.44	0.027085
1301.51	0.026908
1299.58	0.0268597
1297.65	0.0269694
1295.72	0.0269518
1293.8	0.0269856
1291.87	0.026714
1289.94	0.0263893
1288.01	0.0263099
1286.08	0.0264794
1284.15	0.0262915
1282.23	0.0258246
1280.3	0.026014
1278.37	0.0263151
1276.44	0.0261829
1274.52	0.0261963
1272.59	0.0261361
1270.66	0.0258007
1268.73	0.0256801
1266.8	0.0254221
1264.88	0.0251753
1262.95	0.025437
1261.02	0.025424
1259.09	0.0251692
1257.16	0.0251338
1255.24	0.0253663
1253.31	0.0254027
1251.38	0.0253374
1249.45	0.0252903
1247.52	0.0252915
1245.59	0.0252703
1243.67	0.0251175
1241.74	0.0245642
1239.81	0.0241961
1237.88	0.0242058
1235.96	0.0243211
1234.03	0.0246964
1232.1	0.0250302
1230.17	0.0247966
1228.24	0.0246717
1226.31	0.024734
1224.39	0.0244203
1222.46	0.024273
1220.53	0.0243788
1218.6	0.0243675
1216.68	0.0246225
1214.75	0.024826
1212.82	0.0246819
1210.89	0.0247696
1208.96	0.0249802
1207.03	0.0247476
1205.11	0.0246938
1203.18	0.0251528
1201.25	0.0251231
1199.32	0.0251156
1197.39	0.0252266
1195.47	0.0251809
1193.54	0.0251065
1191.61	0.0252475
1189.68	0.0254922
1187.75	0.0255769
1185.83	0.0257451
1183.9	0.0258632
1181.97	0.0260995
1180.04	0.0264951
1178.11	0.0267651
1176.19	0.0272623
1174.26	0.0280469
1172.33	0.0284406
1170.4	0.0288129
1168.47	0.0293112
1166.55	0.0299946
1164.62	0.0304473
1162.69	0.0311262
1160.76	0.0318263
1158.83	0.0323777
1156.91	0.0332746
1154.98	0.0344281
1153.05	0.0355168
1151.12	0.0368014
1149.19	0.0376555
1147.27	0.0385858
1145.34	0.0399678
1143.41	0.0411861
1141.48	0.0421584
1139.55	0.043448
1137.63	0.0451983
1135.7	0.046333
1133.77	0.0473738
1131.84	0.0485371
1129.91	0.0492966
1127.99	0.0503085
1126.06	0.0511827
1124.13	0.0525025
1122.2	0.0535912
1120.27	0.0540612
1118.35	0.0544325
1116.42	0.0543091
1114.49	0.0541376
1112.56	0.0541755
1110.63	0.0538202
1108.71	0.0529828
1106.78	0.0524298
1104.85	0.0514347
1102.92	0.0497212
1100.99	0.0489115
1099.07	0.0475959
1097.14	0.046104
1095.21	0.0450636
1093.28	0.0433917
1091.35	0.0411259
1089.43	0.039629
1087.5	0.0383969
1085.57	0.0370592
1083.64	0.0356194
1081.71	0.0340162
1079.79	0.0330095
1077.86	0.0319404
1075.93	0.0309603
1074	0.0299591
1072.07	0.0294035
1070.15	0.0294435
1068.22	0.0290224
1066.29	0.0283486
1064.36	0.0277051
1062.43	0.0277252
1060.51	0.0275891
1058.58	0.0275378
1056.65	0.0273259
1054.72	0.0269185
1052.79	0.02731
1050.87	0.0275851
1048.94	0.02754
1047.01	0.0282221
1045.08	0.0288218
1043.15	0.0278562
1041.23	0.0274296
1039.3	0.0279005
1037.37	0.0285434
1035.44	0.0291217
1033.51	0.0292165
1031.59	0.0296995
1029.66	0.0301012
1027.73	0.0309599
1025.8	0.0322605
1023.87	0.0326844
1021.95	0.0327466
1020.02	0.0330677
1018.09	0.0336134
1016.16	0.0341153
1014.23	0.0350672
1012.31	0.0360889
1010.38	0.0371813
1008.45	0.0379394
1006.52	0.0384133
1004.59	0.0392318
1002.67	0.0400139
1000.74	0.0414045
998.81	0.0430516
996.882	0.0446185
994.954	0.0457534
993.026	0.0470145
991.098	0.0484684
989.17	0.0501209
987.242	0.0517723
985.314	0.053703
983.386	0.0559436
981.458	0.0580923
979.53	0.0597673
977.602	0.0621262
975.673	0.0648056
973.746	0.0672115
971.817	0.069795
969.89	0.072254
967.962	0.0748998
966.034	0.0777566
964.106	0.0807323
962.178	0.0840472
960.25	0.0870084
958.322	0.089651
956.394	0.0920978
954.465	0.0948647
952.538	0.0976684
950.609	0.1005
948.682	0.103875
946.754	0.10732
944.826	0.110536
942.898	0.113394
940.97	0.115727
939.042	0.11816
937.113	0.120984
935.186	0.123635
933.257	0.126203
931.33	0.128103
929.401	0.129566
927.474	0.131591
925.546	0.134106
923.618	0.13592
921.69	0.136921
919.761	0.138238
917.833	0.139859
915.905	0.141201
913.978	0.142051
912.049	0.143453
910.122	0.144456
908.193	0.144996
906.266	0.145816
904.338	0.146237
902.409	0.146191
900.481	0.146089
898.553	0.147281
896.625	0.148147
894.697	0.147557
892.77	0.147314
890.841	0.147065
888.914	0.147281
886.985	0.147816
885.058	0.147593
883.129	0.146389
881.201	0.145937
879.273	0.146288
877.345	0.146013
875.417	0.144892
873.489	0.144323
871.562	0.144466
869.633	0.143561
867.706	0.14258
865.777	0.140782
863.849	0.139442
861.921	0.139553
859.993	0.138633
858.065	0.137842
856.137	0.137366
854.209	0.136374
852.281	0.134876
850.354	0.133407
848.425	0.132535
846.497	0.132398
844.569	0.133017
842.641	0.132174
840.713	0.129928
838.785	0.128624
836.857	0.128083
834.929	0.126915
833.001	0.126044
831.073	0.125051
829.145	0.123089
827.217	0.121723
825.289	0.120936
823.361	0.119787
821.433	0.117893
819.505	0.115376
817.577	0.114637
815.649	0.114829
813.721	0.11393
811.793	0.1132
809.865	0.112017
807.937	0.11024
806.009	0.108908
804.081	0.107952
802.153	0.107291
800.225	0.106591
798.297	0.105214
796.369	0.103594
794.441	0.102815
792.513	0.102726
790.585	0.101588
788.657	0.0995779
786.729	0.0978388
784.801	0.0972107
782.873	0.0962923
780.945	0.0946768
779.017	0.0930333
777.089	0.0917687
775.161	0.0909018
773.232	0.089551
771.305	0.0877461
769.377	0.0865803
767.449	0.0855532
765.521	0.0849201
763.593	0.0835599
761.665	0.0824463
759.737	0.0819881
757.809	0.0812708
755.881	0.0794935
753.953	0.077744
752.024	0.0767701
750.097	0.0754551
748.169	0.0736616
746.241	0.0730683
744.313	0.072605
742.385	0.0717068
740.457	0.0707595
738.529	0.0694026
736.601	0.0678167
734.672	0.0663744
732.745	0.0654431
730.816	0.0646972
728.889	0.0632867
726.961	0.0622345
725.033	0.061097
723.105	0.0598838
721.177	0.0588612
719.249	0.0581723
717.32	0.0574353
715.393	0.0567811
713.464	0.0556122
711.537	0.0544783
709.608	0.0541687
707.681	0.0534468
705.752	0.0524529
703.825	0.0517429
701.897	0.0506517
699.968	0.0493737
698.041	0.0492029
696.112	0.0485137
694.185	0.0475861
692.256	0.0469637
690.329	0.0460468
688.4	0.0453749
686.473	0.0457076
684.544	0.0439385
682.617	0.0418257
680.688	0.0411191
678.76	0.0408965
676.833	0.0413188
674.904	0.0407938
672.977	0.0399954
671.048	0.0391353
669.121	0.0385027
667.192	0.0379257
665.265	0.0376854
663.336	0.0375384
661.408	0.0359638
659.48	0.0353084
657.552	0.0351331
655.625	0.0349242
653.696	0.0349525
651.769	0.0353042
649.84	0.0341388
647.913	0.033122
645.984	0.0333478
644.056	0.0326947
642.128	0.0330948
640.2	0.0332947
638.272	0.0327368
636.344	0.0320548
634.417	0.0313148
632.488	0.0286309
630.561	0.0282177
628.632	0.0283378
626.704	0.0286608
624.776	0.0286422
622.848	0.0294712
620.92	0.0279993
618.992	0.0263094
617.064	0.0271259
615.136	0.0279315
613.208	0.0274361
611.28	0.0281048
609.353	0.0266214
607.424	0.0240518
605.496	0.0237805
603.568	0.0229081
601.64	0.0234579
599.712	0.0254862
597.784	0.0259627
595.856	0.0258244
593.928	0.0239318
592	0.0239581
590.072	0.0238404
588.144	0.0232551
586.216	0.0227565
584.288	0.0212655
582.36	0.0205411
580.432	0.0213162
578.504	0.0218541
576.576	0.0216905
574.648	0.0207308
572.72	0.0205254
570.792	0.0214926
568.864	0.0221623
566.936	0.0217306
565.008	0.0202107
563.08	0.0190606
561.152	0.0202674
559.224	0.0212289
557.296	0.0208357
555.368	0.0191453
553.44	0.0185406
551.512	0.0182537
549.583	0.0189962
547.656	0.0188102
545.728	0.0194227
543.8	0.0199017
541.872	0.0187982
539.944	0.0170664
538.016	0.0171752
536.088	0.0166989
534.16	0.01738
532.231	0.017992
530.304	0.0174353
528.375	0.0175276
526.448	0.0178921
524.52	0.0189283
522.592	0.0185454
520.664	0.0163533
518.736	0.0151522
516.808	0.0158402
514.879	0.0163775
512.952	0.0144374
511.023	0.0119439
509.096	0.00962763
507.167	0.010329
505.24	0.00922559
503.312	0.00856303
501.384	0.00885653
499.456	0.00779075
497.527	0.00827132
495.6	0.0112829
493.671	0.00819116
491.744	0.00568447
489.815	0.00610753
487.888	0.00678328
485.959	0.00857398
484.032	0.0135099
482.104	0.00975519
480.176	0.00746831
478.248	0.0108239
476.319	0.00880016
474.392	0.0056124
472.463	0.00865462
470.536	0.0119575
468.607	0.0117342
466.68	0.0103877
464.751	0.00561683
462.824	0.0039406
460.895	0.00504841
458.967	0.00254948
457.04	0.00366814
455.111	0.00646192
453.184	0.00757869
451.255	0.0071294
449.328	0.00957231
447.399	0.00721692
445.472	0.0116349
443.543	0.00792493
441.615	-0.00097305
439.687	-0.00170491
437.759	0.00363045
435.832	0.00555753
433.903	-0.0038958
431.976	-0.00263032
430.047	0.014037
428.12	0.0217307
426.191	0.018439
424.263	0.00813153
422.335	0.00563086
420.407	0.00130552
418.479	0.00810999
416.551	0.0217003
414.624	0.0329785
412.695	0.0361508
410.768	0.0186315
408.839	0.00900004
406.912	0.0222195
404.983	0.0445869
403.055	0.0573778
401.127	0.0613832
