mAHl0488.spa, Wed Nov 01 03:22:00 2006 (GMT-10:00)
7999.41	-0.0280412
7997.48	-0.0286863
7995.55	-0.0294299
7993.62	-0.0285108
7991.7	-0.0254529
7989.77	-0.0258379
7987.84	-0.0249601
7985.91	-0.0250387
7983.98	-0.0246474
7982.06	-0.0261161
7980.13	-0.0308468
7978.2	-0.0318712
7976.27	-0.0282396
7974.34	-0.0242343
7972.42	-0.0262085
7970.49	-0.0284227
7968.56	-0.0278482
7966.63	-0.0263884
7964.7	-0.0250534
7962.78	-0.0246709
7960.85	-0.0259957
7958.92	-0.0268387
7956.99	-0.0292668
7955.06	-0.0285364
7953.14	-0.0295605
7951.21	-0.0306739
7949.28	-0.0285455
7947.35	-0.0275405
7945.42	-0.0244126
7943.5	-0.0236705
7941.57	-0.0244233
7939.64	-0.0274364
7937.71	-0.0283291
7935.78	-0.0274978
7933.86	-0.0271396
7931.93	-0.0272765
7930	-0.0278676
7928.07	-0.0267439
7926.14	-0.0253292
7924.22	-0.0209608
7922.29	-0.0230173
7920.36	-0.0262481
7918.43	-0.0275208
7916.5	-0.0273896
7914.58	-0.0264978
7912.65	-0.0253094
7910.72	-0.0260582
7908.79	-0.0258324
7906.86	-0.0273634
7904.94	-0.0275212
7903.01	-0.028191
7901.08	-0.0282149
7899.15	-0.0269707
7897.22	-0.0271998
7895.3	-0.0277478
7893.37	-0.0258746
7891.44	-0.0248889
7889.51	-0.0262811
7887.58	-0.0267676
7885.66	-0.0273592
7883.73	-0.028935
7881.8	-0.0286009
7879.87	-0.0251551
7877.94	-0.0242741
7876.02	-0.0270325
7874.09	-0.0273249
7872.16	-0.0256559
7870.23	-0.0254315
7868.3	-0.024642
7866.38	-0.0235889
7864.45	-0.0273273
7862.52	-0.0273663
7860.59	-0.0263669
7858.66	-0.0263447
7856.74	-0.0280719
7854.81	-0.0254628
7852.88	-0.024583
7850.95	-0.0261717
7849.02	-0.0279011
7847.1	-0.0286257
7845.17	-0.0271021
7843.24	-0.0261881
7841.31	-0.026159
7839.38	-0.0245919
7837.46	-0.0237089
7835.53	-0.0248455
7833.6	-0.0250888
7831.67	-0.0234332
7829.74	-0.0238134
7827.82	-0.0244338
7825.89	-0.0261946
7823.96	-0.0271876
7822.03	-0.0240496
7820.1	-0.0249205
7818.18	-0.0263498
7816.25	-0.0237753
7814.32	-0.0239738
7812.39	-0.0275346
7810.46	-0.0283335
7808.54	-0.0268812
7806.61	-0.0262989
7804.68	-0.0259124
7802.75	-0.024625
7800.82	-0.0247972
7798.9	-0.027546
7796.97	-0.0250928
7795.04	-0.0236072
7793.11	-0.0260579
7791.18	-0.0251834
7789.26	-0.0217629
7787.33	-0.024549
7785.4	-0.0279111
7783.47	-0.0247175
7781.54	-0.0246722
7779.62	-0.0276927
7777.69	-0.0249873
7775.76	-0.023487
7773.83	-0.0243977
7771.9	-0.0240661
7769.98	-0.0258871
7768.05	-0.0262594
7766.12	-0.0264479
7764.19	-0.0272283
7762.26	-0.02818
7760.34	-0.0261633
7758.41	-0.0242911
7756.48	-0.0265562
7754.55	-0.028302
7752.62	-0.025092
7750.7	-0.0248609
7748.77	-0.0263168
7746.84	-0.0290148
7744.91	-0.0300966
7742.98	-0.0292053
7741.06	-0.0278631
7739.13	-0.0250876
7737.2	-0.0239452
7735.27	-0.0255336
7733.34	-0.0255455
7731.42	-0.0243916
7729.49	-0.0268202
7727.56	-0.0261316
7725.63	-0.0254556
7723.7	-0.0265664
7721.78	-0.0259192
7719.85	-0.0246446
7717.92	-0.0257726
7715.99	-0.0279311
7714.06	-0.0275408
7712.14	-0.0251038
7710.21	-0.0251934
7708.28	-0.0259561
7706.35	-0.0253493
7704.42	-0.024419
7702.5	-0.024902
7700.57	-0.02527
7698.64	-0.0261567
7696.71	-0.0268219
7694.78	-0.0250357
7692.86	-0.0234896
7690.93	-0.025483
7689	-0.0276667
7687.07	-0.0271761
7685.14	-0.0248618
7683.22	-0.025008
7681.29	-0.027325
7679.36	-0.0269975
7677.43	-0.0247593
7675.5	-0.0235182
7673.58	-0.0239251
7671.65	-0.0248576
7669.72	-0.0252613
7667.79	-0.0252777
7665.86	-0.0240526
7663.94	-0.0225735
7662.01	-0.0216716
7660.08	-0.0224845
7658.15	-0.0244488
7656.22	-0.0259663
7654.29	-0.026977
7652.37	-0.0253713
7650.44	-0.0237174
7648.51	-0.025267
7646.58	-0.0255926
7644.66	-0.0251454
7642.73	-0.0249034
7640.8	-0.0253309
7638.87	-0.0246888
7636.94	-0.0259904
7635.02	-0.0280714
7633.09	-0.0270406
7631.16	-0.0246869
7629.23	-0.0247175
7627.3	-0.026462
7625.38	-0.0269048
7623.45	-0.0267433
7621.52	-0.0246736
7619.59	-0.0237013
7617.66	-0.0243781
7615.73	-0.0257973
7613.81	-0.0261487
7611.88	-0.0239033
7609.95	-0.023751
7608.02	-0.0258866
7606.09	-0.0256471
7604.17	-0.0257567
7602.24	-0.0265625
7600.31	-0.0258987
7598.38	-0.0236164
7596.46	-0.0232514
7594.53	-0.0261851
7592.6	-0.0262003
7590.67	-0.025363
7588.74	-0.0276337
7586.81	-0.0288616
7584.89	-0.0281153
7582.96	-0.0281815
7581.03	-0.0277842
7579.1	-0.0272575
7577.17	-0.0264437
7575.25	-0.0263934
7573.32	-0.02466
7571.39	-0.024401
7569.46	-0.026001
7567.53	-0.025988
7565.61	-0.0267387
7563.68	-0.0265543
7561.75	-0.0267921
7559.82	-0.0262149
7557.89	-0.0250924
7555.97	-0.0258136
7554.04	-0.0263333
7552.11	-0.0246612
7550.18	-0.0235659
7548.25	-0.0243242
7546.33	-0.0268599
7544.4	-0.0263788
7542.47	-0.0243736
7540.54	-0.0238705
7538.61	-0.0240423
7536.69	-0.0252418
7534.76	-0.0263075
7532.83	-0.0254298
7530.9	-0.0248051
7528.97	-0.0233976
7527.05	-0.0223566
7525.12	-0.0238248
7523.19	-0.025197
7521.26	-0.0252568
7519.33	-0.024873
7517.41	-0.0248058
7515.48	-0.0248633
7513.55	-0.0253358
7511.62	-0.0258891
7509.69	-0.0255445
7507.77	-0.0242083
7505.84	-0.0230413
7503.91	-0.0238623
7501.98	-0.0255561
7500.05	-0.0259051
7498.13	-0.0258653
7496.2	-0.0251995
7494.27	-0.0236971
7492.34	-0.0240248
7490.41	-0.0258519
7488.49	-0.02621
7486.56	-0.0257152
7484.63	-0.0258705
7482.7	-0.02769
7480.77	-0.0271451
7478.85	-0.0255502
7476.92	-0.0253267
7474.99	-0.0252328
7473.06	-0.02465
7471.13	-0.0245458
7469.21	-0.0247781
7467.28	-0.025153
7465.35	-0.0253233
7463.42	-0.0255752
7461.49	-0.0259814
7459.57	-0.0255155
7457.64	-0.0243666
7455.71	-0.0232089
7453.78	-0.0234562
7451.85	-0.0254323
7449.93	-0.0261876
7448	-0.0262295
7446.07	-0.0263758
7444.14	-0.0255739
7442.21	-0.0260454
7440.29	-0.0257026
7438.36	-0.0254458
7436.43	-0.0252055
7434.5	-0.0259958
7432.57	-0.0259679
7430.65	-0.0238879
7428.72	-0.0236444
7426.79	-0.0245351
7424.86	-0.0247072
7422.93	-0.0238815
7421.01	-0.0252418
7419.08	-0.0268471
7417.15	-0.0256235
7415.22	-0.0249506
7413.29	-0.0233396
7411.37	-0.0231655
7409.44	-0.0241392
7407.51	-0.0244172
7405.58	-0.0245572
7403.65	-0.024094
7401.73	-0.0233363
7399.8	-0.0229121
7397.87	-0.0251437
7395.94	-0.0259228
7394.01	-0.0255987
7392.09	-0.0240757
7390.16	-0.0233186
7388.23	-0.0244622
7386.3	-0.0239154
7384.37	-0.0237813
7382.45	-0.025499
7380.52	-0.025838
7378.59	-0.0241951
7376.66	-0.0229524
7374.73	-0.0240427
7372.81	-0.0252856
7370.88	-0.0255661
7368.95	-0.0254395
7367.02	-0.0258786
7365.09	-0.026129
7363.17	-0.0260969
7361.24	-0.0255485
7359.31	-0.0238417
7357.38	-0.0232015
7355.45	-0.0240284
7353.53	-0.023972
7351.6	-0.0236362
7349.67	-0.0237149
7347.74	-0.0240194
7345.81	-0.0253747
7343.89	-0.0260595
7341.96	-0.0260509
7340.03	-0.0256786
7338.1	-0.0245424
7336.17	-0.0232043
7334.25	-0.0238634
7332.32	-0.0232658
7330.39	-0.0224318
7328.46	-0.0229052
7326.53	-0.0236046
7324.61	-0.0239994
7322.68	-0.0249441
7320.75	-0.024776
7318.82	-0.0233084
7316.89	-0.0227953
7314.97	-0.0223218
7313.04	-0.0220298
7311.11	-0.0228584
7309.18	-0.0233085
7307.25	-0.0214522
7305.33	-0.0217883
7303.4	-0.0240827
7301.47	-0.0252941
7299.54	-0.0241202
7297.61	-0.0233149
7295.69	-0.0248265
7293.76	-0.0251227
7291.83	-0.02366
7289.9	-0.0228519
7287.97	-0.0233684
7286.05	-0.0237873
7284.12	-0.0250883
7282.19	-0.0266146
7280.26	-0.0261007
7278.33	-0.0237077
7276.41	-0.0228367
7274.48	-0.0240555
7272.55	-0.0262961
7270.62	-0.026558
7268.69	-0.0258959
7266.77	-0.0254689
7264.84	-0.0256936
7262.91	-0.0246706
7260.98	-0.0232559
7259.05	-0.0226043
7257.13	-0.0236148
7255.2	-0.0231569
7253.27	-0.022923
7251.34	-0.0236449
7249.41	-0.0244876
7247.49	-0.0245697
7245.56	-0.0248641
7243.63	-0.0250589
7241.7	-0.0248814
7239.77	-0.0241038
7237.85	-0.0225529
7235.92	-0.0230173
7233.99	-0.0239956
7232.06	-0.0245191
7230.13	-0.0256919
7228.21	-0.0247347
7226.28	-0.0235123
7224.35	-0.0237897
7222.42	-0.0238971
7220.49	-0.0243449
7218.57	-0.0239284
7216.64	-0.0232214
7214.71	-0.0234952
7212.78	-0.0244944
7210.85	-0.023957
7208.93	-0.0225461
7207	-0.0223828
7205.07	-0.0231415
7203.14	-0.0238074
7201.21	-0.0231296
7199.29	-0.0219619
7197.36	-0.0225401
7195.43	-0.0231379
7193.5	-0.0223928
7191.57	-0.0229969
7189.65	-0.0235183
7187.72	-0.0234563
7185.79	-0.0222712
7183.86	-0.0223086
7181.93	-0.0229001
7180	-0.0224109
7178.08	-0.022875
7176.15	-0.0238725
7174.22	-0.0222585
7172.29	-0.0216647
7170.37	-0.0239946
7168.44	-0.0246648
7166.51	-0.0214218
7164.58	-0.0213067
7162.65	-0.0225972
7160.73	-0.0226602
7158.8	-0.0237927
7156.87	-0.0241274
7154.94	-0.0231326
7153.01	-0.0219405
7151.08	-0.0220872
7149.16	-0.0226197
7147.23	-0.0226317
7145.3	-0.0221196
7143.37	-0.0224453
7141.44	-0.022527
7139.52	-0.022352
7137.59	-0.0229168
7135.66	-0.0228594
7133.73	-0.0221984
7131.8	-0.0224198
7129.88	-0.0238273
7127.95	-0.0239247
7126.02	-0.023721
7124.09	-0.0224279
7122.17	-0.0228688
7120.24	-0.0240609
7118.31	-0.0240239
7116.38	-0.0252567
7114.45	-0.0239608
7112.52	-0.0232362
7110.6	-0.023737
7108.67	-0.0231233
7106.74	-0.0226137
7104.81	-0.0227502
7102.88	-0.0218853
7100.96	-0.0216744
7099.03	-0.0222513
7097.1	-0.021982
7095.17	-0.0217305
7093.24	-0.0225506
7091.32	-0.0222372
7089.39	-0.0216873
7087.46	-0.0224089
7085.53	-0.0228845
7083.6	-0.0231518
7081.68	-0.0232618
7079.75	-0.0238734
7077.82	-0.0238276
7075.89	-0.0228754
7073.96	-0.0226042
7072.04	-0.023454
7070.11	-0.0233535
7068.18	-0.023393
7066.25	-0.0237172
7064.32	-0.0229016
7062.4	-0.0231341
7060.47	-0.023314
7058.54	-0.0218884
7056.61	-0.0213785
7054.68	-0.0212273
7052.76	-0.0219269
7050.83	-0.0230387
7048.9	-0.0225095
7046.97	-0.0207844
7045.04	-0.0206746
7043.12	-0.0207819
7041.19	-0.0213985
7039.26	-0.0236283
7037.33	-0.0241624
7035.4	-0.0225579
7033.48	-0.0215173
7031.55	-0.0210006
7029.62	-0.0207755
7027.69	-0.0219621
7025.76	-0.0221715
7023.84	-0.0205578
7021.91	-0.0211338
7019.98	-0.0224249
7018.05	-0.0224874
7016.12	-0.0216469
7014.2	-0.0199865
7012.27	-0.020265
7010.34	-0.0206058
7008.41	-0.0200992
7006.48	-0.0202404
7004.56	-0.020795
7002.63	-0.0206769
7000.7	-0.0211247
6998.77	-0.0227633
6996.84	-0.0226398
6994.92	-0.0223907
6992.99	-0.0220705
6991.06	-0.0220372
6989.13	-0.0233102
6987.2	-0.0229115
6985.28	-0.0216381
6983.35	-0.0212948
6981.42	-0.0213377
6979.49	-0.0213438
6977.56	-0.0215215
6975.64	-0.0209916
6973.71	-0.0208262
6971.78	-0.0218769
6969.85	-0.0221507
6967.92	-0.0218423
6966	-0.0220829
6964.07	-0.0216796
6962.14	-0.0208721
6960.21	-0.0202847
6958.28	-0.0204799
6956.36	-0.0219204
6954.43	-0.0213965
6952.5	-0.0197332
6950.57	-0.0209385
6948.64	-0.0216666
6946.72	-0.0207104
6944.79	-0.0205442
6942.86	-0.0211749
6940.93	-0.0215019
6939	-0.020069
6937.08	-0.0187388
6935.15	-0.0193641
6933.22	-0.0207232
6931.29	-0.0220656
6929.36	-0.0221771
6927.44	-0.0227534
6925.51	-0.0233807
6923.58	-0.0217791
6921.65	-0.0209018
6919.72	-0.0209276
6917.8	-0.0210025
6915.87	-0.0216632
6913.94	-0.0222445
6912.01	-0.0219687
6910.08	-0.020849
6908.16	-0.0208165
6906.23	-0.0207278
6904.3	-0.0208704
6902.37	-0.0223464
6900.44	-0.0224932
6898.52	-0.0206966
6896.59	-0.0206307
6894.66	-0.0208267
6892.73	-0.0208177
6890.8	-0.0213284
6888.88	-0.020432
6886.95	-0.0196298
6885.02	-0.0203172
6883.09	-0.0212053
6881.16	-0.0215432
6879.24	-0.0207069
6877.31	-0.0200296
6875.38	-0.0209127
6873.45	-0.0216735
6871.52	-0.0212003
6869.6	-0.0212287
6867.67	-0.0218858
6865.74	-0.0224069
6863.81	-0.0214455
6861.88	-0.0202863
6859.96	-0.0199814
6858.03	-0.0202069
6856.1	-0.0207942
6854.17	-0.0216355
6852.24	-0.0209268
6850.32	-0.0201757
6848.39	-0.0206023
6846.46	-0.0209658
6844.53	-0.0208839
6842.6	-0.0202847
6840.68	-0.020457
6838.75	-0.0205657
6836.82	-0.020171
6834.89	-0.0208053
6832.96	-0.0203581
6831.04	-0.0201144
6829.11	-0.0205956
6827.18	-0.020245
6825.25	-0.0194122
6823.32	-0.0196199
6821.4	-0.0200471
6819.47	-0.0208269
6817.54	-0.0214098
6815.61	-0.0204338
6813.68	-0.0196452
6811.76	-0.0194314
6809.83	-0.0194488
6807.9	-0.0199923
6805.97	-0.0205262
6804.04	-0.0195768
6802.12	-0.019367
6800.19	-0.020497
6798.26	-0.0209929
6796.33	-0.020936
6794.4	-0.0204577
6792.48	-0.0197001
6790.55	-0.0196769
6788.62	-0.020186
6786.69	-0.0192644
6784.76	-0.0186333
6782.84	-0.0190037
6780.91	-0.0188303
6778.98	-0.0190807
6777.05	-0.0193482
6775.12	-0.0201382
6773.2	-0.0202462
6771.27	-0.0195428
6769.34	-0.0191183
6767.41	-0.018599
6765.48	-0.0182311
6763.56	-0.0186744
6761.63	-0.0193145
6759.7	-0.0194498
6757.77	-0.0196554
6755.84	-0.0193831
6753.92	-0.0191516
6751.99	-0.0186461
6750.06	-0.0184511
6748.13	-0.0178833
6746.2	-0.0178691
6744.28	-0.019315
6742.35	-0.0199201
6740.42	-0.0190782
6738.49	-0.0189004
6736.56	-0.018686
6734.64	-0.0181534
6732.71	-0.0183606
6730.78	-0.0178585
6728.85	-0.0175732
6726.92	-0.0182051
6725	-0.0186565
6723.07	-0.0181675
6721.14	-0.0179467
6719.21	-0.0184119
6717.28	-0.0185877
6715.35	-0.0182175
6713.43	-0.0184478
6711.5	-0.0181764
6709.57	-0.0172394
6707.64	-0.0168863
6705.71	-0.017703
6703.79	-0.0181795
6701.86	-0.0177768
6699.93	-0.0176135
6698	-0.0178697
6696.08	-0.0175188
6694.15	-0.017083
6692.22	-0.0170167
6690.29	-0.0174062
6688.36	-0.0175324
6686.44	-0.0173233
6684.51	-0.0173359
6682.58	-0.0175188
6680.65	-0.0179706
6678.72	-0.0183433
6676.79	-0.0178293
6674.87	-0.0169222
6672.94	-0.0165553
6671.01	-0.0172026
6669.08	-0.0174594
6667.15	-0.0182536
6665.23	-0.0191334
6663.3	-0.0194052
6661.37	-0.0188477
6659.44	-0.0182385
6657.51	-0.017545
6655.59	-0.0173584
6653.66	-0.0179463
6651.73	-0.018008
6649.8	-0.0181364
6647.88	-0.0176972
6645.95	-0.0169459
6644.02	-0.0169324
6642.09	-0.0173412
6640.16	-0.0176243
6638.23	-0.0175683
6636.31	-0.0173795
6634.38	-0.0175674
6632.45	-0.0185033
6630.52	-0.0175263
6628.59	-0.016706
6626.67	-0.0177549
6624.74	-0.0182901
6622.81	-0.0177832
6620.88	-0.0177726
6618.95	-0.0171532
6617.03	-0.0164718
6615.1	-0.0167124
6613.17	-0.01733
6611.24	-0.0170622
6609.31	-0.0166484
6607.39	-0.0164891
6605.46	-0.0163782
6603.53	-0.0169097
6601.6	-0.0176156
6599.67	-0.0177197
6597.75	-0.017944
6595.82	-0.0179173
6593.89	-0.0180479
6591.96	-0.0175828
6590.03	-0.0173229
6588.11	-0.0181181
6586.18	-0.019192
6584.25	-0.0185187
6582.32	-0.017173
6580.39	-0.0167019
6578.47	-0.0168582
6576.54	-0.0169474
6574.61	-0.017716
6572.68	-0.0180324
6570.75	-0.0179862
6568.83	-0.0172246
6566.9	-0.016359
6564.97	-0.0166253
6563.04	-0.016863
6561.11	-0.0168898
6559.19	-0.0175083
6557.26	-0.0178393
6555.33	-0.0174754
6553.4	-0.0175608
6551.47	-0.017465
6549.55	-0.0166852
6547.62	-0.0165195
6545.69	-0.0164315
6543.76	-0.0168826
6541.83	-0.017609
6539.91	-0.017667
6537.98	-0.0176613
6536.05	-0.0174132
6534.12	-0.0170235
6532.19	-0.0174898
6530.27	-0.0172942
6528.34	-0.0171446
6526.41	-0.0172839
6524.48	-0.0176689
6522.55	-0.0180224
6520.63	-0.016818
6518.7	-0.0160727
6516.77	-0.0163069
6514.84	-0.0165673
6512.91	-0.0166932
6510.99	-0.017211
6509.06	-0.0169778
6507.13	-0.0166372
6505.2	-0.0167199
6503.27	-0.0160075
6501.35	-0.0157227
6499.42	-0.0165669
6497.49	-0.0174871
6495.56	-0.0172411
6493.63	-0.0170288
6491.71	-0.0170563
6489.78	-0.0166767
6487.85	-0.0164114
6485.92	-0.0163624
6483.99	-0.0167325
6482.07	-0.0173247
6480.14	-0.0173783
6478.21	-0.0170609
6476.28	-0.0169835
6474.35	-0.0172254
6472.43	-0.016772
6470.5	-0.0164281
6468.57	-0.0167572
6466.64	-0.0169443
6464.71	-0.0176464
6462.79	-0.0180637
6460.86	-0.0177793
6458.93	-0.0171572
6457	-0.0171207
6455.07	-0.0172247
6453.15	-0.0174097
6451.22	-0.0175188
6449.29	-0.0173559
6447.36	-0.0170456
6445.43	-0.0168579
6443.51	-0.0167436
6441.58	-0.0166751
6439.65	-0.0167514
6437.72	-0.0168477
6435.79	-0.0165577
6433.87	-0.0165655
6431.94	-0.0173247
6430.01	-0.0173348
6428.08	-0.0175349
6426.15	-0.0171864
6424.23	-0.0168825
6422.3	-0.0170029
6420.37	-0.0169474
6418.44	-0.0172882
6416.51	-0.0174254
6414.59	-0.0168461
6412.66	-0.0168264
6410.73	-0.0168864
6408.8	-0.0170535
6406.87	-0.0169723
6404.95	-0.0168758
6403.02	-0.0166191
6401.09	-0.0166118
6399.16	-0.0163962
6397.23	-0.0166854
6395.31	-0.0167821
6393.38	-0.0164022
6391.45	-0.0167714
6389.52	-0.01639
6387.59	-0.016461
6385.67	-0.0163969
6383.74	-0.0161999
6381.81	-0.0162541
6379.88	-0.016418
6377.95	-0.0167245
6376.03	-0.0163516
6374.1	-0.0163543
6372.17	-0.0166975
6370.24	-0.0165726
6368.31	-0.0170482
6366.39	-0.0169126
6364.46	-0.0169026
6362.53	-0.016987
6360.6	-0.0161785
6358.67	-0.0159482
6356.75	-0.0163343
6354.82	-0.0164811
6352.89	-0.0164804
6350.96	-0.0166428
6349.03	-0.0166408
6347.11	-0.0163417
6345.18	-0.0164784
6343.25	-0.0162964
6341.32	-0.016397
6339.39	-0.0165299
6337.47	-0.0163791
6335.54	-0.0167262
6333.61	-0.0174368
6331.68	-0.0175902
6329.75	-0.0169744
6327.83	-0.0167735
6325.9	-0.0167184
6323.97	-0.0165733
6322.04	-0.016824
6320.11	-0.0173491
6318.19	-0.0169569
6316.26	-0.0160517
6314.33	-0.016019
6312.4	-0.0164585
6310.47	-0.0168137
6308.55	-0.017161
6306.62	-0.0173188
6304.69	-0.0169291
6302.76	-0.0165598
6300.83	-0.0166086
6298.91	-0.0167693
6296.98	-0.0168952
6295.05	-0.0169058
6293.12	-0.0164272
6291.19	-0.0159977
6289.27	-0.0160231
6287.34	-0.0164654
6285.41	-0.0168779
6283.48	-0.0173087
6281.55	-0.0176803
6279.62	-0.0173282
6277.7	-0.0166636
6275.77	-0.0168967
6273.84	-0.0174366
6271.91	-0.0176401
6269.99	-0.0172159
6268.06	-0.0167757
6266.13	-0.0171546
6264.2	-0.0176589
6262.27	-0.0171392
6260.34	-0.0165498
6258.42	-0.016658
6256.49	-0.0171997
6254.56	-0.0174187
6252.63	-0.0170846
6250.71	-0.0166665
6248.78	-0.0163839
6246.85	-0.0168972
6244.92	-0.0171805
6242.99	-0.0169429
6241.06	-0.0166151
6239.14	-0.0169495
6237.21	-0.0172338
6235.28	-0.0172526
6233.35	-0.0172668
6231.42	-0.0169641
6229.5	-0.0170284
6227.57	-0.0167236
6225.64	-0.0167469
6223.71	-0.0172162
6221.79	-0.0172951
6219.86	-0.0168306
6217.93	-0.0164433
6216	-0.0165602
6214.07	-0.0172397
6212.15	-0.0173742
6210.22	-0.0166529
6208.29	-0.0167231
6206.36	-0.0169677
6204.43	-0.0168533
6202.5	-0.0171091
6200.58	-0.0168326
6198.65	-0.0165713
6196.72	-0.016575
6194.79	-0.0160257
6192.86	-0.0158886
6190.94	-0.0166738
6189.01	-0.0171411
6187.08	-0.0170854
6185.15	-0.0169166
6183.22	-0.0168178
6181.3	-0.0165621
6179.37	-0.0162507
6177.44	-0.0160482
6175.51	-0.0158666
6173.58	-0.0160221
6171.66	-0.0168529
6169.73	-0.0170329
6167.8	-0.0165942
6165.87	-0.016664
6163.94	-0.0166675
6162.02	-0.0165912
6160.09	-0.0167388
6158.16	-0.0169567
6156.23	-0.0167522
6154.3	-0.0164242
6152.38	-0.0160575
6150.45	-0.016095
6148.52	-0.0164574
6146.59	-0.0164424
6144.66	-0.0164244
6142.74	-0.0164704
6140.81	-0.0162705
6138.88	-0.0164969
6136.95	-0.0165638
6135.02	-0.016625
6133.1	-0.016381
6131.17	-0.0158033
6129.24	-0.0156035
6127.31	-0.0158224
6125.38	-0.0161055
6123.46	-0.0160639
6121.53	-0.0160104
6119.6	-0.0161322
6117.67	-0.0162119
6115.74	-0.0163523
6113.82	-0.0163713
6111.89	-0.0159221
6109.96	-0.0156656
6108.03	-0.0160199
6106.1	-0.0161608
6104.18	-0.0160996
6102.25	-0.0161622
6100.32	-0.0159923
6098.39	-0.01589
6096.46	-0.0162564
6094.54	-0.0166372
6092.61	-0.0165297
6090.68	-0.0158636
6088.75	-0.0158853
6086.82	-0.0158901
6084.9	-0.0158206
6082.97	-0.0155304
6081.04	-0.0153634
6079.11	-0.0154724
6077.18	-0.0152107
6075.26	-0.0150631
6073.33	-0.015364
6071.4	-0.0156454
6069.47	-0.0160243
6067.54	-0.0159838
6065.62	-0.0155928
6063.69	-0.0148571
6061.76	-0.0150075
6059.83	-0.0158063
6057.9	-0.016092
6055.98	-0.0159211
6054.05	-0.0155621
6052.12	-0.01561
6050.19	-0.0155323
6048.26	-0.0154102
6046.34	-0.0153518
6044.41	-0.0157012
6042.48	-0.0156597
6040.55	-0.0158549
6038.62	-0.0158963
6036.7	-0.0154383
6034.77	-0.0153267
6032.84	-0.0155903
6030.91	-0.0157152
6028.98	-0.015976
6027.06	-0.0161821
6025.13	-0.0158289
6023.2	-0.015791
6021.27	-0.01595
6019.34	-0.0158284
6017.42	-0.0156873
6015.49	-0.0158133
6013.56	-0.0161493
6011.63	-0.0161242
6009.7	-0.0157419
6007.78	-0.0154918
6005.85	-0.0154219
6003.92	-0.0157386
6001.99	-0.0159348
6000.06	-0.0158072
5998.14	-0.0159517
5996.21	-0.0160537
5994.28	-0.0163916
5992.35	-0.0159646
5990.42	-0.0159429
5988.5	-0.0160604
5986.57	-0.0161214
5984.64	-0.0160017
5982.71	-0.0158009
5980.78	-0.0155192
5978.86	-0.0157079
5976.93	-0.0160806
5975	-0.0155636
5973.07	-0.0152773
5971.14	-0.0153084
5969.22	-0.0156603
5967.29	-0.015944
5965.36	-0.0158229
5963.43	-0.0158459
5961.5	-0.0158531
5959.58	-0.0159303
5957.65	-0.0157956
5955.72	-0.0158473
5953.79	-0.0157386
5951.86	-0.0156301
5949.94	-0.0156157
5948.01	-0.0154073
5946.08	-0.0155262
5944.15	-0.0157377
5942.22	-0.015744
5940.3	-0.0160537
5938.37	-0.0160043
5936.44	-0.0157095
5934.51	-0.0160394
5932.58	-0.0163496
5930.66	-0.0161893
5928.73	-0.015821
5926.8	-0.0159568
5924.87	-0.0158508
5922.94	-0.0155091
5921.02	-0.0152311
5919.09	-0.0153721
5917.16	-0.015623
5915.23	-0.015819
5913.3	-0.0160118
5911.38	-0.0163861
5909.45	-0.0158588
5907.52	-0.0152312
5905.59	-0.0157757
5903.66	-0.0162036
5901.74	-0.0161159
5899.81	-0.0158942
5897.88	-0.0158196
5895.95	-0.0160701
5894.02	-0.0160123
5892.1	-0.0156191
5890.17	-0.0158957
5888.24	-0.0160671
5886.31	-0.0156554
5884.38	-0.015805
5882.46	-0.0160391
5880.53	-0.0161317
5878.6	-0.0161012
5876.67	-0.0160023
5874.74	-0.0161367
5872.82	-0.0161745
5870.89	-0.0159828
5868.96	-0.015688
5867.03	-0.0156861
5865.1	-0.0157887
5863.18	-0.0153549
5861.25	-0.0154424
5859.32	-0.0157086
5857.39	-0.0156146
5855.46	-0.0157623
5853.54	-0.0159229
5851.61	-0.0157703
5849.68	-0.0157393
5847.75	-0.0156735
5845.82	-0.0155795
5843.9	-0.015655
5841.97	-0.0152046
5840.04	-0.0152341
5838.11	-0.0154735
5836.18	-0.0154066
5834.25	-0.0157824
5832.33	-0.0157054
5830.4	-0.015794
5828.47	-0.0156435
5826.54	-0.0155567
5824.62	-0.0158111
5822.69	-0.0156755
5820.76	-0.0151962
5818.83	-0.0150234
5816.9	-0.0153633
5814.98	-0.0154648
5813.05	-0.015224
5811.12	-0.0151556
5809.19	-0.0155078
5807.26	-0.0157632
5805.33	-0.0159445
5803.41	-0.0158012
5801.48	-0.0154911
5799.55	-0.0152332
5797.62	-0.0153935
5795.7	-0.0155212
5793.77	-0.0152546
5791.84	-0.015776
5789.91	-0.0159685
5787.98	-0.0153378
5786.06	-0.015258
5784.13	-0.0153392
5782.2	-0.0155178
5780.27	-0.0156232
5778.34	-0.0154224
5776.42	-0.0154858
5774.49	-0.0152998
5772.56	-0.0155815
5770.63	-0.0159129
5768.7	-0.0156279
5766.77	-0.0155455
5764.85	-0.0155817
5762.92	-0.0159223
5760.99	-0.0158249
5759.06	-0.0151236
5757.13	-0.0151328
5755.21	-0.0153077
5753.28	-0.0149204
5751.35	-0.0148864
5749.42	-0.0148985
5747.49	-0.0148663
5745.57	-0.0145369
5743.64	-0.0142279
5741.71	-0.0147012
5739.78	-0.0150149
5737.85	-0.0148154
5735.93	-0.0147481
5734	-0.0149197
5732.07	-0.0151419
5730.14	-0.0149324
5728.21	-0.0148958
5726.29	-0.0150504
5724.36	-0.0149243
5722.43	-0.0146355
5720.5	-0.0148619
5718.57	-0.0147969
5716.65	-0.0147288
5714.72	-0.0148899
5712.79	-0.0147809
5710.86	-0.0147538
5708.93	-0.0150387
5707.01	-0.0153333
5705.08	-0.0152975
5703.15	-0.0150941
5701.22	-0.0151182
5699.29	-0.0151035
5697.37	-0.0148875
5695.44	-0.0147765
5693.51	-0.0147797
5691.58	-0.0147344
5689.65	-0.0147803
5687.73	-0.0151285
5685.8	-0.0150125
5683.87	-0.0146909
5681.94	-0.0145598
5680.01	-0.0146357
5678.09	-0.0147609
5676.16	-0.0150029
5674.23	-0.0151008
5672.3	-0.0149877
5670.37	-0.0147519
5668.45	-0.0142915
5666.52	-0.0141096
5664.59	-0.0141272
5662.66	-0.0145137
5660.73	-0.0148338
5658.81	-0.0144575
5656.88	-0.0144658
5654.95	-0.014949
5653.02	-0.0145572
5651.09	-0.0143131
5649.17	-0.0146865
5647.24	-0.0148578
5645.31	-0.0151558
5643.38	-0.0148253
5641.45	-0.0142686
5639.53	-0.0143203
5637.6	-0.0147093
5635.67	-0.0146947
5633.74	-0.0145558
5631.81	-0.0142719
5629.89	-0.0141947
5627.96	-0.0142547
5626.03	-0.0140666
5624.1	-0.0140768
5622.17	-0.0144365
5620.25	-0.0145153
5618.32	-0.0143488
5616.39	-0.014323
5614.46	-0.0146624
5612.53	-0.014639
5610.61	-0.0144456
5608.68	-0.0142666
5606.75	-0.0141493
5604.82	-0.0144783
5602.89	-0.0145615
5600.97	-0.0141861
5599.04	-0.0141658
5597.11	-0.0142798
5595.18	-0.0142989
5593.25	-0.0141892
5591.33	-0.0142064
5589.4	-0.0141121
5587.47	-0.0140599
5585.54	-0.0140553
5583.61	-0.0138741
5581.69	-0.0140443
5579.76	-0.0144715
5577.83	-0.0145645
5575.9	-0.0142983
5573.97	-0.014198
5572.05	-0.0143368
5570.12	-0.0143696
5568.19	-0.0143477
5566.26	-0.0140425
5564.33	-0.013806
5562.41	-0.0139766
5560.48	-0.0140772
5558.55	-0.0138703
5556.62	-0.0137918
5554.69	-0.0140282
5552.77	-0.0141707
5550.84	-0.0142565
5548.91	-0.0140965
5546.98	-0.0138293
5545.05	-0.0139638
5543.13	-0.0139624
5541.2	-0.0140158
5539.27	-0.0142015
5537.34	-0.014066
5535.41	-0.0137863
5533.49	-0.0137761
5531.56	-0.0141175
5529.63	-0.0142043
5527.7	-0.0137855
5525.77	-0.0136792
5523.85	-0.0139194
5521.92	-0.0138869
5519.99	-0.0136452
5518.06	-0.0137578
5516.13	-0.0137464
5514.21	-0.0137809
5512.28	-0.0136738
5510.35	-0.0135793
5508.42	-0.0136661
5506.49	-0.0135665
5504.57	-0.0134118
5502.64	-0.0134855
5500.71	-0.013799
5498.78	-0.014157
5496.85	-0.0140393
5494.93	-0.0136248
5493	-0.0137121
5491.07	-0.0141138
5489.14	-0.0141747
5487.21	-0.013941
5485.29	-0.0137179
5483.36	-0.0135153
5481.43	-0.0135203
5479.5	-0.0137426
5477.57	-0.0139292
5475.65	-0.0140224
5473.72	-0.0138709
5471.79	-0.0136727
5469.86	-0.0137188
5467.93	-0.0136424
5466.01	-0.0136859
5464.08	-0.0137656
5462.15	-0.0138154
5460.22	-0.0136312
5458.29	-0.013116
5456.37	-0.0131134
5454.44	-0.0131325
5452.51	-0.0131395
5450.58	-0.0133573
5448.65	-0.013435
5446.73	-0.0134812
5444.8	-0.0130212
5442.87	-0.0130783
5440.94	-0.0138892
5439.01	-0.0139335
5437.09	-0.0134817
5435.16	-0.0136226
5433.23	-0.0137316
5431.3	-0.0136348
5429.37	-0.0131275
5427.45	-0.0129486
5425.52	-0.0132809
5423.59	-0.0134406
5421.66	-0.0136463
5419.73	-0.0134834
5417.81	-0.0133026
5415.88	-0.0133051
5413.95	-0.0134074
5412.02	-0.0133119
5410.09	-0.012966
5408.17	-0.0130206
5406.24	-0.013065
5404.31	-0.0133033
5402.38	-0.0134144
5400.45	-0.0131148
5398.53	-0.0129947
5396.6	-0.0132913
5394.67	-0.0135036
5392.74	-0.0132686
5390.81	-0.0130022
5388.88	-0.0132368
5386.96	-0.0134993
5385.03	-0.0135748
5383.1	-0.0131973
5381.17	-0.0129619
5379.25	-0.013413
5377.32	-0.0136453
5375.39	-0.0135184
5373.46	-0.0131389
5371.53	-0.0127797
5369.6	-0.012705
5367.68	-0.0129273
5365.75	-0.0129897
5363.82	-0.0130469
5361.89	-0.0131187
5359.96	-0.0132472
5358.04	-0.0130906
5356.11	-0.0126957
5354.18	-0.0127485
5352.25	-0.0128913
5350.33	-0.0129118
5348.4	-0.0128915
5346.47	-0.0129578
5344.54	-0.0131197
5342.61	-0.0127736
5340.69	-0.0126177
5338.76	-0.0126545
5336.83	-0.0127071
5334.9	-0.012906
5332.97	-0.0130396
5331.04	-0.0128318
5329.12	-0.0125108
5327.19	-0.0125849
5325.26	-0.0125556
5323.33	-0.0126273
5321.4	-0.0123734
5319.48	-0.0123808
5317.55	-0.0126582
5315.62	-0.0126152
5313.69	-0.0123463
5311.76	-0.0121165
5309.84	-0.0121125
5307.91	-0.0122205
5305.98	-0.0122503
5304.05	-0.0122868
5302.12	-0.0123816
5300.2	-0.0124106
5298.27	-0.0123874
5296.34	-0.0121639
5294.41	-0.0121646
5292.48	-0.0123503
5290.56	-0.0123268
5288.63	-0.0124015
5286.7	-0.0123839
5284.77	-0.0124499
5282.84	-0.0124521
5280.92	-0.012273
5278.99	-0.0122205
5277.06	-0.0122575
5275.13	-0.0121167
5273.21	-0.0121139
5271.28	-0.0120786
5269.35	-0.0119078
5267.42	-0.0119328
5265.49	-0.0118482
5263.56	-0.0117292
5261.64	-0.0118451
5259.71	-0.011974
5257.78	-0.0117254
5255.85	-0.0116807
5253.92	-0.0116387
5252	-0.011549
5250.07	-0.011643
5248.14	-0.0117786
5246.21	-0.0116807
5244.28	-0.0115449
5242.36	-0.011584
5240.43	-0.0116009
5238.5	-0.0115241
5236.57	-0.011554
5234.64	-0.0113195
5232.72	-0.0108869
5230.79	-0.0110084
5228.86	-0.0111758
5226.93	-0.0110529
5225	-0.0110268
5223.08	-0.0108559
5221.15	-0.0109407
5219.22	-0.0109191
5217.29	-0.0107406
5215.36	-0.0109021
5213.44	-0.0110031
5211.51	-0.0107864
5209.58	-0.0106334
5207.65	-0.0105385
5205.72	-0.0102595
5203.8	-0.0102141
5201.87	-0.0103129
5199.94	-0.010214
5198.01	-0.0102607
5196.08	-0.0104658
5194.16	-0.01033
5192.23	-0.00994405
5190.3	-0.0097706
5188.37	-0.0098406
5186.44	-0.00988961
5184.52	-0.0100093
5182.59	-0.0102715
5180.66	-0.0102421
5178.73	-0.0100399
5176.8	-0.00985255
5174.88	-0.00948865
5172.95	-0.00934985
5171.02	-0.00951507
5169.09	-0.00940867
5167.16	-0.00927963
5165.24	-0.00921317
5163.31	-0.00925362
5161.38	-0.00916309
5159.45	-0.00895648
5157.52	-0.00899974
5155.6	-0.00901198
5153.67	-0.00884159
5151.74	-0.00870612
5149.81	-0.0082951
5147.88	-0.00827072
5145.96	-0.00852016
5144.03	-0.0084799
5142.1	-0.00864474
5140.17	-0.00880374
5138.24	-0.00868521
5136.32	-0.00859855
5134.39	-0.00812808
5132.46	-0.00770421
5130.53	-0.0080552
5128.6	-0.00843645
5126.68	-0.00838296
5124.75	-0.00804889
5122.82	-0.00789482
5120.89	-0.00793871
5118.96	-0.00767429
5117.04	-0.00754666
5115.11	-0.00772966
5113.18	-0.00779905
5111.25	-0.00744222
5109.32	-0.00703792
5107.4	-0.00713813
5105.47	-0.00760049
5103.54	-0.00760758
5101.61	-0.00736844
5099.68	-0.00704558
5097.76	-0.0070847
5095.83	-0.00722765
5093.9	-0.00713278
5091.97	-0.00713708
5090.04	-0.00706667
5088.12	-0.00674614
5086.19	-0.00660695
5084.26	-0.00644417
5082.33	-0.00632784
5080.4	-0.00655737
5078.48	-0.00673518
5076.55	-0.00680495
5074.62	-0.00646594
5072.69	-0.00615147
5070.76	-0.00620063
5068.84	-0.00620971
5066.91	-0.00585255
5064.98	-0.00583901
5063.05	-0.00605155
5061.12	-0.00583758
5059.2	-0.00543064
5057.27	-0.00528817
5055.34	-0.0053968
5053.41	-0.00548273
5051.48	-0.00547314
5049.56	-0.0054112
5047.63	-0.00521376
5045.7	-0.00513322
5043.77	-0.00493094
5041.84	-0.00452525
5039.92	-0.00441158
5037.99	-0.00464649
5036.06	-0.00431225
5034.13	-0.00360998
5032.2	-0.00341765
5030.28	-0.00342817
5028.35	-0.00321763
5026.42	-0.00311654
5024.49	-0.00279525
5022.56	-0.00251322
5020.64	-0.00279249
5018.71	-0.00285118
5016.78	-0.00244667
5014.85	-0.00229713
5012.92	-0.00255394
5011	-0.00295933
5009.07	-0.00317092
5007.14	-0.00329057
5005.21	-0.00344707
5003.28	-0.00358383
5001.36	-0.00363502
4999.43	-0.00369863
4997.5	-0.00404417
4995.57	-0.00415091
4993.64	-0.00401125
4991.72	-0.00395317
4989.79	-0.00419545
4987.86	-0.00439065
4985.93	-0.00447163
4984	-0.00477625
4982.08	-0.00467747
4980.15	-0.00454332
4978.22	-0.00474102
4976.29	-0.0046894
4974.36	-0.00450679
4972.44	-0.00461663
4970.51	-0.00463095
4968.58	-0.00456417
4966.65	-0.00447262
4964.72	-0.0043941
4962.8	-0.00492714
4960.87	-0.00515804
4958.94	-0.00504254
4957.01	-0.00485087
4955.08	-0.00474273
4953.16	-0.00463492
4951.23	-0.00459905
4949.3	-0.00473417
4947.37	-0.00470576
4945.44	-0.00469258
4943.52	-0.00474135
4941.59	-0.00478173
4939.66	-0.00494545
4937.73	-0.00500504
4935.8	-0.00493232
4933.88	-0.00485618
4931.95	-0.00481682
4930.02	-0.00468799
4928.09	-0.00466114
4926.16	-0.00495924
4924.24	-0.0051692
4922.31	-0.00503776
4920.38	-0.00496291
4918.45	-0.00516511
4916.52	-0.00525691
4914.6	-0.00532984
4912.67	-0.00533017
4910.74	-0.00522741
4908.81	-0.00501568
4906.88	-0.00508482
4904.96	-0.00525799
4903.03	-0.00520414
4901.1	-0.0050617
4899.17	-0.00512981
4897.24	-0.00531688
4895.32	-0.0054201
4893.39	-0.00521304
4891.46	-0.00492213
4889.53	-0.00504372
4887.6	-0.00537697
4885.67	-0.00556893
4883.75	-0.00567337
4881.82	-0.00555935
4879.89	-0.00528526
4877.96	-0.00528536
4876.04	-0.00552287
4874.11	-0.00558028
4872.18	-0.00551633
4870.25	-0.00554862
4868.32	-0.00565217
4866.4	-0.00570833
4864.47	-0.00563052
4862.54	-0.00553893
4860.61	-0.00568661
4858.68	-0.00576843
4856.75	-0.0057837
4854.83	-0.00569567
4852.9	-0.0057183
4850.97	-0.00579141
4849.04	-0.00590877
4847.12	-0.00598773
4845.19	-0.00604956
4843.26	-0.00595659
4841.33	-0.00590691
4839.4	-0.00595306
4837.47	-0.00601466
4835.55	-0.00579962
4833.62	-0.00592047
4831.69	-0.00620742
4829.76	-0.00645481
4827.83	-0.00655607
4825.91	-0.006531
4823.98	-0.00644564
4822.05	-0.00643666
4820.12	-0.0064649
4818.19	-0.00655473
4816.27	-0.00651876
4814.34	-0.00629427
4812.41	-0.00615999
4810.48	-0.00629962
4808.55	-0.00654239
4806.63	-0.00646497
4804.7	-0.00660388
4802.77	-0.00689957
4800.84	-0.00686758
4798.91	-0.00693326
4796.99	-0.00698165
4795.06	-0.00698253
4793.13	-0.00713034
4791.2	-0.00723023
4789.27	-0.00722355
4787.35	-0.00724962
4785.42	-0.00727454
4783.49	-0.0073559
4781.56	-0.00761198
4779.63	-0.00768109
4777.71	-0.00761725
4775.78	-0.00760999
4773.85	-0.00770766
4771.92	-0.00774304
4769.99	-0.00765141
4768.07	-0.00749632
4766.14	-0.00764708
4764.21	-0.00788568
4762.28	-0.00792518
4760.35	-0.00796448
4758.43	-0.00809718
4756.5	-0.00806395
4754.57	-0.00792905
4752.64	-0.00818147
4750.71	-0.00841442
4748.79	-0.00838328
4746.86	-0.00854615
4744.93	-0.00898017
4743	-0.00907788
4741.07	-0.00884374
4739.15	-0.00874275
4737.22	-0.00851824
4735.29	-0.00855947
4733.36	-0.00901779
4731.43	-0.00899481
4729.51	-0.0088862
4727.58	-0.00903219
4725.65	-0.00895943
4723.72	-0.00886497
4721.79	-0.00891298
4719.87	-0.00884753
4717.94	-0.00900386
4716.01	-0.00940037
4714.08	-0.00951296
4712.15	-0.00939038
4710.23	-0.00920542
4708.3	-0.00934236
4706.37	-0.00955851
4704.44	-0.00963078
4702.51	-0.00955199
4700.59	-0.00942083
4698.66	-0.00958388
4696.73	-0.00991419
4694.8	-0.0099014
4692.87	-0.00996124
4690.95	-0.0101958
4689.02	-0.0100636
4687.09	-0.00977698
4685.16	-0.00977623
4683.23	-0.00998883
4681.31	-0.0101568
4679.38	-0.0100161
4677.45	-0.00995655
4675.52	-0.00995499
4673.59	-0.00989213
4671.67	-0.0100496
4669.74	-0.0100323
4667.81	-0.0100378
4665.88	-0.0101464
4663.95	-0.0103004
4662.03	-0.0103964
4660.1	-0.010391
4658.17	-0.0102679
4656.24	-0.0101597
4654.31	-0.0103059
4652.39	-0.0104782
4650.46	-0.010446
4648.53	-0.0104293
4646.6	-0.01037
4644.67	-0.0103697
4642.75	-0.0104808
4640.82	-0.0104241
4638.89	-0.0102255
4636.96	-0.0101241
4635.03	-0.0102386
4633.11	-0.0103643
4631.18	-0.0102415
4629.25	-0.0102049
4627.32	-0.0103361
4625.39	-0.0103368
4623.47	-0.0102528
4621.54	-0.0102454
4619.61	-0.0103708
4617.68	-0.0104904
4615.75	-0.0105561
4613.83	-0.0104922
4611.9	-0.01044
4609.97	-0.0105196
4608.04	-0.0106101
4606.11	-0.0105631
4604.19	-0.0104928
4602.26	-0.0105895
4600.33	-0.0107461
4598.4	-0.0106427
4596.47	-0.0105592
4594.55	-0.0105557
4592.62	-0.0104931
4590.69	-0.0104354
4588.76	-0.0104053
4586.83	-0.0104397
4584.91	-0.0105709
4582.98	-0.0107288
4581.05	-0.0105936
4579.12	-0.0102734
4577.19	-0.0101607
4575.27	-0.0102615
4573.34	-0.0103338
4571.41	-0.0105348
4569.48	-0.0106951
4567.55	-0.0104281
4565.63	-0.0101214
4563.7	-0.0101192
4561.77	-0.0102186
4559.84	-0.00998954
4557.91	-0.00995007
4555.99	-0.010163
4554.06	-0.010064
4552.13	-0.00992445
4550.2	-0.00986233
4548.27	-0.00968759
4546.35	-0.00944479
4544.42	-0.00952104
4542.49	-0.00967583
4540.56	-0.00948729
4538.63	-0.00929202
4536.71	-0.00929913
4534.78	-0.00928443
4532.85	-0.00923598
4530.92	-0.00934281
4528.99	-0.00943331
4527.07	-0.00934868
4525.14	-0.00920273
4523.21	-0.00921856
4521.28	-0.00936084
4519.35	-0.00938759
4517.43	-0.00942242
4515.5	-0.00938364
4513.57	-0.00938422
4511.64	-0.00935838
4509.71	-0.009487
4507.79	-0.00982499
4505.86	-0.00996267
4503.93	-0.009939
4502	-0.00976875
4500.07	-0.00969216
4498.15	-0.00979765
4496.22	-0.0100372
4494.29	-0.010166
4492.36	-0.0102635
4490.43	-0.0102608
4488.51	-0.0103313
4486.58	-0.0104932
4484.65	-0.0103969
4482.72	-0.0103337
4480.79	-0.0104216
4478.87	-0.0102581
4476.94	-0.0101268
4475.01	-0.0102378
4473.08	-0.0102647
4471.15	-0.0104082
4469.23	-0.0104956
4467.3	-0.0104402
4465.37	-0.0103944
4463.44	-0.0103434
4461.51	-0.010395
4459.58	-0.0104534
4457.66	-0.0104242
4455.73	-0.0104156
4453.8	-0.0105195
4451.87	-0.0105177
4449.95	-0.0105134
4448.02	-0.0104368
4446.09	-0.0103107
4444.16	-0.0103751
4442.23	-0.0103986
4440.3	-0.0102322
4438.38	-0.0100492
4436.45	-0.0099728
4434.52	-0.0101798
4432.59	-0.0102947
4430.67	-0.0103538
4428.74	-0.0102528
4426.81	-0.0102129
4424.88	-0.0101886
4422.95	-0.0101486
4421.02	-0.0101312
4419.1	-0.0101094
4417.17	-0.0102184
4415.24	-0.0102781
4413.31	-0.0102691
4411.38	-0.0102938
4409.46	-0.0101909
4407.53	-0.0101223
4405.6	-0.0101706
4403.67	-0.0101424
4401.75	-0.0101573
4399.82	-0.0103336
4397.89	-0.0104107
4395.96	-0.0103786
4394.03	-0.0101863
4392.1	-0.0100318
4390.18	-0.0100398
4388.25	-0.0101943
4386.32	-0.0103178
4384.39	-0.0102372
4382.46	-0.0101338
4380.54	-0.0101887
4378.61	-0.0101932
4376.68	-0.0101211
4374.75	-0.0100571
4372.82	-0.0100853
4370.9	-0.010166
4368.97	-0.0101865
4367.04	-0.0101508
4365.11	-0.0100716
4363.18	-0.00998909
4361.26	-0.0100726
4359.33	-0.0101636
4357.4	-0.0100086
4355.47	-0.00986075
4353.54	-0.00981844
4351.62	-0.0097543
4349.69	-0.00980821
4347.76	-0.00997105
4345.83	-0.00997999
4343.9	-0.0100047
4341.98	-0.0100104
4340.05	-0.00999145
4338.12	-0.0100033
4336.19	-0.00994657
4334.26	-0.00996319
4332.34	-0.010077
4330.41	-0.0099786
4328.48	-0.00978757
4326.55	-0.00982486
4324.62	-0.00987639
4322.7	-0.00993236
4320.77	-0.00988268
4318.84	-0.00971147
4316.91	-0.00964698
4314.98	-0.0095799
4313.06	-0.0095045
4311.13	-0.00957828
4309.2	-0.00973969
4307.27	-0.00985761
4305.34	-0.0097947
4303.42	-0.00982554
4301.49	-0.00971837
4299.56	-0.00951355
4297.63	-0.00955591
4295.7	-0.00949099
4293.78	-0.0093647
4291.85	-0.00929725
4289.92	-0.00944151
4287.99	-0.0095411
4286.06	-0.00955685
4284.14	-0.00959792
4282.21	-0.00962015
4280.28	-0.00961241
4278.35	-0.00943746
4276.42	-0.00933516
4274.5	-0.00947727
4272.57	-0.00960894
4270.64	-0.00953679
4268.71	-0.00943441
4266.78	-0.00939463
4264.86	-0.0094207
4262.93	-0.00945578
4261	-0.00940867
4259.07	-0.00926154
4257.14	-0.00906967
4255.22	-0.00912
4253.29	-0.00920746
4251.36	-0.00923072
4249.43	-0.00917859
4247.5	-0.00921765
4245.58	-0.00919377
4243.65	-0.00910018
4241.72	-0.00910835
4239.79	-0.00924292
4237.86	-0.00926864
4235.94	-0.00916899
4234.01	-0.0091199
4232.08	-0.00913324
4230.15	-0.00909982
4228.22	-0.00906221
4226.3	-0.00909411
4224.37	-0.00915092
4222.44	-0.00913541
4220.51	-0.00907224
4218.58	-0.00902392
4216.66	-0.00895781
4214.73	-0.00900334
4212.8	-0.00908269
4210.87	-0.00908879
4208.94	-0.00899309
4207.02	-0.0088899
4205.09	-0.00889678
4203.16	-0.00896014
4201.23	-0.00899873
4199.3	-0.0089233
4197.38	-0.00884572
4195.45	-0.00885617
4193.52	-0.00889
4191.59	-0.00890568
4189.66	-0.00893781
4187.74	-0.00896323
4185.81	-0.00902437
4183.88	-0.00908132
4181.95	-0.00900224
4180.02	-0.00895855
4178.1	-0.00893827
4176.17	-0.00891425
4174.24	-0.00891029
4172.31	-0.00889902
4170.38	-0.0088739
4168.46	-0.00896449
4166.53	-0.00903489
4164.6	-0.00892158
4162.67	-0.008755
4160.74	-0.00875185
4158.82	-0.00883471
4156.89	-0.00890435
4154.96	-0.00888815
4153.03	-0.00882046
4151.1	-0.00868131
4149.18	-0.00875402
4147.25	-0.00880046
4145.32	-0.0088885
4143.39	-0.0088938
4141.46	-0.00878636
4139.54	-0.00879081
4137.61	-0.00872119
4135.68	-0.00869502
4133.75	-0.00872837
4131.82	-0.00855596
4129.9	-0.00859332
4127.97	-0.00879867
4126.04	-0.0087512
4124.11	-0.00852594
4122.18	-0.00847798
4120.26	-0.00861573
4118.33	-0.0087097
4116.4	-0.00868021
4114.47	-0.00870343
4112.54	-0.00869716
4110.62	-0.00875967
4108.69	-0.0087525
4106.76	-0.00869544
4104.83	-0.00857769
4102.9	-0.00847655
4100.98	-0.0084538
4099.05	-0.00849575
4097.12	-0.00847665
4095.19	-0.00846303
4093.26	-0.00846524
4091.34	-0.00839154
4089.41	-0.00832969
4087.48	-0.00845436
4085.55	-0.00851148
4083.62	-0.00830547
4081.7	-0.0082808
4079.77	-0.00846827
4077.84	-0.00851427
4075.91	-0.00841903
4073.98	-0.00840233
4072.06	-0.00853127
4070.13	-0.00852883
4068.2	-0.00850228
4066.27	-0.00838819
4064.34	-0.00829032
4062.42	-0.008257
4060.49	-0.00824956
4058.56	-0.00833473
4056.63	-0.00843229
4054.7	-0.00829042
4052.78	-0.00831847
4050.85	-0.00847863
4048.92	-0.00846664
4046.99	-0.00837519
4045.06	-0.00822309
4043.14	-0.0082254
4041.21	-0.00817887
4039.28	-0.00812681
4037.35	-0.00823239
4035.42	-0.00818824
4033.5	-0.00823018
4031.57	-0.00817689
4029.64	-0.00813172
4027.71	-0.00812821
4025.78	-0.00815123
4023.86	-0.00815702
4021.93	-0.00813732
4020	-0.00820007
4018.07	-0.00839248
4016.14	-0.00841842
4014.22	-0.00816557
4012.29	-0.00808645
4010.36	-0.00806759
4008.43	-0.00792748
4006.5	-0.00800543
4004.58	-0.00812441
4002.65	-0.00812782
4000.72	-0.00806642
3998.79	-0.00807325
3996.86	-0.00806573
3994.94	-0.00794958
3993.01	-0.00796428
3991.08	-0.00802075
3989.15	-0.00806967
3987.22	-0.00811023
3985.29	-0.00803841
3983.37	-0.00793214
3981.44	-0.0079146
3979.51	-0.00799076
3977.58	-0.00801844
3975.66	-0.0079633
3973.73	-0.00791922
3971.8	-0.00800494
3969.87	-0.00813936
3967.94	-0.00804515
3966.01	-0.00797105
3964.09	-0.00794414
3962.16	-0.00790962
3960.23	-0.00791353
3958.3	-0.00793236
3956.38	-0.00800758
3954.45	-0.00803796
3952.52	-0.00796428
3950.59	-0.00787914
3948.66	-0.00779661
3946.73	-0.00798442
3944.81	-0.00816323
3942.88	-0.00809292
3940.95	-0.00795003
3939.02	-0.00786625
3937.09	-0.00786879
3935.17	-0.00781998
3933.24	-0.00774538
3931.31	-0.00778444
3929.38	-0.00789235
3927.45	-0.00792713
3925.53	-0.00785577
3923.6	-0.0077735
3921.67	-0.00775515
3919.74	-0.0077572
3917.81	-0.00775404
3915.89	-0.00778037
3913.96	-0.00783615
3912.03	-0.00785623
3910.1	-0.00789479
3908.17	-0.00792472
3906.25	-0.00783133
3904.32	-0.0077764
3902.39	-0.00776634
3900.46	-0.00773324
3898.53	-0.00769978
3896.61	-0.00778698
3894.68	-0.00772104
3892.75	-0.0075844
3890.82	-0.00769597
3888.89	-0.007797
3886.97	-0.00775163
3885.04	-0.00768015
3883.11	-0.00762158
3881.18	-0.00753201
3879.25	-0.00763288
3877.33	-0.00776315
3875.4	-0.00762419
3873.47	-0.00767458
3871.54	-0.00770593
3869.61	-0.00756226
3867.69	-0.00752436
3865.76	-0.00754608
3863.83	-0.00752931
3861.9	-0.00761471
3859.97	-0.00760276
3858.05	-0.0075156
3856.12	-0.00764922
3854.19	-0.00772185
3852.26	-0.00768803
3850.33	-0.00769692
3848.41	-0.00755467
3846.48	-0.00743968
3844.55	-0.00738483
3842.62	-0.00744114
3840.69	-0.0073573
3838.77	-0.00738336
3836.84	-0.00758088
3834.91	-0.00750433
3832.98	-0.00734202
3831.05	-0.0073786
3829.13	-0.00725033
3827.2	-0.00726467
3825.27	-0.00739997
3823.34	-0.00744355
3821.41	-0.00744746
3819.49	-0.00735906
3817.56	-0.00713422
3815.63	-0.00711202
3813.7	-0.0071655
3811.77	-0.00713839
3809.85	-0.00717004
3807.92	-0.00719181
3805.99	-0.00717375
3804.06	-0.0071129
3802.13	-0.00706377
3800.21	-0.00702883
3798.28	-0.00702892
3796.35	-0.0071055
3794.42	-0.00709908
3792.49	-0.00713871
3790.57	-0.00724395
3788.64	-0.00710671
3786.71	-0.00692843
3784.78	-0.00690926
3782.85	-0.00689673
3780.93	-0.0069282
3779	-0.00685858
3777.07	-0.00682345
3775.14	-0.00687772
3773.21	-0.00680277
3771.29	-0.00678682
3769.36	-0.00681474
3767.43	-0.00664744
3765.5	-0.00651239
3763.57	-0.00669922
3761.65	-0.00678646
3759.72	-0.00667756
3757.79	-0.00669316
3755.86	-0.00678594
3753.93	-0.0066818
3752.01	-0.00660466
3750.08	-0.00667485
3748.15	-0.00682573
3746.22	-0.00665243
3744.29	-0.00646869
3742.37	-0.00649989
3740.44	-0.00648964
3738.51	-0.00644871
3736.58	-0.00648184
3734.65	-0.00650897
3732.73	-0.00636859
3730.8	-0.00612069
3728.87	-0.00607348
3726.94	-0.00603783
3725.01	-0.0058852
3723.09	-0.00571575
3721.16	-0.00563474
3719.23	-0.00557184
3717.3	-0.00549787
3715.37	-0.00531635
3713.45	-0.00520623
3711.52	-0.00533184
3709.59	-0.00514658
3707.66	-0.00489248
3705.73	-0.00491377
3703.81	-0.00496475
3701.88	-0.00486771
3699.95	-0.00472404
3698.02	-0.00453456
3696.09	-0.00424299
3694.17	-0.00406315
3692.24	-0.00428657
3690.31	-0.00414038
3688.38	-0.00382119
3686.45	-0.00381689
3684.53	-0.00370264
3682.6	-0.0034256
3680.67	-0.00322282
3678.74	-0.00304041
3676.81	-0.00303186
3674.89	-0.00296239
3672.96	-0.00261543
3671.03	-0.00236209
3669.1	-0.00224261
3667.17	-0.00190919
3665.25	-0.00172682
3663.32	-0.00168841
3661.39	-0.00135159
3659.46	-0.000948453
3657.53	-0.000711964
3655.61	-0.000502684
3653.68	-0.000314825
3651.75	-0.000171269
3649.82	0.000178563
3647.89	0.000613346
3645.97	0.000819847
3644.04	0.00101844
3642.11	0.00130156
3640.18	0.00168548
3638.25	0.00207616
3636.33	0.0024586
3634.4	0.00288123
3632.47	0.00319514
3630.54	0.00348914
3628.61	0.00400844
3626.69	0.00448595
3624.76	0.00501287
3622.83	0.00556306
3620.9	0.00597586
3618.97	0.00650494
3617.05	0.00710118
3615.12	0.00761075
3613.19	0.00825234
3611.26	0.00882271
3609.33	0.00946207
3607.41	0.0102815
3605.48	0.0110981
3603.55	0.0119019
3601.62	0.0126576
3599.69	0.0135557
3597.77	0.014532
3595.84	0.0154787
3593.91	0.0162427
3591.98	0.0171231
3590.05	0.0182108
3588.12	0.0192092
3586.2	0.0201803
3584.27	0.0215015
3582.34	0.0228281
3580.41	0.0240919
3578.49	0.0254256
3576.56	0.0267327
3574.63	0.0282371
3572.7	0.0299041
3570.77	0.0314255
3568.85	0.0329633
3566.92	0.0346957
3564.99	0.0364299
3563.06	0.0382351
3561.13	0.040194
3559.21	0.04223
3557.28	0.0443327
3555.35	0.0465243
3553.42	0.0487696
3551.49	0.0510675
3549.56	0.0534187
3547.64	0.0558888
3545.71	0.0585666
3543.78	0.0613837
3541.85	0.0641391
3539.93	0.0669058
3538	0.0698866
3536.07	0.0730475
3534.14	0.0763238
3532.21	0.0798004
3530.28	0.0833947
3528.36	0.086995
3526.43	0.0906167
3524.5	0.0947418
3522.57	0.0990936
3520.65	0.103431
3518.72	0.107887
3516.79	0.112637
3514.86	0.117564
3512.93	0.122745
3511	0.128172
3509.08	0.133831
3507.15	0.139701
3505.22	0.145767
3503.29	0.152083
3501.37	0.158654
3499.44	0.165627
3497.51	0.172821
3495.58	0.180271
3493.65	0.187936
3491.72	0.1958
3489.8	0.203925
3487.87	0.212545
3485.94	0.221469
3484.01	0.230524
3482.08	0.239762
3480.16	0.249078
3478.23	0.258691
3476.3	0.268685
3474.37	0.278717
3472.44	0.288787
3470.52	0.29943
3468.59	0.310139
3466.66	0.320609
3464.73	0.33126
3462.81	0.342023
3460.88	0.352524
3458.95	0.362924
3457.02	0.373221
3455.09	0.382977
3453.16	0.392357
3451.24	0.401217
3449.31	0.409432
3447.38	0.416693
3445.45	0.423346
3443.52	0.429165
3441.6	0.434144
3439.67	0.438386
3437.74	0.441658
3435.81	0.443641
3433.88	0.44495
3431.96	0.445491
3430.03	0.445412
3428.1	0.444511
3426.17	0.443018
3424.24	0.441013
3422.32	0.438267
3420.39	0.434953
3418.46	0.431431
3416.53	0.427739
3414.6	0.423935
3412.68	0.420186
3410.75	0.416217
3408.82	0.412276
3406.89	0.408763
3404.96	0.405366
3403.04	0.402496
3401.11	0.399821
3399.18	0.397212
3397.25	0.394733
3395.32	0.392209
3393.4	0.390051
3391.47	0.38819
3389.54	0.386089
3387.61	0.384056
3385.68	0.382365
3383.76	0.380668
3381.83	0.378974
3379.9	0.377514
3377.97	0.376241
3376.04	0.375186
3374.12	0.374139
3372.19	0.373168
3370.26	0.372287
3368.33	0.371278
3366.4	0.370069
3364.48	0.369075
3362.55	0.368526
3360.62	0.367892
3358.69	0.367241
3356.76	0.366293
3354.84	0.365233
3352.91	0.364569
3350.98	0.363868
3349.05	0.363086
3347.12	0.362518
3345.2	0.36202
3343.27	0.361345
3341.34	0.360644
3339.41	0.360082
3337.48	0.359569
3335.56	0.358885
3333.63	0.358128
3331.7	0.357344
3329.77	0.356481
3327.84	0.35579
3325.92	0.35521
3323.99	0.354217
3322.06	0.353237
3320.13	0.352196
3318.2	0.35084
3316.28	0.349761
3314.35	0.348972
3312.42	0.347596
3310.49	0.346
3308.56	0.344689
3306.64	0.343357
3304.71	0.341953
3302.78	0.340801
3300.85	0.339548
3298.92	0.338153
3297	0.33683
3295.07	0.335525
3293.14	0.333866
3291.21	0.332283
3289.28	0.331017
3287.36	0.329735
3285.43	0.328308
3283.5	0.326823
3281.57	0.325472
3279.64	0.324228
3277.72	0.323081
3275.79	0.32193
3273.86	0.320768
3271.93	0.319505
3270	0.318318
3268.08	0.317179
3266.15	0.315993
3264.22	0.315081
3262.29	0.314049
3260.36	0.312832
3258.44	0.312009
3256.51	0.311459
3254.58	0.311149
3252.65	0.310877
3250.72	0.310849
3248.8	0.31106
3246.87	0.311477
3244.94	0.312065
3243.01	0.313152
3241.08	0.314686
3239.16	0.316682
3237.23	0.31944
3235.3	0.322976
3233.37	0.326936
3231.44	0.331595
3229.52	0.337095
3227.59	0.343159
3225.66	0.349881
3223.73	0.357059
3221.8	0.364504
3219.88	0.372569
3217.95	0.380951
3216.02	0.388985
3214.09	0.396772
3212.16	0.403917
3210.24	0.410513
3208.31	0.416364
3206.38	0.421456
3204.45	0.425958
3202.52	0.429631
3200.6	0.432691
3198.67	0.435483
3196.74	0.437899
3194.81	0.439927
3192.88	0.441905
3190.96	0.443504
3189.03	0.444326
3187.1	0.445006
3185.17	0.445854
3183.24	0.446429
3181.32	0.446751
3179.39	0.446966
3177.46	0.447246
3175.53	0.447642
3173.6	0.44792
3171.68	0.44807
3169.75	0.448236
3167.82	0.448787
3165.89	0.44938
3163.96	0.449779
3162.04	0.450257
3160.11	0.451267
3158.18	0.45231
3156.25	0.453387
3154.32	0.454581
3152.4	0.4559
3150.47	0.457605
3148.54	0.459397
3146.61	0.461505
3144.68	0.463891
3142.76	0.465914
3140.83	0.467643
3138.9	0.46979
3136.97	0.47237
3135.04	0.474811
3133.12	0.477293
3131.19	0.47969
3129.26	0.481734
3127.33	0.483647
3125.4	0.485526
3123.48	0.48674
3121.55	0.487662
3119.62	0.488344
3117.69	0.488324
3115.76	0.487568
3113.84	0.486243
3111.91	0.48422
3109.98	0.481564
3108.05	0.478121
3106.12	0.473953
3104.2	0.469092
3102.27	0.463515
3100.34	0.457604
3098.41	0.450789
3096.48	0.443369
3094.56	0.435733
3092.63	0.42761
3090.7	0.418906
3088.77	0.409858
3086.84	0.400595
3084.92	0.390875
3082.99	0.380761
3081.06	0.370277
3079.13	0.359772
3077.2	0.349
3075.28	0.338073
3073.35	0.327285
3071.42	0.316608
3069.49	0.305593
3067.56	0.294621
3065.63	0.283794
3063.71	0.272922
3061.78	0.262373
3059.85	0.252041
3057.92	0.241912
3055.99	0.232076
3054.07	0.222569
3052.14	0.213435
3050.21	0.204457
3048.28	0.1957
3046.35	0.18741
3044.43	0.179585
3042.5	0.17208
3040.57	0.164742
3038.64	0.157964
3036.71	0.151651
3034.79	0.145648
3032.86	0.14005
3030.93	0.134583
3029	0.129253
3027.07	0.124504
3025.15	0.120144
3023.22	0.115985
3021.29	0.112064
3019.36	0.10839
3017.43	0.104865
3015.51	0.101668
3013.58	0.0986269
3011.65	0.0957353
3009.72	0.0930006
3007.79	0.090547
3005.87	0.0883191
3003.94	0.0861456
3002.01	0.0839586
3000.08	0.0819579
2998.15	0.0801874
2996.23	0.0784699
2994.3	0.0767749
2992.37	0.0751103
2990.44	0.0735744
2988.51	0.0721928
2986.59	0.0709368
2984.66	0.0696913
2982.73	0.068496
2980.8	0.0674448
2978.87	0.0663189
2976.95	0.0651591
2975.02	0.0641485
2973.09	0.0631686
2971.16	0.0622328
2969.23	0.0614459
2967.31	0.060645
2965.38	0.059757
2963.45	0.0587565
2961.52	0.0578907
2959.59	0.0571284
2957.67	0.0565082
2955.74	0.0559312
2953.81	0.0551702
2951.88	0.0545759
2949.95	0.0538549
2948.03	0.0531198
2946.1	0.0525215
2944.17	0.0520115
2942.24	0.0515425
2940.31	0.0509626
2938.39	0.0503021
2936.46	0.0498977
2934.53	0.0495518
2932.6	0.0489885
2930.67	0.0485066
2928.75	0.0480791
2926.82	0.0476371
2924.89	0.0471259
2922.96	0.0467772
2921.03	0.0464655
2919.11	0.0460466
2917.18	0.045611
2915.25	0.0452498
2913.32	0.0448831
2911.39	0.0444883
2909.47	0.0440658
2907.54	0.0436595
2905.61	0.0433271
2903.68	0.0430559
2901.75	0.0426601
2899.83	0.0421897
2897.9	0.0417737
2895.97	0.0414235
2894.04	0.0410919
2892.11	0.0406255
2890.19	0.0401609
2888.26	0.0397212
2886.33	0.039343
2884.4	0.0389825
2882.47	0.0385982
2880.55	0.0382401
2878.62	0.0378499
2876.69	0.0374718
2874.76	0.037127
2872.83	0.0366809
2870.91	0.036213
2868.98	0.0358856
2867.05	0.0355832
2865.12	0.035106
2863.19	0.0347177
2861.27	0.0342872
2859.34	0.0338866
2857.41	0.0334947
2855.48	0.0331136
2853.55	0.0327324
2851.63	0.0322113
2849.7	0.0318733
2847.77	0.0316287
2845.84	0.0313116
2843.91	0.0309717
2841.99	0.0305486
2840.06	0.0300767
2838.13	0.0297811
2836.2	0.0294929
2834.27	0.0290416
2832.35	0.028619
2830.42	0.0282915
2828.49	0.0280279
2826.56	0.0276574
2824.63	0.0272691
2822.71	0.0269791
2820.78	0.0265672
2818.85	0.0261419
2816.92	0.0257526
2814.99	0.0253961
2813.07	0.0250898
2811.14	0.0248103
2809.21	0.0245419
2807.28	0.0240892
2805.35	0.0236121
2803.43	0.0233725
2801.5	0.0231032
2799.57	0.0226678
2797.64	0.0222605
2795.71	0.0219524
2793.79	0.0216474
2791.86	0.0214391
2789.93	0.0211049
2788	0.0207289
2786.07	0.0204647
2784.15	0.0199869
2782.22	0.0196359
2780.29	0.0194817
2778.36	0.0192759
2776.43	0.0188987
2774.51	0.0186241
2772.58	0.0183996
2770.65	0.0181105
2768.72	0.0176622
2766.79	0.0171929
2764.87	0.0170094
2762.94	0.0169228
2761.01	0.0165893
2759.08	0.0161853
2757.15	0.0158164
2755.23	0.0157421
2753.3	0.0155437
2751.37	0.0150827
2749.44	0.0147583
2747.51	0.0147306
2745.59	0.0146101
2743.66	0.0143144
2741.73	0.014023
2739.8	0.0137821
2737.87	0.0135999
2735.95	0.0134099
2734.02	0.0131584
2732.09	0.0129399
2730.16	0.0127005
2728.23	0.0126365
2726.31	0.0125303
2724.38	0.0124009
2722.45	0.0121703
2720.52	0.0118896
2718.59	0.0117571
2716.67	0.0115177
2714.74	0.0113425
2712.81	0.011174
2710.88	0.0110765
2708.95	0.0109956
2707.02	0.0108323
2705.1	0.0106509
2703.17	0.0104102
2701.24	0.010319
2699.31	0.0102868
2697.39	0.010261
2695.46	0.0101835
2693.53	0.0100591
2691.6	0.00997619
2689.67	0.00983693
2687.75	0.00973242
2685.82	0.00962759
2683.89	0.00951415
2681.96	0.00936523
2680.03	0.00935158
2678.11	0.00927718
2676.18	0.00916572
2674.25	0.00905948
2672.32	0.00901157
2670.39	0.00896983
2668.46	0.00897724
2666.54	0.00898062
2664.61	0.00906645
2662.68	0.00915412
2660.75	0.00918833
2658.83	0.00902842
2656.9	0.00892319
2654.97	0.00899138
2653.04	0.00885859
2651.11	0.00864432
2649.19	0.00865358
2647.26	0.00868762
2645.33	0.0088592
2643.4	0.00894105
2641.47	0.00886312
2639.55	0.00881984
2637.62	0.00885535
2635.69	0.00881369
2633.76	0.00874431
2631.83	0.0086936
2629.9	0.00871814
2627.98	0.00879012
2626.05	0.00876865
2624.12	0.00872115
2622.19	0.00876087
2620.27	0.0088028
2618.34	0.00894862
2616.41	0.0090476
2614.48	0.00902686
2612.55	0.0089424
2610.62	0.00884581
2608.7	0.00896368
2606.77	0.00897399
2604.84	0.00900406
2602.91	0.00916258
2600.98	0.00935555
2599.06	0.00934468
2597.13	0.00921402
2595.2	0.00928222
2593.27	0.00941761
2591.34	0.00948249
2589.42	0.0094726
2587.49	0.009519
2585.56	0.00962634
2583.63	0.00953488
2581.71	0.00947135
2579.78	0.00966347
2577.85	0.00977413
2575.92	0.00974458
2573.99	0.00984561
2572.06	0.00992286
2570.14	0.00995808
2568.21	0.0100305
2566.28	0.0101204
2564.35	0.0101551
2562.42	0.0102866
2560.5	0.0104603
2558.57	0.0104743
2556.64	0.0105384
2554.71	0.0106586
2552.78	0.0106459
2550.86	0.0108012
2548.93	0.0108982
2547	0.0108877
2545.07	0.0109204
2543.15	0.0110029
2541.22	0.010931
2539.29	0.0109497
2537.36	0.0112336
2535.43	0.0113465
2533.5	0.0113126
2531.58	0.0114537
2529.65	0.0115496
2527.72	0.0116307
2525.79	0.0116143
2523.86	0.0117122
2521.94	0.0118356
2520.01	0.0119142
2518.08	0.0119592
2516.15	0.0120618
2514.22	0.0121524
2512.3	0.0122331
2510.37	0.0123894
2508.44	0.0124725
2506.51	0.0124666
2504.58	0.0125202
2502.66	0.0125232
2500.73	0.0125973
2498.8	0.0127135
2496.87	0.0128616
2494.94	0.0130143
2493.02	0.0131664
2491.09	0.0132034
2489.16	0.0131849
2487.23	0.0132228
2485.3	0.0133934
2483.38	0.0134801
2481.45	0.0136758
2479.52	0.0137856
2477.59	0.0136985
2475.66	0.0137295
2473.74	0.0137921
2471.81	0.0138624
2469.88	0.0141195
2467.95	0.0142815
2466.02	0.0143661
2464.1	0.0143705
2462.17	0.0144038
2460.24	0.0146369
2458.31	0.0147896
2456.38	0.0147712
2454.46	0.0147816
2452.53	0.0148144
2450.6	0.0148537
2448.67	0.0150268
2446.74	0.0151959
2444.82	0.0153791
2442.89	0.0156033
2440.96	0.0156232
2439.03	0.015619
2437.1	0.015768
2435.18	0.0159738
2433.25	0.0161619
2431.32	0.0163719
2429.39	0.0165894
2427.46	0.016739
2425.54	0.016885
2423.61	0.0169946
2421.68	0.0170485
2419.75	0.017147
2417.82	0.0173626
2415.9	0.0174505
2413.97	0.0174502
2412.04	0.017449
2410.11	0.0174142
2408.18	0.0174677
2406.26	0.0175567
2404.33	0.0177466
2402.4	0.0179492
2400.47	0.0181048
2398.54	0.0180873
2396.62	0.0181325
2394.69	0.0182402
2392.76	0.0183425
2390.83	0.0184216
2388.9	0.0187018
2386.98	0.0190238
2385.05	0.0191445
2383.12	0.0191815
2381.19	0.0191573
2379.26	0.0192209
2377.34	0.0195273
2375.41	0.0197456
2373.48	0.0198563
2371.55	0.0199681
2369.62	0.0200256
2367.7	0.0202627
2365.77	0.0204928
2363.84	0.0206013
2361.91	0.0207285
2359.98	0.0208487
2358.06	0.0210089
2356.13	0.0212696
2354.2	0.0214047
2352.27	0.0215416
2350.34	0.0217552
2348.42	0.0218834
2346.49	0.0219692
2344.56	0.0222717
2342.63	0.0226992
2340.7	0.0228241
2338.78	0.0227659
2336.85	0.0228912
2334.92	0.0231567
2332.99	0.0233596
2331.06	0.0234568
2329.14	0.0235808
2327.21	0.0238226
2325.28	0.0240438
2323.35	0.0242448
2321.42	0.0244459
2319.5	0.0245262
2317.57	0.024728
2315.64	0.0250646
2313.71	0.0252232
2311.78	0.0253277
2309.86	0.0255111
2307.93	0.0256402
2306	0.0258166
2304.07	0.0260115
2302.14	0.0263318
2300.22	0.0265194
2298.29	0.0266116
2296.36	0.0268854
2294.43	0.0270552
2292.5	0.0270985
2290.58	0.0271922
2288.65	0.0272829
2286.72	0.0274922
2284.79	0.027708
2282.86	0.0278915
2280.94	0.0279575
2279.01	0.0279995
2277.08	0.0281134
2275.15	0.0281676
2273.22	0.0282492
2271.3	0.0284058
2269.37	0.0286819
2267.44	0.0287747
2265.51	0.0286503
2263.58	0.0287432
2261.66	0.0289669
2259.73	0.0289331
2257.8	0.0287539
2255.87	0.0287476
2253.94	0.0286904
2252.02	0.028691
2250.09	0.0286861
2248.16	0.0286615
2246.23	0.0286428
2244.3	0.0285974
2242.38	0.0285819
2240.45	0.0285708
2238.52	0.0284044
2236.59	0.0282355
2234.66	0.0282336
2232.74	0.028031
2230.81	0.0277021
2228.88	0.0276388
2226.95	0.0275156
2225.02	0.0274828
2223.1	0.027409
2221.17	0.0271933
2219.24	0.0269361
2217.31	0.0266492
2215.38	0.0264139
2213.46	0.0261602
2211.53	0.0260029
2209.6	0.0258468
2207.67	0.0255869
2205.74	0.0252705
2203.81	0.025159
2201.89	0.0249472
2199.96	0.0245263
2198.03	0.0241669
2196.1	0.0240093
2194.18	0.0239092
2192.25	0.0236921
2190.32	0.0233336
2188.39	0.0229592
2186.46	0.022623
2184.54	0.0224625
2182.61	0.0221748
2180.68	0.021855
2178.75	0.0216872
2176.82	0.0213538
2174.9	0.0211398
2172.97	0.0210123
2171.04	0.020726
2169.11	0.0204296
2167.18	0.0201658
2165.25	0.0198844
2163.33	0.0195302
2161.4	0.0192783
2159.47	0.0190679
2157.54	0.0190356
2155.62	0.0187421
2153.69	0.0183559
2151.76	0.0180625
2149.83	0.0178677
2147.9	0.0177916
2145.98	0.0175354
2144.05	0.017221
2142.12	0.0171272
2140.19	0.017071
2138.26	0.016806
2136.33	0.016526
2134.41	0.0161953
2132.48	0.0159952
2130.55	0.0159711
2128.62	0.0157372
2126.69	0.0154611
2124.77	0.0153207
2122.84	0.0151195
2120.91	0.014811
2118.98	0.0145107
2117.05	0.0143844
2115.13	0.0143258
2113.2	0.0142729
2111.27	0.0140751
2109.34	0.0138956
2107.41	0.0137608
2105.49	0.0135246
2103.56	0.013234
2101.63	0.0131721
2099.7	0.0133644
2097.77	0.0132732
2095.85	0.0129523
2093.92	0.0128413
2091.99	0.0126354
2090.06	0.0124173
2088.13	0.0123082
2086.21	0.0122142
2084.28	0.01213
2082.35	0.0119271
2080.42	0.0117884
2078.49	0.0117242
2076.57	0.0117429
2074.64	0.0115708
2072.71	0.011321
2070.78	0.0113653
2068.85	0.0114067
2066.93	0.0113189
2065	0.0111976
2063.07	0.0110913
2061.14	0.0110843
2059.21	0.010943
2057.29	0.0107538
2055.36	0.0105662
2053.43	0.0104476
2051.5	0.010406
2049.57	0.0103911
2047.65	0.0103651
2045.72	0.0103366
2043.79	0.0102631
2041.86	0.0101365
2039.93	0.0100737
2038.01	0.01008
2036.08	0.0100172
2034.15	0.00991249
2032.22	0.0098209
2030.29	0.00976444
2028.37	0.00979711
2026.44	0.0098532
2024.51	0.00982992
2022.58	0.00967204
2020.65	0.00957864
2018.73	0.0095319
2016.8	0.00946942
2014.87	0.00951219
2012.94	0.00966987
2011.01	0.00966652
2009.09	0.00959717
2007.16	0.00965117
2005.23	0.00959013
2003.3	0.00953305
2001.37	0.00969467
1999.45	0.0098128
1997.52	0.00977054
1995.59	0.00973008
1993.66	0.00977651
1991.73	0.00974272
1989.81	0.00970236
1987.88	0.00967109
1985.95	0.00962515
1984.02	0.0097209
1982.09	0.00981304
1980.17	0.00995527
1978.24	0.0100493
1976.31	0.00991784
1974.38	0.00994771
1972.45	0.0100963
1970.53	0.0101513
1968.6	0.0101903
1966.67	0.0102262
1964.74	0.0102531
1962.81	0.0103232
1960.89	0.0105566
1958.96	0.0106401
1957.03	0.0107516
1955.1	0.0107502
1953.17	0.010851
1951.25	0.0111969
1949.32	0.0112946
1947.39	0.0112536
1945.46	0.0113191
1943.53	0.0114309
1941.61	0.0114869
1939.68	0.011637
1937.75	0.0119154
1935.82	0.0120069
1933.89	0.0118843
1931.97	0.0119388
1930.04	0.0121462
1928.11	0.0123524
1926.18	0.0125058
1924.25	0.0125998
1922.33	0.0126657
1920.4	0.0127095
1918.47	0.0128922
1916.54	0.0131577
1914.61	0.0133945
1912.69	0.0135537
1910.76	0.0137448
1908.83	0.0139524
1906.9	0.0140274
1904.97	0.0140674
1903.05	0.0142055
1901.12	0.0142155
1899.19	0.0144165
1897.26	0.0146658
1895.33	0.0148022
1893.41	0.0149278
1891.48	0.0152316
1889.55	0.0155154
1887.62	0.0156052
1885.69	0.0156463
1883.77	0.015915
1881.84	0.0162116
1879.91	0.016352
1877.98	0.0163931
1876.05	0.016513
1874.13	0.0166648
1872.2	0.0166366
1870.27	0.0167194
1868.34	0.0168938
1866.41	0.0170418
1864.49	0.0173445
1862.56	0.0175779
1860.63	0.017861
1858.7	0.0179813
1856.77	0.0179754
1854.85	0.0180576
1852.92	0.0181585
1850.99	0.0183157
1849.06	0.0184686
1847.13	0.0186473
1845.21	0.0188221
1843.28	0.0188779
1841.35	0.0190406
1839.42	0.0193024
1837.49	0.0196307
1835.57	0.0198118
1833.64	0.0200712
1831.71	0.0203022
1829.78	0.020323
1827.85	0.0203064
1825.93	0.0205983
1824	0.020993
1822.07	0.0210456
1820.14	0.0210484
1818.21	0.0212184
1816.29	0.021471
1814.36	0.0217803
1812.43	0.0219087
1810.5	0.0220432
1808.57	0.0222471
1806.65	0.022373
1804.72	0.0226342
1802.79	0.0230762
1800.86	0.0234673
1798.93	0.0237164
1797.01	0.0236612
1795.08	0.0237646
1793.15	0.0241334
1791.22	0.0244353
1789.29	0.0245208
1787.37	0.0246511
1785.44	0.0250826
1783.51	0.0254515
1781.58	0.0257195
1779.65	0.025845
1777.73	0.026061
1775.8	0.0264558
1773.87	0.0267466
1771.94	0.0270313
1770.01	0.0274247
1768.08	0.0276729
1766.16	0.0278756
1764.23	0.028293
1762.3	0.0286254
1760.37	0.0289394
1758.45	0.0293748
1756.52	0.029769
1754.59	0.0301565
1752.66	0.0305146
1750.73	0.0309493
1748.81	0.0314268
1746.88	0.0317893
1744.95	0.0321734
1743.02	0.0324873
1741.09	0.0329962
1739.17	0.0336217
1737.24	0.0340837
1735.31	0.0343948
1733.38	0.0347992
1731.45	0.0353094
1729.52	0.0358964
1727.6	0.0362177
1725.67	0.0367752
1723.74	0.0375094
1721.81	0.0379373
1719.89	0.0385586
1717.96	0.0391539
1716.03	0.0394322
1714.1	0.0399368
1712.17	0.0405531
1710.24	0.0411167
1708.32	0.0413746
1706.39	0.0417776
1704.46	0.0424832
1702.53	0.0430258
1700.6	0.0434111
1698.68	0.0437591
1696.75	0.0441292
1694.82	0.0446983
1692.89	0.0452445
1690.96	0.0458477
1689.04	0.0463488
1687.11	0.0465947
1685.18	0.0469356
1683.25	0.0473186
1681.33	0.0476434
1679.4	0.0481904
1677.47	0.0487258
1675.54	0.0491038
1673.61	0.0496115
1671.68	0.0499509
1669.76	0.0503098
1667.83	0.0510623
1665.9	0.0516323
1663.97	0.0521942
1662.04	0.0528343
1660.12	0.0534181
1658.19	0.0539692
1656.26	0.0545818
1654.33	0.0550094
1652.4	0.0553838
1650.48	0.0558156
1648.55	0.0561796
1646.62	0.056835
1644.69	0.0574533
1642.76	0.0578392
1640.84	0.0581259
1638.91	0.0582594
1636.98	0.0587017
1635.05	0.0590828
1633.12	0.0588791
1631.2	0.0586015
1629.27	0.0582868
1627.34	0.0580154
1625.41	0.0574413
1623.48	0.0569631
1621.56	0.0565489
1619.63	0.05601
1617.7	0.055375
1615.77	0.0550149
1613.84	0.054882
1611.92	0.0547326
1609.99	0.0546814
1608.06	0.054536
1606.13	0.05446
1604.2	0.0544791
1602.28	0.0544227
1600.35	0.0543596
1598.42	0.0542444
1596.49	0.053975
1594.56	0.053808
1592.64	0.0538277
1590.71	0.0537035
1588.78	0.0537605
1586.85	0.0538953
1584.92	0.0535825
1583	0.0534482
1581.07	0.0536826
1579.14	0.0536665
1577.21	0.0532676
1575.28	0.0530747
1573.36	0.0532536
1571.43	0.0533874
1569.5	0.0532577
1567.57	0.0531277
1565.64	0.053177
1563.72	0.0530476
1561.79	0.0526784
1559.86	0.0526905
1557.93	0.0528296
1556	0.0525766
1554.08	0.0523723
1552.15	0.0522164
1550.22	0.0521833
1548.29	0.0521137
1546.36	0.051866
1544.44	0.0517214
1542.51	0.0516487
1540.58	0.0515884
1538.65	0.0513379
1536.72	0.0509943
1534.8	0.0508567
1532.87	0.0508262
1530.94	0.0505019
1529.01	0.0504045
1527.08	0.0502547
1525.16	0.0499211
1523.23	0.0498486
1521.3	0.0498599
1519.37	0.0496704
1517.44	0.0493579
1515.52	0.0490952
1513.59	0.0487226
1511.66	0.0482904
1509.73	0.0480406
1507.8	0.0476751
1505.88	0.0475351
1503.95	0.0475325
1502.02	0.0473231
1500.09	0.0468912
1498.16	0.0464579
1496.24	0.046289
1494.31	0.0461058
1492.38	0.045711
1490.45	0.0455928
1488.52	0.0453415
1486.6	0.0449085
1484.67	0.0446285
1482.74	0.0447451
1480.81	0.0446842
1478.88	0.0441592
1476.96	0.0438997
1475.03	0.043851
1473.1	0.0435009
1471.17	0.0431194
1469.24	0.0426559
1467.32	0.0423505
1465.39	0.0420909
1463.46	0.0417629
1461.53	0.0413583
1459.6	0.0410953
1457.68	0.0408887
1455.75	0.0406869
1453.82	0.0403571
1451.89	0.0399973
1449.96	0.0397925
1448.04	0.0394491
1446.11	0.0392259
1444.18	0.0392257
1442.25	0.0391003
1440.32	0.0386233
1438.4	0.0380661
1436.47	0.0378401
1434.54	0.0375279
1432.61	0.037199
1430.68	0.0371494
1428.76	0.0371088
1426.83	0.0367297
1424.9	0.0363904
1422.97	0.0359545
1421.04	0.0356888
1419.12	0.0354579
1417.19	0.0351862
1415.26	0.0349775
1413.33	0.0349101
1411.4	0.0345995
1409.48	0.034242
1407.55	0.0337717
1405.62	0.0335091
1403.69	0.0334238
1401.76	0.0334004
1399.84	0.0329755
1397.91	0.032609
1395.98	0.0327596
1394.05	0.032585
1392.12	0.0320649
1390.2	0.0318758
1388.27	0.0319297
1386.34	0.0316906
1384.41	0.0313256
1382.48	0.0311514
1380.56	0.0309966
1378.63	0.0309127
1376.7	0.0307255
1374.77	0.0304783
1372.84	0.0303653
1370.92	0.030279
1368.99	0.0298683
1367.06	0.0296854
1365.13	0.0297918
1363.2	0.0296754
1361.28	0.0294294
1359.35	0.029309
1357.42	0.0291915
1355.49	0.0290442
1353.56	0.0287362
1351.64	0.0286922
1349.71	0.0286678
1347.78	0.0285279
1345.85	0.0282857
1343.92	0.0280253
1342	0.0280245
1340.07	0.0281804
1338.14	0.0279836
1336.21	0.0277767
1334.28	0.0276745
1332.36	0.0275546
1330.43	0.0272809
1328.5	0.0269135
1326.57	0.0268337
1324.64	0.0269869
1322.72	0.027031
1320.79	0.0268881
1318.86	0.0266222
1316.93	0.0263241
1315	0.0261731
1313.08	0.0265301
1311.15	0.0267407
1309.22	0.0263659
1307.29	0.025944
1305.36	0.025941
1303.44	0.0259794
1301.51	0.0256866
1299.58	0.0255312
1297.65	0.0258496
1295.72	0.0259024
1293.8	0.0256987
1291.87	0.0254843
1289.94	0.025349
1288.01	0.0253494
1286.08	0.025602
1284.15	0.0255842
1282.23	0.02549
1280.3	0.0254812
1278.37	0.0252428
1276.44	0.0250397
1274.52	0.0253154
1272.59	0.025354
1270.66	0.0252135
1268.73	0.0250772
1266.8	0.0248347
1264.88	0.0245972
1262.95	0.0247321
1261.02	0.0248794
1259.09	0.0249238
1257.16	0.0245501
1255.24	0.0246719
1253.31	0.0247071
1251.38	0.0245846
1249.45	0.0246614
1247.52	0.0247824
1245.59	0.0248246
1243.67	0.0245632
1241.74	0.02418
1239.81	0.0242184
1237.88	0.0241208
1235.96	0.0241263
1234.03	0.0245745
1232.1	0.024685
1230.17	0.0242551
1228.24	0.0241883
1226.31	0.0241406
1224.39	0.0241635
1222.46	0.024187
1220.53	0.0241574
1218.6	0.0239734
1216.68	0.0240289
1214.75	0.0242717
1212.82	0.0245793
1210.89	0.0245352
1208.96	0.0245725
1207.03	0.0246008
1205.11	0.024476
1203.18	0.0244833
1201.25	0.0248372
1199.32	0.0249367
1197.39	0.0251325
1195.47	0.0251188
1193.54	0.0252004
1191.61	0.0253644
1189.68	0.0255057
1187.75	0.0257713
1185.83	0.0260323
1183.9	0.0260731
1181.97	0.0264599
1180.04	0.0269926
1178.11	0.0274671
1176.19	0.0277083
1174.26	0.0281886
1172.33	0.0289066
1170.4	0.0297739
1168.47	0.0305082
1166.55	0.0314856
1164.62	0.0324308
1162.69	0.0330601
1160.76	0.0333212
1158.83	0.0338885
1156.91	0.0348456
1154.98	0.0363289
1153.05	0.0374064
1151.12	0.0380391
1149.19	0.038925
1147.27	0.0400429
1145.34	0.0411498
1143.41	0.0421645
1141.48	0.0429363
1139.55	0.0437774
1137.63	0.0447006
1135.7	0.0451879
1133.77	0.0456179
1131.84	0.0462934
1129.91	0.0470391
1127.99	0.0479089
1126.06	0.0479138
1124.13	0.0480575
1122.2	0.0486076
1120.27	0.0483913
1118.35	0.0478384
1116.42	0.0474084
1114.49	0.0470457
1112.56	0.0469521
1110.63	0.0462902
1108.71	0.044911
1106.78	0.0438549
1104.85	0.043004
1102.92	0.041369
1100.99	0.0399313
1099.07	0.0378907
1097.14	0.0362406
1095.21	0.0351317
1093.28	0.0338578
1091.35	0.0318717
1089.43	0.029656
1087.5	0.0276901
1085.57	0.0260743
1083.64	0.0244331
1081.71	0.022951
1079.79	0.0219265
1077.86	0.0208043
1075.93	0.0194325
1074	0.0180855
1072.07	0.0169276
1070.15	0.0168535
1068.22	0.016845
1066.29	0.0168996
1064.36	0.0164825
1062.43	0.016987
1060.51	0.0172365
1058.58	0.0170789
1056.65	0.0172197
1054.72	0.0174806
1052.79	0.0178808
1050.87	0.0180737
1048.94	0.0187599
1047.01	0.0199887
1045.08	0.0209489
1043.15	0.0204571
1041.23	0.0205985
1039.3	0.0215132
1037.37	0.0222072
1035.44	0.0227223
1033.51	0.023532
1031.59	0.0247542
1029.66	0.025392
1027.73	0.025977
1025.8	0.0271717
1023.87	0.0289231
1021.95	0.0301035
1020.02	0.0312449
1018.09	0.0322854
1016.16	0.0331617
1014.23	0.0345884
1012.31	0.0365427
1010.38	0.0382098
1008.45	0.0394331
1006.52	0.0410059
1004.59	0.0430671
1002.67	0.0446798
1000.74	0.046613
998.81	0.0490617
996.882	0.0514595
994.954	0.0534601
993.026	0.0559869
991.098	0.0584862
989.17	0.0610375
987.242	0.0639197
985.314	0.0671364
983.386	0.0703297
981.458	0.0738161
979.53	0.0779645
977.602	0.0819297
975.673	0.0857024
973.746	0.0899626
971.817	0.0944629
969.89	0.0987884
967.962	0.10293
966.034	0.10708
964.106	0.111378
962.178	0.116503
960.25	0.121735
958.322	0.125553
956.394	0.128634
954.465	0.132373
952.538	0.135994
950.609	0.139374
948.682	0.14278
946.754	0.146255
944.826	0.148614
942.898	0.150564
940.97	0.15253
939.042	0.154171
937.113	0.155105
935.186	0.156135
933.257	0.157652
931.33	0.158818
929.401	0.159226
927.474	0.159158
925.546	0.158601
923.618	0.158755
921.69	0.158676
919.761	0.158267
917.833	0.157999
915.905	0.157204
913.978	0.155815
912.049	0.155708
910.122	0.155289
908.193	0.154078
906.266	0.15292
904.338	0.151954
902.409	0.150793
900.481	0.149466
898.553	0.148098
896.625	0.146905
894.697	0.145345
892.77	0.143615
890.841	0.141969
888.914	0.14123
886.985	0.140935
885.058	0.139877
883.129	0.13776
881.201	0.136153
879.273	0.13559
877.345	0.135337
875.417	0.134022
873.489	0.13269
871.562	0.131566
869.633	0.130449
867.706	0.129179
865.777	0.127267
863.849	0.125339
861.921	0.124776
859.993	0.123801
858.065	0.122438
856.137	0.121371
854.209	0.119927
852.281	0.118256
850.354	0.117269
848.425	0.115859
846.497	0.114128
844.569	0.11315
842.641	0.111856
840.713	0.11037
838.785	0.109708
836.857	0.108482
834.929	0.106641
833.001	0.104717
831.073	0.102758
829.145	0.100954
827.217	0.0996756
825.289	0.0980876
823.361	0.0963044
821.433	0.0938192
819.505	0.0915143
817.577	0.090406
815.649	0.090123
813.721	0.089194
811.793	0.0874091
809.865	0.0850774
807.937	0.0830859
806.009	0.0815902
804.081	0.0809218
802.153	0.0795495
800.225	0.0774113
798.297	0.0761957
796.369	0.0748691
794.441	0.0727705
792.513	0.0719812
790.585	0.0705861
788.657	0.0690553
786.729	0.0675874
784.801	0.0665755
782.873	0.0647585
780.945	0.0632683
779.017	0.0622453
777.089	0.0607542
775.161	0.0592085
773.232	0.0581622
771.305	0.0573283
769.377	0.0562311
767.449	0.0550633
765.521	0.0540491
763.593	0.0521882
761.665	0.0508393
759.737	0.0498146
757.809	0.0498264
755.881	0.04789
753.953	0.0452525
752.024	0.0447074
750.097	0.0442748
748.169	0.0430908
746.241	0.0428049
744.313	0.0413516
742.385	0.0403227
740.457	0.0397086
738.529	0.0387472
736.601	0.0374426
734.672	0.0367955
732.745	0.0363955
730.816	0.0360841
728.889	0.0356102
726.961	0.0348974
725.033	0.0333652
723.105	0.0323146
721.177	0.0317185
719.249	0.0312817
717.32	0.0313942
715.393	0.0313973
713.464	0.030653
711.537	0.0310089
709.608	0.0308945
707.681	0.0301162
705.752	0.0290689
703.825	0.0285172
701.897	0.0285688
699.968	0.0278113
698.041	0.0268718
696.112	0.0264037
694.185	0.0257031
692.256	0.0251739
690.329	0.0255492
688.4	0.0260197
686.473	0.0253131
684.544	0.0241092
682.617	0.0240423
680.688	0.0238142
678.76	0.0226477
676.833	0.0221415
674.904	0.021609
672.977	0.0222053
671.048	0.0227678
669.121	0.022471
667.192	0.0213265
665.265	0.0212273
663.336	0.0216631
661.408	0.0218174
659.48	0.0211258
657.552	0.020727
655.625	0.0201722
653.696	0.0199004
651.769	0.0204247
649.84	0.0198384
647.913	0.018794
645.984	0.0202651
644.056	0.0198883
642.128	0.0193451
640.2	0.0195329
638.272	0.019589
636.344	0.0190885
634.417	0.0184422
632.488	0.0176936
630.561	0.0177796
628.632	0.017199
626.704	0.0173257
624.776	0.0171836
622.848	0.0173214
620.92	0.0162557
618.992	0.0149895
617.064	0.0155419
615.136	0.0167206
613.208	0.016867
611.28	0.0168361
609.353	0.0163212
607.424	0.0152422
605.496	0.0139361
603.568	0.0119722
601.64	0.0124619
599.712	0.0152163
597.784	0.0154467
595.856	0.0154932
593.928	0.0141476
592	0.0143951
590.072	0.0138031
588.144	0.0133622
586.216	0.0139444
584.288	0.0132418
582.36	0.012102
580.432	0.0134488
578.504	0.0134379
576.576	0.012144
574.648	0.0107171
572.72	0.0117998
570.792	0.0129211
568.864	0.0129305
566.936	0.0129851
565.008	0.0132791
563.08	0.0123224
561.152	0.0120537
559.224	0.0114106
557.296	0.0111531
555.368	0.00985808
553.44	0.00924874
551.512	0.00836768
549.583	0.00967834
547.656	0.0104923
545.728	0.0106227
543.8	0.00956337
541.872	0.00780492
539.944	0.00641414
538.016	0.00792369
536.088	0.00843913
534.16	0.00777335
532.231	0.00621615
530.304	0.00502092
528.375	0.00524693
526.448	0.00464021
524.52	0.00686834
522.592	0.00958606
520.664	0.0078475
518.736	0.00752198
516.808	0.00854843
514.879	0.00834904
512.952	0.00609456
511.023	0.00286852
509.096	0.00229555
507.167	0.00410915
505.24	0.00257158
503.312	0.00313817
501.384	0.00564402
499.456	0.00414674
497.527	0.00182105
495.6	0.00588621
493.671	0.00614376
491.744	0.00353574
489.815	0.00415434
487.888	0.00854769
485.959	0.00856459
484.032	0.00763507
482.104	0.00502387
480.176	0.00680391
478.248	0.0128156
476.319	0.0140136
474.392	0.0118574
472.463	0.0146322
470.536	0.0150392
468.607	0.0149583
466.68	0.00912492
464.751	0.00742517
462.824	0.00611052
460.895	0.00528456
458.967	0.00269739
457.04	0.00632887
455.111	0.0103748
453.184	0.0101258
451.255	0.00752545
449.328	0.0137441
447.399	0.0115271
445.472	0.013158
443.543	0.0125808
441.615	0.000364528
439.687	-0.00619883
437.759	0.00344759
435.832	0.00758216
433.903	0.00304233
431.976	0.00189216
430.047	0.0125363
428.12	0.0277881
426.191	0.0257263
424.263	0.00368619
422.335	0.00465983
420.407	0.0103085
418.479	0.0238526
416.551	0.0335801
414.624	0.0446358
412.695	0.0422937
410.768	0.0274498
408.839	0.00676723
406.912	0.0305969
404.983	0.0608455
403.055	0.0756124
401.127	0.0691471
