nAHb0181.spa, Fri Oct 20 22:41:39 2006 (GMT-10:00)
9999.26	0.0375093
9997.33	0.03731
9995.4	0.0376221
9993.48	0.0371916
9991.55	0.0367192
9989.62	0.0367163
9987.69	0.0367869
9985.76	0.0364567
9983.84	0.0368925
9981.91	0.0374911
9979.98	0.0369421
9978.05	0.0365184
9976.12	0.0375424
9974.2	0.0373429
9972.27	0.0360183
9970.34	0.036482
9968.41	0.0368144
9966.48	0.0368911
9964.56	0.0374853
9962.63	0.0384211
9960.7	0.0395005
9958.77	0.0384199
9956.84	0.0371266
9954.92	0.0369394
9952.99	0.037092
9951.06	0.0373557
9949.13	0.037557
9947.2	0.0370298
9945.28	0.0367679
9943.35	0.03716
9941.42	0.0373475
9939.49	0.0371634
9937.56	0.037038
9935.64	0.0366
9933.71	0.0360178
9931.78	0.0362848
9929.85	0.0372803
9927.92	0.0372921
9926	0.036749
9924.07	0.0366038
9922.14	0.037216
9920.21	0.0374576
9918.28	0.0374066
9916.36	0.0374329
9914.43	0.0371227
9912.5	0.0369468
9910.57	0.0374699
9908.64	0.0383173
9906.71	0.0376476
9904.79	0.037154
9902.86	0.0379002
9900.93	0.0384179
9899	0.0386045
9897.08	0.0382779
9895.15	0.0372589
9893.22	0.0370907
9891.29	0.0378998
9889.36	0.0383428
9887.43	0.0379446
9885.51	0.0371546
9883.58	0.037299
9881.65	0.0382444
9879.72	0.0375358
9877.79	0.0372523
9875.87	0.037271
9873.94	0.0373363
9872.01	0.0378995
9870.08	0.0376976
9868.15	0.0367252
9866.23	0.0363033
9864.3	0.0366488
9862.37	0.0375767
9860.44	0.0383729
9858.51	0.0382388
9856.59	0.0378464
9854.66	0.0378271
9852.73	0.0374483
9850.8	0.037149
9848.87	0.0378745
9846.95	0.0376296
9845.02	0.0373436
9843.09	0.03748
9841.16	0.0377893
9839.23	0.0380355
9837.31	0.0378538
9835.38	0.0371165
9833.45	0.0363315
9831.52	0.0365741
9829.59	0.0370286
9827.67	0.0374812
9825.74	0.0372302
9823.81	0.0373724
9821.88	0.0374697
9819.95	0.0372048
9818.03	0.0375685
9816.1	0.0372628
9814.17	0.0371554
9812.24	0.0381265
9810.31	0.0381923
9808.39	0.0382635
9806.46	0.0379949
9804.53	0.0377267
9802.6	0.0375569
9800.67	0.0373915
9798.75	0.038017
9796.82	0.0383746
9794.89	0.0374109
9792.96	0.0368271
9791.03	0.0369938
9789.11	0.0374894
9787.18	0.0377866
9785.25	0.0372242
9783.32	0.0368183
9781.39	0.0373524
9779.46	0.0376112
9777.54	0.037913
9775.61	0.0377396
9773.68	0.0374123
9771.75	0.0372155
9769.83	0.037217
9767.9	0.03774
9765.97	0.037434
9764.04	0.0373087
9762.11	0.0376348
9760.18	0.0372315
9758.26	0.0369791
9756.33	0.0368434
9754.4	0.0363096
9752.47	0.0370094
9750.54	0.0372987
9748.62	0.0371004
9746.69	0.0374911
9744.76	0.0375098
9742.83	0.0369786
9740.9	0.0370911
9738.98	0.0374335
9737.05	0.0370678
9735.12	0.0370054
9733.19	0.0374915
9731.26	0.0374731
9729.34	0.0370692
9727.41	0.0365464
9725.48	0.0372153
9723.55	0.0386589
9721.62	0.0382242
9719.7	0.0372443
9717.77	0.0375279
9715.84	0.0380438
9713.91	0.0384989
9711.98	0.0380053
9710.06	0.03684
9708.13	0.0364455
9706.2	0.0367706
9704.27	0.0377628
9702.34	0.0379021
9700.42	0.0378321
9698.49	0.038074
9696.56	0.0381719
9694.63	0.0378936
9692.7	0.0379984
9690.78	0.0380436
9688.85	0.0379047
9686.92	0.0370423
9684.99	0.0364764
9683.06	0.037004
9681.14	0.0375529
9679.21	0.0370841
9677.28	0.0366163
9675.35	0.0375838
9673.42	0.0370294
9671.5	0.0366206
9669.57	0.03688
9667.64	0.0369211
9665.71	0.0371722
9663.78	0.0374398
9661.86	0.0374808
9659.93	0.0370761
9658	0.0363394
9656.07	0.0367156
9654.14	0.037415
9652.21	0.0374639
9650.29	0.0372016
9648.36	0.0372567
9646.43	0.0367273
9644.5	0.0367722
9642.57	0.0375727
9640.65	0.0376087
9638.72	0.0376781
9636.79	0.0377051
9634.86	0.037842
9632.93	0.0381565
9631.01	0.0374106
9629.08	0.037332
9627.15	0.037601
9625.22	0.0372458
9623.29	0.0375384
9621.37	0.0376063
9619.44	0.0372774
9617.51	0.0370914
9615.58	0.0370706
9613.65	0.0373664
9611.73	0.0379009
9609.8	0.0375799
9607.87	0.0364422
9605.94	0.0363906
9604.01	0.0370258
9602.09	0.037417
9600.16	0.0368187
9598.23	0.0362686
9596.3	0.0362657
9594.37	0.0364867
9592.45	0.0367421
9590.52	0.0371634
9588.59	0.0369931
9586.66	0.0369685
9584.73	0.0370423
9582.81	0.0369025
9580.88	0.0370657
9578.95	0.0373681
9577.02	0.0368764
9575.09	0.0370636
9573.17	0.0373992
9571.24	0.0374759
9569.31	0.0376349
9567.38	0.037406
9565.45	0.0371066
9563.53	0.036957
9561.6	0.0366581
9559.67	0.0365672
9557.74	0.0371821
9555.81	0.0371023
9553.88	0.0370185
9551.96	0.0373616
9550.03	0.0375488
9548.1	0.0375557
9546.17	0.0378547
9544.25	0.0381209
9542.32	0.0377745
9540.39	0.0374355
9538.46	0.0371121
9536.53	0.0368893
9534.6	0.0375597
9532.68	0.0376083
9530.75	0.0367258
9528.82	0.0365019
9526.89	0.0370077
9524.96	0.037249
9523.04	0.0373139
9521.11	0.0369903
9519.18	0.0373827
9517.25	0.0376581
9515.32	0.0372805
9513.4	0.0371026
9511.47	0.0371426
9509.54	0.0373772
9507.61	0.0375053
9505.68	0.0372403
9503.76	0.0373786
9501.83	0.0371134
9499.9	0.0371899
9497.97	0.0368232
9496.04	0.0360827
9494.12	0.0363347
9492.19	0.037459
9490.26	0.0376281
9488.33	0.0371596
9486.4	0.0372433
9484.48	0.0369154
9482.55	0.0369588
9480.62	0.0366717
9478.69	0.0365091
9476.76	0.0365402
9474.84	0.0364293
9472.91	0.0365279
9470.98	0.0368159
9469.05	0.0370704
9467.12	0.0371699
9465.2	0.0369116
9463.27	0.0371233
9461.34	0.0371274
9459.41	0.0364265
9457.48	0.036607
9455.56	0.0371067
9453.63	0.0375099
9451.7	0.0374083
9449.77	0.0367488
9447.84	0.0370206
9445.92	0.0372369
9443.99	0.0371518
9442.06	0.0373341
9440.13	0.0375093
9438.2	0.0369725
9436.28	0.0362453
9434.35	0.0364373
9432.42	0.0367969
9430.49	0.036893
9428.56	0.0368847
9426.63	0.0373173
9424.71	0.0377813
9422.78	0.0371591
9420.85	0.0368339
9418.92	0.037344
9417	0.0374231
9415.07	0.0378309
9413.14	0.0376456
9411.21	0.0367951
9409.28	0.0367999
9407.35	0.0368792
9405.43	0.0368942
9403.5	0.036812
9401.57	0.0368284
9399.64	0.0373573
9397.71	0.0370928
9395.79	0.0369905
9393.86	0.0375714
9391.93	0.0374241
9390	0.0370703
9388.07	0.0372104
9386.15	0.0369116
9384.22	0.0370932
9382.29	0.0372331
9380.36	0.0367179
9378.43	0.0368329
9376.51	0.0369013
9374.58	0.0368252
9372.65	0.0368028
9370.72	0.0369316
9368.79	0.037504
9366.87	0.0376497
9364.94	0.0374229
9363.01	0.0373172
9361.08	0.0369585
9359.15	0.0362983
9357.23	0.0366128
9355.3	0.036969
9353.37	0.0372238
9351.44	0.0371761
9349.51	0.0368835
9347.59	0.0369468
9345.66	0.0366789
9343.73	0.0367367
9341.8	0.0370276
9339.87	0.0369151
9337.95	0.0365029
9336.02	0.0360713
9334.09	0.035699
9332.16	0.0363167
9330.23	0.0367174
9328.31	0.0362642
9326.38	0.0360433
9324.45	0.0362331
9322.52	0.0364623
9320.59	0.0364805
9318.67	0.0364534
9316.74	0.036488
9314.81	0.0365171
9312.88	0.036467
9310.95	0.0368944
9309.03	0.0372912
9307.1	0.03691
9305.17	0.0367354
9303.24	0.0368927
9301.31	0.0366729
9299.38	0.0367917
9297.46	0.0370499
9295.53	0.036868
9293.6	0.0367489
9291.67	0.0364279
9289.74	0.0363383
9287.82	0.0366304
9285.89	0.0364722
9283.96	0.0364
9282.03	0.036383
9280.1	0.0366192
9278.18	0.0367964
9276.25	0.0368129
9274.32	0.0363807
9272.39	0.0360692
9270.46	0.0361883
9268.54	0.0361614
9266.61	0.0362341
9264.68	0.0367145
9262.75	0.0367687
9260.82	0.0367537
9258.9	0.0368654
9256.97	0.0370841
9255.04	0.0372356
9253.11	0.0369906
9251.18	0.0364751
9249.26	0.0364227
9247.33	0.0366532
9245.4	0.0369241
9243.47	0.0367138
9241.54	0.0361033
9239.62	0.0358104
9237.69	0.035554
9235.76	0.0359361
9233.83	0.0365138
9231.9	0.0371602
9229.98	0.0371577
9228.05	0.0365031
9226.12	0.0362381
9224.19	0.0364426
9222.26	0.0363886
9220.34	0.0366605
9218.41	0.0364263
9216.48	0.035944
9214.55	0.0357363
9212.62	0.0358809
9210.7	0.0362978
9208.77	0.0365103
9206.84	0.0364709
9204.91	0.0362864
9202.98	0.0362729
9201.05	0.036221
9199.13	0.0363582
9197.2	0.0363923
9195.27	0.0363508
9193.34	0.0359841
9191.42	0.0357146
9189.49	0.0360905
9187.56	0.0367949
9185.63	0.0366445
9183.7	0.0361945
9181.77	0.0359275
9179.85	0.0362055
9177.92	0.036184
9175.99	0.0361277
9174.06	0.0368243
9172.13	0.0369339
9170.21	0.0362969
9168.28	0.0359178
9166.35	0.0363995
9164.42	0.0365164
9162.49	0.0361889
9160.57	0.0360608
9158.64	0.0352473
9156.71	0.0353004
9154.78	0.0359876
9152.85	0.0364156
9150.93	0.0364622
9149	0.0363267
9147.07	0.0361473
9145.14	0.03582
9143.21	0.0358001
9141.29	0.0360968
9139.36	0.0361943
9137.43	0.0366377
9135.5	0.0368287
9133.57	0.0363714
9131.65	0.0362981
9129.72	0.0366357
9127.79	0.0362625
9125.86	0.0360469
9123.93	0.0362494
9122.01	0.0362902
9120.08	0.0360048
9118.15	0.035948
9116.22	0.0363134
9114.29	0.0362006
9112.37	0.0361052
9110.44	0.036178
9108.51	0.0361057
9106.58	0.036086
9104.65	0.0364553
9102.73	0.0363089
9100.8	0.0359026
9098.87	0.0361262
9096.94	0.0361114
9095.01	0.0364483
9093.08	0.0366347
9091.16	0.03632
9089.23	0.036111
9087.3	0.0362836
9085.37	0.0365588
9083.45	0.0366382
9081.52	0.0366856
9079.59	0.0361594
9077.66	0.0357003
9075.73	0.035791
9073.8	0.0358564
9071.88	0.0354826
9069.95	0.035847
9068.02	0.0359624
9066.09	0.0358155
9064.17	0.0358368
9062.24	0.0357558
9060.31	0.0351822
9058.38	0.0350841
9056.45	0.0355053
9054.52	0.0360037
9052.6	0.035918
9050.67	0.0356762
9048.74	0.0358779
9046.81	0.0359555
9044.88	0.0362438
9042.96	0.0363678
9041.03	0.0361613
9039.1	0.0359665
9037.17	0.0361715
9035.24	0.0363039
9033.32	0.0358644
9031.39	0.0356483
9029.46	0.0357941
9027.53	0.0358127
9025.6	0.0358764
9023.68	0.0356933
9021.75	0.0355056
9019.82	0.0357136
9017.89	0.0358231
9015.96	0.0359745
9014.04	0.0359752
9012.11	0.0355116
9010.18	0.0355154
9008.25	0.0361259
9006.32	0.0364371
9004.4	0.0358806
9002.47	0.0355412
9000.54	0.0355883
8998.61	0.0353937
8996.68	0.0353609
8994.76	0.0358546
8992.83	0.0360658
8990.9	0.0357936
8988.97	0.0356967
8987.04	0.0357936
8985.12	0.0357427
8983.19	0.0360706
8981.26	0.0364604
8979.33	0.0363474
8977.4	0.0360564
8975.48	0.0358558
8973.55	0.0351851
8971.62	0.0348879
8969.69	0.0350461
8967.76	0.035098
8965.83	0.0353161
8963.91	0.0355731
8961.98	0.0354359
8960.05	0.035466
8958.12	0.0350955
8956.2	0.0351875
8954.27	0.0355991
8952.34	0.0357502
8950.41	0.0352271
8948.48	0.0349572
8946.55	0.035483
8944.63	0.0356216
8942.7	0.0351894
8940.77	0.0350217
8938.84	0.0352576
8936.92	0.0356253
8934.99	0.0356099
8933.06	0.0356333
8931.13	0.0356413
8929.2	0.0353883
8927.27	0.0355066
8925.35	0.0355187
8923.42	0.0357548
8921.49	0.0357832
8919.56	0.0358413
8917.63	0.035816
8915.71	0.0350638
8913.78	0.0347727
8911.85	0.0351184
8909.92	0.0351093
8907.99	0.0354052
8906.07	0.0356447
8904.14	0.0356592
8902.21	0.0360015
8900.28	0.0364186
8898.35	0.0359941
8896.43	0.0357283
8894.5	0.0356866
8892.57	0.035526
8890.64	0.0354737
8888.71	0.0356349
8886.79	0.0352103
8884.86	0.0350707
8882.93	0.0352459
8881	0.0352111
8879.07	0.0354031
8877.15	0.0354147
8875.22	0.0352309
8873.29	0.0352535
8871.36	0.0351968
8869.43	0.0352897
8867.51	0.0354434
8865.58	0.0352926
8863.65	0.0352911
8861.72	0.0351158
8859.79	0.0350567
8857.87	0.035331
8855.94	0.0353853
8854.01	0.0350775
8852.08	0.0350506
8850.15	0.035121
8848.22	0.0352981
8846.3	0.0352134
8844.37	0.0348026
8842.44	0.0348639
8840.51	0.0347258
8838.58	0.034635
8836.66	0.0348644
8834.73	0.0352938
8832.8	0.0353307
8830.87	0.0352909
8828.94	0.0352103
8827.02	0.0353313
8825.09	0.0352721
8823.16	0.0349133
8821.23	0.0350748
8819.3	0.0349688
8817.38	0.035083
8815.45	0.0350792
8813.52	0.0352595
8811.59	0.0353309
8809.66	0.0350966
8807.74	0.0352373
8805.81	0.0352385
8803.88	0.0351812
8801.95	0.0353186
8800.02	0.0354863
8798.1	0.0354159
8796.17	0.0349762
8794.24	0.0349167
8792.31	0.0351936
8790.38	0.0352146
8788.46	0.0353761
8786.53	0.0352903
8784.6	0.0347657
8782.67	0.0348778
8780.74	0.0352434
8778.82	0.0353973
8776.89	0.0349066
8774.96	0.0346156
8773.03	0.0347446
8771.1	0.0345966
8769.18	0.0347394
8767.25	0.0348898
8765.32	0.0349507
8763.39	0.0351494
8761.46	0.0351077
8759.54	0.0346765
8757.61	0.0342689
8755.68	0.0345721
8753.75	0.0349752
8751.82	0.0350375
8749.9	0.0348267
8747.97	0.034819
8746.04	0.0350362
8744.11	0.0349166
8742.18	0.0348979
8740.25	0.035279
8738.33	0.0351841
8736.4	0.0345635
8734.47	0.0343566
8732.54	0.0345634
8730.62	0.0347001
8728.69	0.0346878
8726.76	0.0347103
8724.83	0.034849
8722.9	0.0346417
8720.97	0.0342978
8719.05	0.0345659
8717.12	0.0348805
8715.19	0.0346984
8713.26	0.0344035
8711.33	0.0344342
8709.41	0.0345952
8707.48	0.0347181
8705.55	0.0348187
8703.62	0.0346953
8701.69	0.0346071
8699.77	0.0345741
8697.84	0.0349045
8695.91	0.0348941
8693.98	0.0344778
8692.05	0.0343182
8690.13	0.0345573
8688.2	0.0348799
8686.27	0.035002
8684.34	0.0346701
8682.41	0.034455
8680.49	0.0343341
8678.56	0.0342134
8676.63	0.0347407
8674.7	0.0351241
8672.77	0.0349985
8670.85	0.0345799
8668.92	0.0342069
8666.99	0.0343442
8665.06	0.0344424
8663.13	0.0346215
8661.21	0.0347074
8659.28	0.0345367
8657.35	0.0344219
8655.42	0.0343118
8653.49	0.0343296
8651.57	0.0344018
8649.64	0.0347915
8647.71	0.0351091
8645.78	0.0346029
8643.85	0.0343561
8641.93	0.034304
8640	0.034193
8638.07	0.0343004
8636.14	0.0346378
8634.21	0.0345298
8632.29	0.0342936
8630.36	0.034638
8628.43	0.035215
8626.5	0.035153
8624.57	0.0346181
8622.65	0.0344739
8620.72	0.0342848
8618.79	0.0340972
8616.86	0.0340364
8614.93	0.0340908
8613	0.0340442
8611.08	0.0337012
8609.15	0.0340158
8607.22	0.0345666
8605.29	0.0344659
8603.37	0.0343183
8601.44	0.0346713
8599.51	0.0348302
8597.58	0.0345032
8595.65	0.0344329
8593.72	0.0343184
8591.8	0.0342513
8589.87	0.0341218
8587.94	0.0340768
8586.01	0.03418
8584.08	0.0340898
8582.16	0.0343079
8580.23	0.0347439
8578.3	0.0345818
8576.37	0.0343441
8574.44	0.0345799
8572.52	0.0347754
8570.59	0.0341747
8568.66	0.0339314
8566.73	0.0341897
8564.8	0.0345418
8562.88	0.0343964
8560.95	0.034118
8559.02	0.0339191
8557.09	0.0340612
8555.16	0.0341976
8553.24	0.0342443
8551.31	0.0344415
8549.38	0.0344248
8547.45	0.0343815
8545.52	0.0342124
8543.6	0.034315
8541.67	0.0343559
8539.74	0.0342155
8537.81	0.0343004
8535.88	0.0343515
8533.96	0.0342163
8532.03	0.0340428
8530.1	0.0338343
8528.17	0.0337341
8526.24	0.0340132
8524.32	0.0340331
8522.39	0.0338305
8520.46	0.0339119
8518.53	0.0340893
8516.6	0.034154
8514.68	0.0340075
8512.75	0.034024
8510.82	0.0339186
8508.89	0.0338088
8506.96	0.0339748
8505.04	0.0341684
8503.11	0.0337188
8501.18	0.0333767
8499.25	0.0337093
8497.32	0.0339284
8495.39	0.033767
8493.47	0.0336505
8491.54	0.0336631
8489.61	0.0335893
8487.68	0.0336787
8485.75	0.0338476
8483.83	0.0339565
8481.9	0.0338152
8479.97	0.0337162
8478.04	0.0337482
8476.11	0.0341339
8474.19	0.0343222
8472.26	0.0340014
8470.33	0.0339507
8468.4	0.034179
8466.47	0.0342095
8464.55	0.0340464
8462.62	0.0337499
8460.69	0.0336817
8458.76	0.0338361
8456.83	0.0342014
8454.91	0.0340707
8452.98	0.0336994
8451.05	0.0336412
8449.12	0.0336088
8447.19	0.0333525
8445.27	0.0333187
8443.34	0.0335584
8441.41	0.0337639
8439.48	0.0335765
8437.55	0.0334685
8435.63	0.0336741
8433.7	0.0336231
8431.77	0.0338162
8429.84	0.0340254
8427.91	0.0339661
8425.99	0.033762
8424.06	0.0336402
8422.13	0.0338036
8420.2	0.0338422
8418.27	0.0337205
8416.35	0.0337232
8414.42	0.0336992
8412.49	0.0332651
8410.56	0.032893
8408.63	0.0332166
8406.71	0.0338056
8404.78	0.0338472
8402.85	0.0336406
8400.92	0.0337702
8398.99	0.0338642
8397.07	0.0336429
8395.14	0.0338814
8393.21	0.0336942
8391.28	0.0334303
8389.35	0.0336426
8387.43	0.0335596
8385.5	0.0333498
8383.57	0.0336139
8381.64	0.0340264
8379.71	0.0336579
8377.79	0.0330699
8375.86	0.0334719
8373.93	0.0337084
8372	0.0334936
8370.07	0.0333176
8368.14	0.0332921
8366.22	0.0333001
8364.29	0.0333465
8362.36	0.0332419
8360.43	0.0334035
8358.5	0.0334745
8356.58	0.033314
8354.65	0.0332477
8352.72	0.0335178
8350.79	0.0336376
8348.86	0.033705
8346.94	0.0336257
8345.01	0.0333529
8343.08	0.0334739
8341.15	0.0336649
8339.22	0.0336642
8337.3	0.0333906
8335.37	0.0333861
8333.44	0.0335062
8331.51	0.0334852
8329.58	0.0334448
8327.66	0.033358
8325.73	0.0331497
8323.8	0.0332653
8321.87	0.0334427
8319.94	0.0333286
8318.02	0.0332157
8316.09	0.0332647
8314.16	0.0335584
8312.23	0.0339252
8310.3	0.0337855
8308.38	0.0334195
8306.45	0.0332578
8304.52	0.0332713
8302.59	0.0331481
8300.66	0.033199
8298.74	0.033269
8296.81	0.0333361
8294.88	0.0334296
8292.95	0.0334785
8291.02	0.0334362
8289.1	0.0333985
8287.17	0.0334473
8285.24	0.0335798
8283.31	0.0334655
8281.38	0.0330495
8279.46	0.033081
8277.53	0.0331817
8275.6	0.0330629
8273.67	0.0333213
8271.74	0.0337757
8269.82	0.0336517
8267.89	0.0332473
8265.96	0.0332615
8264.03	0.033519
8262.1	0.0335044
8260.17	0.0329452
8258.25	0.0330384
8256.32	0.0334488
8254.39	0.0333308
8252.46	0.0329217
8250.54	0.032883
8248.61	0.0331967
8246.68	0.0331927
8244.75	0.0327055
8242.82	0.0327184
8240.89	0.032858
8238.97	0.0330577
8237.04	0.0332964
8235.11	0.0332681
8233.18	0.0332051
8231.25	0.0330382
8229.33	0.0330562
8227.4	0.0331173
8225.47	0.033161
8223.54	0.0333129
8221.61	0.0334604
8219.69	0.033261
8217.76	0.0330884
8215.83	0.0328389
8213.9	0.0326426
8211.97	0.0327234
8210.05	0.0325112
8208.12	0.0324401
8206.19	0.0328341
8204.26	0.0330992
8202.33	0.033438
8200.41	0.0335398
8198.48	0.0330997
8196.55	0.0327723
8194.62	0.0328944
8192.69	0.0331378
8190.77	0.0330293
8188.84	0.0328176
8186.91	0.03272
8184.98	0.0328815
8183.05	0.0332788
8181.13	0.033059
8179.2	0.0329115
8177.27	0.0328732
8175.34	0.0329256
8173.41	0.0330423
8171.49	0.0331222
8169.56	0.0331465
8167.63	0.0333165
8165.7	0.033123
8163.77	0.0328777
8161.85	0.0327913
8159.92	0.0327042
8157.99	0.0327598
8156.06	0.0329047
8154.13	0.0328274
8152.21	0.0328589
8150.28	0.0328836
8148.35	0.0328036
8146.42	0.0326007
8144.49	0.0328025
8142.56	0.0329764
8140.64	0.0329915
8138.71	0.0326555
8136.78	0.0324809
8134.85	0.0330009
8132.92	0.0329547
8131	0.0325187
8129.07	0.032746
8127.14	0.0330306
8125.21	0.0325331
8123.28	0.0323222
8121.36	0.0327875
8119.43	0.0329735
8117.5	0.0328071
8115.57	0.0328153
8113.64	0.0325302
8111.72	0.0325467
8109.79	0.0327649
8107.86	0.0325758
8105.93	0.032545
8104	0.0328097
8102.08	0.0324786
8100.15	0.0327037
8098.22	0.0329007
8096.29	0.0328328
8094.36	0.0327593
8092.44	0.0326044
8090.51	0.0324037
8088.58	0.0320906
8086.65	0.0321803
8084.72	0.0325851
8082.8	0.0327713
8080.87	0.0327457
8078.94	0.0327619
8077.01	0.0328701
8075.08	0.0327993
8073.16	0.0325725
8071.23	0.0324478
8069.3	0.032661
8067.37	0.0327912
8065.44	0.0327714
8063.52	0.0326972
8061.59	0.0326419
8059.66	0.0327957
8057.73	0.0326635
8055.8	0.0324802
8053.88	0.0325093
8051.95	0.0324301
8050.02	0.0324901
8048.09	0.0326168
8046.16	0.0325485
8044.24	0.0324517
8042.31	0.0325154
8040.38	0.0326957
8038.45	0.0328586
8036.52	0.0324675
8034.6	0.0319047
8032.67	0.0320191
8030.74	0.0324723
8028.81	0.0327366
8026.88	0.0326333
8024.96	0.0323619
8023.03	0.0323325
8021.1	0.0325253
8019.17	0.0324521
8017.24	0.0322583
8015.31	0.0322857
8013.39	0.0325702
8011.46	0.0326334
8009.53	0.0325856
8007.6	0.0324862
8005.67	0.032294
8003.75	0.0321729
8001.82	0.0323529
7999.89	0.0324319
7997.96	0.0322731
7996.03	0.0323379
7994.11	0.0325648
7992.18	0.0325333
7990.25	0.0324692
7988.32	0.0324284
7986.39	0.0323406
7984.47	0.0324389
7982.54	0.0325051
7980.61	0.0324109
7978.68	0.0323201
7976.75	0.0322734
7974.83	0.0320807
7972.9	0.0319721
7970.97	0.0322362
7969.04	0.032192
7967.11	0.0319814
7965.19	0.0322635
7963.26	0.0324739
7961.33	0.0322622
7959.4	0.032052
7957.47	0.0321353
7955.55	0.0320969
7953.62	0.0320074
7951.69	0.0320976
7949.76	0.032115
7947.83	0.0320989
7945.91	0.0320127
7943.98	0.0319928
7942.05	0.032237
7940.12	0.0324015
7938.19	0.0319754
7936.27	0.0319069
7934.34	0.0320615
7932.41	0.0320741
7930.48	0.0319958
7928.55	0.03191
7926.63	0.0320412
7924.7	0.032135
7922.77	0.032186
7920.84	0.0321971
7918.91	0.0321583
7916.99	0.0321813
7915.06	0.0323218
7913.13	0.0321827
7911.2	0.0320343
7909.27	0.0318933
7907.35	0.0320002
7905.42	0.0320806
7903.49	0.0320532
7901.56	0.0319701
7899.63	0.0318125
7897.71	0.0315543
7895.78	0.0316341
7893.85	0.0317714
7891.92	0.0317252
7889.99	0.031734
7888.06	0.0318621
7886.14	0.0318897
7884.21	0.0320274
7882.28	0.0320284
7880.35	0.0317936
7878.42	0.0316895
7876.5	0.032062
7874.57	0.03207
7872.64	0.0320459
7870.71	0.0320392
7868.78	0.0319607
7866.86	0.0316413
7864.93	0.031776
7863	0.0319225
7861.07	0.0318235
7859.14	0.0319747
7857.22	0.032005
7855.29	0.0319629
7853.36	0.0319065
7851.43	0.0320815
7849.5	0.0322478
7847.58	0.0319765
7845.65	0.0318862
7843.72	0.032005
7841.79	0.031945
7839.86	0.0317925
7837.94	0.0317696
7836.01	0.0319173
7834.08	0.0319791
7832.15	0.0319539
7830.22	0.0319022
7828.3	0.0315815
7826.37	0.0314498
7824.44	0.0316073
7822.51	0.0317845
7820.58	0.031734
7818.66	0.0319021
7816.73	0.0320814
7814.8	0.0319552
7812.87	0.0316903
7810.94	0.0317001
7809.02	0.0318092
7807.09	0.0317026
7805.16	0.0317543
7803.23	0.031578
7801.3	0.0316662
7799.38	0.0318603
7797.45	0.0317046
7795.52	0.031706
7793.59	0.0315472
7791.66	0.0313444
7789.74	0.0315039
7787.81	0.0313357
7785.88	0.0311858
7783.95	0.0313478
7782.02	0.031446
7780.09	0.0313155
7778.17	0.0315675
7776.24	0.0317677
7774.31	0.031627
7772.38	0.0314989
7770.46	0.0314793
7768.53	0.0314701
7766.6	0.0313105
7764.67	0.0315404
7762.74	0.0317929
7760.81	0.0313184
7758.89	0.0313363
7756.96	0.0316905
7755.03	0.0316775
7753.1	0.0315632
7751.17	0.0315436
7749.25	0.0314121
7747.32	0.0315263
7745.39	0.0316073
7743.46	0.0312715
7741.53	0.0312897
7739.61	0.0312903
7737.68	0.0313679
7735.75	0.0315507
7733.82	0.0315895
7731.89	0.0314614
7729.97	0.0312765
7728.04	0.0311936
7726.11	0.0314413
7724.18	0.0315371
7722.25	0.0313947
7720.33	0.0314217
7718.4	0.0314089
7716.47	0.0311919
7714.54	0.0312284
7712.61	0.0310962
7710.69	0.0308669
7708.76	0.0308109
7706.83	0.031096
7704.9	0.0312838
7702.97	0.0312893
7701.05	0.0311634
7699.12	0.0310802
7697.19	0.0312725
7695.26	0.0314983
7693.33	0.0314269
7691.41	0.0312466
7689.48	0.0311989
7687.55	0.0313156
7685.62	0.0312181
7683.69	0.0312198
7681.77	0.0312744
7679.84	0.0310615
7677.91	0.031053
7675.98	0.0313401
7674.05	0.031572
7672.12	0.0314314
7670.2	0.0310474
7668.27	0.0308784
7666.34	0.03098
7664.41	0.0309754
7662.48	0.0309789
7660.56	0.0310172
7658.63	0.0309843
7656.7	0.0309583
7654.77	0.0310665
7652.84	0.0313153
7650.92	0.0314466
7648.99	0.0312433
7647.06	0.0310779
7645.13	0.0309839
7643.2	0.0307888
7641.28	0.0307565
7639.35	0.0308586
7637.42	0.0308967
7635.49	0.0309948
7633.56	0.0310646
7631.64	0.030936
7629.71	0.0306535
7627.78	0.0306059
7625.85	0.0307045
7623.92	0.0307346
7622	0.0306246
7620.07	0.0307815
7618.14	0.0308525
7616.21	0.030851
7614.28	0.0308643
7612.36	0.0309775
7610.43	0.0310252
7608.5	0.0309487
7606.57	0.0308578
7604.64	0.030935
7602.72	0.0309624
7600.79	0.030737
7598.86	0.0305704
7596.93	0.0304854
7595	0.0306477
7593.08	0.0309832
7591.15	0.0309709
7589.22	0.0308416
7587.29	0.0307924
7585.36	0.0306372
7583.44	0.0306045
7581.51	0.0308915
7579.58	0.0310347
7577.65	0.0307754
7575.72	0.0307406
7573.8	0.0307792
7571.87	0.0306629
7569.94	0.0305223
7568.01	0.0306577
7566.08	0.0306408
7564.16	0.0305404
7562.23	0.0307331
7560.3	0.0306822
7558.37	0.0306881
7556.44	0.0307239
7554.52	0.0307538
7552.59	0.0307783
7550.66	0.0307595
7548.73	0.0307844
7546.8	0.0307155
7544.88	0.0305831
7542.95	0.0306486
7541.02	0.0306978
7539.09	0.0307027
7537.16	0.0305963
7535.23	0.0305156
7533.31	0.0305942
7531.38	0.0306226
7529.45	0.0305486
7527.52	0.0305699
7525.59	0.0306942
7523.67	0.0305803
7521.74	0.0305739
7519.81	0.0304366
7517.88	0.0304916
7515.95	0.0306348
7514.03	0.0305635
7512.1	0.0305053
7510.17	0.0304445
7508.24	0.0304346
7506.31	0.0303533
7504.39	0.0303106
7502.46	0.0304799
7500.53	0.0304545
7498.6	0.0304412
7496.67	0.0303791
7494.75	0.0302659
7492.82	0.0303045
7490.89	0.0302132
7488.96	0.0301137
7487.03	0.0301438
7485.11	0.0302757
7483.18	0.0302268
7481.25	0.0301562
7479.32	0.0302656
7477.39	0.0304073
7475.47	0.0306334
7473.54	0.0305771
7471.61	0.0302942
7469.68	0.0302959
7467.75	0.030344
7465.83	0.0303386
7463.9	0.0303652
7461.97	0.0304288
7460.04	0.0302999
7458.11	0.0301481
7456.19	0.030108
7454.26	0.0301052
7452.33	0.0300911
7450.4	0.0300689
7448.47	0.0301677
7446.54	0.0302483
7444.62	0.0302476
7442.69	0.0302935
7440.76	0.0305728
7438.83	0.0306463
7436.91	0.0302761
7434.98	0.0300933
7433.05	0.0301816
7431.12	0.0302977
7429.19	0.0301151
7427.26	0.0299121
7425.34	0.0299688
7423.41	0.0301827
7421.48	0.030208
7419.55	0.03019
7417.62	0.0301872
7415.7	0.0302481
7413.77	0.0302151
7411.84	0.0300858
7409.91	0.0301263
7407.98	0.0300705
7406.06	0.0299755
7404.13	0.0301913
7402.2	0.0302973
7400.27	0.0301821
7398.34	0.0301929
7396.42	0.0302145
7394.49	0.0301827
7392.56	0.0301929
7390.63	0.0301014
7388.7	0.0300791
7386.78	0.0301937
7384.85	0.0300351
7382.92	0.0298717
7380.99	0.029962
7379.06	0.0301244
7377.14	0.0301391
7375.21	0.0300598
7373.28	0.030141
7371.35	0.0300955
7369.42	0.0299729
7367.5	0.0300207
7365.57	0.0300111
7363.64	0.0299066
7361.71	0.0299276
7359.78	0.0299169
7357.86	0.0298368
7355.93	0.0298217
7354	0.0297992
7352.07	0.0299402
7350.14	0.0298213
7348.22	0.029517
7346.29	0.0296218
7344.36	0.0297928
7342.43	0.0298314
7340.5	0.0295862
7338.58	0.0295919
7336.65	0.0298401
7334.72	0.0297603
7332.79	0.0295744
7330.86	0.0296495
7328.94	0.0299148
7327.01	0.0299912
7325.08	0.0298328
7323.15	0.0296911
7321.22	0.0295596
7319.29	0.0295996
7317.37	0.0296726
7315.44	0.029626
7313.51	0.0295875
7311.58	0.0295233
7309.65	0.0296217
7307.73	0.0296905
7305.8	0.0294675
7303.87	0.0296194
7301.94	0.0298094
7300.01	0.0296923
7298.09	0.0296837
7296.16	0.0298325
7294.23	0.0297927
7292.3	0.0296986
7290.37	0.0297774
7288.45	0.0298339
7286.52	0.029837
7284.59	0.0296406
7282.66	0.0293777
7280.73	0.0294635
7278.81	0.0295793
7276.88	0.0294769
7274.95	0.0294667
7273.02	0.0294954
7271.09	0.029366
7269.17	0.0293958
7267.24	0.0295107
7265.31	0.0293514
7263.38	0.0292468
7261.45	0.0293454
7259.53	0.0293962
7257.6	0.0292891
7255.67	0.0293082
7253.74	0.0292817
7251.81	0.0293083
7249.89	0.0294301
7247.96	0.0295784
7246.03	0.0295948
7244.1	0.0294758
7242.17	0.0293048
7240.25	0.029146
7238.32	0.0292351
7236.39	0.0294107
7234.46	0.0292835
7232.53	0.0291553
7230.61	0.029208
7228.68	0.0292599
7226.75	0.0291963
7224.82	0.0291585
7222.89	0.029105
7220.97	0.029075
7219.04	0.0291689
7217.11	0.0293036
7215.18	0.0293873
7213.25	0.0294073
7211.33	0.029232
7209.4	0.029294
7207.47	0.0293688
7205.54	0.0291249
7203.61	0.029101
7201.69	0.0292472
7199.76	0.0293738
7197.83	0.0293016
7195.9	0.029019
7193.97	0.0289817
7192.04	0.0290906
7190.12	0.029092
7188.19	0.0290635
7186.26	0.0289982
7184.33	0.0289964
7182.4	0.0290319
7180.48	0.0290823
7178.55	0.0291227
7176.62	0.0291936
7174.69	0.0291337
7172.76	0.0288619
7170.84	0.0288025
7168.91	0.0289343
7166.98	0.0290714
7165.05	0.0290868
7163.12	0.0290585
7161.2	0.0290234
7159.27	0.0290683
7157.34	0.0290468
7155.41	0.0288283
7153.48	0.0287702
7151.56	0.0289233
7149.63	0.0288961
7147.7	0.0288572
7145.77	0.0288147
7143.84	0.0288297
7141.92	0.0289229
7139.99	0.0288731
7138.06	0.0289443
7136.13	0.0289983
7134.2	0.0288439
7132.28	0.0287567
7130.35	0.0287213
7128.42	0.0288536
7126.49	0.0289541
7124.56	0.0288644
7122.64	0.0288132
7120.71	0.0289208
7118.78	0.0288411
7116.85	0.0288181
7114.92	0.0287781
7113	0.0286616
7111.07	0.0286413
7109.14	0.0286968
7107.21	0.0286307
7105.28	0.0287546
7103.36	0.0288068
7101.43	0.0285991
7099.5	0.0284111
7097.57	0.0286412
7095.64	0.0288617
7093.71	0.0288483
7091.79	0.0288157
7089.86	0.0288565
7087.93	0.0288021
7086	0.028624
7084.08	0.0286448
7082.15	0.0286993
7080.22	0.028689
7078.29	0.0286383
7076.36	0.0285868
7074.43	0.0285066
7072.51	0.0286637
7070.58	0.0286745
7068.65	0.0284943
7066.72	0.0286096
7064.79	0.0287723
7062.87	0.0287041
7060.94	0.0286913
7059.01	0.0285673
7057.08	0.0284329
7055.15	0.028488
7053.23	0.0285707
7051.3	0.0286227
7049.37	0.0287944
7047.44	0.0287404
7045.51	0.0286498
7043.59	0.0286901
7041.66	0.0284563
7039.73	0.0282407
7037.8	0.0284182
7035.87	0.0284175
7033.95	0.0284154
7032.02	0.028511
7030.09	0.028402
7028.16	0.0283689
7026.23	0.028223
7024.31	0.0282077
7022.38	0.0284009
7020.45	0.0285761
7018.52	0.0285116
7016.59	0.0283586
7014.67	0.0282893
7012.74	0.0281646
7010.81	0.0281644
7008.88	0.028429
7006.95	0.0284095
7005.03	0.0283704
7003.1	0.0283799
7001.17	0.0284141
6999.24	0.0283507
6997.31	0.0282177
6995.39	0.0282158
6993.46	0.028267
6991.53	0.0283703
6989.6	0.0283533
6987.67	0.0282759
6985.75	0.0281926
6983.82	0.0282722
6981.89	0.0283311
6979.96	0.0283072
6978.03	0.0282604
6976.1	0.0281544
6974.18	0.0280235
6972.25	0.0281103
6970.32	0.0281866
6968.39	0.028164
6966.46	0.0282087
6964.54	0.0282369
6962.61	0.0281927
6960.68	0.0280769
6958.75	0.0280265
6956.82	0.0281031
6954.9	0.0281314
6952.97	0.0281109
6951.04	0.0280655
6949.11	0.0279521
6947.18	0.0279622
6945.26	0.0279847
6943.33	0.0279409
6941.4	0.0280701
6939.47	0.0281087
6937.54	0.0279932
6935.62	0.0278605
6933.69	0.0277978
6931.76	0.0279383
6929.83	0.0280822
6927.9	0.0281258
6925.98	0.028197
6924.05	0.0280696
6922.12	0.0278725
6920.19	0.0279316
6918.26	0.0281725
6916.34	0.0281555
6914.41	0.0280274
6912.48	0.0280782
6910.55	0.0279297
6908.62	0.0278195
6906.7	0.0279063
6904.77	0.0279904
6902.84	0.0279939
6900.91	0.0279373
6898.98	0.0280136
6897.06	0.0279894
6895.13	0.0279548
6893.2	0.0279054
6891.27	0.027854
6889.34	0.0278366
6887.42	0.0278319
6885.49	0.0278852
6883.56	0.0278478
6881.63	0.0277689
6879.7	0.0277653
6877.78	0.0277317
6875.85	0.0277797
6873.92	0.0278324
6871.99	0.0278732
6870.06	0.0279243
6868.14	0.0279412
6866.21	0.0278929
6864.28	0.0276496
6862.35	0.0276995
6860.42	0.0277309
6858.5	0.0277041
6856.57	0.0277482
6854.64	0.0278535
6852.71	0.0279112
6850.78	0.0277196
6848.85	0.0276562
6846.93	0.0277362
6845	0.0277639
6843.07	0.0275987
6841.14	0.0274757
6839.21	0.0276464
6837.29	0.0277786
6835.36	0.027765
6833.43	0.0276514
6831.5	0.0275129
6829.57	0.0274732
6827.65	0.027522
6825.72	0.0275698
6823.79	0.0275233
6821.86	0.027455
6819.93	0.0274772
6818.01	0.0274721
6816.08	0.0274841
6814.15	0.0274675
6812.22	0.0274402
6810.29	0.0274113
6808.37	0.0274202
6806.44	0.0274966
6804.51	0.0274645
6802.58	0.0274645
6800.65	0.0275112
6798.73	0.0275242
6796.8	0.0275855
6794.87	0.0276153
6792.94	0.0275235
6791.01	0.0274426
6789.09	0.0274723
6787.16	0.0274985
6785.23	0.0273588
6783.3	0.0271908
6781.37	0.0273408
6779.45	0.0273511
6777.52	0.0273567
6775.59	0.0275118
6773.66	0.0275975
6771.73	0.0274832
6769.81	0.0273356
6767.88	0.0273293
6765.95	0.0272923
6764.02	0.0272557
6762.09	0.0273095
6760.17	0.0272131
6758.24	0.027275
6756.31	0.0273574
6754.38	0.0273468
6752.45	0.027373
6750.53	0.0273903
6748.6	0.0272919
6746.67	0.027224
6744.74	0.0272467
6742.81	0.0271049
6740.88	0.0269498
6738.96	0.0270494
6737.03	0.027245
6735.1	0.0273746
6733.17	0.0273059
6731.25	0.027341
6729.32	0.0272689
6727.39	0.0272301
6725.46	0.0272116
6723.53	0.0271453
6721.6	0.027142
6719.68	0.0270906
6717.75	0.0271073
6715.82	0.0271985
6713.89	0.0271508
6711.96	0.0270585
6710.04	0.0269798
6708.11	0.0269792
6706.18	0.0270815
6704.25	0.0271597
6702.32	0.0270924
6700.4	0.0269769
6698.47	0.0269637
6696.54	0.0270051
6694.61	0.0269744
6692.68	0.0268509
6690.76	0.0268977
6688.83	0.0270261
6686.9	0.0270353
6684.97	0.026935
6683.04	0.0268526
6681.12	0.0269987
6679.19	0.0269695
6677.26	0.0268218
6675.33	0.0268025
6673.4	0.0269128
6671.48	0.0269946
6669.55	0.0268253
6667.62	0.0267576
6665.69	0.0269711
6663.76	0.0270925
6661.84	0.026943
6659.91	0.0269075
6657.98	0.0268553
6656.05	0.0268189
6654.12	0.0268464
6652.2	0.0267949
6650.27	0.02669
6648.34	0.0267147
6646.41	0.026745
6644.48	0.0268292
6642.56	0.0269658
6640.63	0.0269086
6638.7	0.026762
6636.77	0.0267824
6634.84	0.0268132
6632.92	0.0267327
6630.99	0.026701
6629.06	0.02683
6627.13	0.026815
6625.2	0.0267227
6623.27	0.0268305
6621.35	0.0268221
6619.42	0.0266617
6617.49	0.0265393
6615.56	0.0265747
6613.63	0.0267766
6611.71	0.0268277
6609.78	0.0267549
6607.85	0.0266084
6605.92	0.0266355
6603.99	0.0266773
6602.07	0.026642
6600.14	0.0267379
6598.21	0.0266373
6596.28	0.0264954
6594.35	0.0265376
6592.43	0.0265461
6590.5	0.0264792
6588.57	0.0264013
6586.64	0.0264683
6584.71	0.0265131
6582.79	0.026421
6580.86	0.0264452
6578.93	0.026445
6577	0.0264577
6575.07	0.0263893
6573.15	0.0264923
6571.22	0.0265651
6569.29	0.026533
6567.36	0.0265319
6565.43	0.0265467
6563.51	0.0264835
6561.58	0.0264944
6559.65	0.0265472
6557.72	0.0264745
6555.79	0.026372
6553.87	0.0264312
6551.94	0.0265143
6550.01	0.0265623
6548.08	0.0265987
6546.15	0.0265057
6544.23	0.0264714
6542.3	0.0263988
6540.37	0.0263727
6538.44	0.0264581
6536.51	0.0264369
6534.59	0.0263811
6532.66	0.0263335
6530.73	0.0263065
6528.8	0.0263599
6526.87	0.026346
6524.95	0.0262002
6523.02	0.0261764
6521.09	0.0262907
6519.16	0.0262577
6517.23	0.0261935
6515.31	0.0261994
6513.38	0.0261931
6511.45	0.0262077
6509.52	0.0263991
6507.59	0.0264356
6505.67	0.0261516
6503.74	0.0259654
6501.81	0.0260501
6499.88	0.0262496
6497.95	0.0261818
6496.02	0.0260872
6494.1	0.0261835
6492.17	0.0262348
6490.24	0.0262174
6488.31	0.0261494
6486.38	0.0260365
6484.46	0.0259697
6482.53	0.0259177
6480.6	0.0258115
6478.67	0.0258945
6476.74	0.0260266
6474.82	0.0261062
6472.89	0.0262391
6470.96	0.0262821
6469.03	0.0261227
6467.1	0.0260975
6465.18	0.0262004
6463.25	0.0261163
6461.32	0.0261305
6459.39	0.0261328
6457.46	0.0259943
6455.54	0.0258752
6453.61	0.0258137
6451.68	0.0258523
6449.75	0.0260352
6447.82	0.0261425
6445.9	0.0260322
6443.97	0.0258788
6442.04	0.0259825
6440.11	0.0260813
6438.18	0.0259727
6436.26	0.0258386
6434.33	0.025903
6432.4	0.0259202
6430.47	0.0259645
6428.54	0.0259395
6426.62	0.0258925
6424.69	0.0257346
6422.76	0.0256632
6420.83	0.0257009
6418.9	0.0256549
6416.98	0.025672
6415.05	0.0257555
6413.12	0.0258463
6411.19	0.0258131
6409.26	0.0256786
6407.34	0.0256783
6405.41	0.0257067
6403.48	0.0257002
6401.55	0.0256678
6399.62	0.0255948
6397.7	0.0254765
6395.77	0.0254898
6393.84	0.0255366
6391.91	0.0256
6389.98	0.0257272
6388.06	0.0257226
6386.13	0.0256399
6384.2	0.0256773
6382.27	0.0256973
6380.34	0.0256547
6378.42	0.0256726
6376.49	0.0257143
6374.56	0.0255625
6372.63	0.025441
6370.7	0.0255158
6368.77	0.0256014
6366.85	0.0256367
6364.92	0.0256178
6362.99	0.0256378
6361.06	0.0255091
6359.13	0.0253248
6357.21	0.0254047
6355.28	0.0255987
6353.35	0.0255978
6351.42	0.0255241
6349.49	0.0255534
6347.57	0.0255602
6345.64	0.0255163
6343.71	0.0254724
6341.78	0.0253961
6339.85	0.0253924
6337.93	0.0254633
6336	0.0254059
6334.07	0.0253201
6332.14	0.0253445
6330.21	0.0254043
6328.29	0.0254069
6326.36	0.0253798
6324.43	0.0253391
6322.5	0.0252831
6320.57	0.0253614
6318.65	0.0254323
6316.72	0.0253418
6314.79	0.0252881
6312.86	0.025328
6310.93	0.0253223
6309.01	0.0253021
6307.08	0.0252325
6305.15	0.0252825
6303.22	0.0253916
6301.29	0.0253945
6299.37	0.0253596
6297.44	0.0253081
6295.51	0.025219
6293.58	0.0251402
6291.65	0.0251924
6289.73	0.025311
6287.8	0.0253706
6285.87	0.0254193
6283.94	0.0253116
6282.01	0.0251562
6280.08	0.0251915
6278.16	0.0252116
6276.23	0.0252038
6274.3	0.0251999
6272.37	0.0251906
6270.45	0.0252061
6268.52	0.0251181
6266.59	0.0249632
6264.66	0.025005
6262.73	0.025111
6260.8	0.0250724
6258.88	0.0250823
6256.95	0.0252176
6255.02	0.0252937
6253.09	0.0251992
6251.17	0.0249977
6249.24	0.0249499
6247.31	0.0251621
6245.38	0.0251562
6243.45	0.0250475
6241.52	0.0249898
6239.6	0.0249986
6237.67	0.0251112
6235.74	0.0251247
6233.81	0.025076
6231.88	0.0251107
6229.96	0.0251264
6228.03	0.025049
6226.1	0.0249518
6224.17	0.024944
6222.24	0.0249299
6220.32	0.0249449
6218.39	0.024935
6216.46	0.0249693
6214.53	0.0249259
6212.6	0.0248906
6210.68	0.0250086
6208.75	0.025084
6206.82	0.0250488
6204.89	0.0249105
6202.96	0.0248037
6201.04	0.0248218
6199.11	0.0248892
6197.18	0.0247648
6195.25	0.0246603
6193.32	0.0246762
6191.4	0.02474
6189.47	0.0247876
6187.54	0.0248559
6185.61	0.0248637
6183.68	0.0248082
6181.76	0.0247311
6179.83	0.0246735
6177.9	0.0246073
6175.97	0.0246278
6174.04	0.0245996
6172.12	0.0246337
6170.19	0.0246513
6168.26	0.0245184
6166.33	0.024483
6164.4	0.0245829
6162.48	0.0247269
6160.55	0.0247904
6158.62	0.0247289
6156.69	0.0247379
6154.76	0.0247359
6152.83	0.0246357
6150.91	0.0246179
6148.98	0.0245713
6147.05	0.0245338
6145.12	0.0245917
6143.19	0.0245865
6141.27	0.0245772
6139.34	0.0246539
6137.41	0.0246026
6135.48	0.0245683
6133.55	0.0245684
6131.63	0.02463
6129.7	0.0246749
6127.77	0.0246528
6125.84	0.0246444
6123.91	0.0245736
6121.99	0.0245495
6120.06	0.0245641
6118.13	0.0245447
6116.2	0.0245447
6114.27	0.0245879
6112.35	0.0245206
6110.42	0.0244734
6108.49	0.0245289
6106.56	0.0244082
6104.63	0.0243643
6102.71	0.0243565
6100.78	0.0242635
6098.85	0.0243325
6096.92	0.0243924
6094.99	0.0243934
6093.07	0.0243973
6091.14	0.0244326
6089.21	0.0244451
6087.28	0.0243463
6085.35	0.0243282
6083.43	0.0244084
6081.5	0.0244291
6079.57	0.0244188
6077.64	0.0243293
6075.71	0.0242179
6073.79	0.0242806
6071.86	0.024341
6069.93	0.0243227
6068	0.0243045
6066.07	0.0242797
6064.15	0.0242548
6062.22	0.0242815
6060.29	0.024297
6058.36	0.0242554
6056.43	0.024196
6054.51	0.0242476
6052.58	0.0243039
6050.65	0.0242252
6048.72	0.0242008
6046.79	0.0242846
6044.87	0.0242538
6042.94	0.0242672
6041.01	0.0242856
6039.08	0.0242599
6037.15	0.0242534
6035.23	0.024167
6033.3	0.0240988
6031.37	0.0240971
6029.44	0.0241496
6027.51	0.0242085
6025.58	0.0241895
6023.66	0.0240627
6021.73	0.024
6019.8	0.0240579
6017.87	0.0241477
6015.94	0.0241757
6014.02	0.0241383
6012.09	0.0240272
6010.16	0.0239919
6008.23	0.0241302
6006.3	0.0240757
6004.38	0.0240124
6002.45	0.0240078
6000.52	0.0240512
5998.59	0.0240617
5996.66	0.0240519
5994.74	0.0239844
5992.81	0.0239736
5990.88	0.023971
5988.95	0.0238614
5987.02	0.0239204
5985.1	0.0240487
5983.17	0.0239266
5981.24	0.0237654
5979.31	0.0238046
5977.38	0.0239587
5975.46	0.0240557
5973.53	0.0239354
5971.6	0.0238916
5969.67	0.0239188
5967.74	0.0239315
5965.82	0.0239098
5963.89	0.0238859
5961.96	0.0238156
5960.03	0.0238255
5958.1	0.0238821
5956.18	0.0239011
5954.25	0.0239213
5952.32	0.0239446
5950.39	0.0238354
5948.46	0.0237085
5946.54	0.0236931
5944.61	0.0236996
5942.68	0.0238205
5940.75	0.0239222
5938.82	0.0238256
5936.9	0.0237686
5934.97	0.0237719
5933.04	0.0237303
5931.11	0.0236561
5929.18	0.0236921
5927.25	0.0237442
5925.33	0.0237423
5923.4	0.0237076
5921.47	0.023641
5919.54	0.0236269
5917.62	0.0236479
5915.69	0.0237387
5913.76	0.0237655
5911.83	0.0236386
5909.9	0.0235517
5907.97	0.0236272
5906.05	0.0235786
5904.12	0.0235785
5902.19	0.0236671
5900.26	0.0236598
5898.33	0.0235959
5896.41	0.0236036
5894.48	0.0236188
5892.55	0.0236736
5890.62	0.0236293
5888.69	0.0236087
5886.77	0.0236204
5884.84	0.0235841
5882.91	0.0235326
5880.98	0.0235602
5879.05	0.0235611
5877.13	0.023428
5875.2	0.0234718
5873.27	0.0235657
5871.34	0.0234638
5869.41	0.0234669
5867.49	0.023479
5865.56	0.0234394
5863.63	0.0234319
5861.7	0.0233778
5859.77	0.0233529
5857.85	0.0233579
5855.92	0.0233384
5853.99	0.0233372
5852.06	0.0233578
5850.13	0.0234174
5848.21	0.0234722
5846.28	0.023389
5844.35	0.023332
5842.42	0.0234864
5840.49	0.0235495
5838.57	0.0234548
5836.64	0.0233213
5834.71	0.023288
5832.78	0.0232859
5830.85	0.0232767
5828.93	0.023287
5827	0.0233691
5825.07	0.0233228
5823.14	0.0231595
5821.21	0.023029
5819.29	0.0229966
5817.36	0.0231206
5815.43	0.023162
5813.5	0.0231947
5811.57	0.0231307
5809.65	0.0232015
5807.72	0.0232607
5805.79	0.0232564
5803.86	0.0231096
5801.93	0.0230235
5800	0.023018
5798.08	0.023046
5796.15	0.0231323
5794.22	0.023192
5792.29	0.0231729
5790.36	0.0231312
5788.44	0.0230683
5786.51	0.0231168
5784.58	0.0231406
5782.65	0.0230841
5780.72	0.0230435
5778.8	0.0230107
5776.87	0.0229877
5774.94	0.0230012
5773.01	0.0230791
5771.08	0.0230823
5769.16	0.0230346
5767.23	0.0230089
5765.3	0.0230866
5763.37	0.0230735
5761.44	0.0230141
5759.52	0.0229868
5757.59	0.0230472
5755.66	0.0231184
5753.73	0.0230646
5751.8	0.0230523
5749.88	0.0229904
5747.95	0.0229706
5746.02	0.0229816
5744.09	0.0229253
5742.16	0.0229164
5740.24	0.0229807
5738.31	0.0229602
5736.38	0.022852
5734.45	0.0228666
5732.52	0.0228241
5730.6	0.0227986
5728.67	0.0228272
5726.74	0.0227833
5724.81	0.0227549
5722.88	0.0227579
5720.96	0.0228127
5719.03	0.0228436
5717.1	0.0227837
5715.17	0.0227935
5713.24	0.0227637
5711.32	0.0227012
5709.39	0.0226632
5707.46	0.0227366
5705.53	0.0227056
5703.6	0.0226566
5701.68	0.0225609
5699.75	0.0226215
5697.82	0.0228096
5695.89	0.0227644
5693.96	0.0226157
5692.03	0.0225993
5690.11	0.0226737
5688.18	0.0226412
5686.25	0.022597
5684.32	0.0226152
5682.4	0.0225919
5680.47	0.0225633
5678.54	0.0225403
5676.61	0.0226446
5674.68	0.0227091
5672.75	0.0226689
5670.83	0.0226294
5668.9	0.0224975
5666.97	0.0226043
5665.04	0.022659
5663.11	0.0225137
5661.19	0.022452
5659.26	0.0224711
5657.33	0.0226008
5655.4	0.0226946
5653.47	0.0226798
5651.55	0.0225837
5649.62	0.0224675
5647.69	0.0224805
5645.76	0.0224879
5643.83	0.0224938
5641.91	0.0225173
5639.98	0.0225294
5638.05	0.022512
5636.12	0.0225503
5634.19	0.0225263
5632.27	0.0224351
5630.34	0.0225
5628.41	0.022496
5626.48	0.0224645
5624.55	0.0223754
5622.63	0.0222791
5620.7	0.0223176
5618.77	0.0224785
5616.84	0.0225496
5614.91	0.0225116
5612.99	0.0222986
5611.06	0.0221069
5609.13	0.0221942
5607.2	0.022269
5605.27	0.0223035
5603.35	0.0223011
5601.42	0.0222414
5599.49	0.0222498
5597.56	0.0221978
5595.63	0.0221433
5593.71	0.0222781
5591.78	0.0222672
5589.85	0.0221767
5587.92	0.022141
5585.99	0.0221788
5584.07	0.022111
5582.14	0.0220269
5580.21	0.0220753
5578.28	0.0221269
5576.35	0.0221133
5574.43	0.0220867
5572.5	0.0221496
5570.57	0.0222072
5568.64	0.0221563
5566.71	0.0222162
5564.79	0.0222569
5562.86	0.0221522
5560.93	0.0220866
5559	0.0220628
5557.07	0.0220118
5555.14	0.0220291
5553.22	0.0221277
5551.29	0.0220558
5549.36	0.0220449
5547.43	0.0219959
5545.5	0.0219888
5543.58	0.0220471
5541.65	0.0220492
5539.72	0.021991
5537.79	0.0219238
5535.86	0.0219942
5533.94	0.0220991
5532.01	0.022055
5530.08	0.0219439
5528.15	0.0219769
5526.22	0.0219953
5524.3	0.0219571
5522.37	0.021927
5520.44	0.0219603
5518.51	0.0219348
5516.58	0.0219379
5514.66	0.0220122
5512.73	0.0220281
5510.8	0.0218949
5508.87	0.0217967
5506.94	0.021811
5505.02	0.0218605
5503.09	0.0219133
5501.16	0.0218474
5499.23	0.0217938
5497.3	0.0219001
5495.38	0.0219563
5493.45	0.0218604
5491.52	0.0217848
5489.59	0.0216744
5487.66	0.0216821
5485.74	0.0217525
5483.81	0.0217782
5481.88	0.0217722
5479.95	0.0217777
5478.02	0.0217753
5476.1	0.0217397
5474.17	0.0216874
5472.24	0.02172
5470.31	0.0217222
5468.38	0.0217035
5466.46	0.0217127
5464.53	0.0216833
5462.6	0.0216735
5460.67	0.0216423
5458.74	0.0216179
5456.82	0.0216857
5454.89	0.0217114
5452.96	0.0216729
5451.03	0.0216087
5449.1	0.0215459
5447.17	0.0214687
5445.25	0.0214852
5443.32	0.0215418
5441.39	0.0215163
5439.46	0.0215322
5437.54	0.0215969
5435.61	0.0216018
5433.68	0.0216103
5431.75	0.0216409
5429.82	0.02162
5427.89	0.0215055
5425.97	0.0214978
5424.04	0.021512
5422.11	0.0214044
5420.18	0.0214441
5418.25	0.021474
5416.33	0.0214344
5414.4	0.0214284
5412.47	0.0214767
5410.54	0.0214376
5408.61	0.0214025
5406.69	0.0214049
5404.76	0.021402
5402.83	0.0213555
5400.9	0.0213159
5398.97	0.0213741
5397.05	0.0213765
5395.12	0.0213201
5393.19	0.0212924
5391.26	0.0213186
5389.33	0.0213843
5387.41	0.0213967
5385.48	0.0213105
5383.55	0.0212758
5381.62	0.0213079
5379.69	0.0212502
5377.77	0.0211829
5375.84	0.0212808
5373.91	0.021351
5371.98	0.0214246
5370.05	0.0213222
5368.13	0.0211622
5366.2	0.0211471
5364.27	0.0212332
5362.34	0.0213139
5360.41	0.0212721
5358.49	0.0211442
5356.56	0.021152
5354.63	0.0212638
5352.7	0.0212396
5350.77	0.0211676
5348.85	0.0211731
5346.92	0.0211235
5344.99	0.0210873
5343.06	0.0210315
5341.13	0.0210728
5339.21	0.0210828
5337.28	0.0211008
5335.35	0.0211944
5333.42	0.0212292
5331.49	0.0211949
5329.56	0.0210778
5327.64	0.0210125
5325.71	0.0210054
5323.78	0.0210551
5321.85	0.0210073
5319.92	0.0210138
5318	0.0211079
5316.07	0.0211063
5314.14	0.0210558
5312.21	0.0210769
5310.28	0.0210106
5308.36	0.0208785
5306.43	0.0208989
5304.5	0.0209743
5302.57	0.0210538
5300.64	0.0210389
5298.72	0.0209899
5296.79	0.0209376
5294.86	0.0209036
5292.93	0.0209571
5291	0.0209535
5289.08	0.0210021
5287.15	0.0209651
5285.22	0.0208815
5283.29	0.0209097
5281.36	0.0209741
5279.44	0.0209769
5277.51	0.0209761
5275.58	0.0209489
5273.65	0.0209442
5271.72	0.0209444
5269.8	0.0208656
5267.87	0.0208159
5265.94	0.0207891
5264.01	0.0208791
5262.08	0.0209091
5260.16	0.0208121
5258.23	0.0207601
5256.3	0.0207294
5254.37	0.0207272
5252.44	0.0208036
5250.52	0.0208615
5248.59	0.0208377
5246.66	0.0207145
5244.73	0.0206302
5242.8	0.0206129
5240.88	0.0205667
5238.95	0.0206223
5237.02	0.020673
5235.09	0.0207485
5233.16	0.0208083
5231.24	0.0208777
5229.31	0.0208304
5227.38	0.0207181
5225.45	0.0206802
5223.52	0.0206951
5221.6	0.020732
5219.67	0.0207514
5217.74	0.0207037
5215.81	0.0206808
5213.88	0.0206661
5211.96	0.0205856
5210.03	0.0205938
5208.1	0.020671
5206.17	0.0206573
5204.24	0.0205626
5202.31	0.0204831
5200.39	0.0205051
5198.46	0.02057
5196.53	0.0206571
5194.6	0.0206257
5192.67	0.0205106
5190.75	0.0205044
5188.82	0.0204878
5186.89	0.0204401
5184.96	0.0204112
5183.03	0.0204059
5181.11	0.020539
5179.18	0.0206065
5177.25	0.0205651
5175.32	0.020545
5173.39	0.0204787
5171.47	0.0204439
5169.54	0.0205158
5167.61	0.0205286
5165.68	0.0204991
5163.75	0.0204196
5161.83	0.0203584
5159.9	0.0204741
5157.97	0.0204589
5156.04	0.0203788
5154.11	0.0203491
5152.19	0.0202827
5150.26	0.0203335
5148.33	0.0203313
5146.4	0.0202928
5144.47	0.0203131
5142.55	0.0203604
5140.62	0.0203126
5138.69	0.0203206
5136.76	0.0203798
5134.83	0.0203923
5132.91	0.0203243
5130.98	0.0202777
5129.05	0.0203674
5127.12	0.020358
5125.19	0.0202843
5123.27	0.0202836
5121.34	0.0203592
5119.41	0.0203749
5117.48	0.0202827
5115.55	0.0201842
5113.62	0.0201948
5111.7	0.0201486
5109.77	0.0200821
5107.84	0.0200796
5105.91	0.0201287
5103.99	0.0201671
5102.06	0.0201622
5100.13	0.0201842
5098.2	0.0201542
5096.27	0.0201105
5094.34	0.0201753
5092.42	0.0201585
5090.49	0.0201516
5088.56	0.02024
5086.63	0.0202066
5084.71	0.0201955
5082.78	0.0201461
5080.85	0.0200311
5078.92	0.0199784
5076.99	0.0199781
5075.06	0.0200193
5073.14	0.0200315
5071.21	0.0199163
5069.28	0.0198867
5067.35	0.0199893
5065.42	0.0201
5063.5	0.0200771
5061.57	0.0200369
5059.64	0.0199894
5057.71	0.0199111
5055.78	0.0199685
5053.86	0.0199297
5051.93	0.0198185
5050	0.0198682
5048.07	0.0198375
5046.14	0.0197995
5044.22	0.0198333
5042.29	0.0199117
5040.36	0.0199733
5038.43	0.0199779
5036.5	0.0199526
5034.58	0.0199411
5032.65	0.0198927
5030.72	0.0197941
5028.79	0.0198555
5026.86	0.0199144
5024.94	0.0199151
5023.01	0.0198944
5021.08	0.0198674
5019.15	0.0198278
5017.22	0.0197909
5015.3	0.0198508
5013.37	0.0198457
5011.44	0.0197927
5009.51	0.0197378
5007.58	0.0197184
5005.66	0.0197846
5003.73	0.0198108
5001.8	0.0197766
4999.87	0.0198416
4997.94	0.0198761
4996.02	0.0198744
4994.09	0.0197423
4992.16	0.0196481
4990.23	0.0196495
4988.3	0.019724
4986.38	0.0197684
4984.45	0.0197154
4982.52	0.0196023
4980.59	0.0195876
4978.66	0.019627
4976.73	0.0196415
4974.81	0.0196886
4972.88	0.0195887
4970.95	0.0194808
4969.02	0.0194693
4967.09	0.0195146
4965.17	0.0195448
4963.24	0.0196045
4961.31	0.0196349
4959.38	0.0195922
4957.45	0.0196248
4955.53	0.019689
4953.6	0.0197254
4951.67	0.019726
4949.74	0.0197241
4947.81	0.01965
4945.89	0.0195173
4943.96	0.0194693
4942.03	0.0194966
4940.1	0.0194616
4938.17	0.0194909
4936.25	0.0194788
4934.32	0.019412
4932.39	0.0195036
4930.46	0.019525
4928.53	0.0194253
4926.61	0.0193994
4924.68	0.0194743
4922.75	0.0194412
4920.82	0.0193662
4918.89	0.0193532
4916.97	0.0193362
4915.04	0.019415
4913.11	0.019462
4911.18	0.0193877
4909.25	0.0193856
4907.33	0.0193561
4905.4	0.0193037
4903.47	0.0193235
4901.54	0.0193894
4899.61	0.0193889
4897.69	0.0193445
4895.76	0.0193343
4893.83	0.0193446
4891.9	0.0193125
4889.97	0.0193311
4888.05	0.019344
4886.12	0.0193219
4884.19	0.0192961
4882.26	0.019197
4880.33	0.0191812
4878.41	0.0193772
4876.48	0.0194039
4874.55	0.0193188
4872.62	0.0192531
4870.69	0.0191389
4868.77	0.0191934
4866.84	0.0192809
4864.91	0.0192321
4862.98	0.0191593
4861.05	0.0191456
4859.12	0.0191739
4857.2	0.0192215
4855.27	0.0192206
4853.34	0.0191652
4851.41	0.0191792
4849.48	0.0191379
4847.56	0.019219
4845.63	0.0192484
4843.7	0.0191784
4841.77	0.0191829
4839.84	0.0191427
4837.92	0.0190652
4835.99	0.0189832
4834.06	0.0190007
4832.13	0.0190297
4830.2	0.019075
4828.28	0.0191027
4826.35	0.0191353
4824.42	0.0191468
4822.49	0.0191139
4820.56	0.0190628
4818.64	0.0190627
4816.71	0.019014
4814.78	0.0189098
4812.85	0.0189556
4810.92	0.0189816
4809	0.0189697
4807.07	0.0189983
4805.14	0.0190332
4803.21	0.0190108
4801.28	0.0190549
4799.36	0.0190331
4797.43	0.0189608
4795.5	0.018914
4793.57	0.0189564
4791.64	0.0190302
4789.72	0.0190198
4787.79	0.0189964
4785.86	0.0189029
4783.93	0.0189032
4782	0.0189305
4780.08	0.0189108
4778.15	0.018888
4776.22	0.0188811
4774.29	0.0188326
4772.36	0.0187735
4770.44	0.0187678
4768.51	0.0188204
4766.58	0.0188492
4764.65	0.0188422
4762.72	0.0187541
4760.79	0.0186608
4758.87	0.0187375
4756.94	0.0188627
4755.01	0.0188904
4753.08	0.0188485
4751.16	0.0187601
4749.23	0.0187783
4747.3	0.018859
4745.37	0.0189108
4743.44	0.0189064
4741.51	0.0187838
4739.59	0.0186617
4737.66	0.0186466
4735.73	0.0187231
4733.8	0.0187119
4731.88	0.0186611
4729.95	0.0187066
4728.02	0.0187608
4726.09	0.0187168
4724.16	0.0187275
4722.23	0.0186626
4720.31	0.0185217
4718.38	0.0185042
4716.45	0.0186607
4714.52	0.018758
4712.59	0.0187132
4710.67	0.0186466
4708.74	0.0186349
4706.81	0.0186965
4704.88	0.0186099
4702.95	0.0186479
4701.03	0.0186557
4699.1	0.0186036
4697.17	0.0186676
4695.24	0.0186566
4693.31	0.0186421
4691.39	0.0185586
4689.46	0.018475
4687.53	0.0184624
4685.6	0.0185138
4683.67	0.018512
4681.75	0.0185229
4679.82	0.0185902
4677.89	0.0185736
4675.96	0.0184372
4674.03	0.0184186
4672.11	0.0184694
4670.18	0.0184641
4668.25	0.0184209
4666.32	0.0184259
4664.39	0.0185601
4662.47	0.0185758
4660.54	0.0184169
4658.61	0.0183597
4656.68	0.0184387
4654.75	0.0183964
4652.83	0.0183044
4650.9	0.0183348
4648.97	0.0183816
4647.04	0.0183648
4645.11	0.0183792
4643.19	0.0184501
4641.26	0.0184109
4639.33	0.0183463
4637.4	0.0183641
4635.47	0.0183553
4633.54	0.0182615
4631.62	0.0181787
4629.69	0.0181348
4627.76	0.0181078
4625.83	0.0182179
4623.9	0.0182891
4621.98	0.0182353
4620.05	0.0182485
4618.12	0.0182265
4616.19	0.018199
4614.26	0.0181638
4612.34	0.0181868
4610.41	0.0182188
4608.48	0.01816
4606.55	0.018103
4604.62	0.0181144
4602.7	0.0181371
4600.77	0.0181648
4598.84	0.0182022
4596.91	0.0182485
4594.98	0.018251
4593.06	0.0182574
4591.13	0.0182368
4589.2	0.0181618
4587.27	0.0181296
4585.34	0.0181101
4583.42	0.0180829
4581.49	0.0180374
4579.56	0.0180236
4577.63	0.0180619
4575.7	0.0180752
4573.78	0.0180474
4571.85	0.018003
4569.92	0.0180146
4567.99	0.0180715
4566.06	0.0180799
4564.14	0.0180305
4562.21	0.0180047
4560.28	0.0179893
4558.35	0.0180201
4556.42	0.018047
4554.5	0.0180407
4552.57	0.0180623
4550.64	0.0180635
4548.71	0.018031
4546.78	0.0180021
4544.86	0.017993
4542.93	0.0179974
4541	0.0180116
4539.07	0.0179386
4537.14	0.0178738
4535.22	0.0178963
4533.29	0.0179442
4531.36	0.0179556
4529.43	0.0179523
4527.5	0.0179557
4525.58	0.0180105
4523.65	0.0179048
4521.72	0.0178684
4519.79	0.0179157
4517.86	0.0179187
4515.94	0.0180091
4514.01	0.0180747
4512.08	0.0179521
4510.15	0.0178615
4508.22	0.0179102
4506.29	0.0179201
4504.37	0.0177985
4502.44	0.0176401
4500.51	0.0176674
4498.58	0.0177343
4496.65	0.0177102
4494.73	0.017783
4492.8	0.0178706
4490.87	0.0177878
4488.94	0.0177665
4487.01	0.0177763
4485.09	0.0178182
4483.16	0.0178251
4481.23	0.0177588
4479.3	0.0176555
4477.37	0.0176168
4475.45	0.0176879
4473.52	0.0176841
4471.59	0.0176266
4469.66	0.0176273
4467.73	0.0176772
4465.81	0.0176991
4463.88	0.0177355
4461.95	0.0177836
4460.02	0.0177718
4458.09	0.0177797
4456.17	0.0176911
4454.24	0.017588
4452.31	0.0176514
4450.38	0.0176277
4448.45	0.0176274
4446.53	0.0176973
4444.6	0.0176701
4442.67	0.017605
4440.74	0.0176388
4438.81	0.0177467
4436.89	0.01777
4434.96	0.0176669
4433.03	0.0176559
4431.1	0.0176682
4429.17	0.0176167
4427.25	0.0175999
4425.32	0.0176327
4423.39	0.0176241
4421.46	0.0175384
4419.53	0.0175248
4417.61	0.0175979
4415.68	0.0176796
4413.75	0.0176158
4411.82	0.0176043
4409.89	0.0176166
4407.96	0.017592
4406.04	0.0175793
4404.11	0.0175344
4402.18	0.0174825
4400.25	0.0174627
4398.33	0.0174627
4396.4	0.0174761
4394.47	0.0175013
4392.54	0.0175148
4390.61	0.0174602
4388.68	0.0174097
4386.76	0.0174585
4384.83	0.0174663
4382.9	0.0173853
4380.97	0.0173522
4379.04	0.0173674
4377.12	0.0173873
4375.19	0.0174723
4373.26	0.017524
4371.33	0.0174125
4369.4	0.0173802
4367.48	0.0174656
4365.55	0.0174228
4363.62	0.0173049
4361.69	0.0172604
4359.76	0.0173443
4357.84	0.0173572
4355.91	0.0173012
4353.98	0.0173727
4352.05	0.0173743
4350.12	0.0173484
4348.2	0.0174437
4346.27	0.0174132
4344.34	0.0172894
4342.41	0.0173292
4340.48	0.0174029
4338.56	0.0174675
4336.63	0.0174305
4334.7	0.0174143
4332.77	0.0173165
4330.84	0.0172078
4328.92	0.0172628
4326.99	0.0173278
4325.06	0.0173095
4323.13	0.0173055
4321.2	0.0172991
4319.28	0.0171822
4317.35	0.0171413
4315.42	0.0171711
4313.49	0.0172447
4311.56	0.0172809
4309.64	0.0172721
4307.71	0.0172613
4305.78	0.0172415
4303.85	0.0172033
4301.92	0.0172198
4300	0.017256
4298.07	0.0171666
4296.14	0.0169929
4294.21	0.0169856
4292.28	0.0170969
4290.35	0.0171129
4288.43	0.0170782
4286.5	0.0170294
4284.57	0.0169961
4282.64	0.0170638
4280.71	0.0170736
4278.79	0.0170887
4276.86	0.0170885
4274.93	0.0171873
4273	0.0172015
4271.07	0.0169843
4269.15	0.0168823
4267.22	0.0170002
4265.29	0.0170463
4263.36	0.0169759
4261.43	0.0169898
4259.51	0.0170487
4257.58	0.0170842
4255.65	0.0170678
4253.72	0.0169066
4251.79	0.0168465
4249.87	0.0169389
4247.94	0.0169829
4246.01	0.0170012
4244.08	0.01706
4242.15	0.0171088
4240.23	0.0170261
4238.3	0.0168569
4236.37	0.0168811
4234.44	0.0169776
4232.51	0.0170304
4230.59	0.0169832
4228.66	0.0169559
4226.73	0.0168553
4224.8	0.0167628
4222.87	0.0167871
4220.95	0.0168072
4219.02	0.0167605
4217.09	0.0167917
4215.16	0.016874
4213.23	0.0168433
4211.31	0.0168166
4209.38	0.0167688
4207.45	0.016762
4205.52	0.0168823
4203.59	0.0169033
4201.67	0.0168632
4199.74	0.0168725
4197.81	0.0168671
4195.88	0.0167917
4193.95	0.0167814
4192.03	0.0167343
4190.1	0.0167085
4188.17	0.0167791
4186.24	0.0168802
4184.31	0.0167625
4182.39	0.0166518
4180.46	0.0166981
4178.53	0.0167714
4176.6	0.0167906
4174.67	0.0167438
4172.75	0.0167639
4170.82	0.0167803
4168.89	0.016728
4166.96	0.0167745
4165.03	0.0167597
4163.1	0.0167732
4161.18	0.0167729
4159.25	0.0167491
4157.32	0.0167522
4155.39	0.0167018
4153.46	0.0166571
4151.54	0.0166837
4149.61	0.0167259
4147.68	0.0167231
4145.75	0.0167682
4143.82	0.0167566
4141.9	0.0167295
4139.97	0.0167009
4138.04	0.0165677
4136.11	0.0164701
4134.18	0.0165817
4132.26	0.0166319
4130.33	0.0165469
4128.4	0.0165043
4126.47	0.0165005
4124.54	0.01649
4122.62	0.0165115
4120.69	0.0165128
4118.76	0.016564
4116.83	0.0166372
4114.9	0.0165731
4112.98	0.0164299
4111.05	0.0164133
4109.12	0.0164699
4107.19	0.0164698
4105.26	0.016496
4103.34	0.0165243
4101.41	0.0164937
4099.48	0.0164158
4097.55	0.016403
4095.62	0.0165278
4093.7	0.016585
4091.77	0.0165319
4089.84	0.0165058
4087.91	0.0165936
4085.98	0.0165964
4084.06	0.0164647
4082.13	0.016373
4080.2	0.016465
4078.27	0.0165184
4076.34	0.0164863
4074.42	0.0164566
4072.49	0.0164259
4070.56	0.0164364
4068.63	0.0164778
4066.7	0.0164232
4064.78	0.0164048
4062.85	0.0164393
4060.92	0.0163684
4058.99	0.016277
4057.06	0.0163639
4055.14	0.0164544
4053.21	0.016424
4051.28	0.0163836
4049.35	0.0163556
4047.42	0.0163685
4045.5	0.0162723
4043.57	0.0161544
4041.64	0.0161595
4039.71	0.0162617
4037.78	0.0163335
4035.85	0.016309
4033.93	0.0163427
4032	0.0163641
4030.07	0.0163303
4028.14	0.0163627
4026.21	0.0163723
4024.29	0.0163279
4022.36	0.0163349
4020.43	0.0163409
4018.5	0.0162528
4016.57	0.0161922
4014.65	0.0162608
4012.72	0.0162625
4010.79	0.016179
4008.86	0.0161077
4006.93	0.0161009
4005.01	0.0161083
4003.08	0.0162047
4001.15	0.0162469
3999.22	0.0161828
3997.29	0.0161604
3995.37	0.0161478
3993.44	0.0161818
3991.51	0.0161662
3989.58	0.0161793
3987.65	0.0162326
3985.73	0.016154
3983.8	0.0160199
3981.87	0.0160458
3979.94	0.0160907
3978.01	0.0161349
3976.09	0.016081
3974.16	0.0160659
3972.23	0.0161452
3970.3	0.0160783
3968.37	0.0160251
3966.45	0.0159818
3964.52	0.0159538
3962.59	0.015953
3960.66	0.015927
3958.73	0.0159954
3956.81	0.0160158
3954.88	0.0160246
3952.95	0.0160914
3951.02	0.0160683
3949.09	0.0159915
3947.17	0.0159982
3945.24	0.0159276
3943.31	0.0159234
3941.38	0.015924
3939.45	0.0159526
3937.53	0.0160071
3935.6	0.0160622
3933.67	0.0160247
3931.74	0.0159642
3929.81	0.015921
3927.88	0.0159324
3925.96	0.0159484
3924.03	0.0159258
3922.1	0.0159412
3920.17	0.0159757
3918.24	0.0159393
3916.32	0.0159433
3914.39	0.0159645
3912.46	0.0159613
3910.53	0.015888
3908.6	0.0158902
3906.68	0.0158969
3904.75	0.0158822
3902.82	0.0158948
3900.89	0.0158612
3898.96	0.0158153
3897.04	0.0156857
3895.11	0.0156712
3893.18	0.0157321
3891.25	0.015857
3889.32	0.0159911
3887.4	0.0159373
3885.47	0.0158739
3883.54	0.0157851
3881.61	0.015797
3879.68	0.0159141
3877.76	0.0159749
3875.83	0.0158646
3873.9	0.0157899
3871.97	0.0157623
3870.04	0.0158389
3868.12	0.0158622
3866.19	0.0157371
3864.26	0.0157269
3862.33	0.0157077
3860.4	0.0156648
3858.48	0.0156714
3856.55	0.0155054
3854.62	0.0154587
3852.69	0.015639
3850.76	0.0157487
3848.84	0.0157814
3846.91	0.0157339
3844.98	0.0157601
3843.05	0.0157564
3841.12	0.0157315
3839.2	0.0156407
3837.27	0.0156149
3835.34	0.0156285
3833.41	0.0156155
3831.48	0.0156205
3829.56	0.0156351
3827.63	0.0156154
3825.7	0.0155267
3823.77	0.0155947
3821.84	0.0156762
3819.92	0.0155871
3817.99	0.0155468
3816.06	0.015588
3814.13	0.0156262
3812.2	0.015629
3810.27	0.0155784
3808.35	0.0155129
3806.42	0.0154704
3804.49	0.0154715
3802.56	0.0154889
3800.64	0.0155937
3798.71	0.0156888
3796.78	0.0156871
3794.85	0.0156324
3792.92	0.0154719
3790.99	0.0154038
3789.07	0.0155123
3787.14	0.0155757
3785.21	0.0155857
3783.28	0.0155723
3781.35	0.0155035
3779.43	0.0155194
3777.5	0.0155879
3775.57	0.015625
3773.64	0.0155678
3771.71	0.0155902
3769.79	0.0156087
3767.86	0.0155736
3765.93	0.0155144
3764	0.0155111
3762.07	0.01544
3760.15	0.0153102
3758.22	0.0152975
3756.29	0.0153258
3754.36	0.0153531
3752.43	0.0152863
3750.51	0.0152387
3748.58	0.0152958
3746.65	0.015253
3744.72	0.015308
3742.79	0.0154823
3740.87	0.0154326
3738.94	0.0152249
3737.01	0.0152095
3735.08	0.0153142
3733.15	0.0153802
3731.23	0.0153525
3729.3	0.0152062
3727.37	0.0151744
3725.44	0.0152975
3723.51	0.0153835
3721.59	0.0152277
3719.66	0.0151118
3717.73	0.015065
3715.8	0.0149783
3713.87	0.0149163
3711.95	0.0148933
3710.02	0.0150924
3708.09	0.0152376
3706.16	0.014994
3704.23	0.0148072
3702.31	0.0148759
3700.38	0.0150011
3698.45	0.0150375
3696.52	0.015028
3694.59	0.0151048
3692.67	0.0151556
3690.74	0.0150749
3688.81	0.0149929
3686.88	0.0151321
3684.95	0.0152972
3683.02	0.0152833
3681.1	0.0152032
3679.17	0.0152791
3677.24	0.0153027
3675.31	0.0152946
3673.38	0.0152873
3671.46	0.0151895
3669.53	0.015142
3667.6	0.0151761
3665.67	0.0152154
3663.74	0.0153078
3661.82	0.0153068
3659.89	0.0152828
3657.96	0.0152397
3656.03	0.0152045
3654.1	0.0152647
3652.18	0.0151859
3650.25	0.0150005
3648.32	0.0149072
3646.39	0.0149664
3644.46	0.0150228
3642.54	0.0149599
3640.61	0.0150113
3638.68	0.0150563
3636.75	0.0149902
3634.82	0.0150677
3632.9	0.0149763
3630.97	0.0148016
3629.04	0.0149997
3627.11	0.0152261
3625.18	0.0152755
3623.26	0.0152677
3621.33	0.015236
3619.4	0.0151798
3617.47	0.0151876
3615.54	0.0151667
3613.62	0.0150778
3611.69	0.0149814
3609.76	0.0149008
3607.83	0.0149014
3605.9	0.0149315
3603.98	0.0150052
3602.05	0.0150474
3600.12	0.0150205
3598.19	0.014954
3596.26	0.0148994
3594.34	0.0149097
3592.41	0.015008
3590.48	0.0150735
3588.55	0.0150607
3586.62	0.0148517
3584.7	0.0148037
3582.77	0.0150429
3580.84	0.0150864
3578.91	0.0149621
3576.98	0.0149656
3575.05	0.0150057
3573.13	0.0149908
3571.2	0.0150288
3569.27	0.0149722
3567.34	0.0149264
3565.42	0.014964
3563.49	0.0149203
3561.56	0.0149983
3559.63	0.0149904
3557.7	0.0150347
3555.77	0.0151027
3553.85	0.0150686
3551.92	0.0149169
3549.99	0.0148149
3548.06	0.0149048
3546.13	0.0150493
3544.21	0.0151034
3542.28	0.0150922
3540.35	0.0150512
3538.42	0.0151607
3536.49	0.0151938
3534.57	0.0152749
3532.64	0.0153237
3530.71	0.0153926
3528.78	0.0155293
3526.85	0.0154979
3524.93	0.0154441
3523	0.0153626
3521.07	0.0153028
3519.14	0.0152928
3517.21	0.0153806
3515.29	0.0154009
3513.36	0.0153018
3511.43	0.0153074
3509.5	0.0154056
3507.57	0.0154164
3505.65	0.0152682
3503.72	0.0151678
3501.79	0.015084
3499.86	0.0149885
3497.93	0.0150279
3496.01	0.0150325
3494.08	0.0150716
3492.15	0.0150385
3490.22	0.0150889
3488.29	0.0151358
3486.37	0.0151362
3484.44	0.0152962
3482.51	0.0153227
3480.58	0.0151525
3478.65	0.0150629
3476.73	0.0151519
3474.8	0.015248
3472.87	0.0151949
3470.94	0.0151593
3469.01	0.0152411
3467.09	0.0153559
3465.16	0.0152892
3463.23	0.0152193
3461.3	0.0152408
3459.37	0.0152504
3457.44	0.0151892
3455.52	0.0152428
3453.59	0.0152513
3451.66	0.0152009
3449.73	0.0152661
3447.81	0.0153481
3445.88	0.0153785
3443.95	0.0152972
3442.02	0.0153841
3440.09	0.0154193
3438.16	0.0154461
3436.24	0.0154516
3434.31	0.0153834
3432.38	0.0153533
3430.45	0.0153774
3428.52	0.01534
3426.6	0.0153082
3424.67	0.0153259
3422.74	0.0152577
3420.81	0.0153024
3418.88	0.0154041
3416.96	0.0153677
3415.03	0.0153653
3413.1	0.0152808
3411.17	0.0152258
3409.24	0.0153287
3407.32	0.015232
3405.39	0.0150988
3403.46	0.0151373
3401.53	0.0151776
3399.6	0.0151432
3397.68	0.0151298
3395.75	0.0150343
3393.82	0.0150828
3391.89	0.0151992
3389.96	0.0151893
3388.04	0.0151555
3386.11	0.0151229
3384.18	0.0151317
3382.25	0.0151098
3380.32	0.0150078
3378.4	0.0150523
3376.47	0.0150766
3374.54	0.0150074
3372.61	0.0149586
3370.68	0.0149775
3368.76	0.0150818
3366.83	0.0152258
3364.9	0.0152957
3362.97	0.0153229
3361.04	0.0152407
3359.12	0.0151857
3357.19	0.0151826
3355.26	0.0150848
3353.33	0.0151421
3351.4	0.0151034
3349.48	0.0149854
3347.55	0.0149662
3345.62	0.0149288
3343.69	0.0147993
3341.76	0.0147581
3339.83	0.0148084
3337.91	0.0147981
3335.98	0.0148501
3334.05	0.0149481
3332.12	0.0148305
3330.19	0.014722
3328.27	0.0147795
3326.34	0.0146861
3324.41	0.014713
3322.48	0.0147159
3320.55	0.0146788
3318.63	0.0147512
3316.7	0.0147809
3314.77	0.0148073
3312.84	0.0147963
3310.91	0.0147
3308.99	0.0146953
3307.06	0.0147633
3305.13	0.0147711
3303.2	0.0147415
3301.27	0.0147981
3299.35	0.0147167
3297.42	0.0147361
3295.49	0.0148024
3293.56	0.0146184
3291.63	0.0144871
3289.71	0.0145719
3287.78	0.0146198
3285.85	0.014609
3283.92	0.0147125
3281.99	0.0147177
3280.07	0.0147113
3278.14	0.0147012
3276.21	0.0146453
3274.28	0.0146884
3272.35	0.0147634
3270.43	0.0146627
3268.5	0.014598
3266.57	0.0147234
3264.64	0.0148533
3262.71	0.0147101
3260.79	0.0145963
3258.86	0.0146325
3256.93	0.0145041
3255	0.0143609
3253.07	0.0146459
3251.15	0.0149241
3249.22	0.0147622
3247.29	0.0146687
3245.36	0.0146598
3243.43	0.0145569
3241.51	0.0144634
3239.58	0.0145071
3237.65	0.0144259
3235.72	0.0144625
3233.79	0.0146637
3231.87	0.0146523
3229.94	0.0145499
3228.01	0.0146325
3226.08	0.0145863
3224.15	0.0145109
3222.22	0.01447
3220.3	0.014515
3218.37	0.0145929
3216.44	0.014512
3214.51	0.014511
3212.58	0.0145448
3210.66	0.0144408
3208.73	0.0143436
3206.8	0.0143069
3204.87	0.0143446
3202.94	0.0144547
3201.02	0.0145274
3199.09	0.0146232
3197.16	0.0145164
3195.23	0.0144918
3193.3	0.0145293
3191.38	0.014432
3189.45	0.0144094
3187.52	0.014415
3185.59	0.0143762
3183.66	0.0144968
3181.74	0.0145615
3179.81	0.0144267
3177.88	0.0144536
3175.95	0.0145291
3174.02	0.0145677
3172.1	0.0145956
3170.17	0.0145035
3168.24	0.0142371
3166.31	0.0142952
3164.38	0.0143573
3162.46	0.014252
3160.53	0.0142042
3158.6	0.0143001
3156.67	0.0142631
3154.74	0.0142632
3152.82	0.0142184
3150.89	0.0142144
3148.96	0.0144141
3147.03	0.0144674
3145.1	0.0143317
3143.18	0.0143098
3141.25	0.0143126
3139.32	0.0142321
3137.39	0.0142614
3135.46	0.0142632
3133.54	0.0141971
3131.61	0.0141734
3129.68	0.0141939
3127.75	0.0142829
3125.82	0.0142142
3123.9	0.0141996
3121.97	0.0143492
3120.04	0.0143235
3118.11	0.0141802
3116.18	0.0141011
3114.26	0.0142414
3112.33	0.01438
3110.4	0.0143554
3108.47	0.0143964
3106.54	0.0142955
3104.61	0.0141392
3102.69	0.0142476
3100.76	0.0143347
3098.83	0.0143035
3096.9	0.0143077
3094.98	0.0142929
3093.05	0.0141638
3091.12	0.0140671
3089.19	0.0140566
3087.26	0.0140413
3085.33	0.0140439
3083.41	0.0140689
3081.48	0.0141566
3079.55	0.0142417
3077.62	0.0142754
3075.69	0.0142341
3073.77	0.0141794
3071.84	0.0141363
3069.91	0.0141175
3067.98	0.0141125
3066.05	0.0140874
3064.13	0.0140296
3062.2	0.0140616
3060.27	0.0143075
3058.34	0.0143645
3056.41	0.0142561
3054.49	0.0141216
3052.56	0.0141298
3050.63	0.0140799
3048.7	0.0140591
3046.77	0.014187
3044.85	0.0142346
3042.92	0.0141436
3040.99	0.0140494
3039.06	0.0139775
3037.13	0.0140996
3035.21	0.0140881
3033.28	0.0140554
3031.35	0.014077
3029.42	0.0139456
3027.49	0.0139585
3025.57	0.0140939
3023.64	0.0140375
3021.71	0.0140168
3019.78	0.0138983
3017.85	0.0137638
3015.93	0.0137894
3014	0.0139859
3012.07	0.0140844
3010.14	0.0139563
3008.21	0.0139086
3006.29	0.0138936
3004.36	0.0139738
3002.43	0.0141833
3000.5	0.0141987
2998.57	0.0141282
2996.65	0.01408
2994.72	0.014001
2992.79	0.0140155
2990.86	0.0140431
2988.93	0.0140125
2987	0.0140171
2985.08	0.0141468
2983.15	0.0141598
2981.22	0.0140947
2979.29	0.0140288
2977.36	0.0141186
2975.44	0.0142593
2973.51	0.0142385
2971.58	0.0142678
2969.65	0.0144229
2967.72	0.0144314
2965.8	0.0144893
2963.87	0.0146659
2961.94	0.0146404
2960.01	0.0145576
2958.08	0.0144263
2956.16	0.0142373
2954.23	0.014128
2952.3	0.0142335
2950.37	0.0142572
2948.44	0.0141204
2946.52	0.0140074
2944.59	0.0140899
2942.66	0.0141425
2940.73	0.0140973
2938.8	0.0141662
2936.88	0.0140976
2934.95	0.0139427
2933.02	0.0138745
2931.09	0.0139656
2929.16	0.0139147
2927.24	0.0139588
2925.31	0.0141699
2923.38	0.0140908
2921.45	0.0139056
2919.52	0.0141214
2917.6	0.014097
2915.67	0.0138681
2913.74	0.0137387
2911.81	0.0137307
2909.88	0.0137246
2907.96	0.0138528
2906.03	0.013902
2904.1	0.0138405
2902.17	0.0138788
2900.24	0.0139371
2898.32	0.0140279
2896.39	0.01406
2894.46	0.0140377
2892.53	0.0140005
2890.6	0.0139407
2888.68	0.0140038
2886.75	0.0139075
2884.82	0.0138702
2882.89	0.0138416
2880.96	0.0137402
2879.04	0.0136587
2877.11	0.0136556
2875.18	0.013755
2873.25	0.0138779
2871.32	0.0138084
2869.39	0.0137039
2867.47	0.0137621
2865.54	0.0138422
2863.61	0.0137956
2861.68	0.0136534
2859.75	0.013568
2857.83	0.0136113
2855.9	0.0137336
2853.97	0.0138403
2852.04	0.0138045
2850.11	0.0137452
2848.19	0.0135584
2846.26	0.0134959
2844.33	0.0136035
2842.4	0.0135634
2840.47	0.0135937
2838.55	0.0136846
2836.62	0.0135357
2834.69	0.0135201
2832.76	0.0137046
2830.83	0.0137636
2828.91	0.013607
2826.98	0.0137132
2825.05	0.0137976
2823.12	0.0135614
2821.19	0.0136065
2819.27	0.0137881
2817.34	0.0137905
2815.41	0.0136656
2813.48	0.013636
2811.55	0.0136313
2809.63	0.0136032
2807.7	0.01365
2805.77	0.0135378
2803.84	0.0135084
2801.91	0.0136931
2799.99	0.0137855
2798.06	0.0139656
2796.13	0.0139085
2794.2	0.0137235
2792.27	0.0134396
2790.35	0.013242
2788.42	0.0134328
2786.49	0.0135236
2784.56	0.0134747
2782.63	0.0135942
2780.71	0.0135692
2778.78	0.0134786
2776.85	0.0132554
2774.92	0.01331
2772.99	0.0135783
2771.06	0.0137367
2769.14	0.0137433
2767.21	0.0136567
2765.28	0.013553
2763.35	0.0134952
2761.43	0.0134525
2759.5	0.0134985
2757.57	0.0135175
2755.64	0.0133906
2753.71	0.0135155
2751.78	0.0134589
2749.86	0.0131164
2747.93	0.013264
2746	0.0134991
2744.07	0.0135549
2742.15	0.0133602
2740.22	0.0130587
2738.29	0.012937
2736.36	0.01314
2734.43	0.013246
2732.5	0.0132592
2730.58	0.0133408
2728.65	0.0133069
2726.72	0.0130901
2724.79	0.0130609
2722.86	0.0131522
2720.94	0.0131552
2719.01	0.0132273
2717.08	0.01322
2715.15	0.013295
2713.22	0.0133033
2711.3	0.013168
2709.37	0.0130681
2707.44	0.0131104
2705.51	0.0132506
2703.58	0.0132449
2701.66	0.0131277
2699.73	0.0129956
2697.8	0.0130372
2695.87	0.0131246
2693.94	0.0131912
2692.02	0.0132198
2690.09	0.0133359
2688.16	0.0133068
2686.23	0.0132891
2684.3	0.0134635
2682.38	0.0133268
2680.45	0.013224
2678.52	0.0133703
2676.59	0.0134685
2674.66	0.0132686
2672.74	0.0132342
2670.81	0.0135156
2668.88	0.013515
2666.95	0.0132855
2665.02	0.0132346
2663.1	0.0133508
2661.17	0.0132934
2659.24	0.0133721
2657.31	0.0136896
2655.38	0.0138137
2653.46	0.0136891
2651.53	0.0135235
2649.6	0.0134873
2647.67	0.0134943
2645.74	0.0134761
2643.81	0.0129823
2641.89	0.0129111
2639.96	0.0134778
2638.03	0.0133788
2636.1	0.0132549
2634.17	0.013393
2632.25	0.0130617
2630.32	0.0131386
2628.39	0.0134985
2626.46	0.0132294
2624.53	0.0130051
2622.61	0.013466
2620.68	0.013759
2618.75	0.0136345
2616.82	0.0135855
2614.89	0.013751
2612.97	0.0134681
2611.04	0.0133058
2609.11	0.0135274
2607.18	0.0135757
2605.25	0.0135017
2603.33	0.0134386
2601.4	0.0133084
2599.47	0.0133057
2597.54	0.0132446
2595.61	0.0133587
2593.69	0.0135957
2591.76	0.0136142
2589.83	0.0137003
2587.9	0.0138198
2585.97	0.0138843
2584.05	0.0136486
2582.12	0.0137038
2580.19	0.0136286
2578.26	0.013484
2576.33	0.0136144
2574.41	0.013353
2572.48	0.0132512
2570.55	0.0136782
2568.62	0.013774
2566.69	0.0134886
2564.77	0.0135006
2562.84	0.0140311
2560.91	0.0140529
2558.98	0.0136256
2557.05	0.0135519
2555.13	0.0136227
2553.2	0.013644
2551.27	0.0135728
2549.34	0.0136508
2547.41	0.0135055
2545.49	0.0134912
2543.56	0.0134502
2541.63	0.0132336
2539.7	0.0133972
2537.77	0.0137764
2535.85	0.0138091
2533.92	0.0138061
2531.99	0.0136772
2530.06	0.0132673
2528.13	0.0131202
2526.21	0.0131968
2524.28	0.0134025
2522.35	0.0137071
2520.42	0.0137292
2518.49	0.013574
2516.56	0.0135999
2514.64	0.0136474
2512.71	0.0133702
2510.78	0.0132867
2508.85	0.013359
2506.92	0.0135406
2505	0.0135657
2503.07	0.0131876
2501.14	0.0129343
2499.21	0.0131278
2497.28	0.0132571
2495.36	0.0132846
2493.43	0.013244
2491.5	0.0129586
2489.57	0.012784
2487.64	0.0128054
2485.72	0.0128682
2483.79	0.0128615
2481.86	0.0126545
2479.93	0.0126435
2478	0.0128867
2476.08	0.01274
2474.15	0.0126127
2472.22	0.0126328
2470.29	0.0125593
2468.36	0.0126758
2466.44	0.0127574
2464.51	0.012531
2462.58	0.0124062
2460.65	0.0125072
2458.72	0.0124746
2456.8	0.0124752
2454.87	0.0124185
2452.94	0.0123617
2451.01	0.0124349
2449.08	0.0123365
2447.16	0.0124547
2445.23	0.0121273
2443.3	0.0117235
2441.37	0.0120198
2439.44	0.0122159
2437.52	0.0118948
2435.59	0.0116673
2433.66	0.0117295
2431.73	0.0115772
2429.8	0.0117253
2427.88	0.0122132
2425.95	0.012245
2424.02	0.0117512
2422.09	0.0116905
2420.16	0.0118321
2418.24	0.0113756
2416.31	0.0113761
2414.38	0.0117229
2412.45	0.0114584
2410.52	0.0114374
2408.6	0.0116703
2406.67	0.0114943
2404.74	0.0114486
2402.81	0.0116927
2400.88	0.0115287
2398.95	0.0115209
2397.03	0.0116668
2395.1	0.0117005
2393.17	0.0119119
2391.24	0.0118065
2389.31	0.0109936
2387.39	0.0103579
2385.46	0.0104269
2383.53	0.011089
2381.6	0.0112823
2379.67	0.0113063
2377.75	0.0111915
2375.82	0.0110752
2373.89	0.0110197
2371.96	0.0104667
2370.03	0.0105475
2368.11	0.0106764
2366.18	0.0105144
2364.25	0.0103957
2362.32	0.0103956
2360.39	0.010241
2358.47	0.00999094
2356.54	0.0100783
2354.61	0.0104114
2352.68	0.0104358
2350.75	0.0102477
2348.83	0.0101725
2346.9	0.00987906
2344.97	0.0094894
2343.04	0.00898326
2341.11	0.00889846
2339.19	0.00958684
2337.26	0.00946556
2335.33	0.00876148
2333.4	0.00900609
2331.47	0.00968017
2329.55	0.00949543
2327.62	0.00920549
2325.69	0.00882539
2323.76	0.00814851
2321.83	0.00790624
2319.91	0.00809112
2317.98	0.00865016
2316.05	0.00888132
2314.12	0.00834738
2312.19	0.00768481
2310.27	0.00705975
2308.34	0.00671073
2306.41	0.00657073
2304.48	0.00630412
2302.55	0.00592228
2300.63	0.00612739
2298.7	0.00625366
2296.77	0.00617868
2294.84	0.00628412
2292.91	0.00666029
2290.98	0.00667987
2289.06	0.0064104
2287.13	0.00630275
2285.2	0.00639144
2283.27	0.0055872
2281.35	0.00498241
2279.42	0.00488626
2277.49	0.00501308
2275.56	0.00498093
2273.63	0.00480193
2271.7	0.00476126
2269.78	0.00429463
2267.85	0.00395695
2265.92	0.00478434
2263.99	0.00492145
2262.06	0.00423413
2260.14	0.00397701
2258.21	0.00344288
2256.28	0.00318513
2254.35	0.00304884
2252.42	0.00316707
2250.5	0.00358879
2248.57	0.00393879
2246.64	0.00411865
2244.71	0.00453054
2242.78	0.00388142
2240.86	0.00318476
2238.93	0.00380884
2237	0.00407663
2235.07	0.00403697
2233.14	0.00463116
2231.22	0.00505826
2229.29	0.00539794
2227.36	0.00522476
2225.43	0.00516528
2223.5	0.00596565
2221.58	0.00631458
2219.65	0.00581098
2217.72	0.00550739
2215.79	0.00527628
2213.86	0.0054016
2211.94	0.0053386
2210.01	0.00529147
2208.08	0.00545256
2206.15	0.00568216
2204.22	0.00515381
2202.3	0.0050415
2200.37	0.00540703
2198.44	0.00612434
2196.51	0.00644743
2194.58	0.00621961
2192.66	0.00626066
2190.73	0.00629431
2188.8	0.00605182
2186.87	0.00589837
2184.94	0.005804
2183.02	0.00571177
2181.09	0.00537855
2179.16	0.00523147
2177.23	0.00516819
2175.3	0.00567457
2173.38	0.00578543
2171.45	0.0049382
2169.52	0.00501432
2167.59	0.00567974
2165.66	0.00522466
2163.73	0.0049567
2161.81	0.00475188
2159.88	0.0045663
2157.95	0.00349332
2156.02	0.00260321
2154.09	0.00205506
2152.17	0.00177733
2150.24	0.00189805
2148.31	0.00256061
2146.38	0.00315292
2144.45	0.00193303
2142.53	0.000879572
2140.6	0.000138788
2138.67	-0.000495535
2136.74	-0.000384715
2134.81	3.87686e-05
2132.89	-0.000218332
2130.96	-0.00158799
2129.03	-0.00189698
2127.1	-0.00217988
2125.17	-0.00280756
2123.25	-0.00291553
2121.32	-0.00373802
2119.39	-0.00446553
2117.46	-0.004891
2115.53	-0.00543751
2113.61	-0.00585484
2111.68	-0.00583254
2109.75	-0.00722254
2107.82	-0.00977588
2105.89	-0.0118645
2103.97	-0.0135861
2102.04	-0.0138377
2100.11	-0.0143044
2098.18	-0.0160889
2096.25	-0.0178786
2094.33	-0.0183013
2092.4	-0.0191959
2090.47	-0.0219485
2088.54	-0.0227291
2086.61	-0.0221243
2084.69	-0.0240385
2082.76	-0.0260842
2080.83	-0.0277336
2078.9	-0.0297615
2076.97	-0.0299823
2075.05	-0.0295997
2073.12	-0.0287198
2071.19	-0.0279413
2069.26	-0.0288672
2067.33	-0.0320543
2065.41	-0.034236
2063.48	-0.0324862
2061.55	-0.0320065
2059.62	-0.0332484
2057.69	-0.0336026
2055.77	-0.034498
2053.84	-0.0370394
2051.91	-0.0383392
2049.98	-0.0373684
2048.05	-0.0354349
2046.12	-0.0337041
2044.2	-0.0333779
2042.27	-0.03397
2040.34	-0.0349216
2038.41	-0.0356337
2036.48	-0.0345802
2034.56	-0.0340232
2032.63	-0.0340406
2030.7	-0.0355085
2028.77	-0.035257
2026.84	-0.0340103
2024.92	-0.0352111
2022.99	-0.0347001
2021.06	-0.0338312
2019.13	-0.0351532
2017.2	-0.0356133
2015.28	-0.0357042
2013.35	-0.0356783
2011.42	-0.0352434
2009.49	-0.0354315
2007.56	-0.0338813
2005.64	-0.0338637
2003.71	-0.0343543
2001.78	-0.0339542
