mAHm0296.spa, Thu Nov 02 21:23:40 2006 (GMT-10:00)
7999.41	0.0119663
7997.48	0.0101196
7995.55	0.0124227
7993.62	0.0144495
7991.7	0.0130828
7989.77	0.0117583
7987.84	0.0129154
7985.91	0.0123403
7983.98	0.0118576
7982.06	0.0118555
7980.13	0.0124943
7978.2	0.0114316
7976.27	0.0123779
7974.34	0.0135663
7972.42	0.0149127
7970.49	0.0136788
7968.56	0.00893807
7966.63	0.0110649
7964.7	0.0122419
7962.78	0.00982283
7960.85	0.0108119
7958.92	0.0122786
7956.99	0.0111938
7955.06	0.00900217
7953.14	0.0128727
7951.21	0.0154633
7949.28	0.0147883
7947.35	0.015533
7945.42	0.0159831
7943.5	0.014958
7941.57	0.0119484
7939.64	0.0103913
7937.71	0.0106193
7935.78	0.0111896
7933.86	0.00871124
7931.93	0.0102409
7930	0.0107825
7928.07	0.0104058
7926.14	0.0129951
7924.22	0.0128013
7922.29	0.00921849
7920.36	0.0101783
7918.43	0.0129131
7916.5	0.0117635
7914.58	0.00983351
7912.65	0.0117099
7910.72	0.0136888
7908.79	0.015642
7906.86	0.014503
7904.94	0.0137766
7903.01	0.0144545
7901.08	0.0152792
7899.15	0.0161515
7897.22	0.0139459
7895.3	0.0130232
7893.37	0.0108118
7891.44	0.00914359
7889.51	0.00906821
7887.58	0.0103258
7885.66	0.013063
7883.73	0.013999
7881.8	0.0135669
7879.87	0.0145931
7877.94	0.0126436
7876.02	0.0115151
7874.09	0.0161584
7872.16	0.0157047
7870.23	0.0134785
7868.3	0.0134496
7866.38	0.0119131
7864.45	0.0102795
7862.52	0.011948
7860.59	0.0156755
7858.66	0.0162102
7856.74	0.0122729
7854.81	0.0120541
7852.88	0.0117739
7850.95	0.0107057
7849.02	0.011358
7847.1	0.011951
7845.17	0.0105659
7843.24	0.00786828
7841.31	0.00810135
7839.38	0.00875306
7837.46	0.0088002
7835.53	0.0138034
7833.6	0.0166275
7831.67	0.0138696
7829.74	0.0089995
7827.82	0.0096279
7825.89	0.0113883
7823.96	0.011421
7822.03	0.0123383
7820.1	0.011477
7818.18	0.0100979
7816.25	0.00980294
7814.32	0.00782685
7812.39	0.0103029
7810.46	0.0137375
7808.54	0.0143241
7806.61	0.0153684
7804.68	0.0144415
7802.75	0.0129627
7800.82	0.0110498
7798.9	0.00932558
7796.97	0.0126657
7795.04	0.0159628
7793.11	0.0144619
7791.18	0.0135574
7789.26	0.0124463
7787.33	0.0108404
7785.4	0.0111686
7783.47	0.0112632
7781.54	0.0145024
7779.62	0.0165996
7777.69	0.0147848
7775.76	0.0122236
7773.83	0.0112227
7771.9	0.0112986
7769.98	0.0110993
7768.05	0.0108153
7766.12	0.0117079
7764.19	0.0129904
7762.26	0.0130901
7760.34	0.00952249
7758.41	0.0096468
7756.48	0.0107651
7754.55	0.0101904
7752.62	0.0103783
7750.7	0.0108117
7748.77	0.0106678
7746.84	0.0110165
7744.91	0.0122696
7742.98	0.0126178
7741.06	0.00934857
7739.13	0.0109361
7737.2	0.0135474
7735.27	0.0118789
7733.34	0.00954416
7731.42	0.0107923
7729.49	0.0131608
7727.56	0.0127442
7725.63	0.0108758
7723.7	0.00957322
7721.78	0.00946234
7719.85	0.00903739
7717.92	0.0109478
7715.99	0.0112407
7714.06	0.00965764
7712.14	0.0100115
7710.21	0.0126117
7708.28	0.0131098
7706.35	0.0128287
7704.42	0.0126957
7702.5	0.0121793
7700.57	0.0118993
7698.64	0.0102621
7696.71	0.00805821
7694.78	0.00916576
7692.86	0.0115502
7690.93	0.012513
7689	0.0103094
7687.07	0.0107201
7685.14	0.0130069
7683.22	0.0120357
7681.29	0.00925707
7679.36	0.00660454
7677.43	0.00896939
7675.5	0.0122586
7673.58	0.0131462
7671.65	0.0120989
7669.72	0.0105067
7667.79	0.00904693
7665.86	0.010463
7663.94	0.0109814
7662.01	0.0116524
7660.08	0.0138059
7658.15	0.0149588
7656.22	0.0131476
7654.29	0.0113906
7652.37	0.0138283
7650.44	0.0153043
7648.51	0.0143226
7646.58	0.0123297
7644.66	0.00984839
7642.73	0.0105129
7640.8	0.0125483
7638.87	0.0115466
7636.94	0.0103768
7635.02	0.0115353
7633.09	0.0136383
7631.16	0.0132597
7629.23	0.0121839
7627.3	0.0103241
7625.38	0.0105465
7623.45	0.0103924
7621.52	0.00800792
7619.59	0.00947402
7617.66	0.0116862
7615.73	0.0106067
7613.81	0.00877724
7611.88	0.00964561
7609.95	0.00923108
7608.02	0.00857848
7606.09	0.00949996
7604.17	0.0110303
7602.24	0.0110132
7600.31	0.00986907
7598.38	0.00839508
7596.46	0.00790138
7594.53	0.00964534
7592.6	0.0109639
7590.67	0.010907
7588.74	0.00925457
7586.81	0.00931154
7584.89	0.010735
7582.96	0.00963708
7581.03	0.00916488
7579.1	0.00924526
7577.17	0.00942668
7575.25	0.0105274
7573.32	0.00971934
7571.39	0.00944571
7569.46	0.0104088
7567.53	0.0111574
7565.61	0.0104219
7563.68	0.0107737
7561.75	0.0104817
7559.82	0.00979311
7557.89	0.0113904
7555.97	0.0110914
7554.04	0.010677
7552.11	0.0104534
7550.18	0.00973849
7548.25	0.0103762
7546.33	0.0103093
7544.4	0.00927718
7542.47	0.00899655
7540.54	0.00834616
7538.61	0.00808005
7536.69	0.00800306
7534.76	0.00834671
7532.83	0.00750148
7530.9	0.00764974
7528.97	0.0091883
7527.05	0.00997714
7525.12	0.0105837
7523.19	0.0106256
7521.26	0.00920813
7519.33	0.00770963
7517.41	0.00848025
7515.48	0.0112839
7513.55	0.0127713
7511.62	0.0117121
7509.69	0.0107956
7507.77	0.0111946
7505.84	0.0103756
7503.91	0.00874434
7501.98	0.00720381
7500.05	0.00920272
7498.13	0.00950511
7496.2	0.00900359
7494.27	0.00862015
7492.34	0.00856871
7490.41	0.00930781
7488.49	0.00982585
7486.56	0.0102133
7484.63	0.00971334
7482.7	0.0110895
7480.77	0.0131142
7478.85	0.0128436
7476.92	0.0107029
7474.99	0.00854658
7473.06	0.00676925
7471.13	0.00802966
7469.21	0.00966188
7467.28	0.00804258
7465.35	0.0101069
7463.42	0.0130905
7461.49	0.012633
7459.57	0.0113768
7457.64	0.0103645
7455.71	0.00982446
7453.78	0.0108721
7451.85	0.0104282
7449.93	0.00880818
7448	0.00773284
7446.07	0.00780445
7444.14	0.00857253
7442.21	0.00872551
7440.29	0.00947951
7438.36	0.0097884
7436.43	0.00863455
7434.5	0.00883617
7432.57	0.010052
7430.65	0.00903123
7428.72	0.00829898
7426.79	0.00810989
7424.86	0.00647454
7422.93	0.0054941
7421.01	0.00684595
7419.08	0.00823357
7417.15	0.0083561
7415.22	0.0096407
7413.29	0.00935114
7411.37	0.00851542
7409.44	0.00990127
7407.51	0.0110447
7405.58	0.0102361
7403.65	0.00786126
7401.73	0.00716406
7399.8	0.00824603
7397.87	0.00879401
7395.94	0.0104539
7394.01	0.0101806
7392.09	0.00998005
7390.16	0.0103996
7388.23	0.00961259
7386.3	0.00814514
7384.37	0.00735412
7382.45	0.00830303
7380.52	0.00945634
7378.59	0.00912749
7376.66	0.00854465
7374.73	0.0102208
7372.81	0.00967435
7370.88	0.00849491
7368.95	0.00941486
7367.02	0.0105743
7365.09	0.0116401
7363.17	0.0106456
7361.24	0.00881054
7359.31	0.00711209
7357.38	0.00678524
7355.45	0.00761075
7353.53	0.00995137
7351.6	0.00901448
7349.67	0.0080996
7347.74	0.00808447
7345.81	0.00945143
7343.89	0.0113489
7341.96	0.00954816
7340.03	0.00891669
7338.1	0.00960249
7336.17	0.00789554
7334.25	0.0062932
7332.32	0.0065785
7330.39	0.00664774
7328.46	0.00662671
7326.53	0.00743666
7324.61	0.00878119
7322.68	0.00820311
7320.75	0.00673661
7318.82	0.00681492
7316.89	0.00857459
7314.97	0.00851616
7313.04	0.00789052
7311.11	0.00751031
7309.18	0.00867981
7307.25	0.00852799
7305.33	0.00884412
7303.4	0.0100994
7301.47	0.00966909
7299.54	0.00955456
7297.61	0.008197
7295.69	0.00746541
7293.76	0.00712997
7291.83	0.00690763
7289.9	0.00762198
7287.97	0.00818957
7286.05	0.00888271
7284.12	0.00880801
7282.19	0.0077413
7280.26	0.00737839
7278.33	0.00701769
7276.41	0.007814
7274.48	0.00826909
7272.55	0.00819923
7270.62	0.00873575
7268.69	0.00813079
7266.77	0.00925917
7264.84	0.0105853
7262.91	0.00996612
7260.98	0.00944666
7259.05	0.00919595
7257.13	0.00752788
7255.2	0.00672463
7253.27	0.00862883
7251.34	0.0104177
7249.41	0.0101389
7247.49	0.0105306
7245.56	0.0104651
7243.63	0.00885159
7241.7	0.00836802
7239.77	0.00784139
7237.85	0.00807691
7235.92	0.0073126
7233.99	0.00816418
7232.06	0.00950697
7230.13	0.00841014
7228.21	0.00672903
7226.28	0.00562727
7224.35	0.00547444
7222.42	0.00670336
7220.49	0.00787334
7218.57	0.00868488
7216.64	0.00826923
7214.71	0.00866713
7212.78	0.00765628
7210.85	0.006754
7208.93	0.00590576
7207	0.00511136
7205.07	0.00568266
7203.14	0.00632668
7201.21	0.00639759
7199.29	0.00695792
7197.36	0.00736116
7195.43	0.00630617
7193.5	0.00629948
7191.57	0.00727682
7189.65	0.00651466
7187.72	0.00690944
7185.79	0.00813872
7183.86	0.00887885
7181.93	0.00859467
7180	0.00817434
7178.08	0.00864813
7176.15	0.00839366
7174.22	0.00802243
7172.29	0.00706046
7170.37	0.00642224
7168.44	0.00784757
7166.51	0.00806959
7164.58	0.00668229
7162.65	0.00727665
7160.73	0.00811999
7158.8	0.00760455
7156.87	0.00774997
7154.94	0.00742682
7153.01	0.00668139
7151.08	0.00660791
7149.16	0.00600458
7147.23	0.00705948
7145.3	0.00675384
7143.37	0.00700351
7141.44	0.00818923
7139.52	0.00713799
7137.59	0.00569075
7135.66	0.00508354
7133.73	0.0064895
7131.8	0.00766107
7129.88	0.00730459
7127.95	0.0060276
7126.02	0.005702
7124.09	0.00591698
7122.17	0.00600744
7120.24	0.00708962
7118.31	0.00698856
7116.38	0.00651964
7114.45	0.00623723
7112.52	0.00706245
7110.6	0.00942997
7108.67	0.00898431
7106.74	0.00672644
7104.81	0.0060778
7102.88	0.00710155
7100.96	0.00759872
7099.03	0.00819207
7097.1	0.00772036
7095.17	0.00601224
7093.24	0.0062932
7091.32	0.0066828
7089.39	0.00755104
7087.46	0.00801771
7085.53	0.00752117
7083.6	0.00806351
7081.68	0.00748001
7079.75	0.00640368
7077.82	0.00590781
7075.89	0.00600119
7073.96	0.00799027
7072.04	0.00682855
7070.11	0.00521356
7068.18	0.0068158
7066.25	0.00746555
7064.32	0.00794204
7062.4	0.00846251
7060.47	0.00777871
7058.54	0.00748227
7056.61	0.00658264
7054.68	0.0066794
7052.76	0.00698732
7050.83	0.00763891
7048.9	0.00724586
7046.97	0.00791576
7045.04	0.00812677
7043.12	0.00763763
7041.19	0.00705271
7039.26	0.00656088
7037.33	0.00750374
7035.4	0.00737239
7033.48	0.00721072
7031.55	0.00640879
7029.62	0.00584682
7027.69	0.00700584
7025.76	0.00802891
7023.84	0.00765597
7021.91	0.00662412
7019.98	0.00676006
7018.05	0.00715999
7016.12	0.00665188
7014.2	0.00680126
7012.27	0.0084268
7010.34	0.00941327
7008.41	0.00885423
7006.48	0.0072528
7004.56	0.00652394
7002.63	0.00712509
7000.7	0.00709707
6998.77	0.00733272
6996.84	0.00680964
6994.92	0.00676901
6992.99	0.00693422
6991.06	0.0063829
6989.13	0.00569884
6987.2	0.00661655
6985.28	0.0081735
6983.35	0.00801356
6981.42	0.00630449
6979.49	0.00512622
6977.56	0.00552974
6975.64	0.00738398
6973.71	0.00850153
6971.78	0.00814818
6969.85	0.00763527
6967.92	0.00678719
6966	0.00605186
6964.07	0.00739642
6962.14	0.00784918
6960.21	0.00624563
6958.28	0.00596011
6956.36	0.00721668
6954.43	0.00677548
6952.5	0.00709191
6950.57	0.00661151
6948.64	0.00644201
6946.72	0.0062973
6944.79	0.00522909
6942.86	0.00559643
6940.93	0.0062221
6939	0.00675932
6937.08	0.00678803
6935.15	0.00728275
6933.22	0.00789541
6931.29	0.00662856
6929.36	0.0056311
6927.44	0.00599864
6925.51	0.00772292
6923.58	0.00747603
6921.65	0.00647164
6919.72	0.00659448
6917.8	0.00582603
6915.87	0.00518409
6913.94	0.00666157
6912.01	0.00730394
6910.08	0.00771193
6908.16	0.00788407
6906.23	0.00722133
6904.3	0.00756581
6902.37	0.00781093
6900.44	0.00661823
6898.52	0.00582119
6896.59	0.00648308
6894.66	0.00691826
6892.73	0.00659283
6890.8	0.00719761
6888.88	0.00754585
6886.95	0.00659495
6885.02	0.00714095
6883.09	0.00779473
6881.16	0.0077066
6879.24	0.0073087
6877.31	0.00728433
6875.38	0.00804184
6873.45	0.00790948
6871.52	0.00677561
6869.6	0.00579577
6867.67	0.00679486
6865.74	0.00746642
6863.81	0.00706753
6861.88	0.00717299
6859.96	0.00793205
6858.03	0.0075857
6856.1	0.00668176
6854.17	0.00626362
6852.24	0.00565164
6850.32	0.00606597
6848.39	0.00679476
6846.46	0.00738866
6844.53	0.0071808
6842.6	0.00641965
6840.68	0.00671742
6838.75	0.00745301
6836.82	0.00704399
6834.89	0.00646525
6832.96	0.00601285
6831.04	0.00557263
6829.11	0.00468244
6827.18	0.00584903
6825.25	0.00756601
6823.32	0.00793509
6821.4	0.00737579
6819.47	0.0064521
6817.54	0.006497
6815.61	0.00675861
6813.68	0.00794579
6811.76	0.00908854
6809.83	0.00792686
6807.9	0.00718107
6805.97	0.0074972
6804.04	0.00722844
6802.12	0.0066753
6800.19	0.00511448
6798.26	0.00543146
6796.33	0.00709646
6794.4	0.00733532
6792.48	0.00829442
6790.55	0.00891429
6788.62	0.00840619
6786.69	0.00758759
6784.76	0.00641592
6782.84	0.0072407
6780.91	0.00811161
6778.98	0.00766778
6777.05	0.00769739
6775.12	0.00791663
6773.2	0.00761092
6771.27	0.00647201
6769.34	0.00619394
6767.41	0.00567292
6765.48	0.00566453
6763.56	0.00678874
6761.63	0.00761726
6759.7	0.00713988
6757.77	0.00672681
6755.84	0.00687073
6753.92	0.00668344
6751.99	0.00623403
6750.06	0.00692257
6748.13	0.00718966
6746.2	0.00693681
6744.28	0.00677423
6742.35	0.00731584
6740.42	0.00753206
6738.49	0.00744799
6736.56	0.00678264
6734.64	0.00736437
6732.71	0.008262
6730.78	0.00709417
6728.85	0.00705355
6726.92	0.00759784
6725	0.00746575
6723.07	0.00772525
6721.14	0.00738904
6719.21	0.00702345
6717.28	0.0065411
6715.35	0.00663085
6713.43	0.00677817
6711.5	0.00681987
6709.57	0.00670373
6707.64	0.00711923
6705.71	0.00704628
6703.79	0.0068125
6701.86	0.00751948
6699.93	0.00772299
6698	0.0079845
6696.08	0.00771506
6694.15	0.00724286
6692.22	0.00685969
6690.29	0.00724798
6688.36	0.00756186
6686.44	0.00767193
6684.51	0.00744205
6682.58	0.00671329
6680.65	0.00653921
6678.72	0.00695755
6676.79	0.00766886
6674.87	0.00798642
6672.94	0.0074188
6671.01	0.00734017
6669.08	0.00785118
6667.15	0.00804893
6665.23	0.00781035
6663.3	0.00786082
6661.37	0.00719596
6659.44	0.00704281
6657.51	0.00685922
6655.59	0.00667133
6653.66	0.00679261
6651.73	0.00709356
6649.8	0.00764336
6647.88	0.00719711
6645.95	0.00730715
6644.02	0.00778704
6642.09	0.00747815
6640.16	0.00750425
6638.23	0.00741256
6636.31	0.00804505
6634.38	0.00826609
6632.45	0.00719943
6630.52	0.00685885
6628.59	0.00688695
6626.67	0.00641605
6624.74	0.00696573
6622.81	0.00762532
6620.88	0.00700341
6618.95	0.00645342
6617.03	0.00749444
6615.1	0.00817616
6613.17	0.00793361
6611.24	0.00759845
6609.31	0.00713543
6607.39	0.00749504
6605.46	0.0071963
6603.53	0.00709986
6601.6	0.00746319
6599.67	0.0071675
6597.75	0.00667408
6595.82	0.00617595
6593.89	0.00672661
6591.96	0.00810547
6590.03	0.00877849
6588.11	0.00833151
6586.18	0.00749407
6584.25	0.00709488
6582.32	0.00714877
6580.39	0.00763972
6578.47	0.00741752
6576.54	0.00636995
6574.61	0.00587808
6572.68	0.00643623
6570.75	0.00766211
6568.83	0.00790789
6566.9	0.00738014
6564.97	0.00720496
6563.04	0.00783836
6561.11	0.00755903
6559.19	0.00702874
6557.26	0.00711003
6555.33	0.00685047
6553.4	0.00710896
6551.47	0.00737522
6549.55	0.00722628
6547.62	0.00745082
6545.69	0.00684346
6543.76	0.006425
6541.83	0.0065005
6539.91	0.00686888
6537.98	0.00727065
6536.05	0.00804154
6534.12	0.00753321
6532.19	0.00688554
6530.27	0.00742685
6528.34	0.00799098
6526.41	0.00736962
6524.48	0.00763891
6522.55	0.00758267
6520.63	0.00636091
6518.7	0.00630493
6516.77	0.00680967
6514.84	0.00717009
6512.91	0.00671137
6510.99	0.00631895
6509.06	0.00580759
6507.13	0.00576387
6505.2	0.00666601
6503.27	0.00663516
6501.35	0.00652623
6499.42	0.0066938
6497.49	0.00719131
6495.56	0.00705268
6493.63	0.00704702
6491.71	0.00665561
6489.78	0.00631364
6487.85	0.00636612
6485.92	0.00637668
6483.99	0.00670652
6482.07	0.0071169
6480.14	0.0068196
6478.21	0.00653925
6476.28	0.00635929
6474.35	0.0060063
6472.43	0.00654954
6470.5	0.00805956
6468.57	0.00815179
6466.64	0.00800876
6464.71	0.00758621
6462.79	0.0064965
6460.86	0.00601816
6458.93	0.00634544
6457	0.00629047
6455.07	0.00580937
6453.15	0.00607712
6451.22	0.00662227
6449.29	0.00623689
6447.36	0.00621982
6445.43	0.0061648
6443.51	0.00609433
6441.58	0.00619545
6439.65	0.0064557
6437.72	0.0063291
6435.79	0.00581424
6433.87	0.0060655
6431.94	0.00586529
6430.01	0.00558062
6428.08	0.00586697
6426.15	0.00597586
6424.23	0.00662079
6422.3	0.00696392
6420.37	0.00704995
6418.44	0.00670608
6416.51	0.00601261
6414.59	0.00561687
6412.66	0.00547276
6410.73	0.006294
6408.8	0.00663374
6406.87	0.00579319
6404.95	0.00508213
6403.02	0.00529868
6401.09	0.00569119
6399.16	0.00636232
6397.23	0.00599098
6395.31	0.00526189
6393.38	0.00532823
6391.45	0.00573594
6389.52	0.0054932
6387.59	0.00562741
6385.67	0.00584463
6383.74	0.00608001
6381.81	0.0063836
6379.88	0.00629128
6377.95	0.00583271
6376.03	0.00591385
6374.1	0.00591049
6372.17	0.00549397
6370.24	0.00524797
6368.31	0.00554098
6366.39	0.00581511
6364.46	0.00584672
6362.53	0.00530844
6360.6	0.00513614
6358.67	0.00551971
6356.75	0.0054119
6354.82	0.00512491
6352.89	0.00493549
6350.96	0.00519254
6349.03	0.00565496
6347.11	0.00574883
6345.18	0.00507522
6343.25	0.00509883
6341.32	0.00556145
6339.39	0.0054483
6337.47	0.00530355
6335.54	0.00567574
6333.61	0.00599431
6331.68	0.0060067
6329.75	0.00612669
6327.83	0.00572667
6325.9	0.00554494
6323.97	0.0054634
6322.04	0.00570925
6320.11	0.00585222
6318.19	0.00551873
6316.26	0.00520277
6314.33	0.00516575
6312.4	0.00507968
6310.47	0.00520696
6308.55	0.00558511
6306.62	0.00547273
6304.69	0.00507794
6302.76	0.00536906
6300.83	0.00563479
6298.91	0.00526447
6296.98	0.00501003
6295.05	0.00459898
6293.12	0.00467443
6291.19	0.00493847
6289.27	0.00552397
6287.34	0.00607732
6285.41	0.00604124
6283.48	0.00559968
6281.55	0.0052312
6279.62	0.00509205
6277.7	0.00507988
6275.77	0.00466774
6273.84	0.00471617
6271.91	0.00528527
6269.99	0.00487879
6268.06	0.00453221
6266.13	0.00473111
6264.2	0.00480933
6262.27	0.00465719
6260.34	0.00483811
6258.42	0.00504351
6256.49	0.00446228
6254.56	0.00427683
6252.63	0.00450399
6250.71	0.00464309
6248.78	0.00474913
6246.85	0.00512538
6244.92	0.00508552
6242.99	0.004823
6241.06	0.00528768
6239.14	0.00545934
6237.21	0.00474504
6235.28	0.0047705
6233.35	0.0047082
6231.42	0.00437351
6229.5	0.00508796
6227.57	0.00561099
6225.64	0.00551826
6223.71	0.00544558
6221.79	0.00494152
6219.86	0.00470612
6217.93	0.00471205
6216	0.0052132
6214.07	0.00537932
6212.15	0.00496257
6210.22	0.00513195
6208.29	0.00475479
6206.36	0.00400721
6204.43	0.0036913
6202.5	0.0040143
6200.58	0.0039744
6198.65	0.00428583
6196.72	0.00466676
6194.79	0.00495878
6192.86	0.00477988
6190.94	0.00421221
6189.01	0.00403235
6187.08	0.00410607
6185.15	0.00446489
6183.22	0.00476739
6181.3	0.00463743
6179.37	0.00469229
6177.44	0.00482471
6175.51	0.00460069
6173.58	0.00431156
6171.66	0.0038529
6169.73	0.0035794
6167.8	0.00348216
6165.87	0.003839
6163.94	0.00401985
6162.02	0.00421141
6160.09	0.00415571
6158.16	0.00424393
6156.23	0.00447908
6154.3	0.00469811
6152.38	0.00518858
6150.45	0.00508166
6148.52	0.00457983
6146.59	0.00399874
6144.66	0.00387216
6142.74	0.00442713
6140.81	0.00480112
6138.88	0.00474859
6136.95	0.00510157
6135.02	0.00467497
6133.1	0.00385952
6131.17	0.00417428
6129.24	0.00426431
6127.31	0.00422172
6125.38	0.00486646
6123.46	0.00522248
6121.53	0.00478172
6119.6	0.00446536
6117.67	0.00433445
6115.74	0.00460595
6113.82	0.00537147
6111.89	0.0049926
6109.96	0.00448779
6108.03	0.00426662
6106.1	0.00418468
6104.18	0.00388192
6102.25	0.00369986
6100.32	0.00445103
6098.39	0.00471928
6096.46	0.00467216
6094.54	0.00469376
6092.61	0.00449716
6090.68	0.00457313
6088.75	0.00455472
6086.82	0.0039303
6084.9	0.00404627
6082.97	0.00491347
6081.04	0.00557008
6079.11	0.00523771
6077.18	0.00448722
6075.26	0.00425849
6073.33	0.00455619
6071.4	0.00492845
6069.47	0.00490486
6067.54	0.00466904
6065.62	0.00488244
6063.69	0.00491226
6061.76	0.00467718
6059.83	0.00444316
6057.9	0.00409252
6055.98	0.00402132
6054.05	0.00476139
6052.12	0.00525253
6050.19	0.0052134
6048.26	0.00483878
6046.34	0.00430085
6044.41	0.00457337
6042.48	0.00476672
6040.55	0.00465283
6038.62	0.00505796
6036.7	0.00471392
6034.77	0.00435768
6032.84	0.0043205
6030.91	0.00414681
6028.98	0.00373548
6027.06	0.00378622
6025.13	0.00448096
6023.2	0.00462199
6021.27	0.00457484
6019.34	0.004436
6017.42	0.003942
6015.49	0.00378063
6013.56	0.00400925
6011.63	0.00418836
6009.7	0.00454966
6007.78	0.00424256
6005.85	0.0041624
6003.92	0.00472203
6001.99	0.00451062
6000.06	0.00407439
5998.14	0.00393615
5996.21	0.00397912
5994.28	0.00422262
5992.35	0.00411068
5990.42	0.00404372
5988.5	0.00424444
5986.57	0.00450369
5984.64	0.00456001
5982.71	0.00450962
5980.78	0.00430975
5978.86	0.00419873
5976.93	0.00407018
5975	0.0037186
5973.07	0.00331439
5971.14	0.00379267
5969.22	0.0041802
5967.29	0.00363075
5965.36	0.00340925
5963.43	0.00355542
5961.5	0.00377686
5959.58	0.00400222
5957.65	0.0038649
5955.72	0.00320886
5953.79	0.00321374
5951.86	0.00391649
5949.94	0.00383656
5948.01	0.00371553
5946.08	0.00355675
5944.15	0.00377351
5942.22	0.00386978
5940.3	0.00316771
5938.37	0.0027407
5936.44	0.003299
5934.51	0.00372535
5932.58	0.00340054
5930.66	0.00341203
5928.73	0.00350371
5926.8	0.00275043
5924.87	0.00268355
5922.94	0.00321848
5921.02	0.00336381
5919.09	0.00306909
5917.16	0.00305047
5915.23	0.00309232
5913.3	0.00295168
5911.38	0.00301203
5909.45	0.00328848
5907.52	0.00327513
5905.59	0.00324531
5903.66	0.00330374
5901.74	0.0034178
5899.81	0.0035334
5897.88	0.00318036
5895.95	0.00297897
5894.02	0.00296723
5892.1	0.00337349
5890.17	0.00386199
5888.24	0.00385905
5886.31	0.00340455
5884.38	0.00335773
5882.46	0.0033381
5880.53	0.00344853
5878.6	0.00354506
5876.67	0.00330427
5874.74	0.00274797
5872.82	0.00303412
5870.89	0.00351019
5868.96	0.00324879
5867.03	0.00320509
5865.1	0.00357777
5863.18	0.0034359
5861.25	0.00334434
5859.32	0.00343263
5857.39	0.00340321
5855.46	0.00300743
5853.54	0.00290535
5851.61	0.00317962
5849.68	0.00326701
5847.75	0.00312445
5845.82	0.0027521
5843.9	0.00263438
5841.97	0.0027472
5840.04	0.00280746
5838.11	0.00278931
5836.18	0.00263038
5834.25	0.00226841
5832.33	0.00263181
5830.4	0.00294794
5828.47	0.00328447
5826.54	0.00349078
5824.62	0.00306225
5822.69	0.00265835
5820.76	0.00298054
5818.83	0.00287549
5816.9	0.00265364
5814.98	0.00266921
5813.05	0.0027613
5811.12	0.00292283
5809.19	0.00281379
5807.26	0.0028233
5805.33	0.00308881
5803.41	0.00279062
5801.48	0.00238966
5799.55	0.00236454
5797.62	0.00260081
5795.7	0.00281776
5793.77	0.0028915
5791.84	0.00296859
5789.91	0.00277824
5787.98	0.00287803
5786.06	0.0028861
5784.13	0.00287019
5782.2	0.00311104
5780.27	0.00317665
5778.34	0.00306178
5776.42	0.00317385
5774.49	0.00312602
5772.56	0.00296779
5770.63	0.00317121
5768.7	0.00337356
5766.77	0.00342408
5764.85	0.00314124
5762.92	0.00269248
5760.99	0.00286759
5759.06	0.00304403
5757.13	0.00291459
5755.21	0.00254745
5753.28	0.00240859
5751.35	0.00287956
5749.42	0.00327609
5747.49	0.00334931
5745.57	0.0030122
5743.64	0.00295452
5741.71	0.00257568
5739.78	0.00226264
5737.85	0.00267631
5735.93	0.00291355
5734	0.0030125
5732.07	0.00251618
5730.14	0.00246287
5728.21	0.00291662
5726.29	0.00299522
5724.36	0.00313376
5722.43	0.00310934
5720.5	0.00306605
5718.57	0.00317435
5716.65	0.00309292
5714.72	0.00281323
5712.79	0.00243101
5710.86	0.00221089
5708.93	0.00226787
5707.01	0.00228186
5705.08	0.00248129
5703.15	0.00308614
5701.22	0.00285625
5699.29	0.00265768
5697.37	0.0029693
5695.44	0.00300282
5693.51	0.00321647
5691.58	0.00331616
5689.65	0.00294711
5687.73	0.00270309
5685.8	0.00259484
5683.87	0.00248513
5681.94	0.00262011
5680.01	0.00258724
5678.09	0.00261871
5676.16	0.00268368
5674.23	0.00265688
5672.3	0.0028237
5670.37	0.0029774
5668.45	0.00253871
5666.52	0.00253971
5664.59	0.00292062
5662.66	0.00295962
5660.73	0.00265081
5658.81	0.00254985
5656.88	0.00268628
5654.95	0.00275977
5653.02	0.00252722
5651.09	0.00252745
5649.17	0.00267565
5647.24	0.00270149
5645.31	0.00264798
5643.38	0.00241848
5641.45	0.0023286
5639.53	0.00272939
5637.6	0.00278831
5635.67	0.00258664
5633.74	0.0021668
5631.81	0.0024737
5629.89	0.00305558
5627.96	0.0028891
5626.03	0.00251882
5624.1	0.00215867
5622.17	0.00203785
5620.25	0.00232337
5618.32	0.00283033
5616.39	0.00290284
5614.46	0.00269192
5612.53	0.00273193
5610.61	0.00260808
5608.68	0.00231804
5606.75	0.002274
5604.82	0.00224606
5602.89	0.00281216
5600.97	0.00329172
5599.04	0.00327309
5597.11	0.00306912
5595.18	0.00277908
5593.25	0.00261731
5591.33	0.00259688
5589.4	0.00239523
5587.47	0.00236624
5585.54	0.0028235
5583.61	0.00294404
5581.69	0.00256911
5579.76	0.00292503
5577.83	0.00321087
5575.9	0.00275857
5573.97	0.00234415
5572.05	0.0022005
5570.12	0.00203701
5568.19	0.00208069
5566.26	0.00220669
5564.33	0.00255471
5562.41	0.00253718
5560.48	0.00238916
5558.55	0.00241298
5556.62	0.00256878
5554.69	0.00258648
5552.77	0.00228746
5550.84	0.00211379
5548.91	0.0023891
5546.98	0.00237397
5545.05	0.00232273
5543.13	0.00258668
5541.2	0.00261201
5539.27	0.00262951
5537.34	0.00266091
5535.41	0.00233149
5533.49	0.0020224
5531.56	0.00180298
5529.63	0.002383
5527.7	0.00278561
5525.77	0.00229262
5523.85	0.00230431
5521.92	0.00248816
5519.99	0.00248839
5518.06	0.00244667
5516.13	0.00280382
5514.21	0.00291482
5512.28	0.00271982
5510.35	0.00254531
5508.42	0.00238133
5506.49	0.00264451
5504.57	0.0024731
5502.64	0.00229452
5500.71	0.00250499
5498.78	0.00244954
5496.85	0.00233816
5494.93	0.00262511
5493	0.00268942
5491.07	0.00263998
5489.14	0.00243774
5487.21	0.00210067
5485.29	0.00221492
5483.36	0.00266215
5481.43	0.00273743
5479.5	0.00273083
5477.57	0.00264981
5475.65	0.00240859
5473.72	0.00229379
5471.79	0.00238263
5469.86	0.00255474
5467.93	0.00256641
5466.01	0.00241205
5464.08	0.00242501
5462.15	0.00264998
5460.22	0.00274593
5458.29	0.00270092
5456.37	0.00230598
5454.44	0.00199281
5452.51	0.00229972
5450.58	0.00224106
5448.65	0.00214369
5446.73	0.00222727
5444.8	0.00241925
5442.87	0.00233273
5440.94	0.00249199
5439.01	0.00279002
5437.09	0.00277604
5435.16	0.00273643
5433.23	0.00251482
5431.3	0.00222631
5429.37	0.00239113
5427.45	0.0024698
5425.52	0.00219424
5423.59	0.00195706
5421.66	0.0018902
5419.73	0.00197726
5417.81	0.00204653
5415.88	0.00206947
5413.95	0.00208542
5412.02	0.00216387
5410.09	0.00209787
5408.17	0.00200955
5406.24	0.00196987
5404.31	0.00210366
5402.38	0.00221632
5400.45	0.0023813
5398.53	0.00242844
5396.6	0.00226304
5394.67	0.00194894
5392.74	0.00187728
5390.81	0.00190557
5388.88	0.0022346
5386.96	0.00255225
5385.03	0.00268688
5383.1	0.00236324
5381.17	0.00195689
5379.25	0.00199351
5377.32	0.0020983
5375.39	0.00227856
5373.46	0.00227833
5371.53	0.00219004
5369.6	0.00218115
5367.68	0.00219973
5365.75	0.00228233
5363.82	0.00195676
5361.89	0.0018511
5359.96	0.00198801
5358.04	0.00185585
5356.11	0.00203458
5354.18	0.00205176
5352.25	0.0018892
5350.33	0.00185176
5348.4	0.00212391
5346.47	0.00231704
5344.54	0.00215474
5342.61	0.00206078
5340.69	0.00208126
5338.76	0.00189482
5336.83	0.00187429
5334.9	0.00205849
5332.97	0.00227094
5331.04	0.00217652
5329.12	0.00223124
5327.19	0.00236408
5325.26	0.00224422
5323.33	0.00194914
5321.4	0.00198608
5319.48	0.00212684
5317.55	0.00202097
5315.62	0.00219903
5313.69	0.00237727
5311.76	0.00239433
5309.84	0.00233446
5307.91	0.00249862
5305.98	0.00266468
5304.05	0.002463
5302.12	0.00232117
5300.2	0.00224203
5298.27	0.00236024
5296.34	0.00236531
5294.41	0.00223267
5292.48	0.00232233
5290.56	0.00267205
5288.63	0.00273343
5286.7	0.00249522
5284.77	0.00252185
5282.84	0.00279088
5280.92	0.00285158
5278.99	0.00257878
5277.06	0.00243551
5275.13	0.00236657
5273.21	0.00239706
5271.28	0.00273453
5269.35	0.00284331
5267.42	0.0027618
5265.49	0.0028198
5263.56	0.00265258
5261.64	0.00256061
5259.71	0.00268892
5257.78	0.00258794
5255.85	0.00254011
5253.92	0.00250095
5252	0.00249939
5250.07	0.00277661
5248.14	0.00283007
5246.21	0.0030148
5244.28	0.00318353
5242.36	0.00326625
5240.43	0.00322458
5238.5	0.00296769
5236.57	0.00285702
5234.64	0.00302047
5232.72	0.00318049
5230.79	0.00296653
5228.86	0.00302111
5226.93	0.00332794
5225	0.00326772
5223.08	0.00321971
5221.15	0.00342963
5219.22	0.00370614
5217.29	0.00361261
5215.36	0.00355592
5213.44	0.00377789
5211.51	0.0037313
5209.58	0.00354539
5207.65	0.00387924
5205.72	0.00396173
5203.8	0.0037169
5201.87	0.00393739
5199.94	0.00397082
5198.01	0.00385638
5196.08	0.00374791
5194.16	0.00414079
5192.23	0.00437669
5190.3	0.00434148
5188.37	0.00436266
5186.44	0.00416334
5184.52	0.00414246
5182.59	0.0042175
5180.66	0.00424986
5178.73	0.00435851
5176.8	0.00449582
5174.88	0.00456392
5172.95	0.00456854
5171.02	0.004776
5169.09	0.00490834
5167.16	0.00472994
5165.24	0.00450787
5163.31	0.00471141
5161.38	0.00517232
5159.45	0.00523218
5157.52	0.00509859
5155.6	0.00513051
5153.67	0.00510915
5151.74	0.00500282
5149.81	0.00528597
5147.88	0.00564839
5145.96	0.00572399
5144.03	0.00563301
5142.1	0.00572311
5140.17	0.00587963
5138.24	0.0055338
5136.32	0.00548779
5134.39	0.00573574
5132.46	0.00599276
5130.53	0.00611345
5128.6	0.00607595
5126.68	0.00626072
5124.75	0.00649989
5122.82	0.006574
5120.89	0.00634184
5118.96	0.00594459
5117.04	0.00617538
5115.11	0.0066399
5113.18	0.00672503
5111.25	0.00644716
5109.32	0.00606217
5107.4	0.00618187
5105.47	0.00633018
5103.54	0.00630799
5101.61	0.00660178
5099.68	0.00692974
5097.76	0.00692762
5095.83	0.00669633
5093.9	0.00669054
5091.97	0.0066215
5090.04	0.00654937
5088.12	0.00635506
5086.19	0.00653255
5084.26	0.00705265
5082.33	0.00733407
5080.4	0.00731132
5078.48	0.00710704
5076.55	0.00693021
5074.62	0.00706655
5072.69	0.00719175
5070.76	0.0071745
5068.84	0.00732285
5066.91	0.00739295
5064.98	0.00729805
5063.05	0.00713546
5061.12	0.00704439
5059.2	0.00704746
5057.27	0.00726611
5055.34	0.00740572
5053.41	0.00732598
5051.48	0.00727308
5049.56	0.00725967
5047.63	0.00735318
5045.7	0.00743541
5043.77	0.00750583
5041.84	0.00788097
5039.92	0.00827693
5037.99	0.00851116
5036.06	0.00857348
5034.13	0.00857702
5032.2	0.00856618
5030.28	0.00877355
5028.35	0.00887855
5026.42	0.00880706
5024.49	0.00886657
5022.56	0.00924864
5020.64	0.00963735
5018.71	0.00985734
5016.78	0.00981002
5014.85	0.0095402
5012.92	0.00943308
5011	0.00937071
5009.07	0.00930625
5007.14	0.00901773
5005.21	0.00888379
5003.28	0.00887696
5001.36	0.0088055
4999.43	0.008641
4997.5	0.0084596
4995.57	0.0082104
4993.64	0.00820456
4991.72	0.00829844
4989.79	0.00817765
4987.86	0.00808903
4985.93	0.00777692
4984	0.00763702
4982.08	0.00765291
4980.15	0.00774323
4978.22	0.00766994
4976.29	0.00751389
4974.36	0.00748001
4972.44	0.00758833
4970.51	0.00763031
4968.58	0.0075797
4966.65	0.00755819
4964.72	0.00745173
4962.8	0.00746565
4960.87	0.00738708
4958.94	0.00745001
4957.01	0.00755526
4955.08	0.00740211
4953.16	0.0072183
4951.23	0.00719869
4949.3	0.00729852
4947.37	0.0071578
4945.44	0.00711637
4943.52	0.00729124
4941.59	0.0071804
4939.66	0.00707023
4937.73	0.00721698
4935.8	0.00722123
4933.88	0.00710741
4931.95	0.0071609
4930.02	0.00703261
4928.09	0.00696321
4926.16	0.00701358
4924.24	0.00701439
4922.31	0.00706669
4920.38	0.0068544
4918.45	0.0066502
4916.52	0.0068235
4914.6	0.00692557
4912.67	0.00684575
4910.74	0.00655011
4908.81	0.00639252
4906.88	0.00641821
4904.96	0.00639087
4903.03	0.00633969
4901.1	0.00627377
4899.17	0.00643623
4897.24	0.00664969
4895.32	0.00644814
4893.39	0.00616392
4891.46	0.00598188
4889.53	0.00617569
4887.6	0.00632419
4885.67	0.00613479
4883.75	0.00607034
4881.82	0.00615421
4879.89	0.00624378
4877.96	0.00614809
4876.04	0.0059637
4874.11	0.0057587
4872.18	0.0058181
4870.25	0.00586851
4868.32	0.00584789
4866.4	0.00567407
4864.47	0.00553024
4862.54	0.00560532
4860.61	0.00572969
4858.68	0.00554373
4856.75	0.00558021
4854.83	0.00580487
4852.9	0.00571002
4850.97	0.00532605
4849.04	0.00518825
4847.12	0.00520991
4845.19	0.00531981
4843.26	0.00555092
4841.33	0.00554253
4839.4	0.00537694
4837.47	0.00512464
4835.55	0.00497205
4833.62	0.00489112
4831.69	0.00491833
4829.76	0.00492513
4827.83	0.00488401
4825.91	0.00472133
4823.98	0.00476012
4822.05	0.00491233
4820.12	0.00468251
4818.19	0.00442669
4816.27	0.00451581
4814.34	0.00461315
4812.41	0.00458144
4810.48	0.00476092
4808.55	0.00463428
4806.63	0.00418843
4804.7	0.00412072
4802.77	0.00420084
4800.84	0.00427448
4798.91	0.0041351
4796.99	0.00407553
4795.06	0.00397357
4793.13	0.00384043
4791.2	0.00370758
4789.27	0.00368933
4787.35	0.00384575
4785.42	0.00384625
4783.49	0.00377298
4781.56	0.00372392
4779.63	0.003606
4777.71	0.00356664
4775.78	0.00347107
4773.85	0.00361117
4771.92	0.00348213
4769.99	0.00308764
4768.07	0.00289831
4766.14	0.00290805
4764.21	0.00309208
4762.28	0.00313694
4760.35	0.00290948
4758.43	0.00277531
4756.5	0.00268605
4754.57	0.00264871
4752.64	0.0023297
4750.71	0.00208885
4748.79	0.00217089
4746.86	0.00250672
4744.93	0.00242551
4743	0.00215754
4741.07	0.00226254
4739.15	0.00239886
4737.22	0.00231081
4735.29	0.00217649
4733.36	0.00215271
4731.43	0.00216357
4729.51	0.00216746
4727.58	0.00219956
4725.65	0.00211096
4723.72	0.00199364
4721.79	0.00178309
4719.87	0.00185243
4717.94	0.00186847
4716.01	0.00160968
4714.08	0.00156881
4712.15	0.00159781
4710.23	0.00169007
4708.3	0.00175973
4706.37	0.00178595
4704.44	0.00163832
4702.51	0.0014921
4700.59	0.00152791
4698.66	0.00165797
4696.73	0.00162086
4694.8	0.0014432
4692.87	0.00112224
4690.95	0.000984567
4689.02	0.00109716
4687.09	0.00125886
4685.16	0.00136461
4683.23	0.00130203
4681.31	0.000983803
4679.38	0.00092154
4677.45	0.00115852
4675.52	0.00128079
4673.59	0.00115098
4671.67	0.00100459
4669.74	0.000951458
4667.81	0.000883921
4665.88	0.000687777
4663.95	0.000594965
4662.03	0.000619087
4660.1	0.000866159
4658.17	0.000981511
4656.24	0.00084116
4654.31	0.000740315
4652.39	0.000646562
4650.46	0.000650146
4648.53	0.000428535
4646.6	0.00035962
4644.67	0.000508275
4642.75	0.000628643
4640.82	0.000682833
4638.89	0.000801589
4636.96	0.000749044
4635.03	0.000479449
4633.11	0.000478918
4631.18	0.000525061
4629.25	0.000415401
4627.32	0.00042817
4625.39	0.000529838
4623.47	0.000444986
4621.54	0.00035385
4619.61	0.000388173
4617.68	0.000302089
4615.75	9.2255e-05
4613.83	-4.85718e-05
4611.9	5.09631e-05
4609.97	0.000208795
4608.04	0.00027185
4606.11	0.00022968
4604.19	0.000132954
4602.26	0.000221989
4600.33	0.000177767
4598.4	9.49394e-05
4596.47	5.84192e-05
4594.55	8.88001e-06
4592.62	-9.87383e-06
4590.69	3.61176e-05
4588.76	-2.76329e-05
4586.83	4.94057e-05
4584.91	0.000247217
4582.98	0.000124668
4581.05	0.000145251
4579.12	0.000301459
4577.19	0.000388007
4575.27	0.000231304
4573.34	0.000115123
4571.41	0.000215524
4569.48	0.00012036
4567.55	0.00014777
4565.63	0.000309516
4563.7	0.000357697
4561.77	0.000460874
4559.84	0.000312799
4557.91	0.00027626
4555.99	0.000393711
4554.06	0.000368342
4552.13	0.000438021
4550.2	0.000664547
4548.27	0.000678286
4546.35	0.000545231
4544.42	0.000502437
4542.49	0.000625026
4540.56	0.000622504
4538.63	0.000564175
4536.71	0.00064039
4534.78	0.000701882
4532.85	0.000802286
4530.92	0.000782701
4528.99	0.000712602
4527.07	0.000684824
4525.14	0.000683596
4523.21	0.000977559
4521.28	0.00110573
4519.35	0.000824461
4517.43	0.00081749
4515.5	0.000720932
4513.57	0.000401339
4511.64	0.000303879
4509.71	0.000312765
4507.79	0.000328681
4505.86	0.000313296
4503.93	0.00031827
4502	0.000350567
4500.07	0.000309118
4498.15	0.000369535
4496.22	0.000550042
4494.29	0.000518725
4492.36	0.000483629
4490.43	0.000269032
4488.51	0.000138191
4486.58	0.000122315
4484.65	-1.25908e-05
4482.72	-0.000312441
4480.79	-0.000456744
4478.87	-0.000332505
4476.94	-0.000258004
4475.01	-0.000308799
4473.08	-0.000228929
4471.15	-0.0002232
4469.23	-0.000335518
4467.3	-0.000324228
4465.37	-0.000303336
4463.44	-0.000488552
4461.51	-0.000573867
4459.58	-0.000611059
4457.66	-0.000637263
4455.73	-0.000594912
4453.8	-0.000421691
4451.87	-0.000435229
4449.95	-0.00045691
4448.02	-0.000359521
4446.09	-0.000272177
4444.16	-0.000260488
4442.23	-0.000358727
4440.3	-0.000382165
4438.38	-0.000248699
4436.45	-1.54402e-05
4434.52	-2.93558e-05
4432.59	-0.000316944
4430.67	-0.000413316
4428.74	-0.000376273
4426.81	-0.000460882
4424.88	-0.000554244
4422.95	-0.000513638
4421.02	-0.000422982
4419.1	-0.000544647
4417.17	-0.000563906
4415.24	-0.000535877
4413.31	-0.000530086
4411.38	-0.000383523
4409.46	-0.000261779
4407.53	-0.000349688
4405.6	-0.000488088
4403.67	-0.000494046
4401.75	-0.000657213
4399.82	-0.000693505
4397.89	-0.000610264
4395.96	-0.000383523
4394.03	-0.000286151
4392.1	-0.000390177
4390.18	-0.000492159
4388.25	-0.000425498
4386.32	-0.000366076
4384.39	-0.00044175
4382.46	-0.000418315
4380.54	-0.00029923
4378.61	-0.000475875
4376.68	-0.000618338
4374.75	-0.000531112
4372.82	-0.000430364
4370.9	-0.000550868
4368.97	-0.000712791
4367.04	-0.000670976
4365.11	-0.00060464
4363.18	-0.00065407
4361.26	-0.000650232
4359.33	-0.000509667
4357.4	-0.000541503
4355.47	-0.000654004
4353.54	-0.000558777
4351.62	-0.000471904
4349.69	-0.000391104
4347.76	-0.000304991
4345.83	-0.000285621
4343.9	-0.000349225
4341.98	-0.000299362
4340.05	-0.000512083
4338.12	-0.000688939
4336.19	-0.000663466
4334.26	-0.000516848
4332.34	-0.000368559
4330.41	-0.000457539
4328.48	-0.000546533
4326.55	-0.000592165
4324.62	-0.000549975
4322.7	-0.000479351
4320.77	-0.00056983
4318.84	-0.00056255
4316.91	-0.000561656
4314.98	-0.000518338
4313.06	-0.000627503
4311.13	-0.000776398
4309.2	-0.000531741
4307.27	-0.000366738
4305.34	-0.000583529
4303.42	-0.000617875
4301.49	-0.000579624
4299.56	-0.000503544
4297.63	-0.000424803
4295.7	-0.000373988
4293.78	-0.000340518
4291.85	-0.000376736
4289.92	-0.000408549
4287.99	-0.000396963
4286.06	-0.000335518
4284.14	-0.000277409
4282.21	-0.000300389
4280.28	-0.000397725
4278.35	-0.000454891
4276.42	-0.000455818
4274.5	-0.000436851
4272.57	-0.000493979
4270.64	-0.000512281
4268.71	-0.000446517
4266.78	-0.000340021
4264.86	-0.000454692
4262.93	-0.000492887
4261	-0.00038733
4259.07	-0.000256912
4257.14	-0.000281084
4255.22	-0.000405967
4253.29	-0.000421724
4251.36	-0.000372035
4249.43	-0.000476769
4247.5	-0.000293601
4245.58	4.18172e-05
4243.65	-0.000151992
4241.72	-0.000346411
4239.79	-0.000359422
4237.86	-0.000431456
4235.94	-0.000467965
4234.01	-0.000429999
4232.08	-0.000359554
4230.15	-0.000483786
4228.22	-0.000397228
4226.3	-0.00017372
4224.37	-0.000297177
4222.44	-0.000290455
4220.51	-0.000180278
4218.58	-0.000196209
4216.66	-0.000305918
4214.73	-0.000294263
4212.8	-0.000209257
4210.87	-0.000284031
4208.94	-0.000314759
4207.02	-0.000231148
4205.09	-0.000227439
4203.16	-0.000249196
4201.23	-0.000295554
4199.3	-0.000291548
4197.38	-0.000159942
4195.45	-0.000180079
4193.52	-0.000258269
4191.59	-0.000140797
4189.66	-0.00021035
4187.74	-0.000203892
4185.81	-0.000496826
4183.88	-0.000625848
4181.95	-0.000335982
4180.02	-0.000175509
4178.1	-0.000160273
4176.17	-0.000161134
4174.24	-0.000183921
4172.31	-0.000196209
4170.38	-0.00023787
4168.46	-0.000155437
4166.53	-0.000141691
4164.6	-0.000229658
4162.67	-0.000138975
4160.74	-9.00821e-05
4158.82	-0.000191042
4156.89	-0.0001664
4154.96	-0.000158087
4153.03	-0.00030519
4151.1	-0.000342438
4149.18	-0.000261514
4147.25	-0.000405239
4145.32	-0.000393653
4143.39	-0.000184418
4141.46	-0.000137319
4139.54	-0.000298369
4137.61	-0.000357171
4135.68	-0.000442942
4133.75	-0.000422254
4131.82	-0.000384185
4129.9	-0.000305753
4127.97	-0.000208694
4126.04	-0.000225187
4124.11	-0.000174581
4122.18	-0.000226975
4120.26	-0.000326446
4118.33	-0.000360382
4116.4	-0.000322275
4114.47	-0.00031254
4112.54	-0.000298634
4110.62	-0.000289098
4108.69	-0.000389151
4106.76	-0.000429337
4104.83	-0.000352105
4102.9	-0.000382132
4100.98	-0.000360249
4099.05	-0.00030317
4097.12	-0.000106778
4095.19	-0.000105188
4093.26	-0.000305918
4091.34	-0.000352271
4089.41	-0.000338365
4087.48	-0.000173455
4085.55	-6.14924e-05
4083.62	-0.000181735
4081.7	-0.000277508
4079.77	-0.000219822
4077.84	-0.000239029
4075.91	-0.000240983
4073.98	-0.000149475
4072.06	-7.46446e-05
4070.13	-0.000197865
4068.2	-0.000263435
4066.27	-0.00021247
4064.34	-0.0001351
4062.42	-0.000202832
4060.49	-0.000324692
4058.56	-0.000293601
4056.63	-0.000183756
4054.7	-0.000263866
4052.78	-0.000317507
4050.85	-0.000302508
4048.92	-0.000255256
4046.99	-0.00031605
4045.06	-0.000347569
4043.14	-0.000293766
4041.21	-0.000259826
4039.28	-0.000243003
4037.35	-0.00014815
4035.42	-0.000115126
4033.5	-0.000155868
4031.57	-0.000253567
4029.64	-0.000348397
4027.71	-0.000261945
4025.78	-0.000258932
4023.86	-0.000291945
4021.93	-0.000300587
4020	-0.000324427
4018.07	-0.000227074
4016.14	-0.000153218
4014.22	-0.000239692
4012.29	-0.000230585
4010.36	-0.000124136
4008.43	-8.67031e-05
4006.5	-6.93109e-05
4004.58	-9.87282e-05
4002.65	4.18172e-05
4000.72	-4.67187e-06
3998.79	-0.000249924
3996.86	-0.00033287
3994.94	-0.000379385
3993.01	-0.000391931
3991.08	-0.000287243
3989.15	-0.000259759
3987.22	-0.000221743
3985.29	-0.000182497
3983.37	-0.000215417
3981.44	-0.000141625
3979.51	-0.000169216
3977.58	-0.000192499
3975.66	-0.000142089
3973.73	-0.000100285
3971.8	-0.000114231
3969.87	-0.000256978
3967.94	-0.000310521
3966.01	-0.00032489
3964.09	-0.000303336
3962.16	-0.000350814
3960.23	-0.000317606
3958.3	-0.000288535
3956.38	-0.00021502
3954.45	-0.000189717
3952.52	-0.000211642
3950.59	-0.00014391
3948.66	-8.4583e-05
3946.73	-0.000127912
3944.81	-0.000142089
3942.88	-4.61201e-05
3940.95	-0.00013139
3939.02	-0.000224326
3937.09	-0.000274396
3935.17	-0.000335353
3933.24	-0.000329823
3931.31	-0.000255521
3929.38	-0.000271879
3927.45	-0.000307872
3925.53	-0.000233168
3923.6	-0.000236678
3921.67	-0.000329757
3919.74	-0.000361408
3917.81	-0.000355482
3915.89	-0.00027519
3913.96	-0.000295422
3912.03	-0.000317871
3910.1	-0.00035184
3908.17	-0.000399082
3906.25	-0.000432912
3904.32	-0.000278634
3902.39	-0.000168288
3900.46	-0.000268866
3898.53	-0.000361541
3896.61	-0.00041709
3894.68	-0.000417388
3892.75	-0.0003234
3890.82	-0.000261746
3888.89	-0.000274561
3886.97	-0.000349423
3885.04	-0.000368559
3883.11	-0.000341511
3881.18	-0.000342968
3879.25	-0.000311878
3877.33	-0.000260389
3875.4	-0.000395838
3873.47	-0.000446318
3871.54	-0.000324195
3869.61	-0.000339591
3867.69	-0.000256051
3865.76	-0.000193228
3863.83	-0.000217239
3861.9	-0.000175177
3859.97	-0.000139803
3858.05	-0.000303071
3856.12	-0.000269429
3854.19	-0.000251646
3852.26	-0.00021704
3850.33	-9.63762e-05
3848.41	-0.000267409
3846.48	-0.000415071
3844.55	-0.000431092
3842.62	-0.000399611
3840.69	-0.000167129
3838.77	0.000117675
3836.84	3.99284e-05
3834.91	-0.000109163
3832.98	-0.000125328
3831.05	-5.31769e-05
3829.13	-4.61864e-05
3827.2	-0.000142619
3825.27	-0.000185345
3823.34	-8.66037e-05
3821.41	-7.54397e-05
3819.49	-0.00019038
3817.56	-9.94901e-05
3815.63	0.000104915
3813.7	1.78927e-05
3811.77	-0.000104823
3809.85	-8.00445e-05
3807.92	-0.000123208
3805.99	-9.27743e-06
3804.06	0.000145649
3802.13	3.22406e-05
3800.21	-6.89133e-05
3798.28	5.62321e-05
3796.35	5.72594e-05
3794.42	2.98548e-05
3792.49	0.00013186
3790.57	0.000150388
3788.64	6.65051e-05
3786.71	-8.8467e-06
3784.78	-5.59962e-06
3782.85	0.000198021
3780.93	0.000242841
3779	0.00010634
3777.07	8.10203e-05
3775.14	0.000149858
3773.21	0.00020359
3771.29	0.000173591
3769.36	0.00011045
3767.43	0.000193579
3765.5	0.000280537
3763.57	0.000252455
3761.65	0.000260346
3759.72	0.000338596
3757.79	0.000293037
3755.86	0.000383232
3753.93	0.000500082
3752.01	0.000576915
3750.08	0.000551668
3748.15	0.000408039
3746.22	0.000331334
3744.29	0.000375472
3742.37	0.000430392
3740.44	0.000542975
3738.51	0.000613811
3736.58	0.000535445
3734.65	0.000489002
3732.73	0.000533122
3730.8	0.000770752
3728.87	0.000919515
3726.94	0.000985032
3725.01	0.00106713
3723.09	0.00117496
3721.16	0.00125933
3719.23	0.00146085
3717.3	0.00156223
3715.37	0.00152784
3713.45	0.00158321
3711.52	0.00164673
3709.59	0.00183652
3707.66	0.00192794
3705.73	0.00198741
3703.81	0.00214349
3701.88	0.002234
3699.95	0.00241642
3698.02	0.00252938
3696.09	0.00262678
3694.17	0.00268175
3692.24	0.0028805
3690.31	0.0031388
3688.38	0.00309776
3686.45	0.00319294
3684.53	0.00345614
3682.6	0.00364586
3680.67	0.00371697
3678.74	0.00386701
3676.81	0.00401333
3674.89	0.00410834
3672.96	0.00444976
3671.03	0.00469416
3669.1	0.00494366
3667.17	0.00510261
3665.25	0.005392
3663.32	0.00583123
3661.39	0.00626294
3659.46	0.00668431
3657.53	0.00691469
3655.61	0.00712846
3653.68	0.00751389
3651.75	0.00791336
3649.82	0.0081812
3647.89	0.00851343
3645.97	0.00902274
3644.04	0.00953268
3642.11	0.0100404
3640.18	0.010505
3638.25	0.0109085
3636.33	0.0113359
3634.4	0.0118129
3632.47	0.0124703
3630.54	0.0131503
3628.61	0.0137817
3626.69	0.0143989
3624.76	0.0149005
3622.83	0.0155683
3620.9	0.0164011
3618.97	0.0172262
3617.05	0.0179359
3615.12	0.018761
3613.19	0.0196619
3611.26	0.0205732
3609.33	0.0214431
3607.41	0.0222582
3605.48	0.0232237
3603.55	0.0243191
3601.62	0.0253686
3599.69	0.0264179
3597.77	0.0275532
3595.84	0.0287567
3593.91	0.0298942
3591.98	0.031262
3590.05	0.0328832
3588.12	0.0342978
3586.2	0.0356995
3584.27	0.0372584
3582.34	0.0388857
3580.41	0.0407466
3578.49	0.0426111
3576.56	0.0444624
3574.63	0.0464093
3572.7	0.0483376
3570.77	0.0503748
3568.85	0.0525677
3566.92	0.0548406
3564.99	0.0572481
3563.06	0.0597074
3561.13	0.062237
3559.21	0.064861
3557.28	0.0675641
3555.35	0.0704697
3553.42	0.0736633
3551.49	0.0768173
3549.56	0.0801089
3547.64	0.0835444
3545.71	0.0870635
3543.78	0.0909058
3541.85	0.0949808
3539.93	0.099061
3538	0.103312
3536.07	0.107701
3534.14	0.112346
3532.21	0.117204
3530.28	0.12224
3528.36	0.127529
3526.43	0.132952
3524.5	0.138489
3522.57	0.144381
3520.65	0.150402
3518.72	0.156606
3516.79	0.163197
3514.86	0.169995
3512.93	0.17691
3511	0.183977
3509.08	0.191213
3507.15	0.198715
3505.22	0.206488
3503.29	0.214293
3501.37	0.222276
3499.44	0.230533
3497.51	0.23894
3495.58	0.247345
3493.65	0.25601
3491.72	0.264629
3489.8	0.273213
3487.87	0.281839
3485.94	0.2907
3484.01	0.299578
3482.08	0.308179
3480.16	0.316897
3478.23	0.325553
3476.3	0.333816
3474.37	0.341763
3472.44	0.349689
3470.52	0.357751
3468.59	0.365593
3466.66	0.372834
3464.73	0.379549
3462.81	0.386264
3460.88	0.39275
3458.95	0.398622
3457.02	0.403797
3455.09	0.408564
3453.16	0.412916
3451.24	0.416996
3449.31	0.420634
3447.38	0.423823
3445.45	0.426452
3443.52	0.428558
3441.6	0.43035
3439.67	0.431728
3437.74	0.432588
3435.81	0.433008
3433.88	0.432703
3431.96	0.43221
3430.03	0.43179
3428.1	0.430706
3426.17	0.42899
3424.24	0.42717
3422.32	0.425078
3420.39	0.422693
3418.46	0.420114
3416.53	0.417003
3414.6	0.413966
3412.68	0.410967
3410.75	0.40779
3408.82	0.404895
3406.89	0.402303
3404.96	0.399613
3403.04	0.397055
3401.11	0.394845
3399.18	0.392553
3397.25	0.390404
3395.32	0.388374
3393.4	0.386312
3391.47	0.384114
3389.54	0.382083
3387.61	0.380283
3385.68	0.378585
3383.76	0.376631
3381.83	0.374849
3379.9	0.373592
3377.97	0.372509
3376.04	0.371467
3374.12	0.370289
3372.19	0.36903
3370.26	0.367924
3368.33	0.367055
3366.4	0.366033
3364.48	0.365204
3362.55	0.364422
3360.62	0.363426
3358.69	0.362651
3356.76	0.362082
3354.84	0.36133
3352.91	0.36066
3350.98	0.360006
3349.05	0.35914
3347.12	0.358339
3345.2	0.357636
3343.27	0.35701
3341.34	0.356413
3339.41	0.355994
3337.48	0.355403
3335.56	0.354715
3333.63	0.354241
3331.7	0.353625
3329.77	0.353068
3327.84	0.352726
3325.92	0.352251
3323.99	0.351566
3322.06	0.350701
3320.13	0.350098
3318.2	0.349542
3316.28	0.348791
3314.35	0.348177
3312.42	0.347749
3310.49	0.347095
3308.56	0.346249
3306.64	0.345369
3304.71	0.344708
3302.78	0.344238
3300.85	0.343787
3298.92	0.343266
3297	0.34262
3295.07	0.341966
3293.14	0.34129
3291.21	0.340739
3289.28	0.340369
3287.36	0.339832
3285.43	0.339277
3283.5	0.33884
3281.57	0.338451
3279.64	0.337855
3277.72	0.337494
3275.79	0.337264
3273.86	0.336971
3271.93	0.337009
3270	0.336985
3268.08	0.336732
3266.15	0.336704
3264.22	0.33673
3262.29	0.336826
3260.36	0.337081
3258.44	0.337138
3256.51	0.337194
3254.58	0.337593
3252.65	0.338141
3250.72	0.338694
3248.8	0.33931
3246.87	0.340335
3244.94	0.341592
3243.01	0.342753
3241.08	0.344291
3239.16	0.346003
3237.23	0.347838
3235.3	0.350416
3233.37	0.3532
3231.44	0.355995
3229.52	0.359248
3227.59	0.362928
3225.66	0.367328
3223.73	0.372097
3221.8	0.377141
3219.88	0.382175
3217.95	0.387651
3216.02	0.393406
3214.09	0.398914
3212.16	0.404239
3210.24	0.40918
3208.31	0.41386
3206.38	0.418081
3204.45	0.421704
3202.52	0.424975
3200.6	0.427793
3198.67	0.430256
3196.74	0.432326
3194.81	0.433764
3192.88	0.434786
3190.96	0.435788
3189.03	0.436664
3187.1	0.436948
3185.17	0.437155
3183.24	0.437387
3181.32	0.437495
3179.39	0.437561
3177.46	0.437718
3175.53	0.437612
3173.6	0.437485
3171.68	0.437349
3169.75	0.437153
3167.82	0.436813
3165.89	0.436346
3163.96	0.436238
3162.04	0.435944
3160.11	0.43561
3158.18	0.435753
3156.25	0.436168
3154.32	0.436423
3152.4	0.436452
3150.47	0.436947
3148.54	0.437858
3146.61	0.438375
3144.68	0.438837
3142.76	0.43964
3140.83	0.44051
3138.9	0.4415
3136.97	0.442687
3135.04	0.443508
3133.12	0.444398
3131.19	0.445363
3129.26	0.446234
3127.33	0.447224
3125.4	0.447964
3123.48	0.44839
3121.55	0.448789
3119.62	0.449057
3117.69	0.448989
3115.76	0.448547
3113.84	0.447753
3111.91	0.44643
3109.98	0.444939
3108.05	0.443279
3106.12	0.440903
3104.2	0.437873
3102.27	0.434262
3100.34	0.430334
3098.41	0.426124
3096.48	0.421497
3094.56	0.416343
3092.63	0.410871
3090.7	0.40481
3088.77	0.397996
3086.84	0.390794
3084.92	0.383353
3082.99	0.375476
3081.06	0.366689
3079.13	0.357076
3077.2	0.347275
3075.28	0.337072
3073.35	0.326089
3071.42	0.314799
3069.49	0.302952
3067.56	0.290876
3065.63	0.278956
3063.71	0.267104
3061.78	0.255161
3059.85	0.243134
3057.92	0.231693
3055.99	0.22064
3054.07	0.209894
3052.14	0.199584
3050.21	0.189793
3048.28	0.18078
3046.35	0.172109
3044.43	0.163969
3042.5	0.156441
3040.57	0.149158
3038.64	0.142112
3036.71	0.135682
3034.79	0.129745
3032.86	0.124207
3030.93	0.119051
3029	0.114253
3027.07	0.109701
3025.15	0.10543
3023.22	0.101499
3021.29	0.0976672
3019.36	0.0941274
3017.43	0.0910046
3015.51	0.0880293
3013.58	0.0853187
3011.65	0.0827382
3009.72	0.0802979
3007.79	0.0779926
3005.87	0.0758443
3003.94	0.0737613
3002.01	0.0718685
3000.08	0.0703869
2998.15	0.0688213
2996.23	0.0672423
2994.3	0.065746
2992.37	0.0644695
2990.44	0.0631907
2988.51	0.061925
2986.59	0.0608491
2984.66	0.0597778
2982.73	0.0587293
2980.8	0.0578418
2978.87	0.0570658
2976.95	0.056201
2975.02	0.0552201
2973.09	0.0544784
2971.16	0.0538496
2969.23	0.0531238
2967.31	0.0524703
2965.38	0.0518468
2963.45	0.0512123
2961.52	0.0506597
2959.59	0.0500285
2957.67	0.0495968
2955.74	0.0492799
2953.81	0.0488493
2951.88	0.0482904
2949.95	0.0478108
2948.03	0.0474817
2946.1	0.0471324
2944.17	0.0467372
2942.24	0.0462252
2940.31	0.045928
2938.39	0.0456694
2936.46	0.0451961
2934.53	0.0449459
2932.6	0.0447167
2930.67	0.0443287
2928.75	0.0441131
2926.82	0.0438748
2924.89	0.0435464
2922.96	0.0433496
2921.03	0.0433569
2919.11	0.0431568
2917.18	0.0426515
2915.25	0.0422802
2913.32	0.0420321
2911.39	0.0418965
2909.47	0.0417604
2907.54	0.0413575
2905.61	0.0410884
2903.68	0.0409517
2901.75	0.0407149
2899.83	0.0404658
2897.9	0.0401525
2895.97	0.0397605
2894.04	0.0394215
2892.11	0.0391204
2890.19	0.0388241
2888.26	0.0386031
2886.33	0.0383446
2884.4	0.0381617
2882.47	0.0380256
2880.55	0.0376854
2878.62	0.0374176
2876.69	0.0371969
2874.76	0.0370037
2872.83	0.0367066
2870.91	0.0365375
2868.98	0.0364226
2867.05	0.0360652
2865.12	0.035793
2863.19	0.0354803
2861.27	0.0351435
2859.34	0.0350508
2857.41	0.0347739
2855.48	0.0343394
2853.55	0.0339063
2851.63	0.0337109
2849.7	0.0336143
2847.77	0.0332775
2845.84	0.0328577
2843.91	0.0326181
2841.99	0.0322629
2840.06	0.0318925
2838.13	0.0316408
2836.2	0.0313833
2834.27	0.031336
2832.35	0.0312064
2830.42	0.0308996
2828.49	0.0305252
2826.56	0.03019
2824.63	0.0298696
2822.71	0.0295596
2820.78	0.0292505
2818.85	0.0289065
2816.92	0.0287257
2814.99	0.0285811
2813.07	0.0282861
2811.14	0.027951
2809.21	0.0277832
2807.28	0.0275843
2805.35	0.0274448
2803.43	0.0272225
2801.5	0.0268791
2799.57	0.0267153
2797.64	0.0264476
2795.71	0.0261702
2793.79	0.0259164
2791.86	0.0255987
2789.93	0.0253463
2788	0.025128
2786.07	0.0249849
2784.15	0.024839
2782.22	0.0245879
2780.29	0.0243285
2778.36	0.0241931
2776.43	0.0239595
2774.51	0.0236892
2772.58	0.0233859
2770.65	0.0231679
2768.72	0.0230079
2766.79	0.0227204
2764.87	0.022398
2762.94	0.0221938
2761.01	0.0219514
2759.08	0.0218092
2757.15	0.0217445
2755.23	0.0215757
2753.3	0.0212651
2751.37	0.0210816
2749.44	0.0209591
2747.51	0.0208488
2745.59	0.0206749
2743.66	0.0204035
2741.73	0.0201996
2739.8	0.019943
2737.87	0.019823
2735.95	0.0196954
2734.02	0.0194976
2732.09	0.0192841
2730.16	0.0190938
2728.23	0.0189708
2726.31	0.0188486
2724.38	0.0185921
2722.45	0.0184551
2720.52	0.018449
2718.59	0.0184214
2716.67	0.0183604
2714.74	0.0181142
2712.81	0.0177903
2710.88	0.0175518
2708.95	0.0173691
2707.02	0.0172383
2705.1	0.0170567
2703.17	0.0168656
2701.24	0.0167011
2699.31	0.0166703
2697.39	0.0166887
2695.46	0.0165908
2693.53	0.0165327
2691.6	0.0165113
2689.67	0.0163519
2687.75	0.0160749
2685.82	0.0159164
2683.89	0.0158835
2681.96	0.0158114
2680.03	0.0157526
2678.11	0.0156905
2676.18	0.015708
2674.25	0.0157515
2672.32	0.0155459
2670.39	0.0153973
2668.46	0.0153449
2666.54	0.0152804
2664.61	0.0152666
2662.68	0.0151929
2660.75	0.0150855
2658.83	0.0149862
2656.9	0.0149049
2654.97	0.0147586
2653.04	0.0148653
2651.11	0.0150358
2649.19	0.0149671
2647.26	0.0148171
2645.33	0.0146391
2643.4	0.0145482
2641.47	0.0145324
2639.55	0.0145807
2637.62	0.01469
2635.69	0.0146179
2633.76	0.0145527
2631.83	0.014584
2629.9	0.0145628
2627.98	0.0145845
2626.05	0.014577
2624.12	0.014447
2622.19	0.0144309
2620.27	0.0144801
2618.34	0.0145051
2616.41	0.0143827
2614.48	0.0142696
2612.55	0.0143176
2610.62	0.0144458
2608.7	0.01441
2606.77	0.0143168
2604.84	0.0143763
2602.91	0.0143992
2600.98	0.0144108
2599.06	0.0144175
2597.13	0.0143331
2595.2	0.0143341
2593.27	0.0142628
2591.34	0.0141633
2589.42	0.0142081
2587.49	0.0142912
2585.56	0.0142987
2583.63	0.0142845
2581.71	0.0142696
2579.78	0.0142988
2577.85	0.0145139
2575.92	0.0145136
2573.99	0.0144151
2572.06	0.0143313
2570.14	0.0144382
2568.21	0.0146145
2566.28	0.0146783
2564.35	0.0147982
2562.42	0.0149543
2560.5	0.0148353
2558.57	0.0146552
2556.64	0.0146565
2554.71	0.0146816
2552.78	0.0146941
2550.86	0.0146868
2548.93	0.0146616
2547	0.0146292
2545.07	0.0147318
2543.15	0.0148978
2541.22	0.0149628
2539.29	0.0149626
2537.36	0.0149358
2535.43	0.0150013
2533.5	0.0151073
2531.58	0.0151237
2529.65	0.0150385
2527.72	0.015204
2525.79	0.0152773
2523.86	0.0152231
2521.94	0.0152823
2520.01	0.0153917
2518.08	0.0154359
2516.15	0.0154274
2514.22	0.0155623
2512.3	0.0157002
2510.37	0.0157281
2508.44	0.0158196
2506.51	0.0158674
2504.58	0.0158291
2502.66	0.0158515
2500.73	0.0158987
2498.8	0.015897
2496.87	0.0159993
2494.94	0.0159935
2493.02	0.0160679
2491.09	0.0161712
2489.16	0.0161877
2487.23	0.0163913
2485.3	0.0164217
2483.38	0.0166389
2481.45	0.0167652
2479.52	0.0166087
2477.59	0.0165056
2475.66	0.0166338
2473.74	0.0168814
2471.81	0.0170029
2469.88	0.0169509
2467.95	0.0168961
2466.02	0.0169476
2464.1	0.0171955
2462.17	0.0172824
2460.24	0.0172873
2458.31	0.0173363
2456.38	0.0173404
2454.46	0.0174367
2452.53	0.0175634
2450.6	0.0176795
2448.67	0.0177528
2446.74	0.0177399
2444.82	0.0179169
2442.89	0.0180397
2440.96	0.0181309
2439.03	0.0183241
2437.1	0.0184089
2435.18	0.0184537
2433.25	0.0185558
2431.32	0.0186539
2429.39	0.0187258
2427.46	0.018821
2425.54	0.0188051
2423.61	0.0190385
2421.68	0.0191197
2419.75	0.0191106
2417.82	0.019225
2415.9	0.0192624
2413.97	0.0193509
2412.04	0.0195919
2410.11	0.0197484
2408.18	0.0198216
2406.26	0.0197938
2404.33	0.0197689
2402.4	0.0198577
2400.47	0.0199318
2398.54	0.0200317
2396.62	0.0202909
2394.69	0.0204415
2392.76	0.0205633
2390.83	0.0204562
2388.9	0.0203965
2386.98	0.0207013
2385.05	0.0209845
2383.12	0.021112
2381.19	0.0212222
2379.26	0.0213571
2377.34	0.0213771
2375.41	0.0215203
2373.48	0.0216848
2371.55	0.0216558
2369.62	0.0217228
2367.7	0.0218761
2365.77	0.0219718
2363.84	0.022173
2361.91	0.0223046
2359.98	0.0224005
2358.06	0.0226669
2356.13	0.0228373
2354.2	0.0230197
2352.27	0.0231483
2350.34	0.0232362
2348.42	0.0234069
2346.49	0.0237863
2344.56	0.0241213
2342.63	0.0244065
2340.7	0.0243812
2338.78	0.0241764
2336.85	0.0242903
2334.92	0.0245368
2332.99	0.0246479
2331.06	0.0246241
2329.14	0.0247232
2327.21	0.0248922
2325.28	0.0251337
2323.35	0.0253528
2321.42	0.0255791
2319.5	0.0257481
2317.57	0.0257863
2315.64	0.0258831
2313.71	0.0261274
2311.78	0.0263191
2309.86	0.0263998
2307.93	0.0265167
2306	0.0267378
2304.07	0.0270176
2302.14	0.0273203
2300.22	0.0275097
2298.29	0.0277096
2296.36	0.0277791
2294.43	0.0278398
2292.5	0.0280403
2290.58	0.028137
2288.65	0.0281653
2286.72	0.0282403
2284.79	0.0284524
2282.86	0.0286644
2280.94	0.0287409
2279.01	0.0288567
2277.08	0.0290822
2275.15	0.0291948
2273.22	0.029282
2271.3	0.0293044
2269.37	0.0293376
2267.44	0.0294372
2265.51	0.0295771
2263.58	0.029716
2261.66	0.0298174
2259.73	0.0300178
2257.8	0.03016
2255.87	0.0300338
2253.94	0.0299233
2252.02	0.0299987
2250.09	0.0299907
2248.16	0.0298946
2246.23	0.0300525
2244.3	0.0300251
2242.38	0.0300514
2240.45	0.0302491
2238.52	0.0302266
2236.59	0.030207
2234.66	0.0300844
2232.74	0.0297903
2230.81	0.0297098
2228.88	0.0296851
2226.95	0.029672
2225.02	0.0296393
2223.1	0.0295329
2221.17	0.0294109
2219.24	0.0292853
2217.31	0.0290825
2215.38	0.0288283
2213.46	0.028719
2211.53	0.0286421
2209.6	0.0285078
2207.67	0.0282593
2205.74	0.0280205
2203.81	0.0277826
2201.89	0.0275466
2199.96	0.0275276
2198.03	0.0272708
2196.1	0.0268961
2194.18	0.0266745
2192.25	0.0265541
2190.32	0.0263632
2188.39	0.0261095
2186.46	0.0258238
2184.54	0.0255897
2182.61	0.0253563
2180.68	0.0251445
2178.75	0.025036
2176.82	0.0248393
2174.9	0.0244696
2172.97	0.0242387
2171.04	0.0239139
2169.11	0.0235045
2167.18	0.0234054
2165.25	0.0233145
2163.33	0.0229449
2161.4	0.0226188
2159.47	0.0224318
2157.54	0.022195
2155.62	0.0218565
2153.69	0.021594
2151.76	0.021337
2149.83	0.0211264
2147.9	0.0209362
2145.98	0.0206164
2144.05	0.0202776
2142.12	0.0201271
2140.19	0.0199345
2138.26	0.0196457
2136.33	0.0192842
2134.41	0.0192033
2132.48	0.0192561
2130.55	0.0191224
2128.62	0.0189378
2126.69	0.0186727
2124.77	0.018407
2122.84	0.018222
2120.91	0.0180232
2118.98	0.0177088
2117.05	0.0174536
2115.13	0.0173649
2113.2	0.0172386
2111.27	0.0171274
2109.34	0.017023
2107.41	0.0168681
2105.49	0.0167875
2103.56	0.0167052
2101.63	0.0163534
2099.7	0.0159667
2097.77	0.0158821
2095.85	0.0159014
2093.92	0.0157852
2091.99	0.0157022
2090.06	0.0156422
2088.13	0.0154711
2086.21	0.0153084
2084.28	0.0152292
2082.35	0.0150906
2080.42	0.0149117
2078.49	0.0147512
2076.57	0.0147036
2074.64	0.0146565
2072.71	0.0146608
2070.78	0.0146355
2068.85	0.0144953
2066.93	0.0143424
2065	0.0143823
2063.07	0.0142612
2061.14	0.0141777
2059.21	0.0140932
2057.29	0.0138845
2055.36	0.0137818
2053.43	0.0138943
2051.5	0.0139316
2049.57	0.0137085
2047.65	0.0134643
2045.72	0.0133387
2043.79	0.0134459
2041.86	0.0135554
2039.93	0.0135213
2038.01	0.013453
2036.08	0.0134018
2034.15	0.0133641
2032.22	0.0132967
2030.29	0.0132816
2028.37	0.013315
2026.44	0.0131323
2024.51	0.0131121
2022.58	0.0131791
2020.65	0.0131587
2018.73	0.0131639
2016.8	0.0130349
2014.87	0.013012
2012.94	0.0130498
2011.01	0.013002
2009.09	0.0129723
2007.16	0.0129549
2005.23	0.0130224
2003.3	0.0131199
2001.37	0.0131159
1999.45	0.0131231
1997.52	0.0130182
1995.59	0.0129658
1993.66	0.0129582
1991.73	0.0128561
1989.81	0.0128076
1987.88	0.0130474
1985.95	0.0131436
1984.02	0.0131442
1982.09	0.0132467
1980.17	0.0132943
1978.24	0.0133271
1976.31	0.0133669
1974.38	0.0133498
1972.45	0.0133834
1970.53	0.0133755
1968.6	0.0133711
1966.67	0.0134019
1964.74	0.0135054
1962.81	0.0135083
1960.89	0.0135582
1958.96	0.0137198
1957.03	0.0138378
1955.1	0.0138552
1953.17	0.0137388
1951.25	0.0137091
1949.32	0.013758
1947.39	0.0137594
1945.46	0.0139164
1943.53	0.0141428
1941.61	0.0142122
1939.68	0.0141776
1937.75	0.0141902
1935.82	0.0143046
1933.89	0.014391
1931.97	0.0144347
1930.04	0.0145612
1928.11	0.0148293
1926.18	0.0147886
1924.25	0.0147532
1922.33	0.0148633
1920.4	0.0151116
1918.47	0.0153018
1916.54	0.0152813
1914.61	0.0152838
1912.69	0.0154204
1910.76	0.0155553
1908.83	0.0156153
1906.9	0.015669
1904.97	0.0158916
1903.05	0.0161168
1901.12	0.0162314
1899.19	0.0161988
1897.26	0.0163091
1895.33	0.0165374
1893.41	0.016597
1891.48	0.0164692
1889.55	0.0165573
1887.62	0.0169185
1885.69	0.0172389
1883.77	0.0173461
1881.84	0.017271
1879.91	0.0173194
1877.98	0.0174808
1876.05	0.0175435
1874.13	0.0175778
1872.2	0.0176557
1870.27	0.0178278
1868.34	0.0179903
1866.41	0.0180817
1864.49	0.0183185
1862.56	0.0183954
1860.63	0.01846
1858.7	0.0184521
1856.77	0.0185253
1854.85	0.0187647
1852.92	0.0190449
1850.99	0.0192564
1849.06	0.0193302
1847.13	0.0194488
1845.21	0.0196579
1843.28	0.0199034
1841.35	0.0200645
1839.42	0.0201315
1837.49	0.0202228
1835.57	0.0203855
1833.64	0.0204143
1831.71	0.0205401
1829.78	0.0206964
1827.85	0.0207244
1825.93	0.0208911
1824	0.0211064
1822.07	0.0212852
1820.14	0.0213924
1818.21	0.0215919
1816.29	0.0218264
1814.36	0.0221092
1812.43	0.0223369
1810.5	0.022442
1808.57	0.02252
1806.65	0.0226876
1804.72	0.022895
1802.79	0.0230498
1800.86	0.0232273
1798.93	0.0235539
1797.01	0.0238645
1795.08	0.0239713
1793.15	0.0240008
1791.22	0.0242974
1789.29	0.0247374
1787.37	0.0250033
1785.44	0.0251259
1783.51	0.0255228
1781.58	0.0260468
1779.65	0.0265001
1777.73	0.0267168
1775.8	0.0267715
1773.87	0.0271481
1771.94	0.0276049
1770.01	0.0278016
1768.08	0.0280483
1766.16	0.0284776
1764.23	0.0288759
1762.3	0.0292912
1760.37	0.0298381
1758.45	0.030394
1756.52	0.0308464
1754.59	0.0312191
1752.66	0.0317303
1750.73	0.032353
1748.81	0.0328618
1746.88	0.0334316
1744.95	0.0339636
1743.02	0.0345604
1741.09	0.0351419
1739.17	0.0356707
1737.24	0.0363423
1735.31	0.0369973
1733.38	0.0377163
1731.45	0.0384288
1729.52	0.0390637
1727.6	0.0397472
1725.67	0.0405559
1723.74	0.0412677
1721.81	0.0419248
1719.89	0.0427118
1717.96	0.0434431
1716.03	0.0441754
1714.1	0.0448462
1712.17	0.0452973
1710.24	0.0457991
1708.32	0.0465157
1706.39	0.0472184
1704.46	0.0479371
1702.53	0.0485094
1700.6	0.048939
1698.68	0.0493647
1696.75	0.049934
1694.82	0.0505187
1692.89	0.0508603
1690.96	0.0512165
1689.04	0.0514553
1687.11	0.0517962
1685.18	0.0523035
1683.25	0.0526222
1681.33	0.052897
1679.4	0.0530073
1677.47	0.0530646
1675.54	0.0534061
1673.61	0.0538811
1671.68	0.0543837
1669.76	0.054709
1667.83	0.0547587
1665.9	0.0549698
1663.97	0.0553544
1662.04	0.0556293
1660.12	0.0558843
1658.19	0.0563382
1656.26	0.0567716
1654.33	0.0570885
1652.4	0.057386
1650.48	0.05784
1648.55	0.0582565
1646.62	0.0583708
1644.69	0.0586507
1642.76	0.0591721
1640.84	0.059346
1638.91	0.0593227
1636.98	0.0594912
1635.05	0.0597096
1633.12	0.0597827
1631.2	0.0598224
1629.27	0.0595671
1627.34	0.0591178
1625.41	0.0586116
1623.48	0.0580886
1621.56	0.0573721
1619.63	0.0567772
1617.7	0.0565437
1615.77	0.0560067
1613.84	0.0554664
1611.92	0.0550921
1609.99	0.054748
1608.06	0.0544423
1606.13	0.0541328
1604.2	0.0541329
1602.28	0.0540063
1600.35	0.0538596
1598.42	0.0536364
1596.49	0.0532014
1594.56	0.053008
1592.64	0.0530564
1590.71	0.0529501
1588.78	0.0528741
1586.85	0.0527113
1584.92	0.0527109
1583	0.0528773
1581.07	0.0526596
1579.14	0.0524988
1577.21	0.0522531
1575.28	0.0520789
1573.36	0.0520495
1571.43	0.0522161
1569.5	0.0519531
1567.57	0.0517615
1565.64	0.0516096
1563.72	0.0514974
1561.79	0.0516808
1559.86	0.0515202
1557.93	0.0510778
1556	0.0508471
1554.08	0.0506666
1552.15	0.0507586
1550.22	0.0505108
1548.29	0.0502787
1546.36	0.0501979
1544.44	0.0500232
1542.51	0.0498141
1540.58	0.0496834
1538.65	0.0495206
1536.72	0.0492817
1534.8	0.0490846
1532.87	0.0490556
1530.94	0.0489325
1529.01	0.0489308
1527.08	0.0489429
1525.16	0.0489583
1523.23	0.0487872
1521.3	0.0485089
1519.37	0.048148
1517.44	0.0478885
1515.52	0.0477649
1513.59	0.0477155
1511.66	0.0479151
1509.73	0.0479715
1507.8	0.0477299
1505.88	0.0474962
1503.95	0.0473442
1502.02	0.0470752
1500.09	0.0465872
1498.16	0.046183
1496.24	0.0459237
1494.31	0.0455003
1492.38	0.0454596
1490.45	0.0453776
1488.52	0.0449743
1486.6	0.0445004
1484.67	0.044224
1482.74	0.0441485
1480.81	0.0438407
1478.88	0.0435243
1476.96	0.0433028
1475.03	0.0430643
1473.1	0.0426455
1471.17	0.0421812
1469.24	0.0419454
1467.32	0.0417411
1465.39	0.0414574
1463.46	0.0410098
1461.53	0.0405912
1459.6	0.0404136
1457.68	0.0405703
1455.75	0.0404075
1453.82	0.0399325
1451.89	0.0395952
1449.96	0.0392669
1448.04	0.0390845
1446.11	0.0387024
1444.18	0.0383364
1442.25	0.0382029
1440.32	0.0380419
1438.4	0.037588
1436.47	0.0372678
1434.54	0.0369994
1432.61	0.0368607
1430.68	0.0366989
1428.76	0.0367521
1426.83	0.0366128
1424.9	0.0362932
1422.97	0.0358463
1421.04	0.0355209
1419.12	0.03511
1417.19	0.0347744
1415.26	0.034843
1413.33	0.0347349
1411.4	0.0341821
1409.48	0.0339136
1407.55	0.0339806
1405.62	0.0338506
1403.69	0.0334158
1401.76	0.0334779
1399.84	0.0334411
1397.91	0.0328513
1395.98	0.0327318
1394.05	0.0326774
1392.12	0.0324268
1390.2	0.0320417
1388.27	0.0317551
1386.34	0.0317925
1384.41	0.0317033
1382.48	0.0315555
1380.56	0.0312979
1378.63	0.0309365
1376.7	0.0307214
1374.77	0.0308564
1372.84	0.0308929
1370.92	0.0306321
1368.99	0.0304369
1367.06	0.0303814
1365.13	0.0301489
1363.2	0.0299184
1361.28	0.0297679
1359.35	0.0295581
1357.42	0.029508
1355.49	0.0294525
1353.56	0.0293871
1351.64	0.0292773
1349.71	0.0289363
1347.78	0.0287826
1345.85	0.0288984
1343.92	0.0288956
1342	0.028675
1340.07	0.0285192
1338.14	0.0283934
1336.21	0.0283877
1334.28	0.0282333
1332.36	0.0278836
1330.43	0.0277424
1328.5	0.0278764
1326.57	0.0279052
1324.64	0.0278349
1322.72	0.0276343
1320.79	0.0275669
1318.86	0.0275293
1316.93	0.027226
1315	0.0271424
1313.08	0.0272951
1311.15	0.0270593
1309.22	0.0267622
1307.29	0.0266032
1305.36	0.0264635
1303.44	0.0265421
1301.51	0.0266942
1299.58	0.0266351
1297.65	0.0263788
1295.72	0.0261315
1293.8	0.0261612
1291.87	0.0263249
1289.94	0.0263412
1288.01	0.0261278
1286.08	0.0258429
1284.15	0.0257398
1282.23	0.0255418
1280.3	0.0254231
1278.37	0.0258908
1276.44	0.0258315
1274.52	0.0256365
1272.59	0.0256263
1270.66	0.025655
1268.73	0.0253893
1266.8	0.0250697
1264.88	0.0250063
1262.95	0.0251332
1261.02	0.0252904
1259.09	0.0252009
1257.16	0.025245
1255.24	0.0252062
1253.31	0.0249958
1251.38	0.0252322
1249.45	0.0254996
1247.52	0.0256545
1245.59	0.0256293
1243.67	0.0254132
1241.74	0.0250207
1239.81	0.0250182
1237.88	0.0249084
1235.96	0.0249718
1234.03	0.025288
1232.1	0.0252764
1230.17	0.0251803
1228.24	0.0253135
1226.31	0.0252251
1224.39	0.0251445
1222.46	0.0252227
1220.53	0.0252387
1218.6	0.0254352
1216.68	0.025692
1214.75	0.0256102
1212.82	0.0255404
1210.89	0.0252448
1208.96	0.0250546
1207.03	0.0252249
1205.11	0.0254541
1203.18	0.0255101
1201.25	0.0256681
1199.32	0.025952
1197.39	0.0260308
1195.47	0.0261914
1193.54	0.0262592
1191.61	0.0265144
1189.68	0.0267511
1187.75	0.0271282
1185.83	0.0278073
1183.9	0.028034
1181.97	0.0280716
1180.04	0.0284382
1178.11	0.0288937
1176.19	0.0294263
1174.26	0.0299752
1172.33	0.0304298
1170.4	0.0310597
1168.47	0.0317025
1166.55	0.0320817
1164.62	0.0329938
1162.69	0.0338685
1160.76	0.0343715
1158.83	0.0346772
1156.91	0.0351357
1154.98	0.0364566
1153.05	0.0373187
1151.12	0.0377283
1149.19	0.0385837
1147.27	0.0390182
1145.34	0.0395365
1143.41	0.040129
1141.48	0.0405703
1139.55	0.0411325
1137.63	0.0416128
1135.7	0.0422276
1133.77	0.0433352
1131.84	0.0438448
1129.91	0.0437926
1127.99	0.0439578
1126.06	0.0440681
1124.13	0.0438801
1122.2	0.0436208
1120.27	0.0435896
1118.35	0.0433514
1116.42	0.0429587
1114.49	0.0429333
1112.56	0.0427938
1110.63	0.0420655
1108.71	0.0410987
1106.78	0.0403271
1104.85	0.0401791
1102.92	0.0395991
1100.99	0.0386181
1099.07	0.0376925
1097.14	0.0369404
1095.21	0.0359459
1093.28	0.0342031
1091.35	0.0332328
1089.43	0.0324746
1087.5	0.0312547
1085.57	0.0300611
1083.64	0.029114
1081.71	0.0283634
1079.79	0.0276047
1077.86	0.0270038
1075.93	0.0258173
1074	0.0252258
1072.07	0.024954
1070.15	0.023939
1068.22	0.0236496
1066.29	0.0236728
1064.36	0.0230023
1062.43	0.0229415
1060.51	0.0228079
1058.58	0.0226347
1056.65	0.0234022
1054.72	0.0237051
1052.79	0.0231972
1050.87	0.0231482
1048.94	0.0236732
1047.01	0.0236389
1045.08	0.0237268
1043.15	0.0244695
1041.23	0.0252046
1039.3	0.0259035
1037.37	0.0256772
1035.44	0.0259027
1033.51	0.0270474
1031.59	0.0279215
1029.66	0.0285592
1027.73	0.0288077
1025.8	0.0289977
1023.87	0.0304228
1021.95	0.0315876
1020.02	0.0319416
1018.09	0.0322829
1016.16	0.0333235
1014.23	0.0349677
1012.31	0.0364817
1010.38	0.0379115
1008.45	0.0389711
1006.52	0.0403474
1004.59	0.0422509
1002.67	0.0439537
1000.74	0.045607
998.81	0.0470899
996.882	0.0486334
994.954	0.0505795
993.026	0.0527202
991.098	0.0554922
989.17	0.0581766
987.242	0.0608239
985.314	0.0639576
983.386	0.0666494
981.458	0.0692444
979.53	0.0723688
977.602	0.0758954
975.673	0.0795138
973.746	0.0834755
971.817	0.0870846
969.89	0.0908739
967.962	0.094942
966.034	0.0988598
964.106	0.102986
962.178	0.107088
960.25	0.110687
958.322	0.113979
956.394	0.117524
954.465	0.120921
952.538	0.123887
950.609	0.127138
948.682	0.130356
946.754	0.133038
944.826	0.135389
942.898	0.137885
940.97	0.13992
939.042	0.141405
937.113	0.142951
935.186	0.144759
933.257	0.146218
931.33	0.146885
929.401	0.147726
927.474	0.148438
925.546	0.148255
923.618	0.148929
921.69	0.14989
919.761	0.14995
917.833	0.149858
915.905	0.149925
913.978	0.149605
912.049	0.149773
910.122	0.149574
908.193	0.148399
906.266	0.147218
904.338	0.146915
902.409	0.146139
900.481	0.145408
898.553	0.144424
896.625	0.143832
894.697	0.143444
892.77	0.142598
890.841	0.141841
888.914	0.141895
886.985	0.141593
885.058	0.139485
883.129	0.138058
881.201	0.137447
879.273	0.136452
877.345	0.135385
875.417	0.134319
873.489	0.13324
871.562	0.132419
869.633	0.131813
867.706	0.130635
865.777	0.129656
863.849	0.128477
861.921	0.126863
859.993	0.125628
858.065	0.124941
856.137	0.124487
854.209	0.12332
852.281	0.121612
850.354	0.120385
848.425	0.11901
846.497	0.117622
844.569	0.11604
842.641	0.115105
840.713	0.113697
838.785	0.112166
836.857	0.110362
834.929	0.108811
833.001	0.108463
831.073	0.107627
829.145	0.105381
827.217	0.103765
825.289	0.102361
823.361	0.100839
821.433	0.09933
819.505	0.0978974
817.577	0.0961883
815.649	0.0948585
813.721	0.0938243
811.793	0.0923933
809.865	0.0912837
807.937	0.0893164
806.009	0.0877712
804.081	0.086822
802.153	0.0851727
800.225	0.0835906
798.297	0.0829303
796.369	0.0821234
794.441	0.0806548
792.513	0.0788336
790.585	0.0784777
788.657	0.0777058
786.729	0.0760049
784.801	0.074998
782.873	0.0732448
780.945	0.0717613
779.017	0.0712515
777.089	0.0708509
775.161	0.0697136
773.232	0.0684041
771.305	0.0670765
769.377	0.06601
767.449	0.0651216
765.521	0.0639099
763.593	0.0627014
761.665	0.0612346
759.737	0.0604425
757.809	0.0600445
755.881	0.0585762
753.953	0.0567849
752.024	0.0560595
750.097	0.0560473
748.169	0.055236
746.241	0.0544196
744.313	0.0534521
742.385	0.0523384
740.457	0.0509376
738.529	0.0499463
736.601	0.049421
734.672	0.048932
732.745	0.0483626
730.816	0.0467937
728.889	0.0454426
726.961	0.0453366
725.033	0.0454723
723.105	0.0446588
721.177	0.043971
719.249	0.0434127
717.32	0.0415696
715.393	0.0415649
713.464	0.0407024
711.537	0.0391521
709.608	0.0396407
707.681	0.0405488
705.752	0.0400958
703.825	0.0387958
701.897	0.0381141
699.968	0.0380734
698.041	0.0384672
696.112	0.0374158
694.185	0.035783
692.256	0.0349958
690.329	0.0347158
688.4	0.034408
686.473	0.0336599
684.544	0.0333033
682.617	0.0327694
680.688	0.031935
678.76	0.0326622
676.833	0.0336191
674.904	0.0324982
672.977	0.0314428
671.048	0.030233
669.121	0.0297834
667.192	0.0308387
665.265	0.0301567
663.336	0.0286815
661.408	0.028402
659.48	0.0282823
657.552	0.0281309
655.625	0.0287518
653.696	0.0290314
651.769	0.0277379
649.84	0.0270386
647.913	0.026343
645.984	0.0258592
644.056	0.0265271
642.128	0.027822
640.2	0.0274981
638.272	0.0254416
636.344	0.0249999
634.417	0.0257992
632.488	0.0245505
630.561	0.0240245
628.632	0.0242005
626.704	0.0240878
624.776	0.0234862
622.848	0.0234862
620.92	0.0228268
618.992	0.0218443
617.064	0.0214265
615.136	0.0218922
613.208	0.0219132
611.28	0.0229641
609.353	0.0224896
607.424	0.0213277
605.496	0.0220793
603.568	0.0288606
601.64	0.0277634
599.712	0.0226739
597.784	0.0222106
595.856	0.0203994
593.928	0.0194087
592	0.0194913
590.072	0.0196756
588.144	0.0209786
586.216	0.0202471
584.288	0.0194799
582.36	0.0202384
580.432	0.0196967
578.504	0.019001
576.576	0.0184979
574.648	0.0176122
572.72	0.0175229
570.792	0.0181896
568.864	0.0185373
566.936	0.0184782
565.008	0.0179397
563.08	0.0163495
561.152	0.0150347
559.224	0.0159679
557.296	0.0167587
555.368	0.0161466
553.44	0.0157514
551.512	0.0158822
549.583	0.0161317
547.656	0.0159741
545.728	0.0147684
543.8	0.0133885
541.872	0.0142342
539.944	0.0141041
538.016	0.0136265
536.088	0.0133757
534.16	0.0141699
532.231	0.0130742
530.304	0.0120774
528.375	0.0138175
526.448	0.0136885
524.52	0.0106413
522.592	0.0096591
520.664	0.0108681
518.736	0.00883705
516.808	0.00810122
514.879	0.0110758
512.952	0.0108056
511.023	0.00916369
509.096	0.00950542
507.167	0.00973249
505.24	0.00931539
503.312	0.0108569
501.384	0.0110051
499.456	0.0101417
497.527	0.00826865
495.6	0.00959677
493.671	0.012276
491.744	0.0109561
489.815	0.00906212
487.888	0.00815125
485.959	0.0108654
484.032	0.0132245
482.104	0.0126738
480.176	0.012553
478.248	0.0101262
476.319	0.00975702
474.392	0.0129235
472.463	0.0173839
470.536	0.0201837
468.607	0.0170872
466.68	0.017617
464.751	0.0190959
462.824	0.0163976
460.895	0.0175868
458.967	0.0171858
457.04	0.0159426
455.111	0.0184124
453.184	0.0183009
451.255	0.0212597
449.328	0.0253378
447.399	0.0234055
445.472	0.0221552
443.543	0.0226747
441.615	0.0321173
439.687	0.0289706
437.759	0.0222016
435.832	0.0212361
433.903	0.0247332
431.976	0.0240964
430.047	0.016604
428.12	0.0214992
426.191	0.0295432
424.263	0.0325613
422.335	0.0409937
420.407	0.0456126
418.479	0.0497468
416.551	0.0466739
414.624	0.0578729
412.695	0.0635692
410.768	0.043387
408.839	0.0402889
406.912	0.0616095
404.983	0.0721046
403.055	0.0690832
401.127	0.0770575
