mAHk0039.spa, Mon Oct 30 12:29:50 2006 (GMT-10:00)
7999.41	0.00446221
7997.48	0.0029271
7995.55	0.00302938
7993.62	0.00168828
7991.7	0.00126763
7989.77	0.00372669
7987.84	0.00485811
7985.91	0.00292553
7983.98	0.00158065
7982.06	0.00474936
7980.13	0.00437645
7978.2	0.00165817
7976.27	0.00346853
7974.34	0.00579107
7972.42	0.00677305
7970.49	0.00709262
7968.56	0.0078474
7966.63	0.00767425
7964.7	0.00642507
7962.78	0.00412945
7960.85	0.000855867
7958.92	0.00123151
7956.99	0.00311838
7955.06	0.00209098
7953.14	0.00332414
7951.21	0.0065668
7949.28	0.0067531
7947.35	0.00577989
7945.42	0.00688265
7943.5	0.00670716
7941.57	0.00512662
7939.64	0.00167437
7937.71	0.000606047
7935.78	0.00295065
7933.86	0.00327015
7931.93	0.00214968
7930	1.48774e-05
7928.07	0.00044084
7926.14	0.00313083
7924.22	0.00385437
7922.29	0.00315916
7920.36	0.00461774
7918.43	0.00634013
7916.5	0.00645752
7914.58	0.00741691
7912.65	0.00547326
7910.72	0.00303035
7908.79	0.00539234
7906.86	0.00977007
7904.94	0.00578063
7903.01	0.00144306
7901.08	0.00211082
7899.15	0.00253625
7897.22	0.00306939
7895.3	0.00298204
7893.37	0.0015742
7891.44	0.00315553
7889.51	0.00350324
7887.58	0.00050446
7885.66	0.000100043
7883.73	0.00526444
7881.8	0.00508334
7879.87	0.00205319
7877.94	0.00185832
7876.02	0.00550705
7874.09	0.00878911
7872.16	0.00758523
7870.23	0.00529436
7868.3	0.00380577
7866.38	0.00258771
7864.45	0.00390335
7862.52	0.00474859
7860.59	0.00442067
7858.66	0.00330554
7856.74	0.00207107
7854.81	0.00371757
7852.88	0.00451072
7850.95	0.00219111
7849.02	-0.000453137
7847.1	0.000604222
7845.17	0.00370731
7843.24	0.00296229
7841.31	0.00211312
7839.38	0.00390355
7837.46	0.00460313
7835.53	0.00410129
7833.6	0.00323453
7831.67	0.00207343
7829.74	0.000324072
7827.82	0.000168884
7825.89	0.00256388
7823.96	0.00266015
7822.03	0.00301637
7820.1	0.00417658
7818.18	0.00441086
7816.25	0.00240715
7814.32	0.00226294
7812.39	0.00473663
7810.46	0.00776252
7808.54	0.00424969
7806.61	0.00203235
7804.68	0.00464185
7802.75	0.00266115
7800.82	0.00234392
7798.9	0.00484866
7796.97	0.00818467
7795.04	0.00889109
7793.11	0.00544437
7791.18	0.0013126
7789.26	0.00116201
7787.33	0.00284174
7785.4	0.00171588
7783.47	0.00235958
7781.54	0.00344162
7779.62	0.00486502
7777.69	0.00468622
7775.76	0.00298601
7773.83	0.00368211
7771.9	0.00468616
7769.98	0.00562912
7768.05	0.00723619
7766.12	0.0051571
7764.19	0.00340224
7762.26	0.00581384
7760.34	0.00698883
7758.41	0.00635627
7756.48	0.0056884
7754.55	0.00646448
7752.62	0.00540324
7750.7	0.00456553
7748.77	0.00619118
7746.84	0.00478437
7744.91	0.00383793
7742.98	0.00441538
7741.06	0.00516249
7739.13	0.00457996
7737.2	0.00185496
7735.27	0.00118337
7733.34	0.00053017
7731.42	0.0018694
7729.49	0.0028836
7727.56	0.00266638
7725.63	0.00346613
7723.7	0.00469272
7721.78	0.00605444
7719.85	0.00351613
7717.92	0.00265835
7715.99	0.00242078
7714.06	0.001164
7712.14	-0.000378325
7710.21	-0.000706538
7708.28	0.00153965
7706.35	0.00365127
7704.42	0.00261128
7702.5	0.00271879
7700.57	0.00428322
7698.64	0.00465263
7696.71	0.00252438
7694.78	0.00158637
7692.86	0.00243737
7690.93	0.00223
7689	0.00243264
7687.07	0.00238436
7685.14	0.00212204
7683.22	0.00102356
7681.29	-8.37548e-05
7679.36	-0.00122618
7677.43	-0.000999894
7675.5	0.00225971
7673.58	0.00389736
7671.65	0.00472133
7669.72	0.00262494
7667.79	0.00086493
7665.86	0.00143518
7663.94	0.000695045
7662.01	0.000208264
7660.08	0.00239839
7658.15	0.00479596
7656.22	0.00256848
7654.29	0.000663021
7652.37	0.000549478
7650.44	-0.000523401
7648.51	-0.00119079
7646.58	0.000280736
7644.66	0.000370431
7642.73	0.000482667
7640.8	0.00177181
7638.87	0.000511692
7636.94	0.00160935
7635.02	0.00225925
7633.09	0.0016305
7631.16	0.00295819
7629.23	0.00365718
7627.3	0.00256051
7625.38	0.00390572
7623.45	0.00434774
7621.52	0.0030781
7619.59	0.00235884
7617.66	0.00225818
7615.73	0.000499319
7613.81	0.00118151
7611.88	0.00335372
7609.95	0.00348039
7608.02	0.00102698
7606.09	0.000902448
7604.17	0.00296382
7602.24	0.00311731
7600.31	0.00338287
7598.38	0.00468686
7596.46	0.00268725
7594.53	0.00111065
7592.6	-0.00139086
7590.67	-0.00215162
7588.74	0.000496035
7586.81	0.00222987
7584.89	0.00298704
7582.96	0.00346059
7581.03	0.00264498
7579.1	0.00180571
7577.17	0.00154623
7575.25	0.00165628
7573.32	0.000949333
7571.39	0.000190695
7569.46	0.00187123
7567.53	0.00194677
7565.61	0.000624031
7563.68	-0.000382165
7561.75	-0.000166036
7559.82	0.000863005
7557.89	0.00132247
7555.97	0.00134763
7554.04	0.00114895
7552.11	0.00315406
7550.18	0.00429359
7548.25	0.00234402
7546.33	0.00107693
7544.4	-0.00045168
7542.47	0.000906167
7540.54	0.00368549
7538.61	0.00279715
7536.69	0.0014553
7534.76	0.00185116
7532.83	0.000933892
7530.9	0.000820312
7528.97	0.000766702
7527.05	0.00138412
7525.12	0.00141909
7523.19	-0.000102173
7521.26	-0.00116713
7519.33	-0.00140856
7517.41	0.00045351
7515.48	0.00198535
7513.55	0.00161444
7511.62	0.00176512
7509.69	0.00201681
7507.77	0.000216419
7505.84	0.000577247
7503.91	0.000881265
7501.98	-7.77586e-05
7500.05	-0.000122314
7498.13	0.000208496
7496.2	0.00215877
7494.27	0.00327673
7492.34	0.00299719
7490.41	0.00246846
7488.49	0.00132373
7486.56	0.000579304
7484.63	-0.000752054
7482.7	-0.000787677
7480.77	-0.00010638
7478.85	0.00021075
7476.92	0.00147707
7474.99	0.00165807
7473.06	0.000371326
7471.13	-0.000211244
7469.21	-5.40383e-05
7467.28	-0.00106756
7465.35	-0.00141117
7463.42	0.000263794
7461.49	0.000576252
7459.57	-0.000367434
7457.64	-0.000112542
7455.71	0.00028057
7453.78	0.000524829
7451.85	0.000949798
7449.93	0.00117041
7448	0.00133477
7446.07	0.000647358
7444.14	0.000747152
7442.21	-0.000126421
7440.29	-0.000538856
7438.36	0.00151833
7436.43	0.00376429
7434.5	0.00152635
7432.57	-0.000472996
7430.65	0.000535212
7428.72	0.00100662
7426.79	0.000617494
7424.86	0.000500214
7422.93	-0.000262707
7421.01	0.000656351
7419.08	0.00257948
7417.15	0.00207117
7415.22	0.00144961
7413.29	0.00161131
7411.37	0.00137641
7409.44	0.00158268
7407.51	0.00289564
7405.58	0.00318059
7403.65	0.000212839
7401.73	-0.000869461
7399.8	-0.00116505
7397.87	-0.000227737
7395.94	0.00140277
7394.01	0.00150859
7392.09	0.000176176
7390.16	-0.000228465
7388.23	-4.83067e-05
7386.3	-0.00107873
7384.37	-0.000459227
7382.45	-0.000355581
7380.52	2.91581e-06
7378.59	0.000326493
7376.66	-0.00163064
7374.73	-0.00113706
7372.81	0.000271685
7370.88	0.000529175
7368.95	0.000959494
7367.02	2.5779e-05
7365.09	-0.000785295
7363.17	-0.000457737
7361.24	0.000925292
7359.31	0.00114526
7357.38	0.00200013
7355.45	0.0014305
7353.53	-0.000780896
7351.6	-0.00042702
7349.67	0.00167331
7347.74	0.00180764
7345.81	0.000390859
7343.89	-0.000667039
7341.96	-0.00119255
7340.03	-0.000592595
7338.1	-0.00147639
7336.17	-0.000894096
7334.25	0.000294297
7332.32	0.00125421
7330.39	0.00221811
7328.46	0.00303315
7326.53	0.00234612
7324.61	0.000381176
7322.68	-6.55342e-05
7320.75	0.0011253
7318.82	0.00131253
7316.89	0.000776793
7314.97	0.00149197
7313.04	0.00124574
7311.11	-0.000881597
7309.18	-0.000643582
7307.25	-0.000889466
7305.33	-0.0012947
7303.4	-0.000112244
7301.47	-0.000578929
7299.54	-0.000822601
7297.61	0.000305272
7295.69	0.000763317
7293.76	0.000204452
7291.83	-0.000791249
7289.9	-0.000659761
7287.97	-0.00129939
7286.05	-0.00112933
7284.12	-0.000845684
7282.19	-0.000558513
7280.26	0.000136931
7278.33	0.00107673
7276.41	0.00123404
7274.48	0.000703442
7272.55	-7.9912e-05
7270.62	0.000187778
7268.69	0.000471853
7266.77	0.00101645
7264.84	0.000778585
7262.91	-0.000369751
7260.98	0.000160432
7259.05	0.00105667
7257.13	0.000805174
7255.2	-0.000246845
7253.27	-0.000793398
7251.34	-0.000543621
7249.41	0.000475668
7247.49	0.00082725
7245.56	0.000133982
7243.63	-0.000198196
7241.7	0.000726408
7239.77	0.00104614
7237.85	0.000299834
7235.92	-0.00109648
7233.99	-0.00331974
7232.06	-0.00308503
7230.13	-0.0019333
7228.21	-0.00178289
7226.28	-0.00060722
7224.35	-0.00051569
7222.42	-0.000295819
7220.49	0.000869512
7218.57	0.000529175
7216.64	0.000218077
7214.71	-0.000474287
7212.78	-0.000293204
7210.85	-0.000290488
7208.93	-3.05816e-05
7207	-0.000699393
7205.07	-0.00156515
7203.14	-0.00107972
7201.21	0.000927251
7199.29	0.00133148
7197.36	-0.00105966
7195.43	-0.000729165
7193.5	-7.99782e-05
7191.57	-0.00075996
7189.65	-0.000910893
7187.72	-0.000556031
7185.79	8.61902e-05
7183.86	0.00177281
7181.93	0.00178551
7180	-5.23486e-05
7178.08	-0.00199512
7176.15	-0.000266945
7174.22	0.00117679
7172.29	0.000184065
7170.37	-0.00129956
7168.44	-0.000937311
7166.51	0.00041361
7164.58	-0.00033224
7162.65	-0.00120461
7160.73	-0.0013058
7158.8	0.000357166
7156.87	0.00137565
7154.94	0.000959793
7153.01	0.00106016
7151.08	0.00125364
7149.16	0.00111218
7147.23	0.000883921
7145.3	0.00036728
7143.37	0.00034357
7141.44	0.000334915
7139.52	-0.000116417
7137.59	-0.0015034
7135.66	-0.00186016
7133.73	-0.00158925
7131.8	-0.000729363
7129.88	0.000602961
7127.95	-0.000266482
7126.02	-0.00188748
7124.09	-0.00134848
7122.17	-0.0013683
7120.24	-0.00143663
7118.31	-0.000876703
7116.38	-0.000389415
7114.45	-2.13709e-05
7112.52	0.00103007
7110.6	0.0011628
7108.67	-0.000576977
7106.74	-0.00167887
7104.81	-0.00264487
7102.88	-0.00243082
7100.96	-0.00208205
7099.03	-0.00232316
7097.1	-0.00253638
7095.17	-0.0021745
7093.24	-0.000671439
7091.32	-4.40992e-05
7089.39	0.000595462
7087.46	0.00091221
7085.53	0.000700455
7083.6	0.000422068
7081.68	0.000335214
7079.75	-0.000595474
7077.82	4.52635e-05
7075.89	0.000525028
7073.96	3.10808e-05
7072.04	-0.000289263
7070.11	-0.000247176
7068.18	0.000141273
7066.25	0.000596823
7064.32	-0.00053591
7062.4	-0.000249626
7060.47	0.00110493
7058.54	0.00162478
7056.61	0.00120111
7054.68	0.00138559
7052.76	0.000850688
7050.83	-7.21599e-05
7048.9	-0.000195281
7046.97	0.000254014
7045.04	0.000685288
7043.12	-0.000454361
7041.19	-0.00216708
7039.26	-0.00140526
7037.33	0.0011543
7035.4	0.000912575
7033.48	-0.00106561
7031.55	9.28515e-05
7029.62	0.00106773
7027.69	-0.000336843
7025.76	-0.00117166
7023.84	-0.00161348
7021.91	-0.00164246
7019.98	-0.000446517
7018.05	0.000188673
7016.12	0.000641286
7014.2	0.000228619
7012.27	-0.00118419
7010.34	-0.00180826
7008.41	-0.00118686
7006.48	-0.000119564
7004.56	-0.000387197
7002.63	-0.00122522
7000.7	-0.000571253
6998.77	0.000501243
6996.84	0.000418685
6994.92	-0.000201508
6992.99	-0.000571815
6991.06	-0.000600338
6989.13	-0.00125654
6987.2	-0.00161988
6985.28	-0.00133355
6983.35	-0.000693902
6981.42	-0.000270985
6979.49	0.000115023
6977.56	-0.000282674
6975.64	-0.00046962
6973.71	-0.000726022
6971.78	-0.00134145
6969.85	-0.00133154
6967.92	0.000697866
6966	0.00142039
6964.07	0.000546757
6962.14	0.000212209
6960.21	0.000101269
6958.28	-0.00055934
6956.36	-0.000488982
6954.43	-0.00015812
6952.5	-0.000271912
6950.57	0.000540288
6948.64	0.00122786
6946.72	-0.000400108
6944.79	-0.0015249
6942.86	-0.0013682
6940.93	-0.00111723
6939	-0.000444795
6937.08	7.24039e-05
6935.15	-0.00042563
6933.22	-0.000554542
6931.29	-0.000229757
6929.36	0.000463925
6927.44	0.00114932
6925.51	0.00136711
6923.58	0.00115882
6921.65	0.000225834
6919.72	-0.00160869
6917.8	-0.00163153
6915.87	-0.000166732
6913.94	0.000158012
6912.01	-0.000811688
6910.08	-0.00169791
6908.16	-0.00115986
6906.23	-0.000311812
6904.3	-7.91169e-05
6902.37	0.000318137
6900.44	0.00131034
6898.52	1.22266e-05
6896.59	-0.00127941
6894.66	-0.000982406
6892.73	0.000109522
6890.8	0.000635445
6888.88	0.000201303
6886.95	0.000698563
6885.02	0.000601899
6883.09	0.000100408
6881.16	-0.000304362
6879.24	-0.000356442
6877.31	0.000239161
6875.38	0.00088847
6873.45	0.000851816
6871.52	0.000815631
6869.6	-1.82233e-05
6867.67	0.000209027
6865.74	-6.79195e-05
6863.81	-0.000865526
6861.88	-0.000714345
6859.96	-0.00160753
6858.03	-0.00174359
6856.1	-0.000676038
6854.17	-0.000329294
6852.24	-0.000805305
6850.32	-0.000814333
6848.39	-0.00016289
6846.46	3.26383e-05
6844.53	-0.000618503
6842.6	-0.000363659
6840.68	-5.44027e-05
6838.75	0.000383696
6836.82	0.000799332
6834.89	0.00092838
6832.96	0.000540421
6831.04	1.3784e-05
6829.11	-0.000766277
6827.18	-0.000312838
6825.25	-5.43395e-06
6823.32	-0.000554078
6821.4	-0.00123454
6819.47	-0.00123692
6817.54	-0.00146104
6815.61	-0.000776398
6813.68	0.0003251
6811.76	0.000327654
6809.83	0.000152841
6807.9	1.32536e-07
6805.97	-0.000612349
6804.04	-0.000163718
6802.12	-7.59366e-05
6800.19	9.04653e-05
6798.26	0.000396199
6796.33	0.000100176
6794.4	0.000566896
6792.48	0.00100662
6790.55	0.000697733
6788.62	-0.000715867
6786.69	-0.00179556
6784.76	-0.0012916
6782.84	-0.00072933
6780.91	-0.0012841
6778.98	-0.00103295
6777.05	-0.000651423
6775.12	-0.000410569
6773.2	-0.00017266
6771.27	0.00103375
6769.34	0.00159525
6767.41	0.000556611
6765.48	0.000240951
6763.56	0.000951491
6761.63	0.000994828
6759.7	0.000625424
6757.77	0.000585509
6755.84	0.000838802
6753.92	0.000116647
6751.99	5.12614e-05
6750.06	0.000160465
6748.13	-1.34522e-05
6746.2	8.43012e-05
6744.28	0.000107334
6742.35	0.00028624
6740.42	1.49103e-06
6738.49	-0.000446781
6736.56	-0.000448834
6734.64	9.00677e-05
6732.71	0.000298242
6730.78	0.000636905
6728.85	0.000420144
6726.92	-0.000401267
6725	-0.000285257
6723.07	-0.00021045
6721.14	-6.56336e-05
6719.21	-0.000165473
6717.28	-0.000540477
6715.35	-0.000621282
6713.43	-0.00054607
6711.5	-0.000144672
6709.57	0.000588528
6707.64	0.000854107
6705.71	0.000602563
6703.79	0.000834653
6701.86	-0.000421062
6699.93	-0.00101556
6698	-0.000199322
6696.08	6.7594e-06
6694.15	-0.000170905
6692.22	-0.000167924
6690.29	-0.00027529
6688.36	-0.000175509
6686.44	-0.000236778
6684.51	0.000207535
6682.58	0.000263363
6680.65	-8.55768e-05
6678.72	-0.000261879
6676.79	0.000236078
6674.87	0.000567261
6672.94	-0.000238566
6671.01	-0.00118329
6669.08	-0.00165253
6667.15	-0.00134399
6665.23	-0.000189817
6663.3	0.000974737
6661.37	0.00100403
6659.44	0.000264258
6657.51	-0.000325685
6655.59	-0.000753411
6653.66	-0.00108048
6651.73	-0.00135443
6649.8	-0.000973678
6647.88	-0.00061043
6645.95	-0.000589088
6644.02	-0.000287906
6642.09	-0.000732903
6640.16	-0.000977645
6638.23	-0.000677228
6636.31	-0.00107096
6634.38	-0.0014827
6632.45	-0.00165504
6630.52	-0.00151433
6628.59	-0.00120983
6626.67	-0.000851372
6624.74	-0.00117797
6622.81	-0.00115312
6620.88	-0.000664293
6618.95	-0.000242275
6617.03	-0.000538624
6615.1	-0.000280157
6613.17	-0.000259362
6611.24	-0.0011678
6609.31	-0.0012015
6607.39	-0.00130564
6605.46	-0.00178335
6603.53	-0.001179
6601.6	2.46856e-05
6599.67	-9.77344e-05
6597.75	-0.000737897
6595.82	-0.000460121
6593.89	-0.00101751
6591.96	-0.0020089
6590.03	-0.00143452
6588.11	-0.00131096
6586.18	-0.00190371
6584.25	-0.00180628
6582.32	-0.00101183
6580.39	-0.000432581
6578.47	-0.000203329
6576.54	-0.000655261
6574.61	-0.000819294
6572.68	-0.000645237
6570.75	-0.000766939
6568.83	-0.000178423
6566.9	-0.000167096
6564.97	-0.00114116
6563.04	-0.00121075
6561.11	-0.000992621
6559.19	-0.000487724
6557.26	-0.000432945
6555.33	-0.000690395
6553.4	-0.000668991
6551.47	-0.000972984
6549.55	-0.00146516
6547.62	-0.00149168
6545.69	-0.00143333
6543.76	-0.00135829
6541.83	-0.000990307
6539.91	-0.000880737
6537.98	-0.00126368
6536.05	-0.00107139
6534.12	-0.000527604
6532.19	-0.000660125
6530.27	-0.00128479
6528.34	-0.00158888
6526.41	-0.000975166
6524.48	-0.000463927
6522.55	-0.00151298
6520.63	-0.00199512
6518.7	-0.00141787
6516.77	-0.00120368
6514.84	-0.00171131
6512.91	-0.0021569
6510.99	-0.00238051
6509.06	-0.00205402
6507.13	-0.00133342
6505.2	-0.00130874
6503.27	-0.00131185
6501.35	-0.00170415
6499.42	-0.00198971
6497.49	-0.00148359
6495.56	-0.00053965
6493.63	-0.000467766
6491.71	-0.00123745
6489.78	-0.00245425
6487.85	-0.00213784
6485.92	-0.00111178
6483.99	-0.00136031
6482.07	-0.0017491
6480.14	-0.00150076
6478.21	-0.00135704
6476.28	-0.00141748
6474.35	-0.00207931
6472.43	-0.00237428
6470.5	-0.00154966
6468.57	-0.000493483
6466.64	-0.00111644
6464.71	-0.00209405
6462.79	-0.00265162
6460.86	-0.00194293
6458.93	-0.000945973
6457	-0.0009548
6455.07	-0.00183677
6453.15	-0.00220345
6451.22	-0.0020741
6449.29	-0.00163886
6447.36	-0.00130478
6445.43	-0.0015592
6443.51	-0.00201761
6441.58	-0.00206549
6439.65	-0.0024552
6437.72	-0.00253908
6435.79	-0.00194551
6433.87	-0.00160149
6431.94	-0.00222781
6430.01	-0.0020961
6428.08	-0.00165989
6426.15	-0.00204221
6424.23	-0.00279805
6422.3	-0.00274732
6420.37	-0.00237128
6418.44	-0.0021834
6416.51	-0.00200669
6414.59	-0.00241464
6412.66	-0.00250001
6410.73	-0.00174732
6408.8	-0.0013246
6406.87	-0.00183387
6404.95	-0.00257334
6403.02	-0.00239833
6401.09	-0.00142078
6399.16	-0.00117602
6397.23	-0.0019686
6395.31	-0.00197608
6393.38	-0.00172517
6391.45	-0.00190728
6389.52	-0.00212867
6387.59	-0.00186501
6385.67	-0.00196942
6383.74	-0.00231166
6381.81	-0.0028074
6379.88	-0.00231924
6377.95	-0.00168316
6376.03	-0.00166768
6374.1	-0.00179117
6372.17	-0.0022046
6370.24	-0.00201359
6368.31	-0.00219379
6366.39	-0.00265192
6364.46	-0.00308322
6362.53	-0.00363509
6360.6	-0.00361419
6358.67	-0.00317118
6356.75	-0.00273734
6354.82	-0.00263371
6352.89	-0.00291866
6350.96	-0.00258967
6349.03	-0.00181803
6347.11	-0.00172388
6345.18	-0.00220361
6343.25	-0.00247767
6341.32	-0.00305571
6339.39	-0.00304683
6337.47	-0.00250874
6335.54	-0.00214766
6333.61	-0.00250686
6331.68	-0.00264632
6329.75	-0.00256131
6327.83	-0.00242516
6325.9	-0.00280289
6323.97	-0.00269766
6322.04	-0.00246871
6320.11	-0.00276174
6318.19	-0.00267596
6316.26	-0.00222412
6314.33	-0.00261658
6312.4	-0.00323049
6310.47	-0.0032663
6308.55	-0.0029566
6306.62	-0.00240944
6304.69	-0.00209234
6302.76	-0.00245234
6300.83	-0.00328814
6298.91	-0.00286731
6296.98	-0.00258345
6295.05	-0.00266032
6293.12	-0.00259564
6291.19	-0.00259379
6289.27	-0.00268321
6287.34	-0.00198981
6285.41	-0.00182555
6283.48	-0.00242031
6281.55	-0.00260179
6279.62	-0.00208914
6277.7	-0.00185433
6275.77	-0.00232514
6273.84	-0.00258065
6271.91	-0.00217503
6269.99	-0.00202978
6268.06	-0.00229822
6266.13	-0.00234188
6264.2	-0.00262883
6262.27	-0.00303311
6260.34	-0.0028285
6258.42	-0.00221772
6256.49	-0.00197289
6254.56	-0.00242071
6252.63	-0.00220836
6250.71	-0.00221324
6248.78	-0.00262943
6246.85	-0.00323759
6244.92	-0.0029279
6242.99	-0.00282314
6241.06	-0.00308904
6239.14	-0.00285888
6237.21	-0.00286073
6235.28	-0.00316562
6233.35	-0.00284506
6231.42	-0.00285158
6229.5	-0.00335692
6227.57	-0.00325982
6225.64	-0.00287047
6223.71	-0.00270807
6221.79	-0.00263259
6219.86	-0.00283456
6217.93	-0.00337816
6216	-0.00327353
6214.07	-0.0025544
6212.15	-0.00247514
6210.22	-0.00303867
6208.29	-0.00305196
6206.36	-0.002799
6204.43	-0.0031775
6202.5	-0.00320154
6200.58	-0.00319595
6198.65	-0.0032757
6196.72	-0.00280526
6194.79	-0.00219646
6192.86	-0.00211341
6190.94	-0.00219656
6189.01	-0.00261668
6187.08	-0.00287422
6185.15	-0.00300873
6183.22	-0.00255539
6181.3	-0.00232831
6179.37	-0.00257205
6177.44	-0.00304986
6175.51	-0.00316839
6173.58	-0.00287129
6171.66	-0.00261049
6169.73	-0.00269154
6167.8	-0.00251556
6165.87	-0.00292399
6163.94	-0.00324302
6162.02	-0.00288476
6160.09	-0.00227521
6158.16	-0.00223796
6156.23	-0.00245517
6154.3	-0.00242542
6152.38	-0.00267843
6150.45	-0.00278926
6148.52	-0.00272437
6146.59	-0.00287416
6144.66	-0.00324384
6142.74	-0.00388093
6140.81	-0.00352839
6138.88	-0.00260552
6136.95	-0.00272124
6135.02	-0.00318168
6133.1	-0.00340315
6131.17	-0.00352783
6129.24	-0.00339986
6127.31	-0.00314737
6125.38	-0.00317803
6123.46	-0.00340022
6121.53	-0.00301018
6119.6	-0.00251487
6117.67	-0.00281352
6115.74	-0.00318072
6113.82	-0.00294143
6111.89	-0.00271136
6109.96	-0.00277016
6108.03	-0.0031146
6106.1	-0.00325745
6104.18	-0.00321845
6102.25	-0.00331234
6100.32	-0.00321934
6098.39	-0.0028258
6096.46	-0.00289858
6094.54	-0.0026812
6092.61	-0.00319977
6090.68	-0.00352714
6088.75	-0.00324746
6086.82	-0.00323049
6084.9	-0.00324492
6082.97	-0.0031499
6081.04	-0.00354863
6079.11	-0.00368319
6077.18	-0.00361695
6075.26	-0.00383623
6073.33	-0.00358307
6071.4	-0.00311766
6069.47	-0.00330017
6067.54	-0.00329698
6065.62	-0.00256533
6063.69	-0.00266954
6061.76	-0.00337691
6059.83	-0.00332625
6057.9	-0.00321296
6055.98	-0.00334302
6054.05	-0.00329645
6052.12	-0.00286892
6050.19	-0.00309289
6048.26	-0.00339966
6046.34	-0.00310842
6044.41	-0.00340861
6042.48	-0.00366249
6040.55	-0.00365135
6038.62	-0.00322631
6036.7	-0.00313727
6034.77	-0.00344878
6032.84	-0.00353332
6030.91	-0.00339634
6028.98	-0.0032095
6027.06	-0.0031723
6025.13	-0.00310066
6023.2	-0.00306144
6021.27	-0.00321092
6019.34	-0.00346383
6017.42	-0.00408701
6015.49	-0.00406823
6013.56	-0.00387318
6011.63	-0.0038112
6009.7	-0.00355415
6007.78	-0.0038226
6005.85	-0.00342951
6003.92	-0.00304519
6001.99	-0.00325472
6000.06	-0.00296292
5998.14	-0.00316819
5996.21	-0.00343517
5994.28	-0.00317286
5992.35	-0.00288146
5990.42	-0.00278399
5988.5	-0.00277892
5986.57	-0.00301166
5984.64	-0.00282485
5982.71	-0.00289726
5980.78	-0.00344861
5978.86	-0.003807
5976.93	-0.00327788
5975	-0.00301995
5973.07	-0.00341955
5971.14	-0.00364652
5969.22	-0.00369324
5967.29	-0.00390316
5965.36	-0.00377777
5963.43	-0.00351471
5961.5	-0.00376499
5959.58	-0.00377051
5957.65	-0.00331043
5955.72	-0.00317286
5953.79	-0.00343444
5951.86	-0.00346784
5949.94	-0.00316105
5948.01	-0.00319661
5946.08	-0.0037758
5944.15	-0.00361665
5942.22	-0.00322036
5940.3	-0.00294709
5938.37	-0.00289117
5936.44	-0.00342067
5934.51	-0.00380375
5932.58	-0.00340604
5930.66	-0.00329004
5928.73	-0.00327906
5926.8	-0.00330412
5924.87	-0.00338921
5922.94	-0.00316826
5921.02	-0.00311516
5919.09	-0.00341538
5917.16	-0.0033487
5915.23	-0.00347353
5913.3	-0.00385167
5911.38	-0.00403324
5909.45	-0.00401036
5907.52	-0.00379077
5905.59	-0.00349588
5903.66	-0.00306298
5901.74	-0.00279769
5899.81	-0.00328619
5897.88	-0.0033583
5895.95	-0.00295124
5894.02	-0.00317789
5892.1	-0.00350272
5890.17	-0.0034803
5888.24	-0.00339095
5886.31	-0.00378223
5884.38	-0.00387846
5882.46	-0.0034876
5880.53	-0.00329974
5878.6	-0.00322808
5876.67	-0.00376124
5874.74	-0.00434736
5872.82	-0.00370372
5870.89	-0.00332533
5868.96	-0.00377018
5867.03	-0.00385814
5865.1	-0.00350367
5863.18	-0.00334604
5861.25	-0.00379222
5859.32	-0.0037843
5857.39	-0.00374705
5855.46	-0.00398912
5853.54	-0.00366223
5851.61	-0.00344237
5849.68	-0.00339125
5847.75	-0.00358793
5845.82	-0.00410582
5843.9	-0.00370474
5841.97	-0.00321779
5840.04	-0.00332319
5838.11	-0.00343264
5836.18	-0.00318299
5834.25	-0.0029154
5832.33	-0.00333095
5830.4	-0.00362152
5828.47	-0.00316161
5826.54	-0.00304699
5824.62	-0.00356217
5822.69	-0.00395616
5820.76	-0.00403932
5818.83	-0.00370428
5816.9	-0.0033077
5814.98	-0.00359924
5813.05	-0.003728
5811.12	-0.00383258
5809.19	-0.00378834
5807.26	-0.00388139
5805.33	-0.00376184
5803.41	-0.00370376
5801.48	-0.00352283
5799.55	-0.00308657
5797.62	-0.00335446
5795.7	-0.00351862
5793.77	-0.00350932
5791.84	-0.00391491
5789.91	-0.00404966
5787.98	-0.00374236
5786.06	-0.00358442
5784.13	-0.00365434
5782.2	-0.00357522
5780.27	-0.00332559
5778.34	-0.00342935
5776.42	-0.00356128
5774.49	-0.00347172
5772.56	-0.00326262
5770.63	-0.00332131
5768.7	-0.00334466
5766.77	-0.00336172
5764.85	-0.00330721
5762.92	-0.00322072
5760.99	-0.00301528
5759.06	-0.00311727
5757.13	-0.00319049
5755.21	-0.00313069
5753.28	-0.00337882
5751.35	-0.00327067
5749.42	-0.0029696
5747.49	-0.00321065
5745.57	-0.00315585
5743.64	-0.00316855
5741.71	-0.00344431
5739.78	-0.00361383
5737.85	-0.00369134
5735.93	-0.00372892
5734	-0.00342889
5732.07	-0.00314362
5730.14	-0.0035346
5728.21	-0.00406669
5726.29	-0.00381225
5724.36	-0.00357525
5722.43	-0.00367816
5720.5	-0.00367097
5718.57	-0.00372918
5716.65	-0.00346337
5714.72	-0.00351682
5712.79	-0.00349733
5710.86	-0.00352914
5708.93	-0.00356657
5707.01	-0.0034778
5705.08	-0.00327745
5703.15	-0.003082
5701.22	-0.00325844
5699.29	-0.00362806
5697.37	-0.00347235
5695.44	-0.00324969
5693.51	-0.00353414
5691.58	-0.00352632
5689.65	-0.00356519
5687.73	-0.00360525
5685.8	-0.00360998
5683.87	-0.00348211
5681.94	-0.00322539
5680.01	-0.0031322
5678.09	-0.0030161
5676.16	-0.00331122
5674.23	-0.00345052
5672.3	-0.00317503
5670.37	-0.00324348
5668.45	-0.00374022
5666.52	-0.00376305
5664.59	-0.00350101
5662.66	-0.0031121
5660.73	-0.00305022
5658.81	-0.00313951
5656.88	-0.00313109
5654.95	-0.00303729
5653.02	-0.00310967
5651.09	-0.00347139
5649.17	-0.00315164
5647.24	-0.00277082
5645.31	-0.00307999
5643.38	-0.0035438
5641.45	-0.00372205
5639.53	-0.00361255
5637.6	-0.00355294
5635.67	-0.00353989
5633.74	-0.00328807
5631.81	-0.00326413
5629.89	-0.00348007
5627.96	-0.00337672
5626.03	-0.00301942
5624.1	-0.00339884
5622.17	-0.00390956
5620.25	-0.00393557
5618.32	-0.00368615
5616.39	-0.00345341
5614.46	-0.00329596
5612.53	-0.00336449
5610.61	-0.00369709
5608.68	-0.00351935
5606.75	-0.00361485
5604.82	-0.00379856
5602.89	-0.00334364
5600.97	-0.00297408
5599.04	-0.00329984
5597.11	-0.00347143
5595.18	-0.00332457
5593.25	-0.00340173
5591.33	-0.00363851
5589.4	-0.00351225
5587.47	-0.00337991
5585.54	-0.00326502
5583.61	-0.00358327
5581.69	-0.00382625
5579.76	-0.00364508
5577.83	-0.00351997
5575.9	-0.00338309
5573.97	-0.00334558
5572.05	-0.00293403
5570.12	-0.00321605
5568.19	-0.00368293
5566.26	-0.00335262
5564.33	-0.00306628
5562.41	-0.00290102
5560.48	-0.00326219
5558.55	-0.00327446
5556.62	-0.00312033
5554.69	-0.00317217
5552.77	-0.00346035
5550.84	-0.00342942
5548.91	-0.0033488
5546.98	-0.00324548
5545.05	-0.00334897
5543.13	-0.00352793
5541.2	-0.00356818
5539.27	-0.00358711
5537.34	-0.00344934
5535.41	-0.00336458
5533.49	-0.00312056
5531.56	-0.0031221
5529.63	-0.00326008
5527.7	-0.00316434
5525.77	-0.00338257
5523.85	-0.0038206
5521.92	-0.00398616
5519.99	-0.00378072
5518.06	-0.00371496
5516.13	-0.00360578
5514.21	-0.00384819
5512.28	-0.00405428
5510.35	-0.00355359
5508.42	-0.00310177
5506.49	-0.00321677
5504.57	-0.00346656
5502.64	-0.00358517
5500.71	-0.00331142
5498.78	-0.00320973
5496.85	-0.00326025
5494.93	-0.00361127
5493	-0.00362086
5491.07	-0.00342925
5489.14	-0.00350706
5487.21	-0.00352046
5485.29	-0.00335765
5483.36	-0.00346824
5481.43	-0.00336817
5479.5	-0.00329698
5477.57	-0.00337053
5475.65	-0.00343306
5473.72	-0.00346258
5471.79	-0.00332276
5469.86	-0.00330438
5467.93	-0.00341114
5466.01	-0.0033075
5464.08	-0.003322
5462.15	-0.00348191
5460.22	-0.00342277
5458.29	-0.00324591
5456.37	-0.00333693
5454.44	-0.00336366
5452.51	-0.00354498
5450.58	-0.00329899
5448.65	-0.00324686
5446.73	-0.00317385
5444.8	-0.00313043
5442.87	-0.00333305
5440.94	-0.00356927
5439.01	-0.00380266
5437.09	-0.00360916
5435.16	-0.00304463
5433.23	-0.00287932
5431.3	-0.00337882
5429.37	-0.00364734
5427.45	-0.00363134
5425.52	-0.00365592
5423.59	-0.00354709
5421.66	-0.00359191
5419.73	-0.00344483
5417.81	-0.00285958
5415.88	-0.00293093
5413.95	-0.00317803
5412.02	-0.00300123
5410.09	-0.00319707
5408.17	-0.00352891
5406.24	-0.00360857
5404.31	-0.00352612
5402.38	-0.00335607
5400.45	-0.00344917
5398.53	-0.00347116
5396.6	-0.00325535
5394.67	-0.00303012
5392.74	-0.00305012
5390.81	-0.00322756
5388.88	-0.00311289
5386.96	-0.0031926
5385.03	-0.00323654
5383.1	-0.00309197
5381.17	-0.00332917
5379.25	-0.00350245
5377.32	-0.00330576
5375.39	-0.00297651
5373.46	-0.00291599
5371.53	-0.00307769
5369.6	-0.00323542
5367.68	-0.00331563
5365.75	-0.00321671
5363.82	-0.00308766
5361.89	-0.00303117
5359.96	-0.00275709
5358.04	-0.00260203
5356.11	-0.00300751
5354.18	-0.00319904
5352.25	-0.00319266
5350.33	-0.00316707
5348.4	-0.00307717
5346.47	-0.00300846
5344.54	-0.00289911
5342.61	-0.00284305
5340.69	-0.00276516
5338.76	-0.00296822
5336.83	-0.00314451
5334.9	-0.00296108
5332.97	-0.00248957
5331.04	-0.00235708
5329.12	-0.00246819
5327.19	-0.00252969
5325.26	-0.00261461
5323.33	-0.00262455
5321.4	-0.0026401
5319.48	-0.00263025
5317.55	-0.0026068
5315.62	-0.00264349
5313.69	-0.00246571
5311.76	-0.00250472
5309.84	-0.00260084
5307.91	-0.00259883
5305.98	-0.00253032
5304.05	-0.00256434
5302.12	-0.00275196
5300.2	-0.00281899
5298.27	-0.00272921
5296.34	-0.00248812
5294.41	-0.00252409
5292.48	-0.00272628
5290.56	-0.00281691
5288.63	-0.00302518
5286.7	-0.00280509
5284.77	-0.0023401
5282.84	-0.00222323
5280.92	-0.00220107
5278.99	-0.0021507
5277.06	-0.00205741
5275.13	-0.00210427
5273.21	-0.00218934
5271.28	-0.00204343
5269.35	-0.00199963
5267.42	-0.00199406
5265.49	-0.00186185
5263.56	-0.00190414
5261.64	-0.00160136
5259.71	-0.00146692
5257.78	-0.00142923
5255.85	-0.00133969
5253.92	-0.00136929
5252	-0.00145397
5250.07	-0.00134785
5248.14	-0.00125536
5246.21	-0.00130147
5244.28	-0.00127809
5242.36	-0.00138452
5240.43	-0.00102988
5238.5	-0.000605467
5236.57	-0.000371671
5234.64	-0.000326082
5232.72	-0.000667403
5230.79	-0.000857325
5228.86	-0.000450787
5226.93	-0.000287972
5225	-0.000343431
5223.08	-0.00022118
5221.15	-0.000145699
5219.22	0.00011214
5217.29	0.000327587
5215.36	0.000449596
5213.44	0.000700488
5211.51	0.000707225
5209.58	0.000542644
5207.65	0.000710046
5205.72	0.000871404
5203.8	0.000688375
5201.87	0.000955941
5199.94	0.00132483
5198.01	0.0012911
5196.08	0.00145184
5194.16	0.00147006
5192.23	0.001546
5190.3	0.00171386
5188.37	0.00170793
5186.44	0.00168445
5184.52	0.00198106
5182.59	0.00215747
5180.66	0.00201065
5178.73	0.00219717
5176.8	0.00278228
5174.88	0.00287172
5172.95	0.00270649
5171.02	0.00256418
5169.09	0.00291659
5167.16	0.00329172
5165.24	0.00342642
5163.31	0.00333526
5161.38	0.00352475
5159.45	0.00372629
5157.52	0.00354456
5155.6	0.00320943
5153.67	0.00333489
5151.74	0.00355822
5149.81	0.00383188
5147.88	0.00400583
5145.96	0.00401694
5144.03	0.00398968
5142.1	0.003994
5140.17	0.00388052
5138.24	0.00390699
5136.32	0.0040765
5134.39	0.00439111
5132.46	0.00448159
5130.53	0.00430664
5128.6	0.00432926
5126.68	0.00449003
5124.75	0.00463518
5122.82	0.00465843
5120.89	0.00450931
5118.96	0.00465179
5117.04	0.00479345
5115.11	0.00460565
5113.18	0.00453978
5111.25	0.00457199
5109.32	0.00470974
5107.4	0.00472766
5105.47	0.00465029
5103.54	0.00482102
5101.61	0.00484123
5099.68	0.00478199
5097.76	0.00490593
5095.83	0.00517879
5093.9	0.0051913
5091.97	0.00510382
5090.04	0.00513661
5088.12	0.00523516
5086.19	0.00517031
5084.26	0.00516967
5082.33	0.00522631
5080.4	0.00530868
5078.48	0.00531267
5076.55	0.00528959
5074.62	0.00518677
5072.69	0.0050878
5070.76	0.0050405
5068.84	0.00529794
5066.91	0.00577707
5064.98	0.00591899
5063.05	0.00568441
5061.12	0.00528403
5059.2	0.00518406
5057.27	0.00540556
5055.34	0.00572006
5053.41	0.00588594
5051.48	0.00558381
5049.56	0.00548769
5047.63	0.00579033
5045.7	0.00608418
5043.77	0.00603365
5041.84	0.00615865
5039.92	0.00633314
5037.99	0.00652784
5036.06	0.00688059
5034.13	0.00725859
5032.2	0.00760027
5030.28	0.00752016
5028.35	0.00747192
5026.42	0.00754106
5024.49	0.00778519
5022.56	0.00815473
5020.64	0.00837467
5018.71	0.00834829
5016.78	0.00838079
5014.85	0.00865726
5012.92	0.00840845
5011	0.00778313
5009.07	0.00728285
5007.14	0.00718539
5005.21	0.00711667
5003.28	0.00672644
5001.36	0.00636763
4999.43	0.00613022
4997.5	0.00597432
4995.57	0.00577294
4993.64	0.00554246
4991.72	0.00546823
4989.79	0.00524435
4987.86	0.00503104
4985.93	0.00491669
4984	0.00496414
4982.08	0.00489038
4980.15	0.00486358
4978.22	0.00486626
4976.29	0.00468746
4974.36	0.00477087
4972.44	0.00480256
4970.51	0.00477767
4968.58	0.00470589
4966.65	0.0044452
4964.72	0.00416675
4962.8	0.00430684
4960.87	0.00447982
4958.94	0.00426689
4957.01	0.00425377
4955.08	0.0041442
4953.16	0.0039736
4951.23	0.00418592
4949.3	0.00403118
4947.37	0.0037318
4945.44	0.00363453
4943.52	0.00367951
4941.59	0.00358979
4939.66	0.00371306
4937.73	0.00393695
4935.8	0.00377081
4933.88	0.00357533
4931.95	0.00355896
4930.02	0.00359464
4928.09	0.00338615
4926.16	0.0032824
4924.24	0.00335943
4922.31	0.00338741
4920.38	0.00325249
4918.45	0.00314705
4916.52	0.00303352
4914.6	0.00304086
4912.67	0.00306515
4910.74	0.00298134
4908.81	0.00300536
4906.88	0.00284644
4904.96	0.00289267
4903.03	0.00299622
4901.1	0.00314067
4899.17	0.00321621
4897.24	0.0028822
4895.32	0.00259128
4893.39	0.00262378
4891.46	0.00262901
4889.53	0.00256284
4887.6	0.00249202
4885.67	0.00230435
4883.75	0.00249632
4881.82	0.00248066
4879.89	0.00228269
4877.96	0.00211169
4876.04	0.00209664
4874.11	0.00199886
4872.18	0.00191213
4870.25	0.00183173
4868.32	0.00193266
4866.4	0.00208409
4864.47	0.0020973
4862.54	0.00198924
4860.61	0.00188484
4858.68	0.0016464
4856.75	0.00160626
4854.83	0.00155501
4852.9	0.00149423
4850.97	0.00145988
4849.04	0.00160173
4847.12	0.0016902
4845.19	0.00137419
4843.26	0.00116307
4841.33	0.00119048
4839.4	0.00117995
4837.47	0.00131831
4835.55	0.00130499
4833.62	0.00121517
4831.69	0.00122211
4829.76	0.00105096
4827.83	0.000960092
4825.91	0.0008809
4823.98	0.000644206
4822.05	0.000504925
4820.12	0.000467143
4818.19	0.000637536
4816.27	0.000596955
4814.34	0.000485785
4812.41	0.00045099
4810.48	0.000404788
4808.55	0.000244896
4806.63	0.000248742
4804.7	0.00037965
4802.77	0.000463096
4800.84	0.000376931
4798.91	0.00028319
4796.99	0.000199877
4795.06	3.29696e-05
4793.13	-0.000159644
4791.2	-4.58551e-05
4789.27	-7.60028e-05
4787.35	-0.000258269
4785.42	-0.000176701
4783.49	4.73511e-05
4781.56	4.69866e-05
4779.63	-0.000198394
4777.71	-0.000398916
4775.78	-0.000532006
4773.85	-0.000561557
4771.92	-0.000603614
4769.99	-0.000724401
4768.07	-0.000613474
4766.14	-0.000599577
4764.21	-0.000795747
4762.28	-0.00102584
4760.35	-0.00109671
4758.43	-0.00107513
4756.5	-0.000920085
4754.57	-0.000567811
4752.64	-0.000520886
4750.71	-0.000788338
4748.79	-0.0012282
4746.86	-0.00140143
4744.93	-0.00148181
4743	-0.00148171
4741.07	-0.00106719
4739.15	-0.000966074
4737.22	-0.00112173
4735.29	-0.00127964
4733.36	-0.00124627
4731.43	-0.00136361
4729.51	-0.00142144
4727.58	-0.00161103
4725.65	-0.00184525
4723.72	-0.00165741
4721.79	-0.00154619
4719.87	-0.00184324
4717.94	-0.00193795
4716.01	-0.00211753
4714.08	-0.0022528
4712.15	-0.00229571
4710.23	-0.00210147
4708.3	-0.0017591
4706.37	-0.00160843
4704.44	-0.00179342
4702.51	-0.0019782
4700.59	-0.00196015
4698.66	-0.0018665
4696.73	-0.00179447
4694.8	-0.00182618
4692.87	-0.0019466
4690.95	-0.00202068
4689.02	-0.00196144
4687.09	-0.00209675
4685.16	-0.00231404
4683.23	-0.0022252
4681.31	-0.00232073
4679.38	-0.00223134
4677.45	-0.0022047
4675.52	-0.00214051
4673.59	-0.00226443
4671.67	-0.00231166
4669.74	-0.00242222
4667.81	-0.00239046
4665.88	-0.00232336
4663.95	-0.00235138
4662.03	-0.00244117
4660.1	-0.0025571
4658.17	-0.00263407
4656.24	-0.00253397
4654.31	-0.00265673
4652.39	-0.00266717
4650.46	-0.00252251
4648.53	-0.00250067
4646.6	-0.00263249
4644.67	-0.00259445
4642.75	-0.00254017
4640.82	-0.00269035
4638.89	-0.00282323
4636.96	-0.00276157
4635.03	-0.00273434
4633.11	-0.00275232
4631.18	-0.00284249
4629.25	-0.0027943
4627.32	-0.00276523
4625.39	-0.00301218
4623.47	-0.00296282
4621.54	-0.00282475
4619.61	-0.00282258
4617.68	-0.00282346
4615.75	-0.00281352
4613.83	-0.00287251
4611.9	-0.00284243
4609.97	-0.00296118
4608.04	-0.00317569
4606.11	-0.00310329
4604.19	-0.00285776
4602.26	-0.00276809
4600.33	-0.00283064
4598.4	-0.00294666
4596.47	-0.00284973
4594.55	-0.00269124
4592.62	-0.00285112
4590.69	-0.00291145
4588.76	-0.00294561
4586.83	-0.00294867
4584.91	-0.00293761
4582.98	-0.00278972
4581.05	-0.00279578
4579.12	-0.00287988
4577.19	-0.00285898
4575.27	-0.00266737
4573.34	-0.00260555
4571.41	-0.00253944
4569.48	-0.0025069
4567.55	-0.00247145
4565.63	-0.00257251
4563.7	-0.00259116
4561.77	-0.00249978
4559.84	-0.00222293
4557.91	-0.00213009
4555.99	-0.0021201
4554.06	-0.00210177
4552.13	-0.0021113
4550.2	-0.00213174
4548.27	-0.00211588
4546.35	-0.00196197
4544.42	-0.00178338
4542.49	-0.00169755
4540.56	-0.00161259
4538.63	-0.0016754
4536.71	-0.0018378
4534.78	-0.00187247
4532.85	-0.00167738
4530.92	-0.00138012
4528.99	-0.00150717
4527.07	-0.00168418
4525.14	-0.00173365
4523.21	-0.00169276
4521.28	-0.00168959
4519.35	-0.00168408
4517.43	-0.00150462
4515.5	-0.00161176
4513.57	-0.00193047
4511.64	-0.00188471
4509.71	-0.0019081
4507.79	-0.00205741
4505.86	-0.00211667
4503.93	-0.00217101
4502	-0.00229113
4500.07	-0.00230461
4498.15	-0.0025488
4496.22	-0.00275291
4494.29	-0.00275081
4492.36	-0.00279568
4490.43	-0.00287439
4488.51	-0.00303459
4486.58	-0.00315947
4484.65	-0.00323111
4482.72	-0.00309223
4480.79	-0.0031873
4478.87	-0.00316819
4476.94	-0.00335995
4475.01	-0.0036181
4473.08	-0.00332483
4471.15	-0.00312806
4469.23	-0.00330905
4467.3	-0.00343408
4465.37	-0.00344605
4463.44	-0.00342202
4461.51	-0.00353989
4459.58	-0.00351632
4457.66	-0.00355087
4455.73	-0.00359112
4453.8	-0.00361659
4451.87	-0.00368046
4449.95	-0.00373625
4448.02	-0.00356736
4446.09	-0.0035296
4444.16	-0.00357183
4442.23	-0.00364964
4440.3	-0.00343665
4438.38	-0.00341771
4436.45	-0.00360391
4434.52	-0.00357394
4432.59	-0.00354498
4430.67	-0.00342504
4428.74	-0.00334035
4426.81	-0.00354143
4424.88	-0.00349342
4422.95	-0.00334213
4421.02	-0.00335406
4419.1	-0.00337063
4417.17	-0.00331497
4415.24	-0.00350995
4413.31	-0.00364767
4411.38	-0.00359714
4409.46	-0.00363473
4407.53	-0.00355869
4405.6	-0.00337007
4403.67	-0.00339858
4401.75	-0.00340358
4399.82	-0.00343665
4397.89	-0.00338231
4395.96	-0.0033778
4394.03	-0.00353963
4392.1	-0.00369107
4390.18	-0.00365753
4388.25	-0.00347103
4386.32	-0.00346209
4384.39	-0.00352139
4382.46	-0.00357686
4380.54	-0.00364015
4378.61	-0.00357594
4376.68	-0.00356023
4374.75	-0.00360673
4372.82	-0.00362323
4370.9	-0.00350995
4368.97	-0.00348148
4367.04	-0.00346952
4365.11	-0.00338595
4363.18	-0.0032738
4361.26	-0.00318381
4359.33	-0.00327656
4357.4	-0.00351422
4355.47	-0.00365424
4353.54	-0.00360916
4351.62	-0.0034757
4349.69	-0.00349618
4347.76	-0.00362898
4345.83	-0.00360026
4343.9	-0.00349453
4341.98	-0.00339243
4340.05	-0.00343734
4338.12	-0.00343665
4336.19	-0.00336629
4334.26	-0.00340486
4332.34	-0.00354985
4330.41	-0.00357049
4328.48	-0.00343675
4326.55	-0.00355852
4324.62	-0.00355987
4322.7	-0.00360975
4320.77	-0.00345992
4318.84	-0.00319487
4316.91	-0.00320309
4314.98	-0.0033782
4313.06	-0.00354133
4311.13	-0.00362507
4309.2	-0.0035579
4307.27	-0.0034686
4305.34	-0.00340949
4303.42	-0.00334209
4301.49	-0.00324729
4299.56	-0.00341091
4297.63	-0.00343911
4295.7	-0.00317625
4293.78	-0.00325403
4291.85	-0.00339319
4289.92	-0.00340275
4287.99	-0.00344293
4286.06	-0.00344421
4284.14	-0.00344989
4282.21	-0.00335318
4280.28	-0.00343392
4278.35	-0.00342813
4276.42	-0.00328093
4274.5	-0.00317062
4272.57	-0.00339746
4270.64	-0.0034235
4268.71	-0.00335784
4266.78	-0.00333693
4264.86	-0.00313674
4262.93	-0.00311904
4261	-0.00318776
4259.07	-0.00323414
4257.14	-0.0033126
4255.22	-0.00333496
4253.29	-0.00344348
4251.36	-0.00332569
4249.43	-0.00318727
4247.5	-0.00315556
4245.58	-0.00323147
4243.65	-0.003337
4241.72	-0.00335281
4239.79	-0.00326942
4237.86	-0.00327478
4235.94	-0.00312286
4234.01	-0.00318579
4232.08	-0.00333572
4230.15	-0.00311316
4228.22	-0.00295038
4226.3	-0.00300076
4224.37	-0.00316145
4222.44	-0.00317641
4220.51	-0.00298441
4218.58	-0.00290457
4216.66	-0.0028914
4214.73	-0.00301521
4212.8	-0.00309125
4210.87	-0.00306289
4208.94	-0.00283897
4207.02	-0.00280842
4205.09	-0.00294199
4203.16	-0.00283775
4201.23	-0.00279887
4199.3	-0.00294209
4197.38	-0.00314368
4195.45	-0.00317756
4193.52	-0.00294061
4191.59	-0.00288271
4189.66	-0.00288578
4187.74	-0.00298688
4185.81	-0.00305045
4183.88	-0.00297312
4181.95	-0.00300679
4180.02	-0.00305723
4178.1	-0.00306108
4176.17	-0.00305288
4174.24	-0.00311648
4172.31	-0.00289772
4170.38	-0.00282679
4168.46	-0.00291411
4166.53	-0.00280493
4164.6	-0.00267477
4162.67	-0.00261401
4160.74	-0.00273951
4158.82	-0.00288413
4156.89	-0.00288815
4154.96	-0.00273991
4153.03	-0.00268212
4151.1	-0.00276322
4149.18	-0.00284838
4147.25	-0.00287179
4145.32	-0.00291089
4143.39	-0.00290595
4141.46	-0.00289726
4139.54	-0.00287386
4137.61	-0.00290944
4135.68	-0.00294759
4133.75	-0.00281892
4131.82	-0.00277586
4129.9	-0.00285319
4127.97	-0.00297263
4126.04	-0.00287113
4124.11	-0.00286287
4122.18	-0.00294729
4120.26	-0.00289144
4118.33	-0.00272443
4116.4	-0.00265064
4114.47	-0.00258566
4112.54	-0.00269401
4110.62	-0.00274438
4108.69	-0.00264843
4106.76	-0.00264925
4104.83	-0.0025851
4102.9	-0.0025705
4100.98	-0.00262192
4099.05	-0.00263829
4097.12	-0.00260298
4095.19	-0.00262897
4093.26	-0.00265403
4091.34	-0.00266773
4089.41	-0.0026403
4087.48	-0.00270543
4085.55	-0.002754
4083.62	-0.00280078
4081.7	-0.00281415
4079.77	-0.00277714
4077.84	-0.00265969
4075.91	-0.00257653
4073.98	-0.00262363
4072.06	-0.00263005
4070.13	-0.00265686
4068.2	-0.00276595
4066.27	-0.00284279
4064.34	-0.00289884
4062.42	-0.00278142
4060.49	-0.00252778
4058.56	-0.00249553
4056.63	-0.00261886
4054.7	-0.00253121
4052.78	-0.00242881
4050.85	-0.00245949
4048.92	-0.00252251
4046.99	-0.00245428
4045.06	-0.0024412
4043.14	-0.00256599
4041.21	-0.00261523
4039.28	-0.00249757
4037.35	-0.00249619
4035.42	-0.00257097
4033.5	-0.00257321
4031.57	-0.00247649
4029.64	-0.00244743
4027.71	-0.00245445
4025.78	-0.0023491
4023.86	-0.00232896
4021.93	-0.00242644
4020	-0.00249207
4018.07	-0.0025539
4016.14	-0.00257268
4014.22	-0.0024924
4012.29	-0.00235671
4010.36	-0.00235009
4008.43	-0.00240328
4006.5	-0.00251731
4004.58	-0.00243122
4002.65	-0.00235203
4000.72	-0.0024639
3998.79	-0.00255934
3996.86	-0.00254148
3994.94	-0.00252043
3993.01	-0.00240446
3991.08	-0.00232409
3989.15	-0.00238555
3987.22	-0.00247132
3985.29	-0.0025682
3983.37	-0.00254083
3981.44	-0.00245415
3979.51	-0.00249372
3977.58	-0.00247685
3975.66	-0.00246509
3973.73	-0.00244657
3971.8	-0.00250861
3969.87	-0.00264649
3967.94	-0.00256866
3966.01	-0.00240967
3964.09	-0.00254073
3962.16	-0.00272196
3960.23	-0.00253177
3958.3	-0.00250742
3956.38	-0.00258144
3954.45	-0.00261237
3952.52	-0.00268024
3950.59	-0.00279927
3948.66	-0.00278271
3946.73	-0.00274043
3944.81	-0.00277747
3942.88	-0.00262745
3940.95	-0.00271245
3939.02	-0.00276315
3937.09	-0.00273645
3935.17	-0.00264873
3933.24	-0.00269891
3931.31	-0.00272845
3929.38	-0.00273174
3927.45	-0.00268436
3925.53	-0.00271821
3923.6	-0.00285138
3921.67	-0.0029097
3919.74	-0.00289236
3917.81	-0.00302515
3915.89	-0.00314829
3913.96	-0.00288979
3912.03	-0.00283581
3910.1	-0.00293567
3908.17	-0.00294344
3906.25	-0.00307999
3904.32	-0.00308848
3902.39	-0.00298049
3900.46	-0.00287663
3898.53	-0.00278844
3896.61	-0.00285365
3894.68	-0.0030468
3892.75	-0.00317164
3890.82	-0.00315349
3888.89	-0.00299974
3886.97	-0.0028916
3885.04	-0.00291
3883.11	-0.00289838
3881.18	-0.00292106
3879.25	-0.0029619
3877.33	-0.00285987
3875.4	-0.00280888
3873.47	-0.0028682
3871.54	-0.00281527
3869.61	-0.00287386
3867.69	-0.00288146
3865.76	-0.00279176
3863.83	-0.00286013
3861.9	-0.00285724
3859.97	-0.00282083
3858.05	-0.00278831
3856.12	-0.00277583
3854.19	-0.00283054
3852.26	-0.00277537
3850.33	-0.00274715
3848.41	-0.00279443
3846.48	-0.00283225
3844.55	-0.00275271
3842.62	-0.00272163
3840.69	-0.00284944
3838.77	-0.00283393
3836.84	-0.00272855
3834.91	-0.00269407
3832.98	-0.00269131
3831.05	-0.0026458
3829.13	-0.0025293
3827.2	-0.00240878
3825.27	-0.00251592
3823.34	-0.00271824
3821.41	-0.00276246
3819.49	-0.002612
3817.56	-0.00247184
3815.63	-0.00248858
3813.7	-0.00233592
3811.77	-0.00218053
3809.85	-0.00214931
3807.92	-0.00200551
3805.99	-0.00213988
3804.06	-0.00241079
3802.13	-0.00232834
3800.21	-0.00212669
3798.28	-0.00211469
3796.35	-0.00211417
3794.42	-0.00210909
3792.49	-0.00215643
3790.57	-0.00212913
3788.64	-0.0019812
3786.71	-0.00184872
3784.78	-0.00179675
3782.85	-0.00169682
3780.93	-0.00161024
3779	-0.00157247
3777.07	-0.0014937
3775.14	-0.00148151
3773.21	-0.00149554
3771.29	-0.00154372
3769.36	-0.00157551
3767.43	-0.00152939
3765.5	-0.00138052
3763.57	-0.00127125
3761.65	-0.00123599
3759.72	-0.00124297
3757.79	-0.00119073
3755.86	-0.00104974
3753.93	-0.000989117
3752.01	-0.00108137
3750.08	-0.00101923
3748.15	-0.000854481
3746.22	-0.000704653
3744.29	-0.000671902
3742.37	-0.000734027
3740.44	-0.000682389
3738.51	-0.000722284
3736.58	-0.000826901
3734.65	-0.000704884
3732.73	-0.000690097
3730.8	-0.000658106
3728.87	-0.000532039
3726.94	-0.000412323
3725.01	-0.000285257
3723.09	-4.20782e-05
3721.16	0.000370563
3719.23	0.000604753
3717.3	0.000729594
3715.37	0.000941496
3713.45	0.00128053
3711.52	0.00162275
3709.59	0.00215015
3707.66	0.00271899
3705.73	0.00334214
3703.81	0.00405717
3701.88	0.00461355
3699.95	0.00511532
3698.02	0.00542686
3696.09	0.00551783
3694.17	0.00528366
3692.24	0.00506047
3690.31	0.00499166
3688.38	0.00491642
3686.45	0.00480772
3684.53	0.00470424
3682.6	0.00462872
3680.67	0.00468113
3678.74	0.00491585
3676.81	0.00520622
3674.89	0.00567306
3672.96	0.00613277
3671.03	0.00638677
3669.1	0.00691257
3667.17	0.00747553
3665.25	0.00794015
3663.32	0.0086166
3661.39	0.00928259
3659.46	0.0099732
3657.53	0.0107106
3655.61	0.0115557
3653.68	0.0123365
3651.75	0.0131242
3649.82	0.0138865
3647.89	0.0147323
3645.97	0.015587
3644.04	0.0166142
3642.11	0.0175785
3640.18	0.0186077
3638.25	0.0197361
3636.33	0.0207986
3634.4	0.0219968
3632.47	0.0232961
3630.54	0.0247002
3628.61	0.0261496
3626.69	0.027591
3624.76	0.0290575
3622.83	0.0306375
3620.9	0.0322733
3618.97	0.0340969
3617.05	0.036035
3615.12	0.0379339
3613.19	0.0398931
3611.26	0.0420325
3609.33	0.0442334
3607.41	0.0465754
3605.48	0.0489624
3603.55	0.0515082
3601.62	0.0542124
3599.69	0.0570909
3597.77	0.0600853
3595.84	0.063239
3593.91	0.0663964
3591.98	0.0697353
3590.05	0.0733226
3588.12	0.0767749
3586.2	0.0804857
3584.27	0.0847226
3582.34	0.0889468
3580.41	0.0932109
3578.49	0.0976387
3576.56	0.102331
3574.63	0.107173
3572.7	0.112247
3570.77	0.117477
3568.85	0.122777
3566.92	0.128211
3564.99	0.133831
3563.06	0.139538
3561.13	0.145593
3559.21	0.151804
3557.28	0.158162
3555.35	0.164829
3553.42	0.171588
3551.49	0.178453
3549.56	0.185378
3547.64	0.192679
3545.71	0.200255
3543.78	0.207816
3541.85	0.215583
3539.93	0.223529
3538	0.231572
3536.07	0.239943
3534.14	0.24818
3532.21	0.256382
3530.28	0.264583
3528.36	0.272771
3526.43	0.281055
3524.5	0.289229
3522.57	0.297358
3520.65	0.305303
3518.72	0.313153
3516.79	0.320894
3514.86	0.328571
3512.93	0.336181
3511	0.343651
3509.08	0.350423
3507.15	0.356521
3505.22	0.362796
3503.29	0.368978
3501.37	0.374576
3499.44	0.379662
3497.51	0.384554
3495.58	0.389186
3493.65	0.393449
3491.72	0.397373
3489.8	0.401153
3487.87	0.40449
3485.94	0.407098
3484.01	0.409491
3482.08	0.411494
3480.16	0.413209
3478.23	0.414828
3476.3	0.416107
3474.37	0.417118
3472.44	0.418173
3470.52	0.418897
3468.59	0.419347
3466.66	0.419524
3464.73	0.419619
3462.81	0.419347
3460.88	0.418932
3458.95	0.418753
3457.02	0.418649
3455.09	0.418358
3453.16	0.417386
3451.24	0.416387
3449.31	0.415796
3447.38	0.414836
3445.45	0.414024
3443.52	0.413374
3441.6	0.412535
3439.67	0.411608
3437.74	0.410903
3435.81	0.410112
3433.88	0.40906
3431.96	0.40795
3430.03	0.406852
3428.1	0.405975
3426.17	0.40521
3424.24	0.404281
3422.32	0.403261
3420.39	0.402142
3418.46	0.400936
3416.53	0.399723
3414.6	0.398591
3412.68	0.397684
3410.75	0.396643
3408.82	0.395693
3406.89	0.39492
3404.96	0.394448
3403.04	0.39379
3401.11	0.392936
3399.18	0.392049
3397.25	0.391596
3395.32	0.391399
3393.4	0.39099
3391.47	0.390458
3389.54	0.389945
3387.61	0.3896
3385.68	0.389454
3383.76	0.389527
3381.83	0.389441
3379.9	0.389116
3377.97	0.388645
3376.04	0.388432
3374.12	0.388548
3372.19	0.38846
3370.26	0.388251
3368.33	0.388354
3366.4	0.388439
3364.48	0.38817
3362.55	0.388065
3360.62	0.388207
3358.69	0.388462
3356.76	0.388804
3354.84	0.388815
3352.91	0.388693
3350.98	0.388787
3349.05	0.389017
3347.12	0.389153
3345.2	0.389244
3343.27	0.389558
3341.34	0.389903
3339.41	0.39005
3337.48	0.390245
3335.56	0.390565
3333.63	0.390828
3331.7	0.391145
3329.77	0.391576
3327.84	0.391692
3325.92	0.391916
3323.99	0.39246
3322.06	0.392893
3320.13	0.393228
3318.2	0.393795
3316.28	0.394574
3314.35	0.39518
3312.42	0.395792
3310.49	0.396587
3308.56	0.397426
3306.64	0.398057
3304.71	0.398568
3302.78	0.399092
3300.85	0.399782
3298.92	0.40055
3297	0.401245
3295.07	0.402023
3293.14	0.402661
3291.21	0.403088
3289.28	0.403933
3287.36	0.404994
3285.43	0.406015
3283.5	0.40677
3281.57	0.407372
3279.64	0.408489
3277.72	0.409496
3275.79	0.410278
3273.86	0.410903
3271.93	0.411591
3270	0.412387
3268.08	0.4131
3266.15	0.414299
3264.22	0.415435
3262.29	0.416347
3260.36	0.417138
3258.44	0.417905
3256.51	0.418593
3254.58	0.419416
3252.65	0.419938
3250.72	0.420423
3248.8	0.421373
3246.87	0.422253
3244.94	0.422985
3243.01	0.423788
3241.08	0.424395
3239.16	0.425001
3237.23	0.425405
3235.3	0.425683
3233.37	0.42605
3231.44	0.426483
3229.52	0.426884
3227.59	0.427179
3225.66	0.427481
3223.73	0.427549
3221.8	0.427591
3219.88	0.427689
3217.95	0.427584
3216.02	0.427472
3214.09	0.427452
3212.16	0.427363
3210.24	0.427193
3208.31	0.426917
3206.38	0.426616
3204.45	0.426223
3202.52	0.425802
3200.6	0.425425
3198.67	0.424907
3196.74	0.424617
3194.81	0.424239
3192.88	0.423609
3190.96	0.422704
3189.03	0.4217
3187.1	0.420921
3185.17	0.42002
3183.24	0.418995
3181.32	0.418098
3179.39	0.417082
3177.46	0.41588
3175.53	0.414673
3173.6	0.413331
3171.68	0.411964
3169.75	0.410301
3167.82	0.408691
3165.89	0.407428
3163.96	0.405833
3162.04	0.404052
3160.11	0.40243
3158.18	0.400449
3156.25	0.398097
3154.32	0.395901
3152.4	0.393576
3150.47	0.391033
3148.54	0.388553
3146.61	0.386169
3144.68	0.383631
3142.76	0.380827
3140.83	0.378105
3138.9	0.375115
3136.97	0.372107
3135.04	0.368789
3133.12	0.365232
3131.19	0.361882
3129.26	0.358577
3127.33	0.354882
3125.4	0.350971
3123.48	0.346945
3121.55	0.34282
3119.62	0.338708
3117.69	0.334376
3115.76	0.329783
3113.84	0.324988
3111.91	0.320385
3109.98	0.315743
3108.05	0.310581
3106.12	0.305358
3104.2	0.300408
3102.27	0.294952
3100.34	0.288846
3098.41	0.283004
3096.48	0.277421
3094.56	0.271669
3092.63	0.265721
3090.7	0.259618
3088.77	0.253326
3086.84	0.246992
3084.92	0.240652
3082.99	0.234362
3081.06	0.228036
3079.13	0.221534
3077.2	0.215017
3075.28	0.208697
3073.35	0.202361
3071.42	0.19598
3069.49	0.189658
3067.56	0.183469
3065.63	0.177382
3063.71	0.171506
3061.78	0.165613
3059.85	0.159957
3057.92	0.154477
3055.99	0.149078
3054.07	0.14386
3052.14	0.138932
3050.21	0.134115
3048.28	0.129365
3046.35	0.124787
3044.43	0.120549
3042.5	0.116468
3040.57	0.112582
3038.64	0.108883
3036.71	0.10512
3034.79	0.101544
3032.86	0.0982998
3030.93	0.0952126
3029	0.0923246
3027.07	0.0895409
3025.15	0.0867902
3023.22	0.0841912
3021.29	0.0818112
3019.36	0.0794283
3017.43	0.0772068
3015.51	0.0753902
3013.58	0.0735436
3011.65	0.071764
3009.72	0.0699946
3007.79	0.0683348
3005.87	0.0668299
3003.94	0.0653767
3002.01	0.0640624
3000.08	0.0628408
2998.15	0.0615526
2996.23	0.0602137
2994.3	0.0591524
2992.37	0.0581988
2990.44	0.0571374
2988.51	0.0562048
2986.59	0.0553873
2984.66	0.0545599
2982.73	0.053795
2980.8	0.0531105
2978.87	0.0524968
2976.95	0.0517904
2975.02	0.0510939
2973.09	0.0504691
2971.16	0.0498154
2969.23	0.0492472
2967.31	0.0486697
2965.38	0.0479179
2963.45	0.047526
2961.52	0.0471362
2959.59	0.0467114
2957.67	0.0462404
2955.74	0.0457611
2953.81	0.045379
2951.88	0.0450323
2949.95	0.0447389
2948.03	0.0445119
2946.1	0.0442064
2944.17	0.0438924
2942.24	0.0436604
2940.31	0.043397
2938.39	0.0430519
2936.46	0.0427266
2934.53	0.0424163
2932.6	0.0421827
2930.67	0.0418281
2928.75	0.041535
2926.82	0.0414121
2924.89	0.0411634
2922.96	0.0408534
2921.03	0.0405843
2919.11	0.0404971
2917.18	0.0403391
2915.25	0.0400463
2913.32	0.0398402
2911.39	0.0396664
2909.47	0.0394371
2907.54	0.0391832
2905.61	0.0388977
2903.68	0.0387274
2901.75	0.0384685
2899.83	0.0382976
2897.9	0.0381955
2895.97	0.0380679
2894.04	0.0377799
2892.11	0.0375128
2890.19	0.0373342
2888.26	0.0371345
2886.33	0.0368863
2884.4	0.036596
2882.47	0.0364215
2880.55	0.036295
2878.62	0.0361618
2876.69	0.0358856
2874.76	0.0355239
2872.83	0.0352905
2870.91	0.0351631
2868.98	0.0349297
2867.05	0.0347572
2865.12	0.0345524
2863.19	0.0342703
2861.27	0.0340147
2859.34	0.0337723
2857.41	0.0334406
2855.48	0.0331673
2853.55	0.0329651
2851.63	0.0327256
2849.7	0.0324864
2847.77	0.0322746
2845.84	0.032016
2843.91	0.0317366
2841.99	0.0315078
2840.06	0.0312683
2838.13	0.0309773
2836.2	0.0307295
2834.27	0.0305581
2832.35	0.0302803
2830.42	0.0300207
2828.49	0.0297581
2826.56	0.0294855
2824.63	0.0291663
2822.71	0.0289436
2820.78	0.0287161
2818.85	0.0285551
2816.92	0.0283748
2814.99	0.0280053
2813.07	0.0277395
2811.14	0.0275701
2809.21	0.0274063
2807.28	0.027173
2805.35	0.0268003
2803.43	0.0264884
2801.5	0.0262899
2799.57	0.0259643
2797.64	0.0256981
2795.71	0.0254567
2793.79	0.0251895
2791.86	0.0248725
2789.93	0.0246124
2788	0.0243293
2786.07	0.0240937
2784.15	0.0238646
2782.22	0.0236132
2780.29	0.0232942
2778.36	0.0230853
2776.43	0.0229633
2774.51	0.0228068
2772.58	0.0224573
2770.65	0.0221069
2768.72	0.0218188
2766.79	0.021574
2764.87	0.021376
2762.94	0.0211275
2761.01	0.0208597
2759.08	0.0206752
2757.15	0.0204078
2755.23	0.0201453
2753.3	0.0199822
2751.37	0.019818
2749.44	0.0196006
2747.51	0.0192853
2745.59	0.0189929
2743.66	0.0188237
2741.73	0.0185403
2739.8	0.0182989
2737.87	0.0180617
2735.95	0.0178938
2734.02	0.0177138
2732.09	0.017359
2730.16	0.0171207
2728.23	0.017049
2726.31	0.0169312
2724.38	0.0167348
2722.45	0.0164454
2720.52	0.0161462
2718.59	0.0159532
2716.67	0.0158289
2714.74	0.0156852
2712.81	0.0155123
2710.88	0.0153229
2708.95	0.015104
2707.02	0.0147751
2705.1	0.0145761
2703.17	0.0144762
2701.24	0.0142405
2699.31	0.0140739
2697.39	0.0139163
2695.46	0.0137236
2693.53	0.0135876
2691.6	0.0134697
2689.67	0.0133951
2687.75	0.0132287
2685.82	0.012994
2683.89	0.0128611
2681.96	0.0128145
2680.03	0.0125984
2678.11	0.0124387
2676.18	0.0122744
2674.25	0.0121601
2672.32	0.0119645
2670.39	0.0117587
2668.46	0.01165
2666.54	0.0116896
2664.61	0.0116109
2662.68	0.0116079
2660.75	0.0115094
2658.83	0.011265
2656.9	0.0111345
2654.97	0.0111708
2653.04	0.0111136
2651.11	0.010847
2649.19	0.0108291
2647.26	0.0108436
2645.33	0.010773
2643.4	0.0107874
2641.47	0.0106989
2639.55	0.0106469
2637.62	0.0105599
2635.69	0.0104053
2633.76	0.0104732
2631.83	0.0103685
2629.9	0.0101671
2627.98	0.0101068
2626.05	0.0100632
2624.12	0.0100609
2622.19	0.0100108
2620.27	0.00993364
2618.34	0.00979681
2616.41	0.00963687
2614.48	0.00957102
2612.55	0.00965368
2610.62	0.00961452
2608.7	0.00956428
2606.77	0.00963393
2604.84	0.00964883
2602.91	0.00944317
2600.98	0.00932091
2599.06	0.00944585
2597.13	0.009396
2595.2	0.00937884
2593.27	0.00952235
2591.34	0.00938737
2589.42	0.00922356
2587.49	0.00925873
2585.56	0.00930111
2583.63	0.00930805
2581.71	0.00923798
2579.78	0.00921385
2577.85	0.00923798
2575.92	0.00923944
2573.99	0.00913459
2572.06	0.00911784
2570.14	0.00928303
2568.21	0.00941327
2566.28	0.0092828
2564.35	0.00925135
2562.42	0.00929082
2560.5	0.00922119
2558.57	0.00924499
2556.64	0.00936367
2554.71	0.00941659
2552.78	0.00938585
2550.86	0.00937884
2548.93	0.00940437
2547	0.00945364
2545.07	0.00934488
2543.15	0.00940366
2541.22	0.00953851
2539.29	0.00939323
2537.36	0.00932779
2535.43	0.00945922
2533.5	0.00955842
2531.58	0.00952699
2529.65	0.00948564
2527.72	0.00951388
2525.79	0.00958162
2523.86	0.00954823
2521.94	0.00961015
2520.01	0.00969189
2518.08	0.00966635
2516.15	0.00964484
2514.22	0.00973896
2512.3	0.00996198
2510.37	0.0100428
2508.44	0.0100017
2506.51	0.00997399
2504.58	0.0100208
2502.66	0.0100788
2500.73	0.0102122
2498.8	0.0103384
2496.87	0.0101943
2494.94	0.0101679
2493.02	0.0103471
2491.09	0.0104042
2489.16	0.0104572
2487.23	0.0105117
2485.3	0.0106444
2483.38	0.0107615
2481.45	0.0107882
2479.52	0.01088
2477.59	0.0108675
2475.66	0.0108347
2473.74	0.0110004
2471.81	0.0110783
2469.88	0.0110549
2467.95	0.0112039
2466.02	0.0112746
2464.1	0.0112045
2462.17	0.0112733
2460.24	0.0114357
2458.31	0.0114954
2456.38	0.0115792
2454.46	0.0116921
2452.53	0.0117541
2450.6	0.0118029
2448.67	0.0118976
2446.74	0.0118955
2444.82	0.0120381
2442.89	0.0122147
2440.96	0.012407
2439.03	0.0124255
2437.1	0.0125015
2435.18	0.0125936
2433.25	0.0126525
2431.32	0.0126745
2429.39	0.0128319
2427.46	0.0129478
2425.54	0.0129608
2423.61	0.0130026
2421.68	0.0131786
2419.75	0.0132443
2417.82	0.0132577
2415.9	0.0133778
2413.97	0.0134451
2412.04	0.0135724
2410.11	0.0137834
2408.18	0.0137715
2406.26	0.0137437
2404.33	0.0138747
2402.4	0.0140469
2400.47	0.0141051
2398.54	0.0141821
2396.62	0.0141971
2394.69	0.0142399
2392.76	0.0144345
2390.83	0.0145367
2388.9	0.0145592
2386.98	0.0146383
2385.05	0.0149075
2383.12	0.0150368
2381.19	0.0149834
2379.26	0.0150186
2377.34	0.0152136
2375.41	0.0154121
2373.48	0.0155024
2371.55	0.0155417
2369.62	0.0156379
2367.7	0.0157052
2365.77	0.0157346
2363.84	0.0157468
2361.91	0.015811
2359.98	0.0160597
2358.06	0.0162558
2356.13	0.0164707
2354.2	0.0166562
2352.27	0.0168174
2350.34	0.016953
2348.42	0.0171705
2346.49	0.0174131
2344.56	0.0176175
2342.63	0.0178309
2340.7	0.017684
2338.78	0.0174684
2336.85	0.0173542
2334.92	0.0173163
2332.99	0.0175402
2331.06	0.0177834
2329.14	0.0180401
2327.21	0.0182024
2325.28	0.0182308
2323.35	0.01833
2321.42	0.0185575
2319.5	0.018603
2317.57	0.0187067
2315.64	0.0190489
2313.71	0.0192187
2311.78	0.0190882
2309.86	0.0191482
2307.93	0.0194036
2306	0.0195899
2304.07	0.0196864
2302.14	0.0197796
2300.22	0.0200153
2298.29	0.0202686
2296.36	0.0202409
2294.43	0.0202597
2292.5	0.0205067
2290.58	0.0206706
2288.65	0.0208
2286.72	0.0209773
2284.79	0.0211319
2282.86	0.0211722
2280.94	0.0213832
2279.01	0.0217052
2277.08	0.0218458
2275.15	0.0219499
2273.22	0.0220827
2271.3	0.0221316
2269.37	0.0221437
2267.44	0.022309
2265.51	0.0225322
2263.58	0.0225943
2261.66	0.0226848
2259.73	0.022877
2257.8	0.0230161
2255.87	0.0231234
2253.94	0.0232166
2252.02	0.0234307
2250.09	0.0236248
2248.16	0.0237316
2246.23	0.0238692
2244.3	0.0239279
2242.38	0.0239457
2240.45	0.0240188
2238.52	0.0241394
2236.59	0.0241715
2234.66	0.0242311
2232.74	0.0244049
2230.81	0.0243578
2228.88	0.0243723
2226.95	0.0245137
2225.02	0.0246823
2223.1	0.0246321
2221.17	0.0245122
2219.24	0.0246034
2217.31	0.0247072
2215.38	0.0246384
2213.46	0.0245213
2211.53	0.0244612
2209.6	0.0244681
2207.67	0.0243259
2205.74	0.0241163
2203.81	0.0240319
2201.89	0.0240761
2199.96	0.0242249
2198.03	0.0241874
2196.1	0.0239099
2194.18	0.0238896
2192.25	0.0238386
2190.32	0.0237111
2188.39	0.0236076
2186.46	0.023379
2184.54	0.0230768
2182.61	0.0228674
2180.68	0.0227523
2178.75	0.0226767
2176.82	0.0224226
2174.9	0.022113
2172.97	0.0219592
2171.04	0.0219225
2169.11	0.0215964
2167.18	0.0213581
2165.25	0.0213126
2163.33	0.0211252
2161.4	0.0209149
2159.47	0.0205519
2157.54	0.0201817
2155.62	0.019948
2153.69	0.0196862
2151.76	0.0194682
2149.83	0.0192217
2147.9	0.0190301
2145.98	0.0188779
2144.05	0.0187126
2142.12	0.0184491
2140.19	0.0181471
2138.26	0.0178723
2136.33	0.0177538
2134.41	0.0176111
2132.48	0.0174087
2130.55	0.0172363
2128.62	0.0170394
2126.69	0.016711
2124.77	0.0165289
2122.84	0.0163348
2120.91	0.0159537
2118.98	0.0158371
2117.05	0.0158549
2115.13	0.0157265
2113.2	0.0155783
2111.27	0.015312
2109.34	0.0150964
2107.41	0.014955
2105.49	0.0147254
2103.56	0.01445
2101.63	0.0143284
2099.7	0.0142055
2097.77	0.0140061
2095.85	0.0138461
2093.92	0.0138474
2091.99	0.0136787
2090.06	0.0134135
2088.13	0.0132622
2086.21	0.0131246
2084.28	0.0130118
2082.35	0.0129746
2080.42	0.0129695
2078.49	0.0127898
2076.57	0.0124685
2074.64	0.0123712
2072.71	0.012392
2070.78	0.0123751
2068.85	0.0123051
2066.93	0.0122412
2065	0.0122749
2063.07	0.0122205
2061.14	0.0119014
2059.21	0.0116302
2057.29	0.011489
2055.36	0.0113235
2053.43	0.0112299
2051.5	0.0113878
2049.57	0.0114123
2047.65	0.0113143
2045.72	0.0112733
2043.79	0.0111853
2041.86	0.0110988
2039.93	0.0110393
2038.01	0.0108706
2036.08	0.0108598
2034.15	0.010959
2032.22	0.0107178
2030.29	0.0106013
2028.37	0.010688
2026.44	0.0106035
2024.51	0.0103766
2022.58	0.0102449
2020.65	0.0101891
2018.73	0.0101095
2016.8	0.0100945
2014.87	0.0102409
2012.94	0.0102299
2011.01	0.0100617
2009.09	0.0101317
2007.16	0.0101258
2005.23	0.0101367
2003.3	0.0100226
2001.37	0.00994018
1999.45	0.00984836
1997.52	0.00978115
1995.59	0.00979779
1993.66	0.00997595
1991.73	0.0100385
1989.81	0.00995947
1987.88	0.00997761
1985.95	0.0100774
1984.02	0.0100253
1982.09	0.00980047
1980.17	0.00974669
1978.24	0.00970772
1976.31	0.00973049
1974.38	0.0098065
1972.45	0.0099051
1970.53	0.0100039
1968.6	0.00987947
1966.67	0.00969491
1964.74	0.00983805
1962.81	0.00976759
1960.89	0.009481
1958.96	0.00946935
1957.03	0.00950413
1955.1	0.00959544
1953.17	0.00978342
1951.25	0.00978427
1949.32	0.00973123
1947.39	0.00991889
1945.46	0.00995266
1943.53	0.00996615
1941.61	0.00988188
1939.68	0.00988564
1937.75	0.0100514
1935.82	0.0100569
1933.89	0.0100201
1931.97	0.0101264
1930.04	0.0101281
1928.11	0.0100642
1926.18	0.0101451
1924.25	0.010092
1922.33	0.0100273
1920.4	0.0101216
1918.47	0.0103112
1916.54	0.0104174
1914.61	0.0103428
1912.69	0.010211
1910.76	0.0104416
1908.83	0.0104589
1906.9	0.0103574
1904.97	0.0105759
1903.05	0.0105764
1901.12	0.0105954
1899.19	0.0106272
1897.26	0.0107305
1895.33	0.0107329
1893.41	0.0108371
1891.48	0.0109683
1889.55	0.011029
1887.62	0.011065
1885.69	0.0110629
1883.77	0.0111255
1881.84	0.0113137
1879.91	0.0114812
1877.98	0.0114885
1876.05	0.0114416
1874.13	0.0115086
1872.2	0.011634
1870.27	0.011721
1868.34	0.0118262
1866.41	0.0118796
1864.49	0.011913
1862.56	0.0119858
1860.63	0.0122032
1858.7	0.01247
1856.77	0.0126028
1854.85	0.0125892
1852.92	0.012534
1850.99	0.0126054
1849.06	0.0126072
1847.13	0.0127867
1845.21	0.0131832
1843.28	0.0132595
1841.35	0.0133336
1839.42	0.0135955
1837.49	0.0137526
1835.57	0.0139028
1833.64	0.0140125
1831.71	0.0140966
1829.78	0.0142125
1827.85	0.0142429
1825.93	0.0143929
1824	0.0146239
1822.07	0.0147212
1820.14	0.0149231
1818.21	0.0153318
1816.29	0.0154342
1814.36	0.0153927
1812.43	0.0155108
1810.5	0.0158798
1808.57	0.0161239
1806.65	0.0162993
1804.72	0.0165113
1802.79	0.0166206
1800.86	0.016809
1798.93	0.0170621
1797.01	0.0173931
1795.08	0.0178283
1793.15	0.0181885
1791.22	0.0183768
1789.29	0.0186401
1787.37	0.018859
1785.44	0.0190844
1783.51	0.0194013
1781.58	0.0199146
1779.65	0.0203016
1777.73	0.020591
1775.8	0.0209782
1773.87	0.021353
1771.94	0.0216796
1770.01	0.0222592
1768.08	0.0227978
1766.16	0.0233291
1764.23	0.0238319
1762.3	0.0244422
1760.37	0.0250723
1758.45	0.0256777
1756.52	0.0265122
1754.59	0.0272263
1752.66	0.0277924
1750.73	0.0285954
1748.81	0.0293746
1746.88	0.0302926
1744.95	0.0312165
1743.02	0.0321998
1741.09	0.033307
1739.17	0.0343654
1737.24	0.035534
1735.31	0.0367889
1733.38	0.037945
1731.45	0.0390395
1729.52	0.0402794
1727.6	0.0417627
1725.67	0.043043
1723.74	0.0443008
1721.81	0.045433
1719.89	0.0467529
1717.96	0.0483395
1716.03	0.0500096
1714.1	0.0512954
1712.17	0.0524823
1710.24	0.0538477
1708.32	0.0550186
1706.39	0.0561483
1704.46	0.0573065
1702.53	0.0582921
1700.6	0.0593114
1698.68	0.0601742
1696.75	0.0609232
1694.82	0.0618162
1692.89	0.0627744
1690.96	0.0634184
1689.04	0.0638516
1687.11	0.0644481
1685.18	0.0646794
1683.25	0.0648055
1681.33	0.0650139
1679.4	0.0652556
1677.47	0.0653608
1675.54	0.0652399
1673.61	0.0652967
1671.68	0.0653942
1669.76	0.0655354
1667.83	0.0656037
1665.9	0.0654985
1663.97	0.0657565
1662.04	0.0661074
1660.12	0.065976
1658.19	0.0659076
1656.26	0.0660454
1654.33	0.066165
1652.4	0.0663589
1650.48	0.0665525
1648.55	0.0664909
1646.62	0.0663068
1644.69	0.0661086
1642.76	0.0661244
1640.84	0.0660196
1638.91	0.0656608
1636.98	0.0651296
1635.05	0.0647945
1633.12	0.0642583
1631.2	0.0634524
1629.27	0.0625392
1627.34	0.0616614
1625.41	0.0605734
1623.48	0.0593864
1621.56	0.0580168
1619.63	0.0567922
1617.7	0.0559398
1615.77	0.055169
1613.84	0.0541442
1611.92	0.0532337
1609.99	0.0525223
1608.06	0.05202
1606.13	0.0515884
1604.2	0.05111
1602.28	0.0505123
1600.35	0.0500371
1598.42	0.0495269
1596.49	0.0492148
1594.56	0.0489926
1592.64	0.0486115
1590.71	0.0481016
1588.78	0.0478403
1586.85	0.0476305
1584.92	0.0472283
1583	0.0467376
1581.07	0.0464015
1579.14	0.046244
1577.21	0.0459339
1575.28	0.0458644
1573.36	0.0457259
1571.43	0.0453973
1569.5	0.0452773
1567.57	0.044985
1565.64	0.0446998
1563.72	0.0444424
1561.79	0.0441917
1559.86	0.0440188
1557.93	0.043772
1556	0.0434997
1554.08	0.0432846
1552.15	0.043156
1550.22	0.0430767
1548.29	0.0426709
1546.36	0.0422954
1544.44	0.0422749
1542.51	0.0420433
1540.58	0.041718
1538.65	0.0416728
1536.72	0.0415282
1534.8	0.0414363
1532.87	0.0413892
1530.94	0.0411284
1529.01	0.0408493
1527.08	0.0404667
1525.16	0.0402039
1523.23	0.0402308
1521.3	0.0401213
1519.37	0.0399562
1517.44	0.0397648
1515.52	0.0395255
1513.59	0.039322
1511.66	0.0391376
1509.73	0.0389136
1507.8	0.038721
1505.88	0.038494
1503.95	0.0383002
1502.02	0.0382044
1500.09	0.0383462
1498.16	0.0381224
1496.24	0.0378101
1494.31	0.0378215
1492.38	0.037741
1490.45	0.0374817
1488.52	0.037225
1486.6	0.036929
1484.67	0.0368915
1482.74	0.0370563
1480.81	0.0369291
1478.88	0.0363284
1476.96	0.0359663
1475.03	0.0359402
1473.1	0.0359371
1471.17	0.0360653
1469.24	0.0359132
1467.32	0.0354511
1465.39	0.035326
1463.46	0.035382
1461.53	0.0351902
1459.6	0.0348595
1457.68	0.0348007
1455.75	0.0345819
1453.82	0.0345362
1451.89	0.034525
1449.96	0.034458
1448.04	0.0342375
1446.11	0.0342098
1444.18	0.0341227
1442.25	0.0339333
1440.32	0.0336485
1438.4	0.0334083
1436.47	0.0334069
1434.54	0.033546
1432.61	0.0333832
1430.68	0.0331432
1428.76	0.0331702
1426.83	0.0330051
1424.9	0.0327145
1422.97	0.0326948
1421.04	0.0328754
1419.12	0.0326295
1417.19	0.0323257
1415.26	0.0321152
1413.33	0.0318214
1411.4	0.0319625
1409.48	0.031993
1407.55	0.0318411
1405.62	0.0315717
1403.69	0.0313581
1401.76	0.0313296
1399.84	0.0313501
1397.91	0.0312266
1395.98	0.0311027
1394.05	0.0308818
1392.12	0.0307401
1390.2	0.0306661
1388.27	0.0306234
1386.34	0.0305487
1384.41	0.0305363
1382.48	0.030432
1380.56	0.0303388
1378.63	0.0303509
1376.7	0.030191
1374.77	0.0297966
1372.84	0.0297155
1370.92	0.0296276
1368.99	0.0294963
1367.06	0.029521
1365.13	0.0293507
1363.2	0.0291175
1361.28	0.0290536
1359.35	0.0290751
1357.42	0.0290167
1355.49	0.0286541
1353.56	0.0287259
1351.64	0.0288164
1349.71	0.0284599
1347.78	0.0284095
1345.85	0.0285498
1343.92	0.0284522
1342	0.0284571
1340.07	0.0284334
1338.14	0.0281523
1336.21	0.0279438
1334.28	0.0278767
1332.36	0.0280863
1330.43	0.0282068
1328.5	0.0280248
1326.57	0.0279906
1324.64	0.0278881
1322.72	0.0275961
1320.79	0.0274748
1318.86	0.027233
1316.93	0.0269947
1315	0.0270777
1313.08	0.0270933
1311.15	0.0271057
1309.22	0.0269806
1307.29	0.026945
1305.36	0.0272035
1303.44	0.0271605
1301.51	0.0267916
1299.58	0.026579
1297.65	0.0265468
1295.72	0.0266564
1293.8	0.026434
1291.87	0.0263289
1289.94	0.0263121
1288.01	0.0262861
1286.08	0.0259626
1284.15	0.0256375
1282.23	0.0258897
1280.3	0.0261183
1278.37	0.0261817
1276.44	0.0260334
1274.52	0.0257001
1272.59	0.0258508
1270.66	0.0259803
1268.73	0.0257429
1266.8	0.0256126
1264.88	0.0256972
1262.95	0.025318
1261.02	0.0250588
1259.09	0.0253358
1257.16	0.0255128
1255.24	0.0255207
1253.31	0.0253107
1251.38	0.0252161
1249.45	0.0253783
1247.52	0.0251401
1245.59	0.0247558
1243.67	0.0244689
1241.74	0.0245385
1239.81	0.0247239
1237.88	0.0251019
1235.96	0.0250545
1234.03	0.0246759
1232.1	0.0246315
1230.17	0.0245348
1228.24	0.0243805
1226.31	0.0242315
1224.39	0.0244105
1222.46	0.0248266
1220.53	0.0248233
1218.6	0.0247037
1216.68	0.0245078
1214.75	0.0244252
1212.82	0.0244128
1210.89	0.0248156
1208.96	0.0248784
1207.03	0.024829
1205.11	0.0251698
1203.18	0.0248288
1201.25	0.0248168
1199.32	0.0250844
1197.39	0.0251142
1195.47	0.0253818
1193.54	0.0260306
1191.61	0.026293
1189.68	0.0261271
1187.75	0.0263658
1185.83	0.0268761
1183.9	0.0271773
1181.97	0.0275738
1180.04	0.0279577
1178.11	0.0281429
1176.19	0.0288099
1174.26	0.0292783
1172.33	0.0293141
1170.4	0.0300066
1168.47	0.0311641
1166.55	0.0319621
1164.62	0.0325662
1162.69	0.0339275
1160.76	0.0347823
1158.83	0.034789
1156.91	0.0357235
1154.98	0.0372801
1153.05	0.0382261
1151.12	0.0391854
1149.19	0.0404848
1147.27	0.0415604
1145.34	0.0428071
1143.41	0.0437444
1141.48	0.0444519
1139.55	0.045428
1137.63	0.0470604
1135.7	0.0485576
1133.77	0.0493435
1131.84	0.0497326
1129.91	0.0503739
1127.99	0.0505425
1126.06	0.0507234
1124.13	0.0515506
1122.2	0.0519208
1120.27	0.0522693
1118.35	0.0527624
1116.42	0.0526057
1114.49	0.0520801
1112.56	0.0517841
1110.63	0.0509311
1108.71	0.050232
1106.78	0.0502571
1104.85	0.0498435
1102.92	0.0484982
1100.99	0.0472524
1099.07	0.0463735
1097.14	0.0460457
1095.21	0.0447545
1093.28	0.0429924
1091.35	0.0417318
1089.43	0.0403677
1087.5	0.0392673
1085.57	0.0381276
1083.64	0.0371563
1081.71	0.0366111
1079.79	0.0355844
1077.86	0.0343207
1075.93	0.0328391
1074	0.031835
1072.07	0.0316039
1070.15	0.0311381
1068.22	0.0301254
1066.29	0.0294024
1064.36	0.0294407
1062.43	0.0293917
1060.51	0.0289001
1058.58	0.0283859
1056.65	0.0290702
1054.72	0.0301717
1052.79	0.0304435
1050.87	0.02944
1048.94	0.0293141
1047.01	0.029962
1045.08	0.0303834
1043.15	0.0305922
1041.23	0.0306114
1039.3	0.0312802
1037.37	0.0322108
1035.44	0.032507
1033.51	0.0328821
1031.59	0.032769
1029.66	0.0330712
1027.73	0.033473
1025.8	0.0338193
1023.87	0.0348638
1021.95	0.0358595
1020.02	0.0361606
1018.09	0.036618
1016.16	0.0377931
1014.23	0.0386915
1012.31	0.0390499
1010.38	0.0392814
1008.45	0.0397932
1006.52	0.0409943
1004.59	0.0419364
1002.67	0.0423924
1000.74	0.0435669
998.81	0.0445547
996.882	0.0455621
994.954	0.0469851
993.026	0.0483122
991.098	0.0498563
989.17	0.0510323
987.242	0.0519053
985.314	0.0529402
983.386	0.053336
981.458	0.0544724
979.53	0.0574109
977.602	0.0597269
975.673	0.061307
973.746	0.0628537
971.817	0.0648543
969.89	0.0668536
967.962	0.0682244
966.034	0.069999
964.106	0.072904
962.178	0.075326
960.25	0.0774119
958.322	0.0794353
956.394	0.0816303
954.465	0.0839322
952.538	0.0863088
950.609	0.0889107
948.682	0.0914849
946.754	0.0938154
944.826	0.0958525
942.898	0.0980809
940.97	0.100853
939.042	0.103321
937.113	0.105733
935.186	0.107698
933.257	0.109692
931.33	0.111815
929.401	0.114116
927.474	0.116276
925.546	0.118333
923.618	0.120578
921.69	0.122445
919.761	0.123772
917.833	0.125224
915.905	0.126768
913.978	0.128252
912.049	0.1294
910.122	0.13116
908.193	0.132932
906.266	0.133853
904.338	0.134826
902.409	0.136611
900.481	0.137559
898.553	0.13734
896.625	0.138371
894.697	0.139701
892.77	0.139664
890.841	0.140055
888.914	0.141395
886.985	0.142796
885.058	0.142911
883.129	0.142456
881.201	0.142766
879.273	0.143087
877.345	0.143322
875.417	0.143924
873.489	0.144218
871.562	0.144163
869.633	0.143986
867.706	0.144158
865.777	0.14389
863.849	0.143305
861.921	0.143722
859.993	0.143892
858.065	0.14344
856.137	0.143864
854.209	0.14399
852.281	0.143332
850.354	0.142052
848.425	0.141723
846.497	0.141422
844.569	0.140878
842.641	0.140547
840.713	0.140007
838.785	0.138949
836.857	0.137356
834.929	0.136468
833.001	0.136199
831.073	0.135832
829.145	0.13523
827.217	0.133974
825.289	0.133389
823.361	0.132829
821.433	0.132616
819.505	0.131765
817.577	0.129775
815.649	0.128327
813.721	0.128062
811.793	0.128304
809.865	0.127605
807.937	0.125723
806.009	0.12448
804.081	0.123782
802.153	0.123573
800.225	0.122673
798.297	0.121864
796.369	0.121411
794.441	0.119557
792.513	0.118331
790.585	0.11762
788.657	0.116083
786.729	0.115329
784.801	0.11417
782.873	0.112764
780.945	0.112225
779.017	0.111096
777.089	0.109693
775.161	0.108337
773.232	0.106349
771.305	0.105669
769.377	0.105775
767.449	0.104962
765.521	0.103659
763.593	0.102005
761.665	0.101085
759.737	0.100404
757.809	0.098303
755.881	0.096922
753.953	0.0962201
752.024	0.0946852
750.097	0.0935664
748.169	0.0919291
746.241	0.091346
744.313	0.0914992
742.385	0.0914263
740.457	0.089864
738.529	0.0871387
736.601	0.0857134
734.672	0.0847775
732.745	0.0841128
730.816	0.0837758
728.889	0.0825825
726.961	0.0810289
725.033	0.0806313
723.105	0.0800123
721.177	0.0787151
719.249	0.0774948
717.32	0.076483
715.393	0.0759737
713.464	0.0747339
711.537	0.0731371
709.608	0.0720007
707.681	0.0715303
705.752	0.0712213
703.825	0.0695664
701.897	0.0684547
699.968	0.0679117
698.041	0.0670179
696.112	0.066288
694.185	0.0659941
692.256	0.0649161
690.329	0.063279
688.4	0.0631586
686.473	0.0631317
684.544	0.0620761
682.617	0.0609856
680.688	0.0599284
678.76	0.0596841
676.833	0.0591857
674.904	0.0571744
672.977	0.0561477
671.048	0.0561917
669.121	0.0545399
667.192	0.0529984
665.265	0.0530237
663.336	0.0530097
661.408	0.0523874
659.48	0.0515399
657.552	0.0507708
655.625	0.0504668
653.696	0.0497305
651.769	0.049579
649.84	0.0487202
647.913	0.0478698
645.984	0.0479734
644.056	0.048037
642.128	0.0475466
640.2	0.0460452
638.272	0.0446382
636.344	0.0431036
634.417	0.0435905
632.488	0.0444896
630.561	0.0437229
628.632	0.0421972
626.704	0.0404754
624.776	0.0401289
622.848	0.0402617
620.92	0.0401294
618.992	0.0391848
617.064	0.0398661
615.136	0.0392952
613.208	0.0384447
611.28	0.0381955
609.353	0.0369631
607.424	0.0369401
605.496	0.036596
603.568	0.0346804
601.64	0.0346518
599.712	0.0351068
597.784	0.0350257
595.856	0.032885
593.928	0.0310569
592	0.031004
590.072	0.0312703
588.144	0.0334002
586.216	0.034646
584.288	0.0325711
582.36	0.0305656
580.432	0.0308103
578.504	0.0309815
576.576	0.0298189
574.648	0.0302603
572.72	0.0309569
570.792	0.0303177
568.864	0.0297411
566.936	0.0283905
565.008	0.0260799
563.08	0.0256959
561.152	0.0271815
559.224	0.0271417
557.296	0.0250613
555.368	0.0228969
553.44	0.0230305
551.512	0.0243669
549.583	0.024128
547.656	0.0238114
545.728	0.0233127
543.8	0.0233413
541.872	0.0237995
539.944	0.0259104
538.016	0.0250643
536.088	0.0231696
534.16	0.0220102
532.231	0.0206969
530.304	0.0206905
528.375	0.0215235
526.448	0.0240833
524.52	0.0250165
522.592	0.0231142
520.664	0.0237955
518.736	0.0244918
516.808	0.0210295
514.879	0.0179057
512.952	0.0167685
511.023	0.0167041
509.096	0.0195594
507.167	0.0217799
505.24	0.0204112
503.312	0.0188333
501.384	0.019599
499.456	0.0173085
497.527	0.015828
495.6	0.0150195
493.671	0.01436
491.744	0.013805
489.815	0.0145676
487.888	0.0179563
485.959	0.0160582
484.032	0.0138077
482.104	0.0155614
480.176	0.0184317
478.248	0.0171675
476.319	0.0123912
474.392	0.0128908
472.463	0.0143886
470.536	0.0122664
468.607	0.0124185
466.68	0.0113359
464.751	0.0097681
462.824	0.0108765
460.895	0.00669407
458.967	0.00326284
457.04	-0.00215881
455.111	0.00694964
453.184	0.0146782
451.255	0.0116314
449.328	0.0076981
447.399	0.00575326
445.472	0.00430453
443.543	0.00638044
441.615	0.0103703
439.687	0.0152924
437.759	0.00500349
435.832	-0.00326722
433.903	0.00373144
431.976	0.00805642
430.047	0.00312028
428.12	0.0137579
426.191	0.0136272
424.263	0.00696365
422.335	0.00742004
420.407	0.0152621
418.479	0.0169604
416.551	0.0235725
414.624	0.0268991
412.695	0.0161112
410.768	0.0137755
408.839	0.0181057
406.912	0.019052
404.983	0.0301172
403.055	0.0185783
401.127	0.00761015
