mAHp0292.spa, Tue Nov 07 04:52:50 2006 (GMT-10:00)
7999.41	-0.00870846
7997.48	-0.00933532
7995.55	-0.0088938
7993.62	-0.00995195
7991.7	-0.0082411
7989.77	-0.0109526
7987.84	-0.0108003
7985.91	-0.00829851
7983.98	-0.00710586
7982.06	-0.00649346
7980.13	-0.00910631
7978.2	-0.0109414
7976.27	-0.0086463
7974.34	-0.0064237
7972.42	-0.00672441
7970.49	-0.00918417
7968.56	-0.00951024
7966.63	-0.00632049
7964.7	-0.00504241
7962.78	-0.00453338
7960.85	-0.00153408
7958.92	-0.00390418
7956.99	-0.00905582
7955.06	-0.00744326
7953.14	-0.00790953
7951.21	-0.00697937
7949.28	-0.00644792
7947.35	-0.00608204
7945.42	-0.00837321
7943.5	-0.00803864
7941.57	-0.00974976
7939.64	-0.0113613
7937.71	-0.00944962
7935.78	-0.00800136
7933.86	-0.00362773
7931.93	-0.000529921
7930	-0.00329136
7928.07	-0.00687104
7926.14	-0.00886776
7924.22	-0.0101303
7922.29	-0.0100444
7920.36	-0.0132601
7918.43	-0.0138964
7916.5	-0.0102718
7914.58	-0.00916062
7912.65	-0.0077557
7910.72	-0.00591322
7908.79	-0.00769473
7906.86	-0.00797937
7904.94	-0.00623123
7903.01	-0.00891564
7901.08	-0.0115647
7899.15	-0.00919828
7897.22	-0.00916435
7895.3	-0.0103351
7893.37	-0.0107622
7891.44	-0.00870323
7889.51	-0.00642155
7887.58	-0.00662483
7885.66	-0.00773715
7883.73	-0.00927993
7881.8	-0.00940575
7879.87	-0.00876773
7877.94	-0.00852756
7876.02	-0.00793051
7874.09	-0.00920253
7872.16	-0.0105874
7870.23	-0.00906932
7868.3	-0.00815982
7866.38	-0.00556069
7864.45	-0.00574086
7862.52	-0.00611419
7860.59	-0.0043613
7858.66	-0.00658302
7856.74	-0.00937543
7854.81	-0.00950116
7852.88	-0.00664421
7850.95	-0.00930707
7849.02	-0.0119985
7847.1	-0.010826
7845.17	-0.0109561
7843.24	-0.0121128
7841.31	-0.0117021
7839.38	-0.00906539
7837.46	-0.010639
7835.53	-0.0112109
7833.6	-0.00762022
7831.67	-0.00508236
7829.74	-0.0064871
7827.82	-0.0103902
7825.89	-0.0105992
7823.96	-0.00768868
7822.03	-0.00644508
7820.1	-0.0100365
7818.18	-0.0118458
7816.25	-0.00744779
7814.32	-0.00572804
7812.39	-0.00608279
7810.46	-0.00733117
7808.54	-0.00724717
7806.61	-0.00699749
7804.68	-0.00798572
7802.75	-0.00794827
7800.82	-0.00751286
7798.9	-0.00558404
7796.97	-0.00903112
7795.04	-0.0128748
7793.11	-0.0122598
7791.18	-0.0111982
7789.26	-0.00953724
7787.33	-0.010243
7785.4	-0.0139688
7783.47	-0.0114392
7781.54	-0.00793347
7779.62	-0.00946609
7777.69	-0.00930334
7775.76	-0.00723394
7773.83	-0.0062634
7771.9	-0.00758443
7769.98	-0.00772478
7768.05	-0.00888857
7766.12	-0.011688
7764.19	-0.0118479
7762.26	-0.0109323
7760.34	-0.0119795
7758.41	-0.0101039
7756.48	-0.00793845
7754.55	-0.00826269
7752.62	-0.00776166
7750.7	-0.00683059
7748.77	-0.00913243
7746.84	-0.0108729
7744.91	-0.00983419
7742.98	-0.0074443
7741.06	-0.00695282
7739.13	-0.00819812
7737.2	-0.00888263
7735.27	-0.00673971
7733.34	-0.00546254
7731.42	-0.00725639
7729.49	-0.00934038
7727.56	-0.0105306
7725.63	-0.0119059
7723.7	-0.0102882
7721.78	-0.00763272
7719.85	-0.00705236
7717.92	-0.00748427
7715.99	-0.00941759
7714.06	-0.00856976
7712.14	-0.00567987
7710.21	-0.0074257
7708.28	-0.0113662
7706.35	-0.0138612
7704.42	-0.0128697
7702.5	-0.00978945
7700.57	-0.00739779
7698.64	-0.00711091
7696.71	-0.00726314
7694.78	-0.00840486
7692.86	-0.00926929
7690.93	-0.00759808
7689	-0.00599898
7687.07	-0.00402162
7685.14	-0.00320062
7683.22	-0.00598421
7681.29	-0.00725245
7679.36	-0.00768188
7677.43	-0.00764662
7675.5	-0.00718773
7673.58	-0.00752712
7671.65	-0.00906997
7669.72	-0.00973901
7667.79	-0.00938938
7665.86	-0.0085416
7663.94	-0.0078927
7662.01	-0.0075577
7660.08	-0.00879101
7658.15	-0.0102641
7656.22	-0.0114642
7654.29	-0.00912032
7652.37	-0.00787028
7650.44	-0.00869476
7648.51	-0.0101488
7646.58	-0.00898488
7644.66	-0.00991733
7642.73	-0.010591
7640.8	-0.00864737
7638.87	-0.00774372
7636.94	-0.0074401
7635.02	-0.00799775
7633.09	-0.00806922
7631.16	-0.00655806
7629.23	-0.00892571
7627.3	-0.00985903
7625.38	-0.00885919
7623.45	-0.00834802
7621.52	-0.00938315
7619.59	-0.00992209
7617.66	-0.00893914
7615.73	-0.0073138
7613.81	-0.00617342
7611.88	-0.00645752
7609.95	-0.00828951
7608.02	-0.00824166
7606.09	-0.00792378
7604.17	-0.00711101
7602.24	-0.00698341
7600.31	-0.00619645
7598.38	-0.00632532
7596.46	-0.0087234
7594.53	-0.00988429
7592.6	-0.00960064
7590.67	-0.00802043
7588.74	-0.00787891
7586.81	-0.00880585
7584.89	-0.00790962
7582.96	-0.00886971
7581.03	-0.00903443
7579.1	-0.00661005
7577.17	-0.00675586
7575.25	-0.00822212
7573.32	-0.00821652
7571.39	-0.0086765
7569.46	-0.00855576
7567.53	-0.00727399
7565.61	-0.0073358
7563.68	-0.00712033
7561.75	-0.00725887
7559.82	-0.00836577
7557.89	-0.00887497
7555.97	-0.00779157
7554.04	-0.00631856
7552.11	-0.00760084
7550.18	-0.00773344
7548.25	-0.00658766
7546.33	-0.00682208
7544.4	-0.00859312
7542.47	-0.00984591
7540.54	-0.00863012
7538.61	-0.00807715
7536.69	-0.00873821
7534.76	-0.00798507
7532.83	-0.00783833
7530.9	-0.00767012
7528.97	-0.00716084
7527.05	-0.00688587
7525.12	-0.00680378
7523.19	-0.00726376
7521.26	-0.00695527
7519.33	-0.00673019
7517.41	-0.00685907
7515.48	-0.00601652
7513.55	-0.00714292
7511.62	-0.00741235
7509.69	-0.00739769
7507.77	-0.00838328
7505.84	-0.00770421
7503.91	-0.00638207
7501.98	-0.00627879
7500.05	-0.0074347
7498.13	-0.00787003
7496.2	-0.00793699
7494.27	-0.00738981
7492.34	-0.00867894
7490.41	-0.010074
7488.49	-0.00861914
7486.56	-0.00900532
7484.63	-0.00902009
7482.7	-0.00711159
7480.77	-0.0076291
7478.85	-0.00855843
7476.92	-0.00660195
7474.99	-0.00702045
7473.06	-0.00748935
7471.13	-0.0067142
7469.21	-0.00770886
7467.28	-0.00847905
7465.35	-0.00849774
7463.42	-0.00956946
7461.49	-0.008397
7459.57	-0.00748238
7457.64	-0.00957617
7455.71	-0.0106258
7453.78	-0.00893275
7451.85	-0.00873139
7449.93	-0.00919264
7448	-0.0095117
7446.07	-0.00859312
7444.14	-0.00785034
7442.21	-0.00757366
7440.29	-0.00808164
7438.36	-0.00748055
7436.43	-0.00700251
7434.5	-0.00722997
7432.57	-0.00855219
7430.65	-0.00883867
7428.72	-0.00951977
7426.79	-0.0108006
7424.86	-0.00966286
7422.93	-0.00899507
7421.01	-0.00907357
7419.08	-0.00875945
7417.15	-0.00737541
7415.22	-0.00581842
7413.29	-0.00511577
7411.37	-0.00686983
7409.44	-0.00763461
7407.51	-0.00716889
7405.58	-0.00768829
7403.65	-0.008834
7401.73	-0.00986075
7399.8	-0.00857412
7397.87	-0.00711172
7395.94	-0.00720755
7394.01	-0.00793672
7392.09	-0.00749
7390.16	-0.00743222
7388.23	-0.00963649
7386.3	-0.00999434
7384.37	-0.0104931
7382.45	-0.0105678
7380.52	-0.00932001
7378.59	-0.00751429
7376.66	-0.00812782
7374.73	-0.0103087
7372.81	-0.00987811
7370.88	-0.00819402
7368.95	-0.0073298
7367.02	-0.00684938
7365.09	-0.00509739
7363.17	-0.00491659
7361.24	-0.00718574
7359.31	-0.00873129
7357.38	-0.00754002
7355.45	-0.00628953
7353.53	-0.00728702
7351.6	-0.00746362
7349.67	-0.00924678
7347.74	-0.0100227
7345.81	-0.00986525
7343.89	-0.0106262
7341.96	-0.0086054
7340.03	-0.00738147
7338.1	-0.00707362
7336.17	-0.00819168
7334.25	-0.00773712
7332.32	-0.00691584
7330.39	-0.00718728
7328.46	-0.00837851
7326.53	-0.00819107
7324.61	-0.00823024
7322.68	-0.00809351
7320.75	-0.00794125
7318.82	-0.00814054
7316.89	-0.00845894
7314.97	-0.00734472
7313.04	-0.00563899
7311.11	-0.00684912
7309.18	-0.00787465
7307.25	-0.0073528
7305.33	-0.00721602
7303.4	-0.00784546
7301.47	-0.00857954
7299.54	-0.00863311
7297.61	-0.00768562
7295.69	-0.00620363
7293.76	-0.00619854
7291.83	-0.00806847
7289.9	-0.00900847
7287.97	-0.00936084
7286.05	-0.00741668
7284.12	-0.00719695
7282.19	-0.00779824
7280.26	-0.00731162
7278.33	-0.00808557
7276.41	-0.00815556
7274.48	-0.0062214
7272.55	-0.00613578
7270.62	-0.00698377
7268.69	-0.00627013
7266.77	-0.00506415
7264.84	-0.00570849
7262.91	-0.00784158
7260.98	-0.00745215
7259.05	-0.00702557
7257.13	-0.00658067
7255.2	-0.00608456
7253.27	-0.00663759
7251.34	-0.0071082
7249.41	-0.00861849
7247.49	-0.0084927
7245.56	-0.00672477
7243.63	-0.00732446
7241.7	-0.00861622
7239.77	-0.00781929
7237.85	-0.00846671
7235.92	-0.00826393
7233.99	-0.00721263
7232.06	-0.00672562
7230.13	-0.00755584
7228.21	-0.00783729
7226.28	-0.00639203
7224.35	-0.00632754
7222.42	-0.0066542
7220.49	-0.00646271
7218.57	-0.00757854
7216.64	-0.00804472
7214.71	-0.00747648
7212.78	-0.00697555
7210.85	-0.00630129
7208.93	-0.00460777
7207	-0.00526264
7205.07	-0.00694748
7203.14	-0.00699668
7201.21	-0.00670794
7199.29	-0.00696759
7197.36	-0.00750478
7195.43	-0.00856609
7193.5	-0.00905553
7191.57	-0.00849514
7189.65	-0.007909
7187.72	-0.00845598
7185.79	-0.0089569
7183.86	-0.00831912
7181.93	-0.00681976
7180	-0.00720944
7178.08	-0.00810919
7176.15	-0.00873977
7174.22	-0.00806512
7172.29	-0.00661481
7170.37	-0.00674193
7168.44	-0.00673939
7166.51	-0.00762783
7164.58	-0.00672611
7162.65	-0.00701523
7160.73	-0.00787273
7158.8	-0.00720122
7156.87	-0.0059005
7154.94	-0.00754406
7153.01	-0.00777428
7151.08	-0.00653306
7149.16	-0.00646245
7147.23	-0.00759365
7145.3	-0.00856392
7143.37	-0.00781861
7141.44	-0.00729813
7139.52	-0.00712509
7137.59	-0.00728947
7135.66	-0.00803422
7133.73	-0.00654213
7131.8	-0.00562477
7129.88	-0.00666059
7127.95	-0.00719803
7126.02	-0.007649
7124.09	-0.00705223
7122.17	-0.00622016
7120.24	-0.00568305
7118.31	-0.00609236
7116.38	-0.00689351
7114.45	-0.00751374
7112.52	-0.00813345
7110.6	-0.00699032
7108.67	-0.00653789
7106.74	-0.00756451
7104.81	-0.00886052
7102.88	-0.00952882
7100.96	-0.00818336
7099.03	-0.00740567
7097.1	-0.00668219
7095.17	-0.00717874
7093.24	-0.00716596
7091.32	-0.00743613
7089.39	-0.00753071
7087.46	-0.0071744
7085.53	-0.0067893
7083.6	-0.00639879
7081.68	-0.00669733
7079.75	-0.00690508
7077.82	-0.00687707
7075.89	-0.00596741
7073.96	-0.00620873
7072.04	-0.00546061
7070.11	-0.00545773
7068.18	-0.0069404
7066.25	-0.00650991
7064.32	-0.00641227
7062.4	-0.00722726
7060.47	-0.00817533
7058.54	-0.00756018
7056.61	-0.00580132
7054.68	-0.00491833
7052.76	-0.00566725
7050.83	-0.00645814
7048.9	-0.00687319
7046.97	-0.00671655
7045.04	-0.00652088
7043.12	-0.00653684
7041.19	-0.0063009
7039.26	-0.00551606
7037.33	-0.00598983
7035.4	-0.00754109
7033.48	-0.00825726
7031.55	-0.00885763
7029.62	-0.00975284
7027.69	-0.00982512
7025.76	-0.00814948
7023.84	-0.00687955
7021.91	-0.00649
7019.98	-0.0065763
7018.05	-0.00801145
7016.12	-0.0086105
7014.2	-0.00701262
7012.27	-0.00551577
7010.34	-0.00617685
7008.41	-0.00775108
7006.48	-0.00783612
7004.56	-0.00645915
7002.63	-0.00521733
7000.7	-0.00624123
6998.77	-0.0072792
6996.84	-0.00658136
6994.92	-0.00626144
6992.99	-0.00501074
6991.06	-0.00492658
6989.13	-0.00686875
6987.2	-0.00765297
6985.28	-0.00792687
6983.35	-0.00743766
6981.42	-0.00724883
6979.49	-0.00754451
6977.56	-0.00836885
6975.64	-0.00788542
6973.71	-0.00704917
6971.78	-0.00693952
6969.85	-0.00734531
6967.92	-0.00704421
6966	-0.00642504
6964.07	-0.00706459
6962.14	-0.00666689
6960.21	-0.00603754
6958.28	-0.00615927
6956.36	-0.00635004
6954.43	-0.00718672
6952.5	-0.00681438
6950.57	-0.00661132
6948.64	-0.00822836
6946.72	-0.00832351
6944.79	-0.00753973
6942.86	-0.00764037
6940.93	-0.00729572
6939	-0.00704773
6937.08	-0.00679765
6935.15	-0.00660349
6933.22	-0.00758775
6931.29	-0.00786498
6929.36	-0.00692833
6927.44	-0.00719298
6925.51	-0.00738368
6923.58	-0.00693306
6921.65	-0.00596368
6919.72	-0.00609393
6917.8	-0.00691222
6915.87	-0.00672033
6913.94	-0.00650551
6912.01	-0.00768588
6910.08	-0.00808203
6908.16	-0.00706537
6906.23	-0.00719647
6904.3	-0.00672069
6902.37	-0.00586674
6900.44	-0.00686441
6898.52	-0.00701402
6896.59	-0.00660629
6894.66	-0.00638364
6892.73	-0.00586389
6890.8	-0.00601153
6888.88	-0.00663449
6886.95	-0.00672144
6885.02	-0.0067817
6883.09	-0.00625511
6881.16	-0.00657287
6879.24	-0.00690472
6877.31	-0.00727806
6875.38	-0.00773389
6873.45	-0.00757073
6871.52	-0.00730302
6869.6	-0.00736502
6867.67	-0.00684527
6865.74	-0.00661729
6863.81	-0.00751279
6861.88	-0.00744137
6859.96	-0.00652715
6858.03	-0.00663406
6856.1	-0.00644404
6854.17	-0.00641084
6852.24	-0.00678959
6850.32	-0.00720057
6848.39	-0.00843158
6846.46	-0.0087208
6844.53	-0.00737723
6842.6	-0.00718734
6840.68	-0.00739453
6838.75	-0.00683607
6836.82	-0.00701683
6834.89	-0.0069599
6832.96	-0.00639157
6831.04	-0.00685427
6829.11	-0.00664718
6827.18	-0.00553906
6825.25	-0.00494087
6823.32	-0.00474646
6821.4	-0.00570231
6819.47	-0.00599738
6817.54	-0.00530637
6815.61	-0.00516904
6813.68	-0.00651889
6811.76	-0.00726268
6809.83	-0.00708529
6807.9	-0.00703629
6805.97	-0.00677406
6804.04	-0.00548963
6802.12	-0.00577542
6800.19	-0.00671436
6798.26	-0.00656279
6796.33	-0.00678982
6794.4	-0.0073026
6792.48	-0.00667802
6790.55	-0.00596737
6788.62	-0.00619341
6786.69	-0.0054202
6784.76	-0.00488255
6782.84	-0.00520879
6780.91	-0.00562172
6778.98	-0.00667459
6777.05	-0.00762178
6775.12	-0.0068348
6773.2	-0.00728119
6771.27	-0.00714598
6769.34	-0.00650175
6767.41	-0.00545325
6765.48	-0.00517634
6763.56	-0.00611125
6761.63	-0.00636049
6759.7	-0.00678483
6757.77	-0.0075901
6755.84	-0.00693688
6753.92	-0.00585856
6751.99	-0.00516649
6750.06	-0.00484038
6748.13	-0.00492252
6746.2	-0.00532045
6744.28	-0.00545701
6742.35	-0.00559173
6740.42	-0.00660495
6738.49	-0.00691813
6736.56	-0.00705126
6734.64	-0.00688516
6732.71	-0.00579625
6730.78	-0.00605293
6728.85	-0.00669488
6726.92	-0.00654977
6725	-0.0063362
6723.07	-0.00603482
6721.14	-0.0063232
6719.21	-0.00573877
6717.28	-0.00526097
6715.35	-0.0061218
6713.43	-0.00633835
6711.5	-0.00631053
6709.57	-0.0057508
6707.64	-0.00565463
6705.71	-0.0056837
6703.79	-0.00520744
6701.86	-0.00554204
6699.93	-0.00619981
6698	-0.00563157
6696.08	-0.00561077
6694.15	-0.00598244
6692.22	-0.0056005
6690.29	-0.00639108
6688.36	-0.0070464
6686.44	-0.00689409
6684.51	-0.00665945
6682.58	-0.00687511
6680.65	-0.00646803
6678.72	-0.00554312
6676.79	-0.00542717
6674.87	-0.0059812
6672.94	-0.00665273
6671.01	-0.00647802
6669.08	-0.00595107
6667.15	-0.00614402
6665.23	-0.00662065
6663.3	-0.0064648
6661.37	-0.00557976
6659.44	-0.00613059
6657.51	-0.0066832
6655.59	-0.00613186
6653.66	-0.00569289
6651.73	-0.00542884
6649.8	-0.00536872
6647.88	-0.00591773
6645.95	-0.00559929
6644.02	-0.00594554
6642.09	-0.00670993
6640.16	-0.00633672
6638.23	-0.00566454
6636.31	-0.00568668
6634.38	-0.00591953
6632.45	-0.00576208
6630.52	-0.00575139
6628.59	-0.00617244
6626.67	-0.00673113
6624.74	-0.00634723
6622.81	-0.00614376
6620.88	-0.00590923
6618.95	-0.0052737
6617.03	-0.00564707
6615.1	-0.0065135
6613.17	-0.00695934
6611.24	-0.00635233
6609.31	-0.00602695
6607.39	-0.00568341
6605.46	-0.00594969
6603.53	-0.00543754
6601.6	-0.00515892
6599.67	-0.00628793
6597.75	-0.00662156
6595.82	-0.00565253
6593.89	-0.00533409
6591.96	-0.00663168
6590.03	-0.00677397
6588.11	-0.0054839
6586.18	-0.00498774
6584.25	-0.00572065
6582.32	-0.0062442
6580.39	-0.00560972
6578.47	-0.00587576
6576.54	-0.00641257
6574.61	-0.00598979
6572.68	-0.00535743
6570.75	-0.00555143
6568.83	-0.00621317
6566.9	-0.00659608
6564.97	-0.0063055
6563.04	-0.00560566
6561.11	-0.00547415
6559.19	-0.00506009
6557.26	-0.00548845
6555.33	-0.00544245
6553.4	-0.00533242
6551.47	-0.00577382
6549.55	-0.00647032
6547.62	-0.00614196
6545.69	-0.00668082
6543.76	-0.00711547
6541.83	-0.00653952
6539.91	-0.00576637
6537.98	-0.00611537
6536.05	-0.00658058
6534.12	-0.00603228
6532.19	-0.00556589
6530.27	-0.00564217
6528.34	-0.00579239
6526.41	-0.00530156
6524.48	-0.00527956
6522.55	-0.0056527
6520.63	-0.00666741
6518.7	-0.00664255
6516.77	-0.00601054
6514.84	-0.00620915
6512.91	-0.00618198
6510.99	-0.00559739
6509.06	-0.00590093
6507.13	-0.00596777
6505.2	-0.00556579
6503.27	-0.00514432
6501.35	-0.00532918
6499.42	-0.00570702
6497.49	-0.00578317
6495.56	-0.00574054
6493.63	-0.00600489
6491.71	-0.00606949
6489.78	-0.00545302
6487.85	-0.00468753
6485.92	-0.00506271
6483.99	-0.00589615
6482.07	-0.00654699
6480.14	-0.00687237
6478.21	-0.00636911
6476.28	-0.00596342
6474.35	-0.00605044
6472.43	-0.00601679
6470.5	-0.00604084
6468.57	-0.00573386
6466.64	-0.00543708
6464.71	-0.0056023
6462.79	-0.00637198
6460.86	-0.0072243
6458.93	-0.00634913
6457	-0.00532552
6455.07	-0.00525616
6453.15	-0.00535101
6451.22	-0.00505518
6449.29	-0.00502141
6447.36	-0.00490847
6445.43	-0.00521131
6443.51	-0.00576035
6441.58	-0.00596152
6439.65	-0.00567261
6437.72	-0.00546444
6435.79	-0.0052886
6433.87	-0.00513286
6431.94	-0.00582375
6430.01	-0.00655616
6428.08	-0.00606283
6426.15	-0.00562028
6424.23	-0.00596175
6422.3	-0.00571496
6420.37	-0.00517624
6418.44	-0.00512945
6416.51	-0.00501513
6414.59	-0.00512104
6412.66	-0.00484395
6410.73	-0.0050467
6408.8	-0.00586644
6406.87	-0.00606319
6404.95	-0.00567324
6403.02	-0.00559549
6401.09	-0.00528683
6399.16	-0.00514068
6397.23	-0.00521933
6395.31	-0.00507719
6393.38	-0.00550743
6391.45	-0.00585552
6389.52	-0.00585062
6387.59	-0.00603215
6385.67	-0.00572893
6383.74	-0.00565234
6381.81	-0.0063117
6379.88	-0.0062198
6377.95	-0.00549264
6376.03	-0.00484726
6374.1	-0.00517284
6372.17	-0.00573449
6370.24	-0.00586425
6368.31	-0.00570777
6366.39	-0.00527478
6364.46	-0.00581178
6362.53	-0.00564956
6360.6	-0.00569224
6358.67	-0.00659533
6356.75	-0.00632695
6354.82	-0.00544916
6352.89	-0.00459046
6350.96	-0.00489172
6349.03	-0.00577726
6347.11	-0.00585556
6345.18	-0.00516914
6343.25	-0.00446343
6341.32	-0.00510349
6339.39	-0.00562248
6337.47	-0.00511239
6335.54	-0.00554597
6333.61	-0.00582185
6331.68	-0.00513584
6329.75	-0.00564697
6327.83	-0.00613539
6325.9	-0.00568645
6323.97	-0.00540799
6322.04	-0.00576562
6320.11	-0.00575482
6318.19	-0.00551979
6316.26	-0.00507382
6314.33	-0.00515588
6312.4	-0.00563402
6310.47	-0.00505927
6308.55	-0.00444858
6306.62	-0.00488491
6304.69	-0.00547851
6302.76	-0.0056839
6300.83	-0.00551649
6298.91	-0.00552814
6296.98	-0.00581087
6295.05	-0.00601558
6293.12	-0.00617322
6291.19	-0.0061022
6289.27	-0.00595803
6287.34	-0.00580724
6285.41	-0.00570394
6283.48	-0.00553586
6281.55	-0.00586716
6279.62	-0.00542046
6277.7	-0.00468356
6275.77	-0.00447563
6273.84	-0.00526817
6271.91	-0.00608465
6269.99	-0.00519425
6268.06	-0.00451738
6266.13	-0.00463
6264.2	-0.00462581
6262.27	-0.00484166
6260.34	-0.00512811
6258.42	-0.0051953
6256.49	-0.00512585
6254.56	-0.00527308
6252.63	-0.00550641
6250.71	-0.00529527
6248.78	-0.00502679
6246.85	-0.00515588
6244.92	-0.00539071
6242.99	-0.00510136
6241.06	-0.00513531
6239.14	-0.00522522
6237.21	-0.00506432
6235.28	-0.00525452
6233.35	-0.00566526
6231.42	-0.00520852
6229.5	-0.00500582
6227.57	-0.00550151
6225.64	-0.00552768
6223.71	-0.00519202
6221.79	-0.0050332
6219.86	-0.00475459
6217.93	-0.00491338
6216	-0.00530215
6214.07	-0.00534427
6212.15	-0.00522817
6210.22	-0.0053518
6208.29	-0.0052922
6206.36	-0.00468281
6204.43	-0.00450885
6202.5	-0.00504342
6200.58	-0.00482623
6198.65	-0.0046737
6196.72	-0.00526261
6194.79	-0.00528608
6192.86	-0.00497398
6190.94	-0.00456764
6189.01	-0.00467455
6187.08	-0.00536191
6185.15	-0.0056579
6183.22	-0.00536001
6181.3	-0.00526208
6179.37	-0.00547824
6177.44	-0.00510119
6175.51	-0.00449246
6173.58	-0.00452525
6171.66	-0.00487072
6169.73	-0.00540897
6167.8	-0.00556922
6165.87	-0.00514039
6163.94	-0.00471523
6162.02	-0.00504041
6160.09	-0.00564429
6158.16	-0.00546843
6156.23	-0.00490578
6154.3	-0.00476419
6152.38	-0.00504267
6150.45	-0.00504477
6148.52	-0.00486715
6146.59	-0.00491987
6144.66	-0.0051401
6142.74	-0.00497153
6140.81	-0.00484543
6138.88	-0.00529125
6136.95	-0.00551858
6135.02	-0.00532935
6133.1	-0.00515915
6131.17	-0.00527478
6129.24	-0.00473489
6127.31	-0.00498427
6125.38	-0.00544016
6123.46	-0.0052832
6121.53	-0.00557874
6119.6	-0.00560599
6117.67	-0.00527737
6115.74	-0.00499875
6113.82	-0.00453977
6111.89	-0.00480565
6109.96	-0.00531707
6108.03	-0.0051493
6106.1	-0.00479998
6104.18	-0.00527809
6102.25	-0.00557685
6100.32	-0.00481119
6098.39	-0.00467711
6096.46	-0.00499295
6094.54	-0.0050125
6092.61	-0.00503989
6090.68	-0.00463538
6088.75	-0.00501686
6086.82	-0.00529145
6084.9	-0.0049711
6082.97	-0.00505407
6081.04	-0.00518158
6079.11	-0.00500651
6077.18	-0.00477878
6075.26	-0.00486433
6073.33	-0.00494506
6071.4	-0.00479428
6069.47	-0.00478477
6067.54	-0.00462554
6065.62	-0.00477917
6063.69	-0.00453046
6061.76	-0.00476285
6059.83	-0.00532657
6057.9	-0.00542828
6055.98	-0.004975
6054.05	-0.00503753
6052.12	-0.0054287
6050.19	-0.00553605
6048.26	-0.00478225
6046.34	-0.00422324
6044.41	-0.0043672
6042.48	-0.00488717
6040.55	-0.00500805
6038.62	-0.00485863
6036.7	-0.0048202
6034.77	-0.00462472
6032.84	-0.00471067
6030.91	-0.00487918
6028.98	-0.00479726
6027.06	-0.00516802
6025.13	-0.00551315
6023.2	-0.00572337
6021.27	-0.00551112
6019.34	-0.00521281
6017.42	-0.00457745
6015.49	-0.00411317
6013.56	-0.00450551
6011.63	-0.00492842
6009.7	-0.00483442
6007.78	-0.00476075
6005.85	-0.00501732
6003.92	-0.00504768
6001.99	-0.00480562
6000.06	-0.00507617
5998.14	-0.00505233
5996.21	-0.0047205
5994.28	-0.00475892
5992.35	-0.00495181
5990.42	-0.00477923
5988.5	-0.00444966
5986.57	-0.0046003
5984.64	-0.00462243
5982.71	-0.00431071
5980.78	-0.00419889
5978.86	-0.00446806
5976.93	-0.00468838
5975	-0.00442982
5973.07	-0.00452371
5971.14	-0.00477815
5969.22	-0.0043818
5967.29	-0.00433768
5965.36	-0.00498846
5963.43	-0.00509543
5961.5	-0.00447245
5959.58	-0.00470307
5957.65	-0.00495135
5955.72	-0.0047949
5953.79	-0.00495289
5951.86	-0.00532015
5949.94	-0.00505508
5948.01	-0.00438537
5946.08	-0.00423282
5944.15	-0.0042864
5942.22	-0.00467462
5940.3	-0.00502993
5938.37	-0.00520188
5936.44	-0.00466406
5934.51	-0.00402622
5932.58	-0.00398945
5930.66	-0.00367757
5928.73	-0.00373851
5926.8	-0.00406105
5924.87	-0.00407316
5922.94	-0.00421113
5921.02	-0.00468517
5919.09	-0.00469104
5917.16	-0.00425848
5915.23	-0.00436533
5913.3	-0.00431337
5911.38	-0.00435385
5909.45	-0.00475974
5907.52	-0.00498348
5905.59	-0.00494915
5903.66	-0.00462407
5901.74	-0.0047656
5899.81	-0.00494024
5897.88	-0.00476232
5895.95	-0.0047285
5894.02	-0.00488344
5892.1	-0.00468799
5890.17	-0.00468445
5888.24	-0.00473053
5886.31	-0.00445615
5884.38	-0.00441266
5882.46	-0.00470451
5880.53	-0.00458214
5878.6	-0.00419623
5876.67	-0.00411202
5874.74	-0.00390093
5872.82	-0.00392664
5870.89	-0.00424746
5868.96	-0.00398892
5867.03	-0.00366834
5865.1	-0.00385846
5863.18	-0.0042927
5861.25	-0.00407434
5859.32	-0.00365411
5857.39	-0.00387006
5855.46	-0.00444008
5853.54	-0.0050051
5851.61	-0.00476429
5849.68	-0.00441617
5847.75	-0.00454525
5845.82	-0.00434417
5843.9	-0.00423951
5841.97	-0.00443382
5840.04	-0.00438528
5838.11	-0.00415685
5836.18	-0.00397973
5834.25	-0.00399493
5832.33	-0.00450131
5830.4	-0.00467153
5828.47	-0.00442372
5826.54	-0.00411829
5824.62	-0.00394798
5822.69	-0.00431911
5820.76	-0.00482613
5818.83	-0.0045221
5816.9	-0.00408773
5814.98	-0.00399207
5813.05	-0.00418173
5811.12	-0.00429831
5809.19	-0.00460853
5807.26	-0.00465626
5805.33	-0.00425038
5803.41	-0.00383869
5801.48	-0.00372189
5799.55	-0.00405632
5797.62	-0.00427134
5795.7	-0.00439954
5793.77	-0.00429142
5791.84	-0.00402064
5789.91	-0.00404017
5787.98	-0.00406252
5786.06	-0.00387318
5784.13	-0.00397927
5782.2	-0.00419522
5780.27	-0.00434552
5778.34	-0.00435119
5776.42	-0.00419705
5774.49	-0.00385062
5772.56	-0.00436592
5770.63	-0.00474876
5768.7	-0.00441876
5766.77	-0.00428483
5764.85	-0.00389272
5762.92	-0.00412095
5760.99	-0.00451072
5759.06	-0.00434116
5757.13	-0.00440968
5755.21	-0.00431275
5753.28	-0.00422941
5751.35	-0.00423909
5749.42	-0.00418219
5747.49	-0.00397402
5745.57	-0.00411668
5743.64	-0.0039992
5741.71	-0.00403551
5739.78	-0.00434217
5737.85	-0.00400251
5735.93	-0.00375592
5734	-0.00403915
5732.07	-0.004349
5730.14	-0.00464328
5728.21	-0.00432059
5726.29	-0.00409712
5724.36	-0.00409725
5722.43	-0.00412243
5720.5	-0.00422705
5718.57	-0.00425405
5716.65	-0.00419558
5714.72	-0.00420437
5712.79	-0.00410556
5710.86	-0.00442135
5708.93	-0.00412449
5707.01	-0.00381252
5705.08	-0.00380312
5703.15	-0.00358429
5701.22	-0.00364708
5699.29	-0.00409387
5697.37	-0.00425796
5695.44	-0.00412439
5693.51	-0.00399355
5691.58	-0.00407562
5689.65	-0.00403863
5687.73	-0.00432301
5685.8	-0.00448557
5683.87	-0.0043938
5681.94	-0.00420654
5680.01	-0.0044308
5678.09	-0.00463128
5676.16	-0.00463554
5674.23	-0.00419079
5672.3	-0.00386201
5670.37	-0.0039292
5668.45	-0.00386835
5666.52	-0.00357196
5664.59	-0.00377005
5662.66	-0.00397897
5660.73	-0.00394187
5658.81	-0.00408304
5656.88	-0.00440492
5654.95	-0.00444556
5653.02	-0.0042821
5651.09	-0.00406781
5649.17	-0.0039797
5647.24	-0.0038936
5645.31	-0.00402329
5643.38	-0.00430185
5641.45	-0.00426777
5639.53	-0.00386411
5637.6	-0.00371864
5635.67	-0.0038249
5633.74	-0.00414809
5631.81	-0.00425887
5629.89	-0.00430697
5627.96	-0.00405773
5626.03	-0.00389314
5624.1	-0.00403203
5622.17	-0.0039622
5620.25	-0.00388277
5618.32	-0.00396075
5616.39	-0.00390283
5614.46	-0.00365438
5612.53	-0.00370776
5610.61	-0.00373339
5608.68	-0.00396456
5606.75	-0.00423007
5604.82	-0.00407917
5602.89	-0.00382792
5600.97	-0.00365973
5599.04	-0.0037143
5597.11	-0.00396157
5595.18	-0.00436802
5593.25	-0.00420237
5591.33	-0.0040272
5589.4	-0.00418865
5587.47	-0.00377169
5585.54	-0.0037866
5583.61	-0.00392651
5581.69	-0.003997
5579.76	-0.0041176
5577.83	-0.00409111
5575.9	-0.00393435
5573.97	-0.00385019
5572.05	-0.00387682
5570.12	-0.00390565
5568.19	-0.00385183
5566.26	-0.00374196
5564.33	-0.00356592
5562.41	-0.00335153
5560.48	-0.00338566
5558.55	-0.00353654
5556.62	-0.00367254
5554.69	-0.00393511
5552.77	-0.0039402
5550.84	-0.00408222
5548.91	-0.00413952
5546.98	-0.00414967
5545.05	-0.00385052
5543.13	-0.00357164
5541.2	-0.00336583
5539.27	-0.00337921
5537.34	-0.00342458
5535.41	-0.00389505
5533.49	-0.00415324
5531.56	-0.0039683
5529.63	-0.00401775
5527.7	-0.00407772
5525.77	-0.00400307
5523.85	-0.00388277
5521.92	-0.00379396
5519.99	-0.0036851
5518.06	-0.00368615
5516.13	-0.00397897
5514.21	-0.00390119
5512.28	-0.00377353
5510.35	-0.00376223
5508.42	-0.00365674
5506.49	-0.00381623
5504.57	-0.00395619
5502.64	-0.00373037
5500.71	-0.0035999
5498.78	-0.00350929
5496.85	-0.00343316
5494.93	-0.00352185
5493	-0.0037958
5491.07	-0.00368086
5489.14	-0.00362661
5487.21	-0.00364432
5485.29	-0.00359263
5483.36	-0.00383925
5481.43	-0.00392779
5479.5	-0.00376581
5477.57	-0.00365921
5475.65	-0.00382618
5473.72	-0.00401702
5471.79	-0.00404247
5469.86	-0.00396302
5467.93	-0.00377169
5466.01	-0.00363647
5464.08	-0.00359247
5462.15	-0.00381971
5460.22	-0.00393527
5458.29	-0.00375008
5456.37	-0.00364021
5454.44	-0.0035764
5452.51	-0.00378503
5450.58	-0.00382382
5448.65	-0.00378059
5446.73	-0.00378585
5444.8	-0.00351422
5442.87	-0.00333062
5440.94	-0.00353548
5439.01	-0.00379508
5437.09	-0.00369781
5435.16	-0.00380437
5433.23	-0.00379774
5431.3	-0.00377826
5429.37	-0.00373897
5427.45	-0.0038313
5425.52	-0.00399303
5423.59	-0.00381416
5421.66	-0.00385449
5419.73	-0.00373897
5417.81	-0.00380394
5415.88	-0.00366151
5413.95	-0.00377563
5412.02	-0.00381554
5410.09	-0.00337675
5408.17	-0.0033971
5406.24	-0.00364051
5404.31	-0.00390165
5402.38	-0.00394667
5400.45	-0.00367195
5398.53	-0.00369032
5396.6	-0.00384066
5394.67	-0.00363657
5392.74	-0.00364698
5390.81	-0.0038602
5388.88	-0.00358149
5386.96	-0.00364041
5385.03	-0.00364997
5383.1	-0.00334318
5381.17	-0.00323535
5379.25	-0.00333542
5377.32	-0.00372357
5375.39	-0.00380841
5373.46	-0.00352513
5371.53	-0.00349427
5369.6	-0.0035857
5367.68	-0.0036757
5365.75	-0.0035672
5363.82	-0.00318964
5361.89	-0.00307805
5359.96	-0.0035041
5358.04	-0.00361274
5356.11	-0.00340834
5354.18	-0.00327643
5352.25	-0.0032269
5350.33	-0.00330487
5348.4	-0.00342439
5346.47	-0.00353614
5344.54	-0.00334351
5342.61	-0.00329113
5340.69	-0.00356293
5338.76	-0.00368073
5336.83	-0.00347876
5334.9	-0.00349016
5332.97	-0.00376075
5331.04	-0.00395442
5329.12	-0.00402172
5327.19	-0.00377126
5325.26	-0.00362763
5323.33	-0.00361767
5321.4	-0.00361879
5319.48	-0.00357157
5317.55	-0.00349716
5315.62	-0.00335689
5313.69	-0.00320187
5311.76	-0.00325249
5309.84	-0.00324292
5307.91	-0.00327564
5305.98	-0.00314691
5304.05	-0.00315372
5302.12	-0.00336633
5300.2	-0.00344631
5298.27	-0.00353197
5296.34	-0.00335765
5294.41	-0.00323088
5292.48	-0.00317638
5290.56	-0.0032047
5288.63	-0.00334055
5286.7	-0.00364472
5284.77	-0.00356782
5282.84	-0.00324446
5280.92	-0.0034898
5278.99	-0.00345726
5277.06	-0.00315776
5275.13	-0.00309572
5273.21	-0.00332868
5271.28	-0.00344072
5269.35	-0.0033536
5267.42	-0.00345772
5265.49	-0.00329682
5263.56	-0.00314599
5261.64	-0.0030441
5259.71	-0.00322986
5257.78	-0.00369728
5255.85	-0.00351231
5253.92	-0.00337517
5252	-0.0032145
5250.07	-0.00303676
5248.14	-0.00312434
5246.21	-0.00315191
5244.28	-0.00313319
5242.36	-0.00324732
5240.43	-0.00318848
5238.5	-0.00298385
5236.57	-0.00301702
5234.64	-0.00310237
5232.72	-0.00326896
5230.79	-0.00350748
5228.86	-0.0037054
5226.93	-0.00354235
5225	-0.00340095
5223.08	-0.00329596
5221.15	-0.00318444
5219.22	-0.00331516
5217.29	-0.00313
5215.36	-0.00336146
5213.44	-0.00351021
5211.51	-0.00320585
5209.58	-0.00328284
5207.65	-0.00336038
5205.72	-0.0032513
5203.8	-0.00333766
5201.87	-0.00336514
5199.94	-0.00335689
5198.01	-0.00330175
5196.08	-0.00318727
5194.16	-0.00307917
5192.23	-0.00325344
5190.3	-0.00333453
5188.37	-0.00338184
5186.44	-0.0033589
5184.52	-0.00331697
5182.59	-0.00316122
5180.66	-0.00321779
5178.73	-0.00351692
5176.8	-0.00320181
5174.88	-0.00291174
5172.95	-0.00296394
5171.02	-0.00289881
5169.09	-0.00313757
5167.16	-0.00316352
5165.24	-0.00336817
5163.31	-0.00356483
5161.38	-0.00328804
5159.45	-0.00299909
5157.52	-0.00322878
5155.6	-0.00370106
5153.67	-0.00347488
5151.74	-0.00320727
5149.81	-0.00333634
5147.88	-0.00315612
5145.96	-0.00285375
5144.03	-0.00291622
5142.1	-0.00319368
5140.17	-0.00308904
5138.24	-0.00276727
5136.32	-0.00280128
5134.39	-0.00305114
5132.46	-0.00311105
5130.53	-0.00289552
5128.6	-0.00293561
5126.68	-0.00297345
5124.75	-0.002975
5122.82	-0.00287616
5120.89	-0.00296713
5118.96	-0.00310026
5117.04	-0.00325176
5115.11	-0.00345206
5113.18	-0.00340522
5111.25	-0.00326311
5109.32	-0.00308569
5107.4	-0.00306282
5105.47	-0.00298849
5103.54	-0.00305229
5101.61	-0.00322736
5099.68	-0.00312329
5097.76	-0.00312789
5095.83	-0.00332802
5093.9	-0.00323131
5091.97	-0.00302406
5090.04	-0.00316724
5088.12	-0.00326896
5086.19	-0.00327508
5084.26	-0.003239
5082.33	-0.00331326
5080.4	-0.00343063
5078.48	-0.0032391
5076.55	-0.00290174
5074.62	-0.00295084
5072.69	-0.00305311
5070.76	-0.00279594
5068.84	-0.00253249
5066.91	-0.00261036
5064.98	-0.00278096
5063.05	-0.00304959
5061.12	-0.00315523
5059.2	-0.00307184
5057.27	-0.00303798
5055.34	-0.00287531
5053.41	-0.00278445
5051.48	-0.00283209
5049.56	-0.0029153
5047.63	-0.00296921
5045.7	-0.00313345
5043.77	-0.00329698
5041.84	-0.00322976
5039.92	-0.00311977
5037.99	-0.0031096
5036.06	-0.0031022
5034.13	-0.00315724
5032.2	-0.00313243
5030.28	-0.00279196
5028.35	-0.00273342
5026.42	-0.00308884
5024.49	-0.00320575
5022.56	-0.00300014
5020.64	-0.00286208
5018.71	-0.00271897
5016.78	-0.00258944
5014.85	-0.00272772
5012.92	-0.00303805
5011	-0.00311043
5009.07	-0.00294327
5007.14	-0.00317191
5005.21	-0.00340703
5003.28	-0.0033684
5001.36	-0.00313678
4999.43	-0.00288848
4997.5	-0.00294354
4995.57	-0.0028574
4993.64	-0.00278699
4991.72	-0.00284489
4989.79	-0.00288383
4987.86	-0.00271795
4985.93	-0.00261474
4984	-0.00278735
4982.08	-0.00285622
4980.15	-0.00278784
4978.22	-0.00271271
4976.29	-0.00269289
4974.36	-0.00296137
4972.44	-0.00278488
4970.51	-0.00287304
4968.58	-0.0030261
4966.65	-0.00289242
4964.72	-0.00288291
4962.8	-0.00282439
4960.87	-0.002708
4958.94	-0.00287426
4957.01	-0.00283153
4955.08	-0.00255275
4953.16	-0.00249994
4951.23	-0.00282557
4949.3	-0.00295525
4947.37	-0.0030438
4945.44	-0.00301593
4943.52	-0.00283653
4941.59	-0.0026839
4939.66	-0.00260285
4937.73	-0.00271739
4935.8	-0.00279607
4933.88	-0.00273526
4931.95	-0.00268785
4930.02	-0.00288568
4928.09	-0.00285266
4926.16	-0.00238983
4924.24	-0.00231084
4922.31	-0.00275242
4920.38	-0.00289601
4918.45	-0.00270576
4916.52	-0.00267494
4914.6	-0.00276477
4912.67	-0.00288765
4910.74	-0.0028574
4908.81	-0.00287669
4906.88	-0.00295249
4904.96	-0.00295769
4903.03	-0.00278215
4901.1	-0.00258121
4899.17	-0.00257999
4897.24	-0.00260423
4895.32	-0.00243642
4893.39	-0.00241069
4891.46	-0.00261533
4889.53	-0.00276397
4887.6	-0.00288541
4885.67	-0.00285168
4883.75	-0.00285796
4881.82	-0.00281198
4879.89	-0.00279696
4877.96	-0.00278501
4876.04	-0.00284644
4874.11	-0.00302926
4872.18	-0.00281033
4870.25	-0.00271383
4868.32	-0.00278106
4866.4	-0.00290065
4864.47	-0.00300175
4862.54	-0.00299191
4860.61	-0.00290023
4858.68	-0.00272493
4856.75	-0.00263463
4854.83	-0.00257696
4852.9	-0.00246479
4850.97	-0.00254699
4849.04	-0.00237695
4847.12	-0.00245903
4845.19	-0.00260917
4843.26	-0.00253809
4841.33	-0.00265943
4839.4	-0.00273787
4837.47	-0.00277191
4835.55	-0.00258039
4833.62	-0.00245945
4831.69	-0.00248245
4829.76	-0.00249912
4827.83	-0.00279275
4825.91	-0.00299106
4823.98	-0.00287485
4822.05	-0.00270484
4820.12	-0.00262646
4818.19	-0.00265271
4816.27	-0.00271765
4814.34	-0.00256626
4812.41	-0.00236861
4810.48	-0.0022731
4808.55	-0.00239622
4806.63	-0.00244262
4804.7	-0.0024581
4802.77	-0.00251981
4800.84	-0.0025454
4798.91	-0.00266707
4796.99	-0.00258312
4795.06	-0.00261935
4793.13	-0.00269196
4791.2	-0.00254349
4789.27	-0.00251072
4787.35	-0.00248555
4785.42	-0.0026071
4783.49	-0.00260433
4781.56	-0.00251595
4779.63	-0.00263196
4777.71	-0.00272647
4775.78	-0.00256023
4773.85	-0.00243191
4771.92	-0.00258213
4769.99	-0.00245501
4768.07	-0.00224689
4766.14	-0.00227804
4764.21	-0.00260598
4762.28	-0.0026564
4760.35	-0.00227877
4758.43	-0.00229713
4756.5	-0.00241155
4754.57	-0.00244885
4752.64	-0.00256336
4750.71	-0.00262979
4748.79	-0.00252179
4746.86	-0.00278863
4744.93	-0.00301639
4743	-0.00297793
4741.07	-0.00289907
4739.15	-0.00257844
4737.22	-0.00245939
4735.29	-0.00262755
4733.36	-0.00278057
4731.43	-0.00252347
4729.51	-0.00223163
4727.58	-0.00241181
4725.65	-0.00280088
4723.72	-0.00302834
4721.79	-0.00306657
4719.87	-0.00288604
4717.94	-0.00241955
4716.01	-0.00251586
4714.08	-0.00247557
4712.15	-0.00226974
4710.23	-0.0023168
4708.3	-0.00248416
4706.37	-0.00259228
4704.44	-0.00250047
4702.51	-0.00234469
4700.59	-0.00231614
4698.66	-0.00233196
4696.73	-0.0026262
4694.8	-0.00280006
4692.87	-0.00277484
4690.95	-0.00264919
4689.02	-0.00252429
4687.09	-0.00249793
4685.16	-0.00232949
4683.23	-0.00238222
4681.31	-0.00267415
4679.38	-0.00265508
4677.45	-0.00254056
4675.52	-0.00244591
4673.59	-0.00250993
4671.67	-0.00243962
4669.74	-0.0022823
4667.81	-0.0023081
4665.88	-0.00243224
4663.95	-0.00230115
4662.03	-0.0021747
4660.1	-0.00241801
4658.17	-0.00259343
4656.24	-0.00265429
4654.31	-0.00248775
4652.39	-0.00231466
4650.46	-0.00247112
4648.53	-0.00239754
4646.6	-0.00235945
4644.67	-0.00244766
4642.75	-0.00258098
4640.82	-0.00248357
4638.89	-0.00226433
4636.96	-0.00233846
4635.03	-0.00247603
4633.11	-0.0025851
4631.18	-0.00254086
4629.25	-0.00248028
4627.32	-0.00257844
4625.39	-0.00255987
4623.47	-0.00241151
4621.54	-0.00235118
4619.61	-0.00237227
4617.68	-0.00255054
4615.75	-0.00254191
4613.83	-0.00234633
4611.9	-0.00231512
4609.97	-0.00239425
4608.04	-0.00235128
4606.11	-0.00241408
4604.19	-0.00255786
4602.26	-0.00250522
4600.33	-0.00258813
4598.4	-0.00274876
4596.47	-0.00257963
4594.55	-0.00230491
4592.62	-0.00243952
4590.69	-0.00248252
4588.76	-0.0023952
4586.83	-0.00244924
4584.91	-0.00248545
4582.98	-0.00250525
4581.05	-0.00240555
4579.12	-0.00217341
4577.19	-0.00220912
4575.27	-0.00231232
4573.34	-0.00242341
4571.41	-0.00238884
4569.48	-0.00227089
4567.55	-0.00229291
4565.63	-0.00243432
4563.7	-0.00247622
4561.77	-0.00244555
4559.84	-0.00246407
4557.91	-0.00244812
4555.99	-0.00243524
4554.06	-0.00248344
4552.13	-0.00241567
4550.2	-0.0024441
4548.27	-0.00255822
4546.35	-0.00245006
4544.42	-0.00248403
4542.49	-0.0024386
4540.56	-0.00241774
4538.63	-0.00254221
4536.71	-0.0025175
4534.78	-0.00249342
4532.85	-0.00238479
4530.92	-0.00227577
4528.99	-0.00225523
4527.07	-0.00222989
4525.14	-0.0022288
4523.21	-0.00254616
4521.28	-0.00271518
4519.35	-0.00236235
4517.43	-0.00226644
4515.5	-0.00238186
4513.57	-0.00236765
4511.64	-0.00240084
4509.71	-0.00239543
4507.79	-0.00240815
4505.86	-0.00239945
4503.93	-0.00223371
4502	-0.00219356
4500.07	-0.00219913
4498.15	-0.00215868
4496.22	-0.00208317
4494.29	-0.00204333
4492.36	-0.00219801
4490.43	-0.00212313
4488.51	-0.00200336
4486.58	-0.00215634
4484.65	-0.00223338
4482.72	-0.0023199
4480.79	-0.00235576
4478.87	-0.00233829
4476.94	-0.00239622
4475.01	-0.00230734
4473.08	-0.00224024
4471.15	-0.00225889
4469.23	-0.00215574
4467.3	-0.00219919
4465.37	-0.00238103
4463.44	-0.00226064
4461.51	-0.00213903
4459.58	-0.0020862
4457.66	-0.00226697
4455.73	-0.00235925
4453.8	-0.00220444
4451.87	-0.00216692
4449.95	-0.00209603
4448.02	-0.00190982
4446.09	-0.00209603
4444.16	-0.00226746
4442.23	-0.00224096
4440.3	-0.00223285
4438.38	-0.0021415
4436.45	-0.00213715
4434.52	-0.00231789
4432.59	-0.00242756
4430.67	-0.00242041
4428.74	-0.00216801
4426.81	-0.00214417
4424.88	-0.0022993
4422.95	-0.00230019
4421.02	-0.00232346
4419.1	-0.00233364
4417.17	-0.00225514
4415.24	-0.00226947
4413.31	-0.00228536
4411.38	-0.0022611
4409.46	-0.00221205
4407.53	-0.00214051
4405.6	-0.00203753
4403.67	-0.00212669
4401.75	-0.00209656
4399.82	-0.00200679
4397.89	-0.00207898
4395.96	-0.00211423
4394.03	-0.0021266
4392.1	-0.00217991
4390.18	-0.00210477
4388.25	-0.00211219
4386.32	-0.00217951
4384.39	-0.00212815
4382.46	-0.00213701
4380.54	-0.00224838
4378.61	-0.00219989
4376.68	-0.00222428
4374.75	-0.00232046
4372.82	-0.00219006
4370.9	-0.00206332
4368.97	-0.0020401
4367.04	-0.00206889
4365.11	-0.00200428
4363.18	-0.00209959
4361.26	-0.00224162
4359.33	-0.0022494
4357.4	-0.00212162
4355.47	-0.00210434
4353.54	-0.00222843
4351.62	-0.00224693
4349.69	-0.00209399
4347.76	-0.00211275
4345.83	-0.00205359
4343.9	-0.00201302
4341.98	-0.0021168
4340.05	-0.00205976
4338.12	-0.00195784
4336.19	-0.00192548
4334.26	-0.00180902
4332.34	-0.00196332
4330.41	-0.00214701
4328.48	-0.00198417
4326.55	-0.00191918
4324.62	-0.00207331
4322.7	-0.00223981
4320.77	-0.00217753
4318.84	-0.00211661
4316.91	-0.0020837
4314.98	-0.00198717
4313.06	-0.00192727
4311.13	-0.00187227
4309.2	-0.00167098
4307.27	-0.00175283
4305.34	-0.00197071
4303.42	-0.00197681
4301.49	-0.00203756
4299.56	-0.00206147
4297.63	-0.00198377
4295.7	-0.00204492
4293.78	-0.00198258
4291.85	-0.00199706
4289.92	-0.00207331
4287.99	-0.00182899
4286.06	-0.00179536
4284.14	-0.00190691
4282.21	-0.00197025
4280.28	-0.00209867
4278.35	-0.00211074
4276.42	-0.00200478
4274.5	-0.00200468
4272.57	-0.00188016
4270.64	-0.00179728
4268.71	-0.00195814
4266.78	-0.00198614
4264.86	-0.00196619
4262.93	-0.00191371
4261	-0.00186894
4259.07	-0.00181985
4257.14	-0.00193175
4255.22	-0.00213092
4253.29	-0.00205732
4251.36	-0.00195118
4249.43	-0.00193795
4247.5	-0.00202183
4245.58	-0.00214226
4243.65	-0.00207483
4241.72	-0.00188455
4239.79	-0.00184835
4237.86	-0.00203858
4235.94	-0.00216267
4234.01	-0.00191688
4232.08	-0.00162714
4230.15	-0.00179876
4228.22	-0.00212515
4226.3	-0.00190817
4224.37	-0.00177748
4222.44	-0.00193677
4220.51	-0.00183222
4218.58	-0.00177711
4216.66	-0.00190381
4214.73	-0.00197071
4212.8	-0.00191899
4210.87	-0.00187593
4208.94	-0.00195877
4207.02	-0.00199452
4205.09	-0.00181071
4203.16	-0.0016386
4201.23	-0.00177382
4199.3	-0.00193667
4197.38	-0.00194244
4195.45	-0.00194439
4193.52	-0.00197589
4191.59	-0.00193561
4189.66	-0.00200099
4187.74	-0.0021231
4185.81	-0.00203905
4183.88	-0.00191664
4181.95	-0.00168567
4180.02	-0.00171101
4178.1	-0.00200926
4176.17	-0.00217566
4174.24	-0.00202397
4172.31	-0.00197061
4170.38	-0.00202609
4168.46	-0.00200689
4166.53	-0.00199073
4164.6	-0.001905
4162.67	-0.00190991
4160.74	-0.00195666
4158.82	-0.00187554
4156.89	-0.00182377
4154.96	-0.00182707
4153.03	-0.00187933
4151.1	-0.00192717
4149.18	-0.00188824
4147.25	-0.00190134
4145.32	-0.00188164
4143.39	-0.00177127
4141.46	-0.00182945
4139.54	-0.00183615
4137.61	-0.00185238
4135.68	-0.00189655
4133.75	-0.00185083
4131.82	-0.00184687
4129.9	-0.00185294
4127.97	-0.00184578
4126.04	-0.00187669
4124.11	-0.00183037
4122.18	-0.00186831
4120.26	-0.00193558
4118.33	-0.00175626
4116.4	-0.00151483
4114.47	-0.00149039
4112.54	-0.0015771
4110.62	-0.00166448
4108.69	-0.00169682
4106.76	-0.0017914
4104.83	-0.00189814
4102.9	-0.00194752
4100.98	-0.00183324
4099.05	-0.00191295
4097.12	-0.002062
4095.19	-0.00183407
4093.26	-0.00173613
4091.34	-0.00191222
4089.41	-0.00190982
4087.48	-0.00169204
4085.55	-0.00166494
4083.62	-0.0016518
4081.7	-0.00156944
4079.77	-0.0016452
4077.84	-0.00169738
4075.91	-0.0017554
4073.98	-0.00180005
4072.06	-0.00177447
4070.13	-0.00187326
4068.2	-0.0018727
4066.27	-0.00185997
4064.34	-0.00175725
4062.42	-0.00160192
4060.49	-0.0016688
4058.56	-0.0018535
4056.63	-0.00176995
4054.7	-0.0017322
4052.78	-0.00190022
4050.85	-0.00194079
4048.92	-0.0018312
4046.99	-0.00175946
4045.06	-0.00178959
4043.14	-0.0018313
4041.21	-0.00190351
4039.28	-0.00194099
4037.35	-0.00180978
4035.42	-0.00152893
4033.5	-0.00159067
4031.57	-0.0017525
4029.64	-0.00176794
4027.71	-0.00179876
4025.78	-0.00168365
4023.86	-0.00163107
4021.93	-0.00164404
4020	-0.00165546
4018.07	-0.00182334
4016.14	-0.00190104
4014.22	-0.00181341
4012.29	-0.00173699
4010.36	-0.00178645
4008.43	-0.00191793
4006.5	-0.00185512
4004.58	-0.00168104
4002.65	-0.00163051
4000.72	-0.00169755
3998.79	-0.00175626
3996.86	-0.0017258
3994.94	-0.00177797
3993.01	-0.0018763
3991.08	-0.00191532
3989.15	-0.00188563
3987.22	-0.00194419
3985.29	-0.00187976
3983.37	-0.00178969
3981.44	-0.0017321
3979.51	-0.00167804
3977.58	-0.00161519
3975.66	-0.00173778
3973.73	-0.00167748
3971.8	-0.00166986
3969.87	-0.00186238
3967.94	-0.00194749
3966.01	-0.00193743
3964.09	-0.0018403
3962.16	-0.00176207
3960.23	-0.00170765
3958.3	-0.00172256
3956.38	-0.0018048
3954.45	-0.00184284
3952.52	-0.00175576
3950.59	-0.00171738
3948.66	-0.0017881
3946.73	-0.00185525
3944.81	-0.00185383
3942.88	-0.00184103
3940.95	-0.00183351
3939.02	-0.00172821
3937.09	-0.00173306
3935.17	-0.00192605
3933.24	-0.00201576
3931.31	-0.00193129
3929.38	-0.00194482
3927.45	-0.00185634
3925.53	-0.00173718
3923.6	-0.00177886
3921.67	-0.00176695
3919.74	-0.00171204
3917.81	-0.0019749
3915.89	-0.0020678
3913.96	-0.00184855
3912.03	-0.00171167
3910.1	-0.00178355
3908.17	-0.00174623
3906.25	-0.00174636
3904.32	-0.00159572
3902.39	-0.00151083
3900.46	-0.00166309
3898.53	-0.00182744
3896.61	-0.00183417
3894.68	-0.00191872
3892.75	-0.00176814
3890.82	-0.00165319
3888.89	-0.00167375
3886.97	-0.00185268
3885.04	-0.00186716
3883.11	-0.00182542
3881.18	-0.00184502
3879.25	-0.00182826
3877.33	-0.00167804
3875.4	-0.00165923
3873.47	-0.00173286
3871.54	-0.00182028
3869.61	-0.00189444
3867.69	-0.00185126
3865.76	-0.00180381
3863.83	-0.00174956
3861.9	-0.00162061
3859.97	-0.00165051
3858.05	-0.00180896
3856.12	-0.0019365
3854.19	-0.00200534
3852.26	-0.00184063
3850.33	-0.00162024
3848.41	-0.00168695
3846.48	-0.00178338
3844.55	-0.0018213
3842.62	-0.00198509
3840.69	-0.00195893
3838.77	-0.00181232
3836.84	-0.00182414
3834.91	-0.00182239
3832.98	-0.00171039
3831.05	-0.0016312
3829.13	-0.00169682
3827.2	-0.00181308
3825.27	-0.00174715
3823.34	-0.00152417
3821.41	-0.00142791
3819.49	-0.00149746
3817.56	-0.00171115
3815.63	-0.0018145
3813.7	-0.00171445
3811.77	-0.00170811
3809.85	-0.00178467
3807.92	-0.0019149
3805.99	-0.00190747
3804.06	-0.00176108
3802.13	-0.00171349
3800.21	-0.0017425
3798.28	-0.00191701
3796.35	-0.00185944
3794.42	-0.00168593
3792.49	-0.00164447
3790.57	-0.00177705
3788.64	-0.00179685
3786.71	-0.00176263
3784.78	-0.00181335
3782.85	-0.00179985
3780.93	-0.00175616
3779	-0.00170352
3777.07	-0.00182041
3775.14	-0.00184588
3773.21	-0.00175494
3771.29	-0.00177834
3769.36	-0.00184984
3767.43	-0.00180361
3765.5	-0.0018018
3763.57	-0.00203387
3761.65	-0.00218439
3759.72	-0.00202279
3757.79	-0.00191928
3755.86	-0.00203756
3753.93	-0.00218475
3752.01	-0.00228091
3750.08	-0.00229469
3748.15	-0.00234656
3746.22	-0.00262172
3744.29	-0.0027891
3742.37	-0.00264603
3740.44	-0.00265274
3738.51	-0.00271775
3736.58	-0.00268495
3734.65	-0.00264626
3732.73	-0.00237929
3730.8	-0.00210177
3728.87	-0.00208492
3726.94	-0.00213665
3725.01	-0.00214381
3723.09	-0.0019869
3721.16	-0.00194386
3719.23	-0.00207522
3717.3	-0.00210084
3715.37	-0.0019872
3713.45	-0.00197618
3711.52	-0.00183882
3709.59	-0.00166035
3707.66	-0.00165675
3705.73	-0.00182971
3703.81	-0.00196527
3701.88	-0.00182315
3699.95	-0.00171316
3698.02	-0.00182579
3696.09	-0.00193136
3694.17	-0.00190609
3692.24	-0.00202104
3690.31	-0.00202566
3688.38	-0.00183222
3686.45	-0.00177906
3684.53	-0.0019013
3682.6	-0.00212419
3680.67	-0.00202364
3678.74	-0.00180282
3676.81	-0.00187805
3674.89	-0.00198598
3672.96	-0.00198598
3671.03	-0.00198865
3669.1	-0.00189939
3667.17	-0.00175768
3665.25	-0.00168629
3663.32	-0.00176431
3661.39	-0.00186056
3659.46	-0.00183971
3657.53	-0.00175108
3655.61	-0.00172266
3653.68	-0.00170775
3651.75	-0.00173478
3649.82	-0.00178949
3647.89	-0.00173751
3645.97	-0.00173352
3644.04	-0.0017028
3642.11	-0.00157934
3640.18	-0.00161896
3638.25	-0.00180602
3636.33	-0.0018304
3634.4	-0.00169936
3632.47	-0.00164454
3630.54	-0.00171372
3628.61	-0.00162209
3626.69	-0.00156472
3624.76	-0.00151892
3622.83	-0.00149066
3620.9	-0.00172131
3618.97	-0.00179787
3617.05	-0.00161476
3615.12	-0.00157313
3613.19	-0.00176731
3611.26	-0.0018629
3609.33	-0.00181213
3607.41	-0.00172045
3605.48	-0.00167758
3603.55	-0.00177385
3601.62	-0.00171286
3599.69	-0.00157333
3597.77	-0.00162024
3595.84	-0.0016419
3593.91	-0.00161899
3591.98	-0.00175695
3590.05	-0.0018084
3588.12	-0.00181892
3586.2	-0.00179223
3584.27	-0.00170728
3582.34	-0.00166695
3580.41	-0.0016995
3578.49	-0.00178289
3576.56	-0.00179041
3574.63	-0.0017519
3572.7	-0.0017157
3570.77	-0.00161952
3568.85	-0.00158651
3566.92	-0.00163576
3564.99	-0.00177124
3563.06	-0.00175715
3561.13	-0.0016354
3559.21	-0.00155765
3557.28	-0.00156907
3555.35	-0.00167392
3553.42	-0.00171831
3551.49	-0.00166306
3549.56	-0.0016451
3547.64	-0.00152156
3545.71	-0.00138227
3543.78	-0.00151361
3541.85	-0.0015765
3539.93	-0.00156023
3538	-0.00151423
3536.07	-0.00156194
3534.14	-0.00156462
3532.21	-0.0016383
3530.28	-0.00163437
3528.36	-0.00165877
3526.43	-0.00176467
3524.5	-0.00172009
3522.57	-0.00154946
3520.65	-0.0014824
3518.72	-0.0014182
3516.79	-0.00142785
3514.86	-0.00144135
3512.93	-0.00156122
3511	-0.00171666
3509.08	-0.00164583
3507.15	-0.00144208
3505.22	-0.00139476
3503.29	-0.00150066
3501.37	-0.00154349
3499.44	-0.0015037
3497.51	-0.0015036
3495.58	-0.00141787
3493.65	-0.00139875
3491.72	-0.00141527
3489.8	-0.00142042
3487.87	-0.0013936
3485.94	-0.00147626
3484.01	-0.00150056
3482.08	-0.00145215
3480.16	-0.00139571
3478.23	-0.00140721
3476.3	-0.00140592
3474.37	-0.00154326
3472.44	-0.00160413
3470.52	-0.00153068
3468.59	-0.00148818
3466.66	-0.00136169
3464.73	-0.00127647
3462.81	-0.00132034
3460.88	-0.00143673
3458.95	-0.00142765
3457.02	-0.00133851
3455.09	-0.00135793
3453.16	-0.00128562
3451.24	-0.00126388
3449.31	-0.00127683
3447.38	-0.00131205
3445.45	-0.00132883
3443.52	-0.00135499
3441.6	-0.00140797
3439.67	-0.00137976
3437.74	-0.0011713
3435.81	-0.000982902
3433.88	-0.00104221
3431.96	-0.00127693
3430.03	-0.00141223
3428.1	-0.00138121
3426.17	-0.00143653
3424.24	-0.00154022
3422.32	-0.00150198
3420.39	-0.00136133
3418.46	-0.00119542
3416.53	-0.00116614
3414.6	-0.00122972
3412.68	-0.00134078
3410.75	-0.00147025
3408.82	-0.0014441
3406.89	-0.00130263
3404.96	-0.00122764
3403.04	-0.00124303
3401.11	-0.00126513
3399.18	-0.00126471
3397.25	-0.00121293
3395.32	-0.00120434
3393.4	-0.00125179
3391.47	-0.0012614
3389.54	-0.00125645
3387.61	-0.00123266
3385.68	-0.00120771
3383.76	-0.00111832
3381.83	-0.00109205
3379.9	-0.00111951
3377.97	-0.00118376
3376.04	-0.00129368
3374.12	-0.00136093
3372.19	-0.00127151
3370.26	-0.00113564
3368.33	-0.001247
3366.4	-0.00126864
3364.48	-0.00123196
3362.55	-0.00128231
3360.62	-0.00133471
3358.69	-0.00130841
3356.76	-0.00118313
3354.84	-0.00111062
3352.91	-0.00112315
3350.98	-0.00110914
3349.05	-0.001113
3347.12	-0.00118901
3345.2	-0.00110646
3343.27	-0.00100135
3341.34	-0.00112834
3339.41	-0.00124518
3337.48	-0.00116211
3335.56	-0.00117639
3333.63	-0.00118643
3331.7	-0.00119301
3329.77	-0.00115577
3327.84	-0.00117569
3325.92	-0.00113627
3323.99	-0.00115438
3322.06	-0.00114668
3320.13	-0.00106204
3318.2	-0.00106366
3316.28	-0.00116677
3314.35	-0.00127498
3312.42	-0.0013129
3310.49	-0.00143574
3308.56	-0.00141787
3306.64	-0.00132447
3304.71	-0.00126213
3302.78	-0.00125939
3300.85	-0.00122423
3298.92	-0.00106828
3297	-0.00106633
3295.07	-0.00107149
3293.14	-0.0011139
3291.21	-0.00118789
3289.28	-0.001183
3287.36	-0.00121752
3285.43	-0.00127736
3283.5	-0.00125674
3281.57	-0.0012873
3279.64	-0.00120352
3277.72	-0.00115877
3275.79	-0.001201
3273.86	-0.00108296
3271.93	-0.00106425
3270	-0.00113296
3268.08	-0.00118313
3266.15	-0.00126652
3264.22	-0.00114394
3262.29	-0.00105182
3260.36	-0.000907487
3258.44	-0.000933905
3256.51	-0.000988951
3254.58	-0.000894724
3252.65	-0.000774744
3250.72	-0.000934765
3248.8	-0.00109919
3246.87	-0.00115127
3244.94	-0.00119651
3243.01	-0.00117421
3241.08	-0.00112526
3239.16	-0.0012538
3237.23	-0.00125132
3235.3	-0.00117622
3233.37	-0.00108534
3231.44	-0.00102366
3229.52	-0.001062
3227.59	-0.00113326
3225.66	-0.00114228
3223.73	-0.00104207
3221.8	-0.000958999
3219.88	-0.00100601
3217.95	-0.00117318
3216.02	-0.00121287
3214.09	-0.00115246
3212.16	-0.00106551
3210.24	-0.000988819
3208.31	-0.000950172
3206.38	-0.0010032
3204.45	-0.000957082
3202.52	-0.00104102
3200.6	-0.00110015
3198.67	-0.000934732
3196.74	-0.000841088
3194.81	-0.000959264
3192.88	-0.00112969
3190.96	-0.00111307
3189.03	-0.00100098
3187.1	-0.00103219
3185.17	-0.00111059
3183.24	-0.00110884
3181.32	-0.00110646
3179.39	-0.00107394
3177.46	-0.00103695
3175.53	-0.000908975
3173.6	-0.000852265
3171.68	-0.000947593
3169.75	-0.000983596
3167.82	-0.000946039
3165.89	-0.000968388
3163.96	-0.00113921
3162.04	-0.00118253
3160.11	-0.00100016
3158.18	-0.000977017
3156.25	-0.00106091
3154.32	-0.00103275
3152.4	-0.00101629
3150.47	-0.000916084
3148.54	-0.000875314
3146.61	-0.000844097
3144.68	-0.000933211
3142.76	-0.00101903
3140.83	-0.000978075
3138.9	-0.000931161
3136.97	-0.000888276
3135.04	-0.00088573
3133.12	-0.000965512
3131.19	-0.00105503
3129.26	-0.00107655
3127.33	-0.00105057
3125.4	-0.00094227
3123.48	-0.000952189
3121.55	-0.000992489
3119.62	-0.000883316
3117.69	-0.000808546
3115.76	-0.000820584
3113.84	-0.000797962
3111.91	-0.00081344
3109.98	-0.000857854
3108.05	-0.000962471
3106.12	-0.000919523
3104.2	-0.000887813
3102.27	-0.00101044
3100.34	-0.0010188
3098.41	-0.000974405
3096.48	-0.000952453
3094.56	-0.0009951
3092.63	-0.00100426
3090.7	-0.00092187
3088.77	-0.000858714
3086.84	-0.000862285
3084.92	-0.000840261
3082.99	-0.00080504
3081.06	-0.000916382
3079.13	-0.000998968
3077.2	-0.000949345
3075.28	-0.000834639
3073.35	-0.000805404
3071.42	-0.000846842
3069.49	-0.000922829
3067.56	-0.000955396
3065.63	-0.000860235
3063.71	-0.000861888
3061.78	-0.00100042
3059.85	-0.00102951
3057.92	-0.000984323
3055.99	-0.000990836
3054.07	-0.00100171
3052.14	-0.000952453
3050.21	-0.000898361
3048.28	-0.000797863
3046.35	-0.000812382
3044.43	-0.000985612
3042.5	-0.000943758
3040.57	-0.000926201
3038.64	-0.000980753
3036.71	-0.0010152
3034.79	-0.000970273
3032.86	-0.00103678
3030.93	-0.00114833
3029	-0.00103302
3027.07	-0.000865129
3025.15	-0.00082065
3023.22	-0.000997381
3021.29	-0.00113759
3019.36	-0.00103669
3017.43	-0.000909769
3015.51	-0.000799054
3013.58	-0.000841419
3011.65	-0.000922994
3009.72	-0.000906661
3007.79	-0.000890591
3005.87	-0.000940749
3003.94	-0.000977248
3002.01	-0.000891583
3000.08	-0.00091086
2998.15	-0.000925375
2996.23	-0.000880935
2994.3	-0.000933178
2992.37	-0.000992356
2990.44	-0.000899585
2988.51	-0.000826801
2986.59	-0.000808281
2984.66	-0.000854183
2982.73	-0.000951726
2980.8	-0.000897931
2978.87	-0.000828455
2976.95	-0.000935492
2975.02	-0.000927293
2973.09	-0.00081774
2971.16	-0.000862285
2969.23	-0.000837417
2967.31	-0.000795052
2965.38	-0.000791348
2963.45	-0.000789992
2961.52	-0.000718315
2959.59	-0.000668428
2957.67	-0.000640042
2955.74	-0.00065857
2953.81	-0.000771139
2951.88	-0.000760125
2949.95	-0.000768559
2948.03	-0.000876074
2946.1	-0.000890128
2944.17	-0.000918663
2942.24	-0.000952387
2940.31	-0.00096376
2938.39	-0.000842245
2936.46	-0.000813308
2934.53	-0.000903321
2932.6	-0.000855506
2930.67	-0.000768493
2928.75	-0.000799153
2926.82	-0.000840426
2924.89	-0.000788702
2922.96	-0.000787114
2921.03	-0.000946403
2919.11	-0.000993712
2917.18	-0.000949973
2915.25	-0.000895055
2913.32	-0.000749541
2911.39	-0.000795945
2909.47	-0.00083874
2907.54	-0.000874156
2905.61	-0.000865063
2903.68	-0.000778846
2901.75	-0.000766277
2899.83	-0.000836227
2897.9	-0.000800377
2895.97	-0.000830571
2894.04	-0.000858152
2892.11	-0.000796706
2890.19	-0.000837186
2888.26	-0.000823957
2886.33	-0.000879646
2884.4	-0.000929706
2882.47	-0.000912777
2880.55	-0.000781558
2878.62	-0.00063766
2876.69	-0.000668792
2874.76	-0.000744612
2872.83	-0.000828653
2870.91	-0.000763003
2868.98	-0.000692049
2867.05	-0.000699691
2865.12	-0.000706671
2863.19	-0.000751757
2861.27	-0.000883382
2859.34	-0.000858681
2857.41	-0.000694166
2855.48	-0.000623036
2853.55	-0.000643516
2851.63	-0.000686161
2849.7	-0.000694133
2847.77	-0.000759232
2845.84	-0.000882522
2843.91	-0.000891517
2841.99	-0.00073578
2840.06	-0.000742462
2838.13	-0.000786883
2836.2	-0.000771801
2834.27	-0.000923854
2832.35	-0.000907123
2830.42	-0.000879348
2828.49	-0.000897667
2826.56	-0.0007974
2824.63	-0.000673358
2822.71	-0.000625518
2820.78	-0.000655757
2818.85	-0.000684507
2816.92	-0.000655559
2814.99	-0.000593092
2813.07	-0.000658305
2811.14	-0.000810497
2809.21	-0.000887086
2807.28	-0.000825611
2805.35	-0.000819493
2803.43	-0.00083831
2801.5	-0.000844461
2799.57	-0.000776101
2797.64	-0.000742561
2795.71	-0.000803056
2793.79	-0.000877364
2791.86	-0.000886061
2789.93	-0.000863409
2788	-0.000748019
2786.07	-0.000628462
2784.15	-0.000547361
2782.22	-0.000655294
2780.29	-0.000807322
2778.36	-0.000686922
2776.43	-0.000696714
2774.51	-0.00078255
2772.58	-0.000756817
2770.65	-0.000673358
2768.72	-0.000831497
2766.79	-0.000876141
2764.87	-0.000861723
2762.94	-0.000777126
2761.01	-0.000672994
2759.08	-0.000588029
2757.15	-0.000604838
2755.23	-0.000646626
2753.3	-0.000553052
2751.37	-0.000573767
2749.44	-0.000605467
2747.51	-0.000610595
2745.59	-0.000646626
2743.66	-0.000688741
2741.73	-0.000759695
2739.8	-0.000750864
2737.87	-0.000571815
2735.95	-0.000479615
2734.02	-0.000581279
2732.09	-0.000711137
2730.16	-0.000706175
2728.23	-0.000677989
2726.31	-0.000653144
2724.38	-0.000564105
2722.45	-0.000563079
2720.52	-0.000587897
2718.59	-0.000665286
2716.67	-0.000785957
2714.74	-0.000827397
2712.81	-0.000767931
2710.88	-0.0007591
2708.95	-0.000852894
2707.02	-0.000794391
2705.1	-0.00056844
2703.17	-0.000559505
2701.24	-0.00057744
2699.31	-0.000521813
2697.39	-0.000514664
2695.46	-0.000510362
2693.53	-0.000512712
2691.6	-0.000551894
2689.67	-0.000569433
2687.75	-0.000538856
2685.82	-0.000609073
2683.89	-0.000779143
2681.96	-0.000727676
2680.03	-0.000545375
2678.11	-0.000464291
2676.18	-0.000621812
2674.25	-0.000786056
2672.32	-0.000820849
2670.39	-0.000801766
2668.46	-0.000757942
2666.54	-0.000813077
2664.61	-0.000818302
2662.68	-0.000544316
2660.75	-0.000449496
2658.83	-0.000599511
2656.9	-0.000705083
2654.97	-0.000540775
2653.04	-0.000475942
2651.11	-0.000577507
2649.19	-0.000769419
2647.26	-0.000752418
2645.33	-0.000675971
2643.4	-0.00077577
2641.47	-0.000790653
2639.55	-0.000673854
2637.62	-0.000538492
2635.69	-0.000441816
2633.76	-0.000398883
2631.83	-0.000624525
2629.9	-0.000799616
2627.98	-0.000751393
2626.05	-0.000565462
2624.12	-0.000571087
2622.19	-0.000643152
2620.27	-0.000616485
2618.34	-0.000610529
2616.41	-0.000654732
2614.48	-0.000725295
2612.55	-0.000705645
2610.62	-0.000598386
2608.7	-0.000555634
2606.77	-0.000733465
2604.84	-0.000754337
2602.91	-0.000626146
2600.98	-0.000625418
2599.06	-0.000669884
2597.13	-0.000598584
2595.2	-0.000580385
2593.27	-0.000583661
2591.34	-0.000552159
2589.42	-0.000600305
2587.49	-0.000659529
2585.56	-0.000580352
2583.63	-0.000414508
2581.71	-0.000434402
2579.78	-0.000659264
2577.85	-0.000659992
2575.92	-0.000552324
2573.99	-0.000634153
2572.06	-0.000702139
2570.14	-0.00073578
2568.21	-0.000610231
2566.28	-0.000460418
2564.35	-0.000497388
2562.42	-0.000598386
2560.5	-0.000534785
2558.57	-0.000501625
2556.64	-0.000481998
2554.71	-0.000504074
2552.78	-0.00043374
2550.86	-0.000438804
2548.93	-0.000457075
2547	-0.000472201
2545.07	-0.000546633
2543.15	-0.000514399
2541.22	-0.000417355
2539.29	-0.000494145
2537.36	-0.000557487
2535.43	-0.000487625
2533.5	-0.000493053
2531.58	-0.000443041
2529.65	-0.000392924
2527.72	-0.000429172
2525.79	-0.000458962
2523.86	-0.000443703
2521.94	-0.000476504
2520.01	-0.000460253
2518.08	-0.000531079
2516.15	-0.000650596
2514.22	-0.000722714
2512.3	-0.000702139
2510.37	-0.000645931
2508.44	-0.00062201
2506.51	-0.000594515
2504.58	-0.000538095
2502.66	-0.000516385
2500.73	-0.000444133
2498.8	-0.000385178
2496.87	-0.000435031
2494.94	-0.000528465
2493.02	-0.000548386
2491.09	-0.000601232
2489.16	-0.000578334
2487.23	-0.000476703
2485.3	-0.000418844
2483.38	-0.00047154
2481.45	-0.000472532
2479.52	-0.000449827
2477.59	-0.000398883
2475.66	-0.000562252
2473.74	-0.000671075
2471.81	-0.000579922
2469.88	-0.000608147
2467.95	-0.000646361
2466.02	-0.000565329
2464.1	-0.000589651
2462.17	-0.000683878
2460.24	-0.000627238
2458.31	-0.000471142
2456.38	-0.000575488
2454.46	-0.000684242
2452.53	-0.000699922
2450.6	-0.000676865
2448.67	-0.000728172
2446.74	-0.000697938
2444.82	-0.000579823
2442.89	-0.000511255
2440.96	-0.000467005
2439.03	-0.000526975
2437.1	-0.000628098
2435.18	-0.000590875
2433.25	-0.000548949
2431.32	-0.000468428
2429.39	-0.000462636
2427.46	-0.000501691
2425.54	-0.000382232
2423.61	-0.000306647
2421.68	-0.000430066
2419.75	-0.000593224
2417.82	-0.000609801
2415.9	-0.000582371
2413.97	-0.000562616
2412.04	-0.000532039
2410.11	-0.000498481
2408.18	-0.000485606
2406.26	-0.000573734
2404.33	-0.00063862
2402.4	-0.000646031
2400.47	-0.000636072
2398.54	-0.000606493
2396.62	-0.00056748
2394.69	-0.000545805
2392.76	-0.00058932
2390.83	-0.000633028
2388.9	-0.000574793
2386.98	-0.000635973
2385.05	-0.00066952
2383.12	-0.000557321
2381.19	-0.000467866
2379.26	-0.000533859
2377.34	-0.000584422
2375.41	-0.000564833
2373.48	-0.000600504
2371.55	-0.00064206
2369.62	-0.000612481
2367.7	-0.000604838
2365.77	-0.000681959
2363.84	-0.000688377
2361.91	-0.00063948
2359.98	-0.000681728
2358.06	-0.000713915
2356.13	-0.000769221
2354.2	-0.000739617
2352.27	-0.000618272
2350.34	-0.000558314
2348.42	-0.000648545
2346.49	-0.000700617
2344.56	-0.000831431
2342.63	-0.000812779
2340.7	-0.000636436
2338.78	-0.000671538
2336.85	-0.000808017
2334.92	-0.000785395
2332.99	-0.000595607
2331.06	-0.00079191
2329.14	-0.000999034
2327.21	-0.000777027
2325.28	-0.000583033
2323.35	-0.000568407
2321.42	-0.000660819
2319.5	-0.000780731
2317.57	-0.000726585
2315.64	-0.000656585
2313.71	-0.000716694
2311.78	-0.000708027
2309.86	-0.000780334
2307.93	-0.000806132
2306	-0.000686822
2304.07	-0.000807917
2302.14	-0.000896939
2300.22	-0.000728867
2298.29	-0.000725328
2296.36	-0.000849785
2294.43	-0.000872966
2292.5	-0.000826008
2290.58	-0.000825908
2288.65	-0.000732473
2286.72	-0.000640208
2284.79	-0.000732043
2282.86	-0.000773157
2280.94	-0.000749673
2279.01	-0.000763466
2277.08	-0.000804875
2275.15	-0.000835896
2273.22	-0.00084327
2271.3	-0.000810034
2269.37	-0.000740378
2267.44	-0.000784501
2265.51	-0.000756156
2263.58	-0.000565462
2261.66	-0.000782749
2259.73	-0.000961677
2257.8	-0.000836756
2255.87	-0.000864864
2253.94	-0.000950436
2252.02	-0.000907123
2250.09	-0.00063766
2248.16	-0.00055024
2246.23	-0.000453699
2244.3	-0.000424803
2242.38	-0.000640108
2240.45	-0.0007333
2238.52	-0.000762341
2236.59	-0.00070419
2234.66	-0.000630646
2232.74	-0.000632135
2230.81	-0.000720597
2228.88	-0.000650199
2226.95	-0.000600504
2225.02	-0.00066383
2223.1	-0.00065857
2221.17	-0.000853026
2219.24	-0.000877827
2217.31	-0.000788702
2215.38	-0.000740544
2213.46	-0.000607055
2211.53	-0.000711633
2209.6	-0.000863476
2207.67	-0.000779441
2205.74	-0.000652317
2203.81	-0.000772628
2201.89	-0.00085382
2199.96	-0.000794391
2198.03	-0.00078685
2196.1	-0.000797962
2194.18	-0.0007719
2192.25	-0.000712261
2190.32	-0.000753047
2188.39	-0.000771536
2186.46	-0.000705281
2184.54	-0.000654732
2182.61	-0.000739518
2180.68	-0.000738526
2178.75	-0.000808546
2176.82	-0.000888805
2174.9	-0.000800476
2172.97	-0.000817905
2171.04	-0.000811688
2169.11	-0.000753311
2167.18	-0.000683679
2165.25	-0.000619562
2163.33	-0.000613275
2161.4	-0.000688377
2159.47	-0.000816252
2157.54	-0.000737004
2155.62	-0.000659397
2153.69	-0.000715106
2151.76	-0.00081893
2149.83	-0.000867874
2147.9	-0.000853753
2145.98	-0.000806264
2144.05	-0.000764888
2142.12	-0.00073535
2140.19	-0.000808116
2138.26	-0.000754171
2136.33	-0.000688112
2134.41	-0.000859077
2132.48	-0.000958338
2130.55	-0.000767203
2128.62	-0.000657776
2126.69	-0.000831497
2124.77	-0.000974042
2122.84	-0.000870453
2120.91	-0.00080246
2118.98	-0.000808347
2117.05	-0.000897766
2115.13	-0.000842179
2113.2	-0.000745075
2111.27	-0.00072063
2109.34	-0.000958239
2107.41	-0.00109188
2105.49	-0.00100806
2103.56	-0.000981249
2101.63	-0.00100647
2099.7	-0.00099067
2097.77	-0.000946436
2095.85	-0.000873958
2093.92	-0.00101474
2091.99	-0.000998208
2090.06	-0.0008936
2088.13	-0.000943659
2086.21	-0.00106981
2084.28	-0.00108075
2082.35	-0.00109496
2080.42	-0.00105576
2078.49	-0.000920812
2076.57	-0.000899684
2074.64	-0.000932252
2072.71	-0.000941278
2070.78	-0.00105678
2068.85	-0.00109803
2066.93	-0.00116978
2065	-0.00109307
2063.07	-0.000998042
2061.14	-0.000960024
2059.21	-0.000939625
2057.29	-0.00111865
2055.36	-0.00118025
2053.43	-0.00106686
2051.5	-0.00106591
2049.57	-0.0012946
2047.65	-0.00137299
2045.72	-0.00128241
2043.79	-0.00127187
2041.86	-0.00118055
2039.93	-0.00122655
2038.01	-0.00128482
2036.08	-0.00130227
2034.15	-0.00135116
2032.22	-0.00132995
2030.29	-0.00116925
2028.37	-0.00102998
2026.44	-0.00117219
2024.51	-0.00125919
2022.58	-0.00119093
2020.65	-0.00122489
2018.73	-0.00131436
2016.8	-0.00130993
2014.87	-0.00140162
2012.94	-0.00139281
2011.01	-0.00138491
2009.09	-0.001412
2007.16	-0.00132222
2005.23	-0.0012985
2003.3	-0.00135443
2001.37	-0.00140351
1999.45	-0.00151285
1997.52	-0.00146995
1995.59	-0.00138306
1993.66	-0.00133755
1991.73	-0.00132721
1989.81	-0.00134022
1987.88	-0.00147547
1985.95	-0.00149234
1984.02	-0.00137593
1982.09	-0.00157396
1980.17	-0.00166035
1978.24	-0.0013931
1976.31	-0.00129332
1974.38	-0.00141252
1972.45	-0.00151579
1970.53	-0.00141315
1968.6	-0.00130286
1966.67	-0.00125939
1964.74	-0.00127703
1962.81	-0.00141447
1960.89	-0.0015212
1958.96	-0.00145539
1957.03	-0.00135436
1955.1	-0.00143416
1953.17	-0.00132645
1951.25	-0.00138399
1949.32	-0.00152804
1947.39	-0.00154715
1945.46	-0.00151902
1943.53	-0.0014296
1941.61	-0.00136655
1939.68	-0.00151645
1937.75	-0.0015488
1935.82	-0.00152087
1933.89	-0.00146645
1931.97	-0.00143125
1930.04	-0.00134399
1928.11	-0.00128251
1926.18	-0.00155765
1924.25	-0.00173567
1922.33	-0.00155673
1920.4	-0.00131822
1918.47	-0.00139234
1916.54	-0.00154194
1914.61	-0.00148204
1912.69	-0.00143977
1910.76	-0.00153058
1908.83	-0.00165114
1906.9	-0.0016144
1904.97	-0.00147748
1903.05	-0.00136077
1901.12	-0.00130792
1899.19	-0.00145536
1897.26	-0.00145658
1895.33	-0.0014506
1893.41	-0.00148478
1891.48	-0.0015625
1889.55	-0.00160017
1887.62	-0.0014469
1885.69	-0.00151975
1883.77	-0.00157723
1881.84	-0.00158
1879.91	-0.00169913
1877.98	-0.00154986
1876.05	-0.00130765
1874.13	-0.00125526
1872.2	-0.00128813
1870.27	-0.00143878
1868.34	-0.00152619
1866.41	-0.00159832
1864.49	-0.00153087
1862.56	-0.00154276
1860.63	-0.00164454
1858.7	-0.00180671
1856.77	-0.00159991
1854.85	-0.00150918
1852.92	-0.00159156
1850.99	-0.00156349
1849.06	-0.00151433
1847.13	-0.00161833
1845.21	-0.0016416
1843.28	-0.00158971
1841.35	-0.0015455
1839.42	-0.00147996
1837.49	-0.00149809
1835.57	-0.00153754
1833.64	-0.0016013
1831.71	-0.00167217
1829.78	-0.00157508
1827.85	-0.0014225
1825.93	-0.00155379
1824	-0.00162189
1822.07	-0.00161532
1820.14	-0.00165055
1818.21	-0.00172553
1816.29	-0.00169299
1814.36	-0.00169996
1812.43	-0.00162998
1810.5	-0.00158449
1808.57	-0.00160493
1806.65	-0.00154032
1804.72	-0.00151225
1802.79	-0.00146001
1800.86	-0.00147481
1798.93	-0.00158763
1797.01	-0.00167877
1795.08	-0.00164596
1793.15	-0.00155653
1791.22	-0.00143178
1789.29	-0.00131928
1787.37	-0.00144436
1785.44	-0.00152685
1783.51	-0.00139958
1781.58	-0.00131783
1779.65	-0.00128479
1777.73	-0.00145483
1775.8	-0.00161328
1773.87	-0.00156482
1771.94	-0.00153279
1770.01	-0.00144396
1768.08	-0.00129764
1766.16	-0.00147236
1764.23	-0.00169121
1762.3	-0.00160826
1760.37	-0.00153652
1758.45	-0.00168956
1756.52	-0.00160384
1754.59	-0.00156449
1752.66	-0.00155316
1750.73	-0.00153424
1748.81	-0.00153177
1746.88	-0.00159948
1744.95	-0.00170936
1743.02	-0.0016621
1741.09	-0.00150103
1739.17	-0.00132268
1737.24	-0.00131608
1735.31	-0.00164338
1733.38	-0.00173586
1731.45	-0.00167246
1729.52	-0.00172986
1727.6	-0.00168151
1725.67	-0.00146553
1723.74	-0.00131419
1721.81	-0.00139509
1719.89	-0.00145328
1717.96	-0.00144281
1716.03	-0.00136628
1714.1	-0.00130524
1712.17	-0.00137923
1710.24	-0.00159139
1708.32	-0.00164071
1706.39	-0.00169355
1704.46	-0.0015833
1702.53	-0.00154012
1700.6	-0.00166032
1698.68	-0.00172626
1696.75	-0.00154335
1694.82	-0.00142062
1692.89	-0.00151978
1690.96	-0.00159222
1689.04	-0.00130996
1687.11	-0.00137015
1685.18	-0.00155947
1683.25	-0.0016011
1681.33	-0.00160707
1679.4	-0.00144225
1677.47	-0.00145361
1675.54	-0.00150103
1673.61	-0.00163863
1671.68	-0.00168497
1669.76	-0.00165725
1667.83	-0.00173963
1665.9	-0.00182734
1663.97	-0.00181057
1662.04	-0.00178787
1660.12	-0.00182133
1658.19	-0.00185274
1656.26	-0.00174293
1654.33	-0.0016754
1652.4	-0.00171075
1650.48	-0.00179464
1648.55	-0.00174045
1646.62	-0.00171471
1644.69	-0.00158383
1642.76	-0.00143416
1640.84	-0.00165345
1638.91	-0.00180648
1636.98	-0.00171745
1635.05	-0.00166164
1633.12	-0.00163084
1631.2	-0.00172369
1629.27	-0.00161889
1627.34	-0.0014827
1625.41	-0.00153332
1623.48	-0.00146619
1621.56	-0.00161433
1619.63	-0.00167094
1617.7	-0.00165494
1615.77	-0.00190638
1613.84	-0.0020831
1611.92	-0.00188069
1609.99	-0.00161635
1608.06	-0.00154633
1606.13	-0.00154715
1604.2	-0.00169738
1602.28	-0.00181721
1600.35	-0.00161457
1598.42	-0.00136903
1596.49	-0.00129391
1594.56	-0.00136685
1592.64	-0.00154936
1590.71	-0.00159146
1588.78	-0.00162605
1586.85	-0.00163731
1584.92	-0.00147738
1583	-0.00135608
1581.07	-0.00146546
1579.14	-0.00160027
1577.21	-0.00175675
1575.28	-0.00165778
1573.36	-0.00165302
1571.43	-0.00157416
1569.5	-0.0016079
1567.57	-0.00159634
1565.64	-0.00154857
1563.72	-0.00174461
1561.79	-0.0017883
1559.86	-0.00181176
1557.93	-0.00174844
1556	-0.00165041
1554.08	-0.00160311
1552.15	-0.00175593
1550.22	-0.00178622
1548.29	-0.00176877
1546.36	-0.00175085
1544.44	-0.00159935
1542.51	-0.0016586
1540.58	-0.00148214
1538.65	-0.00126642
1536.72	-0.001566
1534.8	-0.00181615
1532.87	-0.00167015
1530.94	-0.0016488
1529.01	-0.0018563
1527.08	-0.00187979
1525.16	-0.0018277
1523.23	-0.00197341
1521.3	-0.00183347
1519.37	-0.00184779
1517.44	-0.00185525
1515.52	-0.00173058
1513.59	-0.00185195
1511.66	-0.00183265
1509.73	-0.00167345
1507.8	-0.0016521
1505.88	-0.00134465
1503.95	-0.00123705
1502.02	-0.00152893
1500.09	-0.00163008
1498.16	-0.00158779
1496.24	-0.00176731
1494.31	-0.00178401
1492.38	-0.00182239
1490.45	-0.00186917
1488.52	-0.00173662
1486.6	-0.00173425
1484.67	-0.00188144
1482.74	-0.00189827
1480.81	-0.00190572
1478.88	-0.00175689
1476.96	-0.00166434
1475.03	-0.00188187
1473.1	-0.00190193
1471.17	-0.001719
1469.24	-0.00189827
1467.32	-0.00202612
1465.39	-0.00179886
1463.46	-0.00164985
1461.53	-0.00162404
1459.6	-0.00186162
1457.68	-0.00207308
1455.75	-0.0019812
1453.82	-0.00183377
1451.89	-0.00182701
1449.96	-0.00207925
1448.04	-0.00192067
1446.11	-0.00182298
1444.18	-0.00179619
1442.25	-0.00154491
1440.32	-0.00153718
1438.4	-0.0016926
1436.47	-0.00176256
1434.54	-0.00182417
1432.61	-0.00195989
1430.68	-0.00207925
1428.76	-0.00184542
1426.83	-0.00166391
1424.9	-0.00155068
1422.97	-0.00177711
1421.04	-0.00203153
1419.12	-0.00207272
1417.19	-0.00203314
1415.26	-0.00213787
1413.33	-0.00210774
1411.4	-0.00178715
1409.48	-0.00164394
1407.55	-0.00185244
1405.62	-0.00192146
1403.69	-0.00190645
1401.76	-0.00201246
1399.84	-0.00205375
1397.91	-0.00187867
1395.98	-0.00193512
1394.05	-0.0020623
1392.12	-0.0019806
1390.2	-0.00211347
1388.27	-0.00219896
1386.34	-0.00220862
1384.41	-0.00219712
1382.48	-0.00178784
1380.56	-0.00168068
1378.63	-0.00182809
1376.7	-0.00191377
1374.77	-0.0019498
1372.84	-0.00205168
1370.92	-0.002
1368.99	-0.00183321
1367.06	-0.00185244
1365.13	-0.00191084
1363.2	-0.00187722
1361.28	-0.001802
1359.35	-0.00183954
1357.42	-0.00179375
1355.49	-0.00177418
1353.56	-0.00175144
1351.64	-0.00197325
1349.71	-0.00210361
1347.78	-0.00192149
1345.85	-0.00192453
1343.92	-0.00204788
1342	-0.00221752
1340.07	-0.00213741
1338.14	-0.00202018
1336.21	-0.00183324
1334.28	-0.00182875
1332.36	-0.00198661
1330.43	-0.00206807
1328.5	-0.00193502
1326.57	-0.00210516
1324.64	-0.00206751
1322.72	-0.00189121
1320.79	-0.00189114
1318.86	-0.0020339
1316.93	-0.00214483
1315	-0.00212762
1313.08	-0.00199551
1311.15	-0.00197305
1309.22	-0.00211192
1307.29	-0.00222227
1305.36	-0.00212913
1303.44	-0.00218119
1301.51	-0.00222286
1299.58	-0.00259639
1297.65	-0.00268044
1295.72	-0.00253592
1293.8	-0.002612
1291.87	-0.00227551
1289.94	-0.00189451
1288.01	-0.00193017
1286.08	-0.00205257
1284.15	-0.00202938
1282.23	-0.00196042
1280.3	-0.00229215
1278.37	-0.0024152
1276.44	-0.00215789
1274.52	-0.00201576
1272.59	-0.00188435
1270.66	-0.00181625
1268.73	-0.00171738
1266.8	-0.0017788
1264.88	-0.00194353
1262.95	-0.00222395
1261.02	-0.00237309
1259.09	-0.0022167
1257.16	-0.0020586
1255.24	-0.00232326
1253.31	-0.00250011
1251.38	-0.0023839
1249.45	-0.00239599
1247.52	-0.00263308
1245.59	-0.00284815
1243.67	-0.00309279
1241.74	-0.00297562
1239.81	-0.0025905
1237.88	-0.00256863
1235.96	-0.00252353
1234.03	-0.00234505
1232.1	-0.00215472
1230.17	-0.00202068
1228.24	-0.00227402
1226.31	-0.00245695
1224.39	-0.00229967
1222.46	-0.00226634
1220.53	-0.00207789
1218.6	-0.00226183
1216.68	-0.00252347
1214.75	-0.00266048
1212.82	-0.00272144
1210.89	-0.00295288
1208.96	-0.0028286
1207.03	-0.00227007
1205.11	-0.00246743
1203.18	-0.00237425
1201.25	-0.00201108
1199.32	-0.00231852
1197.39	-0.00235523
1195.47	-0.00233325
1193.54	-0.00249599
1191.61	-0.00279275
1189.68	-0.00239695
1187.75	-0.00257689
1185.83	-0.00307361
1183.9	-0.00303245
1181.97	-0.00276058
1180.04	-0.00287801
1178.11	-0.00329537
1176.19	-0.00320473
1174.26	-0.00286672
1172.33	-0.00273915
1170.4	-0.00279604
1168.47	-0.00285108
1166.55	-0.00279943
1164.62	-0.00275607
1162.69	-0.00277026
1160.76	-0.00286162
1158.83	-0.00271449
1156.91	-0.00305384
1154.98	-0.0032928
1153.05	-0.00297151
1151.12	-0.00261872
1149.19	-0.00267356
1147.27	-0.00276799
1145.34	-0.00295933
1143.41	-0.00325252
1141.48	-0.00307111
1139.55	-0.00272012
1137.63	-0.00286912
1135.7	-0.00312681
1133.77	-0.00266068
1131.84	-0.00260407
1129.91	-0.00297845
1127.99	-0.0028866
1126.06	-0.00286023
1124.13	-0.00319651
1122.2	-0.00323183
1120.27	-0.0026757
1118.35	-0.00290753
1116.42	-0.00276717
1114.49	-0.00265765
1112.56	-0.00274834
1110.63	-0.00266776
1108.71	-0.0026563
1106.78	-0.00302304
1104.85	-0.00304482
1102.92	-0.00362871
1100.99	-0.00380027
1099.07	-0.0030874
1097.14	-0.00286599
1095.21	-0.00274373
1093.28	-0.0024724
1091.35	-0.00228648
1089.43	-0.00222441
1087.5	-0.00245346
1085.57	-0.0029513
1083.64	-0.00302304
1081.71	-0.0026506
1079.79	-0.00213124
1077.86	-0.00224617
1075.93	-0.00237425
1074	-0.00191358
1072.07	-0.00222807
1070.15	-0.00270421
1068.22	-0.0026506
1066.29	-0.00252903
1064.36	-0.00229235
1062.43	-0.00246506
1060.51	-0.00278821
1058.58	-0.00255977
1056.65	-0.0024098
1054.72	-0.00220674
1052.79	-0.0018016
1050.87	-0.00179612
1048.94	-0.00217111
1047.01	-0.00219
1045.08	-0.00196949
1043.15	-0.00209758
1041.23	-0.00207875
1039.3	-0.0018401
1037.37	-0.00157809
1035.44	-0.00157558
1033.51	-0.00209405
1031.59	-0.00214209
1029.66	-0.00195527
1027.73	-0.00180612
1025.8	-0.00197991
1023.87	-0.00207126
1021.95	-0.0016145
1020.02	-0.00171091
1018.09	-0.00194963
1016.16	-0.00199772
1014.23	-0.00204389
1012.31	-0.00204554
1010.38	-0.00234518
1008.45	-0.00250215
1006.52	-0.0027078
1004.59	-0.00225095
1002.67	-0.00156544
1000.74	-0.00164302
998.81	-0.00212119
996.882	-0.00214344
994.954	-0.00220167
993.026	-0.00206731
991.098	-0.0019527
989.17	-0.00169656
987.242	-0.00122099
985.314	-0.00143657
983.386	-0.00206991
981.458	-0.00221934
979.53	-0.00186485
977.602	-0.00152665
975.673	-0.00159892
973.746	-0.00168903
971.817	-0.00162642
969.89	-0.00164632
967.962	-0.0017421
966.034	-0.00186492
964.106	-0.00194284
962.178	-0.00196484
960.25	-0.00187135
958.322	-0.0019715
956.394	-0.00192892
954.465	-0.00160681
952.538	-0.00158677
950.609	-0.00206694
948.682	-0.00216989
946.754	-0.00199855
944.826	-0.0017095
942.898	-0.00162889
940.97	-0.00188484
939.042	-0.00168388
937.113	-0.0018246
935.186	-0.00226779
933.257	-0.00244601
931.33	-0.00256886
929.401	-0.00247494
927.474	-0.00208627
925.546	-0.00232511
923.618	-0.00291303
921.69	-0.00283005
919.761	-0.00226433
917.833	-0.00218281
915.905	-0.00185357
913.978	-0.00169794
912.049	-0.00197727
910.122	-0.00211337
908.193	-0.00220368
906.266	-0.00210262
904.338	-0.00210286
902.409	-0.00225507
900.481	-0.00220015
898.553	-0.00205425
896.625	-0.00179932
894.697	-0.00185301
892.77	-0.00189362
890.841	-0.0019969
888.914	-0.00202302
886.985	-0.00207898
885.058	-0.00236723
883.129	-0.00251869
881.201	-0.00200514
879.273	-0.00148471
877.345	-0.00159608
875.417	-0.00260051
873.489	-0.0030744
871.562	-0.00264685
869.633	-0.00170874
867.706	-0.00125192
865.777	-0.00158816
863.849	-0.00232372
861.921	-0.00240173
859.993	-0.00200831
858.065	-0.00203103
856.137	-0.00228464
854.209	-0.00168336
852.281	-0.0016893
850.354	-0.00196543
848.425	-0.00190427
846.497	-0.00211074
844.569	-0.00263871
842.641	-0.00263542
840.713	-0.0026067
838.785	-0.00247438
836.857	-0.00232979
834.929	-0.0019527
833.001	-0.00149095
831.073	-0.00130517
829.145	-0.00128932
827.217	-0.00103308
825.289	-0.00129781
823.361	-0.00109122
821.433	-0.000457671
819.505	0.000102396
817.577	-0.000694266
815.649	-0.00141622
813.721	-0.00195979
811.793	-0.00228974
809.865	-0.00194676
807.937	-0.00182397
806.009	-0.00172656
804.081	-0.0010029
802.153	-0.00079148
800.225	-0.00065632
798.297	-0.00134511
796.369	-0.00166289
794.441	-0.00190982
792.513	-0.00131684
790.585	-0.00164695
788.657	-0.00231799
786.729	-0.00179592
784.801	-0.00152711
782.873	-0.00200118
780.945	-0.00198875
779.017	-0.0014405
777.089	-0.00129665
775.161	-0.0015669
773.232	-0.00148739
771.305	-0.00191341
769.377	-0.00224713
767.449	-0.00299965
765.521	-0.00299224
763.593	-0.00275196
761.665	-0.00200808
759.737	-0.00178015
757.809	-0.0021536
755.881	-0.00183687
753.953	-0.000952122
752.024	-0.00131515
750.097	-0.00245151
748.169	-0.00250624
746.241	-0.00179751
744.313	-0.00205333
742.385	-0.0024979
740.457	-0.00251062
738.529	-0.00293018
736.601	-0.00339437
734.672	-0.00317743
732.745	-0.00242792
730.816	-0.00136034
728.889	-0.00120368
726.961	-0.00233951
725.033	-0.00242278
723.105	-0.00202895
721.177	-0.00186851
719.249	-0.00267929
717.32	-0.00335775
715.393	-0.00273987
713.464	-0.00275271
711.537	-0.00304291
709.608	-0.00360752
707.681	-0.00282899
705.752	-0.00179114
703.825	-0.00166887
701.897	-0.0027435
699.968	-0.00262683
698.041	-0.00205992
696.112	-0.00215287
694.185	-0.00169992
692.256	-0.00207163
690.329	-0.00205405
688.4	-0.00199944
686.473	-0.00277619
684.544	-0.00236568
682.617	-0.00251009
680.688	-0.00360052
678.76	-0.00306595
676.833	-0.00225405
674.904	-0.00283828
672.977	-0.00244802
671.048	-0.00204802
669.121	-0.000791447
667.192	-0.000386237
665.265	-0.00214015
663.336	-0.00216283
661.408	-0.00107156
659.48	-0.000678717
657.552	-0.00107542
655.625	-0.00171078
653.696	-0.00198964
651.769	-0.00312431
649.84	-0.00372816
647.913	-0.00290118
645.984	-0.0028235
644.056	-0.00395067
642.128	-0.00470477
640.2	-0.00411839
638.272	-0.00265156
636.344	-0.0015593
634.417	-0.000920878
632.488	-0.00224017
630.561	-0.00132295
628.632	-0.00150865
626.704	-0.0029772
624.776	-0.00275406
622.848	-0.00242166
620.92	-0.00196748
618.992	-0.00187445
617.064	-0.00231011
615.136	-0.00287936
613.208	-0.00260341
611.28	-0.00260789
609.353	-0.00271814
607.424	-0.00305358
605.496	-0.00270155
603.568	-0.00406633
601.64	-0.00481286
599.712	-0.002957
597.784	-0.00222735
595.856	-0.00245939
593.928	-0.00215627
592	-0.00242084
590.072	-0.00295815
588.144	-0.00215643
586.216	-0.00320398
584.288	-0.00351159
582.36	-0.00382608
580.432	-0.00415823
578.504	-0.00496717
576.576	-0.00493926
574.648	-0.00388868
572.72	-0.00317789
570.792	-0.00437334
568.864	-0.0051824
566.936	-0.00468865
565.008	-0.00411383
563.08	-0.00582087
561.152	-0.00521078
559.224	-0.00362362
557.296	-0.00432213
555.368	-0.00617848
553.44	-0.00636219
551.512	-0.00533943
549.583	-0.00512038
547.656	-0.00583166
545.728	-0.00635856
543.8	-0.00767185
541.872	-0.00715556
539.944	-0.0055653
538.016	-0.00513548
536.088	-0.00567696
534.16	-0.00465708
532.231	-0.00397871
530.304	-0.00609681
528.375	-0.00593116
526.448	-0.00527099
524.52	-0.00530791
522.592	-0.00559585
520.664	-0.00498158
518.736	-0.00483992
516.808	-0.00667505
514.879	-0.00737678
512.952	-0.00813797
511.023	-0.0072821
509.096	-0.00556278
507.167	-0.00422485
505.24	-0.00586298
503.312	-0.00681696
501.384	-0.0059762
499.456	-0.00684957
497.527	-0.00813397
495.6	-0.00518125
493.671	-0.00588913
491.744	-0.00748107
489.815	-0.00839856
487.888	-0.00611115
485.959	-0.00719523
484.032	-0.008228
482.104	-0.00846599
480.176	-0.00818778
478.248	-0.0070107
476.319	-0.00360844
474.392	-0.000818732
472.463	-0.00819386
470.536	-0.014885
468.607	-0.0127834
466.68	-0.0119391
464.751	-0.00873639
462.824	-0.0119438
460.895	-0.0160401
458.967	-0.0185701
457.04	-0.0199552
455.111	-0.0171203
453.184	-0.0134619
451.255	-0.00634952
449.328	-0.000423015
447.399	-0.00763249
445.472	-0.0182032
443.543	-0.0180542
441.615	-0.0141383
439.687	-0.0156476
437.759	-0.0221428
435.832	-0.027631
433.903	-0.0146067
431.976	-0.0162992
430.047	-0.0242032
428.12	-0.0241808
426.191	-0.0147709
424.263	-0.0186989
422.335	-0.0138613
420.407	-0.0181206
418.479	-0.0184614
416.551	-0.0222494
414.624	-0.0143157
412.695	0.00448374
410.768	-0.00522444
408.839	-0.032115
406.912	-0.0317007
404.983	-0.0178099
403.055	-0.00812502
401.127	-0.00482947
