nAHp0050.spa, Mon Nov 06 12:50:13 2006 (GMT-10:00)
9999.26	-5.3475e-05
9997.33	-2.40215e-05
9995.4	0.000319961
9993.48	0.000129938
9991.55	1.53082e-05
9989.62	9.57017e-05
9987.69	0.00044764
9985.76	0.000875289
9983.84	0.000866059
9981.91	-8.06076e-05
9979.98	5.13608e-05
9978.05	0.000227923
9976.12	-0.000693703
9974.2	-0.000842245
9972.27	0.000198585
9970.34	0.00126574
9968.41	0.00138097
9966.48	0.00077042
9964.56	-0.000108964
9962.63	-0.000436785
9960.7	-0.000295886
9958.77	-0.000122049
9956.84	-0.000387032
9954.92	-0.000137882
9952.99	0.000926321
9951.06	0.000253848
9949.13	-0.000819559
9947.2	1.70644e-05
9945.28	0.000926853
9943.35	0.000366584
9941.42	-0.000477265
9939.49	-0.000540213
9937.56	0.000258257
9935.64	0.000772942
9933.71	0.000874824
9931.78	7.78057e-05
9929.85	-0.000165539
9927.92	0.000211712
9926	9.80547e-05
9924.07	0.000585873
9922.14	0.000675333
9920.21	0.000498158
9918.28	0.00051073
9916.36	0.000501608
9914.43	0.000803116
9912.5	0.000662888
9910.57	0.00101303
9908.64	0.00137159
9906.71	0.00136993
9904.79	0.00107065
9902.86	0.000786452
9900.93	0.00116579
9899	0.00125979
9897.08	0.00136521
9895.15	0.00184647
9893.22	0.00183369
9891.29	0.00111334
9889.36	0.000148333
9887.43	-0.00057615
9885.51	-8.43179e-05
9883.58	0.000365689
9881.65	0.0011638
9879.72	0.00101867
9877.79	0.0010496
9875.87	0.0015332
9873.94	0.00100927
9872.01	0.000281963
9870.08	0.000544103
9868.15	0.00138333
9866.23	0.000644504
9864.3	-0.000231611
9862.37	0.000175944
9860.44	0.00017495
9858.51	0.00053289
9856.59	0.00105733
9854.66	0.00087675
9852.73	0.000754288
9850.8	0.0005379
9848.87	6.42517e-05
9846.95	0.000462466
9845.02	0.000146775
9843.09	3.37969e-06
9841.16	0.000933527
9839.23	0.000890827
9837.31	9.94021e-08
9835.38	0.000630568
9833.45	0.000744663
9831.52	0.000123376
9829.59	0.000353684
9827.67	0.000612948
9825.74	0.000908823
9823.81	0.000411952
9821.88	0.000450459
9819.95	0.0010567
9818.03	0.00125813
9816.1	0.00109656
9814.17	0.00094133
9812.24	0.000760528
9810.31	0.000541947
9808.39	0.000660233
9806.46	0.000675333
9804.53	0.000860116
9802.6	0.000860282
9800.67	0.000395303
9798.75	-5.23818e-05
9796.82	-0.00074276
9794.89	-0.000395573
9792.96	8.50634e-05
9791.03	0.000722027
9789.11	0.000877679
9787.18	0.000131927
9785.25	0.000255936
9783.32	0.000740414
9781.39	0.00041968
9779.46	0.000402533
9777.54	0.000719439
9775.61	0.000680808
9773.68	0.000387443
9771.75	0.00045099
9769.83	0.000393745
9767.9	0.00035574
9765.97	-4.12499e-05
9764.04	-0.000132715
9762.11	0.00017727
9760.18	0.000702513
9758.26	0.000977194
9756.33	0.000667567
9754.4	0.000468669
9752.47	0.000646197
9750.54	0.00110228
9748.62	0.00064759
9746.69	4.38054e-05
9744.76	0.00103036
9742.83	0.00144486
9740.9	0.00131951
9738.98	0.000949565
9737.05	0.000276592
9735.12	5.8979e-06
9733.19	8.19482e-05
9731.26	0.000524696
9729.34	0.000598249
9727.41	0.000552364
9725.48	0.000308588
9723.55	0.000443626
9721.62	0.00165195
9719.7	0.00163436
9717.77	0.000889466
9715.84	0.00012374
9713.91	0.0001484
9711.98	0.000866059
9710.06	0.00100705
9708.13	0.000575787
9706.2	0.000212209
9704.27	0.000488007
9702.34	0.000946112
9700.42	0.00133101
9698.49	0.00151258
9696.56	0.00121088
9694.63	0.00075628
9692.7	0.000931668
9690.78	0.00118639
9688.85	0.000382336
9686.92	0.000107798
9684.99	0.000992769
9683.06	0.00111742
9681.14	0.0006455
9679.21	0.00124374
9677.28	0.00118327
9675.35	0.000411952
9673.42	0.000199877
9671.5	0.000495537
9669.57	0.000903909
9667.64	0.000684094
9665.71	0.000844015
9663.78	0.00105909
9661.86	0.00104514
9659.93	0.000296253
9658	-0.000322175
9656.07	0.000666439
9654.14	0.00119001
9652.21	0.00079661
9650.29	0.000541483
9648.36	-0.000123208
9646.43	-0.000477232
9644.5	0.000193977
9642.57	0.000905669
9640.65	0.00134181
9638.72	0.00073922
9636.79	9.97118e-05
9634.86	0.000456131
9632.93	0.00104458
9631.01	0.00112543
9629.08	0.000602695
9627.15	0.00026817
9625.22	0.00072143
9623.29	0.000702612
9621.37	0.000604056
9619.44	0.000846139
9617.51	0.000926288
9615.58	0.0010773
9613.65	0.000884552
9611.73	0.00010233
9609.8	0.000546393
9607.87	0.00091294
9605.94	0.000377262
9604.01	6.34895e-05
9602.09	0.00060452
9600.16	0.000633587
9598.23	0.000498887
9596.3	0.000902381
9594.37	0.000914534
9592.45	0.000614176
9590.52	0.000336607
9588.59	6.29547e-07
9586.66	0.000280007
9584.73	0.000933627
9582.81	0.00116752
9580.88	0.000390362
9578.95	0.00014018
9577.02	0.000996788
9575.09	0.00109082
9573.17	0.000785456
9571.24	0.000640954
9569.31	0.000821905
9567.38	0.00137837
9565.45	0.00142917
9563.53	0.00135727
9561.6	0.00102439
9559.67	0.000381772
9557.74	0.000130932
9555.81	0.000567692
9553.88	0.000802054
9551.96	0.000448999
9550.03	-5.03634e-06
9548.1	0.000573398
9546.17	0.00114506
9544.25	0.0010034
9542.32	0.00105341
9540.39	0.00121178
9538.46	0.00156911
9536.53	0.00102043
9534.6	0.000222552
9532.68	0.00021864
9530.75	0.000101767
9528.82	0.000256367
9526.89	0.000410194
9524.96	0.000370497
9523.04	0.000392915
9521.11	0.00041497
9519.18	0.000320259
9517.25	-7.91169e-05
9515.32	-3.56176e-05
9513.4	5.90489e-05
9511.47	0.000254577
9509.54	0.00114201
9507.61	0.0011737
9505.68	0.00084189
9503.76	0.00118859
9501.83	0.00104109
9499.9	0.000146941
9497.97	-0.000209257
9496.04	0.000184828
9494.12	0.000419149
9492.19	0.000646927
9490.26	0.00029065
9488.33	-6.48053e-05
9486.4	-0.000217537
9484.48	-5.79807e-05
9482.55	0.000386614
9480.62	0.000471256
9478.69	0.00102718
9476.76	0.00128216
9474.84	0.000834952
9472.91	0.000368143
9470.98	0.000326592
9469.05	0.00059732
9467.12	0.000547786
9465.2	0.00052589
9463.27	0.000762686
9461.34	0.00115672
9459.41	0.000761524
9457.48	0.000409431
9455.56	0.000294032
9453.63	0.000143693
9451.7	5.40118e-05
9449.77	0.00046429
9447.84	0.000245792
9445.92	0.000138191
9443.99	0.000185889
9442.06	0.000160564
9440.13	0.00031628
9438.2	0.000113665
9436.28	0.000311505
9434.35	7.67452e-05
9432.42	0.000237139
9430.49	0.000885681
9428.56	0.000744298
9426.63	0.000289655
9424.71	0.000241415
9422.78	0.000352159
9420.85	0.000569782
9418.92	0.000423792
9417	0.000495769
9415.07	0.00123012
9413.14	0.00149523
9411.21	0.000687877
9409.28	0.000223613
9407.35	0.00018854
9405.43	-0.000639314
9403.5	-0.00111984
9401.57	-0.000477696
9399.64	-0.000328797
9397.71	-7.12986e-05
9395.79	0.000228519
9393.86	-0.0002078
9391.93	-0.000267376
9390	-0.000268932
9388.07	-0.000284793
9386.15	0.00022116
9384.22	0.000907329
9382.29	0.0003506
9380.36	5.28851e-05
9378.43	0.000141572
9376.51	-0.000337273
9374.58	-0.000335154
9372.65	-5.36407e-05
9370.72	8.51297e-05
9368.79	0.000147372
9366.87	-1.63016e-05
9364.94	-0.000462239
9363.01	-0.00043556
9361.08	-0.000563278
9359.15	-0.000131058
9357.23	0.00045895
9355.3	0.000292109
9353.37	-3.31328e-05
9351.44	9.85187e-05
9349.51	0.000233956
9347.59	-3.59158e-05
9345.66	-0.000292144
9343.73	0.000219403
9341.8	0.000832196
9339.87	0.000664182
9337.95	-9.20366e-05
9336.02	-0.000102703
9334.09	0.000563478
9332.16	0.000284516
9330.23	-0.000177032
9328.31	-0.000249262
9326.38	-0.000115324
9324.45	-0.000140333
9322.52	-8.63387e-05
9320.59	8.88083e-05
9318.67	0.000197358
9316.74	7.78388e-05
9314.81	0.000366518
9312.88	0.000711141
9310.95	0.000151449
9309.03	0.000439712
9307.1	0.000406546
9305.17	1.68656e-05
9303.24	0.000240819
9301.31	2.4553e-05
9299.38	-0.000223597
9297.46	-7.61022e-05
9295.53	-0.000115391
9293.6	0.000141273
9291.67	0.000104849
9289.74	-0.00018975
9287.82	0.000157515
9285.89	0.000640025
9283.96	0.000309549
9282.03	8.70518e-05
9280.1	-3.99247e-05
9278.18	9.01008e-05
9276.25	0.000108992
9274.32	0.000315882
9272.39	0.00019633
9270.46	-7.28943e-06
9268.54	4.62576e-05
9266.61	0.00031701
9264.68	0.000615005
9262.75	0.000456297
9260.82	4.4435e-05
9258.9	8.64807e-06
9256.97	0.000170608
9255.04	0.000194872
9253.11	0.000176276
9251.18	-0.000213298
9249.26	-0.000223961
9247.33	9.35475e-05
9245.4	0.000241747
9243.47	6.69313e-06
9241.54	-0.000139671
9239.62	-6.8582e-05
9237.69	-0.000283369
9235.76	-0.000168288
9233.83	-6.83833e-05
9231.9	-0.000578069
9229.98	-0.000701477
9228.05	-0.000314924
9226.12	-7.30544e-05
9224.19	0.000408901
9222.26	0.000426014
9220.34	9.39452e-05
9218.41	4.01934e-05
9216.48	-0.00016014
9214.55	-0.000215318
9212.62	0.000351263
9210.7	0.000533686
9208.77	9.84192e-05
9206.84	-0.000448801
9204.91	-0.000169116
9202.98	0.000542345
9201.05	0.000548682
9199.13	-0.000161565
9197.2	-0.000500863
9195.27	-6.38446e-05
9193.34	0.00053017
9191.42	0.000277487
9189.49	-0.000119332
9187.56	-0.000170209
9185.63	5.25538e-05
9183.7	2.46193e-05
9181.77	-1.12323e-05
9179.85	-0.000192234
9177.92	5.27857e-05
9175.99	0.000318004
9174.06	7.41603e-05
9172.13	0.00018506
9170.21	-3.99247e-05
9168.28	-0.0004251
9166.35	-0.000268468
9164.42	-0.000151032
9162.49	-0.000204488
9160.57	9.4433e-06
9158.64	1.39165e-05
9156.71	-0.000161664
9154.78	0.000141903
9152.85	0.000280603
9150.93	0.000229713
9149	0.00022779
9147.07	0.000659669
9145.14	0.000801357
9143.21	0.000216718
9141.29	-0.000104194
9139.36	0.000298143
9137.43	0.000472583
9135.5	0.000138721
9133.57	-3.51869e-05
9131.65	-0.000189386
9129.72	-7.97132e-05
9127.79	-3.64459e-05
9125.86	-0.00010383
9123.93	-0.000325619
9122.01	-0.000422816
9120.08	0.000237205
9118.15	0.00064613
9116.22	0.000378887
9114.29	0.000376068
9112.37	0.000407806
9110.44	0.000105412
9108.51	1.86549e-05
9106.58	-0.000384715
9104.65	-0.000456645
9102.73	0.000121022
9100.8	0.000198618
9098.87	0.000337833
9096.94	8.30087e-05
9095.01	-0.000593522
9093.08	-0.000762242
9091.16	-0.000158186
9089.23	0.0002875
9087.3	0.000163282
9085.37	-0.000192963
9083.45	-0.000398618
9081.52	-0.000308435
9079.59	-6.72569e-05
9077.66	9.66296e-05
9075.73	-0.000664392
9073.8	-0.000846875
9071.88	-0.000337736
9069.95	-0.000322871
9068.02	-0.000209688
9066.09	-2.67052e-05
9064.17	-6.31158e-05
9062.24	2.30288e-05
9060.31	-7.09673e-05
9058.38	-1.11992e-05
9056.45	1.03379e-05
9054.52	-8.83595e-05
9052.6	-0.000113469
9050.67	-0.000199222
9048.74	-0.000340683
9046.81	5.61327e-05
9044.88	-7.16299e-05
9042.96	-0.000340518
9041.03	-4.04216e-05
9039.1	0.000133252
9037.17	4.6125e-05
9035.24	-0.000413879
9033.32	-0.000520092
9031.39	-0.000435329
9029.46	-0.000409211
9027.53	-0.000547857
9025.6	-0.000583132
9023.68	-0.00029774
9021.75	-0.000100153
9019.82	-0.000170507
9017.89	-0.000688013
9015.96	-0.000513936
9014.04	-0.000131787
9012.11	-0.000288005
9010.18	-0.000256713
9008.25	-0.000155238
9006.32	-0.000172991
9004.4	-0.000466773
9002.47	-0.000177397
9000.54	-0.000163221
8998.61	-0.000770809
8996.68	-0.000743686
8994.76	-0.000635245
8992.83	-0.000150204
8990.9	7.43923e-05
8988.97	-0.000248732
8987.04	-0.000580849
8985.12	-0.000414442
8983.19	-0.000449297
8981.26	-0.00071031
8979.33	-0.000839203
8977.4	-0.000305289
8975.48	0.000149062
8973.55	1.2061e-05
8971.62	-4.7876e-05
8969.69	-0.000300654
8967.76	-0.000246977
8965.83	-0.000160107
8963.91	-0.00060464
8961.98	-0.00071117
8960.05	-0.00062201
8958.12	-0.00050361
8956.2	-0.000145865
8954.27	-0.000239029
8952.34	-0.000513076
8950.41	-0.000671538
8948.48	-0.000569532
8946.55	-0.000752385
8944.63	-0.00101808
8942.7	-0.00107523
8940.77	-0.00108187
8938.84	-0.000824652
8936.92	-0.000679842
8934.99	-0.000610529
8933.06	-0.000771867
8931.13	-0.000744414
8929.2	-0.000540113
8927.27	-0.000788702
8925.35	-0.000732406
8923.42	-0.00014868
8921.49	-0.000208529
8919.56	-0.000521912
8917.63	-0.000790455
8915.71	-0.00127085
8913.78	-0.00128654
8911.85	-0.00111152
8909.92	-0.000700518
8907.99	-0.000596004
8906.07	-0.000886821
8904.14	-0.000897832
8902.21	-0.000845288
8900.28	-0.00131793
8898.35	-0.00107298
8896.43	-0.000569135
8894.5	-0.000484679
8892.57	-0.000494807
8890.64	-0.000385906
8888.71	-0.000288369
8886.79	-0.00070548
8884.86	-0.000536804
8882.93	-0.000470646
8881	-0.000447443
8879.07	-0.000725923
8877.15	-0.000687252
8875.22	-0.000575885
8873.29	-0.000861624
8871.36	-0.000869792
8869.43	-0.00078642
8867.51	-0.00104716
8865.58	-0.00146408
8863.65	-0.00157333
8861.72	-0.00100512
8859.79	-0.000840592
8857.87	-0.000845288
8855.94	-0.00070548
8854.01	-0.000806429
8852.08	-0.00105493
8850.15	-0.000772098
8848.22	-0.000585316
8846.3	-0.00075308
8844.37	-0.00102955
8842.44	-0.000601364
8840.51	-0.000267641
8838.58	-0.000554641
8836.66	-0.000753907
8834.73	-0.000818732
8832.8	-0.000888739
8830.87	-0.00102925
8828.94	-0.000953842
8827.02	-0.000746134
8825.09	-0.000538293
8823.16	-0.000812977
8821.23	-0.0013139
8819.3	-0.00140245
8817.38	-0.000896377
8815.45	-0.00052542
8813.52	-0.000563013
8811.59	-0.000799054
8809.66	-0.00129047
8807.74	-0.00142299
8805.81	-0.00109139
8803.88	-0.000925507
8801.95	-0.000760787
8800.02	-0.000864699
8798.1	-0.00110933
8796.17	-0.00133352
8794.24	-0.00108425
8792.31	-0.000931624
8790.38	-0.000801402
8788.46	-0.000606823
8786.53	-0.000764987
8784.6	-0.000968355
8782.67	-0.000944485
8780.74	-0.000992323
8778.82	-0.00109116
8776.89	-0.00122536
8774.96	-0.00104273
8773.03	-0.00104075
8771.1	-0.0010468
8769.18	-0.00106653
8767.25	-0.000995728
8765.32	-0.00103705
8763.39	-0.000962008
8761.46	-0.000971198
8759.54	-0.00104862
8757.61	-0.000911422
8755.68	-0.0010071
8753.75	-0.00149964
8751.82	-0.00158241
8749.9	-0.00123672
8747.97	-0.00134666
8746.04	-0.00131112
8744.11	-0.00112669
8742.18	-0.00119331
8740.25	-0.00146104
8738.33	-0.0013213
8736.4	-0.0011408
8734.47	-0.00128829
8732.54	-0.00100631
8730.62	-0.00120021
8728.69	-0.00177784
8726.76	-0.00184773
8724.83	-0.00148409
8722.9	-0.00101017
8720.97	-0.00121422
8719.05	-0.00156082
8717.12	-0.00127657
8715.19	-0.00101897
8713.26	-0.000856763
8711.33	-0.00088692
8709.41	-0.00122232
8707.48	-0.0012582
8705.55	-0.00127313
8703.62	-0.00146411
8701.69	-0.00117483
8699.77	-0.000960189
8697.84	-0.00108937
8695.91	-0.00118815
8693.98	-0.00114979
8692.05	-0.00101146
8690.13	-0.00100155
8688.2	-0.000962603
8686.27	-0.000654732
8684.34	-0.000926135
8682.41	-0.00143297
8680.49	-0.00129992
8678.56	-0.00120183
8676.63	-0.0014861
8674.7	-0.0017982
8672.77	-0.00150013
8670.85	-0.00120943
8668.92	-0.00120791
8666.99	-0.00119773
8665.06	-0.0010895
8663.13	-0.00107889
8661.21	-0.000998571
8659.28	-0.00107357
8657.35	-0.000933112
8655.42	-0.00107258
8653.49	-0.00118805
8651.57	-0.00144548
8649.64	-0.00170682
8647.71	-0.00167748
8645.78	-0.00135502
8643.85	-0.00138471
8641.93	-0.0016174
8640	-0.00174421
8638.07	-0.00141989
8636.14	-0.0014402
8634.21	-0.00174956
8632.29	-0.00164338
8630.36	-0.00136325
8628.43	-0.00129619
8626.5	-0.00134488
8624.57	-0.00131059
8622.65	-0.00132143
8620.72	-0.00117513
8618.79	-0.00152899
8616.86	-0.00212953
8614.93	-0.00215716
8613	-0.00175936
8611.08	-0.0014718
8609.15	-0.00136453
8607.22	-0.00123751
8605.29	-0.0012133
8603.37	-0.00137765
8601.44	-0.00167484
8599.51	-0.00150968
8597.58	-0.00117853
8595.65	-0.00145209
8593.72	-0.00160054
8591.8	-0.00150875
8589.87	-0.00150921
8587.94	-0.00145608
8586.01	-0.00151077
8584.08	-0.00132499
8582.16	-0.00148171
8580.23	-0.00173286
8578.3	-0.00159661
8576.37	-0.0015457
8574.44	-0.00154233
8572.52	-0.00141966
8570.59	-0.00113997
8568.66	-0.000985612
8566.73	-0.00123305
8564.8	-0.00158723
8562.88	-0.00146252
8560.95	-0.00111489
8559.02	-0.00137956
8557.09	-0.0017624
8555.16	-0.00188563
8553.24	-0.00184733
8551.31	-0.00191641
8549.38	-0.00181661
8547.45	-0.00147316
8545.52	-0.0015423
8543.6	-0.00193888
8541.67	-0.00186703
8539.74	-0.00163797
8537.81	-0.00166722
8535.88	-0.00172045
8533.96	-0.00184212
8532.03	-0.00189408
8530.1	-0.00173682
8528.17	-0.00173177
8526.24	-0.0018981
8524.32	-0.0015285
8522.39	-0.00181552
8520.46	-0.00193861
8518.53	-0.00155009
8516.6	-0.00159093
8514.68	-0.0017191
8512.75	-0.00155514
8510.82	-0.0016388
8508.89	-0.00192723
8506.96	-0.00198397
8505.04	-0.00196078
8503.11	-0.00198957
8501.18	-0.00201114
8499.25	-0.00198545
8497.32	-0.00189738
8495.39	-0.0020123
8493.47	-0.00178619
8491.54	-0.00153929
8489.61	-0.00169553
8487.68	-0.00177299
8485.75	-0.00184367
8483.83	-0.00175685
8481.9	-0.00166774
8479.97	-0.00145291
8478.04	-0.00135251
8476.11	-0.00170464
8474.19	-0.00188227
8472.26	-0.00171115
8470.33	-0.00174065
8468.4	-0.0016892
8466.47	-0.00133626
8464.55	-0.00110666
8462.62	-0.00122595
8460.69	-0.00145232
8458.76	-0.00174689
8456.83	-0.00193172
8454.91	-0.00212917
8452.98	-0.00221522
8451.05	-0.00176382
8449.12	-0.00144812
8447.19	-0.00160222
8445.27	-0.0018084
8443.34	-0.00178008
8441.41	-0.00171563
8439.48	-0.00156333
8437.55	-0.00161935
8435.63	-0.00182067
8433.7	-0.00207779
8431.77	-0.00209768
8429.84	-0.0021323
8427.91	-0.00244436
8425.99	-0.00251101
8424.06	-0.0023229
8422.13	-0.00200607
8420.2	-0.00186274
8418.27	-0.00197259
8416.35	-0.00181216
8414.42	-0.00151334
8412.49	-0.00175081
8410.56	-0.00191793
8408.63	-0.00199696
8406.71	-0.00232455
8404.78	-0.00237764
8402.85	-0.00215607
8400.92	-0.00190404
8398.99	-0.00195392
8397.07	-0.00188151
8395.14	-0.00174441
8393.21	-0.0016994
8391.28	-0.00184017
8389.35	-0.00200099
8387.43	-0.00192347
8385.5	-0.00175824
8383.57	-0.00181279
8381.64	-0.00196233
8379.71	-0.00227514
8377.79	-0.00251447
8375.86	-0.00253509
8373.93	-0.00223885
8372	-0.00213573
8370.07	-0.00197628
8368.14	-0.00189223
8366.22	-0.00179041
8364.29	-0.00183796
8362.36	-0.00187646
8360.43	-0.00177385
8358.5	-0.00201665
8356.58	-0.00237098
8354.65	-0.00226799
8352.72	-0.00211558
8350.79	-0.00213639
8348.86	-0.00198525
8346.94	-0.00164061
8345.01	-0.00189309
8343.08	-0.00210454
8341.15	-0.00215251
8339.22	-0.00203189
8337.3	-0.00170524
8335.37	-0.00165272
8333.44	-0.00166738
8331.51	-0.00172837
8329.58	-0.00201903
8327.66	-0.00230889
8325.73	-0.00258085
8323.8	-0.00248153
8321.87	-0.00198443
8319.94	-0.00165421
8318.02	-0.00189735
8316.09	-0.0021779
8314.16	-0.00219418
8312.23	-0.0020678
8310.3	-0.00184898
8308.38	-0.00198146
8306.45	-0.00220546
8304.52	-0.00191965
8302.59	-0.00214335
8300.66	-0.00249849
8298.74	-0.00219072
8296.81	-0.00219557
8294.88	-0.00202328
8292.95	-0.00164394
8291.02	-0.00173577
8289.1	-0.00198545
8287.17	-0.00227356
8285.24	-0.0025459
8283.31	-0.00247777
8281.38	-0.00223921
8279.46	-0.00205247
8277.53	-0.00184961
8275.6	-0.00175864
8273.67	-0.00197674
8271.74	-0.00223546
8269.82	-0.00211238
8267.89	-0.00202457
8265.96	-0.00210111
8264.03	-0.00216039
8262.1	-0.00199805
8260.17	-0.00190975
8258.25	-0.00219636
8256.32	-0.00239863
8254.39	-0.00211634
8252.46	-0.00220144
8250.54	-0.00223559
8248.61	-0.00212383
8246.68	-0.00207028
8244.75	-0.00189876
8242.82	-0.0017193
8240.89	-0.00169676
8238.97	-0.00192044
8237.04	-0.00218924
8235.11	-0.00222026
8233.18	-0.00189032
8231.25	-0.0019111
8229.33	-0.00218261
8227.4	-0.00228724
8225.47	-0.00215241
8223.54	-0.00223595
8221.61	-0.00212937
8219.69	-0.00196108
8217.76	-0.00226924
8215.83	-0.00249464
8213.9	-0.00246344
8211.97	-0.0023434
8210.05	-0.00211324
8208.12	-0.00219903
8206.19	-0.00211984
8204.26	-0.00201302
8202.33	-0.00214143
8200.41	-0.002249
8198.48	-0.00223565
8196.55	-0.00222695
8194.62	-0.00192618
8192.69	-0.00174273
8190.77	-0.00177903
8188.84	-0.00195811
8186.91	-0.00226094
8184.98	-0.0023145
8183.05	-0.00218574
8181.13	-0.00209794
8179.2	-0.00221505
8177.27	-0.0022014
8175.34	-0.00198083
8173.41	-0.00229785
8171.49	-0.00268729
8169.56	-0.00270761
8167.63	-0.00256316
8165.7	-0.00241125
8163.77	-0.00229288
8161.85	-0.00226816
8159.92	-0.00245049
8157.99	-0.0023286
8156.06	-0.00252729
8154.13	-0.00296226
8152.21	-0.00299402
8150.28	-0.00255084
8148.35	-0.00232165
8146.42	-0.00219145
8144.49	-0.00240377
8142.56	-0.00257021
8140.64	-0.0025984
8138.71	-0.00254458
8136.78	-0.00245178
8134.85	-0.00244957
8132.92	-0.00240344
8131	-0.0024757
8129.07	-0.00236706
8127.14	-0.00233951
8125.21	-0.00218894
8123.28	-0.00224894
8121.36	-0.00220223
8119.43	-0.00213748
8117.5	-0.00240908
8115.57	-0.00252238
8113.64	-0.0025038
8111.72	-0.00242736
8109.79	-0.00250561
8107.86	-0.00248245
8105.93	-0.00213385
8104	-0.0020677
8102.08	-0.00228114
8100.15	-0.00244667
8098.22	-0.00240473
8096.29	-0.00234587
8094.36	-0.00211769
8092.44	-0.00200943
8090.51	-0.00199686
8088.58	-0.00218255
8086.65	-0.00244944
8084.72	-0.00230177
8082.8	-0.0022493
8080.87	-0.00212597
8078.94	-0.00195923
8077.01	-0.00211248
8075.08	-0.00236528
8073.16	-0.00247833
8071.23	-0.00241283
8069.3	-0.0023923
8067.37	-0.00235724
8065.44	-0.00241791
8063.52	-0.00249171
8061.59	-0.00252179
8059.66	-0.00255795
8057.73	-0.00277938
8055.8	-0.00254063
8053.88	-0.00229937
8051.95	-0.00225134
8050.02	-0.00226598
8048.09	-0.002249
8046.16	-0.0023082
8044.24	-0.00253984
8042.31	-0.00267754
8040.38	-0.00279222
8038.45	-0.0028631
8036.52	-0.00292656
8034.6	-0.002818
8032.67	-0.00263671
8030.74	-0.00241115
8028.81	-0.00253048
8026.88	-0.00267402
8024.96	-0.0027432
8023.03	-0.00293363
8021.1	-0.00292481
8019.17	-0.00305854
8017.24	-0.00274271
8015.31	-0.0025929
8013.39	-0.00294196
8011.46	-0.00293867
8009.53	-0.00294133
8007.6	-0.00296503
8005.67	-0.00276045
8003.75	-0.00262824
8001.82	-0.00273276
7999.89	-0.00288429
7997.96	-0.00280723
7996.03	-0.00251319
7994.11	-0.00255054
7992.18	-0.00294426
7990.25	-0.00289947
7988.32	-0.00255456
7986.39	-0.00255117
7984.47	-0.00251945
7982.54	-0.00237457
7980.61	-0.00272529
7978.68	-0.00289743
7976.75	-0.00284407
7974.83	-0.00262821
7972.9	-0.00234745
7970.97	-0.0025545
7969.04	-0.00266552
7967.11	-0.00253437
7965.19	-0.00269032
7963.26	-0.0029182
7961.33	-0.00279716
7959.4	-0.00239741
7957.47	-0.00199195
7955.55	-0.00221752
7953.62	-0.00274774
7951.69	-0.00305124
7949.76	-0.00307486
7947.83	-0.00296509
7945.91	-0.00272051
7943.98	-0.00257489
7942.05	-0.00259122
7940.12	-0.00253121
7938.19	-0.00253638
7936.27	-0.00254073
7934.34	-0.00263921
7932.41	-0.00279522
7930.48	-0.0028072
7928.55	-0.00291356
7926.63	-0.00282468
7924.7	-0.00276753
7922.77	-0.0028863
7920.84	-0.00271903
7918.91	-0.00267494
7916.99	-0.00286191
7915.06	-0.00281112
7913.13	-0.00275291
7911.2	-0.00279012
7909.27	-0.00287261
7907.35	-0.00292981
7905.42	-0.00285842
7903.49	-0.00285164
7901.56	-0.00279795
7899.63	-0.00270405
7897.71	-0.0027462
7895.78	-0.00282643
7893.85	-0.00288574
7891.92	-0.00303433
7889.99	-0.00297079
7888.06	-0.00281642
7886.14	-0.00269927
7884.21	-0.00263746
7882.28	-0.00273283
7880.35	-0.00277362
7878.42	-0.00273569
7876.5	-0.00291036
7874.57	-0.00297872
7872.64	-0.00295124
7870.71	-0.00296348
7868.78	-0.00287287
7866.86	-0.00302011
7864.93	-0.00299402
7863	-0.00275416
7861.07	-0.00259106
7859.14	-0.00260772
7857.22	-0.00272624
7855.29	-0.00277408
7853.36	-0.00281688
7851.43	-0.00289298
7849.5	-0.00286639
7847.58	-0.00287133
7845.65	-0.00282633
7843.72	-0.00268841
7841.79	-0.0026371
7839.86	-0.00262696
7837.94	-0.0027862
7836.01	-0.00296605
7834.08	-0.00282356
7832.15	-0.00287771
7830.22	-0.00284424
7828.3	-0.0028311
7826.37	-0.00272473
7824.44	-0.0026948
7822.51	-0.00311747
7820.58	-0.00309062
7818.66	-0.00275716
7816.73	-0.00302324
7814.8	-0.003264
7812.87	-0.00308575
7810.94	-0.00276786
7809.02	-0.00282448
7807.09	-0.00282623
7805.16	-0.00290329
7803.23	-0.00289493
7801.3	-0.00280849
7799.38	-0.00288229
7797.45	-0.00293373
7795.52	-0.00287093
7793.59	-0.00258457
7791.66	-0.00281579
7789.74	-0.00315878
7787.81	-0.00315566
7785.88	-0.00308447
7783.95	-0.00288163
7782.02	-0.00273612
7780.09	-0.00296154
7778.17	-0.00325716
7776.24	-0.00331664
7774.31	-0.00307641
7772.38	-0.00291813
7770.46	-0.00287834
7768.53	-0.00298803
7766.6	-0.00318927
7764.67	-0.00324045
7762.74	-0.00292149
7760.81	-0.00280664
7758.89	-0.00289545
7756.96	-0.0030182
7755.03	-0.00308977
7753.1	-0.00283838
7751.17	-0.00290796
7749.25	-0.00307819
7747.32	-0.00299909
7745.39	-0.00289104
7743.46	-0.00298523
7741.53	-0.00285674
7739.61	-0.00278702
7737.68	-0.00294545
7735.75	-0.00311839
7733.82	-0.00325403
7731.89	-0.00293722
7729.97	-0.00281214
7728.04	-0.00311763
7726.11	-0.00307819
7724.18	-0.00297789
7722.25	-0.00291017
7720.33	-0.00299244
7718.4	-0.00328238
7716.47	-0.00320868
7714.54	-0.0030749
7712.61	-0.00320782
7710.69	-0.00324894
7708.76	-0.00299099
7706.83	-0.00282294
7704.9	-0.00272153
7702.97	-0.00275627
7701.05	-0.00276513
7699.12	-0.00275216
7697.19	-0.0028104
7695.26	-0.00286122
7693.33	-0.00274932
7691.41	-0.00279825
7689.48	-0.00294327
7687.55	-0.00280839
7685.62	-0.00283729
7683.69	-0.00313628
7681.77	-0.00313911
7679.84	-0.00296006
7677.91	-0.00296348
7675.98	-0.00301682
7674.05	-0.00308421
7672.12	-0.00321868
7670.2	-0.00304663
7668.27	-0.0030386
7666.34	-0.00300843
7664.41	-0.0030673
7662.48	-0.00315842
7660.56	-0.00301037
7658.63	-0.00279736
7656.7	-0.00282946
7654.77	-0.00290487
7652.84	-0.00308358
7650.92	-0.0030342
7648.99	-0.00298556
7647.06	-0.00296654
7645.13	-0.00297707
7643.2	-0.0028445
7641.28	-0.00286142
7639.35	-0.00291283
7637.42	-0.00290799
7635.49	-0.00287195
7633.56	-0.00302636
7631.64	-0.00315829
7629.71	-0.00315724
7627.78	-0.00305404
7625.85	-0.00295594
7623.92	-0.00299563
7622	-0.00296401
7620.07	-0.0029907
7618.14	-0.00314891
7616.21	-0.00318141
7614.28	-0.00313125
7612.36	-0.00311464
7610.43	-0.00323604
7608.5	-0.00335472
7606.57	-0.00341488
7604.64	-0.00330586
7602.72	-0.00322282
7600.79	-0.0031371
7598.86	-0.00292738
7596.93	-0.0030131
7595	-0.00313576
7593.08	-0.0030341
7591.15	-0.00314424
7589.22	-0.00329544
7587.29	-0.00327189
7585.36	-0.00326637
7583.44	-0.00321404
7581.51	-0.00322766
7579.58	-0.00333022
7577.65	-0.00319036
7575.72	-0.00293258
7573.8	-0.00304426
7571.87	-0.0031298
7569.94	-0.00297217
7568.01	-0.00288018
7566.08	-0.0029409
7564.16	-0.00323808
7562.23	-0.00322266
7560.3	-0.00305996
7558.37	-0.00313329
7556.44	-0.0032291
7554.52	-0.00338359
7552.59	-0.00332565
7550.66	-0.00315757
7548.73	-0.00321786
7546.8	-0.00310467
7544.88	-0.0029802
7542.95	-0.00293231
7541.02	-0.00313197
7539.09	-0.00324144
7537.16	-0.00316605
7535.23	-0.00301788
7533.31	-0.00290585
7531.38	-0.00309579
7529.45	-0.00324071
7527.52	-0.00321753
7525.59	-0.00311839
7523.67	-0.00291253
7521.74	-0.00302528
7519.81	-0.00318783
7517.88	-0.00315382
7515.95	-0.00330576
7514.03	-0.00329724
7512.1	-0.0031651
7510.17	-0.00307075
7508.24	-0.00311835
7506.31	-0.00318566
7504.39	-0.00314816
7502.46	-0.00330313
7500.53	-0.00335324
7498.6	-0.00323815
7496.67	-0.00324216
7494.75	-0.00321769
7492.82	-0.00314806
7490.89	-0.00312276
7488.96	-0.00323861
7487.03	-0.00332276
7485.11	-0.00321687
7483.18	-0.00307842
7481.25	-0.00299053
7479.32	-0.0029983
7477.39	-0.00297477
7475.47	-0.0030086
7473.54	-0.00291263
7471.61	-0.00272552
7469.68	-0.00284726
7467.75	-0.00315582
7465.83	-0.00323052
7463.9	-0.00317191
7461.97	-0.00326975
7460.04	-0.00331664
7458.11	-0.00314178
7456.19	-0.00311582
7454.26	-0.00313655
7452.33	-0.00312378
7450.4	-0.00309802
7448.47	-0.00317131
7446.54	-0.00313155
7444.62	-0.00317319
7442.69	-0.00328998
7440.76	-0.00337754
7438.83	-0.00330915
7436.91	-0.00333401
7434.98	-0.00340072
7433.05	-0.00334953
7431.12	-0.00311118
7429.19	-0.00305525
7427.26	-0.00330191
7425.34	-0.00328633
7423.41	-0.00321203
7421.48	-0.00333407
7419.55	-0.00332401
7417.62	-0.00314092
7415.7	-0.00319046
7413.77	-0.00337491
7411.84	-0.00333052
7409.91	-0.00317158
7407.98	-0.00312178
7406.06	-0.00301774
7404.13	-0.00288311
7402.2	-0.00296592
7400.27	-0.00301435
7398.34	-0.00300093
7396.42	-0.00305585
7394.49	-0.00321634
7392.56	-0.00328337
7390.63	-0.00321549
7388.7	-0.00310246
7386.78	-0.0030951
7384.85	-0.00298787
7382.92	-0.00295295
7380.99	-0.00307381
7379.06	-0.00301505
7377.14	-0.00294594
7375.21	-0.00308756
7373.28	-0.00312487
7371.35	-0.00313947
7369.42	-0.00309121
7367.5	-0.00309773
7365.57	-0.00317194
7363.64	-0.00315921
7361.71	-0.00316187
7359.78	-0.00316763
7357.86	-0.00304581
7355.93	-0.0031351
7354	-0.00330961
7352.07	-0.00330139
7350.14	-0.00327278
7348.22	-0.00307085
7346.29	-0.00299902
7344.36	-0.00314286
7342.43	-0.00311556
7340.5	-0.00318964
7338.58	-0.0033224
7336.65	-0.00318006
7334.72	-0.00309085
7332.79	-0.00317368
7330.86	-0.00326801
7328.94	-0.00315148
7327.01	-0.00321092
7325.08	-0.00320207
7323.15	-0.00301738
7321.22	-0.0030033
7319.29	-0.00300508
7317.37	-0.00319868
7315.44	-0.0033414
7313.51	-0.00317806
7311.58	-0.00303739
7309.65	-0.00312872
7307.73	-0.00315684
7305.8	-0.00305279
7303.87	-0.00289453
7301.94	-0.00295779
7300.01	-0.00324098
7298.09	-0.00342675
7296.16	-0.00332112
7294.23	-0.00312451
7292.3	-0.00296016
7290.37	-0.00286803
7288.45	-0.00291072
7286.52	-0.00303281
7284.59	-0.00311418
7282.66	-0.00308019
7280.73	-0.00307723
7278.81	-0.00293903
7276.88	-0.00293998
7274.95	-0.0031551
7273.02	-0.0033466
7271.09	-0.00322993
7269.17	-0.00311921
7267.24	-0.00325499
7265.31	-0.00339437
7263.38	-0.0032345
7261.45	-0.00315079
7259.53	-0.00327498
7257.6	-0.00323443
7255.67	-0.00334732
7253.74	-0.00335035
7251.81	-0.00322956
7249.89	-0.00321292
7247.96	-0.0032242
7246.03	-0.00328254
7244.1	-0.00330602
7242.17	-0.00324262
7240.25	-0.0032833
7238.32	-0.00336383
7236.39	-0.00344063
7234.46	-0.00337862
7232.53	-0.00307012
7230.61	-0.00285915
7228.68	-0.00290023
7226.75	-0.00289881
7224.82	-0.00291464
7222.89	-0.00310648
7220.97	-0.00306822
7219.04	-0.00306289
7217.11	-0.00331793
7215.18	-0.00345473
7213.25	-0.00323206
7211.33	-0.00294699
7209.4	-0.00300781
7207.47	-0.00321901
7205.54	-0.00328018
7203.61	-0.00334397
7201.69	-0.00326929
7199.76	-0.00313237
7197.83	-0.00304199
7195.9	-0.00305512
7193.97	-0.00312868
7192.04	-0.00313207
7190.12	-0.00319493
7188.19	-0.0032093
7186.26	-0.00314388
7184.33	-0.00309519
7182.4	-0.00323644
7180.48	-0.00325433
7178.55	-0.00317779
7176.62	-0.00307799
7174.69	-0.0031999
7172.76	-0.00320575
7170.84	-0.00309638
7168.91	-0.00297477
7166.98	-0.00295315
7165.05	-0.00291777
7163.12	-0.0030619
7161.2	-0.00310615
7159.27	-0.0030844
7157.34	-0.0031353
7155.41	-0.00323325
7153.48	-0.00333197
7151.56	-0.00338622
7149.63	-0.0034043
7147.7	-0.00322256
7145.77	-0.00299435
7143.84	-0.00307325
7141.92	-0.00325176
7139.99	-0.00315776
7138.06	-0.00310431
7136.13	-0.00308875
7134.2	-0.00303337
7132.28	-0.00312368
7130.35	-0.00322822
7128.42	-0.00315355
7126.49	-0.00306381
7124.56	-0.00295325
7122.64	-0.00286682
7120.71	-0.00289828
7118.78	-0.00297536
7116.85	-0.00307207
7114.92	-0.00305835
7113	-0.00292916
7111.07	-0.00294113
7109.14	-0.00313984
7107.21	-0.00313763
7105.28	-0.00302334
7103.36	-0.0029674
7101.43	-0.00291293
7099.5	-0.00291648
7097.57	-0.00300159
7095.64	-0.00321322
7093.71	-0.00326785
7091.79	-0.00313007
7089.86	-0.0030619
7087.93	-0.00306535
7086	-0.00297398
7084.08	-0.00289611
7082.15	-0.00305407
7080.22	-0.00301248
7078.29	-0.00306838
7076.36	-0.00305515
7074.43	-0.0029671
7072.51	-0.00303449
7070.58	-0.00308401
7068.65	-0.00306785
7066.72	-0.00296137
7064.79	-0.00291681
7062.87	-0.00313303
7060.94	-0.00319842
7059.01	-0.00320592
7057.08	-0.00310385
7055.15	-0.00311326
7053.23	-0.00318707
7051.3	-0.00307743
7049.37	-0.00302153
7047.44	-0.00314395
7045.51	-0.00306795
7043.59	-0.00312832
7041.66	-0.00329113
7039.73	-0.0032248
7037.8	-0.00308694
7035.87	-0.00302811
7033.95	-0.00323545
7032.02	-0.00332529
7030.09	-0.0029671
7028.16	-0.00279403
7026.23	-0.00299415
7024.31	-0.00304061
7022.38	-0.00291191
7020.45	-0.00285158
7018.52	-0.0028627
7016.59	-0.00294995
7014.67	-0.00297615
7012.74	-0.00297299
7010.81	-0.00296618
7008.88	-0.00291257
7006.95	-0.00293515
7005.03	-0.0030235
7003.1	-0.00312562
7001.17	-0.00310704
6999.24	-0.00317303
6997.31	-0.00310296
6995.39	-0.0031501
6993.46	-0.00317181
6991.53	-0.00301705
6989.6	-0.00305677
6987.67	-0.00295167
6985.75	-0.00282942
6983.82	-0.00283838
6981.89	-0.00300909
6979.96	-0.00301011
6978.03	-0.00280895
6976.1	-0.00295433
6974.18	-0.00307911
6972.25	-0.00300761
6970.32	-0.00302324
6968.39	-0.00293202
6966.46	-0.00289391
6964.54	-0.00303212
6962.61	-0.00301886
6960.68	-0.00293824
6958.75	-0.00297312
6956.82	-0.00297207
6954.9	-0.00287231
6952.97	-0.00288044
6951.04	-0.00297579
6949.11	-0.00287093
6947.18	-0.00277428
6945.26	-0.00282468
6943.33	-0.00286214
6941.4	-0.00285684
6939.47	-0.00302261
6937.54	-0.00313138
6935.62	-0.00299089
6933.69	-0.00289354
6931.76	-0.00283189
6929.83	-0.00286181
6927.9	-0.0029409
6925.98	-0.00286501
6924.05	-0.00272305
6922.12	-0.00273316
6920.19	-0.00276269
6918.26	-0.0027965
6916.34	-0.00280374
6914.41	-0.00280849
6912.48	-0.00282699
6910.55	-0.00287251
6908.62	-0.00295453
6906.7	-0.00276786
6904.77	-0.00271208
6902.84	-0.00284433
6900.91	-0.00279091
6898.98	-0.00276526
6897.06	-0.00291556
6895.13	-0.00290704
6893.2	-0.00272483
6891.27	-0.00268768
6889.34	-0.00279594
6887.42	-0.002754
6885.49	-0.00269206
6883.56	-0.00268156
6881.63	-0.00270744
6879.7	-0.00281553
6877.78	-0.00269061
6875.85	-0.00261237
6873.92	-0.00268676
6871.99	-0.00270158
6870.06	-0.002697
6868.14	-0.00274577
6866.21	-0.00281171
6864.28	-0.00285447
6862.35	-0.00277402
6860.42	-0.00264277
6858.5	-0.00269967
6856.57	-0.00269427
6854.64	-0.00257205
6852.71	-0.0025543
6850.78	-0.00267915
6848.85	-0.00271739
6846.93	-0.00275232
6845	-0.00261826
6843.07	-0.00266753
6841.14	-0.00272901
6839.21	-0.00269098
6837.29	-0.00277761
6835.36	-0.00276246
6833.43	-0.00266872
6831.5	-0.00262758
6829.57	-0.00266875
6827.65	-0.00283591
6825.72	-0.00289838
6823.79	-0.00275996
6821.86	-0.00262554
6819.93	-0.00248255
6818.01	-0.00237253
6816.08	-0.00232409
6814.15	-0.00229021
6812.22	-0.00221838
6810.29	-0.00234225
6808.37	-0.00259745
6806.44	-0.00253361
6804.51	-0.00240565
6802.58	-0.00256619
6800.65	-0.00260706
6798.73	-0.00252393
6796.8	-0.00244219
6794.87	-0.00246397
6792.94	-0.00244071
6791.01	-0.00247099
6789.09	-0.00260097
6787.16	-0.00260934
6785.23	-0.00248087
6783.3	-0.00250123
6781.37	-0.0025402
6779.45	-0.00232145
6777.52	-0.00225876
6775.59	-0.00229406
6773.66	-0.00217806
6771.73	-0.00214196
6769.81	-0.00216276
6767.88	-0.00216497
6765.95	-0.00225461
6764.02	-0.00230487
6762.09	-0.00236377
6760.17	-0.00248262
6758.24	-0.0022874
6756.31	-0.00209887
6754.38	-0.00203819
6752.45	-0.00207344
6750.53	-0.00208291
6748.6	-0.00204798
6746.67	-0.00207037
6744.74	-0.00211057
6742.81	-0.00215528
6740.88	-0.00215426
6738.96	-0.00207275
6737.03	-0.00202483
6735.1	-0.00205989
6733.17	-0.00213758
6731.25	-0.00228042
6729.32	-0.0022787
6727.39	-0.00212996
6725.46	-0.00203819
6723.53	-0.00211176
6721.6	-0.00213303
6719.68	-0.0019718
6717.75	-0.00196573
6715.82	-0.00203387
6713.89	-0.00215709
6711.96	-0.0020805
6710.04	-0.00195563
6708.11	-0.00194633
6706.18	-0.00196975
6704.25	-0.00184726
6702.32	-0.00178639
6700.4	-0.00180124
6698.47	-0.00173049
6696.54	-0.00183925
6694.61	-0.00186172
6692.68	-0.00195623
6690.76	-0.00194732
6688.83	-0.00179493
6686.9	-0.00183324
6684.97	-0.00192351
6683.04	-0.00196583
6681.12	-0.00194821
6679.19	-0.00193687
6677.26	-0.00187501
6675.33	-0.00179556
6673.4	-0.00186445
6671.48	-0.00184888
6669.55	-0.00179035
6667.62	-0.00179114
6665.69	-0.00174669
6663.76	-0.0016312
6661.84	-0.00163348
6659.91	-0.0017095
6657.98	-0.00162008
6656.05	-0.00171336
6654.12	-0.00182922
6652.2	-0.00177573
6650.27	-0.00174319
6648.34	-0.00168501
6646.41	-0.00163556
6644.48	-0.00175118
6642.56	-0.00165619
6640.63	-0.00153206
6638.7	-0.00161093
6636.77	-0.00174421
6634.84	-0.00182341
6632.92	-0.00179493
6630.99	-0.00170451
6629.06	-0.00172332
6627.13	-0.00165226
6625.2	-0.00134538
6623.27	-0.00119119
6621.35	-0.00136552
6619.42	-0.0014116
6617.49	-0.00145272
6615.56	-0.00156891
6613.63	-0.00156581
6611.71	-0.0015069
6609.78	-0.00146837
6607.85	-0.00143115
6605.92	-0.00144126
6603.99	-0.00159892
6602.07	-0.00162833
6600.14	-0.00137745
6598.21	-0.00123233
6596.28	-0.00116056
6594.35	-0.00115359
6592.43	-0.00122522
6590.5	-0.00106012
6588.57	-0.000962768
6586.64	-0.00100961
6584.71	-0.00103216
6582.79	-0.0011363
6580.86	-0.00110662
6578.93	-0.00106815
6577	-0.0011327
6575.07	-0.00107784
6573.15	-0.000972587
6571.22	-0.000917605
6569.29	-0.00088692
6567.36	-0.0008687
6565.43	-0.000861822
6563.51	-0.000844759
6561.58	-0.000825016
6559.65	-0.000743322
6557.72	-0.000565296
6555.79	-0.000411661
6553.87	-0.000441816
6551.94	-0.000421856
6550.01	-0.00036995
6548.08	-0.00035386
6546.15	-0.000363659
6544.23	-0.000230221
6542.3	-0.000157524
6540.37	-0.000188293
6538.44	-0.000155305
6536.51	-0.000111051
6534.59	-0.000202634
6532.66	-0.000163088
6530.73	-0.000110687
6528.8	-0.000141327
6526.87	-0.000121452
6524.95	-6.66274e-05
6523.02	-9.32292e-05
6521.09	-0.000159081
6519.16	-0.00022426
6517.23	-0.00029615
6515.31	-0.000296448
6513.38	-0.000287409
6511.45	-0.00034896
6509.52	-0.000406166
6507.59	-0.000459128
6505.67	-0.000379318
6503.74	-0.000325221
6501.81	-0.000428609
6499.88	-0.000615856
6497.95	-0.000709946
6496.02	-0.000741007
6494.1	-0.000814499
6492.17	-0.000893434
6490.24	-0.000971298
6488.31	-0.000989778
6486.38	-0.000950998
6484.46	-0.00112711
6482.53	-0.00131958
6480.6	-0.00132328
6478.67	-0.00119301
6476.74	-0.00117044
6474.82	-0.00130105
6472.89	-0.00132741
6470.96	-0.0013174
6469.03	-0.00138108
6467.1	-0.0012616
6465.18	-0.00129176
6463.25	-0.00137801
6461.32	-0.00128268
6459.39	-0.00125899
6457.46	-0.00139518
6455.54	-0.00142564
6453.61	-0.00149584
6451.68	-0.00166576
6449.75	-0.00150839
6447.82	-0.00138336
6445.9	-0.00134207
6443.97	-0.00142729
6442.04	-0.00154085
6440.11	-0.00145691
6438.18	-0.00146589
6436.26	-0.00158274
6434.33	-0.00155689
6432.4	-0.00144307
6430.47	-0.00152308
6428.54	-0.00153718
6426.62	-0.00149218
6424.69	-0.00147342
6422.76	-0.00154161
6420.83	-0.001696
6418.9	-0.00177309
6416.98	-0.00182192
6415.05	-0.00186327
6413.12	-0.00178665
6411.19	-0.00175689
6409.26	-0.00170636
6407.34	-0.00164163
6405.41	-0.00158677
6403.48	-0.00157488
6401.55	-0.00169062
6399.62	-0.00181975
6397.7	-0.0016142
6395.77	-0.00152414
6393.84	-0.00163249
6391.91	-0.0016386
6389.98	-0.00166088
6388.06	-0.00174425
6386.13	-0.00182555
6384.2	-0.00173976
6382.27	-0.00163028
6380.34	-0.00161622
6378.42	-0.00172316
6376.49	-0.00181816
6374.56	-0.00179447
6372.63	-0.00170553
6370.7	-0.00166929
6368.77	-0.00172065
6366.85	-0.0016284
6364.92	-0.00153929
6362.99	-0.00154342
6361.06	-0.00158139
6359.13	-0.00157102
6357.21	-0.00157086
6355.28	-0.00160073
6353.35	-0.00162879
6351.42	-0.00168877
6349.49	-0.00168497
6347.57	-0.00164018
6345.64	-0.00163979
6343.71	-0.00165632
6341.78	-0.00173283
6339.85	-0.00185726
6337.93	-0.0018949
6336	-0.00177748
6334.07	-0.00157247
6332.14	-0.0015384
6330.21	-0.00174451
6328.29	-0.00179978
6326.36	-0.00175603
6324.43	-0.00169068
6322.5	-0.00163015
6320.57	-0.00168114
6318.65	-0.00170986
6316.72	-0.00166702
6314.79	-0.00154986
6312.86	-0.00160245
6310.93	-0.00170078
6309.01	-0.00170068
6307.08	-0.00172293
6305.15	-0.00177032
6303.22	-0.00173771
6301.29	-0.0017419
6299.37	-0.00172458
6297.44	-0.00175906
6295.51	-0.00185231
6293.58	-0.00183156
6291.65	-0.0017624
6289.73	-0.00175613
6287.8	-0.00173553
6285.87	-0.0017424
6283.94	-0.00185126
6282.01	-0.00185254
6280.08	-0.00179691
6278.16	-0.00187429
6276.23	-0.00180661
6274.3	-0.00167408
6272.37	-0.00165127
6270.45	-0.00161354
6268.52	-0.00150297
6266.59	-0.00157132
6264.66	-0.00166283
6262.73	-0.0017653
6260.8	-0.00182856
6258.88	-0.00168738
6256.95	-0.00165995
6255.02	-0.00176055
6253.09	-0.00170395
6251.17	-0.00172349
6249.24	-0.00185548
6247.31	-0.00190276
6245.38	-0.00192842
6243.45	-0.00187567
6241.52	-0.00187584
6239.6	-0.00175963
6237.67	-0.00166702
6235.74	-0.0018313
6233.81	-0.00183516
6231.88	-0.00175963
6229.96	-0.00184159
6228.03	-0.00195788
6226.1	-0.0019401
6224.17	-0.00195887
6222.24	-0.00192136
6220.32	-0.00176629
6218.39	-0.00168233
6216.46	-0.00169728
6214.53	-0.00165675
6212.6	-0.00168959
6210.68	-0.00179031
6208.75	-0.00182506
6206.82	-0.00184954
6204.89	-0.00186053
6202.96	-0.00182727
6201.04	-0.00175844
6199.11	-0.00178338
6197.18	-0.00178721
6195.25	-0.00179728
6193.32	-0.00181216
6191.4	-0.00180463
6189.47	-0.00174009
6187.54	-0.00175699
6185.61	-0.00176401
6183.68	-0.00170672
6181.76	-0.00175557
6179.83	-0.00173725
6177.9	-0.00176365
6175.97	-0.00185439
6174.04	-0.00183578
6172.12	-0.00169837
6170.19	-0.00157521
6168.26	-0.00158205
6166.33	-0.00168438
6164.4	-0.00180002
6162.48	-0.00179507
6160.55	-0.00163061
6158.62	-0.00156911
6156.69	-0.00172286
6154.76	-0.00170619
6152.83	-0.00166847
6150.91	-0.00174369
6148.98	-0.00175121
6147.05	-0.00174497
6145.12	-0.00165738
6143.19	-0.00150571
6141.27	-0.00139822
6139.34	-0.00139538
6137.41	-0.00157214
6135.48	-0.00151701
6133.55	-0.0014618
6131.63	-0.00158297
6129.7	-0.00160872
6127.77	-0.00150637
6125.84	-0.00157568
6123.91	-0.00163675
6121.99	-0.0016926
6120.06	-0.00163886
6118.13	-0.00151433
6116.2	-0.00150505
6114.27	-0.00157607
6112.35	-0.00155451
6110.42	-0.00145288
6108.49	-0.00146923
6106.56	-0.00146308
6104.63	-0.00144126
6102.71	-0.00140774
6100.78	-0.00149178
6098.85	-0.00163751
6096.92	-0.00165794
6094.99	-0.0016144
6093.07	-0.0015561
6091.14	-0.00160938
6089.21	-0.00170124
6087.28	-0.0016284
6085.35	-0.00161001
6083.43	-0.00167682
6081.5	-0.00165216
6079.57	-0.00163814
6077.64	-0.00167718
6075.71	-0.00173709
6073.79	-0.00175458
6071.86	-0.00179365
6069.93	-0.00180031
6068	-0.0016482
6066.07	-0.00164952
6064.15	-0.00174319
6062.22	-0.00177926
6060.29	-0.00176685
6058.36	-0.00178576
6056.43	-0.00174157
6054.51	-0.0016993
6052.58	-0.00172204
6050.65	-0.0018019
6048.72	-0.00192294
6046.79	-0.00190048
6044.87	-0.00186775
6042.94	-0.00190853
6041.01	-0.00187306
6039.08	-0.00179586
6037.15	-0.00174936
6035.23	-0.00184984
6033.3	-0.00191285
6031.37	-0.00186162
6029.44	-0.00194432
6027.51	-0.00191371
6025.58	-0.00184479
6023.66	-0.00181001
6021.73	-0.0017818
6019.8	-0.00184799
6017.87	-0.00199805
6015.94	-0.0020337
6014.02	-0.00200082
6012.09	-0.00191203
6010.16	-0.00188841
6008.23	-0.00180691
6006.3	-0.00176642
6004.38	-0.00170583
6002.45	-0.00173435
6000.52	-0.0019179
5998.59	-0.00201949
5996.66	-0.00196975
5994.74	-0.00185852
5992.81	-0.00184888
5990.88	-0.00192209
5988.95	-0.00189253
5987.02	-0.00186594
5985.1	-0.00186363
5983.17	-0.00195164
5981.24	-0.00189269
5979.31	-0.00176164
5977.38	-0.00179144
5975.46	-0.00192057
5973.53	-0.00193212
5971.6	-0.00186558
5969.67	-0.00187399
5967.74	-0.00196032
5965.82	-0.00195141
5963.89	-0.00188049
5961.96	-0.0018949
5960.03	-0.00190309
5958.1	-0.00184314
5956.18	-0.00188521
5954.25	-0.00196682
5952.32	-0.00199607
5950.39	-0.0020741
5948.46	-0.00202539
5946.54	-0.00186429
5944.61	-0.00183139
5942.68	-0.0018178
5940.75	-0.00174524
5938.82	-0.00183295
5936.9	-0.00198545
5934.97	-0.00194102
5933.04	-0.00178659
5931.11	-0.0017489
5929.18	-0.00183334
5927.25	-0.0018765
5925.33	-0.00182262
5923.4	-0.00183654
5921.47	-0.00191315
5919.54	-0.00183918
5917.62	-0.00182222
5915.69	-0.0018984
5913.76	-0.00193927
5911.83	-0.001975
5909.9	-0.0020121
5907.97	-0.00186211
5906.05	-0.00183641
5904.12	-0.00185525
5902.19	-0.00182169
5900.26	-0.00178302
5898.33	-0.00173303
5896.41	-0.00173616
5894.48	-0.00187778
5892.55	-0.00191536
5890.62	-0.00187511
5888.69	-0.00196906
5886.77	-0.00202948
5884.84	-0.00190144
5882.91	-0.00192677
5880.98	-0.00206896
5879.05	-0.00201283
5877.13	-0.00181509
5875.2	-0.00175055
5873.27	-0.00178408
5871.34	-0.00188544
5869.41	-0.00192255
5867.49	-0.00192172
5865.56	-0.00194244
5863.63	-0.00196992
5861.7	-0.00189042
5859.77	-0.00186604
5857.85	-0.00183516
5855.92	-0.00184294
5853.99	-0.00187118
5852.06	-0.00181206
5850.13	-0.0017851
5848.21	-0.00183773
5846.28	-0.00185195
5844.35	-0.0018468
5842.42	-0.00186805
5840.49	-0.00188118
5838.57	-0.00186181
5836.64	-0.00178022
5834.71	-0.00176669
5832.78	-0.00182268
5830.85	-0.00183634
5828.93	-0.00172596
5827	-0.00169352
5825.07	-0.00178913
5823.14	-0.00186858
5821.21	-0.00188722
5819.29	-0.00184512
5817.36	-0.0018248
5815.43	-0.00182351
5813.5	-0.00190579
5811.57	-0.001905
5809.65	-0.00178985
5807.72	-0.0018178
5805.79	-0.00186393
5803.86	-0.00185927
5801.93	-0.00194567
5800	-0.00194082
5798.08	-0.00186567
5796.15	-0.00181262
5794.22	-0.00178025
5792.29	-0.00177299
5790.36	-0.00170369
5788.44	-0.00177632
5786.51	-0.00187943
5784.58	-0.00195135
5782.65	-0.00195933
5780.72	-0.00195108
5778.8	-0.00196273
5776.87	-0.00184558
5774.94	-0.00190299
5773.01	-0.00203763
5771.08	-0.00198212
5769.16	-0.00189289
5767.23	-0.00193043
5765.3	-0.00199287
5763.37	-0.00194228
5761.44	-0.00182305
5759.52	-0.00178355
5757.59	-0.0018697
5755.66	-0.00188824
5753.73	-0.00180691
5751.8	-0.00186419
5749.88	-0.00186894
5747.95	-0.00177065
5746.02	-0.00177108
5744.09	-0.00185492
5742.16	-0.00198516
5740.24	-0.00195501
5738.31	-0.001965
5736.38	-0.00194943
5734.45	-0.00186419
5732.52	-0.0018925
5730.6	-0.00192212
5728.67	-0.00188791
5726.74	-0.0019081
5724.81	-0.00193716
5722.88	-0.00198202
5720.96	-0.0020374
5719.03	-0.00199845
5717.1	-0.00193386
5715.17	-0.00192459
5713.24	-0.00185944
5711.32	-0.00183433
5709.39	-0.00190638
5707.46	-0.00207265
5705.53	-0.00215901
5703.6	-0.00205092
5701.68	-0.00192502
5699.75	-0.00195507
5697.82	-0.0019902
5695.89	-0.00203139
5693.96	-0.00199568
5692.03	-0.00199733
5690.11	-0.00202773
5688.18	-0.00197635
5686.25	-0.00197133
5684.32	-0.00193558
5682.4	-0.0019117
5680.47	-0.00189273
5678.54	-0.00187072
5676.61	-0.00196959
5674.68	-0.00201243
5672.75	-0.00185574
5670.83	-0.00190441
5668.9	-0.00207687
5666.97	-0.00210177
5665.04	-0.0020156
5663.11	-0.00191394
5661.19	-0.00185202
5659.26	-0.00188573
5657.33	-0.00202988
5655.4	-0.00202549
5653.47	-0.00191899
5651.55	-0.00188831
5649.62	-0.00182809
5647.69	-0.00182212
5645.76	-0.00202134
5643.83	-0.00213375
5641.91	-0.00209784
5639.98	-0.0020217
5638.05	-0.00198954
5636.12	-0.00198697
5634.19	-0.00202473
5632.27	-0.00212211
5630.34	-0.00219708
5628.41	-0.00223219
5626.48	-0.00219006
5624.55	-0.00209474
5622.63	-0.00208874
5620.7	-0.00220546
5618.77	-0.00228493
5616.84	-0.00223559
5614.91	-0.00213916
5612.99	-0.00212043
5611.06	-0.00215858
5609.13	-0.00220872
5607.2	-0.00233483
5605.27	-0.00227247
5603.35	-0.00214849
5601.42	-0.00222946
5599.49	-0.00227043
5597.56	-0.00217625
5595.63	-0.00204102
5593.71	-0.00207028
5591.78	-0.0021594
5589.85	-0.0022136
5587.92	-0.00218354
5585.99	-0.00215208
5584.07	-0.00216527
5582.14	-0.00224884
5580.21	-0.00235661
5578.28	-0.00231268
5576.35	-0.00221911
5574.43	-0.00217285
5572.5	-0.00220846
5570.57	-0.00215195
5568.64	-0.00224699
5566.71	-0.00237896
5564.79	-0.00231928
5562.86	-0.00225098
5560.93	-0.00228813
5559	-0.00230342
5557.07	-0.00234844
5555.14	-0.00237922
5553.22	-0.00237154
5551.29	-0.00247178
5549.36	-0.00251661
5547.43	-0.00244008
5545.5	-0.00244667
5543.58	-0.00242499
5541.65	-0.00243313
5539.72	-0.00242222
5537.79	-0.00245856
5535.86	-0.00239992
5533.94	-0.0023576
5532.01	-0.00233173
5530.08	-0.00231651
5528.15	-0.00227557
5526.22	-0.00231044
5524.3	-0.00236518
5522.37	-0.00238459
5520.44	-0.00245003
5518.51	-0.00245969
5516.58	-0.00242015
5514.66	-0.00239276
5512.73	-0.00237154
5510.8	-0.00246891
5508.87	-0.0025261
5506.94	-0.00244189
5505.02	-0.00237655
5503.09	-0.00237026
5501.16	-0.00236436
5499.23	-0.00242891
5497.3	-0.00241646
5495.38	-0.00229087
5493.45	-0.00237929
5491.52	-0.00254405
5489.59	-0.00252099
5487.66	-0.00244377
5485.74	-0.00238459
5483.81	-0.00250288
5481.88	-0.00253691
5479.95	-0.00245665
5478.02	-0.00247013
5476.1	-0.00257462
5474.17	-0.00261642
5472.24	-0.00250031
5470.31	-0.0024074
5468.38	-0.00242891
5466.46	-0.00252811
5464.53	-0.00254969
5462.6	-0.002579
5460.67	-0.00258239
5458.74	-0.00249243
5456.82	-0.00249197
5454.89	-0.00246097
5452.96	-0.00248631
5451.03	-0.00252179
5449.1	-0.0025542
5447.17	-0.00253908
5445.25	-0.00250294
5443.32	-0.00253954
5441.39	-0.00262218
5439.46	-0.00260232
5437.54	-0.00248545
5435.61	-0.00245207
5433.68	-0.00258533
5431.75	-0.0026013
5429.82	-0.00257442
5427.89	-0.00262419
5425.97	-0.00266078
5424.04	-0.00254824
5422.11	-0.00259517
5420.18	-0.00278152
5418.25	-0.00275755
5416.33	-0.00270724
5414.4	-0.00274715
5412.47	-0.00265083
5410.54	-0.00258585
5408.61	-0.00270945
5406.69	-0.00279752
5404.76	-0.00278498
5402.83	-0.00266387
5400.9	-0.00257736
5398.97	-0.00258111
5397.05	-0.00265166
5395.12	-0.00265225
5393.19	-0.00265024
5391.26	-0.00271175
5389.33	-0.00271636
5387.41	-0.00271264
5385.48	-0.00277797
5383.55	-0.00285049
5381.62	-0.0028681
5379.69	-0.00280371
5377.77	-0.00272124
5375.84	-0.00267102
5373.91	-0.00266845
5371.98	-0.00266141
5370.05	-0.00266881
5368.13	-0.00265584
5366.2	-0.00272947
5364.27	-0.00282972
5362.34	-0.00288541
5360.41	-0.00280477
5358.49	-0.00274531
5356.56	-0.00274129
5354.63	-0.00273586
5352.7	-0.00270296
5350.77	-0.00278221
5348.85	-0.00286089
5346.92	-0.00279258
5344.99	-0.00278067
5343.06	-0.00283785
5341.13	-0.00279927
5339.21	-0.00276631
5337.28	-0.00280638
5335.35	-0.00282988
5333.42	-0.00282978
5331.49	-0.00281461
5329.56	-0.00288476
5327.64	-0.00291658
5325.71	-0.00293176
5323.78	-0.00292287
5321.85	-0.00289177
5319.92	-0.00289983
5318	-0.00283841
5316.07	-0.00286672
5314.14	-0.00288666
5312.21	-0.00286451
5310.28	-0.00286708
5308.36	-0.00294235
5306.43	-0.00301978
5304.5	-0.00293485
5302.57	-0.00291247
5300.64	-0.00294709
5298.72	-0.00288367
5296.79	-0.0028076
5294.86	-0.00279123
5292.93	-0.00281148
5291	-0.00281708
5289.08	-0.00284907
5287.15	-0.00287942
5285.22	-0.00293459
5283.29	-0.0029623
5281.36	-0.00295196
5279.44	-0.00296463
5277.51	-0.00298576
5275.58	-0.00289407
5273.65	-0.00282577
5271.72	-0.00280328
5269.8	-0.00288311
5267.87	-0.00297296
5265.94	-0.00303002
5264.01	-0.00307085
5262.08	-0.00302103
5260.16	-0.00289526
5258.23	-0.00290914
5256.3	-0.00292514
5254.37	-0.00292234
5252.44	-0.00290236
5250.52	-0.00286162
5248.59	-0.00287412
5246.66	-0.0029877
5244.73	-0.00291583
5242.8	-0.00288821
5240.88	-0.00291382
5238.95	-0.00293064
5237.02	-0.00290796
5235.09	-0.00285474
5233.16	-0.00277886
5231.24	-0.00282439
5229.31	-0.00291846
5227.38	-0.00288953
5225.45	-0.00291892
5223.52	-0.00294436
5221.6	-0.00292553
5219.67	-0.00286135
5217.74	-0.00293044
5215.81	-0.00285378
5213.88	-0.00272078
5211.96	-0.00281836
5210.03	-0.00284312
5208.1	-0.00285
5206.17	-0.00295196
5204.24	-0.00293985
5202.31	-0.00295798
5200.39	-0.00293185
5198.46	-0.00286168
5196.53	-0.00280335
5194.6	-0.00286237
5192.67	-0.00284957
5190.75	-0.00284058
5188.82	-0.00288426
5186.89	-0.00278116
5184.96	-0.0027161
5183.03	-0.00274435
5181.11	-0.00277458
5179.18	-0.0028258
5177.25	-0.00275008
5175.32	-0.00276374
5173.39	-0.00292606
5171.47	-0.00297177
5169.54	-0.00290832
5167.61	-0.00285273
5165.68	-0.00278893
5163.75	-0.00278406
5161.83	-0.00282959
5159.9	-0.00293972
5157.97	-0.00293784
5156.04	-0.00284335
5154.11	-0.00281955
5152.19	-0.00274804
5150.26	-0.00272288
5148.33	-0.00284644
5146.4	-0.0028234
5144.47	-0.0027943
5142.55	-0.00278972
5140.62	-0.00273553
5138.69	-0.00274211
5136.76	-0.00280164
5134.83	-0.00282633
5132.91	-0.00281688
5130.98	-0.00273187
5129.05	-0.00270882
5127.12	-0.0027455
5125.19	-0.00278653
5123.27	-0.00280381
5121.34	-0.00271511
5119.41	-0.00260618
5117.48	-0.00268656
5115.55	-0.00270451
5113.62	-0.00268074
5111.7	-0.00268403
5109.77	-0.00260881
5107.84	-0.00260874
5105.91	-0.00263674
5103.99	-0.00266578
5102.06	-0.00266443
5100.13	-0.00261523
5098.2	-0.00254165
5096.27	-0.00247158
5094.34	-0.00249388
5092.42	-0.00255262
5090.49	-0.00246021
5088.56	-0.00239112
5086.63	-0.00231918
5084.71	-0.00222909
5082.78	-0.00208429
5080.85	-0.0020215
5078.92	-0.00195161
5076.99	-0.00181024
5075.06	-0.00166283
5073.14	-0.00148755
5071.21	-0.0013025
5069.28	-0.00114952
5067.35	-0.00105622
5065.42	-0.000819195
5063.5	-0.000540047
5061.57	-0.000301349
5059.64	-4.83067e-05
5057.71	0.000158211
5055.78	0.000338066
5053.86	0.000523436
5051.93	0.000774934
5050	0.00104491
5048.07	0.00134716
5046.14	0.00165967
5044.22	0.00191609
5042.29	0.00232223
5040.36	0.00268515
5038.43	0.00295452
5036.5	0.00337346
5034.58	0.00391445
5032.65	0.00432173
5030.72	0.00471851
5028.79	0.00523603
5026.86	0.00581552
5024.94	0.00639779
5023.01	0.00697712
5021.08	0.00757913
5019.15	0.00824788
5017.22	0.00908837
5015.3	0.00989147
5013.37	0.0105124
5011.44	0.0110201
5009.51	0.0115029
5007.58	0.0118701
5005.66	0.0120558
5003.73	0.0120634
5001.8	0.0119213
4999.87	0.0117247
4997.94	0.0113494
4996.02	0.0109029
4994.09	0.0103157
4992.16	0.00963488
4990.23	0.00899534
4988.3	0.00830401
4986.38	0.00755883
4984.45	0.00696533
4982.52	0.00644191
4980.59	0.00588111
4978.66	0.0053807
4976.73	0.004993
4974.81	0.00454102
4972.88	0.00405954
4970.95	0.00363737
4969.02	0.0033999
4967.09	0.00319141
4965.17	0.00283527
4963.24	0.0024624
4961.31	0.00224819
4959.38	0.00206817
4957.45	0.00183363
4955.53	0.00158118
4953.6	0.00131935
4951.67	0.00124162
4949.74	0.00106673
4947.81	0.000767233
4945.89	0.00063727
4943.96	0.000651606
4942.03	0.000500314
4940.1	0.000366882
4938.17	0.000249107
4936.25	8.34064e-05
4934.32	-3.44249e-05
4932.39	-0.000234824
4930.46	-0.000422187
4928.53	-0.000449297
4926.61	-0.000503544
4924.68	-0.000694993
4922.75	-0.000814333
4920.82	-0.000916844
4918.89	-0.00104346
4916.97	-0.00111581
4915.04	-0.0012048
4913.11	-0.0012614
4911.18	-0.00132959
4909.25	-0.00146573
4907.33	-0.00159595
4905.4	-0.00168497
4903.47	-0.00169517
4901.54	-0.00179757
4899.61	-0.00187646
4897.69	-0.00195253
4895.76	-0.00208831
4893.83	-0.00219346
4891.9	-0.002273
4889.97	-0.00218472
4888.05	-0.00221113
4886.12	-0.00231779
4884.19	-0.00233572
4882.26	-0.00247474
4880.33	-0.00251319
4878.41	-0.0024639
4876.48	-0.00253546
4874.55	-0.00258872
4872.62	-0.00264313
4870.69	-0.00269506
4868.77	-0.00276898
4866.84	-0.00274126
4864.91	-0.00271683
4862.98	-0.00276878
4861.05	-0.00273652
4859.12	-0.00281405
4857.2	-0.00295193
4855.27	-0.00299408
4853.34	-0.00308779
4851.41	-0.00305713
4849.48	-0.00306374
4847.56	-0.0031022
4845.63	-0.00317658
4843.7	-0.00318654
4841.77	-0.00309625
4839.84	-0.00310036
4837.92	-0.00317697
4835.99	-0.00325604
4834.06	-0.0033224
4832.13	-0.00335735
4830.2	-0.0033517
4828.28	-0.0032737
4826.35	-0.00331553
4824.42	-0.00336041
4822.49	-0.00343405
4820.56	-0.0035877
4818.64	-0.00359513
4816.71	-0.00352628
4814.78	-0.00357229
4812.85	-0.00363427
4810.92	-0.00360601
4809	-0.00358393
4807.07	-0.00359493
4805.14	-0.00366312
4803.21	-0.003805
4801.28	-0.00379251
4799.36	-0.00371207
4797.43	-0.00367912
4795.5	-0.00372399
4793.57	-0.00378634
4791.64	-0.0038407
4789.72	-0.00393521
4787.79	-0.00396666
4785.86	-0.00391725
4783.93	-0.00392326
4782	-0.00397881
4780.08	-0.00391465
4778.15	-0.00387525
4776.22	-0.00394831
4774.29	-0.00399749
4772.36	-0.00399122
4770.44	-0.00402546
4768.51	-0.00411658
4766.58	-0.00421422
4764.65	-0.00420227
4762.72	-0.00410401
4760.79	-0.00407381
4758.87	-0.00405313
4756.94	-0.00403741
4755.01	-0.00410106
4753.08	-0.00413286
4751.16	-0.00424483
4749.23	-0.00434873
4747.3	-0.00436796
4745.37	-0.00432495
4743.44	-0.00424637
4741.51	-0.0042071
4739.59	-0.00427508
4737.66	-0.00424145
4735.73	-0.00430363
4733.8	-0.00435444
4731.88	-0.00418084
4729.95	-0.00411294
4728.02	-0.00422541
4726.09	-0.00437425
4724.16	-0.00444494
4722.23	-0.00436441
4720.31	-0.00440282
4718.38	-0.00447262
4716.45	-0.0044513
4714.52	-0.00448773
4712.59	-0.00452748
4710.67	-0.00454538
4708.74	-0.00460387
4706.81	-0.00464997
4704.88	-0.00450157
4702.95	-0.00435283
4701.03	-0.00435401
4699.1	-0.00439885
4697.17	-0.00436851
4695.24	-0.00442509
4693.31	-0.00451826
4691.39	-0.00457453
4689.46	-0.00451443
4687.53	-0.00451961
4685.6	-0.00456328
4683.67	-0.00468504
4681.75	-0.00477894
4679.82	-0.00474964
4677.89	-0.00456879
4675.96	-0.00455696
4674.03	-0.00467507
4672.11	-0.00463354
4670.18	-0.00460125
4668.25	-0.00465052
4666.32	-0.00464921
4664.39	-0.00467747
4662.47	-0.0047052
4660.54	-0.00473024
4658.61	-0.00474774
4656.68	-0.00483229
4654.75	-0.00486561
4652.83	-0.00479929
4650.9	-0.00472499
4648.97	-0.00470569
4647.04	-0.00472706
4645.11	-0.00474912
4643.19	-0.00479234
4641.26	-0.0048507
4639.33	-0.00480408
4637.4	-0.00488029
4635.47	-0.00494545
4633.54	-0.00491338
4631.62	-0.00488439
4629.69	-0.00485123
4627.76	-0.00483019
4625.83	-0.00486325
4623.9	-0.00478998
4621.98	-0.00475666
4620.05	-0.00484471
4618.12	-0.00485067
4616.19	-0.00490883
4614.26	-0.00495462
4612.34	-0.00493445
4610.41	-0.00498856
4608.48	-0.00499482
4606.55	-0.00502502
4604.62	-0.005005
4602.7	-0.00500995
4600.77	-0.00495436
4598.84	-0.00494345
4596.91	-0.00500422
4594.98	-0.00501169
4593.06	-0.0049083
4591.13	-0.00484933
4589.2	-0.00482649
4587.27	-0.00480234
4585.34	-0.00476432
4583.42	-0.00467802
4581.49	-0.00463574
4579.56	-0.00466691
4577.63	-0.00460309
4575.7	-0.00450744
4573.78	-0.00443352
4571.85	-0.00443064
4569.92	-0.00442562
4567.99	-0.00425779
4566.06	-0.00408957
4564.14	-0.00396449
4562.21	-0.00377425
4560.28	-0.00352937
4558.35	-0.0033319
4556.42	-0.00317296
4554.5	-0.0029597
4552.57	-0.00276562
4550.64	-0.00260519
4548.71	-0.0023749
4546.78	-0.00210371
4544.86	-0.0018917
4542.93	-0.00172002
4541	-0.00153718
4539.07	-0.00128149
4537.14	-0.00108296
4535.22	-0.000845122
4533.29	-0.000505728
4531.36	-0.000290223
4529.43	-9.40997e-06
4527.5	0.000332163
4525.58	0.000554255
4523.65	0.000576617
4521.72	0.000672545
4519.79	0.000857327
4517.86	0.00103923
4515.94	0.00122683
4514.01	0.00137857
4512.08	0.00151212
4510.15	0.00164567
4508.22	0.00159961
4506.29	0.00156505
4504.37	0.001741
4502.44	0.00181915
4500.51	0.00175793
4498.58	0.00161633
4496.65	0.00162019
4494.73	0.00165801
4492.8	0.00157357
4490.87	0.00147445
4488.94	0.00136993
4487.01	0.00133659
4485.09	0.00135162
4483.16	0.00107657
4481.23	0.000730457
4479.3	0.000729727
4477.37	0.000825523
4475.45	0.000739186
4473.52	0.00040323
4471.59	7.96284e-05
4469.66	-1.76601e-05
4467.73	-0.000205945
4465.81	-0.000470977
4463.88	-0.000711699
4461.95	-0.000854547
4460.02	-0.00092716
4458.09	-0.0010547
4456.17	-0.00137639
4454.24	-0.00158377
4452.31	-0.00169619
4450.38	-0.00192779
4448.45	-0.00216049
4446.53	-0.0022613
4444.6	-0.00241949
4442.67	-0.00263871
4440.74	-0.00276302
4438.81	-0.00282679
4436.89	-0.00295881
4434.96	-0.00304153
4433.03	-0.00315273
4431.1	-0.00331947
4429.17	-0.00343918
4427.25	-0.00357141
4425.32	-0.00367908
4423.39	-0.00375398
4421.46	-0.00376877
4419.53	-0.00374843
4417.61	-0.00378214
4415.68	-0.00391291
4413.75	-0.00395126
4411.82	-0.00397579
4409.89	-0.00403918
4407.96	-0.00400176
4406.04	-0.00405304
4404.11	-0.00409607
4402.18	-0.00408557
4400.25	-0.00405911
4398.33	-0.00403121
4396.4	-0.00402428
4394.47	-0.00409971
4392.54	-0.00409069
4390.61	-0.00407546
4388.68	-0.00406124
4386.76	-0.0040597
4384.83	-0.00405675
4382.9	-0.00411494
4380.97	-0.00417881
4379.04	-0.0041092
4377.12	-0.00402733
4375.19	-0.00409387
4373.26	-0.0041751
4371.33	-0.00416086
4369.4	-0.00409932
4367.48	-0.00409377
4365.55	-0.00416135
4363.62	-0.00423541
4361.69	-0.00422823
4359.76	-0.0041474
4357.84	-0.00417638
4355.91	-0.00426763
4353.98	-0.0043428
4352.05	-0.00446963
4350.12	-0.00448511
4348.2	-0.00439138
4346.27	-0.0043591
4344.34	-0.0043712
4342.41	-0.00436264
4340.48	-0.00445641
4338.56	-0.00455699
4336.63	-0.00448685
4334.7	-0.00449269
4332.77	-0.00453331
4330.84	-0.0045903
4328.92	-0.00471375
4326.99	-0.00479454
4325.06	-0.00466206
4323.13	-0.00456551
4321.2	-0.00468065
4319.28	-0.00470671
4317.35	-0.00471713
4315.42	-0.00478559
4313.49	-0.00482039
4311.56	-0.0048912
4309.64	-0.00495623
4307.71	-0.00494496
4305.78	-0.00499967
4303.85	-0.00505878
4301.92	-0.00500622
4300	-0.00495708
4298.07	-0.00506736
4296.14	-0.00515211
4294.21	-0.00519042
4292.28	-0.00526726
4290.35	-0.00528074
4288.43	-0.00531243
4286.5	-0.00527105
4284.57	-0.00528136
4282.64	-0.00532771
4280.71	-0.00525514
4278.79	-0.0053518
4276.86	-0.00539575
4274.93	-0.00543679
4273	-0.00541097
4271.07	-0.005404
4269.15	-0.00542419
4267.22	-0.00539035
4265.29	-0.00546905
4263.36	-0.00556801
4261.43	-0.00552267
4259.51	-0.0055248
4257.58	-0.00543878
4255.65	-0.00542183
4253.72	-0.00554413
4251.79	-0.00557093
4249.87	-0.00551227
4247.94	-0.00554567
4246.01	-0.00551649
4244.08	-0.00545927
4242.15	-0.00554413
4240.23	-0.00554862
4238.3	-0.00553707
4236.37	-0.00548397
4234.44	-0.0055264
4232.51	-0.00563392
4230.59	-0.00561963
4228.66	-0.00554067
4226.73	-0.00563863
4224.8	-0.00569914
4222.87	-0.00556298
4220.95	-0.00556625
4219.02	-0.00567736
4217.09	-0.00560547
4215.16	-0.00562293
4213.23	-0.00565698
4211.31	-0.0056264
4209.38	-0.00558166
4207.45	-0.005588
4205.52	-0.00569639
4203.59	-0.00573838
4201.67	-0.00564861
4199.74	-0.00558601
4197.81	-0.0055721
4195.88	-0.00552408
4193.95	-0.00562836
4192.03	-0.00565718
4190.1	-0.00561881
4188.17	-0.00556942
4186.24	-0.00559513
4184.31	-0.00558532
4182.39	-0.00555457
4180.46	-0.00570551
4178.53	-0.00571503
4176.6	-0.00560684
4174.67	-0.00564763
4172.75	-0.00570738
4170.82	-0.00563638
4168.89	-0.00552751
4166.96	-0.00542628
4165.03	-0.00543083
4163.1	-0.00549398
4161.18	-0.00550069
4159.25	-0.00545446
4157.32	-0.00551351
4155.39	-0.00561636
4153.46	-0.00557577
4151.54	-0.00553589
4149.61	-0.00555679
4147.68	-0.00561502
4145.75	-0.00566238
4143.82	-0.00553959
4141.9	-0.00545747
4139.97	-0.00554613
4138.04	-0.00555493
4136.11	-0.00559095
4134.18	-0.0055983
4132.26	-0.00557348
4130.33	-0.00561544
4128.4	-0.00566624
4126.47	-0.00567795
4124.54	-0.00574266
4122.62	-0.00571065
4120.69	-0.00552205
4118.76	-0.00549136
4116.83	-0.00556468
4114.9	-0.0055952
4112.98	-0.00562365
4111.05	-0.00556896
4109.12	-0.00555575
4107.19	-0.00555212
4105.26	-0.00559667
4103.34	-0.00565381
4101.41	-0.0056351
4099.48	-0.00564289
4097.55	-0.00563428
4095.62	-0.00561626
4093.7	-0.00558087
4091.77	-0.00560694
4089.84	-0.00562748
4087.91	-0.00561381
4085.98	-0.00574809
4084.06	-0.00577291
4082.13	-0.00561711
4080.2	-0.00559248
4078.27	-0.00556275
4076.34	-0.00548188
4074.42	-0.00552608
4072.49	-0.00568027
4070.56	-0.00575126
4068.63	-0.00567497
4066.7	-0.00568426
4064.78	-0.00572101
4062.85	-0.00561737
4060.92	-0.00550317
4058.99	-0.00551489
4057.06	-0.00559075
4055.14	-0.00558646
4053.21	-0.00551498
4051.28	-0.0055494
4049.35	-0.00566941
4047.42	-0.00568543
4045.5	-0.00564544
4043.57	-0.00557132
4041.64	-0.00560491
4039.71	-0.00568236
4037.78	-0.00559503
4035.85	-0.00555493
4033.93	-0.00559059
4032	-0.00563644
4030.07	-0.00561476
4028.14	-0.00566015
4026.21	-0.0057543
4024.29	-0.00570849
4022.36	-0.00558931
4020.43	-0.00564972
4018.5	-0.00565636
4016.57	-0.00560877
4014.65	-0.00563108
4012.72	-0.00560684
4010.79	-0.00552876
4008.86	-0.00556769
4006.93	-0.00562957
4005.01	-0.00565911
4003.08	-0.00568727
4001.15	-0.00567451
3999.22	-0.00562248
3997.29	-0.0056214
3995.37	-0.00564871
3993.44	-0.00564655
3991.51	-0.00570152
3989.58	-0.00563926
3987.65	-0.00563775
3985.73	-0.00573122
3983.8	-0.00563052
3981.87	-0.00542743
3979.94	-0.00548014
3978.01	-0.00558447
3976.09	-0.00564318
3974.16	-0.00567281
3972.23	-0.00563566
3970.3	-0.00564197
3968.37	-0.00564845
3966.45	-0.0055935
3964.52	-0.0055984
3962.59	-0.00562055
3960.66	-0.00560383
3958.73	-0.00560527
3956.81	-0.00556347
3954.88	-0.00559893
3952.95	-0.00568131
3951.02	-0.00570947
3949.09	-0.00566153
3947.17	-0.00560037
3945.24	-0.00569253
3943.31	-0.00569475
3941.38	-0.00560583
3939.45	-0.00564956
3937.53	-0.00571752
3935.6	-0.00573082
3933.67	-0.00561544
3931.74	-0.00553769
3929.81	-0.0055724
3927.88	-0.00558951
3925.96	-0.00561139
3924.03	-0.00562735
3922.1	-0.00558987
3920.17	-0.00553203
3918.24	-0.00551479
3916.32	-0.00552251
3914.39	-0.005661
3912.46	-0.00571686
3910.53	-0.00561077
3908.6	-0.00553795
3906.68	-0.00564125
3904.75	-0.00559238
3902.82	-0.00557884
3900.89	-0.00558287
3898.96	-0.00552205
3897.04	-0.00547409
3895.11	-0.00545406
3893.18	-0.00548718
3891.25	-0.00550733
3889.32	-0.00553435
3887.4	-0.00553389
3885.47	-0.00556052
3883.54	-0.00554767
3881.61	-0.00550478
3879.68	-0.00549496
3877.76	-0.00550972
3875.83	-0.00549591
3873.9	-0.00550304
3871.97	-0.00549081
3870.04	-0.00549571
3868.12	-0.0054291
3866.19	-0.00540053
3864.26	-0.00541624
3862.33	-0.00544474
3860.4	-0.00541925
3858.48	-0.00537275
3856.55	-0.00528637
3854.62	-0.00523442
3852.69	-0.00517569
3850.76	-0.00519762
3848.84	-0.0053009
3846.91	-0.00530215
3844.98	-0.00521527
3843.05	-0.00516776
3841.12	-0.00518498
3839.2	-0.00524509
3837.27	-0.00535579
3835.34	-0.00544026
3833.41	-0.00531072
3831.48	-0.00516383
3829.56	-0.00515084
3827.63	-0.00510709
3825.7	-0.00512359
3823.77	-0.00521314
3821.84	-0.00519831
3819.92	-0.00513342
3817.99	-0.00508692
3816.06	-0.00512274
3814.13	-0.0051008
3812.2	-0.00516239
3810.27	-0.00512402
3808.35	-0.00494942
3806.42	-0.00496966
3804.49	-0.0049677
3802.56	-0.00493625
3800.64	-0.00494087
3798.71	-0.00494044
3796.78	-0.00493268
3794.85	-0.00491449
3792.92	-0.00490103
3790.99	-0.00489018
3789.07	-0.00491931
3787.14	-0.00491341
3785.21	-0.0048718
3783.28	-0.00487026
3781.35	-0.00492475
3779.43	-0.00496036
3777.5	-0.00491374
3775.57	-0.00486718
3773.64	-0.00486027
3771.71	-0.00483992
3769.79	-0.00483842
3767.86	-0.0048608
3765.93	-0.00479208
3764	-0.00466409
3762.07	-0.00458099
3760.15	-0.00464584
3758.22	-0.00457584
3756.29	-0.00456617
3754.36	-0.00470677
3752.43	-0.00466105
3750.51	-0.00455381
3748.58	-0.00460177
3746.65	-0.00456427
3744.72	-0.00449924
3742.79	-0.00457863
3740.87	-0.00464675
3738.94	-0.0046577
3737.01	-0.00463308
3735.08	-0.00467993
3733.15	-0.00472742
3731.23	-0.00470743
3729.3	-0.00462299
3727.37	-0.00460404
3725.44	-0.00458538
3723.51	-0.00465744
3721.59	-0.00471506
3719.66	-0.00478743
3717.73	-0.00473407
3715.8	-0.00456433
3713.87	-0.00454413
3711.95	-0.0045701
3710.02	-0.00452161
3708.09	-0.00443257
3706.16	-0.00448593
3704.23	-0.00455909
3702.31	-0.00447521
3700.38	-0.00444467
3698.45	-0.00459161
3696.52	-0.00462384
3694.59	-0.00447475
3692.67	-0.00432219
3690.74	-0.00434962
3688.81	-0.00439826
3686.88	-0.00438144
3684.95	-0.00420545
3683.02	-0.00424057
3681.1	-0.00425038
3679.17	-0.0041816
3677.24	-0.00411494
3675.31	-0.00405284
3673.38	-0.00394631
3671.46	-0.00395839
3669.53	-0.00400307
3667.6	-0.00397188
3665.67	-0.00391294
3663.74	-0.00392276
3661.82	-0.00389488
3659.89	-0.0037595
3657.96	-0.00356608
3656.03	-0.00354107
3654.1	-0.00356664
3652.18	-0.00352234
3650.25	-0.00353299
3648.32	-0.0035576
3646.39	-0.00342376
3644.46	-0.00326686
3642.54	-0.0032494
3640.61	-0.00322539
3638.68	-0.00324394
3636.75	-0.00314924
3634.82	-0.00298309
3632.9	-0.00292498
3630.97	-0.0029099
3629.04	-0.00291165
3627.11	-0.0029591
3625.18	-0.00292636
3623.26	-0.00284275
3621.33	-0.00275798
3619.4	-0.00270352
3617.47	-0.00259491
3615.54	-0.00250433
3613.62	-0.00238077
3611.69	-0.00223958
3609.76	-0.00206988
3607.83	-0.00205178
3605.9	-0.00199726
3603.98	-0.00186904
3602.05	-0.0017716
3600.12	-0.00156947
3598.19	-0.0012806
3596.26	-0.00117236
3594.34	-0.00125169
3592.41	-0.00119744
3590.48	-0.000909405
3588.55	-0.000871214
3586.62	-0.000820022
3584.7	-0.000514664
3582.77	-0.000317672
3580.84	-0.000158948
3578.91	0.000115753
3576.98	0.000248245
3575.05	0.000345394
3573.13	0.000632393
3571.2	0.000949565
3569.27	0.00110982
3567.34	0.00118729
3565.42	0.00137299
3563.49	0.00167141
3561.56	0.00190807
3559.63	0.00224419
3557.7	0.00249726
3555.77	0.00264618
3553.85	0.00301654
3551.92	0.00325069
3549.99	0.00353601
3548.06	0.00398801
3546.13	0.00438341
3544.21	0.00476846
3542.28	0.00510131
3540.35	0.00546253
3538.42	0.00590495
3536.49	0.00623857
3534.57	0.00662207
3532.64	0.00700267
3530.71	0.00735961
3528.78	0.00775975
3526.85	0.00824171
3524.93	0.00882647
3523	0.00954453
3521.07	0.0101525
3519.14	0.0106397
3517.21	0.0111522
3515.29	0.0116572
3513.36	0.0122277
3511.43	0.0127676
3509.5	0.0135155
3507.57	0.0143438
3505.65	0.0150749
3503.72	0.0158146
3501.79	0.0164921
3499.86	0.0172097
3497.93	0.0179564
3496.01	0.018821
3494.08	0.0196408
3492.15	0.0205174
3490.22	0.0214177
3488.29	0.022293
3486.37	0.0231138
3484.44	0.0241162
3482.51	0.0251025
3480.58	0.0259865
3478.65	0.0270126
3476.73	0.0280695
3474.8	0.029089
3472.87	0.0301709
3470.94	0.0312303
3469.01	0.0322541
3467.09	0.0333351
3465.16	0.0345001
3463.23	0.0356293
3461.3	0.0367903
3459.37	0.0380952
3457.44	0.0393754
3455.52	0.0405074
3453.59	0.0416393
3451.66	0.0430067
3449.73	0.0444147
3447.81	0.0457225
3445.88	0.0471849
3443.95	0.0487435
3442.02	0.0503181
3440.09	0.051829
3438.16	0.0534259
3436.24	0.0552067
3434.31	0.0570602
3432.38	0.0589962
3430.45	0.0610624
3428.52	0.0635175
3426.6	0.0662427
3424.67	0.0693409
3422.74	0.0728682
3420.81	0.0771364
3418.88	0.0826112
3416.96	0.0892896
3415.03	0.0978261
3413.1	0.108548
3411.17	0.121427
3409.24	0.136569
3407.32	0.153941
3405.39	0.172541
3403.46	0.191165
3401.53	0.208511
3399.6	0.22349
3397.68	0.235269
3395.75	0.243714
3393.82	0.248976
3391.89	0.251544
3389.96	0.25214
3388.04	0.250978
3386.11	0.248668
3384.18	0.245898
3382.25	0.242677
3380.32	0.239083
3378.4	0.235333
3376.47	0.231535
3374.54	0.227509
3372.61	0.222878
3370.68	0.21781
3368.76	0.212042
3366.83	0.205588
3364.9	0.198668
3362.97	0.191419
3361.04	0.183858
3359.12	0.176318
3357.19	0.168933
3355.26	0.162069
3353.33	0.155807
3351.4	0.150437
3349.48	0.145887
3347.55	0.141832
3345.62	0.138497
3343.69	0.135714
3341.76	0.133432
3339.83	0.131374
3337.91	0.129782
3335.98	0.128517
3334.05	0.127488
3332.12	0.126722
3330.19	0.126118
3328.27	0.125398
3326.34	0.124949
3324.41	0.124967
3322.48	0.125169
3320.55	0.125478
3318.63	0.125845
3316.7	0.126342
3314.77	0.126982
3312.84	0.127479
3310.91	0.127774
3308.99	0.12812
3307.06	0.128527
3305.13	0.128925
3303.2	0.129267
3301.27	0.129349
3299.35	0.129329
3297.42	0.129396
3295.49	0.129582
3293.56	0.129721
3291.63	0.129773
3289.71	0.129474
3287.78	0.129175
3285.85	0.129245
3283.92	0.129449
3281.99	0.129274
3280.07	0.129141
3278.14	0.129314
3276.21	0.129336
3274.28	0.129177
3272.35	0.129067
3270.43	0.128965
3268.5	0.128877
3266.57	0.128751
3264.64	0.128803
3262.71	0.128651
3260.79	0.128358
3258.86	0.128144
3256.93	0.127868
3255	0.127534
3253.07	0.127063
3251.15	0.126737
3249.22	0.126402
3247.29	0.125934
3245.36	0.125542
3243.43	0.125307
3241.51	0.124942
3239.58	0.124595
3237.65	0.124424
3235.72	0.124438
3233.79	0.12464
3231.87	0.12478
3229.94	0.124995
3228.01	0.125416
3226.08	0.125556
3224.15	0.125529
3222.22	0.125575
3220.3	0.125384
3218.37	0.125061
3216.44	0.124653
3214.51	0.12404
3212.58	0.12344
3210.66	0.122669
3208.73	0.121872
3206.8	0.121187
3204.87	0.120634
3202.94	0.120212
3201.02	0.119665
3199.09	0.119136
3197.16	0.11863
3195.23	0.118055
3193.3	0.117576
3191.38	0.11695
3189.45	0.116556
3187.52	0.116359
3185.59	0.115909
3183.66	0.115465
3181.74	0.11501
3179.81	0.114437
3177.88	0.114103
3175.95	0.113711
3174.02	0.113228
3172.1	0.11298
3170.17	0.112681
3168.24	0.112181
3166.31	0.111837
3164.38	0.111662
3162.46	0.111492
3160.53	0.111268
3158.6	0.1109
3156.67	0.110801
3154.74	0.110822
3152.82	0.110623
3150.89	0.110487
3148.96	0.110494
3147.03	0.110396
3145.1	0.110281
3143.18	0.110227
3141.25	0.110267
3139.32	0.110339
3137.39	0.110522
3135.46	0.110692
3133.54	0.110548
3131.61	0.110651
3129.68	0.110883
3127.75	0.110788
3125.82	0.110889
3123.9	0.111133
3121.97	0.111349
3120.04	0.111388
3118.11	0.111246
3116.18	0.111195
3114.26	0.111393
3112.33	0.111566
3110.4	0.111716
3108.47	0.111804
3106.54	0.111617
3104.61	0.111395
3102.69	0.111299
3100.76	0.111327
3098.83	0.111373
3096.9	0.111493
3094.98	0.111457
3093.05	0.111179
3091.12	0.110928
3089.19	0.110704
3087.26	0.1105
3085.33	0.110345
3083.41	0.110271
3081.48	0.110029
3079.55	0.109751
3077.62	0.109516
3075.69	0.109225
3073.77	0.108799
3071.84	0.108366
3069.91	0.107957
3067.98	0.107538
3066.05	0.107278
3064.13	0.106853
3062.2	0.106332
3060.27	0.105906
3058.34	0.105316
3056.41	0.104868
3054.49	0.104423
3052.56	0.103905
3050.63	0.103243
3048.7	0.102601
3046.77	0.101987
3044.85	0.101402
3042.92	0.100836
3040.99	0.10025
3039.06	0.0995153
3037.13	0.0987753
3035.21	0.0982373
3033.28	0.0975836
3031.35	0.0968947
3029.42	0.0959851
3027.49	0.0951219
3025.57	0.0943305
3023.64	0.0936598
3021.71	0.0928291
3019.78	0.0916831
3017.85	0.0908421
3015.93	0.0902
3014	0.089367
3012.07	0.0884941
3010.14	0.0875196
3008.21	0.0865009
3006.29	0.0856001
3004.36	0.0847865
3002.43	0.0837111
3000.5	0.0826043
2998.57	0.0817693
2996.65	0.0809274
2994.72	0.0797992
2992.79	0.0786909
2990.86	0.0777862
2988.93	0.0769639
2987	0.0758794
2985.08	0.0747639
2983.15	0.0737402
2981.22	0.0726715
2979.29	0.0715809
2977.36	0.0703788
2975.44	0.0693763
2973.51	0.0683708
2971.58	0.0672742
2969.65	0.0662373
2967.72	0.0652065
2965.8	0.0642507
2963.87	0.0634193
2961.94	0.0623008
2960.01	0.0612193
2958.08	0.0602763
2956.16	0.0592422
2954.23	0.0582217
2952.3	0.0573062
2950.37	0.0563094
2948.44	0.0553108
2946.52	0.0544755
2944.59	0.0534714
2942.66	0.0522385
2940.73	0.0511915
2938.8	0.0502602
2936.88	0.0493277
2934.95	0.0484526
2933.02	0.0476081
2931.09	0.0467255
2929.16	0.0457313
2927.24	0.0450016
2925.31	0.0443239
2923.38	0.0434149
2921.45	0.0424317
2919.52	0.0415384
2917.6	0.0406063
2915.67	0.0397749
2913.74	0.0390561
2911.81	0.0382758
2909.88	0.0374594
2907.96	0.0365759
2906.03	0.0358409
2904.1	0.0352103
2902.17	0.0343353
2900.24	0.0333591
2898.32	0.0325875
2896.39	0.0318702
2894.46	0.0312463
2892.53	0.0305744
2890.6	0.0300098
2888.68	0.0294893
2886.75	0.0288594
2884.82	0.0280754
2882.89	0.027327
2880.96	0.0267881
2879.04	0.0262281
2877.11	0.0254874
2875.18	0.0248082
2873.25	0.0241152
2871.32	0.0236117
2869.39	0.0230937
2867.47	0.0225176
2865.54	0.0220436
2863.61	0.0214643
2861.68	0.0207936
2859.75	0.0202117
2857.83	0.0197452
2855.9	0.0192261
2853.97	0.0188557
2852.04	0.0183811
2850.11	0.0179281
2848.19	0.017616
2846.26	0.0172372
2844.33	0.0166739
2842.4	0.0160637
2840.47	0.0156158
2838.55	0.0153547
2836.62	0.0150283
2834.69	0.0144529
2832.76	0.0138331
2830.83	0.0134279
2828.91	0.0131968
2826.98	0.0129184
2825.05	0.0124288
2823.12	0.0120776
2821.19	0.0116833
2819.27	0.0114728
2817.34	0.011406
2815.41	0.0111374
2813.48	0.0108008
2811.55	0.0103205
2809.63	0.00995446
2807.7	0.00977149
2805.77	0.00937691
2803.84	0.00912099
2801.91	0.009025
2799.99	0.00858534
2798.06	0.00824214
2796.13	0.00812262
2794.2	0.00786912
2792.27	0.00759184
2790.35	0.00741991
2788.42	0.00734152
2786.49	0.00683407
2784.56	0.00640512
2782.63	0.00637258
2780.71	0.00629636
2778.78	0.00602246
2776.85	0.00594083
2774.92	0.00596666
2772.99	0.0056836
2771.06	0.00540888
2769.14	0.00509537
2767.21	0.00503235
2765.28	0.00476404
2763.35	0.0043952
2761.43	0.00422921
2759.5	0.00410112
2757.57	0.00386741
2755.64	0.0038878
2753.71	0.0039751
2751.78	0.00365919
2749.86	0.00337082
2747.93	0.00350013
2746	0.00337055
2744.07	0.00305848
2742.15	0.0029731
2740.22	0.00303105
2738.29	0.00292049
2736.36	0.00300443
2734.43	0.00289374
2732.5	0.00253648
2730.58	0.00240419
2728.65	0.00230115
2726.72	0.00213786
2724.79	0.00196049
2722.86	0.00169789
2720.94	0.0016592
2719.01	0.00170015
2717.08	0.00158457
2715.15	0.0014298
2713.22	0.00147295
2711.3	0.00144572
2709.37	0.00135604
2707.44	0.00140573
2705.51	0.00125956
2703.58	0.00120224
2701.66	0.00124613
2699.73	0.00115643
2697.8	0.00103621
2695.87	0.0010199
2693.94	0.000828976
2692.02	0.000677954
2690.09	0.000707789
2688.16	0.000757276
2686.23	0.000497726
2684.3	0.000462698
2682.38	0.000738689
2680.45	0.000758006
2678.52	0.00068353
2676.59	0.000551203
2674.66	0.000415799
2672.74	0.000582721
2670.81	0.000680443
2668.88	0.000668696
2666.95	0.000647259
2665.02	0.000314655
2663.1	0.000181911
2661.17	0.00029317
2659.24	0.000250367
2657.31	0.000362903
2655.38	0.000263728
2653.46	-0.000156464
2651.53	-0.000225154
2649.6	0.000104948
2647.67	0.000203192
2645.74	0.000229978
2643.81	0.000271187
2641.89	0.000180485
2639.96	6.25616e-05
2638.03	-0.000227439
2636.1	-0.000152456
2634.17	0.000217579
2632.25	0.000359222
2630.32	0.000154996
2628.39	0.00015947
2626.46	-3.41279e-06
2624.53	-5.54297e-05
2622.61	0.00038814
2620.68	0.000653398
2618.75	0.000406546
2616.82	0.000160034
2614.89	-2.36571e-05
2612.97	7.89656e-05
2611.04	0.000545795
2609.11	0.000428436
2607.18	0.000337104
2605.25	0.000451321
2603.33	0.000542644
2601.4	0.00036927
2599.47	0.000305736
2597.54	0.000255141
2595.61	0.000255505
2593.69	0.000353187
2591.76	0.000304078
2589.83	0.000515043
2587.9	0.000537667
2585.97	0.000618324
2584.05	0.000721297
2582.12	0.000670123
2580.19	0.000584513
2578.26	0.000718343
2576.33	0.000754521
2574.41	0.000519786
2572.48	0.000492187
2570.55	0.000541018
2568.62	0.000570014
2566.69	0.000709548
2564.77	0.000739684
2562.84	0.00101934
2560.91	0.000955974
2558.98	0.000928214
2557.05	0.00123231
2555.13	0.00117862
2553.2	0.00106039
2551.27	0.00101034
2549.34	0.00108241
2547.41	0.00124547
2545.49	0.00117211
2543.56	0.00114646
2541.63	0.0012685
2539.7	0.00125298
2537.77	0.00135893
2535.85	0.00142917
2533.92	0.00119487
2531.99	0.00129821
2530.06	0.0016175
2528.13	0.00180025
2526.21	0.00189765
2524.28	0.00170058
2522.35	0.00140915
2520.42	0.00124072
2518.49	0.00156183
2516.56	0.00181273
2514.64	0.00170604
2512.71	0.00196218
2510.78	0.00223587
2508.85	0.00209431
2506.92	0.00194804
2505	0.0020209
2503.07	0.00219091
2501.14	0.0022366
2499.21	0.00254011
2497.28	0.002884
2495.36	0.0028204
2493.43	0.00287059
2491.5	0.00300993
2489.57	0.0029347
2487.64	0.00278701
2485.72	0.00301277
2483.79	0.00335836
2481.86	0.00349833
2479.93	0.00329325
2478	0.00307927
2476.08	0.00323657
2474.15	0.00354052
2472.22	0.00381272
2470.29	0.0037178
2468.36	0.00367336
2466.44	0.00368903
2464.51	0.00377736
2462.58	0.00405192
2460.65	0.004171
2458.72	0.00404744
2456.8	0.00396477
2454.87	0.00423624
2452.94	0.00439858
2451.01	0.00438254
2449.08	0.00456044
2447.16	0.00444564
2445.23	0.00429252
2443.3	0.00446757
2441.37	0.00474287
2439.44	0.00473298
2437.52	0.00470394
2435.59	0.0045291
2433.66	0.00468224
2431.73	0.00502856
2429.8	0.00514845
2427.88	0.00498985
2425.95	0.00489041
2424.02	0.0047566
2422.09	0.00475891
2420.16	0.0049251
2418.24	0.00512541
2416.31	0.00499075
2414.38	0.00489514
2412.45	0.00514871
2410.52	0.00496488
2408.6	0.00470572
2406.67	0.00499166
2404.74	0.00549159
2402.81	0.00563761
2400.88	0.00579342
2398.95	0.00562052
2397.03	0.00569004
2395.1	0.00627269
2393.17	0.00665955
2391.24	0.00643048
2389.31	0.00625639
2387.39	0.00616507
2385.46	0.00632352
2383.53	0.00638159
2381.6	0.00611002
2379.67	0.00588094
2377.75	0.00639383
2375.82	0.00672856
2373.89	0.00648917
2371.96	0.00660256
2370.03	0.00686969
2368.11	0.00666426
2366.18	0.00652391
2364.25	0.00640896
2362.32	0.00641131
2360.39	0.00668522
2358.47	0.0070937
2356.54	0.00732282
2354.61	0.00690295
2352.68	0.00633536
2350.75	0.00675898
2348.83	0.00681526
2346.9	0.006478
2344.97	0.00668478
2343.04	0.00705834
2341.11	0.00685498
2339.19	0.0067847
2337.26	0.00693085
2335.33	0.00667048
2333.4	0.00668351
2331.47	0.00680183
2329.55	0.00690019
2327.62	0.00664249
2325.69	0.00626103
2323.76	0.00618994
2321.83	0.00646663
2319.91	0.00655156
2317.98	0.00654436
2316.05	0.00665484
2314.12	0.00667277
2312.19	0.00646179
2310.27	0.00606993
2308.34	0.00655758
2306.41	0.00642833
2304.48	0.00645829
2302.55	0.00674933
2300.63	0.00622936
2298.7	0.00612756
2296.77	0.00619004
2294.84	0.00578076
2292.91	0.00533088
2290.98	0.00550534
2289.06	0.00578828
2287.13	0.00564469
2285.2	0.00573963
2283.27	0.00607541
2281.35	0.00604188
2279.42	0.00497332
2277.49	0.00475419
2275.56	0.00510372
2273.63	0.00477533
2271.7	0.00503956
2269.78	0.00499719
2267.85	0.00543397
2265.92	0.00525609
2263.99	0.00473255
2262.06	0.00511106
2260.14	0.00536409
2258.21	0.00498264
2256.28	0.00490492
2254.35	0.00503037
2252.42	0.00489306
2250.5	0.00489015
2248.57	0.00508498
2246.64	0.00476373
2244.71	0.00474558
2242.78	0.00474005
2240.86	0.00415631
2238.93	0.00405861
2237	0.00465983
2235.07	0.00433502
2233.14	0.00388195
2231.22	0.00379661
2229.29	0.00342301
2227.36	0.00348377
2225.43	0.00378581
2223.5	0.00338635
2221.58	0.00369929
2219.65	0.00323891
2217.72	0.00340217
2215.79	0.00433867
2213.86	0.00464161
2211.94	0.00355492
2210.01	0.00329412
2208.08	0.00414935
2206.15	0.00413129
2204.22	0.00316447
2202.3	0.00295582
2200.37	0.00361889
2198.44	0.00434218
2196.51	0.00429336
2194.58	0.00377605
2192.66	0.00358445
2190.73	0.00324234
2188.8	0.002758
2186.87	0.00253301
2184.94	0.00266035
2183.02	0.00257651
2181.09	0.00255411
2179.16	0.00240445
2177.23	0.00261358
2175.3	0.00308631
2173.38	0.00310526
2171.45	0.00275087
2169.52	0.00275123
2167.59	0.00282633
2165.66	0.00302194
2163.73	0.00282887
2161.81	0.00253598
2159.88	0.00259508
2157.95	0.00241738
2156.02	0.00222074
2154.09	0.00275017
2152.17	0.00255415
2150.24	0.00228949
2148.31	0.00216183
2146.38	0.0030498
2144.45	0.00317548
2142.53	0.00179992
2140.6	0.00151195
2138.67	0.00130612
2136.74	0.000344897
2134.81	0.000222884
2132.89	0.00043686
2130.96	0.00121125
2129.03	0.00192644
2127.1	0.0017739
2125.17	0.00164148
2123.25	0.00254228
2121.32	0.00221289
2119.39	0.00196804
2117.46	0.00218594
2115.53	0.00210443
2113.61	0.00143359
2111.68	0.00155814
2109.75	0.0021652
2107.82	0.00198542
2105.89	0.00110865
2103.97	0.00171236
2102.04	0.00131915
2100.11	0.00170913
2098.18	0.00181014
2096.25	0.000480875
2094.33	0.000732349
2092.4	0.00118613
2090.47	-0.000425034
2088.54	-0.00119129
2086.61	-0.001136
2084.69	-0.000110786
2082.76	0.00211498
2080.83	0.0030131
2078.9	0.00190314
2076.97	0.00021032
2075.05	-0.000797996
2073.12	-0.00124231
2071.19	-0.000164347
2069.26	0.00111928
2067.33	0.0018862
2065.41	0.00210123
2063.48	0.000528179
2061.55	0.000832727
2059.62	0.00200838
2057.69	0.00252462
2055.77	0.0024709
2053.84	0.00185253
2051.91	0.00103136
2049.98	0.00236981
2048.05	0.00415083
2046.12	0.00396293
2044.2	0.00359945
2042.27	0.00160702
2040.34	0.00143479
2038.41	0.00239106
2036.48	0.000417524
2034.56	-0.000141062
2032.63	0.00211026
2030.7	0.00474193
2028.77	0.00457681
2026.84	0.00287279
2024.92	0.00105438
2022.99	3.96301e-05
2021.06	0.000393214
2019.13	0.00250082
2017.2	0.00277554
2015.28	0.00106793
2013.35	0.00107789
2011.42	0.00358722
2009.49	0.00377311
2007.56	0.00250462
2005.64	0.00246593
2003.71	0.00257771
2001.78	0.00261488
