nAHr0177.spa, Wed Nov 08 01:59:35 2006 (GMT-10:00)
9999.26	0.0380842
9997.33	0.0375557
9995.4	0.0374546
9993.48	0.0371719
9991.55	0.0367784
9989.62	0.0371719
9987.69	0.0376422
9985.76	0.0377819
9983.84	0.0385407
9981.91	0.0385756
9979.98	0.0377341
9978.05	0.0370474
9976.12	0.0367731
9974.2	0.0362607
9972.27	0.0359897
9970.34	0.0368174
9968.41	0.0368304
9966.48	0.0371183
9964.56	0.0373271
9962.63	0.0373872
9960.7	0.0379439
9958.77	0.0372999
9956.84	0.0368632
9954.92	0.037007
9952.99	0.037221
9951.06	0.0373058
9949.13	0.0372951
9947.2	0.0375319
9945.28	0.0373113
9943.35	0.0375866
9941.42	0.0366058
9939.49	0.0356562
9937.56	0.0368736
9935.64	0.0372342
9933.71	0.0367001
9931.78	0.0363843
9929.85	0.0355479
9927.92	0.0353236
9926	0.0359406
9924.07	0.0363489
9922.14	0.036049
9920.21	0.0361553
9918.28	0.0363278
9916.36	0.0365977
9914.43	0.0363632
9912.5	0.0361308
9910.57	0.0354882
9908.64	0.0346931
9906.71	0.0352358
9904.79	0.0361757
9902.86	0.0354734
9900.93	0.034831
9899	0.0350488
9897.08	0.0349175
9895.15	0.0346737
9893.22	0.0349078
9891.29	0.0356154
9889.36	0.0354926
9887.43	0.0350146
9885.51	0.0352692
9883.58	0.0361893
9881.65	0.0369737
9879.72	0.0357384
9877.79	0.0341544
9875.87	0.0343678
9873.94	0.0356891
9872.01	0.0364545
9870.08	0.0366618
9868.15	0.0362516
9866.23	0.0358006
9864.3	0.0349407
9862.37	0.0346338
9860.44	0.0349029
9858.51	0.0354874
9856.59	0.0355665
9854.66	0.0353586
9852.73	0.0357551
9850.8	0.0356053
9848.87	0.0350731
9846.95	0.0349909
9845.02	0.0351005
9843.09	0.0357308
9841.16	0.0356934
9839.23	0.0345454
9837.31	0.0344593
9835.38	0.0344719
9833.45	0.0344538
9831.52	0.0342407
9829.59	0.0341818
9827.67	0.0346873
9825.74	0.0350663
9823.81	0.0351358
9821.88	0.0344787
9819.95	0.0342418
9818.03	0.0343353
9816.1	0.0344787
9814.17	0.0343746
9812.24	0.0339682
9810.31	0.0341573
9808.39	0.0347541
9806.46	0.0356719
9804.53	0.0362799
9802.6	0.0355767
9800.67	0.0348942
9798.75	0.0345719
9796.82	0.0342718
9794.89	0.0336931
9792.96	0.0334793
9791.03	0.0333073
9789.11	0.0338167
9787.18	0.034435
9785.25	0.0343192
9783.32	0.0341739
9781.39	0.034059
9779.46	0.0344296
9777.54	0.0352296
9775.61	0.0348778
9773.68	0.0346701
9771.75	0.0344425
9769.83	0.0340191
9767.9	0.0338025
9765.97	0.0333266
9764.04	0.033064
9762.11	0.0329428
9760.18	0.033575
9758.26	0.0342755
9756.33	0.0342951
9754.4	0.033645
9752.47	0.0333552
9750.54	0.0336693
9748.62	0.0338505
9746.69	0.0339942
9744.76	0.033778
9742.83	0.0343006
9740.9	0.0350238
9738.98	0.0340927
9737.05	0.0327607
9735.12	0.0325967
9733.19	0.0336288
9731.26	0.0337805
9729.34	0.0332793
9727.41	0.0331656
9725.48	0.0331543
9723.55	0.0329016
9721.62	0.0328506
9719.7	0.0327502
9717.77	0.0332433
9715.84	0.0339139
9713.91	0.0337906
9711.98	0.0335731
9710.06	0.0333698
9708.13	0.0331711
9706.2	0.0331898
9704.27	0.0335156
9702.34	0.0335991
9700.42	0.0329418
9698.49	0.0329403
9696.56	0.0330853
9694.63	0.0334778
9692.7	0.0342558
9690.78	0.0336654
9688.85	0.0327078
9686.92	0.0327608
9684.99	0.0332453
9683.06	0.0331988
9681.14	0.0327499
9679.21	0.0327508
9677.28	0.0328573
9675.35	0.0327541
9673.42	0.0333661
9671.5	0.0330477
9669.57	0.0328762
9667.64	0.0328868
9665.71	0.0324363
9663.78	0.0329463
9661.86	0.0325695
9659.93	0.0321128
9658	0.0325941
9656.07	0.033209
9654.14	0.0331222
9652.21	0.0331502
9650.29	0.0334068
9648.36	0.0335211
9646.43	0.0329954
9644.5	0.0323112
9642.57	0.0318887
9640.65	0.0320275
9638.72	0.0324529
9636.79	0.0322348
9634.86	0.0323418
9632.93	0.0328148
9631.01	0.0328112
9629.08	0.031907
9627.15	0.0320066
9625.22	0.0323119
9623.29	0.0320302
9621.37	0.0317345
9619.44	0.0316081
9617.51	0.0318191
9615.58	0.0319014
9613.65	0.0323054
9611.73	0.0322505
9609.8	0.0320253
9607.87	0.03251
9605.94	0.0325278
9604.01	0.0322283
9602.09	0.032265
9600.16	0.0331171
9598.23	0.0327325
9596.3	0.0319781
9594.37	0.0319269
9592.45	0.0318479
9590.52	0.0319695
9588.59	0.0320216
9586.66	0.032099
9584.73	0.0319921
9582.81	0.0313854
9580.88	0.0313883
9578.95	0.0316996
9577.02	0.032133
9575.09	0.0321473
9573.17	0.0320333
9571.24	0.0316469
9569.31	0.0307869
9567.38	0.030635
9565.45	0.0311565
9563.53	0.0307783
9561.6	0.0309707
9559.67	0.0317149
9557.74	0.0320292
9555.81	0.0310869
9553.88	0.0310752
9551.96	0.0317574
9550.03	0.0316899
9548.1	0.0312403
9546.17	0.0309792
9544.25	0.0309821
9542.32	0.0315978
9540.39	0.031962
9538.46	0.031774
9536.53	0.030744
9534.6	0.0301958
9532.68	0.031291
9530.75	0.0317698
9528.82	0.0313166
9526.89	0.0309847
9524.96	0.030954
9523.04	0.0315919
9521.11	0.0312353
9519.18	0.0305937
9517.25	0.0310343
9515.32	0.0315619
9513.4	0.0316665
9511.47	0.0312062
9509.54	0.0306084
9507.61	0.0306405
9505.68	0.0310658
9503.76	0.0313585
9501.83	0.030689
9499.9	0.0299291
9497.97	0.0301808
9496.04	0.0308268
9494.12	0.030989
9492.19	0.030779
9490.26	0.0310418
9488.33	0.0314168
9486.4	0.0314475
9484.48	0.0311395
9482.55	0.0304878
9480.62	0.0302846
9478.69	0.0301794
9476.76	0.0296062
9474.84	0.0302658
9472.91	0.0309458
9470.98	0.0313369
9469.05	0.0316082
9467.12	0.0310644
9465.2	0.0309403
9463.27	0.0311334
9461.34	0.0310829
9459.41	0.0307411
9457.48	0.0306026
9455.56	0.0308922
9453.63	0.0312365
9451.7	0.0313259
9449.77	0.0315794
9447.84	0.0309872
9445.92	0.0305339
9443.99	0.030937
9442.06	0.0312824
9440.13	0.0310078
9438.2	0.030149
9436.28	0.0291786
9434.35	0.0293627
9432.42	0.0302559
9430.49	0.0305272
9428.56	0.0305682
9426.63	0.030104
9424.71	0.0298746
9422.78	0.0303958
9420.85	0.030515
9418.92	0.030497
9417	0.0303757
9415.07	0.0304663
9413.14	0.0302345
9411.21	0.0298005
9409.28	0.0302133
9407.35	0.0299356
9405.43	0.0299183
9403.5	0.0300922
9401.57	0.0293536
9399.64	0.029236
9397.71	0.0295477
9395.79	0.0300917
9393.86	0.0305071
9391.93	0.0304508
9390	0.0302955
9388.07	0.0301698
9386.15	0.0298187
9384.22	0.0296738
9382.29	0.030136
9380.36	0.0301178
9378.43	0.0301748
9376.51	0.0299416
9374.58	0.0296472
9372.65	0.0298617
9370.72	0.0302242
9368.79	0.0303927
9366.87	0.0300986
9364.94	0.0300211
9363.01	0.0297115
9361.08	0.0297922
9359.15	0.0296284
9357.23	0.0291498
9355.3	0.0289888
9353.37	0.0288745
9351.44	0.029252
9349.51	0.0295131
9347.59	0.0295282
9345.66	0.0298448
9343.73	0.0300415
9341.8	0.0300682
9339.87	0.0298683
9337.95	0.0290701
9336.02	0.0289047
9334.09	0.0296114
9332.16	0.0298511
9330.23	0.0299633
9328.31	0.0297922
9326.38	0.0295887
9324.45	0.0295288
9322.52	0.0293026
9320.59	0.0289414
9318.67	0.0292402
9316.74	0.0297399
9314.81	0.0297665
9312.88	0.0294471
9310.95	0.0295011
9309.03	0.0295074
9307.1	0.0292818
9305.17	0.0294308
9303.24	0.0293401
9301.31	0.0288699
9299.38	0.0283948
9297.46	0.0286068
9295.53	0.0286649
9293.6	0.0288218
9291.67	0.0292498
9289.74	0.0289467
9287.82	0.0284471
9285.89	0.028589
9283.96	0.0291362
9282.03	0.0287425
9280.1	0.0285321
9278.18	0.0288517
9276.25	0.0287254
9274.32	0.0288829
9272.39	0.0291401
9270.46	0.0291015
9268.54	0.0288081
9266.61	0.0288786
9264.68	0.0288708
9262.75	0.0286702
9260.82	0.0285331
9258.9	0.0288467
9256.97	0.0291259
9255.04	0.0291612
9253.11	0.0290075
9251.18	0.0285882
9249.26	0.0286236
9247.33	0.02852
9245.4	0.0283441
9243.47	0.0284
9241.54	0.0284464
9239.62	0.0283564
9237.69	0.0288177
9235.76	0.0288151
9233.83	0.028377
9231.9	0.0282693
9229.98	0.0282578
9228.05	0.0283488
9226.12	0.0286579
9224.19	0.0289402
9222.26	0.0283661
9220.34	0.0285429
9218.41	0.0286038
9216.48	0.0281188
9214.55	0.0281582
9212.62	0.0282618
9210.7	0.028307
9208.77	0.0284392
9206.84	0.0280344
9204.91	0.0285435
9202.98	0.0289346
9201.05	0.0287163
9199.13	0.0284437
9197.2	0.028791
9195.27	0.0289075
9193.34	0.0288071
9191.42	0.0288108
9189.49	0.0286658
9187.56	0.0287044
9185.63	0.0285022
9183.7	0.0284892
9181.77	0.0285824
9179.85	0.0284749
9177.92	0.0286798
9175.99	0.0284607
9174.06	0.0284222
9172.13	0.02897
9170.21	0.0287104
9168.28	0.0284056
9166.35	0.0282599
9164.42	0.0281851
9162.49	0.0281262
9160.57	0.0282344
9158.64	0.0278536
9156.71	0.0272814
9154.78	0.0273211
9152.85	0.0278949
9150.93	0.0279242
9149	0.0278579
9147.07	0.0278697
9145.14	0.0283318
9143.21	0.0283851
9141.29	0.0280426
9139.36	0.0279181
9137.43	0.0279002
9135.5	0.0274979
9133.57	0.027208
9131.65	0.0274185
9129.72	0.0273306
9127.79	0.0275443
9125.86	0.028095
9123.93	0.0285687
9122.01	0.0282948
9120.08	0.0278655
9118.15	0.0280798
9116.22	0.0282423
9114.29	0.0279626
9112.37	0.0280641
9110.44	0.0277984
9108.51	0.0276777
9106.58	0.0279977
9104.65	0.0281399
9102.73	0.0282736
9100.8	0.0282785
9098.87	0.0279865
9096.94	0.027431
9095.01	0.0271829
9093.08	0.0272692
9091.16	0.0269884
9089.23	0.0269584
9087.3	0.0274395
9085.37	0.0276232
9083.45	0.0276335
9081.52	0.0280313
9079.59	0.02823
9077.66	0.0283905
9075.73	0.028043
9073.8	0.0278457
9071.88	0.0281072
9069.95	0.0278087
9068.02	0.0279385
9066.09	0.028492
9064.17	0.0285694
9062.24	0.0283562
9060.31	0.0279373
9058.38	0.0271815
9056.45	0.0268331
9054.52	0.0270922
9052.6	0.0273707
9050.67	0.027514
9048.74	0.027535
9046.81	0.0273785
9044.88	0.0269961
9042.96	0.027034
9041.03	0.0274023
9039.1	0.0275791
9037.17	0.0276799
9035.24	0.0276866
9033.32	0.0274134
9031.39	0.027715
9029.46	0.0278148
9027.53	0.0272094
9025.6	0.026609
9023.68	0.0268334
9021.75	0.0272693
9019.82	0.0274666
9017.89	0.0272677
9015.96	0.0272704
9014.04	0.0276027
9012.11	0.0273631
9010.18	0.0270097
9008.25	0.0272895
9006.32	0.0277262
9004.4	0.0275204
9002.47	0.0272031
9000.54	0.027135
8998.61	0.0268703
8996.68	0.0269405
8994.76	0.0270508
8992.83	0.026951
8990.9	0.0268615
8988.97	0.0271139
8987.04	0.0271912
8985.12	0.0271726
8983.19	0.0273657
8981.26	0.0271131
8979.33	0.026665
8977.4	0.0268175
8975.48	0.0268037
8973.55	0.0270284
8971.62	0.0270564
8969.69	0.0269168
8967.76	0.0267012
8965.83	0.0266452
8963.91	0.0266925
8961.98	0.0269531
8960.05	0.0267148
8958.12	0.0266233
8956.2	0.0266991
8954.27	0.0266701
8952.34	0.0268823
8950.41	0.0266001
8948.48	0.0265134
8946.55	0.0268362
8944.63	0.0268829
8942.7	0.0269009
8940.77	0.0267148
8938.84	0.026824
8936.92	0.0271844
8934.99	0.0271497
8933.06	0.0269123
8931.13	0.0266512
8929.2	0.0266178
8927.27	0.0266393
8925.35	0.026567
8923.42	0.0267479
8921.49	0.0266762
8919.56	0.0269334
8917.63	0.0270999
8915.71	0.0269777
8913.78	0.0264251
8911.85	0.0262959
8909.92	0.0265887
8907.99	0.026661
8906.07	0.0266731
8904.14	0.0266069
8902.21	0.0264152
8900.28	0.0263992
8898.35	0.0262571
8896.43	0.0269504
8894.5	0.0272533
8892.57	0.0269009
8890.64	0.0267562
8888.71	0.0269403
8886.79	0.026778
8884.86	0.0264101
8882.93	0.026292
8881	0.0261204
8879.07	0.0264126
8877.15	0.0264848
8875.22	0.0262816
8873.29	0.0262533
8871.36	0.0265376
8869.43	0.0268257
8867.51	0.0264648
8865.58	0.0260817
8863.65	0.0261636
8861.72	0.0267711
8859.79	0.0267584
8857.87	0.0265671
8855.94	0.026908
8854.01	0.0270822
8852.08	0.0267783
8850.15	0.0264244
8848.22	0.0263259
8846.3	0.0265868
8844.37	0.0266832
8842.44	0.026644
8840.51	0.0263393
8838.58	0.0261679
8836.66	0.0267453
8834.73	0.0269937
8832.8	0.0266867
8830.87	0.0267089
8828.94	0.0268954
8827.02	0.0264094
8825.09	0.0264131
8823.16	0.0269079
8821.23	0.0267532
8819.3	0.0263335
8817.38	0.0265805
8815.45	0.0267026
8813.52	0.0265489
8811.59	0.0264277
8809.66	0.0263506
8807.74	0.0263671
8805.81	0.0260854
8803.88	0.0259162
8801.95	0.0262714
8800.02	0.0263239
8798.1	0.0264359
8796.17	0.0266648
8794.24	0.0263147
8792.31	0.0260949
8790.38	0.0261045
8788.46	0.026412
8786.53	0.0268746
8784.6	0.0267246
8782.67	0.0263684
8780.74	0.0261211
8778.82	0.0261166
8776.89	0.0262057
8774.96	0.0261693
8773.03	0.0261753
8771.1	0.0260948
8769.18	0.0261761
8767.25	0.0262101
8765.32	0.0260999
8763.39	0.0258813
8761.46	0.0259585
8759.54	0.0258301
8757.61	0.0260121
8755.68	0.0257609
8753.75	0.0254509
8751.82	0.0256308
8749.9	0.0259867
8747.97	0.0263429
8746.04	0.0261375
8744.11	0.025882
8742.18	0.0258878
8740.25	0.0260097
8738.33	0.0261282
8736.4	0.026204
8734.47	0.0260342
8732.54	0.0256214
8730.62	0.0257583
8728.69	0.0260584
8726.76	0.0260547
8724.83	0.0257961
8722.9	0.0260709
8720.97	0.0263088
8719.05	0.0259341
8717.12	0.0256647
8715.19	0.0259554
8713.26	0.0261872
8711.33	0.0261164
8709.41	0.0260597
8707.48	0.025948
8705.55	0.0256472
8703.62	0.0257217
8701.69	0.0260377
8699.77	0.0258528
8697.84	0.0255843
8695.91	0.02557
8693.98	0.0259131
8692.05	0.0261341
8690.13	0.0262197
8688.2	0.0258664
8686.27	0.0257979
8684.34	0.0257839
8682.41	0.0257718
8680.49	0.0257004
8678.56	0.0253132
8676.63	0.0254096
8674.7	0.0259103
8672.77	0.0260138
8670.85	0.025654
8668.92	0.0253439
8666.99	0.0252966
8665.06	0.0252828
8663.13	0.0253575
8661.21	0.0254772
8659.28	0.0258006
8657.35	0.025734
8655.42	0.0254095
8653.49	0.0255033
8651.57	0.0257392
8649.64	0.0256773
8647.71	0.0255811
8645.78	0.0252997
8643.85	0.0248292
8641.93	0.0250414
8640	0.0254386
8638.07	0.0256026
8636.14	0.0256353
8634.21	0.0257975
8632.29	0.025845
8630.36	0.025549
8628.43	0.0253982
8626.5	0.0255565
8624.57	0.0255671
8622.65	0.0252542
8620.72	0.0250748
8618.79	0.0250821
8616.86	0.0254797
8614.93	0.025418
8613	0.0252316
8611.08	0.0253912
8609.15	0.0254146
8607.22	0.0257396
8605.29	0.0257327
8603.37	0.0256913
8601.44	0.025443
8599.51	0.0254016
8597.58	0.0253512
8595.65	0.0251778
8593.72	0.0252426
8591.8	0.0251063
8589.87	0.0253826
8587.94	0.0255045
8586.01	0.0255829
8584.08	0.0255813
8582.16	0.025216
8580.23	0.0252253
8578.3	0.0253949
8576.37	0.0255457
8574.44	0.025265
8572.52	0.025151
8570.59	0.0255319
8568.66	0.0255602
8566.73	0.0255056
8564.8	0.0253818
8562.88	0.0251021
8560.95	0.0255573
8559.02	0.0257037
8557.09	0.0252322
8555.16	0.0250453
8553.24	0.0251685
8551.31	0.0254049
8549.38	0.0253753
8547.45	0.0252268
8545.52	0.0255125
8543.6	0.0255832
8541.67	0.025464
8539.74	0.0251307
8537.81	0.0248041
8535.88	0.024987
8533.96	0.0251031
8532.03	0.0249217
8530.1	0.0251345
8528.17	0.0254867
8526.24	0.0257095
8524.32	0.0255812
8522.39	0.0254086
8520.46	0.025295
8518.53	0.0249482
8516.6	0.0248203
8514.68	0.0249389
8512.75	0.0249666
8510.82	0.0251666
8508.89	0.0253511
8506.96	0.0253183
8505.04	0.0251683
8503.11	0.025034
8501.18	0.0251695
8499.25	0.0251275
8497.32	0.0249464
8495.39	0.0250214
8493.47	0.0248597
8491.54	0.0246605
8489.61	0.0247609
8487.68	0.0246311
8485.75	0.0246386
8483.83	0.0249338
8481.9	0.025102
8479.97	0.0248406
8478.04	0.0246923
8476.11	0.0248013
8474.19	0.0250523
8472.26	0.0249331
8470.33	0.0246675
8468.4	0.0248328
8466.47	0.0251724
8464.55	0.0250643
8462.62	0.0248238
8460.69	0.0248449
8458.76	0.0248062
8456.83	0.0249774
8454.91	0.0251137
8452.98	0.0251287
8451.05	0.0252933
8449.12	0.0255911
8447.19	0.0255359
8445.27	0.024931
8443.34	0.0244274
8441.41	0.0240974
8439.48	0.0242571
8437.55	0.0246702
8435.63	0.0246017
8433.7	0.0245977
8431.77	0.0248969
8429.84	0.0246527
8427.91	0.0244029
8425.99	0.0244528
8424.06	0.0246616
8422.13	0.0246359
8420.2	0.0248625
8418.27	0.0248084
8416.35	0.0245298
8414.42	0.0243995
8412.49	0.0246353
8410.56	0.0248746
8408.63	0.0249816
8406.71	0.0245546
8404.78	0.0244506
8402.85	0.0244256
8400.92	0.0243935
8398.99	0.0245351
8397.07	0.0247757
8395.14	0.0246552
8393.21	0.0245928
8391.28	0.0245002
8389.35	0.0247668
8387.43	0.0248382
8385.5	0.0247032
8383.57	0.024737
8381.64	0.0248149
8379.71	0.0248477
8377.79	0.0248158
8375.86	0.0249316
8373.93	0.0247975
8372	0.0244872
8370.07	0.0244098
8368.14	0.0245059
8366.22	0.0244969
8364.29	0.0244119
8362.36	0.0245145
8360.43	0.0244627
8358.5	0.024444
8356.58	0.0245889
8354.65	0.0245033
8352.72	0.0241575
8350.79	0.0244037
8348.86	0.0247951
8346.94	0.024897
8345.01	0.0247689
8343.08	0.0245176
8341.15	0.0242674
8339.22	0.0241112
8337.3	0.0241534
8335.37	0.0241919
8333.44	0.0245397
8331.51	0.0246269
8329.58	0.0244153
8327.66	0.0244798
8325.73	0.0246654
8323.8	0.0248364
8321.87	0.0247306
8319.94	0.0246874
8318.02	0.0245507
8316.09	0.0244874
8314.16	0.0247006
8312.23	0.0248772
8310.3	0.0246046
8308.38	0.0243627
8306.45	0.0241276
8304.52	0.0240824
8302.59	0.0247032
8300.66	0.0247839
8298.74	0.0247689
8296.81	0.0248437
8294.88	0.0250024
8292.95	0.0249072
8291.02	0.0246216
8289.1	0.0241986
8287.17	0.0241912
8285.24	0.0243857
8283.31	0.0247997
8281.38	0.0246896
8279.46	0.0243258
8277.53	0.0240753
8275.6	0.0240565
8273.67	0.0241585
8271.74	0.0241362
8269.82	0.024206
8267.89	0.0242786
8265.96	0.0242716
8264.03	0.0242041
8262.1	0.0243956
8260.17	0.0245521
8258.25	0.0242498
8256.32	0.0237966
8254.39	0.0238108
8252.46	0.0239063
8250.54	0.024024
8248.61	0.0244144
8246.68	0.0245676
8244.75	0.0242751
8242.82	0.0242585
8240.89	0.0244808
8238.97	0.0244884
8237.04	0.0244444
8235.11	0.0241799
8233.18	0.0239084
8231.25	0.0240807
8229.33	0.0242944
8227.4	0.0242997
8225.47	0.0242687
8223.54	0.0239988
8221.61	0.0236446
8219.69	0.0239806
8217.76	0.0243281
8215.83	0.024063
8213.9	0.0238742
8211.97	0.0239971
8210.05	0.0242731
8208.12	0.0243549
8206.19	0.0241336
8204.26	0.0240668
8202.33	0.023839
8200.41	0.0235272
8198.48	0.0238253
8196.55	0.0243087
8194.62	0.0243511
8192.69	0.0242951
8190.77	0.0242874
8188.84	0.0240505
8186.91	0.0240308
8184.98	0.0241117
8183.05	0.0240834
8181.13	0.0240377
8179.2	0.0241333
8177.27	0.0243116
8175.34	0.024403
8173.41	0.0241216
8171.49	0.0241427
8169.56	0.0244642
8167.63	0.0244366
8165.7	0.0241547
8163.77	0.0240256
8161.85	0.02379
8159.92	0.0237179
8157.99	0.0240021
8156.06	0.0241883
8154.13	0.0241731
8152.21	0.0243387
8150.28	0.0239512
8148.35	0.0235319
8146.42	0.0234098
8144.49	0.0234861
8142.56	0.0238264
8140.64	0.0240291
8138.71	0.0238757
8136.78	0.023913
8134.85	0.0239801
8132.92	0.0239819
8131	0.0238827
8129.07	0.0238681
8127.14	0.0237687
8125.21	0.0237022
8123.28	0.0238523
8121.36	0.0239652
8119.43	0.0239146
8117.5	0.0239196
8115.57	0.0237233
8113.64	0.0236739
8111.72	0.0239365
8109.79	0.0239926
8107.86	0.0237795
8105.93	0.0236257
8104	0.0238769
8102.08	0.0241405
8100.15	0.0240606
8098.22	0.0238511
8096.29	0.0235551
8094.36	0.0235018
8092.44	0.0236732
8090.51	0.0237179
8088.58	0.023636
8086.65	0.0236491
8084.72	0.0238681
8082.8	0.0239223
8080.87	0.0237364
8078.94	0.0235797
8077.01	0.0234862
8075.08	0.0233787
8073.16	0.0232541
8071.23	0.0233884
8069.3	0.0239953
8067.37	0.0239834
8065.44	0.0235151
8063.52	0.0234421
8061.59	0.0236091
8059.66	0.0236302
8057.73	0.0235774
8055.8	0.0235119
8053.88	0.0234643
8051.95	0.023552
8050.02	0.0236
8048.09	0.023743
8046.16	0.0239674
8044.24	0.0237081
8042.31	0.023339
8040.38	0.0233446
8038.45	0.0235378
8036.52	0.0234292
8034.6	0.0231677
8032.67	0.0235412
8030.74	0.0237717
8028.81	0.0235445
8026.88	0.0236898
8024.96	0.0239233
8023.03	0.0237693
8021.1	0.0234263
8019.17	0.0235601
8017.24	0.0234702
8015.31	0.0231399
8013.39	0.0230562
8011.46	0.0231305
8009.53	0.0231503
8007.6	0.0233503
8005.67	0.023509
8003.75	0.0235677
8001.82	0.0233383
7999.89	0.023132
7997.96	0.0232492
7996.03	0.0234559
7994.11	0.0234235
7992.18	0.0234782
7990.25	0.0232565
7988.32	0.0230858
7986.39	0.0229404
7984.47	0.0230557
7982.54	0.0232374
7980.61	0.0234077
7978.68	0.02343
7976.75	0.023266
7974.83	0.0232883
7972.9	0.0233479
7970.97	0.0232962
7969.04	0.0231664
7967.11	0.0231256
7965.19	0.0234054
7963.26	0.0235987
7961.33	0.0235848
7959.4	0.0236336
7957.47	0.023379
7955.55	0.0232166
7953.62	0.0232128
7951.69	0.0234077
7949.76	0.0233677
7947.83	0.0232571
7945.91	0.0232288
7943.98	0.023194
7942.05	0.0232338
7940.12	0.0234349
7938.19	0.0234004
7936.27	0.0229902
7934.34	0.022916
7932.41	0.0231269
7930.48	0.0231203
7928.55	0.0230559
7926.63	0.0228642
7924.7	0.0227072
7922.77	0.0229391
7920.84	0.0230159
7918.91	0.0232251
7916.99	0.0235137
7915.06	0.0233749
7913.13	0.02336
7911.2	0.0233398
7909.27	0.023321
7907.35	0.0232376
7905.42	0.0232188
7903.49	0.0231966
7901.56	0.0232573
7899.63	0.0232119
7897.71	0.0230056
7895.78	0.0228072
7893.85	0.0228857
7891.92	0.0229599
7889.99	0.0230024
7888.06	0.0229111
7886.14	0.0227261
7884.21	0.0228474
7882.28	0.0231453
7880.35	0.0231366
7878.42	0.0229227
7876.5	0.02291
7874.57	0.0229945
7872.64	0.0229963
7870.71	0.0229236
7868.78	0.0226796
7866.86	0.0226843
7864.93	0.0229055
7863	0.023186
7861.07	0.0231262
7859.14	0.0229926
7857.22	0.0227496
7855.29	0.0226703
7853.36	0.0228844
7851.43	0.022937
7849.5	0.0229732
7847.58	0.0232967
7845.65	0.0232318
7843.72	0.0230078
7841.79	0.0230348
7839.86	0.0230398
7837.94	0.0228894
7836.01	0.0229127
7834.08	0.0229369
7832.15	0.0228091
7830.22	0.0227543
7828.3	0.0227965
7826.37	0.022757
7824.44	0.0228755
7822.51	0.0229003
7820.58	0.0228417
7818.66	0.0230159
7816.73	0.0229582
7814.8	0.0227189
7812.87	0.0226825
7810.94	0.0228166
7809.02	0.0227286
7807.09	0.0227708
7805.16	0.0230454
7803.23	0.0230429
7801.3	0.02265
7799.38	0.0224216
7797.45	0.0222817
7795.52	0.0223286
7793.59	0.0227286
7791.66	0.0230525
7789.74	0.0229334
7787.81	0.0228094
7785.88	0.0226792
7783.95	0.0225939
7782.02	0.0226371
7780.09	0.0226348
7778.17	0.022642
7776.24	0.0226727
7774.31	0.0228428
7772.38	0.0227009
7770.46	0.0226531
7768.53	0.0227017
7766.6	0.0227722
7764.67	0.0228394
7762.74	0.0227915
7760.81	0.0226805
7758.89	0.0226645
7756.96	0.0226991
7755.03	0.0227812
7753.1	0.022657
7751.17	0.0226221
7749.25	0.0227343
7747.32	0.0225768
7745.39	0.0226163
7743.46	0.0227084
7741.53	0.0225259
7739.61	0.0225864
7737.68	0.022856
7735.75	0.022709
7733.82	0.0224907
7731.89	0.0225758
7729.97	0.022605
7728.04	0.0225746
7726.11	0.0226262
7724.18	0.0227141
7722.25	0.0226773
7720.33	0.0227352
7718.4	0.0227937
7716.47	0.0225484
7714.54	0.0224242
7712.61	0.0224849
7710.69	0.0224553
7708.76	0.022588
7706.83	0.0228697
7704.9	0.0228701
7702.97	0.0226605
7701.05	0.0223407
7699.12	0.0223729
7697.19	0.0223171
7695.26	0.0221577
7693.33	0.0220392
7691.41	0.022162
7689.48	0.0222144
7687.55	0.0220679
7685.62	0.0222595
7683.69	0.0224687
7681.77	0.0225339
7679.84	0.0224845
7677.91	0.0224351
7675.98	0.0224819
7674.05	0.0224285
7672.12	0.0222102
7670.2	0.022182
7668.27	0.022289
7666.34	0.0223058
7664.41	0.0223009
7662.48	0.0224531
7660.56	0.0224865
7658.63	0.022504
7656.7	0.0222535
7654.77	0.0222917
7652.84	0.0225783
7650.92	0.0224048
7648.99	0.0223165
7647.06	0.0223158
7645.13	0.0221086
7643.2	0.0220499
7641.28	0.0221383
7639.35	0.022185
7637.42	0.0221247
7635.49	0.0221613
7633.56	0.0221406
7631.64	0.022098
7629.71	0.0221014
7627.78	0.0219388
7625.85	0.0219289
7623.92	0.0222372
7622	0.0222736
7620.07	0.022306
7618.14	0.0221672
7616.21	0.0219505
7614.28	0.0221358
7612.36	0.0221414
7610.43	0.0221095
7608.5	0.0221301
7606.57	0.0219831
7604.64	0.0219655
7602.72	0.0220335
7600.79	0.0220616
7598.86	0.0218321
7596.93	0.021852
7595	0.0220737
7593.08	0.0222109
7591.15	0.0222178
7589.22	0.0223721
7587.29	0.0223918
7585.36	0.0221068
7583.44	0.0221253
7581.51	0.0224104
7579.58	0.0223277
7577.65	0.0218932
7575.72	0.0218075
7573.8	0.0220959
7571.87	0.022171
7569.94	0.0220953
7568.01	0.0220958
7566.08	0.02188
7564.16	0.0218518
7562.23	0.0218643
7560.3	0.0219598
7558.37	0.0221389
7556.44	0.0219785
7554.52	0.0217754
7552.59	0.0218555
7550.66	0.0219074
7548.73	0.0218565
7546.8	0.0219433
7544.88	0.021997
7542.95	0.0216659
7541.02	0.0215138
7539.09	0.0215924
7537.16	0.021603
7535.23	0.0217297
7533.31	0.0218377
7531.38	0.0219815
7529.45	0.021958
7527.52	0.0219279
7525.59	0.0220039
7523.67	0.0220211
7521.74	0.0220453
7519.81	0.0219264
7517.88	0.0217614
7515.95	0.0217332
7514.03	0.0216797
7512.1	0.0215986
7510.17	0.0217021
7508.24	0.0219458
7506.31	0.0220898
7504.39	0.0220313
7502.46	0.0220659
7500.53	0.0221496
7498.6	0.0221412
7496.67	0.0219462
7494.75	0.0216835
7492.82	0.0216745
7490.89	0.0218917
7488.96	0.0218102
7487.03	0.0215738
7485.11	0.0216257
7483.18	0.0216508
7481.25	0.0216218
7479.32	0.0217851
7477.39	0.0219388
7475.47	0.0218684
7473.54	0.0216154
7471.61	0.0215554
7469.68	0.0217324
7467.75	0.0217545
7465.83	0.0216161
7463.9	0.0215475
7461.97	0.0215308
7460.04	0.0215686
7458.11	0.0215692
7456.19	0.0213677
7454.26	0.02125
7452.33	0.0213403
7450.4	0.021465
7448.47	0.02147
7446.54	0.0213045
7444.62	0.0213281
7442.69	0.0214627
7440.76	0.0213303
7438.83	0.0213521
7436.91	0.0213353
7434.98	0.0213638
7433.05	0.0214494
7431.12	0.0214804
7429.19	0.0215168
7427.26	0.0216295
7425.34	0.0217549
7423.41	0.0216556
7421.48	0.021453
7419.55	0.0212094
7417.62	0.021004
7415.7	0.0212572
7413.77	0.0215498
7411.84	0.0214498
7409.91	0.0213507
7407.98	0.0214349
7406.06	0.0214347
7404.13	0.0213756
7402.2	0.0213014
7400.27	0.0212986
7398.34	0.0211893
7396.42	0.0210475
7394.49	0.0212755
7392.56	0.0215391
7390.63	0.0215525
7388.7	0.0215572
7386.78	0.0214905
7384.85	0.0212697
7382.92	0.0211357
7380.99	0.021171
7379.06	0.0211772
7377.14	0.0211537
7375.21	0.0212329
7373.28	0.0213036
7371.35	0.0212671
7369.42	0.0211472
7367.5	0.021352
7365.57	0.0213343
7363.64	0.0213813
7361.71	0.0213172
7359.78	0.0211316
7357.86	0.021234
7355.93	0.0214124
7354	0.0213813
7352.07	0.021168
7350.14	0.0210483
7348.22	0.0210919
7346.29	0.0213156
7344.36	0.0212499
7342.43	0.0210315
7340.5	0.0210534
7338.58	0.0212766
7336.65	0.0211229
7334.72	0.020935
7332.79	0.0210051
7330.86	0.0210453
7328.94	0.0211194
7327.01	0.0211274
7325.08	0.0210471
7323.15	0.0210275
7321.22	0.0209274
7319.29	0.0210232
7317.37	0.0210388
7315.44	0.0210834
7313.51	0.0209366
7311.58	0.0207361
7309.65	0.0209424
7307.73	0.0211218
7305.8	0.0211186
7303.87	0.0211406
7301.94	0.0211356
7300.01	0.0211182
7298.09	0.021021
7296.16	0.0209863
7294.23	0.0209543
7292.3	0.0208718
7290.37	0.0209442
7288.45	0.0209982
7286.52	0.0209236
7284.59	0.020923
7282.66	0.021011
7280.73	0.0208951
7278.81	0.0208739
7276.88	0.0210155
7274.95	0.0208646
7273.02	0.0208331
7271.09	0.020942
7269.17	0.0210183
7267.24	0.0210463
7265.31	0.020816
7263.38	0.0206344
7261.45	0.0207248
7259.53	0.020878
7257.6	0.0210239
7255.67	0.0209742
7253.74	0.0206103
7251.81	0.0204892
7249.89	0.0206778
7247.96	0.0206914
7246.03	0.0206387
7244.1	0.0207966
7242.17	0.0209314
7240.25	0.0207937
7238.32	0.0207865
7236.39	0.0209489
7234.46	0.0208887
7232.53	0.0206481
7230.61	0.0206431
7228.68	0.0208173
7226.75	0.0207855
7224.82	0.0207376
7222.89	0.0207232
7220.97	0.0206842
7219.04	0.0205507
7217.11	0.0204819
7215.18	0.0205569
7213.25	0.0204974
7211.33	0.0203469
7209.4	0.0203883
7207.47	0.0204941
7205.54	0.0204578
7203.61	0.0204888
7201.69	0.020427
7199.76	0.0203434
7197.83	0.0205345
7195.9	0.020679
7193.97	0.0206503
7192.04	0.0206014
7190.12	0.0206301
7188.19	0.0208289
7186.26	0.0208491
7184.33	0.0207371
7182.4	0.0205748
7180.48	0.0205189
7178.55	0.0204652
7176.62	0.0204772
7174.69	0.0204769
7172.76	0.0204434
7170.84	0.0203206
7168.91	0.0202998
7166.98	0.0204245
7165.05	0.0203608
7163.12	0.0204787
7161.2	0.0204622
7159.27	0.0202857
7157.34	0.0203396
7155.41	0.0202949
7153.48	0.0201414
7151.56	0.0202547
7149.63	0.0204046
7147.7	0.0203488
7145.77	0.0203227
7143.84	0.0205172
7141.92	0.0205215
7139.99	0.0204598
7138.06	0.0204876
7136.13	0.0204291
7134.2	0.0201405
7132.28	0.0202104
7130.35	0.0203185
7128.42	0.0202825
7126.49	0.0202441
7124.56	0.0201054
7122.64	0.02019
7120.71	0.0203049
7118.78	0.0200778
7116.85	0.0200487
7114.92	0.0200873
7113	0.0200852
7111.07	0.0202229
7109.14	0.0201959
7107.21	0.020179
7105.28	0.0202392
7103.36	0.0203538
7101.43	0.0204439
7099.5	0.020356
7097.57	0.0202339
7095.64	0.020082
7093.71	0.0200891
7091.79	0.0202578
7089.86	0.0203075
7087.93	0.0201999
7086	0.0199066
7084.08	0.0197694
7082.15	0.0198916
7080.22	0.0199719
7078.29	0.0200304
7076.36	0.0201804
7074.43	0.0200825
7072.51	0.0198831
7070.58	0.0199586
7068.65	0.0202911
7066.72	0.0203623
7064.79	0.0201233
7062.87	0.0201148
7060.94	0.0201605
7059.01	0.0201105
7057.08	0.020103
7055.15	0.0200514
7053.23	0.0199267
7051.3	0.0197932
7049.37	0.0199304
7047.44	0.020156
7045.51	0.020222
7043.59	0.0201334
7041.66	0.0197649
7039.73	0.0198445
7037.8	0.0202134
7035.87	0.019943
7033.95	0.019774
7032.02	0.0198311
7030.09	0.0198076
7028.16	0.0196227
7026.23	0.019787
7024.31	0.0198403
7022.38	0.0197665
7020.45	0.0197863
7018.52	0.019681
7016.59	0.0195919
7014.67	0.0197332
7012.74	0.0198503
7010.81	0.0197653
7008.88	0.0195362
7006.95	0.0194907
7005.03	0.0197596
7003.1	0.0198878
7001.17	0.0198933
6999.24	0.0198683
6997.31	0.0198861
6995.39	0.0198336
6993.46	0.0196558
6991.53	0.019662
6989.6	0.0197968
6987.67	0.0199319
6985.75	0.019889
6983.82	0.0198537
6981.89	0.0198592
6979.96	0.0198707
6978.03	0.0199191
6976.1	0.0198968
6974.18	0.0195958
6972.25	0.0193815
6970.32	0.0195353
6968.39	0.0196131
6966.46	0.0195828
6964.54	0.0195978
6962.61	0.0195718
6960.68	0.0195653
6958.75	0.0195168
6956.82	0.0196305
6954.9	0.0196919
6952.97	0.0195127
6951.04	0.0194755
6949.11	0.0195214
6947.18	0.0195006
6945.26	0.0195648
6943.33	0.0195137
6941.4	0.0193464
6939.47	0.0192675
6937.54	0.0193951
6935.62	0.0195312
6933.69	0.0196581
6931.76	0.0197144
6929.83	0.0196685
6927.9	0.0196067
6925.98	0.0196846
6924.05	0.0195269
6922.12	0.0193149
6920.19	0.0192713
6918.26	0.0192991
6916.34	0.0192681
6914.41	0.0193554
6912.48	0.0194449
6910.55	0.019481
6908.62	0.0192565
6906.7	0.0192975
6904.77	0.0194334
6902.84	0.019297
6900.91	0.0192963
6898.98	0.0193605
6897.06	0.0193875
6895.13	0.0193555
6893.2	0.0193473
6891.27	0.0193612
6889.34	0.0194073
6887.42	0.0193797
6885.49	0.019348
6883.56	0.0194061
6881.63	0.0193566
6879.7	0.0193544
6877.78	0.0195366
6875.85	0.0194421
6873.92	0.0191889
6871.99	0.0192202
6870.06	0.0192612
6868.14	0.0193218
6866.21	0.019261
6864.28	0.0191168
6862.35	0.019137
6860.42	0.0191965
6858.5	0.0191543
6856.57	0.0191399
6854.64	0.0191981
6852.71	0.0192178
6850.78	0.0191548
6848.85	0.0193208
6846.93	0.0193186
6845	0.0192456
6843.07	0.0192127
6841.14	0.0192189
6839.21	0.0192356
6837.29	0.0192273
6835.36	0.0190607
6833.43	0.0190885
6831.5	0.0191966
6829.57	0.0192921
6827.65	0.0192566
6825.72	0.0191579
6823.79	0.0190572
6821.86	0.019089
6819.93	0.0191396
6818.01	0.0190473
6816.08	0.0190124
6814.15	0.0190991
6812.22	0.0191944
6810.29	0.0190123
6808.37	0.018855
6806.44	0.0189637
6804.51	0.0188726
6802.58	0.0187981
6800.65	0.0188962
6798.73	0.0189319
6796.8	0.0189575
6794.87	0.0190336
6792.94	0.0190252
6791.01	0.0190109
6789.09	0.0190059
6787.16	0.0189861
6785.23	0.0189428
6783.3	0.0189316
6781.37	0.0188999
6779.45	0.0189578
6777.52	0.0190655
6775.59	0.0190317
6773.66	0.0189736
6771.73	0.0190785
6769.81	0.0190016
6767.88	0.0189281
6765.95	0.018884
6764.02	0.0188329
6762.09	0.0189913
6760.17	0.0189556
6758.24	0.0188907
6756.31	0.0188379
6754.38	0.0187414
6752.45	0.0187941
6750.53	0.0188795
6748.6	0.0189142
6746.67	0.0188455
6744.74	0.0186351
6742.81	0.0185846
6740.88	0.0187527
6738.96	0.0188095
6737.03	0.0187842
6735.1	0.0187874
6733.17	0.018723
6731.25	0.0187422
6729.32	0.01883
6727.39	0.0187712
6725.46	0.0186359
6723.53	0.0185311
6721.6	0.0184946
6719.68	0.0185459
6717.75	0.0185809
6715.82	0.0186178
6713.89	0.0187811
6711.96	0.0188418
6710.04	0.0187298
6708.11	0.0185904
6706.18	0.0185734
6704.25	0.0186198
6702.32	0.0184962
6700.4	0.0185296
6698.47	0.0186105
6696.54	0.0185606
6694.61	0.0185439
6692.68	0.0185752
6690.76	0.0186203
6688.83	0.0186852
6686.9	0.018478
6684.97	0.0183192
6683.04	0.0183922
6681.12	0.0185679
6679.19	0.0186058
6677.26	0.0184395
6675.33	0.0184608
6673.4	0.0185537
6671.48	0.0185457
6669.55	0.0184497
6667.62	0.0183191
6665.69	0.0184419
6663.76	0.0185629
6661.84	0.0184775
6659.91	0.0185387
6657.98	0.0186488
6656.05	0.0186268
6654.12	0.0184728
6652.2	0.0183269
6650.27	0.0181658
6648.34	0.0181757
6646.41	0.0184002
6644.48	0.0184776
6642.56	0.0184035
6640.63	0.0184169
6638.7	0.0183794
6636.77	0.0182102
6634.84	0.0180555
6632.92	0.0180658
6630.99	0.0181846
6629.06	0.0183484
6627.13	0.0182885
6625.2	0.018218
6623.27	0.0182058
6621.35	0.0181872
6619.42	0.0181982
6617.49	0.0182444
6615.56	0.0182721
6613.63	0.0181755
6611.71	0.0182258
6609.78	0.0183002
6607.85	0.0183051
6605.92	0.0181902
6603.99	0.0182717
6602.07	0.0183004
6600.14	0.0181366
6598.21	0.0181064
6596.28	0.018216
6594.35	0.0182595
6592.43	0.0182895
6590.5	0.0181968
6588.57	0.0179753
6586.64	0.0179718
6584.71	0.0181011
6582.79	0.0181286
6580.86	0.0181398
6578.93	0.0181071
6577	0.0180503
6575.07	0.018135
6573.15	0.0182664
6571.22	0.0181804
6569.29	0.018103
6567.36	0.0181028
6565.43	0.0182476
6563.51	0.0183108
6561.58	0.0181379
6559.65	0.0179882
6557.72	0.0180735
6555.79	0.018176
6553.87	0.0180327
6551.94	0.017953
6550.01	0.0180009
6548.08	0.0179781
6546.15	0.0179809
6544.23	0.0180803
6542.3	0.0180812
6540.37	0.0179912
6538.44	0.0179519
6536.51	0.0180545
6534.59	0.0180946
6532.66	0.0179891
6530.73	0.0178244
6528.8	0.0179182
6526.87	0.0180214
6524.95	0.0179648
6523.02	0.0179389
6521.09	0.0180096
6519.16	0.0179624
6517.23	0.0178565
6515.31	0.0179265
6513.38	0.017803
6511.45	0.0176953
6509.52	0.0178254
6507.59	0.0178853
6505.67	0.0177988
6503.74	0.0178095
6501.81	0.0178502
6499.88	0.0177203
6497.95	0.0176883
6496.02	0.0178741
6494.1	0.0179811
6492.17	0.0178811
6490.24	0.0179094
6488.31	0.0179186
6486.38	0.0179313
6484.46	0.0179172
6482.53	0.0178488
6480.6	0.0178877
6478.67	0.0178664
6476.74	0.0176688
6474.82	0.0174989
6472.89	0.0175718
6470.96	0.0177113
6469.03	0.0177792
6467.1	0.0177601
6465.18	0.0177233
6463.25	0.0177092
6461.32	0.017677
6459.39	0.0176163
6457.46	0.0175346
6455.54	0.0175354
6453.61	0.0175337
6451.68	0.017483
6449.75	0.0175032
6447.82	0.0175567
6445.9	0.0176043
6443.97	0.0176542
6442.04	0.0176255
6440.11	0.0176616
6438.18	0.0176543
6436.26	0.0176686
6434.33	0.0176722
6432.4	0.017523
6430.47	0.0173723
6428.54	0.0173362
6426.62	0.017396
6424.69	0.0174577
6422.76	0.0174647
6420.83	0.0174339
6418.9	0.0174216
6416.98	0.0174788
6415.05	0.0174871
6413.12	0.0174567
6411.19	0.0173603
6409.26	0.0172224
6407.34	0.0173217
6405.41	0.0174251
6403.48	0.017431
6401.55	0.0174171
6399.62	0.0173513
6397.7	0.0172804
6395.77	0.0172134
6393.84	0.0172196
6391.91	0.0173163
6389.98	0.0173575
6388.06	0.017381
6386.13	0.0173684
6384.2	0.0173041
6382.27	0.0172768
6380.34	0.0172593
6378.42	0.0174306
6376.49	0.0173909
6374.56	0.0173349
6372.63	0.0173543
6370.7	0.0172823
6368.77	0.0171821
6366.85	0.0171333
6364.92	0.0170996
6362.99	0.0171407
6361.06	0.0171687
6359.13	0.0171455
6357.21	0.0170635
6355.28	0.017101
6353.35	0.0171204
6351.42	0.0171287
6349.49	0.0170649
6347.57	0.0170192
6345.64	0.0170178
6343.71	0.0171066
6341.78	0.0170414
6339.85	0.0170376
6337.93	0.0170859
6336	0.0170754
6334.07	0.0170544
6332.14	0.0169746
6330.21	0.0169869
6328.29	0.0171044
6326.36	0.0171447
6324.43	0.017039
6322.5	0.0170445
6320.57	0.0170687
6318.65	0.0171107
6316.72	0.0172121
6314.79	0.0172813
6312.86	0.0171421
6310.93	0.0170848
6309.01	0.0171449
6307.08	0.0172202
6305.15	0.0172326
6303.22	0.0170981
6301.29	0.0171057
6299.37	0.0169941
6297.44	0.0169719
6295.51	0.017043
6293.58	0.0169979
6291.65	0.01696
6289.73	0.0169326
6287.8	0.0169876
6285.87	0.0169734
6283.94	0.0169343
6282.01	0.0169276
6280.08	0.0168946
6278.16	0.0170088
6276.23	0.0170037
6274.3	0.0169618
6272.37	0.0169594
6270.45	0.0168784
6268.52	0.0167575
6266.59	0.0167083
6264.66	0.0167148
6262.73	0.0167253
6260.8	0.0168399
6258.88	0.0169109
6256.95	0.0169301
6255.02	0.0168478
6253.09	0.0167371
6251.17	0.0167337
6249.24	0.016787
6247.31	0.0168
6245.38	0.0167501
6243.45	0.016704
6241.52	0.0167218
6239.6	0.0167627
6237.67	0.0167965
6235.74	0.0168144
6233.81	0.0168289
6231.88	0.0167765
6229.96	0.0167575
6228.03	0.0166429
6226.1	0.0165577
6224.17	0.0165697
6222.24	0.0167066
6220.32	0.0168668
6218.39	0.0167367
6216.46	0.0165601
6214.53	0.0165652
6212.6	0.0164968
6210.68	0.0165309
6208.75	0.0166889
6206.82	0.0167109
6204.89	0.0166566
6202.96	0.0165749
6201.04	0.0163936
6199.11	0.0164143
6197.18	0.0165434
6195.25	0.0165104
6193.32	0.0164375
6191.4	0.0165057
6189.47	0.0166001
6187.54	0.0166222
6185.61	0.016603
6183.68	0.016591
6181.76	0.0165669
6179.83	0.016432
6177.9	0.0164135
6175.97	0.0164061
6174.04	0.0163837
6172.12	0.0164053
6170.19	0.0164072
6168.26	0.0164879
6166.33	0.0165529
6164.4	0.0165481
6162.48	0.0164586
6160.55	0.016345
6158.62	0.0163814
6156.69	0.0164742
6154.76	0.0165418
6152.83	0.0163969
6150.91	0.0163172
6148.98	0.0162897
6147.05	0.0163264
6145.12	0.0163258
6143.19	0.0162858
6141.27	0.0163462
6139.34	0.0164048
6137.41	0.0164188
6135.48	0.0163562
6133.55	0.0163461
6131.63	0.0162834
6129.7	0.0162605
6127.77	0.0162512
6125.84	0.0162016
6123.91	0.0161493
6121.99	0.0162822
6120.06	0.0162721
6118.13	0.0162635
6116.2	0.0162806
6114.27	0.0162092
6112.35	0.016161
6110.42	0.0161673
6108.49	0.0162625
6106.56	0.0162656
6104.63	0.0162564
6102.71	0.0162367
6100.78	0.0161749
6098.85	0.0160755
6096.92	0.0161125
6094.99	0.0162286
6093.07	0.0162097
6091.14	0.0160347
6089.21	0.0160641
6087.28	0.0161603
6085.35	0.0160354
6083.43	0.016073
6081.5	0.0161221
6079.57	0.0160295
6077.64	0.0160111
6075.71	0.0159864
6073.79	0.0159191
6071.86	0.015862
6069.93	0.0159205
6068	0.0159386
6066.07	0.0158744
6064.15	0.0159174
6062.22	0.0159176
6060.29	0.0159965
6058.36	0.0160683
6056.43	0.0160389
6054.51	0.0160031
6052.58	0.0159802
6050.65	0.015888
6048.72	0.0157892
6046.79	0.015876
6044.87	0.0160153
6042.94	0.0159986
6041.01	0.0158833
6039.08	0.0157999
6037.15	0.0158536
6035.23	0.0159265
6033.3	0.0158747
6031.37	0.015927
6029.44	0.0159666
6027.51	0.0158769
6025.58	0.0158283
6023.66	0.0157599
6021.73	0.0156932
6019.8	0.0157366
6017.87	0.0158048
6015.94	0.0157878
6014.02	0.0157482
6012.09	0.0158263
6010.16	0.0158789
6008.23	0.0157866
6006.3	0.0157262
6004.38	0.0157723
6002.45	0.015844
6000.52	0.0158572
5998.59	0.0157851
5996.66	0.0157553
5994.74	0.0158656
5992.81	0.0159017
5990.88	0.0158035
5988.95	0.0156947
5987.02	0.0156326
5985.1	0.0157544
5983.17	0.0158343
5981.24	0.0157506
5979.31	0.0155665
5977.38	0.0155479
5975.46	0.0156635
5973.53	0.0156536
5971.6	0.015684
5969.67	0.0157161
5967.74	0.0156828
5965.82	0.0156269
5963.89	0.0156264
5961.96	0.0156857
5960.03	0.0156474
5958.1	0.015644
5956.18	0.0155107
5954.25	0.0155187
5952.32	0.0156549
5950.39	0.0155765
5948.46	0.0154986
5946.54	0.0155804
5944.61	0.0155578
5942.68	0.0156251
5940.75	0.0156824
5938.82	0.0154837
5936.9	0.0154482
5934.97	0.0155099
5933.04	0.0156204
5931.11	0.0155802
5929.18	0.0155126
5927.25	0.0154057
5925.33	0.0153986
5923.4	0.0153944
5921.47	0.0154139
5919.54	0.0155013
5917.62	0.0154711
5915.69	0.0154611
5913.76	0.0154986
5911.83	0.0153785
5909.9	0.015281
5907.97	0.0153417
5906.05	0.0153553
5904.12	0.0153994
5902.19	0.0155117
5900.26	0.0154251
5898.33	0.0153432
5896.41	0.0154305
5894.48	0.0155226
5892.55	0.0153966
5890.62	0.0153443
5888.69	0.0153627
5886.77	0.015346
5884.84	0.015341
5882.91	0.0153443
5880.98	0.0153574
5879.05	0.0153515
5877.13	0.0152338
5875.2	0.0152362
5873.27	0.0153018
5871.34	0.0152509
5869.41	0.0151945
5867.49	0.0150967
5865.56	0.0152002
5863.63	0.015258
5861.7	0.0151675
5859.77	0.0151087
5857.85	0.0151869
5855.92	0.0153236
5853.99	0.0152804
5852.06	0.0151239
5850.13	0.0149466
5848.21	0.0148952
5846.28	0.0149183
5844.35	0.0149342
5842.42	0.0149666
5840.49	0.015012
5838.57	0.0149917
5836.64	0.0150324
5834.71	0.0151047
5832.78	0.0151383
5830.85	0.0151334
5828.93	0.0150704
5827	0.0151658
5825.07	0.0151973
5823.14	0.0151858
5821.21	0.0151915
5819.29	0.0151321
5817.36	0.0150091
5815.43	0.0149226
5813.5	0.0150364
5811.57	0.0150842
5809.65	0.0149994
5807.72	0.0149234
5805.79	0.0148444
5803.86	0.0148862
5801.93	0.0149116
5800	0.0148526
5798.08	0.0149346
5796.15	0.015008
5794.22	0.0150812
5792.29	0.0149364
5790.36	0.0147658
5788.44	0.0147619
5786.51	0.0148545
5784.58	0.014966
5782.65	0.0149017
5780.72	0.0149316
5778.8	0.0149103
5776.87	0.0148187
5774.94	0.0148723
5773.01	0.0149561
5771.08	0.0148584
5769.16	0.0148057
5767.23	0.0148694
5765.3	0.0149016
5763.37	0.0147889
5761.44	0.0146873
5759.52	0.0147974
5757.59	0.0149136
5755.66	0.014883
5753.73	0.0147495
5751.8	0.0146604
5749.88	0.0146354
5747.95	0.0146647
5746.02	0.0146373
5744.09	0.0146452
5742.16	0.0147042
5740.24	0.014697
5738.31	0.0146348
5736.38	0.0146138
5734.45	0.0146871
5732.52	0.0147892
5730.6	0.0147128
5728.67	0.0146252
5726.74	0.0146732
5724.81	0.0147153
5722.88	0.0147082
5720.96	0.0146659
5719.03	0.0146268
5717.1	0.0145798
5715.17	0.0145978
5713.24	0.0146188
5711.32	0.0146635
5709.39	0.0146387
5707.46	0.0146127
5705.53	0.0145354
5703.6	0.0144354
5701.68	0.0145276
5699.75	0.0146085
5697.82	0.0146178
5695.89	0.0145534
5693.96	0.0145592
5692.03	0.0145843
5690.11	0.0145751
5688.18	0.0144704
5686.25	0.0144971
5684.32	0.0145272
5682.4	0.0144686
5680.47	0.0144621
5678.54	0.014501
5676.61	0.0145129
5674.68	0.0145759
5672.75	0.0145828
5670.83	0.0145079
5668.9	0.0143998
5666.97	0.0143055
5665.04	0.0143591
5663.11	0.0144476
5661.19	0.0144769
5659.26	0.014441
5657.33	0.0144089
5655.4	0.0144697
5653.47	0.0145111
5651.55	0.0145676
5649.62	0.0146045
5647.69	0.0144944
5645.76	0.0143865
5643.83	0.0144137
5641.91	0.0142832
5639.98	0.0142463
5638.05	0.0143251
5636.12	0.0143233
5634.19	0.0143468
5632.27	0.0143694
5630.34	0.0142455
5628.41	0.0141967
5626.48	0.0142763
5624.55	0.0142804
5622.63	0.0142482
5620.7	0.0143011
5618.77	0.0142864
5616.84	0.0141935
5614.91	0.0141025
5612.99	0.0141112
5611.06	0.0141417
5609.13	0.0141777
5607.2	0.0141839
5605.27	0.0141418
5603.35	0.0141938
5601.42	0.0142539
5599.49	0.0142561
5597.56	0.0142341
5595.63	0.0141377
5593.71	0.014097
5591.78	0.0141207
5589.85	0.0141678
5587.92	0.0141431
5585.99	0.0141048
5584.07	0.014137
5582.14	0.0141234
5580.21	0.0140682
5578.28	0.0141011
5576.35	0.0141574
5574.43	0.0141404
5572.5	0.014065
5570.57	0.0140728
5568.64	0.014021
5566.71	0.0139545
5564.79	0.014026
5562.86	0.0140473
5560.93	0.0140236
5559	0.0140419
5557.07	0.0140813
5555.14	0.0141027
5553.22	0.0140411
5551.29	0.0139943
5549.36	0.0140254
5547.43	0.0141139
5545.5	0.0140726
5543.58	0.014025
5541.65	0.0140174
5539.72	0.0140004
5537.79	0.0139552
5535.86	0.0139519
5533.94	0.0139093
5532.01	0.0139814
5530.08	0.0140377
5528.15	0.0139325
5526.22	0.0138959
5524.3	0.013901
5522.37	0.0139664
5520.44	0.0139759
5518.51	0.0139085
5516.58	0.0138748
5514.66	0.0139439
5512.73	0.0139771
5510.8	0.0139049
5508.87	0.0138289
5506.94	0.0137751
5505.02	0.0137847
5503.09	0.0138592
5501.16	0.0139959
5499.23	0.014012
5497.3	0.0138778
5495.38	0.0138375
5493.45	0.0137498
5491.52	0.0136675
5489.59	0.013708
5487.66	0.0138096
5485.74	0.0137934
5483.81	0.0137326
5481.88	0.0136909
5479.95	0.0136727
5478.02	0.0136522
5476.1	0.0137531
5474.17	0.0137792
5472.24	0.0136975
5470.31	0.0137208
5468.38	0.0137517
5466.46	0.0137032
5464.53	0.0135949
5462.6	0.0135687
5460.67	0.0136203
5458.74	0.0136154
5456.82	0.0135697
5454.89	0.0135862
5452.96	0.0136106
5451.03	0.0135958
5449.1	0.0135735
5447.17	0.013565
5445.25	0.0135316
5443.32	0.0136088
5441.39	0.0137043
5439.46	0.0136551
5437.54	0.0135743
5435.61	0.0136171
5433.68	0.0136227
5431.75	0.0134802
5429.82	0.0134295
5427.89	0.0135322
5425.97	0.0134983
5424.04	0.0134123
5422.11	0.0134502
5420.18	0.0134472
5418.25	0.0134252
5416.33	0.013433
5414.4	0.0134256
5412.47	0.0134756
5410.54	0.0135066
5408.61	0.0135007
5406.69	0.0134371
5404.76	0.0133964
5402.83	0.013403
5400.9	0.0134646
5398.97	0.0134769
5397.05	0.0133989
5395.12	0.0133413
5393.19	0.0133253
5391.26	0.0132746
5389.33	0.0133481
5387.41	0.0133648
5385.48	0.0133043
5383.55	0.0133881
5381.62	0.0134513
5379.69	0.0134906
5377.77	0.0134356
5375.84	0.0133846
5373.91	0.0134173
5371.98	0.0133642
5370.05	0.0132357
5368.13	0.0132749
5366.2	0.0133359
5364.27	0.0133038
5362.34	0.0133202
5360.41	0.0133809
5358.49	0.013313
5356.56	0.0132368
5354.63	0.0131671
5352.7	0.0131915
5350.77	0.0131953
5348.85	0.0131677
5346.92	0.0132128
5344.99	0.0132723
5343.06	0.0132528
5341.13	0.0132229
5339.21	0.0131862
5337.28	0.0131158
5335.35	0.013138
5333.42	0.0131693
5331.49	0.0132003
5329.56	0.0131646
5327.64	0.0131253
5325.71	0.0131301
5323.78	0.0131173
5321.85	0.0131634
5319.92	0.0132549
5318	0.0132141
5316.07	0.0131136
5314.14	0.0131436
5312.21	0.0131871
5310.28	0.0131602
5308.36	0.013111
5306.43	0.0130886
5304.5	0.0131126
5302.57	0.0130202
5300.64	0.0129411
5298.72	0.012915
5296.79	0.0130371
5294.86	0.0131543
5292.93	0.0131205
5291	0.0130433
5289.08	0.0130604
5287.15	0.0130457
5285.22	0.0129505
5283.29	0.0129176
5281.36	0.0129976
5279.44	0.0130786
5277.51	0.0130725
5275.58	0.0130348
5273.65	0.0129124
5271.72	0.0128711
5269.8	0.0128289
5267.87	0.0128631
5265.94	0.0129427
5264.01	0.0129609
5262.08	0.0128529
5260.16	0.0128648
5258.23	0.0129613
5256.3	0.0130138
5254.37	0.0130632
5252.44	0.0131094
5250.52	0.0130189
5248.59	0.0128858
5246.66	0.0129403
5244.73	0.0129107
5242.8	0.0128222
5240.88	0.0127915
5238.95	0.0128481
5237.02	0.0128316
5235.09	0.0127401
5233.16	0.0126843
5231.24	0.0127246
5229.31	0.0127342
5227.38	0.0126844
5225.45	0.0126846
5223.52	0.0127354
5221.6	0.0126525
5219.67	0.012607
5217.74	0.0127029
5215.81	0.0128226
5213.88	0.0127775
5211.96	0.0126709
5210.03	0.0126834
5208.1	0.0126617
5206.17	0.0127121
5204.24	0.0127468
5202.31	0.0127481
5200.39	0.0126525
5198.46	0.0126963
5196.53	0.012697
5194.6	0.0125981
5192.67	0.0125472
5190.75	0.0126117
5188.82	0.0126544
5186.89	0.0127687
5184.96	0.0128783
5183.03	0.0127896
5181.11	0.0126657
5179.18	0.0126188
5177.25	0.0125656
5175.32	0.0125843
5173.39	0.0126271
5171.47	0.0125744
5169.54	0.0125221
5167.61	0.0125724
5165.68	0.0125896
5163.75	0.012607
5161.83	0.0126586
5159.9	0.0126797
5157.97	0.0125635
5156.04	0.0124779
5154.11	0.0124943
5152.19	0.0125091
5150.26	0.0126591
5148.33	0.0127589
5146.4	0.0126933
5144.47	0.0126118
5142.55	0.0123934
5140.62	0.0123784
5138.69	0.012491
5136.76	0.0124352
5134.83	0.0124083
5132.91	0.0124447
5130.98	0.0124411
5129.05	0.0124563
5127.12	0.0124487
5125.19	0.0123071
5123.27	0.0122804
5121.34	0.0122961
5119.41	0.0122845
5117.48	0.0122818
5115.55	0.0123743
5113.62	0.0124261
5111.7	0.0123535
5109.77	0.0123187
5107.84	0.0123353
5105.91	0.0122893
5103.99	0.0122748
5102.06	0.0123107
5100.13	0.0123545
5098.2	0.0124543
5096.27	0.0124178
5094.34	0.0123394
5092.42	0.012304
5090.49	0.0123085
5088.56	0.0123104
5086.63	0.0122943
5084.71	0.0122247
5082.78	0.0122154
5080.85	0.0122415
5078.92	0.0122674
5076.99	0.0122712
5075.06	0.012263
5073.14	0.0123858
5071.21	0.0123118
5069.28	0.0121462
5067.35	0.0121953
5065.42	0.0122843
5063.5	0.0122929
5061.57	0.0122802
5059.64	0.0122552
5057.71	0.0123013
5055.78	0.0123457
5053.86	0.0122616
5051.93	0.0122114
5050	0.0122162
5048.07	0.0121693
5046.14	0.0121269
5044.22	0.0121069
5042.29	0.0121449
5040.36	0.012143
5038.43	0.0121072
5036.5	0.0121343
5034.58	0.0122168
5032.65	0.012176
5030.72	0.0120387
5028.79	0.012062
5026.86	0.0121435
5024.94	0.0120515
5023.01	0.0120112
5021.08	0.0121377
5019.15	0.0121382
5017.22	0.0120711
5015.3	0.0120824
5013.37	0.0120925
5011.44	0.0120924
5009.51	0.012142
5007.58	0.0121636
5005.66	0.0120501
5003.73	0.0119823
5001.8	0.0120211
4999.87	0.0120116
4997.94	0.0119826
4996.02	0.0120114
4994.09	0.0120519
4992.16	0.0119695
4990.23	0.0118983
4988.3	0.011918
4986.38	0.011906
4984.45	0.011907
4982.52	0.0118984
4980.59	0.0118567
4978.66	0.0118089
4976.73	0.0118213
4974.81	0.0118847
4972.88	0.0118329
4970.95	0.0117337
4969.02	0.0117603
4967.09	0.0118438
4965.17	0.011877
4963.24	0.0118557
4961.31	0.0118461
4959.38	0.0118053
4957.45	0.0118346
4955.53	0.0118701
4953.6	0.0118541
4951.67	0.0118385
4949.74	0.0118322
4947.81	0.0118604
4945.89	0.01179
4943.96	0.0118032
4942.03	0.0118512
4940.1	0.0118803
4938.17	0.0118887
4936.25	0.0118229
4934.32	0.0117078
4932.39	0.0117472
4930.46	0.0118485
4928.53	0.0118525
4926.61	0.0118084
4924.68	0.0117264
4922.75	0.0117156
4920.82	0.0117082
4918.89	0.0116753
4916.97	0.0117064
4915.04	0.0117581
4913.11	0.0116221
4911.18	0.0115685
4909.25	0.01167
4907.33	0.0115984
4905.4	0.0116831
4903.47	0.0118198
4901.54	0.0117753
4899.61	0.0117408
4897.69	0.0117466
4895.76	0.011703
4893.83	0.0115723
4891.9	0.0115392
4889.97	0.0116455
4888.05	0.0116495
4886.12	0.0116526
4884.19	0.0116693
4882.26	0.0116221
4880.33	0.011612
4878.41	0.011555
4876.48	0.0115943
4874.55	0.0116789
4872.62	0.0116132
4870.69	0.0114607
4868.77	0.0114288
4866.84	0.0114357
4864.91	0.0114938
4862.98	0.0115239
4861.05	0.0115832
4859.12	0.0115718
4857.2	0.0115042
4855.27	0.011469
4853.34	0.0115046
4851.41	0.0114356
4849.48	0.0113848
4847.56	0.0114824
4845.63	0.0115276
4843.7	0.0114721
4841.77	0.0114599
4839.84	0.0114358
4837.92	0.0113532
4835.99	0.0113811
4834.06	0.0114506
4832.13	0.0114603
4830.2	0.0113803
4828.28	0.0114091
4826.35	0.0115156
4824.42	0.0114812
4822.49	0.0114179
4820.56	0.0114683
4818.64	0.0114385
4816.71	0.0113602
4814.78	0.0113317
4812.85	0.0113261
4810.92	0.0113682
4809	0.0114102
4807.07	0.0112604
4805.14	0.0112784
4803.21	0.0112989
4801.28	0.0112241
4799.36	0.0112866
4797.43	0.0113831
4795.5	0.0112958
4793.57	0.0111997
4791.64	0.0112304
4789.72	0.0112745
4787.79	0.0112442
4785.86	0.0112607
4783.93	0.011306
4782	0.011298
4780.08	0.011318
4778.15	0.0113782
4776.22	0.011295
4774.29	0.011188
4772.36	0.0110947
4770.44	0.0110567
4768.51	0.0111442
4766.58	0.0112424
4764.65	0.0111749
4762.72	0.0110401
4760.79	0.0110877
4758.87	0.0112172
4756.94	0.0111669
4755.01	0.0111177
4753.08	0.0109846
4751.16	0.0109489
4749.23	0.0110953
4747.3	0.0111241
4745.37	0.0110726
4743.44	0.0110393
4741.51	0.0111011
4739.59	0.0111234
4737.66	0.0109828
4735.73	0.0110311
4733.8	0.0111766
4731.88	0.011254
4729.95	0.0112495
4728.02	0.0111949
4726.09	0.0111806
4724.16	0.011231
4722.23	0.0111925
4720.31	0.0110862
4718.38	0.0111799
4716.45	0.0112786
4714.52	0.0111406
4712.59	0.0111167
4710.67	0.0109842
4708.74	0.0109577
4706.81	0.011089
4704.88	0.0110943
4702.95	0.0110449
4701.03	0.0109427
4699.1	0.0109282
4697.17	0.0110087
4695.24	0.0110268
4693.31	0.0109854
4691.39	0.0109053
4689.46	0.0108875
4687.53	0.0109432
4685.6	0.0109325
4683.67	0.0108876
4681.75	0.0109162
4679.82	0.0109315
4677.89	0.0109948
4675.96	0.0109831
4674.03	0.0109173
4672.11	0.0108856
4670.18	0.0109382
4668.25	0.0109434
4666.32	0.0108177
4664.39	0.0108443
4662.47	0.010943
4660.54	0.0109039
4658.61	0.010846
4656.68	0.0108416
4654.75	0.0108608
4652.83	0.0108195
4650.9	0.0108078
4648.97	0.0107751
4647.04	0.0108456
4645.11	0.0108613
4643.19	0.0107746
4641.26	0.0107276
4639.33	0.0107427
4637.4	0.0107343
4635.47	0.0107132
4633.54	0.0108095
4631.62	0.010811
4629.69	0.0108012
4627.76	0.0108273
4625.83	0.0107322
4623.9	0.0106987
4621.98	0.0106706
4620.05	0.0106723
4618.12	0.010674
4616.19	0.0107674
4614.26	0.0106912
4612.34	0.0106184
4610.41	0.0106828
4608.48	0.0107434
4606.55	0.0107528
4604.62	0.0107088
4602.7	0.0107719
4600.77	0.0107395
4598.84	0.0106453
4596.91	0.0106918
4594.98	0.0107773
4593.06	0.0106992
4591.13	0.010655
4589.2	0.0106859
4587.27	0.0106831
4585.34	0.010664
4583.42	0.0105818
4581.49	0.010542
4579.56	0.0105226
4577.63	0.0106202
4575.7	0.0106286
4573.78	0.0105798
4571.85	0.0105438
4569.92	0.0105794
4567.99	0.0106175
4566.06	0.0105737
4564.14	0.0105762
4562.21	0.0105891
4560.28	0.0105119
4558.35	0.0104891
4556.42	0.0105545
4554.5	0.0106423
4552.57	0.0105988
4550.64	0.0104976
4548.71	0.0105599
4546.78	0.0105666
4544.86	0.0105729
4542.93	0.0105269
4541	0.0104339
4539.07	0.0104722
4537.14	0.0105666
4535.22	0.0104953
4533.29	0.0103322
4531.36	0.010317
4529.43	0.0104756
4527.5	0.0105826
4525.58	0.0104996
4523.65	0.0103848
4521.72	0.0102852
4519.79	0.0103652
4517.86	0.0105039
4515.94	0.0104916
4514.01	0.0104013
4512.08	0.0103863
4510.15	0.0103415
4508.22	0.0103554
4506.29	0.01038
4504.37	0.0104177
4502.44	0.0103996
4500.51	0.0103279
4498.58	0.0103217
4496.65	0.010306
4494.73	0.0102638
4492.8	0.0102108
4490.87	0.0102938
4488.94	0.0104256
4487.01	0.0105307
4485.09	0.0104273
4483.16	0.0102863
4481.23	0.0102497
4479.3	0.0102344
4477.37	0.0103975
4475.45	0.0104542
4473.52	0.0103077
4471.59	0.0102631
4469.66	0.0103348
4467.73	0.0103822
4465.81	0.0102652
4463.88	0.0102917
4461.95	0.0103911
4460.02	0.0103991
4458.09	0.0104339
4456.17	0.0103732
4454.24	0.0102674
4452.31	0.0102788
4450.38	0.0102547
4448.45	0.0102398
4446.53	0.0103313
4444.6	0.0102958
4442.67	0.0101987
4440.74	0.010195
4438.81	0.0101434
4436.89	0.0101386
4434.96	0.0101825
4433.03	0.0102599
4431.1	0.0102973
4429.17	0.0102728
4427.25	0.0102139
4425.32	0.0101594
4423.39	0.0101149
4421.46	0.0101531
4419.53	0.0101823
4417.61	0.0101206
4415.68	0.0100807
4413.75	0.0101007
4411.82	0.0101795
4409.89	0.0102142
4407.96	0.0102035
4406.04	0.01018
4404.11	0.0100623
4402.18	0.0100087
4400.25	0.0100201
4398.33	0.0100166
4396.4	0.0101289
4394.47	0.0100998
4392.54	0.0100214
4390.61	0.0100717
4388.68	0.0101935
4386.76	0.0101839
4384.83	0.0101526
4382.9	0.0101467
4380.97	0.0100983
4379.04	0.0100054
4377.12	0.0100017
4375.19	0.0100301
4373.26	0.0101049
4371.33	0.0101528
4369.4	0.0100623
4367.48	0.0100309
4365.55	0.0100644
4363.62	0.0100062
4361.69	0.00991483
4359.76	0.009903
4357.84	0.00994391
4355.91	0.00998314
4353.98	0.00993805
4352.05	0.0098734
4350.12	0.00986995
4348.2	0.00986944
4346.27	0.00993466
4344.34	0.00992222
4342.41	0.00982812
4340.48	0.00991042
4338.56	0.0100291
4336.63	0.00998182
4334.7	0.00988015
4332.77	0.0099152
4330.84	0.00997097
4328.92	0.00980565
4326.99	0.00969203
4325.06	0.00982056
4323.13	0.00988184
4321.2	0.00987103
4319.28	0.0097965
4317.35	0.00976214
4315.42	0.00976292
4313.49	0.00973496
4311.56	0.00977857
4309.64	0.00978603
4307.71	0.0096696
4305.78	0.00967065
4303.85	0.0098068
4301.92	0.00988371
4300	0.00993639
4298.07	0.00995463
4296.14	0.009819
4294.21	0.00974763
4292.28	0.00982666
4290.35	0.00981477
4288.43	0.00978823
4286.5	0.00977685
4284.57	0.00975766
4282.64	0.00972276
4280.71	0.00972883
4278.79	0.00977352
4276.86	0.0097559
4274.93	0.00968851
4273	0.00968908
4271.07	0.00972408
4269.15	0.00973123
4267.22	0.00974479
4265.29	0.00966974
4263.36	0.00959954
4261.43	0.00963538
4259.51	0.00963596
4257.58	0.00963684
4255.65	0.0096694
4253.72	0.00958809
4251.79	0.00952205
4249.87	0.00956872
4247.94	0.00965395
4246.01	0.00976051
4244.08	0.00977945
4242.15	0.00979284
4240.23	0.00979403
4238.3	0.00961214
4236.37	0.00958508
4234.44	0.00969654
4232.51	0.0096693
4230.59	0.0096594
4228.66	0.00964782
4226.73	0.0096158
4224.8	0.00956618
4222.87	0.00952936
4220.95	0.00953644
4219.02	0.00960818
4217.09	0.00966171
4215.16	0.00956137
4213.23	0.00947907
4211.31	0.00957963
4209.38	0.00961499
4207.45	0.00946833
4205.52	0.00941862
4203.59	0.00946915
4201.67	0.00941551
4199.74	0.00938917
4197.81	0.00949265
4195.88	0.00960239
4193.95	0.00953461
4192.03	0.00945662
4190.1	0.00940931
4188.17	0.00948422
4186.24	0.00944991
4184.31	0.00938564
4182.39	0.00947633
4180.46	0.0094747
4178.53	0.00947216
4176.6	0.00942086
4174.67	0.00939834
4172.75	0.00942316
4170.82	0.00944229
4168.89	0.00941202
4166.96	0.00942421
4165.03	0.00948679
4163.1	0.00949278
4161.18	0.00944653
4159.25	0.0094449
4157.32	0.00941537
4155.39	0.00947947
4153.46	0.00948621
4151.54	0.00948249
4149.61	0.00939272
4147.68	0.00930097
4145.75	0.00935301
4143.82	0.00941365
4141.9	0.00945621
4139.97	0.00948344
4138.04	0.0094853
4136.11	0.00939489
4134.18	0.00931851
4132.26	0.00930548
4130.33	0.00925518
4128.4	0.00930558
4126.47	0.00935091
4124.54	0.00937291
4122.62	0.00932518
4120.69	0.00926157
4118.76	0.00927836
4116.83	0.00928188
4114.9	0.00940024
4112.98	0.0093762
4111.05	0.00924147
4109.12	0.00925101
4107.19	0.00932711
4105.26	0.00940623
4103.34	0.00936117
4101.41	0.00927464
4099.48	0.00923917
4097.55	0.00921761
4095.62	0.00922373
4093.7	0.00922285
4091.77	0.00931377
4089.84	0.00933872
4087.91	0.00923223
4085.98	0.0091708
4084.06	0.00915199
4082.13	0.00910559
4080.2	0.00908181
4078.27	0.00917046
4076.34	0.00921673
4074.42	0.00917662
4072.49	0.00920898
4070.56	0.00922634
4068.63	0.00919117
4066.7	0.00923006
4064.78	0.0091685
4062.85	0.00912854
4060.92	0.00908292
4058.99	0.00911483
4057.06	0.00922989
4055.14	0.00916332
4053.21	0.00910668
4051.28	0.00902169
4049.35	0.00903495
4047.42	0.00913175
4045.5	0.00909264
4043.57	0.00903624
4041.64	0.00898022
4039.71	0.00904263
4037.78	0.00918847
4035.85	0.00907277
4033.93	0.00900582
4032	0.00895475
4030.07	0.00898478
4028.14	0.00913635
4026.21	0.00910735
4024.29	0.00898154
4022.36	0.0089355
4020.43	0.00895945
4018.5	0.00904781
4016.57	0.00898847
4014.65	0.00893232
4012.72	0.00902017
4010.79	0.0090764
4008.86	0.00913612
4006.93	0.00913158
4005.01	0.00895654
4003.08	0.00886918
4001.15	0.00892637
3999.22	0.00899896
3997.29	0.0089445
3995.37	0.00895224
3993.44	0.00889096
3991.51	0.00893361
3989.58	0.00902061
3987.65	0.00900809
3985.73	0.0089995
3983.8	0.00906567
3981.87	0.00905146
3979.94	0.00895573
3978.01	0.00888788
3976.09	0.00884503
3974.16	0.00882769
3972.23	0.00887043
3970.3	0.00888071
3968.37	0.00884513
3966.45	0.00889224
3964.52	0.00891784
3962.59	0.00883668
3960.66	0.00883516
3958.73	0.00880675
3956.81	0.00887746
3954.88	0.00900653
3952.95	0.00896141
3951.02	0.00886546
3949.09	0.00883009
3947.17	0.00882129
3945.24	0.00880452
3943.31	0.00882271
3941.38	0.00879871
3939.45	0.00886299
3937.53	0.00898191
3935.6	0.00891852
3933.67	0.00875161
3931.74	0.00873095
3929.81	0.00877754
3927.88	0.00875901
3925.96	0.00870749
3924.03	0.00876889
3922.1	0.0088007
3920.17	0.00878559
3918.24	0.00881014
3916.32	0.00876598
3914.39	0.00877845
3912.46	0.00882826
3910.53	0.00881189
3908.6	0.00874968
3906.68	0.00881913
3904.75	0.00881649
3902.82	0.00866997
3900.89	0.00868231
3898.96	0.00875479
3897.04	0.00884013
3895.11	0.00882008
3893.18	0.0088026
3891.25	0.00876294
3889.32	0.00864053
3887.4	0.00862978
3885.47	0.00871341
3883.54	0.00874414
3881.61	0.00871165
3879.68	0.00869826
3877.76	0.00866987
3875.83	0.00868065
3873.9	0.00869211
3871.97	0.00871145
3870.04	0.00881162
3868.12	0.00884229
3866.19	0.00878677
3864.26	0.00870949
3862.33	0.00869198
3860.4	0.00874292
3858.48	0.00860687
3856.55	0.00850005
3854.62	0.0085431
3852.69	0.00866466
3850.76	0.00877653
3848.84	0.00871091
3846.91	0.00861508
3844.98	0.00861559
3843.05	0.00862894
3841.12	0.0086746
3839.2	0.00867142
3837.27	0.00869079
3835.34	0.0086531
3833.41	0.00863593
3831.48	0.00867061
3829.56	0.00858791
3827.63	0.00845818
3825.7	0.00848957
3823.77	0.0085925
3821.84	0.0086936
3819.92	0.00864638
3817.99	0.00851018
3816.06	0.00854431
3814.13	0.00854384
3812.2	0.00848812
3810.27	0.00854016
3808.35	0.00856929
3806.42	0.00849859
3804.49	0.00840585
3802.56	0.00840703
3800.64	0.00840508
3798.71	0.00846261
3796.78	0.00849312
3794.85	0.00849701
3792.92	0.00844889
3790.99	0.0084718
3789.07	0.00850687
3787.14	0.00852829
3785.21	0.00846389
3783.28	0.00839889
3781.35	0.00845126
3779.43	0.00853137
3777.5	0.00851924
3775.57	0.00842055
3773.64	0.00844758
3771.71	0.00842548
3769.79	0.00839788
3767.86	0.00844426
3765.93	0.00851535
3764	0.00848761
3762.07	0.00838157
3760.15	0.00840254
3758.22	0.0084816
3756.29	0.00848548
3754.36	0.00832546
3752.43	0.00831114
3750.51	0.0083436
3748.58	0.0083561
3746.65	0.00820973
3744.72	0.00819244
3742.79	0.00831209
3740.87	0.00839845
3738.94	0.00843964
3737.01	0.00834741
3735.08	0.00822705
3733.15	0.00824377
3731.23	0.00837464
3729.3	0.00837197
3727.37	0.00833438
3725.44	0.00837883
3723.51	0.00848349
3721.59	0.00847217
3719.66	0.00843447
3717.73	0.00841616
3715.8	0.00841041
3713.87	0.00833826
3711.95	0.00836903
3710.02	0.00857645
3708.09	0.00864002
3706.16	0.00870442
3704.23	0.00871983
3702.31	0.00865354
3700.38	0.00852867
3698.45	0.00853488
3696.52	0.00857838
3694.59	0.00848386
3692.67	0.00831894
3690.74	0.00826318
3688.81	0.00843433
3686.88	0.00863262
3684.95	0.00861058
3683.02	0.00853049
3681.1	0.00853012
3679.17	0.0084993
3677.24	0.00829145
3675.31	0.00815074
3673.38	0.0082441
3671.46	0.00833644
3669.53	0.00840501
3667.6	0.00836859
3665.67	0.00827706
3663.74	0.00820358
3661.82	0.00812998
3659.89	0.00819399
3657.96	0.0083385
3656.03	0.0085066
3654.1	0.00852573
3652.18	0.00839008
3650.25	0.00833451
3648.32	0.00827254
3646.39	0.00822637
3644.46	0.0081471
3642.54	0.00807114
3640.61	0.0081186
3638.68	0.00816914
3636.75	0.00816877
3634.82	0.00820807
3632.9	0.00825623
3630.97	0.00826872
3629.04	0.00829739
3627.11	0.00828875
3625.18	0.00820763
3623.26	0.0083462
3621.33	0.00846626
3619.4	0.00845214
3617.47	0.00844301
3615.54	0.00835897
3613.62	0.00820061
3611.69	0.00822908
3609.76	0.00826909
3607.83	0.00833816
3605.9	0.00836211
3603.98	0.00826609
3602.05	0.00816337
3600.12	0.00815928
3598.19	0.00819298
3596.26	0.00813261
3594.34	0.00811212
3592.41	0.00812002
3590.48	0.00809558
3588.55	0.0081025
3586.62	0.00812556
3584.7	0.00818835
3582.77	0.00816192
3580.84	0.00806918
3578.91	0.00807181
3576.98	0.00806331
3575.05	0.008028
3573.13	0.00810226
3571.2	0.00821999
3569.27	0.00809072
3567.34	0.00810486
3565.42	0.0080918
3563.49	0.00797326
3561.56	0.00798635
3559.63	0.00806091
3557.7	0.0081083
3555.77	0.00817198
3553.85	0.00823276
3551.92	0.00821388
3549.99	0.00824647
3548.06	0.00816205
3546.13	0.00809882
3544.21	0.00820973
3542.28	0.00827281
3540.35	0.0081688
3538.42	0.00803495
3536.49	0.00813288
3534.57	0.00821925
3532.64	0.0082723
3530.71	0.00828885
3528.78	0.00835336
3526.85	0.00847825
3524.93	0.00837731
3523	0.0082415
3521.07	0.00825683
3519.14	0.00821601
3517.21	0.00815624
3515.29	0.00817961
3513.36	0.00816675
3511.43	0.00812215
3509.5	0.00819062
3507.57	0.00826339
3505.65	0.0082206
3503.72	0.00810749
3501.79	0.00806145
3499.86	0.00793209
3497.93	0.00791839
3496.01	0.00801383
3494.08	0.00789349
3492.15	0.00794049
3490.22	0.00805784
3488.29	0.00810061
3486.37	0.00802398
3484.44	0.00799914
3482.51	0.00812464
3480.58	0.00825092
3478.65	0.0082079
3476.73	0.00812802
3474.8	0.00811431
3472.87	0.00802966
3470.94	0.00811202
3469.01	0.00809696
3467.09	0.00804704
3465.16	0.00804876
3463.23	0.00811209
3461.3	0.00812367
3459.37	0.0080976
3457.44	0.00816627
3455.52	0.00828355
3453.59	0.00827483
3451.66	0.00820824
3449.73	0.00817265
3447.81	0.00819653
3445.88	0.0082384
3443.95	0.0081944
3442.02	0.00823853
3440.09	0.00823728
3438.16	0.00811958
3436.24	0.00808032
3434.31	0.00804292
3432.38	0.00802071
3430.45	0.00820233
3428.52	0.00824907
3426.6	0.0080999
3424.67	0.00802321
3422.74	0.00805821
3420.81	0.00804798
3418.88	0.00806101
3416.96	0.0079714
3415.03	0.00797127
3413.1	0.00800593
3411.17	0.00799145
3409.24	0.00788205
3407.32	0.00785172
3405.39	0.00787179
3403.46	0.00788994
3401.53	0.00797943
3399.6	0.00813251
3397.68	0.00824562
3395.75	0.00807586
3393.82	0.00797346
3391.89	0.0080114
3389.96	0.00805872
3388.04	0.0080867
3386.11	0.00814818
3384.18	0.00810203
3382.25	0.00795895
3380.32	0.00788751
3378.4	0.00792517
3376.47	0.00791795
3374.54	0.00796357
3372.61	0.00808694
3370.68	0.00810361
3368.76	0.00801582
3366.83	0.00812073
3364.9	0.00814656
3362.97	0.00810088
3361.04	0.00807519
3359.12	0.0080497
3357.19	0.00802898
3355.26	0.00799941
3353.33	0.00804491
3351.4	0.00805156
3349.48	0.00793185
3347.55	0.00782375
3345.62	0.00774987
3343.69	0.00777419
3341.76	0.00780131
3339.83	0.0077325
3337.91	0.00768724
3335.98	0.00782375
3334.05	0.00787074
3332.12	0.00788988
3330.19	0.00797154
3328.27	0.00795615
3326.34	0.00794498
3324.41	0.00781511
3322.48	0.00780432
3320.55	0.00780462
3318.63	0.00775932
3316.7	0.00775392
3314.77	0.00776508
3312.84	0.00775254
3310.91	0.00778225
3308.99	0.007825
3307.06	0.00780425
3305.13	0.00768731
3303.2	0.00762741
3301.27	0.00768828
3299.35	0.00771752
3297.42	0.00783819
3295.49	0.0078167
3293.56	0.00770774
3291.63	0.0076667
3289.71	0.00768022
3287.78	0.0077183
3285.85	0.00767985
3283.92	0.00758692
3281.99	0.00748314
3280.07	0.00742105
3278.14	0.0075448
3276.21	0.00776724
3274.28	0.00777335
3272.35	0.00764808
3270.43	0.00769746
3268.5	0.00776758
3266.57	0.00783154
3264.64	0.00788491
3262.71	0.00778768
3260.79	0.00759197
3258.86	0.00763085
3256.93	0.00779335
3255	0.00768049
3253.07	0.007698
3251.15	0.0077971
3249.22	0.00768882
3247.29	0.00750202
3245.36	0.00764566
3243.43	0.00792962
3241.51	0.007892
3239.58	0.00756628
3237.65	0.00751476
3235.72	0.00760738
3233.79	0.00773476
3231.87	0.0077832
3229.94	0.00755289
3228.01	0.00755101
3226.08	0.00771476
3224.15	0.00774016
3222.22	0.00762374
3220.3	0.00750597
3218.37	0.00748473
3216.44	0.00753344
3214.51	0.00752316
3212.58	0.00752184
3210.66	0.00761612
3208.73	0.00756132
3206.8	0.00755731
3204.87	0.00759497
3202.94	0.00755343
3201.02	0.00748574
3199.09	0.00745618
3197.16	0.00763328
3195.23	0.00784048
3193.3	0.00767796
3191.38	0.00752801
3189.45	0.0076234
3187.52	0.00756992
3185.59	0.00738267
3183.66	0.00732777
3181.74	0.00729697
3179.81	0.00736474
3177.88	0.0073149
3175.95	0.00719499
3174.02	0.00723218
3172.1	0.00732127
3170.17	0.0074402
3168.24	0.00749211
3166.31	0.00737353
3164.38	0.00739861
3162.46	0.00743487
3160.53	0.00741337
3158.6	0.00752886
3156.67	0.00746036
3154.74	0.00735982
3152.82	0.00736972
3150.89	0.00730984
3148.96	0.00736261
3147.03	0.00738354
3145.1	0.00728642
3143.18	0.00710811
3141.25	0.00722146
3139.32	0.00732733
3137.39	0.00734057
3135.46	0.00742648
3133.54	0.00763844
3131.61	0.00761696
3129.68	0.00748021
3127.75	0.00736774
3125.82	0.00735008
3123.9	0.00738135
3121.97	0.00725374
3120.04	0.00730118
3118.11	0.00750782
3116.18	0.00751207
3114.26	0.00732399
3112.33	0.00729124
3110.4	0.00731604
3108.47	0.00735459
3106.54	0.00744384
3104.61	0.00752319
3102.69	0.00753546
3100.76	0.0073678
3098.83	0.00715423
3096.9	0.00718697
3094.98	0.00717562
3093.05	0.00711155
3091.12	0.00718788
3089.19	0.00731244
3087.26	0.00748314
3085.33	0.00734317
3083.41	0.00722699
3081.48	0.00718562
3079.55	0.00715668
3077.62	0.00718468
3075.69	0.00721698
3073.77	0.00717174
3071.84	0.00715729
3069.91	0.00714449
3067.98	0.00709572
3066.05	0.00718535
3064.13	0.00720465
3062.2	0.00702725
3060.27	0.00703864
3058.34	0.00716888
3056.41	0.00712017
3054.49	0.0070454
3052.56	0.00705076
3050.63	0.00712856
3048.7	0.00713028
3046.77	0.00709299
3044.85	0.00716433
3042.92	0.00714907
3040.99	0.00706474
3039.06	0.00704567
3037.13	0.00719084
3035.21	0.00715992
3033.28	0.00718286
3031.35	0.00726948
3029.42	0.00725836
3027.49	0.00715517
3025.57	0.00715143
3023.64	0.00702453
3021.71	0.00704679
3019.78	0.00718128
3017.85	0.00720351
3015.93	0.00730795
3014	0.00729626
3012.07	0.00710539
3010.14	0.0070517
3008.21	0.00719967
3006.29	0.00724481
3004.36	0.00720785
3002.43	0.00713014
3000.5	0.00700075
2998.57	0.00692594
2996.65	0.00703742
2994.72	0.00717393
2992.79	0.00716083
2990.86	0.00727028
2988.93	0.00728592
2987	0.00718282
2985.08	0.00710525
2983.15	0.00703328
2981.22	0.00709848
2979.29	0.00722221
2977.36	0.00725667
2975.44	0.00734324
2973.51	0.00722382
2971.58	0.0071099
2969.65	0.00726985
2967.72	0.00744468
2965.8	0.00749336
2963.87	0.00746693
2961.94	0.00747728
2960.01	0.00749632
2958.08	0.00753321
2956.16	0.00735645
2954.23	0.00705217
2952.3	0.00694237
2950.37	0.00704446
2948.44	0.00714735
2946.52	0.00708989
2944.59	0.00687463
2942.66	0.0067504
2940.73	0.00679597
2938.8	0.00691682
2936.88	0.0069384
2934.95	0.00701985
2933.02	0.00711512
2931.09	0.0070413
2929.16	0.00696573
2927.24	0.00703911
2925.31	0.00701048
2923.38	0.00704005
2921.45	0.00712435
2919.52	0.00702998
2917.6	0.00699361
2915.67	0.00706746
2913.74	0.00713799
2911.81	0.00711047
2909.88	0.00703867
2907.96	0.00700183
2906.03	0.007074
2904.1	0.0070547
2902.17	0.00696432
2900.24	0.00710697
2898.32	0.00705298
2896.39	0.00690867
2894.46	0.00677662
2892.53	0.00677171
2890.6	0.00684023
2888.68	0.0068125
2886.75	0.00669495
2884.82	0.00671574
2882.89	0.0068916
2880.96	0.00706467
2879.04	0.00707265
2877.11	0.00698496
2875.18	0.00680257
2873.25	0.00675804
2871.32	0.0066651
2869.39	0.00679166
2867.47	0.00698621
2865.54	0.00703921
2863.61	0.00702382
2861.68	0.00696796
2859.75	0.00684855
2857.83	0.00698762
2855.9	0.00705547
2853.97	0.00703645
2852.04	0.00707012
2850.11	0.00700119
2848.19	0.00706053
2846.26	0.00707635
2844.33	0.00699412
2842.4	0.00691133
2840.47	0.00685757
2838.55	0.00682387
2836.62	0.00688251
2834.69	0.00680947
2832.76	0.00675734
2830.83	0.00680822
2828.91	0.0067676
2826.98	0.00675175
2825.05	0.00685945
2823.12	0.00690621
2821.19	0.00673997
2819.27	0.00659717
2817.34	0.00680758
2815.41	0.00688204
2813.48	0.00687157
2811.55	0.0067605
2809.63	0.00683498
2807.7	0.00709404
2805.77	0.00697749
2803.84	0.00673001
2801.91	0.00674478
2799.99	0.00690998
2798.06	0.0069454
2796.13	0.00686134
2794.2	0.00685282
2792.27	0.00684481
2790.35	0.00693732
2788.42	0.00709127
2786.49	0.00706921
2784.56	0.00687571
2782.63	0.00674027
2780.71	0.00674872
2778.78	0.00673711
2776.85	0.0069081
2774.92	0.00700432
2772.99	0.00690507
2771.06	0.00686167
2769.14	0.00691365
2767.21	0.00686955
2765.28	0.00685225
2763.35	0.00687184
2761.43	0.00676272
2759.5	0.0068229
2757.57	0.00692951
2755.64	0.00676238
2753.71	0.00653269
2751.78	0.00674559
2749.86	0.00710461
2747.93	0.00701042
2746	0.00670518
2744.07	0.00673401
2742.15	0.00679668
2740.22	0.0068609
2738.29	0.00700038
2736.36	0.00706639
2734.43	0.0068643
2732.5	0.00669333
2730.58	0.00677356
2728.65	0.00695792
2726.72	0.00693096
2724.79	0.00695553
2722.86	0.00689342
2720.94	0.00686026
2719.01	0.0068026
2717.08	0.0066254
2715.15	0.00674549
2713.22	0.00689901
2711.3	0.00691759
2709.37	0.00697207
2707.44	0.0069518
2705.51	0.00691419
2703.58	0.00695052
2701.66	0.00693759
2699.73	0.00675619
2697.8	0.00676868
2695.87	0.00682397
2693.94	0.00683017
2692.02	0.00702587
2690.09	0.00690183
2688.16	0.00688281
2686.23	0.00700927
2684.3	0.00697813
2682.38	0.00705507
2680.45	0.00707706
2678.52	0.00715396
2676.59	0.00695954
2674.66	0.00681876
2672.74	0.00685861
2670.81	0.00684111
2668.88	0.00674845
2666.95	0.00689944
2665.02	0.00689897
2663.1	0.00654648
2661.17	0.00646566
2659.24	0.00683478
2657.31	0.00683979
2655.38	0.0065303
2653.46	0.0067041
2651.53	0.00708258
2649.6	0.00734384
2647.67	0.00736207
2645.74	0.00710609
2643.81	0.00683337
2641.89	0.00659018
2639.96	0.00666587
2638.03	0.00691954
2636.1	0.00696223
2634.17	0.00705979
2632.25	0.00702978
2630.32	0.00681219
2628.39	0.00676575
2626.46	0.00675225
2624.53	0.00666332
2622.61	0.00683478
2620.68	0.00686181
2618.75	0.00659923
2616.82	0.00670046
2614.89	0.00708386
2612.97	0.00708346
2611.04	0.00689978
2609.11	0.00684501
2607.18	0.00694695
2605.25	0.00683084
2603.33	0.00658755
2601.4	0.00675269
2599.47	0.00689763
2597.54	0.0069389
2595.61	0.00715456
2593.69	0.00733427
2591.76	0.00713253
2589.83	0.00696045
2587.9	0.00697166
2585.97	0.00702032
2584.05	0.00722783
2582.12	0.00715338
2580.19	0.00686279
2578.26	0.00698409
2576.33	0.00701793
2574.41	0.00678779
2572.48	0.00659001
2570.55	0.00655112
2568.62	0.00679604
2566.69	0.00703931
2564.77	0.00701325
2562.84	0.00674142
2560.91	0.00687026
2558.98	0.00708511
2557.05	0.00688975
2555.13	0.00660111
2553.2	0.0064142
2551.27	0.00660242
2549.34	0.00685902
2547.41	0.00684673
2545.49	0.00692597
2543.56	0.00715301
2541.63	0.00705426
2539.7	0.00707174
2537.77	0.00721665
2535.85	0.00716548
2533.92	0.0070451
2531.99	0.00695617
2530.06	0.00695594
2528.13	0.00687676
2526.21	0.00664246
2524.28	0.00661978
2522.35	0.00683912
2520.42	0.00695984
2518.49	0.0067919
2516.56	0.00674869
2514.64	0.00680089
2512.71	0.00672749
2510.78	0.00653814
2508.85	0.00667368
2506.92	0.00696947
2505	0.00705106
2503.07	0.00700203
2501.14	0.00665692
2499.21	0.00652142
2497.28	0.00682879
2495.36	0.00671638
2493.43	0.00644726
2491.5	0.00663738
2489.57	0.00696479
2487.64	0.00695011
2485.72	0.00686487
2483.79	0.00691873
2481.86	0.00691732
2479.93	0.0067953
2478	0.00677218
2476.08	0.00692567
2474.15	0.00709464
2472.22	0.00735924
2470.29	0.00717855
2468.36	0.00685652
2466.44	0.00679146
2464.51	0.00693594
2462.58	0.00721203
2460.65	0.00735459
2458.72	0.00733653
2456.8	0.00719718
2454.87	0.00700422
2452.94	0.00719465
2451.01	0.00717002
2449.08	0.00683215
2447.16	0.00694819
2445.23	0.00695062
2443.3	0.00695382
2441.37	0.00693964
2439.44	0.00673836
2437.52	0.006574
2435.59	0.00685649
2433.66	0.00699021
2431.73	0.00700513
2429.8	0.0071417
2427.88	0.00699691
2425.95	0.00699062
2424.02	0.00690813
2422.09	0.00705073
2420.16	0.0071583
2418.24	0.00733343
2416.31	0.00743952
2414.38	0.00732406
2412.45	0.00717777
2410.52	0.00718795
2408.6	0.00714705
2406.67	0.00713533
2404.74	0.00725081
2402.81	0.00720041
2400.88	0.00740818
2398.95	0.00719532
2397.03	0.00736565
2395.1	0.00728103
2393.17	0.00702813
2391.24	0.00728983
2389.31	0.00733687
2387.39	0.00721864
2385.46	0.00746282
2383.53	0.00733805
2381.6	0.00757987
2379.67	0.00772494
2377.75	0.00715022
2375.82	0.00714941
2373.89	0.00700072
2371.96	0.00699695
2370.03	0.00712768
2368.11	0.00715625
2366.18	0.00694355
2364.25	0.00682916
2362.32	0.00732709
2360.39	0.00775527
2358.47	0.00738064
2356.54	0.00738283
2354.61	0.00760418
2352.68	0.00807775
2350.75	0.00813565
2348.83	0.00765925
2346.9	0.00748378
2344.97	0.00812741
2343.04	0.00853059
2341.11	0.00780037
2339.19	0.00709447
2337.26	0.00729326
2335.33	0.00737323
2333.4	0.00773726
2331.47	0.0078531
2329.55	0.00751443
2327.62	0.00764687
2325.69	0.00766434
2323.76	0.00737731
2321.83	0.00710192
2319.91	0.00702608
2317.98	0.00731365
2316.05	0.00750094
2314.12	0.00758165
2312.19	0.00762306
2310.27	0.00782793
2308.34	0.00793313
2306.41	0.00777794
2304.48	0.00780907
2302.55	0.00781272
2300.63	0.00741256
2298.7	0.00739618
2296.77	0.00748129
2294.84	0.00766953
2292.91	0.00734263
2290.98	0.0070057
2289.06	0.00739301
2287.13	0.00763817
2285.2	0.00796833
2283.27	0.00807364
2281.35	0.00773183
2279.42	0.00738651
2277.49	0.00742436
2275.56	0.00759636
2273.63	0.00732561
2271.7	0.00664084
2269.78	0.0070872
2267.85	0.00768454
2265.92	0.00771108
2263.99	0.00808086
2262.06	0.00772312
2260.14	0.00701298
2258.21	0.00696213
2256.28	0.00675333
2254.35	0.00701705
2252.42	0.00720984
2250.5	0.00714338
2248.57	0.00716561
2246.64	0.00716692
2244.71	0.00744822
2242.78	0.0079081
2240.86	0.00821898
2238.93	0.00777342
2237	0.00714129
2235.07	0.00711074
2233.14	0.00746983
2231.22	0.00789966
2229.29	0.00759737
2227.36	0.00768289
2225.43	0.00796789
2223.5	0.00770943
2221.58	0.00739052
2219.65	0.00727554
2217.72	0.00779595
2215.79	0.00761976
2213.86	0.00728858
2211.94	0.00779969
2210.01	0.00791542
2208.08	0.00713365
2206.15	0.00731948
2204.22	0.00704039
2202.3	0.00692217
2200.37	0.00729545
2198.44	0.00771729
2196.51	0.00832566
2194.58	0.00820014
2192.66	0.00790408
2190.73	0.00804505
2188.8	0.00779399
2186.87	0.00697611
2184.94	0.00701634
2183.02	0.00767951
2181.09	0.00721203
2179.16	0.00700776
2177.23	0.00732073
2175.3	0.00742894
2173.38	0.00711111
2171.45	0.00742527
2169.52	0.0074617
2167.59	0.00725603
2165.66	0.00713381
2163.73	0.00683306
2161.81	0.00634376
2159.88	0.0063834
2157.95	0.00718764
2156.02	0.00803583
2154.09	0.00776009
2152.17	0.0071997
2150.24	0.00750897
2148.31	0.0074971
2146.38	0.00779305
2144.45	0.00789258
2142.53	0.00688877
2140.6	0.00580628
2138.67	0.00639662
2136.74	0.00739477
2134.81	0.00691981
2132.89	0.00735048
2130.96	0.00886837
2129.03	0.00937891
2127.1	0.00819963
2125.17	0.0072378
2123.25	0.00727187
2121.32	0.0070837
2119.39	0.00672177
2117.46	0.00681569
2115.53	0.00709427
2113.61	0.00725408
2111.68	0.00753651
2109.75	0.00802473
2107.82	0.00820277
2105.89	0.0078169
2103.97	0.00765058
2102.04	0.00787007
2100.11	0.00760907
2098.18	0.00777999
2096.25	0.00781309
2094.33	0.00668778
2092.4	0.00564812
2090.47	0.00692075
2088.54	0.00720523
2086.61	0.00761585
2084.69	0.0075857
2082.76	0.00736686
2080.83	0.00571949
2078.9	0.00371175
2076.97	0.00514177
2075.05	0.00690473
2073.12	0.00673028
2071.19	0.00643169
2069.26	0.00635052
2067.33	0.00569649
2065.41	0.00454631
2063.48	0.00592689
2061.55	0.0064246
2059.62	0.00654369
2057.69	0.00763861
2055.77	0.00674566
2053.84	0.00525253
2051.91	0.00534494
2049.98	0.00638703
2048.05	0.00615482
2046.12	0.00403951
2044.2	0.00322348
2042.27	0.00357987
2040.34	0.00555337
2038.41	0.00730088
2036.48	0.00706423
2034.56	0.00626335
2032.63	0.0059466
2030.7	0.00822776
2028.77	0.00938558
2026.84	0.00741714
2024.92	0.00676952
2022.99	0.00618936
2021.06	0.00531425
2019.13	0.00567208
2017.2	0.0036504
2015.28	0.00334734
2013.35	0.00683841
2011.42	0.00858456
2009.49	0.00854323
2007.56	0.00875648
2005.64	0.00718899
2003.71	0.00658254
2001.78	0.00644864
