nAHf0005.spa, Mon Oct 23 11:03:26 2006 (GMT-10:00)
9999.26	0.00363797
9997.33	0.00340815
9995.4	0.00302565
9993.48	0.00263451
9991.55	0.00303058
9989.62	0.00313263
9987.69	0.00299845
9985.76	0.00310847
9983.84	0.0033788
9981.91	0.00292486
9979.98	0.00283504
9978.05	0.00329022
9976.12	0.00295655
9974.2	0.00296396
9972.27	0.00290304
9970.34	0.00253721
9968.41	0.00204817
9966.48	0.00247469
9964.56	0.0028367
9962.63	0.00258178
9960.7	0.00304296
9958.77	0.00289187
9956.84	0.00193652
9954.92	0.0019297
9952.99	0.0024704
9951.06	0.00300282
9949.13	0.00316494
9947.2	0.00271952
9945.28	0.00286115
9943.35	0.00249772
9941.42	0.00248356
9939.49	0.00333736
9937.56	0.00295879
9935.64	0.00233739
9933.71	0.00324501
9931.78	0.00329219
9929.85	0.00299585
9927.92	0.00315833
9926	0.00378886
9924.07	0.00361465
9922.14	0.00254865
9920.21	0.00280002
9918.28	0.00261721
9916.36	0.00230671
9914.43	0.00389175
9912.5	0.00387346
9910.57	0.00242088
9908.64	0.00267235
9906.71	0.00347017
9904.79	0.00354339
9902.86	0.00299609
9900.93	0.00242821
9899	0.00196059
9897.08	0.0024511
9895.15	0.00382369
9893.22	0.00354362
9891.29	0.00217103
9889.36	0.00138875
9887.43	0.00209444
9885.51	0.00311107
9883.58	0.00303796
9881.65	0.00315162
9879.72	0.00308507
9877.79	0.00259448
9875.87	0.00261441
9873.94	0.00294171
9872.01	0.00253022
9870.08	0.00258364
9868.15	0.00257651
9866.23	0.00289447
9864.3	0.0028914
9862.37	0.00256558
9860.44	0.00243168
9858.51	0.00176489
9856.59	0.00205662
9854.66	0.00234392
9852.73	0.0024721
9850.8	0.00246956
9848.87	0.00229235
9846.95	0.00233469
9845.02	0.0027487
9843.09	0.00295158
9841.16	0.00243428
9839.23	0.00212684
9837.31	0.002164
9835.38	0.00210882
9833.45	0.00197227
9831.52	0.00225488
9829.59	0.00176093
9827.67	0.00167554
9825.74	0.00234768
9823.81	0.00266678
9821.88	0.00281859
9819.95	0.00271926
9818.03	0.00215318
9816.1	0.00193493
9814.17	0.00219434
9812.24	0.00289594
9810.31	0.00247553
9808.39	0.00204514
9806.46	0.0017393
9804.53	0.00162621
9802.6	0.00174722
9800.67	0.00192085
9798.75	0.00190674
9796.82	0.00229139
9794.89	0.00218921
9792.96	0.0024483
9791.03	0.00244127
9789.11	0.0022292
9787.18	0.0018505
9785.25	0.00178861
9783.32	0.00256514
9781.39	0.00289544
9779.46	0.0027644
9777.54	0.00224536
9775.61	0.0017265
9773.68	0.00167241
9771.75	0.00145164
9769.83	0.0017091
9767.9	0.002272
9765.97	0.00207467
9764.04	0.00180551
9762.11	0.00161377
9760.18	0.00189093
9758.26	0.00218112
9756.33	0.0023778
9754.4	0.00215274
9752.47	0.00216803
9750.54	0.00169247
9748.62	0.00111291
9746.69	0.00107979
9744.76	0.00106982
9742.83	0.00145294
9740.9	0.0016319
9738.98	0.00195103
9737.05	0.00258971
9735.12	0.00312218
9733.19	0.00234032
9731.26	0.00149393
9729.34	0.00153762
9727.41	0.00118267
9725.48	0.00080773
9723.55	0.00133327
9721.62	0.00195213
9719.7	0.00240889
9717.77	0.00225685
9715.84	0.00187748
9713.91	0.0017596
9711.98	0.0013452
9710.06	0.000669061
9708.13	0.000610725
9706.2	0.000986094
9704.27	0.00146604
9702.34	0.00278101
9700.42	0.00313413
9698.49	0.00210087
9696.56	0.00112556
9694.63	0.00170384
9692.7	0.00162585
9690.78	0.00122776
9688.85	0.0014045
9686.92	0.00160938
9684.99	0.0014929
9683.06	0.00140663
9681.14	0.00157776
9679.21	0.00172453
9677.28	0.00198082
9675.35	0.002374
9673.42	0.00257498
9671.5	0.00226611
9669.57	0.00173438
9667.64	0.00155075
9665.71	0.00107437
9663.78	0.000371127
9661.86	0.00100662
9659.93	0.000896505
9658	0.000535942
9656.07	0.000587167
9654.14	0.000870475
9652.21	0.0017437
9650.29	0.00198662
9648.36	0.00208891
9646.43	0.00174566
9644.5	0.00122916
9642.57	0.00159389
9640.65	0.00152821
9638.72	0.00163725
9636.79	0.00153027
9634.86	0.00137306
9632.93	0.00178927
9631.01	0.00191389
9629.08	0.00231824
9627.15	0.0023767
9625.22	0.00180754
9623.29	0.00157214
9621.37	0.00119616
9619.44	0.00140969
9617.51	0.00151238
9615.58	0.00152532
9613.65	0.00158956
9611.73	0.00218671
9609.8	0.00161095
9607.87	0.000502735
9605.94	0.000970652
9604.01	0.00152881
9602.09	0.00134803
9600.16	0.00141215
9598.23	0.00114696
9596.3	0.00104504
9594.37	0.000888071
9592.45	0.000434207
9590.52	0.00100579
9588.59	0.00108311
9586.66	0.000976962
9584.73	0.00144004
9582.81	0.00164414
9580.88	0.0014063
9578.95	0.000936914
9577.02	0.00128781
9575.09	0.00144875
9573.17	0.000762852
9571.24	0.00105986
9569.31	0.00167683
9567.38	0.00161593
9565.45	0.00112832
9563.53	0.00170594
9561.6	0.00226867
9559.67	0.00188071
9557.74	0.0011736
9555.81	0.000976729
9553.88	0.00117154
9551.96	0.0015733
9550.03	0.00164361
9548.1	0.00150673
9546.17	0.00156848
9544.25	0.00120314
9542.32	0.000673275
9540.39	0.000762752
9538.46	0.00145171
9536.53	0.00204207
9534.6	0.00192727
9532.68	0.00134477
9530.75	0.00142135
9528.82	0.00173538
9526.89	0.00129083
9524.96	0.00128109
9523.04	0.00152831
9521.11	0.00137851
9519.18	0.000935652
9517.25	0.000738921
9515.32	0.00162352
9513.4	0.00182195
9511.47	0.00144871
9509.54	0.00141614
9507.61	0.000989183
9505.68	0.0013219
9503.76	0.00156073
9501.83	0.000848397
9499.9	0.000899028
9497.97	0.00171742
9496.04	0.00133643
9494.12	0.00118267
9492.19	0.0015066
9490.26	0.00137781
9488.33	0.00112058
9486.4	0.000632592
9484.48	0.000858489
9482.55	0.00143229
9480.62	0.00130525
9478.69	0.000920942
9476.76	0.00119513
9474.84	0.00155884
9472.91	0.00148798
9470.98	0.00140733
9469.05	0.000994264
9467.12	0.000892952
9465.2	0.00134095
9463.27	0.0016017
9461.34	0.00191113
9459.41	0.0019715
9457.48	0.00150454
9455.56	0.00102678
9453.63	0.00079339
9451.7	0.000554852
9449.77	0.00090703
9447.84	0.00140357
9445.92	0.000670587
9443.99	0.000720169
9442.06	0.00112487
9440.13	0.00107218
9438.2	0.0008976
9436.28	0.000550274
9434.35	0.000689072
9432.42	0.000910284
9430.49	0.000766735
9428.56	0.000482202
9426.63	0.000878144
9424.71	0.00131273
9422.78	0.00103834
9420.85	0.000538762
9418.92	0.000664614
9417	0.000688142
9415.07	0.000371658
9413.14	0.000526587
9411.21	0.000768096
9409.28	0.00126252
9407.35	0.00197946
9405.43	0.00154996
9403.5	0.000945049
9401.57	0.000762321
9399.64	0.00047381
9397.71	0.000340254
9395.79	0.000650046
9393.86	0.0008313
9391.93	0.000923167
9390	0.000958332
9388.07	0.000912907
9386.15	0.000945581
9384.22	0.00118842
9382.29	0.00105501
9380.36	0.000952488
9378.43	0.00122623
9376.51	0.00134218
9374.58	0.00138353
9372.65	0.000905436
9370.72	0.000924263
9368.79	0.000990777
9366.87	0.000751202
9364.94	0.00048532
9363.01	0.000466081
9361.08	0.000664083
9359.15	0.000714327
9357.23	0.000698696
9355.3	0.000367778
9353.37	0.000436926
9351.44	0.000557706
9349.51	0.000595794
9347.59	0.000986127
9345.66	0.00104837
9343.73	0.000780577
9341.8	0.000784992
9339.87	0.000825922
9337.95	0.00115217
9336.02	0.00122005
9334.09	0.00120477
9332.16	0.000964741
9330.23	0.000820976
9328.31	0.00121955
9326.38	0.00113075
9324.45	0.000604321
9322.52	0.00020064
9320.59	0.000427374
9318.67	0.000473213
9316.74	0.00115868
9314.81	0.00148771
9312.88	0.00113985
9310.95	0.000695145
9309.03	0.000150753
9307.1	0.000416065
9305.17	0.000791631
9303.24	0.000619153
9301.31	0.000442797
9299.38	0.000423593
9297.46	0.000597486
9295.53	0.000802253
9293.6	0.000734175
9291.67	0.000773274
9289.74	0.000977393
9287.82	0.00105986
9285.89	0.00128445
9283.96	0.00117586
9282.03	0.000933427
9280.1	0.000882693
9278.18	0.000676859
9276.25	0.00011214
9274.32	0.000433013
9272.39	0.000295093
9270.46	0.00020548
9268.54	0.000800792
9266.61	0.000740215
9264.68	0.000307626
9262.75	0.000404026
9260.82	0.000703276
9258.9	0.000693353
9256.97	0.000409531
9255.04	0.00043288
9253.11	0.000866889
9251.18	0.00090278
9249.26	0.000605947
9247.33	0.000418718
9245.4	0.00057529
9243.47	0.000566862
9241.54	0.000333589
9239.62	0.000360748
9237.69	0.000590684
9235.76	0.000816162
9233.83	0.000693452
9231.9	0.000811382
9229.98	0.00109045
9228.05	0.00121287
9226.12	0.000690731
9224.19	4.26787e-05
9222.26	0.000136169
9220.34	0.000621376
9218.41	0.000703176
9216.48	0.000278117
9214.55	0.000561289
9212.62	0.000723089
9210.7	0.000642779
9208.77	0.000636242
9206.84	0.000430956
9204.91	0.000330671
9202.98	0.000411654
9201.05	0.000961487
9199.13	0.000889632
9197.2	0.000422665
9195.27	0.000771449
9193.34	0.00064039
9191.42	0.00029191
9189.49	0.000191855
9187.56	-0.000138014
9185.63	0.000101634
9183.7	0.00093449
9181.77	0.000774005
9179.85	0.00032394
9177.92	0.0005802
9175.99	0.000643277
9174.06	0.000479051
9172.13	0.000155791
9170.21	0.000133087
9168.28	-5.12885e-05
9166.35	-0.000392759
9164.42	-0.000252938
9162.49	4.94057e-05
9160.57	0.000233824
9158.64	0.000129938
9156.71	0.00012437
9154.78	0.000589092
9152.85	0.000648121
9150.93	0.000274569
9149	-0.000226346
9147.07	-0.00014401
9145.14	0.00029191
9143.21	0.000418519
9141.29	0.000312699
9139.36	0.000320392
9137.43	0.000158575
9135.5	5.20208e-06
9133.57	0.000325034
9131.65	0.000931302
9129.72	0.00140739
9127.79	0.00119772
9125.86	0.000584812
9123.93	-2.32595e-05
9122.01	0.000481439
9120.08	0.000832296
9118.15	0.000696605
9116.22	0.000633488
9114.29	0.000225768
9112.37	-1.71962e-05
9110.44	0.000375239
9108.51	0.000773108
9106.58	0.000669525
9104.65	0.000706761
9102.73	0.000911745
9100.8	0.000851385
9098.87	0.00056882
9096.94	0.000355044
9095.01	0.000325133
9093.08	0.00061766
9091.16	0.000619916
9089.23	0.000756114
9087.3	0.00107288
9085.37	0.000439314
9083.45	-0.000183093
9081.52	7.22382e-05
9079.59	0.000487908
9077.66	0.000680078
9075.73	0.000882261
9073.8	0.000918386
9071.88	0.000663021
9069.95	0.000198286
9068.02	0.000211712
9066.09	0.000574394
9064.17	0.000632525
9062.24	0.000868582
9060.31	0.00048678
9058.38	-0.00010383
9056.45	3.43282e-05
9054.52	0.000615603
9052.6	0.000655787
9050.67	0.00051982
9048.74	0.000806037
9046.81	0.000765972
9044.88	0.0006234
9042.96	0.000592377
9041.03	0.00028876
9039.1	0.000178397
9037.17	0.000364097
9035.24	0.000301624
9033.32	0.000491855
9031.39	0.000758902
9029.46	0.000391622
9027.53	0.000157051
9025.6	0.00027384
9023.68	0.000416429
9021.75	0.00011731
9019.82	-0.000178589
9017.89	9.67953e-05
9015.96	0.000336441
9014.04	9.4376e-05
9012.11	0.000545032
9010.18	0.000782867
9008.25	0.00062131
9006.32	0.000511725
9004.4	0.000177966
9002.47	0.000231702
9000.54	0.00022653
8998.61	0.00013418
8996.68	7.21719e-05
8994.76	0.000288494
8992.83	0.00059815
8990.9	0.000657015
8988.97	0.000552032
8987.04	0.000217646
8985.12	0.000234056
8983.19	0.000685421
8981.26	0.00049212
8979.33	3.68798e-05
8977.4	-5.53303e-05
8975.48	-9.72044e-05
8973.55	-0.000259461
8971.62	-0.000322208
8969.69	8.90734e-05
8967.76	0.000285643
8965.83	0.000203888
8963.91	9.03659e-05
8961.98	-4.23432e-05
8960.05	0.00023137
8958.12	0.000325067
8956.2	0.000386415
8954.27	0.000423328
8952.34	0.000177999
8950.41	0.000317175
8948.48	0.000670123
8946.55	0.000382469
8944.63	-0.000107209
8942.7	6.47819e-05
8940.77	0.000514512
8938.84	0.000204319
8936.92	-6.31158e-05
8934.99	6.17331e-05
8933.06	0.000424356
8931.13	0.000750007
8929.2	0.000270856
8927.27	-8.83264e-05
8925.35	4.26787e-05
8923.42	0.000618821
8921.49	0.00088505
8919.56	0.000565967
8917.63	-9.9402e-07
8915.71	-3.41598e-05
8913.78	0.000247118
8911.85	0.000431155
8909.92	0.000206275
8907.99	0.000370597
8906.07	0.000673474
8904.14	0.00088764
8902.21	0.000776195
8900.28	0.000378622
8898.35	0.000286439
8896.43	0.000459547
8894.5	0.000402268
8892.57	4.52635e-05
8890.64	-0.000183391
8888.71	0.000142831
8886.79	0.000447872
8884.86	0.000336275
8882.93	6.62681e-08
8881	-6.75219e-05
8879.07	-4.01566e-05
8877.15	-3.55514e-05
8875.22	2.32276e-05
8873.29	0.000453875
8871.36	0.000790402
8869.43	0.000486813
8867.51	-1.7395e-05
8865.58	-0.000102869
8863.65	-6.29501e-05
8861.72	-4.27739e-05
8859.79	0.000243869
8857.87	0.000338265
8855.94	3.03187e-05
8854.01	0.000217248
8852.08	0.000390362
8850.15	0.00034997
8848.22	0.00021075
8846.3	0.000406082
8844.37	0.000573465
8842.44	0.000415932
8840.51	-2.25637e-05
8838.58	-5.91071e-05
8836.66	-8.6479e-06
8834.73	0.000110118
8832.8	0.000149361
8830.87	0.00026817
8828.94	0.000606478
8827.02	0.000359753
8825.09	5.98111e-05
8823.16	0.000234884
8821.23	0.000564241
8819.3	0.000718808
8817.38	0.000728101
8815.45	0.000653099
8813.52	0.000154498
8811.59	0.000186982
8809.66	0.00040376
8807.74	9.47737e-05
8805.81	-0.000136027
8803.88	0.000127353
8801.95	0.00022842
8800.02	0.000333556
8798.1	0.000189767
8796.17	-3.02172e-05
8794.24	1.27237e-05
8792.31	0.000224607
8790.38	0.000433543
8788.46	0.000620381
8786.53	0.00048207
8784.6	0.000697966
8782.67	0.000784892
8780.74	0.000473512
8778.82	0.000271685
8776.89	8.38041e-05
8774.96	8.45663e-05
8773.03	0.000172729
8771.1	8.98688e-05
8769.18	6.46162e-05
8767.25	0.000373648
8765.32	0.00025829
8763.39	5.09631e-05
8761.46	0.000396298
8759.54	0.00077832
8757.61	0.000521677
8755.68	-0.000102968
8753.75	-1.71962e-05
8751.82	0.000280139
8749.9	0.00018854
8747.97	-9.27654e-05
8746.04	-3.46237e-05
8744.11	1.5739e-05
8742.18	9.79884e-05
8740.25	0.000127983
8738.33	0.000183701
8736.4	0.000336607
8734.47	0.000429862
8732.54	0.000392484
8730.62	7.194e-05
8728.69	7.32987e-05
8726.76	5.0698e-05
8724.83	0.000408337
8722.9	0.000482434
8720.97	9.30835e-05
8719.05	0.000102197
8717.12	5.13581e-06
8715.19	0.000161691
8713.26	0.000269729
8711.33	0.000338099
8709.41	0.000155658
8707.48	0.00010528
8705.55	0.000228022
8703.62	0.000661627
8701.69	0.000797539
8699.77	0.000757375
8697.84	0.000249969
8695.91	-1.37173e-05
8693.98	-3.42261e-05
8692.05	-0.000258898
8690.13	-0.000225717
8688.2	0.000262634
8686.27	0.000256367
8684.34	-4.2542e-05
8682.41	-3.05816e-05
8680.49	2.58122e-05
8678.56	-1.1398e-05
8676.63	-0.000101809
8674.7	-1.49103e-06
8672.77	7.37295e-05
8670.85	-3.79037e-05
8668.92	-5.23818e-05
8666.99	-0.000358528
8665.06	-0.00065814
8663.13	-0.000489015
8661.21	-4.0521e-05
8659.28	-0.000132152
8657.35	-7.77918e-05
8655.42	0.000352723
8653.49	0.00024367
8651.57	0.00030063
8649.64	0.000139351
8647.71	-1.92505e-05
8645.78	0.000311207
8643.85	0.000619949
8641.93	0.000312102
8640	-6.99403e-05
8638.07	-5.91734e-05
8636.14	0.00032331
8634.21	0.000732582
8632.29	0.000593173
8630.36	8.74495e-05
8628.43	-0.000176204
8626.5	-9.79001e-05
8624.57	1.6004e-05
8622.65	0.000394441
8620.72	-7.59035e-05
8618.79	-0.000409013
8616.86	-0.000219159
8614.93	-0.000181537
8613	-0.000262342
8611.08	-0.000297839
8609.15	-0.000349589
8607.22	-0.000211112
8605.29	-7.21268e-05
8603.37	0.00012659
8601.44	4.70529e-05
8599.51	-0.000173091
8597.58	-0.000174681
8595.65	-0.000206873
8593.72	5.44095e-05
8591.8	9.57679e-05
8589.87	-6.38446e-05
8587.94	-8.02764e-05
8586.01	-9.94021e-08
8584.08	5.84855e-05
8582.16	-0.000174316
8580.23	-0.000179251
8578.3	-0.000104426
8576.37	1.93507e-05
8574.44	-3.88645e-05
8572.52	-0.000326546
8570.59	-6.77538e-05
8568.66	0.000174386
8566.73	-0.000270124
8564.8	-0.000333896
8562.88	-5.91734e-05
8560.95	-0.000262707
8559.02	-0.000787577
8557.09	-0.000782087
8555.16	-0.000179053
8553.24	-0.000140399
8551.31	-9.8662e-05
8549.38	0.000112074
8547.45	0.000351993
8545.52	0.000242775
8543.6	-2.75004e-05
8541.67	4.59925e-05
8539.74	0.000246521
8537.81	-0.000105022
8535.88	-0.000440757
8533.96	-0.000481634
8532.03	-0.000437215
8530.1	3.8636e-05
8528.17	-0.000118239
8526.24	-0.000416163
8524.32	-0.000447741
8522.39	-0.000351443
8520.46	-0.000406331
8518.53	-0.000424306
8516.6	-0.000230883
8514.68	-7.77586e-05
8512.75	-8.18996e-05
8510.82	-0.000347702
8508.89	-0.000456182
8506.96	-0.000261879
8505.04	-0.000157756
8503.11	-6.51698e-05
8501.18	-0.000206972
8499.25	-0.000466542
8497.32	-0.000392295
8495.39	-0.000261216
8493.47	-4.01566e-05
8491.54	-0.000187697
8489.61	-0.000301945
8487.68	-0.00034022
8485.75	-0.000464159
8483.83	-0.000197103
8481.9	-9.22354e-05
8479.97	-0.000288833
8478.04	-0.000616849
8476.11	-0.00086956
8474.19	-0.00083206
8472.26	-0.000859904
8470.33	-0.000592794
8468.4	-0.000472632
8466.47	-0.000419605
8464.55	-0.000471374
8462.62	-0.00033969
8460.69	-0.00023595
8458.76	-0.00040653
8456.83	-0.00070161
8454.91	-0.000611356
8452.98	-0.000354787
8451.05	-0.00038392
8449.12	-0.000412124
8447.19	-0.000410933
8445.27	-0.000561789
8443.34	-0.000254594
8441.41	-0.000168321
8439.48	-0.00012238
8437.55	-0.000226545
8435.63	-0.000220815
8433.7	-5.92396e-05
8431.77	-0.00023989
8429.84	-0.000297342
8427.91	-0.000164082
8425.99	0.000124005
8424.06	-0.000272376
8422.13	-0.000475577
8420.2	-0.000292111
8418.27	-0.000543621
8416.35	-0.000833812
8414.42	-0.000763367
8412.49	-0.000409112
8410.56	-0.000366142
8408.63	-0.000414243
8406.71	-0.000199752
8404.78	-0.000248699
8402.85	-0.000292376
8400.92	-0.000508575
8398.99	-0.000826471
8397.07	-0.000603018
8395.14	-0.000421989
8393.21	-0.000378921
8391.28	-0.00038243
8389.35	-0.000404941
8387.43	-0.000488982
8385.5	-0.00044185
8383.57	-0.000286217
8381.64	-0.000265886
8379.71	-0.000301879
8377.79	-0.000123705
8375.86	-0.000410502
8373.93	-0.000743785
8372	-0.000755792
8370.07	-0.000859904
8368.14	-0.000918663
8366.22	-0.000785031
8364.29	-0.000710607
8362.36	-0.000735483
8360.43	-0.000429702
8358.5	-0.000126984
8356.58	-0.00014762
8354.65	-0.000432945
8352.72	-0.000508873
8350.79	-0.000339756
8348.86	-0.000127183
8346.94	-0.00027933
8345.01	-0.000454361
8343.08	-0.000508939
8341.15	-0.000692016
8339.22	-0.000740312
8337.3	-0.000717753
8335.37	-0.000503081
8333.44	-0.000317407
8331.51	-0.000585183
8329.58	-0.000959991
8327.66	-0.0012279
8325.73	-0.00105801
8323.8	-0.000705745
8321.87	-0.000422552
8319.94	-0.000625418
8318.02	-0.00107433
8316.09	-0.000956586
8314.16	-0.000639745
8312.23	-0.000632664
8310.3	-0.000837946
8308.38	-0.000868237
8306.45	-0.000702867
8304.52	-0.00072374
8302.59	-0.000908678
8300.66	-0.000810927
8298.74	-0.000619694
8296.81	-0.000749838
8294.88	-0.000774811
8292.95	-0.000488982
8291.02	-0.000676434
8289.1	-0.00103887
8287.17	-0.000902627
8285.24	-0.000541205
8283.31	-0.000686326
8281.38	-0.00118613
8279.46	-0.00128496
8277.53	-0.000901569
8275.6	-0.000711269
8273.67	-0.000804511
8271.74	-0.000818467
8269.82	-0.000730389
8267.89	-0.00090709
8265.96	-0.00100822
8264.03	-0.00104376
8262.1	-0.00107929
8260.17	-0.000773719
8258.25	-0.000623202
8256.32	-0.000733597
8254.39	-0.000499209
8252.46	-0.000464721
8250.54	-0.00076373
8248.61	-0.000869064
8246.68	-0.000637925
8244.75	-0.000660058
8242.82	-0.000608345
8240.89	-0.000691751
8238.97	-0.000921539
8237.04	-0.00109459
8235.11	-0.00112474
8233.18	-0.000913538
8231.25	-0.000713651
8229.33	-0.000761977
8227.4	-0.000750103
8225.47	-0.000624393
8223.54	-0.000762341
8221.61	-0.000796772
8219.69	-0.00074448
8217.76	-0.000733862
8215.83	-0.000876868
8213.9	-0.000830406
8211.97	-0.00100637
8210.05	-0.0012726
8208.12	-0.00109423
8206.19	-0.00132196
8204.26	-0.00117814
8202.33	-0.000780797
8200.41	-0.000557884
8198.48	-0.000548089
8196.55	-0.000816615
8194.62	-0.00104541
8192.69	-0.00108104
8190.77	-0.00100419
8188.84	-0.000864236
8186.91	-0.00115468
8184.98	-0.00106789
8183.05	-0.000875611
8181.13	-0.000998571
8179.2	-0.00124746
8177.27	-0.00123028
8175.34	-0.00122955
8173.41	-0.000903519
8171.49	-0.000797896
8169.56	-0.00123084
8167.63	-0.00160925
8165.7	-0.00140301
8163.77	-0.00112315
8161.85	-0.00111958
8159.92	-0.00122724
8157.99	-0.00106148
8156.06	-0.00101758
8154.13	-0.000926863
8152.21	-0.00110557
8150.28	-0.00150921
8148.35	-0.00116961
8146.42	-0.000937046
8144.49	-0.00119
8142.56	-0.00135839
8140.64	-0.00134865
8138.71	-0.0015977
8136.78	-0.00159166
8134.85	-0.00127716
8132.92	-0.00122992
8131	-0.00139429
8129.07	-0.00122579
8127.14	-0.00087247
8125.21	-0.00048554
8123.28	-0.00067928
8121.36	-0.00109261
8119.43	-0.00141315
8117.5	-0.00144951
8115.57	-0.00153609
8113.64	-0.00178134
8111.72	-0.00161579
8109.79	-0.00117989
8107.86	-0.00137352
8105.93	-0.00192077
8104	-0.00188425
8102.08	-0.00134534
8100.15	-0.00136903
8098.22	-0.00148848
8096.29	-0.00137566
8094.36	-0.00145529
8092.44	-0.00169309
8090.51	-0.00132582
8088.58	-0.0011518
8086.65	-0.00143204
8084.72	-0.00168933
8082.8	-0.00162282
8080.87	-0.00123451
8078.94	-0.00122899
8077.01	-0.00159397
8075.08	-0.00181872
8073.16	-0.00175312
8071.23	-0.0015835
8069.3	-0.00163193
8067.37	-0.00143822
8065.44	-0.00143188
8063.52	-0.00165348
8061.59	-0.00184865
8059.66	-0.00204422
8057.73	-0.00205164
8055.8	-0.00184166
8053.88	-0.00155115
8051.95	-0.00149462
8050.02	-0.00152899
8048.09	-0.00145044
8046.16	-0.00157934
8044.24	-0.0018311
8042.31	-0.00178381
8040.38	-0.00177256
8038.45	-0.00177263
8036.52	-0.0017917
8034.6	-0.00192222
8032.67	-0.00184175
8030.74	-0.00155993
8028.81	-0.0015943
8026.88	-0.00164777
8024.96	-0.00161275
8023.03	-0.00160027
8021.1	-0.00170204
8019.17	-0.00200804
8017.24	-0.00200676
8015.31	-0.001726
8013.39	-0.0015556
8011.46	-0.00159552
8009.53	-0.0018178
8007.6	-0.00188425
8005.67	-0.00202942
8003.75	-0.00200996
8001.82	-0.0020647
7999.89	-0.00221736
7997.96	-0.00196903
7996.03	-0.00149538
7994.11	-0.00149125
7992.18	-0.00178923
7990.25	-0.00192337
7988.32	-0.00177942
7986.39	-0.00164843
7984.47	-0.00177995
7982.54	-0.0019114
7980.61	-0.00207476
7978.68	-0.00208399
7976.75	-0.00195646
7974.83	-0.00192522
7972.9	-0.00187683
7970.97	-0.00201474
7969.04	-0.00218212
7967.11	-0.00224264
7965.19	-0.00216705
7963.26	-0.00212073
7961.33	-0.00194775
7959.4	-0.00189744
7957.47	-0.00198882
7955.55	-0.00181279
7953.62	-0.00189085
7951.69	-0.00211337
7949.76	-0.00213181
7947.83	-0.00215446
7945.91	-0.00198087
7943.98	-0.00188507
7942.05	-0.00194831
7940.12	-0.00194376
7938.19	-0.00210253
7936.27	-0.00242746
7934.34	-0.00242058
7932.41	-0.00221357
7930.48	-0.00195913
7928.55	-0.00170161
7926.63	-0.001863
7924.7	-0.00208739
7922.77	-0.00203262
7920.84	-0.00212567
7918.91	-0.00216689
7916.99	-0.00215838
7915.06	-0.0023109
7913.13	-0.00230672
7911.2	-0.00239781
7909.27	-0.00236393
7907.35	-0.00219563
7905.42	-0.00242855
7903.49	-0.00267451
7901.56	-0.00249609
7899.63	-0.00228335
7897.71	-0.00240166
7895.78	-0.0025678
7893.85	-0.00263433
7891.92	-0.00233098
7889.99	-0.00216458
7888.06	-0.00225543
7886.14	-0.00242763
7884.21	-0.0025627
7882.28	-0.00263588
7880.35	-0.00265502
7878.42	-0.00273128
7876.5	-0.00277968
7874.57	-0.0026918
7872.64	-0.00265317
7870.71	-0.00251777
7868.78	-0.00246005
7866.86	-0.00236706
7864.93	-0.00222293
7863	-0.00228566
7861.07	-0.00252992
7859.14	-0.00262027
7857.22	-0.00248944
7855.29	-0.00237115
7853.36	-0.00229363
7851.43	-0.00223793
7849.5	-0.00245883
7847.58	-0.00269766
7845.65	-0.00278807
7843.72	-0.00273424
7841.79	-0.00251226
7839.86	-0.00261339
7837.94	-0.00273204
7836.01	-0.00278169
7834.08	-0.00275067
7832.15	-0.00272045
7830.22	-0.00266829
7828.3	-0.00275127
7826.37	-0.00280401
7824.44	-0.00276506
7822.51	-0.00301485
7820.58	-0.00313513
7818.66	-0.00310411
7816.73	-0.00294959
7814.8	-0.00281807
7812.87	-0.00280793
7810.94	-0.00299872
7809.02	-0.00291938
7807.09	-0.00269661
7805.16	-0.00283153
7803.23	-0.00298191
7801.3	-0.00302633
7799.38	-0.0030999
7797.45	-0.00301047
7795.52	-0.00292198
7793.59	-0.00296529
7791.66	-0.00299846
7789.74	-0.0027942
7787.81	-0.00256023
7785.88	-0.00253674
7783.95	-0.00288976
7782.02	-0.00314007
7780.09	-0.00291681
7778.17	-0.00262007
7776.24	-0.00290753
7774.31	-0.00318825
7772.38	-0.00285395
7770.46	-0.00290905
7768.53	-0.00305525
7766.6	-0.00294607
7764.67	-0.00305696
7762.74	-0.00329271
7760.81	-0.00301702
7758.89	-0.00279686
7756.96	-0.00300488
7755.03	-0.00328843
7753.1	-0.00320417
7751.17	-0.00302469
7749.25	-0.00306032
7747.32	-0.00311072
7745.39	-0.00294782
7743.46	-0.00301172
7741.53	-0.00308657
7739.61	-0.00311918
7737.68	-0.00327071
7735.75	-0.00319694
7733.82	-0.00329573
7731.89	-0.00338385
7729.97	-0.00334502
7728.04	-0.00330967
7726.11	-0.00330961
7724.18	-0.0034015
7722.25	-0.00328531
7720.33	-0.00315921
7718.4	-0.00335318
7716.47	-0.00346903
7714.54	-0.00349673
7712.61	-0.00339352
7710.69	-0.00337491
7708.76	-0.00333835
7706.83	-0.00320299
7704.9	-0.00325726
7702.97	-0.0034472
7701.05	-0.00325518
7699.12	-0.00326512
7697.19	-0.00323049
7695.26	-0.00318608
7693.33	-0.00333269
7691.41	-0.00342988
7689.48	-0.0034257
7687.55	-0.00339822
7685.62	-0.0034327
7683.69	-0.00355277
7681.77	-0.00351646
7679.84	-0.00346387
7677.91	-0.0032759
7675.98	-0.00346074
7674.05	-0.00371532
7672.12	-0.0035883
7670.2	-0.00373651
7668.27	-0.00375284
7666.34	-0.00355862
7664.41	-0.00350028
7662.48	-0.0033516
7660.56	-0.00309697
7658.63	-0.00314095
7656.7	-0.00349489
7654.77	-0.00383245
7652.84	-0.00383439
7650.92	-0.00359247
7648.99	-0.00343297
7647.06	-0.00348148
7645.13	-0.00351406
7643.2	-0.00352793
7641.28	-0.00349295
7639.35	-0.00350071
7637.42	-0.0036019
7635.49	-0.00364932
7633.56	-0.00376003
7631.64	-0.00381124
7629.71	-0.00383577
7627.78	-0.00376877
7625.85	-0.00370599
7623.92	-0.00379826
7622	-0.0038335
7620.07	-0.00390526
7618.14	-0.0039446
7616.21	-0.00392224
7614.28	-0.00400534
7612.36	-0.00389485
7610.43	-0.0040812
7608.5	-0.00421491
7606.57	-0.00401079
7604.64	-0.00382043
7602.72	-0.00373595
7600.79	-0.00373073
7598.86	-0.00383433
7596.93	-0.00394621
7595	-0.00391065
7593.08	-0.00381695
7591.15	-0.00377455
7589.22	-0.00392342
7587.29	-0.00412321
7585.36	-0.00389899
7583.44	-0.00365017
7581.51	-0.00387374
7579.58	-0.0041369
7577.65	-0.00420119
7575.72	-0.00432895
7573.8	-0.00423551
7571.87	-0.0041473
7569.94	-0.00414235
7568.01	-0.00409906
7566.08	-0.00399631
7564.16	-0.00404361
7562.23	-0.00410789
7560.3	-0.0041007
7558.37	-0.00427108
7556.44	-0.00418711
7554.52	-0.00392132
7552.59	-0.00394056
7550.66	-0.00422557
7548.73	-0.00420929
7546.8	-0.00411937
7544.88	-0.00418714
7542.95	-0.0040789
7541.02	-0.00402842
7539.09	-0.0042863
7537.16	-0.00421192
7535.23	-0.00400215
7533.31	-0.00389653
7531.38	-0.00390125
7529.45	-0.00405182
7527.52	-0.00410007
7525.59	-0.00411675
7523.67	-0.00409581
7521.74	-0.00420165
7519.81	-0.00420529
7517.88	-0.00424513
7515.95	-0.00430845
7514.03	-0.00422462
7512.1	-0.0043132
7510.17	-0.0043609
7508.24	-0.00423764
7506.31	-0.0042716
7504.39	-0.0041749
7502.46	-0.00416919
7500.53	-0.00430569
7498.6	-0.00410578
7496.67	-0.00418038
7494.75	-0.00438514
7492.82	-0.00449046
7490.89	-0.00436641
7488.96	-0.00428942
7487.03	-0.00446524
7485.11	-0.0044347
7483.18	-0.0043858
7481.25	-0.004427
7479.32	-0.00447088
7477.39	-0.00450751
7475.47	-0.00434991
7473.54	-0.00439908
7471.61	-0.00460623
7469.68	-0.00451616
7467.75	-0.00444467
7465.83	-0.00440204
7463.9	-0.00428922
7461.97	-0.00428447
7460.04	-0.00455335
7458.11	-0.00476642
7456.19	-0.00463239
7454.26	-0.00456341
7452.33	-0.00464495
7450.4	-0.00467507
7448.47	-0.00481574
7446.54	-0.00476659
7444.62	-0.00464629
7442.69	-0.00465767
7440.76	-0.00478173
7438.83	-0.00473552
7436.91	-0.0045505
7434.98	-0.00436576
7433.05	-0.00452692
7431.12	-0.00467829
7429.19	-0.00463449
7427.26	-0.00469979
7425.34	-0.0047347
7423.41	-0.00487711
7421.48	-0.00500222
7419.55	-0.00496838
7417.62	-0.00491721
7415.7	-0.00474931
7413.77	-0.00464003
7411.84	-0.00463892
7409.91	-0.00464777
7407.98	-0.00469504
7406.06	-0.00470238
7404.13	-0.00478818
7402.2	-0.0049124
7400.27	-0.00486564
7398.34	-0.0048585
7396.42	-0.00474266
7394.49	-0.00465131
7392.56	-0.00462744
7390.63	-0.00462836
7388.7	-0.00475521
7386.78	-0.00483022
7384.85	-0.00485454
7382.92	-0.00493959
7380.99	-0.00500615
7379.06	-0.00494418
7377.14	-0.00495964
7375.21	-0.00491639
7373.28	-0.0048952
7371.35	-0.00496435
7369.42	-0.00508809
7367.5	-0.00510768
7365.57	-0.00510411
7363.64	-0.00514219
7361.71	-0.00516505
7359.78	-0.00506134
7357.86	-0.00500029
7355.93	-0.00503157
7354	-0.00521851
7352.07	-0.00515283
7350.14	-0.00500838
7348.22	-0.00497156
7346.29	-0.00494716
7344.36	-0.00489684
7342.43	-0.00498512
7340.5	-0.00526071
7338.58	-0.00540897
7336.65	-0.00526418
7334.72	-0.00519631
7332.79	-0.00537383
7330.86	-0.00540711
7328.94	-0.00521907
7327.01	-0.00524251
7325.08	-0.00530264
7323.15	-0.00526991
7321.22	-0.00522453
7319.29	-0.00522391
7317.37	-0.00523727
7315.44	-0.00512929
7313.51	-0.00505869
7311.58	-0.00517294
7309.65	-0.005112
7307.73	-0.00499511
7305.8	-0.00528126
7303.87	-0.0054519
7301.94	-0.00515951
7300.01	-0.00512749
7298.09	-0.00541791
7296.16	-0.00541575
7294.23	-0.00545233
7292.3	-0.00530234
7290.37	-0.00519281
7288.45	-0.00543433
7286.52	-0.00546018
7284.59	-0.00523105
7282.66	-0.00520214
7280.73	-0.00535265
7278.81	-0.0054111
7276.88	-0.00543702
7274.95	-0.00540217
7273.02	-0.00530709
7271.09	-0.00519785
7269.17	-0.00511599
7267.24	-0.00509608
7265.31	-0.0051285
7263.38	-0.0051323
7261.45	-0.00521507
7259.53	-0.00527256
7257.6	-0.00540125
7255.67	-0.00539827
7253.74	-0.00522741
7251.81	-0.0052919
7249.89	-0.0055144
7247.96	-0.00530889
7246.03	-0.0050354
7244.1	-0.00502325
7242.17	-0.00521527
7240.25	-0.00528644
7238.32	-0.00530162
7236.39	-0.00551391
7234.46	-0.00556052
7232.53	-0.00527151
7230.61	-0.00519959
7228.68	-0.00519248
7226.75	-0.00513083
7224.82	-0.00512592
7222.89	-0.00515634
7220.97	-0.00532627
7219.04	-0.00556396
7217.11	-0.00541764
7215.18	-0.00527734
7213.25	-0.00528346
7211.33	-0.00537553
7209.4	-0.00553494
7207.47	-0.00559755
7205.54	-0.00540943
7203.61	-0.00527105
7201.69	-0.00528611
7199.76	-0.00535553
7197.83	-0.00535592
7195.9	-0.00554868
7193.97	-0.00562199
7192.04	-0.00546879
7190.12	-0.00548364
7188.19	-0.00577637
7186.26	-0.00569266
7184.33	-0.00545338
7182.4	-0.00531072
7180.48	-0.0054129
7178.55	-0.00566238
7176.62	-0.00565211
7174.69	-0.005661
7172.76	-0.0056715
7170.84	-0.0055652
7168.91	-0.0055493
7166.98	-0.0056282
7165.05	-0.00573521
7163.12	-0.00573965
7161.2	-0.00562725
7159.27	-0.00559242
7157.34	-0.00555434
7155.41	-0.00558859
7153.48	-0.00569894
7151.56	-0.00565116
7149.63	-0.00562702
7147.7	-0.00567945
7145.77	-0.00573857
7143.84	-0.00560301
7141.92	-0.00552061
7139.99	-0.00555369
7138.06	-0.00562431
7136.13	-0.00568014
7134.2	-0.00556857
7132.28	-0.00540361
7130.35	-0.00548197
7128.42	-0.00554469
7126.49	-0.00562074
7124.56	-0.00574021
7122.64	-0.0057491
7120.71	-0.00554358
7118.78	-0.00531979
7116.85	-0.00545792
7114.92	-0.0054577
7113	-0.00556883
7111.07	-0.0058022
7109.14	-0.00588739
7107.21	-0.00590573
7105.28	-0.00589174
7103.36	-0.00561149
7101.43	-0.00535772
7099.5	-0.00531053
7097.57	-0.00551332
7095.64	-0.00571938
7093.71	-0.00583882
7091.79	-0.00565306
7089.86	-0.00559919
7087.93	-0.00572814
7086	-0.00577317
7084.08	-0.00571424
7082.15	-0.00569325
7080.22	-0.00567768
7078.29	-0.00570385
7076.36	-0.00575361
7074.43	-0.00570162
7072.51	-0.00569407
7070.58	-0.0057252
7068.65	-0.00570031
7066.72	-0.00569459
7064.79	-0.00562755
7062.87	-0.00559186
7060.94	-0.00566414
7059.01	-0.00570587
7057.08	-0.00571006
7055.15	-0.00564174
7053.23	-0.00562166
7051.3	-0.00556402
7049.37	-0.00562601
7047.44	-0.00570466
7045.51	-0.00554649
7043.59	-0.00556121
7041.66	-0.00566107
7039.73	-0.00567252
7037.8	-0.00564897
7035.87	-0.00561073
7033.95	-0.00556631
7032.02	-0.0055723
7030.09	-0.00560154
7028.16	-0.00565783
7026.23	-0.00571748
7024.31	-0.00572484
7022.38	-0.00574021
7020.45	-0.00565551
7018.52	-0.00572324
7016.59	-0.0057749
7014.67	-0.00572942
7012.74	-0.0056492
7010.81	-0.00555624
7008.88	-0.00559101
7006.95	-0.00561355
7005.03	-0.00568671
7003.1	-0.00572448
7001.17	-0.00562702
6999.24	-0.00564756
6997.31	-0.00567526
6995.39	-0.00563598
6993.46	-0.00553108
6991.53	-0.00546843
6989.6	-0.00552081
6987.67	-0.00556765
6985.75	-0.00558388
6983.82	-0.00551613
6981.89	-0.00540524
6979.96	-0.00549755
6978.03	-0.00546715
6976.1	-0.00551934
6974.18	-0.00546843
6972.25	-0.00538937
6970.32	-0.00543761
6968.39	-0.00553671
6966.46	-0.0056001
6964.54	-0.00561149
6962.61	-0.00544647
6960.68	-0.00536993
6958.75	-0.00553762
6956.82	-0.00557986
6954.9	-0.00553226
6952.97	-0.0055268
6951.04	-0.00547641
6949.11	-0.00551858
6947.18	-0.00552025
6945.26	-0.0054608
6943.33	-0.00533769
6941.4	-0.00538744
6939.47	-0.00548616
6937.54	-0.00545135
6935.62	-0.00542834
6933.69	-0.00544261
6931.76	-0.00540783
6929.83	-0.00543129
6927.9	-0.00541316
6925.98	-0.00531671
6924.05	-0.00536843
6922.12	-0.00546764
6920.19	-0.00552359
6918.26	-0.0055637
6916.34	-0.00533609
6914.41	-0.00514632
6912.48	-0.00520898
6910.55	-0.0053246
6908.62	-0.00529927
6906.7	-0.0053317
6904.77	-0.00540092
6902.84	-0.00540681
6900.91	-0.00540943
6898.98	-0.00542072
6897.06	-0.00541833
6895.13	-0.00540455
6893.2	-0.00538364
6891.27	-0.00530981
6889.34	-0.00526064
6887.42	-0.00532866
6885.49	-0.00535406
6883.56	-0.00535219
6881.63	-0.00527881
6879.7	-0.00529187
6877.78	-0.00513184
6875.85	-0.00509412
6873.92	-0.00521851
6871.99	-0.0052866
6870.06	-0.00530264
6868.14	-0.00534516
6866.21	-0.00535828
6864.28	-0.00525226
6862.35	-0.00526434
6860.42	-0.00524015
6858.5	-0.00507542
6856.57	-0.00492514
6854.64	-0.00502996
6852.71	-0.00514242
6850.78	-0.00508462
6848.85	-0.00511082
6846.93	-0.0052245
6845	-0.00522663
6843.07	-0.00529881
6841.14	-0.00529917
6839.21	-0.00519998
6837.29	-0.00508646
6835.36	-0.00507729
6833.43	-0.00511459
6831.5	-0.00501067
6829.57	-0.00493205
6827.65	-0.00498836
6825.72	-0.00518688
6823.79	-0.00538315
6821.86	-0.00538963
6819.93	-0.0051986
6818.01	-0.00513132
6816.08	-0.00513777
6814.15	-0.00507146
6812.22	-0.00508079
6810.29	-0.00503013
6808.37	-0.00500258
6806.44	-0.00504486
6804.51	-0.00507915
6802.58	-0.00501558
6800.65	-0.00500569
6798.73	-0.00499194
6796.8	-0.00491037
6794.87	-0.00486892
6792.94	-0.00489612
6791.01	-0.00491214
6789.09	-0.00486679
6787.16	-0.00486591
6785.23	-0.00498303
6783.3	-0.00512903
6781.37	-0.00516721
6779.45	-0.00513548
6777.52	-0.00515231
6775.59	-0.00504097
6773.66	-0.00492986
6771.73	-0.00489936
6769.81	-0.00501542
6767.88	-0.00493451
6765.95	-0.00489176
6764.02	-0.00496301
6762.09	-0.00512529
6760.17	-0.00522054
6758.24	-0.00517012
6756.31	-0.00517533
6754.38	-0.00524336
6752.45	-0.00516825
6750.53	-0.0050598
6748.6	-0.0050599
6746.67	-0.00514301
6744.74	-0.00512173
6742.81	-0.00500451
6740.88	-0.00503671
6738.96	-0.00511066
6737.03	-0.00512913
6735.1	-0.00513741
6733.17	-0.00503727
6731.25	-0.00514196
6729.32	-0.00543463
6727.39	-0.0054148
6725.46	-0.00539052
6723.53	-0.0053787
6721.6	-0.00524041
6719.68	-0.00517984
6717.75	-0.00522535
6715.82	-0.00513911
6713.89	-0.00509956
6711.96	-0.0052887
6710.04	-0.00523819
6708.11	-0.00512768
6706.18	-0.00531881
6704.25	-0.00547072
6702.32	-0.00531256
6700.4	-0.00522113
6698.47	-0.00524535
6696.54	-0.00521916
6694.61	-0.00520417
6692.68	-0.00534571
6690.76	-0.00548642
6688.83	-0.0055407
6686.9	-0.00548191
6684.97	-0.00528762
6683.04	-0.0052339
6681.12	-0.00535965
6679.19	-0.00556258
6677.26	-0.00562022
6675.33	-0.00548417
6673.4	-0.00549915
6671.48	-0.00549578
6669.55	-0.00542556
6667.62	-0.00551135
6665.69	-0.00556232
6663.76	-0.00548073
6661.84	-0.0055475
6659.91	-0.00571604
6657.98	-0.00574593
6656.05	-0.0056631
6654.12	-0.00567553
6652.2	-0.00572867
6650.27	-0.0056353
6648.34	-0.00550223
6646.41	-0.00556278
6644.48	-0.00560449
6642.56	-0.00570676
6640.63	-0.00578134
6638.7	-0.00581724
6636.77	-0.00590495
6634.84	-0.00591282
6632.92	-0.00589034
6630.99	-0.00575417
6629.06	-0.00572621
6627.13	-0.00572693
6625.2	-0.00572412
6623.27	-0.00583895
6621.35	-0.00588697
6619.42	-0.00600496
6617.49	-0.00595397
6615.56	-0.00588308
6613.63	-0.00569368
6611.71	-0.00574436
6609.78	-0.0058735
6607.85	-0.00587488
6605.92	-0.005897
6603.99	-0.00592757
6602.07	-0.00585274
6600.14	-0.00587507
6598.21	-0.00592626
6596.28	-0.0059613
6594.35	-0.00599519
6592.43	-0.00597486
6590.5	-0.00592518
6588.57	-0.00585742
6586.64	-0.00599836
6584.71	-0.00599283
6582.79	-0.00589733
6580.86	-0.00596058
6578.93	-0.00596015
6577	-0.0060511
6575.07	-0.00610798
6573.15	-0.00608874
6571.22	-0.0061626
6569.29	-0.00620344
6567.36	-0.00635585
6565.43	-0.00629149
6563.51	-0.0061286
6561.58	-0.00609377
6559.65	-0.00625988
6557.72	-0.00623247
6555.79	-0.00628156
6553.87	-0.006376
6551.94	-0.006379
6550.01	-0.00627797
6548.08	-0.00620001
6546.15	-0.00624492
6544.23	-0.00636186
6542.3	-0.00636999
6540.37	-0.00620821
6538.44	-0.00617087
6536.51	-0.00631533
6534.59	-0.00644747
6532.66	-0.00645325
6530.73	-0.00644257
6528.8	-0.00648511
6526.87	-0.00654765
6524.95	-0.00656759
6523.02	-0.00640323
6521.09	-0.00627604
6519.16	-0.00636581
6517.23	-0.00655316
6515.31	-0.00668245
6513.38	-0.00665736
6511.45	-0.00661556
6509.52	-0.00666751
6507.59	-0.00653097
6505.67	-0.00643993
6503.74	-0.00656263
6501.81	-0.00666013
6499.88	-0.0066666
6497.95	-0.00677217
6496.02	-0.00671779
6494.1	-0.00655329
6492.17	-0.00664712
6490.24	-0.00671671
6488.31	-0.00667505
6486.38	-0.00671211
6484.46	-0.00672017
6482.53	-0.00679412
6480.6	-0.00683079
6478.67	-0.00682329
6476.74	-0.00687788
6474.82	-0.0069402
6472.89	-0.00698866
6470.96	-0.00702084
6469.03	-0.00696821
6467.1	-0.00694637
6465.18	-0.00701588
6463.25	-0.00702103
6461.32	-0.00687726
6459.39	-0.00690234
6457.46	-0.00691865
6455.54	-0.00701774
6453.61	-0.00713076
6451.68	-0.00700571
6449.75	-0.00688685
6447.82	-0.00697183
6445.9	-0.00704627
6443.97	-0.0070567
6442.04	-0.00709872
6440.11	-0.00725063
6438.18	-0.00723424
6436.26	-0.00708633
6434.33	-0.00699909
6432.4	-0.00708904
6430.47	-0.00727813
6428.54	-0.00727396
6426.62	-0.00725512
6424.69	-0.00727757
6422.76	-0.00723694
6420.83	-0.00718209
6418.9	-0.00721123
6416.98	-0.00719461
6415.05	-0.00719783
6413.12	-0.00733997
6411.19	-0.00735753
6409.26	-0.00729934
6407.34	-0.00740274
6405.41	-0.00731527
6403.48	-0.00725985
6401.55	-0.00733879
6399.62	-0.00746003
6397.7	-0.00746228
6395.77	-0.00750013
6393.84	-0.00751748
6391.91	-0.00754272
6389.98	-0.00751247
6388.06	-0.00736974
6386.13	-0.00739476
6384.2	-0.00749557
6382.27	-0.00756014
6380.34	-0.00755184
6378.42	-0.00749107
6376.49	-0.00745811
6374.56	-0.00743978
6372.63	-0.00739124
6370.7	-0.007376
6368.77	-0.00739154
6366.85	-0.00742701
6364.92	-0.00759244
6362.99	-0.00761335
6361.06	-0.0075872
6359.13	-0.0076431
6357.21	-0.00764789
6355.28	-0.00760107
6353.35	-0.00763223
6351.42	-0.00759606
6349.49	-0.00758154
6347.57	-0.00759876
6345.64	-0.00759967
6343.71	-0.00759427
6341.78	-0.00766596
6339.85	-0.00780442
6337.93	-0.00778197
6336	-0.00770349
6334.07	-0.00764073
6332.14	-0.00763705
6330.21	-0.00771335
6328.29	-0.00780432
6326.36	-0.0077986
6324.43	-0.00764538
6322.5	-0.00754904
6320.57	-0.00770098
6318.65	-0.00774356
6316.72	-0.00769887
6314.79	-0.00764489
6312.86	-0.00755005
6310.93	-0.00765079
6309.01	-0.00787985
6307.08	-0.00783277
6305.15	-0.00767113
6303.22	-0.00773598
6301.29	-0.00780813
6299.37	-0.00779274
6297.44	-0.00782177
6295.51	-0.00783498
6293.58	-0.00782662
6291.65	-0.00789046
6289.73	-0.0079294
6287.8	-0.00791171
6285.87	-0.0079118
6283.94	-0.00791837
6282.01	-0.00784933
6280.08	-0.00769418
6278.16	-0.00776501
6276.23	-0.00787491
6274.3	-0.00787042
6272.37	-0.00794125
6270.45	-0.00810535
6268.52	-0.00809611
6266.59	-0.00795127
6264.66	-0.00788161
6262.73	-0.00795533
6260.8	-0.00805773
6258.88	-0.00812883
6256.95	-0.00814119
6255.02	-0.00805484
6253.09	-0.00801239
6251.17	-0.00804479
6249.24	-0.00804739
6247.31	-0.0079999
6245.38	-0.00799382
6243.45	-0.00803731
6241.52	-0.00796708
6239.6	-0.00791655
6237.67	-0.00806323
6235.74	-0.00806069
6233.81	-0.00808827
6231.88	-0.00815566
6229.96	-0.00815501
6228.03	-0.00802914
6226.1	-0.00799567
6224.17	-0.00798559
6222.24	-0.00800081
6220.32	-0.00806343
6218.39	-0.00809784
6216.46	-0.00811972
6214.53	-0.00801174
6212.6	-0.0080591
6210.68	-0.00824309
6208.75	-0.00832143
6206.82	-0.00816538
6204.89	-0.0079649
6202.96	-0.00805627
6201.04	-0.00831457
6199.11	-0.00833814
6197.18	-0.00834311
6195.25	-0.00828522
6193.32	-0.00818443
6191.4	-0.00815962
6189.47	-0.00820729
6187.54	-0.00823359
6185.61	-0.00811416
6183.68	-0.00829192
6181.76	-0.00842752
6179.83	-0.00831376
6177.9	-0.00810255
6175.97	-0.0080927
6174.04	-0.00817071
6172.12	-0.0082177
6170.19	-0.00825759
6168.26	-0.00826464
6166.33	-0.00826071
6164.4	-0.00822007
6162.48	-0.00826149
6160.55	-0.00832046
6158.62	-0.00825225
6156.69	-0.00829637
6154.76	-0.00825778
6152.83	-0.00819025
6150.91	-0.0082651
6148.98	-0.00821425
6147.05	-0.00828216
6145.12	-0.0082529
6143.19	-0.00819529
6141.27	-0.00822511
6139.34	-0.00829393
6137.41	-0.00836651
6135.48	-0.00828415
6133.55	-0.00815273
6131.63	-0.00815972
6129.7	-0.0082029
6127.77	-0.00824309
6125.84	-0.00825326
6123.91	-0.00830017
6121.99	-0.0083516
6120.06	-0.00832364
6118.13	-0.00832504
6116.2	-0.00827469
6114.27	-0.00821454
6112.35	-0.0082398
6110.42	-0.00827326
6108.49	-0.00826926
6106.56	-0.00834158
6104.63	-0.00838114
6102.71	-0.00840327
6100.78	-0.00853484
6098.85	-0.00845283
6096.92	-0.00827485
6094.99	-0.00822852
6093.07	-0.00826396
6091.14	-0.00832585
6089.21	-0.00835377
6087.28	-0.00828171
6085.35	-0.00839095
6083.43	-0.00843207
6081.5	-0.00840542
6079.57	-0.00843242
6077.64	-0.0084761
6075.71	-0.00845406
6073.79	-0.00853312
6071.86	-0.00858341
6069.93	-0.00849731
6068	-0.00849254
6066.07	-0.00857139
6064.15	-0.0085735
6062.22	-0.00850398
6060.29	-0.00849251
6058.36	-0.00851606
6056.43	-0.00861544
6054.51	-0.00857399
6052.58	-0.00851376
6050.65	-0.00851804
6048.72	-0.00857915
6046.79	-0.00860436
6044.87	-0.0085621
6042.94	-0.0085249
6041.01	-0.00864503
6039.08	-0.00867676
6037.15	-0.00858347
6035.23	-0.00851012
6033.3	-0.00852327
6031.37	-0.00856587
6029.44	-0.00859588
6027.51	-0.0085529
6025.58	-0.00856346
6023.66	-0.00865497
6021.73	-0.00860007
6019.8	-0.00853747
6017.87	-0.00862346
6015.94	-0.00864458
6014.02	-0.008585
6012.09	-0.00862021
6010.16	-0.00865448
6008.23	-0.00871811
6006.3	-0.00888097
6004.38	-0.00889626
6002.45	-0.00869972
6000.52	-0.00854244
5998.59	-0.00861563
5996.66	-0.00866147
5994.74	-0.00861677
5992.81	-0.00867715
5990.88	-0.00869924
5988.95	-0.00866309
5987.02	-0.0086527
5985.1	-0.00872713
5983.17	-0.00872486
5981.24	-0.00862483
5979.31	-0.00863214
5977.38	-0.00865903
5975.46	-0.00863918
5973.53	-0.00873191
5971.6	-0.00877224
5969.67	-0.00877224
5967.74	-0.00870979
5965.82	-0.00868605
5963.89	-0.00873019
5961.96	-0.00874191
5960.03	-0.00859803
5958.1	-0.00853682
5956.18	-0.00870992
5954.25	-0.00884607
5952.32	-0.00878377
5950.39	-0.00863067
5948.46	-0.00861528
5946.54	-0.00861904
5944.61	-0.00871187
5942.68	-0.00875698
5940.75	-0.0086654
5938.82	-0.0086944
5936.9	-0.00873175
5934.97	-0.00856246
5933.04	-0.00864685
5931.11	-0.00882474
5929.18	-0.00891707
5927.25	-0.0087901
5925.33	-0.00866442
5923.4	-0.00885701
5921.47	-0.00898144
5919.54	-0.00890009
5917.62	-0.00887756
5915.69	-0.00892015
5913.76	-0.00890363
5911.83	-0.00885536
5909.9	-0.00886695
5907.97	-0.00885348
5906.05	-0.00876555
5904.12	-0.00885221
5902.19	-0.00893895
5900.26	-0.00895924
5898.33	-0.00895888
5896.41	-0.00887497
5894.48	-0.00885068
5892.55	-0.00885549
5890.62	-0.00883997
5888.69	-0.0088353
5886.77	-0.0087598
5884.84	-0.00870762
5882.91	-0.00865344
5880.98	-0.00868553
5879.05	-0.00873902
5877.13	-0.00876237
5875.2	-0.00882104
5873.27	-0.00884666
5871.34	-0.00880757
5869.41	-0.00874321
5867.49	-0.00874327
5865.56	-0.00891084
5863.63	-0.00900704
5861.7	-0.00900993
5859.77	-0.00892772
5857.85	-0.00889237
5855.92	-0.00893859
5853.99	-0.00892178
5852.06	-0.00891853
5850.13	-0.00898507
5848.21	-0.00899659
5846.28	-0.00885802
5844.35	-0.00881432
5842.42	-0.00887396
5840.49	-0.00887487
5838.57	-0.0089184
5836.64	-0.00886497
5834.71	-0.00885799
5832.78	-0.00894486
5830.85	-0.00895495
5828.93	-0.00898098
5827	-0.00904673
5825.07	-0.0089517
5823.14	-0.00884062
5821.21	-0.00884864
5819.29	-0.0088837
5817.36	-0.00893006
5815.43	-0.00901236
5813.5	-0.00899416
5811.57	-0.00902129
5809.65	-0.00899688
5807.72	-0.00891951
5805.79	-0.00889785
5803.86	-0.00893051
5801.93	-0.0089396
5800	-0.00894168
5798.08	-0.00890415
5796.15	-0.00881802
5794.22	-0.00884377
5792.29	-0.00893651
5790.36	-0.00904407
5788.44	-0.00918288
5786.51	-0.00916127
5784.58	-0.00893359
5782.65	-0.00882809
5780.72	-0.00889957
5778.8	-0.00893204
5776.87	-0.00894067
5774.94	-0.00889532
5773.01	-0.00891564
5771.08	-0.00895466
5769.16	-0.00891123
5767.23	-0.00887513
5765.3	-0.00877906
5763.37	-0.00870953
5761.44	-0.00877899
5759.52	-0.00887494
5757.59	-0.0088812
5755.66	-0.00891321
5753.73	-0.00891869
5751.8	-0.00891983
5749.88	-0.00884783
5747.95	-0.00874022
5746.02	-0.00885964
5744.09	-0.00893788
5742.16	-0.00890292
5740.24	-0.00887334
5738.31	-0.00884247
5736.38	-0.00896962
5734.45	-0.0089334
5732.52	-0.00878614
5730.6	-0.00882452
5728.67	-0.00896271
5726.74	-0.008989
5724.81	-0.00892493
5722.88	-0.00890662
5720.96	-0.00900039
5719.03	-0.00907895
5717.1	-0.00898098
5715.17	-0.00891866
5713.24	-0.00894917
5711.32	-0.00888088
5709.39	-0.00882987
5707.46	-0.00881202
5705.53	-0.00881257
5703.6	-0.00883354
5701.68	-0.00878055
5699.75	-0.00881536
5697.82	-0.00893674
5695.89	-0.00891194
5693.96	-0.00884601
5692.03	-0.0089222
5690.11	-0.00888542
5688.18	-0.0088702
5686.25	-0.00890857
5684.32	-0.00887955
5682.4	-0.00877971
5680.47	-0.0087927
5678.54	-0.00887315
5676.61	-0.00893165
5674.68	-0.00884318
5672.75	-0.00873941
5670.83	-0.00876828
5668.9	-0.00883637
5666.97	-0.0088389
5665.04	-0.00880146
5663.11	-0.0088838
5661.19	-0.00886961
5659.26	-0.00887123
5657.33	-0.00894937
5655.4	-0.00884945
5653.47	-0.00876617
5651.55	-0.00877666
5649.62	-0.00885062
5647.69	-0.00887601
5645.76	-0.00882254
5643.83	-0.00874763
5641.91	-0.00872324
5639.98	-0.00872418
5638.05	-0.00873256
5636.12	-0.00876023
5634.19	-0.00879208
5632.27	-0.0088349
5630.34	-0.00879487
5628.41	-0.00873454
5626.48	-0.00877321
5624.55	-0.00881364
5622.63	-0.00889146
5620.7	-0.00892249
5618.77	-0.00886997
5616.84	-0.00886403
5614.91	-0.00878558
5612.99	-0.00866897
5611.06	-0.00876211
5609.13	-0.0088275
5607.2	-0.0087902
5605.27	-0.00875094
5603.35	-0.00880296
5601.42	-0.00891389
5599.49	-0.00888802
5597.56	-0.00879539
5595.63	-0.00874987
5593.71	-0.00870486
5591.78	-0.00874642
5589.85	-0.00878432
5587.92	-0.00875997
5585.99	-0.00882617
5584.07	-0.0088452
5582.14	-0.00880315
5580.21	-0.00874159
5578.28	-0.00879072
5576.35	-0.00883922
5574.43	-0.00879922
5572.5	-0.00881013
5570.57	-0.00881478
5568.64	-0.0088875
5566.71	-0.00890941
5564.79	-0.00879585
5562.86	-0.00882318
5560.93	-0.00881455
5559	-0.00873957
5557.07	-0.00877312
5555.14	-0.00884409
5553.22	-0.00880536
5551.29	-0.00874941
5549.36	-0.0086905
5547.43	-0.00862372
5545.5	-0.00869745
5543.58	-0.00878981
5541.65	-0.00873288
5539.72	-0.00868047
5537.79	-0.00878159
5535.86	-0.00882708
5533.94	-0.00869752
5532.01	-0.00865117
5530.08	-0.00871882
5528.15	-0.00871444
5526.22	-0.00879305
5524.3	-0.00880172
5522.37	-0.00870213
5520.44	-0.00875769
5518.51	-0.00881919
5516.58	-0.00873256
5514.66	-0.00869644
5512.73	-0.00873256
5510.8	-0.00871086
5508.87	-0.00875029
5506.94	-0.00878867
5505.02	-0.00869212
5503.09	-0.00868456
5501.16	-0.00869648
5499.23	-0.00879146
5497.3	-0.00882318
5495.38	-0.00879098
5493.45	-0.0087799
5491.52	-0.00870505
5489.59	-0.00867546
5487.66	-0.00880237
5485.74	-0.00885783
5483.81	-0.00881426
5481.88	-0.00870512
5479.95	-0.00865315
5478.02	-0.00869203
5476.1	-0.0087663
5474.17	-0.00874688
5472.24	-0.00860849
5470.31	-0.0085132
5468.38	-0.00847035
5466.46	-0.00860686
5464.53	-0.00867686
5462.6	-0.00870612
5460.67	-0.00867075
5458.74	-0.00852737
5456.82	-0.00857548
5454.89	-0.00861066
5452.96	-0.00860625
5451.03	-0.00865656
5449.1	-0.00860297
5447.17	-0.00853666
5445.25	-0.00862031
5443.32	-0.00868914
5441.39	-0.00870268
5439.46	-0.00867407
5437.54	-0.00864305
5435.61	-0.00863717
5433.68	-0.00871918
5431.75	-0.00872704
5429.82	-0.00866666
5427.89	-0.00856473
5425.97	-0.00859631
5424.04	-0.00867121
5422.11	-0.00866082
5420.18	-0.00862392
5418.25	-0.00865728
5416.33	-0.00867264
5414.4	-0.00859462
5412.47	-0.00847697
5410.54	-0.00849452
5408.61	-0.00855261
5406.69	-0.00864058
5404.76	-0.008664
5402.83	-0.00857457
5400.9	-0.00850099
5398.97	-0.00848737
5397.05	-0.00847405
5395.12	-0.00856363
5393.19	-0.0085724
5391.26	-0.00850869
5389.33	-0.00847558
5387.41	-0.00846573
5385.48	-0.0084761
5383.55	-0.0084967
5381.62	-0.00851294
5379.69	-0.00844318
5377.77	-0.00839404
5375.84	-0.00847061
5373.91	-0.00835439
5371.98	-0.0081925
5370.05	-0.00824468
5368.13	-0.00835429
5366.2	-0.008384
5364.27	-0.00837028
5362.34	-0.00828246
5360.41	-0.00821734
5358.49	-0.00821587
5356.56	-0.00828688
5354.63	-0.00828197
5352.7	-0.00823902
5350.77	-0.00829744
5348.85	-0.00817748
5346.92	-0.00796981
5344.99	-0.00798487
5343.06	-0.00802501
5341.13	-0.00793536
5339.21	-0.00780514
5337.28	-0.00771527
5335.35	-0.00766361
5333.42	-0.00760013
5331.49	-0.00745964
5329.56	-0.00738789
5327.64	-0.00739968
5325.71	-0.00743841
5323.78	-0.00745697
5321.85	-0.00746837
5319.92	-0.00745942
5318	-0.00746446
5316.07	-0.00754064
5314.14	-0.00760908
5312.21	-0.00761445
5310.28	-0.00763689
5308.36	-0.00767178
5306.43	-0.00759632
5304.5	-0.00753002
5302.57	-0.00752468
5300.64	-0.00755327
5298.72	-0.00748329
5296.79	-0.00738193
5294.86	-0.00736648
5292.93	-0.00741812
5291	-0.00731599
5289.08	-0.00718656
5287.15	-0.0071527
5285.22	-0.00713474
5283.29	-0.00712541
5281.36	-0.0071113
5279.44	-0.00710071
5277.51	-0.00699772
5275.58	-0.00685205
5273.65	-0.00671736
5271.72	-0.00670219
5269.8	-0.0067127
5267.87	-0.00668291
5265.94	-0.00660894
5264.01	-0.006528
5262.08	-0.00646813
5260.16	-0.00635412
5258.23	-0.00622143
5256.3	-0.00617603
5254.37	-0.00611772
5252.44	-0.00600015
5250.52	-0.00592054
5248.59	-0.0058685
5246.66	-0.00582084
5244.73	-0.00563481
5242.8	-0.00554014
5240.88	-0.00555676
5238.95	-0.0054182
5237.02	-0.00521841
5235.09	-0.00511017
5233.16	-0.00508171
5231.24	-0.00496897
5229.31	-0.00483986
5227.38	-0.00474928
5225.45	-0.00462708
5223.52	-0.00448429
5221.6	-0.00433079
5219.67	-0.00421244
5217.74	-0.0039816
5215.81	-0.00384106
5213.88	-0.00382145
5211.96	-0.00366998
5210.03	-0.00356201
5208.1	-0.00351031
5206.17	-0.00347198
5204.24	-0.00337132
5202.31	-0.00320526
5200.39	-0.00310733
5198.46	-0.00292843
5196.53	-0.002789
5194.6	-0.00263532
5192.67	-0.00253816
5190.75	-0.00246176
5188.82	-0.00229571
5186.89	-0.00222131
5184.96	-0.00209178
5183.03	-0.00187999
5181.11	-0.00183377
5179.18	-0.00175154
5177.25	-0.00167164
5175.32	-0.00165962
5173.39	-0.00162879
5171.47	-0.00148286
5169.54	-0.00126513
5167.61	-0.00114724
5165.68	-0.00109307
5163.75	-0.00103285
5161.83	-0.000918597
5159.9	-0.000852298
5157.97	-0.000824817
5156.04	-0.00071858
5154.11	-0.000581378
5152.19	-0.000462603
5150.26	-0.000405073
5148.33	-0.000456016
5146.4	-0.000455156
5144.47	-0.000359356
5142.55	-0.000332936
5140.62	-0.000352337
5138.69	-0.000339193
5136.76	-0.000270588
5134.83	-0.00017372
5132.91	-4.88037e-05
5130.98	0.000117277
5129.05	7.88662e-05
5127.12	2.50169e-05
5125.19	0.000145549
5123.27	0.000215458
5121.34	0.000248775
5119.41	0.000347848
5117.48	0.000312832
5115.55	0.00017253
5113.62	0.000221591
5111.7	0.000338464
5109.77	0.00032258
5107.84	0.000323343
5105.91	0.000395635
5103.99	0.000472881
5102.06	0.000438651
5100.13	0.000349373
5098.2	0.000366286
5096.27	0.000452515
5094.34	0.000520417
5092.42	0.000550739
5090.49	0.000542478
5088.56	0.000626884
5086.63	0.000669757
5084.71	0.000678618
5082.78	0.000660864
5080.85	0.000672379
5078.92	0.0007516
5076.99	0.000797904
5075.06	0.000784162
5073.14	0.000732482
5071.21	0.000754985
5069.28	0.000756811
5067.35	0.000770154
5065.42	0.00079412
5063.5	0.000845807
5061.57	0.000976895
5059.64	0.00106238
5057.71	0.0010952
5055.78	0.00115892
5053.86	0.00115121
5051.93	0.00114244
5050	0.00117181
5048.07	0.00111404
5046.14	0.0011535
5044.22	0.00120666
5042.29	0.00124733
5040.36	0.001347
5038.43	0.00150078
5036.5	0.00162402
5034.58	0.00168522
5032.65	0.00173215
5030.72	0.00182847
5028.79	0.00196891
5026.86	0.00213017
5024.94	0.00225052
5023.01	0.00227044
5021.08	0.00226891
5019.15	0.00232443
5017.22	0.00225612
5015.3	0.00211685
5013.37	0.00192368
5011.44	0.00175241
5009.51	0.00163396
5007.58	0.00149582
5005.66	0.00135497
5003.73	0.00121932
5001.8	0.00114862
4999.87	0.00111852
4997.94	0.00103953
4996.02	0.000852115
4994.09	0.000754886
4992.16	0.000633388
4990.23	0.00050174
4988.3	0.000562052
4986.38	0.000509702
4984.45	0.000434273
4982.52	0.000384392
4980.59	0.000291445
4978.66	0.000240454
4976.73	0.000224707
4974.81	0.000188739
4972.88	0.000146046
4970.95	0.000183005
4969.02	0.000185988
4967.09	0.000105014
4965.17	2.75021e-05
4963.24	-9.9402e-07
4961.31	-8.91877e-05
4959.38	-0.000207701
4957.45	-0.000183921
4955.53	-0.000164148
4953.6	-0.000230419
4951.67	-0.000252209
4949.74	-0.00030317
4947.81	-0.00034204
4945.89	-0.000272177
4943.96	-0.000297938
4942.03	-0.000331578
4940.1	-0.000409311
4938.17	-0.000479185
4936.25	-0.000411595
4934.32	-0.000472168
4932.39	-0.000607882
4930.46	-0.000595474
4928.53	-0.000690395
4926.61	-0.000758504
4924.68	-0.00074362
4922.75	-0.00073578
4920.82	-0.000785229
4918.89	-0.000878554
4916.97	-0.000894526
4915.04	-0.000881398
4913.11	-0.000954701
4911.18	-0.00108931
4909.25	-0.00119192
4907.33	-0.00120897
4905.4	-0.00116978
4903.47	-0.00121716
4901.54	-0.00129536
4899.61	-0.00138049
4897.69	-0.00146837
4895.76	-0.00159083
4893.83	-0.00161826
4891.9	-0.001642
4889.97	-0.00172029
4888.05	-0.00177078
4886.12	-0.00181681
4884.19	-0.00184568
4882.26	-0.00185327
4880.33	-0.00187455
4878.41	-0.00193175
4876.48	-0.00199221
4874.55	-0.00200534
4872.62	-0.00200514
4870.69	-0.00215116
4868.77	-0.00220994
4866.84	-0.00226311
4864.91	-0.00231433
4862.98	-0.0022936
4861.05	-0.0022941
4859.12	-0.00238077
4857.2	-0.00245402
4855.27	-0.00241682
4853.34	-0.00231825
4851.41	-0.00244601
4849.48	-0.00260957
4847.56	-0.00259847
4845.63	-0.00265073
4843.7	-0.00276496
4841.77	-0.00286027
4839.84	-0.00289463
4837.92	-0.00297579
4835.99	-0.00302087
4834.06	-0.00307404
4832.13	-0.00308549
4830.2	-0.00301261
4828.28	-0.003008
4826.35	-0.00315487
4824.42	-0.00327087
4822.49	-0.00326637
4820.56	-0.00335219
4818.64	-0.00344733
4816.71	-0.00339772
4814.78	-0.00344549
4812.85	-0.00357177
4810.92	-0.00371995
4809	-0.00370326
4807.07	-0.00360052
4805.14	-0.00363722
4803.21	-0.00379573
4801.28	-0.00384451
4799.36	-0.00376532
4797.43	-0.00380165
4795.5	-0.00393609
4793.57	-0.00403075
4791.64	-0.00405409
4789.72	-0.00409335
4787.79	-0.00407378
4785.86	-0.00411091
4783.93	-0.00417372
4782	-0.00415653
4780.08	-0.00421084
4778.15	-0.0043241
4776.22	-0.00441703
4774.29	-0.00447727
4772.36	-0.00446061
4770.44	-0.00439292
4768.51	-0.00443192
4766.58	-0.0045339
4764.65	-0.00465062
4762.72	-0.00474918
4760.79	-0.00472408
4758.87	-0.0047186
4756.94	-0.00469209
4755.01	-0.00476924
4753.08	-0.00494732
4751.16	-0.00498126
4749.23	-0.00493002
4747.3	-0.004943
4745.37	-0.00494552
4743.44	-0.00499822
4741.51	-0.00515941
4739.59	-0.00529806
4737.66	-0.00528126
4735.73	-0.00522336
4733.8	-0.00523524
4731.88	-0.0052557
4729.95	-0.00531937
4728.02	-0.00534653
4726.09	-0.00534656
4724.16	-0.0053589
4722.23	-0.00528434
4720.31	-0.00523573
4718.38	-0.00537572
4716.45	-0.00545033
4714.52	-0.00550998
4712.59	-0.00560704
4710.67	-0.00562755
4708.74	-0.00576647
4706.81	-0.00579462
4704.88	-0.00578298
4702.95	-0.00578916
4701.03	-0.00577091
4699.1	-0.00581603
4697.17	-0.00586634
4695.24	-0.0058379
4693.31	-0.00584673
4691.39	-0.00590259
4689.46	-0.00590776
4687.53	-0.00591119
4685.6	-0.00602247
4683.67	-0.00601198
4681.75	-0.0060027
4679.82	-0.00604691
4677.89	-0.00604358
4675.96	-0.00602257
4674.03	-0.00603411
4672.11	-0.00600388
4670.18	-0.00603267
4668.25	-0.0060825
4666.32	-0.00602558
4664.39	-0.00603531
4662.47	-0.00615774
4660.54	-0.00630436
4658.61	-0.00631223
4656.68	-0.00625344
4654.75	-0.00621791
4652.83	-0.00627141
4650.9	-0.00631758
4648.97	-0.00637998
4647.04	-0.00642752
4645.11	-0.00643565
4643.19	-0.00645661
4641.26	-0.00655339
4639.33	-0.0065717
4637.4	-0.00656808
4635.47	-0.00657986
4633.54	-0.00650051
4631.62	-0.00655897
4629.69	-0.00667557
4627.76	-0.00665544
4625.83	-0.00663831
4623.9	-0.00668053
4621.98	-0.00664356
4620.05	-0.00662147
4618.12	-0.00666624
4616.19	-0.00668607
4614.26	-0.00667038
4612.34	-0.00664464
4610.41	-0.00658309
4608.48	-0.00660384
4606.55	-0.00664992
4604.62	-0.0067113
4602.7	-0.0067966
4600.77	-0.00680822
4598.84	-0.00674206
4596.91	-0.00660048
4594.98	-0.00661585
4593.06	-0.00674115
4591.13	-0.00678757
4589.2	-0.00674229
4587.27	-0.00676901
4585.34	-0.00679934
4583.42	-0.00668046
4581.49	-0.00667717
4579.56	-0.00672448
4577.63	-0.00670395
4575.7	-0.006648
4573.78	-0.00659324
4571.85	-0.00660551
4569.92	-0.00655864
4567.99	-0.0065043
4566.06	-0.00643323
4564.14	-0.00636356
4562.21	-0.00635785
4560.28	-0.00640512
4558.35	-0.00632646
4556.42	-0.00631206
4554.5	-0.00634498
4552.57	-0.00632137
4550.64	-0.00626572
4548.71	-0.00611354
4546.78	-0.00606172
4544.86	-0.00604329
4542.93	-0.00597456
4541	-0.0059694
4539.07	-0.00600244
4537.14	-0.00597636
4535.22	-0.00587416
4533.29	-0.00586572
4531.36	-0.00593351
4529.43	-0.00593688
4527.5	-0.00598966
4525.58	-0.00597218
4523.65	-0.0059843
4521.72	-0.00601871
4519.79	-0.0060294
4517.86	-0.00598721
4515.94	-0.00590521
4514.01	-0.00599211
4512.08	-0.00615176
4510.15	-0.00632578
4508.22	-0.00646425
4506.29	-0.00644508
4504.37	-0.00640382
4502.44	-0.00642034
4500.51	-0.00652516
4498.58	-0.00657111
4496.65	-0.00654683
4494.73	-0.00658485
4492.8	-0.00670095
4490.87	-0.00673939
4488.94	-0.00677028
4487.01	-0.00684012
4485.09	-0.00697676
4483.16	-0.00700444
4481.23	-0.00691728
4479.3	-0.00697346
4477.37	-0.00710759
4475.45	-0.00714093
4473.52	-0.00712189
4471.59	-0.00704891
4469.66	-0.00702185
4467.73	-0.00708196
4465.81	-0.00715413
4463.88	-0.00709047
4461.95	-0.00707779
4460.02	-0.00710768
4458.09	-0.00709285
4456.17	-0.00709093
4454.24	-0.00721152
4452.31	-0.00728419
4450.38	-0.00725297
4448.45	-0.0071716
4446.53	-0.00714354
4444.6	-0.00715801
4442.67	-0.00718972
4440.74	-0.00715863
4438.81	-0.00710025
4436.89	-0.00712489
4434.96	-0.00720028
4433.03	-0.00718408
4431.1	-0.0070242
4429.17	-0.00690759
4427.25	-0.00705615
4425.32	-0.00714363
4423.39	-0.0070847
4421.46	-0.0070387
4419.53	-0.00706667
4417.61	-0.00697447
4415.68	-0.0069672
4413.75	-0.00704666
4411.82	-0.006972
4409.89	-0.00696199
4407.96	-0.00700271
4406.04	-0.00699948
4404.11	-0.00706756
4402.18	-0.00703877
4400.25	-0.00703378
4398.33	-0.00706782
4396.4	-0.00704493
4394.47	-0.00705318
4392.54	-0.00717329
4390.61	-0.00718561
4388.68	-0.00708125
4386.76	-0.00699159
4384.83	-0.00703489
4382.9	-0.00705386
4380.97	-0.00705742
4379.04	-0.0070271
4377.12	-0.0070165
4375.19	-0.00707117
4373.26	-0.00714246
4371.33	-0.00714513
4369.4	-0.0070861
4367.48	-0.00696296
4365.55	-0.00692318
4363.62	-0.00697708
4361.69	-0.00697891
4359.76	-0.00694911
4357.84	-0.00693694
4355.91	-0.00699909
4353.98	-0.00704692
4352.05	-0.00700379
4350.12	-0.00699414
4348.2	-0.00691731
4346.27	-0.00675547
4344.34	-0.00680169
4342.41	-0.00686079
4340.48	-0.006824
4338.56	-0.00690019
4336.63	-0.00697444
4334.7	-0.00693753
4332.77	-0.00686207
4330.84	-0.00678966
4328.92	-0.00674989
4326.99	-0.00682727
4325.06	-0.00685391
4323.13	-0.00681728
4321.2	-0.00674777
4319.28	-0.00672549
4317.35	-0.00680975
4315.42	-0.00685933
4313.49	-0.00674128
4311.56	-0.00672157
4309.64	-0.00670784
4307.71	-0.00661119
4305.78	-0.00663286
4303.85	-0.00673456
4301.92	-0.006631
4300	-0.00652235
4298.07	-0.00659722
4296.14	-0.00666196
4294.21	-0.00659069
4292.28	-0.00666865
4290.35	-0.00669404
4288.43	-0.00657927
4286.5	-0.00654402
4284.57	-0.00659608
4282.64	-0.00658058
4280.71	-0.00651889
4278.79	-0.00652415
4276.86	-0.00646026
4274.93	-0.00643715
4273	-0.0064141
4271.07	-0.00637117
4269.15	-0.0063633
4267.22	-0.00634459
4265.29	-0.0062943
4263.36	-0.00631523
4261.43	-0.0063889
4259.51	-0.00637606
4257.58	-0.00640467
4255.65	-0.00637303
4253.72	-0.00626961
4251.79	-0.00623992
4249.87	-0.00626069
4247.94	-0.00632601
4246.01	-0.00625217
4244.08	-0.00615163
4242.15	-0.00614849
4240.23	-0.00617286
4238.3	-0.00624283
4236.37	-0.00620843
4234.44	-0.00617469
4232.51	-0.00627885
4230.59	-0.00628982
4228.66	-0.00613196
4226.73	-0.00606204
4224.8	-0.00614039
4222.87	-0.00616835
4220.95	-0.00608295
4219.02	-0.00596597
4217.09	-0.00604574
4215.16	-0.00613549
4213.23	-0.00610008
4211.31	-0.00604365
4209.38	-0.00604273
4207.45	-0.0059075
4205.52	-0.0058636
4203.59	-0.0059862
4201.67	-0.00600316
4199.74	-0.00595303
4197.81	-0.00596349
4195.88	-0.00600192
4193.95	-0.00594662
4192.03	-0.00588805
4190.1	-0.00586961
4188.17	-0.00582865
4186.24	-0.00576133
4184.31	-0.00579086
4182.39	-0.00586477
4180.46	-0.00587854
4178.53	-0.00590547
4176.6	-0.00587942
4174.67	-0.00577516
4172.75	-0.00571902
4170.82	-0.00576934
4168.89	-0.00574773
4166.96	-0.00576107
4165.03	-0.00585353
4163.1	-0.00584693
4161.18	-0.00579779
4159.25	-0.0056542
4157.32	-0.00562794
4155.39	-0.00568171
4153.46	-0.00572749
4151.54	-0.00569959
4149.61	-0.00559003
4147.68	-0.00558349
4145.75	-0.00561021
4143.82	-0.00556458
4141.9	-0.00553605
4139.97	-0.00564629
4138.04	-0.00570761
4136.11	-0.00560249
4134.18	-0.00555552
4132.26	-0.00557165
4130.33	-0.00555352
4128.4	-0.00556994
4126.47	-0.0055775
4124.54	-0.00551413
4122.62	-0.00551881
4120.69	-0.00553707
4118.76	-0.00547563
4116.83	-0.00542769
4114.9	-0.00543754
4112.98	-0.00546368
4111.05	-0.00551096
4109.12	-0.00552712
4107.19	-0.00550108
4105.26	-0.00542272
4103.34	-0.005413
4101.41	-0.00540711
4099.48	-0.00531544
4097.55	-0.00527033
4095.62	-0.00530215
4093.7	-0.00540007
4091.77	-0.00551096
4089.84	-0.00554757
4087.91	-0.00550478
4085.98	-0.0054037
4084.06	-0.00531243
4082.13	-0.00529865
4080.2	-0.0053337
4078.27	-0.00537818
4076.34	-0.00533318
4074.42	-0.00515542
4072.49	-0.00519166
4070.56	-0.00526788
4068.63	-0.00516698
4066.7	-0.00513869
4064.78	-0.00518276
4062.85	-0.0052044
4060.92	-0.00522823
4058.99	-0.0052319
4057.06	-0.00518698
4055.14	-0.00512045
4053.21	-0.00504303
4051.28	-0.00502721
4049.35	-0.00508384
4047.42	-0.00513073
4045.5	-0.00502279
4043.57	-0.00505888
4041.64	-0.0051968
4039.71	-0.00520172
4037.78	-0.00516816
4035.85	-0.00507879
4033.93	-0.00504644
4032	-0.00511318
4030.07	-0.0051214
4028.14	-0.00509563
4026.21	-0.00509121
4024.29	-0.00502767
4022.36	-0.00493805
4020.43	-0.00496291
4018.5	-0.00510034
4016.57	-0.00515414
4014.65	-0.00511344
4012.72	-0.00514733
4010.79	-0.00507401
4008.86	-0.00505318
4006.93	-0.00502377
4005.01	-0.00494761
4003.08	-0.00502243
4001.15	-0.00507653
3999.22	-0.00504804
3997.29	-0.00510385
3995.37	-0.00515103
3993.44	-0.00510738
3991.51	-0.0051414
3989.58	-0.00518767
3987.65	-0.00505125
3985.73	-0.00506009
3983.8	-0.0051936
3981.87	-0.00529593
3979.94	-0.00534702
3978.01	-0.00529901
3976.09	-0.00532143
3974.16	-0.00535556
3972.23	-0.00536901
3970.3	-0.00538656
3968.37	-0.00542808
3966.45	-0.00549244
3964.52	-0.00543538
3962.59	-0.00550059
3960.66	-0.00555513
3958.73	-0.00544844
3956.81	-0.00535547
3954.88	-0.00544392
3952.95	-0.00561021
3951.02	-0.00562248
3949.09	-0.00562728
3947.17	-0.00562467
3945.24	-0.00553517
3943.31	-0.00552804
3941.38	-0.00561911
3939.45	-0.0056735
3937.53	-0.00564701
3935.6	-0.00559569
3933.67	-0.00560691
3931.74	-0.00567595
3929.81	-0.00575538
3927.88	-0.00573037
3925.96	-0.00573256
3924.03	-0.00579377
3922.1	-0.00579625
3920.17	-0.00573128
3918.24	-0.00583673
3916.32	-0.00586445
3914.39	-0.00579396
3912.46	-0.00586252
3910.53	-0.00585046
3908.6	-0.00577353
3906.68	-0.00577716
3904.75	-0.00573756
3902.82	-0.00564001
3900.89	-0.0056766
3898.96	-0.00578876
3897.04	-0.00584029
3895.11	-0.0059159
3893.18	-0.00598554
3891.25	-0.00595679
3889.32	-0.00595368
3887.4	-0.00598689
3885.47	-0.00597891
3883.54	-0.00590276
3881.61	-0.00582345
3879.68	-0.00580887
3877.76	-0.00580066
3875.83	-0.00582767
3873.9	-0.00585598
3871.97	-0.00581613
3870.04	-0.00582623
3868.12	-0.00586262
3866.19	-0.00586951
3864.26	-0.00592472
3862.33	-0.00587017
3860.4	-0.00576597
3858.48	-0.00574992
3856.55	-0.00581597
3854.62	-0.005749
3852.69	-0.005682
3850.76	-0.00568187
3848.84	-0.00578697
3846.91	-0.00584503
3844.98	-0.0057765
3843.05	-0.00569786
3841.12	-0.00569577
3839.2	-0.00560364
3837.27	-0.00550232
3835.34	-0.0055426
3833.41	-0.00558529
3831.48	-0.00563546
3829.56	-0.00567664
3827.63	-0.00559974
3825.7	-0.00549454
3823.77	-0.00540927
3821.84	-0.0054001
3819.92	-0.00539506
3817.99	-0.00525851
3816.06	-0.00514664
3814.13	-0.00517159
3812.2	-0.00512546
3810.27	-0.00514465
3808.35	-0.00521943
3806.42	-0.00514605
3804.49	-0.00509638
3802.56	-0.00505636
3800.64	-0.00504208
3798.71	-0.00509084
3796.78	-0.00504408
3794.85	-0.00488589
3792.92	-0.00480191
3790.99	-0.0048082
3789.07	-0.00479054
3787.14	-0.00476055
3785.21	-0.00469704
3783.28	-0.00460259
3781.35	-0.00458263
3779.43	-0.00451013
3777.5	-0.0044081
3775.57	-0.00431918
3773.64	-0.00427876
3771.71	-0.00425566
3769.79	-0.00422242
3767.86	-0.00424145
3765.93	-0.00419545
3764	-0.00414074
3762.07	-0.00402904
3760.15	-0.00395527
3758.22	-0.00398025
3756.29	-0.0039403
3754.36	-0.00376798
3752.43	-0.00370776
3750.51	-0.00369479
3748.58	-0.0036529
3746.65	-0.00354334
3744.72	-0.00341561
3742.79	-0.0033104
3740.87	-0.00316007
3738.94	-0.00311849
3737.01	-0.00313786
3735.08	-0.00303722
3733.15	-0.00293149
3731.23	-0.002708
3729.3	-0.00230224
3727.37	-0.00153764
3725.44	-0.000503147
3723.51	0.000492983
3721.59	0.00128541
3719.66	0.00176289
3717.73	0.00180544
3715.8	0.00173002
3713.87	0.00196009
3711.95	0.00251492
3710.02	0.00326581
3708.09	0.00428589
3706.16	0.00559961
3704.23	0.00660357
3702.31	0.00753702
3700.38	0.00827375
3698.45	0.00871777
3696.52	0.00884331
3694.59	0.00863238
3692.67	0.00850941
3690.74	0.00812015
3688.81	0.00755846
3686.88	0.00733808
3684.95	0.00713812
3683.02	0.00693122
3681.1	0.00700823
3679.17	0.00727857
3677.24	0.00749147
3675.31	0.00801173
3673.38	0.00864922
3671.46	0.00941497
3669.53	0.010284
3667.6	0.0109944
3665.67	0.0118695
3663.74	0.0128239
3661.82	0.0139123
3659.89	0.0151225
3657.96	0.0163072
3656.03	0.017557
3654.1	0.018753
3652.18	0.0200857
3650.25	0.0216879
3648.32	0.0232068
3646.39	0.0246346
3644.46	0.0261787
3642.54	0.0279071
3640.61	0.0296646
3638.68	0.031539
3636.75	0.033473
3634.82	0.0354842
3632.9	0.0375572
3630.97	0.0399218
3629.04	0.0423501
3627.11	0.0447906
3625.18	0.0474976
3623.26	0.0502555
3621.33	0.0531366
3619.4	0.056164
3617.47	0.0593209
3615.54	0.0626923
3613.62	0.0661943
3611.69	0.0698733
3609.76	0.0736442
3607.83	0.0776136
3605.9	0.0818157
3603.98	0.0862095
3602.05	0.0908088
3600.12	0.0955839
3598.19	0.100566
3596.26	0.105633
3594.34	0.110992
3592.41	0.116397
3590.48	0.122135
3588.55	0.127973
3586.62	0.134079
3584.7	0.140449
3582.77	0.146781
3580.84	0.153207
3578.91	0.159902
3576.98	0.166893
3575.05	0.174028
3573.13	0.181292
3571.2	0.188639
3569.27	0.196074
3567.34	0.203616
3565.42	0.211188
3563.49	0.219062
3561.56	0.227189
3559.63	0.235351
3557.7	0.243587
3555.77	0.251974
3553.85	0.260456
3551.92	0.268975
3549.99	0.277725
3548.06	0.286474
3546.13	0.295218
3544.21	0.30392
3542.28	0.312534
3540.35	0.321458
3538.42	0.330248
3536.49	0.338642
3534.57	0.346818
3532.64	0.354922
3530.71	0.363041
3528.78	0.371003
3526.85	0.378546
3524.93	0.38569
3523	0.39279
3521.07	0.399633
3519.14	0.406252
3517.21	0.412365
3515.29	0.417948
3513.36	0.423415
3511.43	0.428737
3509.5	0.433204
3507.57	0.437296
3505.65	0.441191
3503.72	0.444473
3501.79	0.447479
3499.86	0.450134
3497.93	0.452499
3496.01	0.454481
3494.08	0.45616
3492.15	0.457571
3490.22	0.458574
3488.29	0.459436
3486.37	0.460191
3484.44	0.46061
3482.51	0.460511
3480.58	0.460295
3478.65	0.460141
3476.73	0.459793
3474.8	0.459569
3472.87	0.459123
3470.94	0.458307
3469.01	0.457379
3467.09	0.45656
3465.16	0.455624
3463.23	0.454428
3461.3	0.453373
3459.37	0.452749
3457.44	0.452271
3455.52	0.451383
3453.59	0.450089
3451.66	0.449028
3449.73	0.448258
3447.81	0.447222
3445.88	0.446134
3443.95	0.445252
3442.02	0.444473
3440.09	0.443607
3438.16	0.442461
3436.24	0.441656
3434.31	0.441004
3432.38	0.4402
3430.45	0.439448
3428.52	0.438813
3426.6	0.438414
3424.67	0.43798
3422.74	0.437232
3420.81	0.436409
3418.88	0.435377
3416.96	0.435021
3415.03	0.434732
3413.1	0.434164
3411.17	0.433868
3409.24	0.433956
3407.32	0.433584
3405.39	0.433131
3403.46	0.43268
3401.53	0.432521
3399.6	0.432796
3397.68	0.433009
3395.75	0.432825
3393.82	0.432605
3391.89	0.432538
3389.96	0.432754
3388.04	0.432906
3386.11	0.432996
3384.18	0.433118
3382.25	0.433649
3380.32	0.433931
3378.4	0.433815
3376.47	0.433934
3374.54	0.434104
3372.61	0.4344
3370.68	0.43479
3368.76	0.435137
3366.83	0.435354
3364.9	0.435571
3362.97	0.43582
3361.04	0.436271
3359.12	0.43709
3357.19	0.437456
3355.26	0.437412
3353.33	0.437809
3351.4	0.438259
3349.48	0.438409
3347.55	0.438663
3345.62	0.439327
3343.69	0.440166
3341.76	0.440552
3339.83	0.441032
3337.91	0.44164
3335.98	0.442037
3334.05	0.442626
3332.12	0.443264
3330.19	0.443867
3328.27	0.444628
3326.34	0.445497
3324.41	0.446267
3322.48	0.446751
3320.55	0.447218
3318.63	0.447741
3316.7	0.448833
3314.77	0.449911
3312.84	0.450541
3310.91	0.451113
3308.99	0.451821
3307.06	0.452747
3305.13	0.453584
3303.2	0.454599
3301.27	0.45585
3299.35	0.45664
3297.42	0.45737
3295.49	0.458282
3293.56	0.459151
3291.63	0.459851
3289.71	0.460788
3287.78	0.461822
3285.85	0.462593
3283.92	0.46338
3281.99	0.464061
3280.07	0.464906
3278.14	0.465864
3276.21	0.466586
3274.28	0.4672
3272.35	0.467998
3270.43	0.469347
3268.5	0.470778
3266.57	0.471514
3264.64	0.471779
3262.71	0.472035
3260.79	0.472646
3258.86	0.47333
3256.93	0.474176
3255	0.47502
3253.07	0.47561
3251.15	0.476072
3249.22	0.476505
3247.29	0.477013
3245.36	0.477344
3243.43	0.477483
3241.51	0.477945
3239.58	0.478376
3237.65	0.478912
3235.72	0.479295
3233.79	0.479255
3231.87	0.479244
3229.94	0.479205
3228.01	0.479303
3226.08	0.47903
3224.15	0.47882
3222.22	0.478987
3220.3	0.479015
3218.37	0.478814
3216.44	0.478345
3214.51	0.47799
3212.58	0.477615
3210.66	0.477142
3208.73	0.47673
3206.8	0.47615
3204.87	0.475301
3202.94	0.474519
3201.02	0.47387
3199.09	0.472995
3197.16	0.471865
3195.23	0.47064
3193.3	0.469425
3191.38	0.468322
3189.45	0.467058
3187.52	0.465583
3185.59	0.463943
3183.66	0.462106
3181.74	0.460687
3179.81	0.45917
3177.88	0.457288
3175.95	0.455397
3174.02	0.453844
3172.1	0.452239
3170.17	0.450209
3168.24	0.448059
3166.31	0.445633
3164.38	0.443225
3162.46	0.440828
3160.53	0.438284
3158.6	0.435552
3156.67	0.432609
3154.74	0.429758
3152.82	0.427031
3150.89	0.424059
3148.96	0.420974
3147.03	0.418006
3145.1	0.414958
3143.18	0.411856
3141.25	0.408284
3139.32	0.404594
3137.39	0.40089
3135.46	0.397562
3133.54	0.394057
3131.61	0.38989
3129.68	0.386142
3127.75	0.382445
3125.82	0.378079
3123.9	0.373695
3121.97	0.369376
3120.04	0.364863
3118.11	0.360462
3116.18	0.356028
3114.26	0.351088
3112.33	0.346238
3110.4	0.341426
3108.47	0.33646
3106.54	0.331511
3104.61	0.326457
3102.69	0.321151
3100.76	0.315617
3098.83	0.309749
3096.9	0.30404
3094.98	0.298571
3093.05	0.29289
3091.12	0.287148
3089.19	0.28124
3087.26	0.275225
3085.33	0.269004
3083.41	0.262929
3081.48	0.256933
3079.55	0.250583
3077.62	0.244295
3075.69	0.238123
3073.77	0.231802
3071.84	0.225589
3069.91	0.21951
3067.98	0.213249
3066.05	0.206864
3064.13	0.200618
3062.2	0.194489
3060.27	0.188357
3058.34	0.182403
3056.41	0.176681
3054.49	0.170855
3052.56	0.165161
3050.63	0.159642
3048.7	0.154215
3046.77	0.149116
3044.85	0.143994
3042.92	0.138951
3040.99	0.134087
3039.06	0.129363
3037.13	0.124708
3035.21	0.120255
3033.28	0.116058
3031.35	0.112117
3029.42	0.108163
3027.49	0.104204
3025.57	0.100594
3023.64	0.0973172
3021.71	0.0941699
3019.78	0.0910736
3017.85	0.0879586
3015.93	0.08477
3014	0.081752
3012.07	0.079037
3010.14	0.0765625
3008.21	0.0740757
3006.29	0.0716683
3004.36	0.0694323
3002.43	0.0672083
3000.5	0.0651509
2998.57	0.0631806
2996.65	0.061296
2994.72	0.059621
2992.79	0.0580107
2990.86	0.0562806
2988.93	0.0547676
2987	0.053364
2985.08	0.051914
2983.15	0.0504538
2981.22	0.049221
2979.29	0.0482165
2977.36	0.0471506
2975.44	0.0458533
2973.51	0.0446904
2971.58	0.0435786
2969.65	0.0426081
2967.72	0.0416766
2965.8	0.0407696
2963.87	0.0398197
2961.94	0.0391603
2960.01	0.0386581
2958.08	0.037988
2956.16	0.0371604
2954.23	0.0364278
2952.3	0.0358842
2950.37	0.0352641
2948.44	0.0346244
2946.52	0.033955
2944.59	0.0333513
2942.66	0.0329118
2940.73	0.0324578
2938.8	0.0320639
2936.88	0.0315271
2934.95	0.0310146
2933.02	0.0306043
2931.09	0.0302174
2929.16	0.0298589
2927.24	0.0294419
2925.31	0.0290173
2923.38	0.0286625
2921.45	0.0283082
2919.52	0.0279101
2917.6	0.0275212
2915.67	0.027225
2913.74	0.0268917
2911.81	0.0265352
2909.88	0.0262833
2907.96	0.0260751
2906.03	0.0258131
2904.1	0.0255094
2902.17	0.0252666
2900.24	0.0250123
2898.32	0.0248021
2896.39	0.0246237
2894.46	0.024162
2892.53	0.0238278
2890.6	0.0236505
2888.68	0.0233979
2886.75	0.0230774
2884.82	0.022775
2882.89	0.0226421
2880.96	0.0224633
2879.04	0.0222567
2877.11	0.0220765
2875.18	0.0218884
2873.25	0.0215651
2871.32	0.0212849
2869.39	0.0209968
2867.47	0.0208929
2865.54	0.0208914
2863.61	0.0207655
2861.68	0.0204791
2859.75	0.0203294
2857.83	0.0201061
2855.9	0.0197202
2853.97	0.0193937
2852.04	0.0193263
2850.11	0.0192896
2848.19	0.018974
2846.26	0.0185661
2844.33	0.018506
2842.4	0.0184976
2840.47	0.0183277
2838.55	0.0181549
2836.62	0.0177839
2834.69	0.017528
2832.76	0.0173823
2830.83	0.0172491
2828.91	0.017044
2826.98	0.0169858
2825.05	0.0167717
2823.12	0.0163628
2821.19	0.0161872
2819.27	0.0160939
2817.34	0.015972
2815.41	0.0156854
2813.48	0.0154276
2811.55	0.0153054
2809.63	0.0152033
2807.7	0.0150828
2805.77	0.014938
2803.84	0.0146958
2801.91	0.0144693
2799.99	0.0144351
2798.06	0.0142426
2796.13	0.0139951
2794.2	0.0138138
2792.27	0.0137952
2790.35	0.0136627
2788.42	0.0133436
2786.49	0.0129927
2784.56	0.012825
2782.63	0.0127701
2780.71	0.0127312
2778.78	0.0127343
2776.85	0.0124546
2774.92	0.0120119
2772.99	0.0116903
2771.06	0.0114587
2769.14	0.0115356
2767.21	0.0116214
2765.28	0.0113306
2763.35	0.0109405
2761.43	0.0108571
2759.5	0.0107656
2757.57	0.0106702
2755.64	0.0104295
2753.71	0.0103533
2751.78	0.0103636
2749.86	0.0103454
2747.93	0.0102694
2746	0.00996327
2744.07	0.00975031
2742.15	0.00954342
2740.22	0.0093398
2738.29	0.00927403
2736.36	0.00928063
2734.43	0.00904107
2732.5	0.00855989
2730.58	0.00852225
2728.65	0.00865351
2726.72	0.00852829
2724.79	0.00837261
2722.86	0.00824731
2720.94	0.00808366
2719.01	0.00798051
2717.08	0.00794609
2715.15	0.00785337
2713.22	0.00759049
2711.3	0.00731752
2709.37	0.00726341
2707.44	0.0072875
2705.51	0.00715716
2703.58	0.00700984
2701.66	0.00702274
2699.73	0.00698355
2697.8	0.00675609
2695.87	0.00643418
2693.94	0.00644128
2692.02	0.00650793
2690.09	0.0065411
2688.16	0.00658473
2686.23	0.00649475
2684.3	0.00636905
2682.38	0.0062376
2680.45	0.00600929
2678.52	0.00601812
2676.59	0.00602169
2674.66	0.0059717
2672.74	0.00582885
2670.81	0.00573285
2668.88	0.00583694
2666.95	0.00591802
2665.02	0.00557934
2663.1	0.00526165
2661.17	0.00525592
2659.24	0.00518479
2657.31	0.00506741
2655.38	0.00519847
2653.46	0.00532669
2651.53	0.00529161
2649.6	0.00528812
2647.67	0.00528704
2645.74	0.00543619
2643.81	0.00526873
2641.89	0.00492108
2639.96	0.00459861
2638.03	0.00466787
2636.1	0.004963
2634.17	0.00494772
2632.25	0.00484454
2630.32	0.00475456
2628.39	0.00463947
2626.46	0.00471473
2624.53	0.00476162
2622.61	0.00478879
2620.68	0.00485573
2618.75	0.00485238
2616.82	0.00503195
2614.89	0.00493525
2612.97	0.0046323
2611.04	0.00453355
2609.11	0.0046888
2607.18	0.00466867
2605.25	0.00438679
2603.33	0.00451059
2601.4	0.00455686
2599.47	0.00465022
2597.54	0.00487865
2595.61	0.00494125
2593.69	0.00468736
2591.76	0.00442863
2589.83	0.00424179
2587.9	0.00414434
2585.97	0.00421255
2584.05	0.00448976
2582.12	0.00473101
2580.19	0.00480886
2578.26	0.00485299
2576.33	0.00492222
2574.41	0.00488579
2572.48	0.00479268
2570.55	0.00484434
2568.62	0.0049568
2566.69	0.00475241
2564.77	0.00454069
2562.84	0.00483704
2560.91	0.00523821
2558.98	0.00516414
2557.05	0.00491086
2555.13	0.00495767
2553.2	0.00503118
2551.27	0.00487467
2549.34	0.00503704
2547.41	0.00513232
2545.49	0.00519267
2543.56	0.00518603
2541.63	0.00504613
2539.7	0.005147
2537.77	0.00521279
2535.85	0.00530046
2533.92	0.00536996
2531.99	0.00545837
2530.06	0.00554162
2528.13	0.00551007
2526.21	0.00555226
2524.28	0.00568477
2522.35	0.0058089
2520.42	0.00579675
2518.49	0.00575229
2516.56	0.00553793
2514.64	0.00534544
2512.71	0.00550987
2510.78	0.00564003
2508.85	0.00578818
2506.92	0.00596481
2505	0.00598483
2503.07	0.00599551
2501.14	0.00607937
2499.21	0.006186
2497.28	0.0061028
2495.36	0.00612938
2493.43	0.00633633
2491.5	0.00637036
2489.57	0.00637762
2487.64	0.00659152
2485.72	0.00686871
2483.79	0.00679153
2481.86	0.00691621
2479.93	0.00703429
2478	0.00682411
2476.08	0.00691584
2474.15	0.00723656
2472.22	0.0074736
2470.29	0.00753557
2468.36	0.00751301
2466.44	0.00768717
2464.51	0.0075561
2462.58	0.00756446
2460.65	0.00790408
2458.72	0.00810415
2456.8	0.00821061
2454.87	0.00817579
2452.94	0.0079001
2451.01	0.00825717
2449.08	0.00858449
2447.16	0.00845227
2445.23	0.00861677
2443.3	0.00868156
2441.37	0.00874853
2439.44	0.0089494
2437.52	0.00914972
2435.59	0.00907582
2433.66	0.00888274
2431.73	0.00906411
2429.8	0.00958762
2427.88	0.00967658
2425.95	0.00964416
2424.02	0.00952418
2422.09	0.00948591
2420.16	0.00954332
2418.24	0.00946857
2416.31	0.00955825
2414.38	0.00964433
2412.45	0.00992781
2410.52	0.01036
2408.6	0.0104682
2406.67	0.0106514
2404.74	0.0105232
2402.81	0.0105908
2400.88	0.0107952
2398.95	0.0109504
2397.03	0.0111264
2395.1	0.0112794
2393.17	0.0114481
2391.24	0.0112475
2389.31	0.0113752
2387.39	0.011855
2385.46	0.0119971
2383.53	0.011736
2381.6	0.0115392
2379.67	0.0116125
2377.75	0.0115095
2375.82	0.0118272
2373.89	0.0120634
2371.96	0.0121132
2370.03	0.0125489
2368.11	0.0128507
2366.18	0.0125514
2364.25	0.0126306
2362.32	0.0128847
2360.39	0.01314
2358.47	0.0131779
2356.54	0.0131982
2354.61	0.0137277
2352.68	0.0138412
2350.75	0.0139793
2348.83	0.0140878
2346.9	0.0146405
2344.97	0.0151955
2343.04	0.0148065
2341.11	0.0142539
2339.19	0.0142313
2337.26	0.0149941
2335.33	0.0153245
2333.4	0.0152331
2331.47	0.0152009
2329.55	0.0154567
2327.62	0.0158181
2325.69	0.0160533
2323.76	0.0162732
2321.83	0.0164335
2319.91	0.0161856
2317.98	0.0160184
2316.05	0.0163626
2314.12	0.0167314
2312.19	0.0169869
2310.27	0.0172575
2308.34	0.0174314
2306.41	0.0177069
2304.48	0.0176903
2302.55	0.0178803
2300.63	0.0182399
2298.7	0.0181321
2296.77	0.0183211
2294.84	0.0187721
2292.91	0.0187468
2290.98	0.0192547
2289.06	0.0203956
2287.13	0.0204206
2285.2	0.0203871
2283.27	0.0206737
2281.35	0.0203368
2279.42	0.0203648
2277.49	0.0208761
2275.56	0.0217286
2273.63	0.0217113
2271.7	0.0213509
2269.78	0.0212027
2267.85	0.0217469
2265.92	0.0226016
2263.99	0.0230569
2262.06	0.0229215
2260.14	0.023427
2258.21	0.0237499
2256.28	0.0241154
2254.35	0.0239755
2252.42	0.023886
2250.5	0.0240916
2248.57	0.023991
2246.64	0.0240922
2244.71	0.0234893
2242.78	0.0233913
2240.86	0.0250184
2238.93	0.0254948
2237	0.0244932
2235.07	0.023905
2233.14	0.024731
2231.22	0.0253271
2229.29	0.0250932
2227.36	0.0245593
2225.43	0.0241584
2223.5	0.0242239
2221.58	0.0249187
2219.65	0.0250991
2217.72	0.0248231
2215.79	0.0248109
2213.86	0.0248767
2211.94	0.025255
2210.01	0.0254459
2208.08	0.0255039
2206.15	0.025611
2204.22	0.0246718
2202.3	0.0242075
2200.37	0.0241248
2198.44	0.0246375
2196.51	0.0250341
2194.58	0.0247777
2192.66	0.0245113
2190.73	0.0246432
2188.8	0.0242822
2186.87	0.0238482
2184.94	0.0240395
2183.02	0.0246546
2181.09	0.024462
2179.16	0.0240243
2177.23	0.0243142
2175.3	0.0245018
2173.38	0.024111
2171.45	0.023627
2169.52	0.023129
2167.59	0.0230634
2165.66	0.0228443
2163.73	0.0218331
2161.81	0.0216558
2159.88	0.0216767
2157.95	0.0216532
2156.02	0.0219401
2154.09	0.0220053
2152.17	0.0227789
2150.24	0.0228572
2148.31	0.0219106
2146.38	0.0204099
2144.45	0.0194415
2142.53	0.0205209
2140.6	0.0211024
2138.67	0.0205782
2136.74	0.0203165
2134.81	0.0203245
2132.89	0.0196604
2130.96	0.0192848
2129.03	0.0206808
2127.1	0.0201739
2125.17	0.0190573
2123.25	0.0196389
2121.32	0.0200161
2119.39	0.0199743
2117.46	0.0199738
2115.53	0.0197003
2113.61	0.019243
2111.68	0.0190175
2109.75	0.0204461
2107.82	0.0218075
2105.89	0.0212715
2103.97	0.020767
2102.04	0.0214504
2100.11	0.020595
2098.18	0.0203211
2096.25	0.0212101
2094.33	0.021171
2092.4	0.0222551
2090.47	0.023273
2088.54	0.0219086
2086.61	0.0207867
2084.69	0.0211792
2082.76	0.0232293
2080.83	0.023527
2078.9	0.0230937
2076.97	0.0236496
2075.05	0.0236878
2073.12	0.0227288
2071.19	0.0238903
2069.26	0.0239228
2067.33	0.023126
2065.41	0.0242271
2063.48	0.0262781
2061.55	0.0268987
2059.62	0.0246752
2057.69	0.0221207
2055.77	0.0233537
2053.84	0.0251839
2051.91	0.0257535
2049.98	0.0253586
2048.05	0.0245584
2046.12	0.0229386
2044.2	0.0249943
2042.27	0.0257502
2040.34	0.024808
2038.41	0.0244738
2036.48	0.024992
2034.56	0.0263211
2032.63	0.0272693
2030.7	0.0270067
2028.77	0.0250136
2026.84	0.0239382
2024.92	0.0244566
2022.99	0.0229926
2021.06	0.0223732
2019.13	0.0230266
2017.2	0.0228169
2015.28	0.0217506
2013.35	0.0224891
2011.42	0.0238618
2009.49	0.0241943
2007.56	0.0235666
2005.64	0.0227145
2003.71	0.0222127
2001.78	0.0245083
