mAHm0066.spa, Thu Nov 02 13:47:57 2006 (GMT-10:00)
7999.41	0.0034689
7997.48	0.00413654
7995.55	0.00627908
7993.62	0.00625118
7991.7	0.00879184
7989.77	0.00768663
7987.84	0.00843585
7985.91	0.00922712
7983.98	0.0069757
7982.06	0.00636921
7980.13	0.00638952
7978.2	0.00341684
7976.27	0.00546867
7974.34	0.0089677
7972.42	0.00850653
7970.49	0.00704012
7968.56	0.00449552
7966.63	0.00417842
7964.7	0.00654026
7962.78	0.00788475
7960.85	0.0071548
7958.92	0.00481496
7956.99	0.0041155
7955.06	0.00105787
7953.14	0.00214758
7951.21	0.00492151
7949.28	0.00352047
7947.35	0.00471928
7945.42	0.00685117
7943.5	0.00707252
7941.57	0.00525273
7939.64	0.00379704
7937.71	0.00498854
7935.78	0.00674771
7933.86	0.00661053
7931.93	0.00687107
7930	0.00575514
7928.07	0.00450329
7926.14	0.00360596
7924.22	0.00375353
7922.29	0.00368478
7920.36	0.00352542
7918.43	0.00527111
7916.5	0.00477064
7914.58	0.00501261
7912.65	0.00811735
7910.72	0.0100502
7908.79	0.00896006
7906.86	0.00785863
7904.94	0.00512752
7903.01	0.00367656
7901.08	0.00633952
7899.15	0.00825839
7897.22	0.00591006
7895.3	0.00464861
7893.37	0.0028828
7891.44	0.00392211
7889.51	0.00457946
7887.58	0.00470666
7885.66	0.00722113
7883.73	0.00702911
7881.8	0.00520025
7879.87	0.00797265
7877.94	0.00578677
7876.02	0.00296749
7874.09	0.00497869
7872.16	0.00735813
7870.23	0.00744296
7868.3	0.00659522
7866.38	0.00450128
7864.45	0.00309095
7862.52	0.00466288
7860.59	0.00504398
7858.66	0.00391806
7856.74	0.00208908
7854.81	0.00240585
7852.88	0.00372509
7850.95	0.00396838
7849.02	0.00254371
7847.1	0.00225835
7845.17	0.00276927
7843.24	0.00328932
7841.31	0.00285892
7839.38	0.000492651
7837.46	0.00148472
7835.53	0.00364683
7833.6	0.00358244
7831.67	0.00166516
7829.74	0.00156173
7827.82	0.00343908
7825.89	0.00335693
7823.96	0.003323
7822.03	0.00401463
7820.1	0.00349606
7818.18	0.00114124
7816.25	0.00142205
7814.32	0.00517373
7812.39	0.00819217
7810.46	0.00799594
7808.54	0.00567336
7806.61	0.00678924
7804.68	0.00772407
7802.75	0.00562579
7800.82	0.00694782
7798.9	0.00764542
7796.97	0.0065374
7795.04	0.00527323
7793.11	0.00535628
7791.18	0.00348096
7789.26	0.00141235
7787.33	0.00142584
7785.4	0.00336958
7783.47	0.00718606
7781.54	0.00714628
7779.62	0.00485295
7777.69	0.00445146
7775.76	0.00289364
7773.83	0.00230505
7771.9	0.00317178
7769.98	0.00232087
7768.05	0.00133796
7766.12	0.00091387
7764.19	0.00197497
7762.26	0.0040762
7760.34	0.00338999
7758.41	0.00337626
7756.48	0.00278361
7754.55	0.00234322
7752.62	0.00170757
7750.7	0.00243964
7748.77	0.00411115
7746.84	0.00602582
7744.91	0.00561724
7742.98	0.00447316
7741.06	0.00353825
7739.13	0.0042785
7737.2	0.00543344
7735.27	0.00489293
7733.34	0.0030816
7731.42	0.00383482
7729.49	0.00463458
7727.56	0.00417852
7725.63	0.00373
7723.7	0.00305658
7721.78	0.00437317
7719.85	0.00436223
7717.92	0.00497581
7715.99	0.00536231
7714.06	0.00287953
7712.14	0.002381
7710.21	0.00527772
7708.28	0.00475821
7706.35	0.00282777
7704.42	0.00353567
7702.5	0.00501623
7700.57	0.00410172
7698.64	0.00403292
7696.71	0.00620523
7694.78	0.00758476
7692.86	0.00649714
7690.93	0.00385133
7689	0.00127149
7687.07	0.00224286
7685.14	0.00383194
7683.22	0.00362284
7681.29	0.00451119
7679.36	0.0044748
7677.43	0.00526286
7675.5	0.0059465
7673.58	0.00438392
7671.65	0.00199327
7669.72	0.000576882
7667.79	0.000282659
7665.86	0.00267601
7663.94	0.00368178
7662.01	0.00334668
7660.08	0.00325289
7658.15	0.00434128
7656.22	0.00518131
7654.29	0.00398256
7652.37	0.00556202
7650.44	0.00645059
7648.51	0.00636945
7646.58	0.00393949
7644.66	0.00211259
7642.73	0.00417973
7640.8	0.00443369
7638.87	0.00306455
7636.94	0.0038535
7635.02	0.00496759
7633.09	0.00513601
7631.16	0.00582858
7629.23	0.00628311
7627.3	0.00457266
7625.38	0.00323827
7623.45	0.0027393
7621.52	0.00102269
7619.59	0.00264571
7617.66	0.00503282
7615.73	0.00344475
7613.81	0.00188347
7611.88	0.00290745
7609.95	0.00229798
7608.02	0.0037549
7606.09	0.00468723
7604.17	0.00261451
7602.24	0.00160965
7600.31	0.00212015
7598.38	0.00225492
7596.46	0.0015057
7594.53	0.00200978
7592.6	0.00424547
7590.67	0.00566611
7588.74	0.00333943
7586.81	0.00177084
7584.89	0.00381867
7582.96	0.00514751
7581.03	0.00455853
7579.1	0.00302398
7577.17	0.00194797
7575.25	0.00178611
7573.32	0.00149237
7571.39	0.00250632
7569.46	0.00411988
7567.53	0.00483449
7565.61	0.00282406
7563.68	0.0033195
7561.75	0.00385367
7559.82	0.00269795
7557.89	0.0035343
7555.97	0.00394765
7554.04	0.00282063
7552.11	0.00267211
7550.18	0.00240882
7548.25	0.00179866
7546.33	0.00168834
7544.4	0.00126255
7542.47	0.00203578
7540.54	0.00306572
7538.61	0.00245537
7536.69	0.00126448
7534.76	0.00141763
7532.83	0.00227886
7530.9	0.00298224
7528.97	0.00443108
7527.05	0.00568498
7525.12	0.00480474
7523.19	0.00454966
7521.26	0.00287126
7519.33	-9.79994e-05
7517.41	0.000863337
7515.48	0.00314441
7513.55	0.00457735
7511.62	0.00465374
7509.69	0.00423122
7507.77	0.00313213
7505.84	0.00239759
7503.91	0.00266118
7501.98	0.00118201
7500.05	0.00073454
7498.13	0.00138828
7496.2	0.00307373
7494.27	0.00527048
7492.34	0.00500262
7490.41	0.00297497
7488.49	0.00241198
7486.56	0.00248626
7484.63	0.00150224
7482.7	0.00314505
7480.77	0.00517376
7478.85	0.0040377
7476.92	0.00315983
7474.99	0.00146727
7473.06	9.03991e-05
7471.13	0.00138569
7469.21	0.00195623
7467.28	0.000868615
7465.35	0.00314902
7463.42	0.00521373
7461.49	0.00453791
7459.57	0.00503175
7457.64	0.00430701
7455.71	0.00278378
7453.78	0.0032359
7451.85	0.00247
7449.93	0.000416894
7448	0.000725247
7446.07	0.00145792
7444.14	0.00226771
7442.21	0.00208279
7440.29	0.00173851
7438.36	0.00276684
7436.43	0.00322118
7434.5	0.00308534
7432.57	0.00268872
7430.65	0.00115566
7428.72	9.90821e-05
7426.79	0.000522042
7424.86	-0.000126653
7422.93	-0.000492225
7421.01	0.00142072
7419.08	0.00145187
7417.15	0.00084936
7415.22	0.00289154
7413.29	0.00294701
7411.37	0.000348909
7409.44	0.000888437
7407.51	0.0014921
7405.58	0.000185657
7403.65	0.000399515
7401.73	0.0022746
7399.8	0.00388072
7397.87	0.00158973
7395.94	0.0014178
7394.01	0.00337426
7392.09	0.00324351
7390.16	0.00265818
7388.23	0.00141833
7386.3	0.00191333
7384.37	0.00312525
7382.45	0.00290875
7380.52	0.00232497
7378.59	0.00171362
7376.66	0.00105239
7374.73	0.0015314
7372.81	0.00181756
7370.88	0.000738987
7368.95	0.00045298
7367.02	0.00142119
7365.09	0.00247026
7363.17	0.00270905
7361.24	0.00262211
7359.31	0.00230388
7357.38	0.00256598
7355.45	0.00291899
7353.53	0.00384087
7351.6	0.00299442
7349.67	0.00147624
7347.74	0.00107407
7345.81	0.00263824
7343.89	0.00475563
7341.96	0.00333946
7340.03	0.00378608
7338.1	0.0050412
7336.17	0.00285778
7334.25	0.000192717
7332.32	0.000381043
7330.39	0.000115719
7328.46	0.000471886
7326.53	0.00206528
7324.61	0.00322345
7322.68	0.0020469
7320.75	0.00141128
7318.82	0.00206271
7316.89	0.0028846
7314.97	0.00184411
7313.04	0.00243168
7311.11	0.00261128
7309.18	0.00218245
7307.25	0.00172157
7305.33	0.00324161
7303.4	0.00366433
7301.47	0.00193952
7299.54	0.00191406
7297.61	0.00268118
7295.69	0.00292092
7293.76	0.00198918
7291.83	0.000242112
7289.9	0.000344631
7287.97	0.00135481
7286.05	0.00186667
7284.12	0.00129881
7282.19	0.00113174
7280.26	0.000286671
7278.33	-0.00029615
7276.41	0.0017573
7274.48	0.00260171
7272.55	0.00290421
7270.62	0.00417541
7268.69	0.00342589
7266.77	0.00245184
7264.84	0.00221795
7262.91	0.00268652
7260.98	0.00217199
7259.05	0.00166197
7257.13	0.000984533
7255.2	5.04329e-05
7253.27	0.000701716
7251.34	0.00126454
7249.41	0.00200858
7247.49	0.00185026
7245.56	0.00219773
7243.63	0.00273876
7241.7	0.000883058
7239.77	0.000397194
7237.85	0.000925458
7235.92	0.000346356
7233.99	0.00145852
7232.06	0.00274053
7230.13	0.00124205
7228.21	-0.000335882
7226.28	-0.000445325
7224.35	-0.00034353
7222.42	0.0011932
7220.49	0.00187805
7218.57	0.00109995
7216.64	0.000617627
7214.71	0.000490296
7212.78	0.000709216
7210.85	0.000671251
7208.93	0.00183007
7207	0.001393
7205.07	0.000397227
7203.14	0.0012151
7201.21	0.00141038
7199.29	0.00218911
7197.36	0.00253958
7195.43	0.00141268
7193.5	0.00117347
7191.57	0.00189592
7189.65	0.000352059
7187.72	0.000450658
7185.79	0.00160094
7183.86	0.00278381
7181.93	0.00187609
7180	0.00137063
7178.08	0.000805971
7176.15	-1.64673e-05
7174.22	-5.43033e-05
7172.29	8.54867e-06
7170.37	0.000110284
7168.44	0.00118181
7166.51	0.00231467
7164.58	0.00104823
7162.65	0.000206607
7160.73	0.000468801
7158.8	-0.000276316
7156.87	0.000739087
7154.94	0.00144486
7153.01	0.00137721
7151.08	0.00122258
7149.16	0.00171791
7147.23	0.00272589
7145.3	0.00175777
7143.37	0.000117443
7141.44	0.00106733
7139.52	0.00264641
7137.59	0.0022362
7135.66	0.00101847
7133.73	0.00126847
7131.8	0.0016928
7129.88	0.000525758
7127.95	-0.000165341
7126.02	0.00103661
7124.09	0.00148642
7122.17	0.00138855
7120.24	0.00113862
7118.31	0.000399946
7116.38	-0.000328102
7114.45	-0.00076545
7112.52	0.00056736
7110.6	0.00203522
7108.67	0.00152252
7106.74	-2.1139e-05
7104.81	-0.000165341
7102.88	0.00080212
7100.96	0.00219327
7099.03	0.00166739
7097.1	0.000191126
7095.17	0.000195734
7093.24	0.000855999
7091.32	0.0010493
7089.39	0.00190121
7087.46	0.00251478
7085.53	0.0016481
7083.6	0.000860714
7081.68	-0.000409112
7079.75	-0.000537631
7077.82	0.000124436
7075.89	0.000115255
7073.96	0.00126355
7072.04	0.000495968
7070.11	0.000152443
7068.18	0.000532094
7066.25	0.000582257
7064.32	0.00110573
7062.4	0.00115466
7060.47	0.00111098
7058.54	0.000902381
7056.61	0.000151084
7054.68	0.000495703
7052.76	0.00082788
7050.83	0.00112706
7048.9	0.000647126
7046.97	0.000500745
7045.04	0.00140161
7043.12	0.00073829
7041.19	-1.86872e-05
7039.26	0.00144589
7037.33	0.00161061
7035.4	0.000688607
7033.48	0.00137957
7031.55	0.00159442
7029.62	0.000243769
7027.69	0.000321121
7025.76	0.000680377
7023.84	0.00101123
7021.91	0.000121089
7019.98	0.000599145
7018.05	0.00182574
7016.12	0.00163389
7014.2	0.00116619
7012.27	0.00234022
7010.34	0.00255848
7008.41	0.00100067
7006.48	7.90982e-05
7004.56	-6.96753e-05
7002.63	0.000182242
7000.7	0.000448966
6998.77	0.000808925
6996.84	0.000846272
6994.92	0.00100632
6992.99	0.000635943
6991.06	-0.000374353
6989.13	-0.000503643
6987.2	0.000817291
6985.28	0.00216803
6983.35	0.00115197
6981.42	-0.000886524
6979.49	-0.00176207
6977.56	-0.000406
6975.64	0.000923466
6973.71	0.00104162
6971.78	0.00215964
6969.85	0.00172124
6967.92	0.000729395
6966	0.00110909
6964.07	0.00243761
6962.14	0.00192344
6960.21	-0.000273634
6958.28	-0.000639844
6956.36	0.000348378
6954.43	0.000512953
6952.5	0.00122899
6950.57	0.000891126
6948.64	0.000583186
6946.72	0.000925823
6944.79	0.000404722
6942.86	0.000602861
6940.93	0.00153848
6939	0.00184451
6937.08	0.00144649
6935.15	0.00229902
6933.22	0.00298134
6931.29	0.00144865
6929.36	-0.000738989
6927.44	-0.000109064
6925.51	0.000913239
6923.58	0.00101299
6921.65	0.000433676
6919.72	-0.000298203
6917.8	-0.000295621
6915.87	-0.000764326
6913.94	0.000119233
6912.01	0.00111005
6910.08	0.00145613
6908.16	0.00175584
6906.23	0.000845575
6904.3	0.000341382
6902.37	0.00043749
6900.44	-7.23587e-05
6898.52	-0.000446715
6896.59	-0.00044036
6894.66	0.000363832
6892.73	0.0013919
6890.8	0.00162894
6888.88	0.00139164
6886.95	0.00165089
6885.02	0.00256621
6883.09	0.00308668
6881.16	0.0020228
6879.24	0.00135215
6877.31	0.00221632
6875.38	0.00094495
6873.45	0.00109165
6871.52	0.00197147
6869.6	0.00154959
6867.67	0.00151325
6865.74	0.00116466
6863.81	0.000695377
6861.88	0.000463461
6859.96	0.000598681
6858.03	0.000755848
6856.1	0.00052108
6854.17	0.000111908
6852.24	0.000329013
6850.32	0.00164849
6848.39	0.00253331
6846.46	0.00245687
6844.53	0.00142724
6842.6	0.000182342
6840.68	-0.000276283
6838.75	6.03044e-06
6836.82	0.000312699
6834.89	0.000629638
6832.96	0.000488704
6831.04	-0.000231214
6829.11	-0.00167943
6827.18	-0.00053783
6825.25	0.00112546
6823.32	0.00160732
6821.4	0.00112393
6819.47	0.000960955
6817.54	0.00175594
6815.61	0.00105298
6813.68	0.000978058
6811.76	0.00191742
6809.83	0.00149789
6807.9	0.00171226
6805.97	0.0018101
6804.04	0.00112975
6802.12	0.000604686
6800.19	-0.000448271
6798.26	-0.000289164
6796.33	0.000963081
6794.4	0.00101475
6792.48	0.00134893
6790.55	0.00210679
6788.62	0.00219151
6786.69	0.00191353
6784.76	0.000954181
6782.84	0.00120899
6780.91	0.00167387
6778.98	0.00181409
6777.05	0.00181682
6775.12	0.00198815
6773.2	0.00200519
6771.27	0.00131695
6769.34	0.000631961
6767.41	-5.53303e-05
6765.48	-3.15756e-05
6763.56	0.000817855
6761.63	0.00123145
6759.7	0.00142049
6757.77	0.00203788
6755.84	0.00136867
6753.92	0.00063445
6751.99	0.000560725
6750.06	0.00155142
6748.13	0.00207909
6746.2	0.00163353
6744.28	0.000308621
6742.35	0.000276194
6740.42	0.000665974
6738.49	0.00111815
6736.56	0.00110135
6734.64	0.00120746
6732.71	0.00114765
6730.78	8.32407e-05
6728.85	0.000779847
6726.92	0.00103216
6725	0.00104232
6723.07	0.00179842
6721.14	0.00118646
6719.21	4.27782e-05
6717.28	0.000233127
6715.35	0.000893749
6713.43	0.00138137
6711.5	0.00173431
6709.57	0.00197204
6707.64	0.00246183
6705.71	0.00173515
6703.79	0.000523336
6701.86	0.000347284
6699.93	0.000362737
6698	0.000518758
6696.08	0.000808759
6694.15	0.00067822
6692.22	0.000516436
6690.29	0.00113417
6688.36	0.000969556
6686.44	0.000700654
6684.51	0.000294662
6682.58	0.000202596
6680.65	0.00106693
6678.72	0.00185705
6676.79	0.00157456
6674.87	0.000577678
6672.94	-0.000397162
6671.01	-3.3696e-05
6669.08	0.000764412
6667.15	0.0009062
6665.23	0.0011237
6663.3	0.00151282
6661.37	0.00095624
6659.44	0.000274635
6657.51	0.000847368
6655.59	0.00106355
6653.66	0.000835715
6651.73	0.000793722
6649.8	0.000625325
6647.88	0.000626254
6645.95	0.00144758
6644.02	0.00154164
6642.09	0.00126813
6640.16	0.000383795
6638.23	-0.000335253
6636.31	0.000184364
6634.38	0.000432217
6632.45	-0.000106016
6630.52	-0.000159114
6628.59	0.000478321
6626.67	0.000449033
6624.74	0.000672379
6622.81	0.00106102
6620.88	0.00074297
6618.95	0.000180651
6617.03	0.00109683
6615.1	0.0020729
6613.17	0.00104411
6611.24	0.000410824
6609.31	0.000630534
6607.39	0.000506152
6605.46	-0.000174681
6603.53	0.000181148
6601.6	0.00118596
6599.67	0.00143701
6597.75	0.000583684
6595.82	-0.000112078
6593.89	0.000191922
6591.96	0.000432515
6590.03	0.00107358
6588.11	0.00144343
6586.18	0.00119121
6584.25	0.00114609
6582.32	0.00118613
6580.39	0.00187595
6578.47	0.00169536
6576.54	0.000860116
6574.61	1.61366e-05
6572.68	-0.000103995
6570.75	0.000805672
6568.83	0.00102615
6566.9	0.000924827
6564.97	0.00058239
6563.04	0.000769092
6561.11	0.000806336
6559.19	-0.000294329
6557.26	0.000312832
6555.33	0.000566929
6553.4	0.000770984
6551.47	0.00118682
6549.55	0.00101293
6547.62	0.00064623
6545.69	-0.000263336
6543.76	-0.000391269
6541.83	0.000484591
6539.91	0.000551668
6537.98	0.000463726
6536.05	0.000981412
6534.12	0.000450359
6532.19	7.19068e-05
6530.27	0.00151833
6528.34	0.00233273
6526.41	0.00126006
6524.48	0.000283455
6522.55	-0.000109395
6520.63	-0.000412687
6518.7	-0.000413978
6516.77	-0.00103864
6514.84	-0.000616882
6512.91	-8.46823e-05
6510.99	-0.000416262
6509.06	-0.000436156
6507.13	-0.000163916
6505.2	-0.000346113
6503.27	-0.000439532
6501.35	0.000102628
6499.42	0.000373681
6497.49	0.00014419
6495.56	-0.000273104
6493.63	1.14977e-05
6491.71	-2.56781e-05
6489.78	-0.000194321
6487.85	-0.000432118
6485.92	-0.000478689
6483.99	0.000626851
6482.07	0.00118241
6480.14	0.000706163
6478.21	0.00023684
6476.28	-0.00021194
6474.35	-7.2955e-05
6472.43	0.00054699
6470.5	0.00063893
6468.57	0.000745758
6466.64	0.000330472
6464.71	-0.000298501
6462.79	-0.000911488
6460.86	-0.00108785
6458.93	-0.000586275
6457	-0.000390077
6455.07	4.06574e-05
6453.15	0.000368939
6451.22	0.000229149
6449.29	-0.00036505
6447.36	-0.000276051
6445.43	-0.000284561
6443.51	-0.000683845
6441.58	-0.000407192
6439.65	-0.00028221
6437.72	-0.00058932
6435.79	-0.000876141
6433.87	-0.000291217
6431.94	-0.000683415
6430.01	-0.00116181
6428.08	-0.00109377
6426.15	-0.00115914
6424.23	-0.000686326
6422.3	0.000146676
6420.37	0.000136202
6418.44	-0.00034651
6416.51	-0.000755362
6414.59	-0.0010508
6412.66	-0.00152047
6410.73	-0.00144509
6408.8	-0.00107956
6406.87	-0.001332
6404.95	-0.00190965
6403.02	-0.00158588
6401.09	-0.00104697
6399.16	-0.000592695
6397.23	-0.000294594
6395.31	-0.000508508
6393.38	-0.00108451
6391.45	-0.00141939
6389.52	-0.00139911
6387.59	-0.0014968
6385.67	-0.00107747
6383.74	-0.000565197
6381.81	-0.000398519
6379.88	-0.000293502
6377.95	-0.000590147
6376.03	-0.000709251
6374.1	-0.000835929
6372.17	-0.0011942
6370.24	-0.00107579
6368.31	-0.000657114
6366.39	-0.000529623
6364.46	-0.00146005
6362.53	-0.00212841
6360.6	-0.00174322
6358.67	-0.000867047
6356.75	-0.000770775
6354.82	-0.00103936
6352.89	-0.000989282
6350.96	-0.000556196
6349.03	-0.000439996
6347.11	-0.000778416
6345.18	-0.00149855
6343.25	-0.00116366
6341.32	-0.000858978
6339.39	-0.00126471
6337.47	-0.00165206
6335.54	-0.00152345
6333.61	-0.00133243
6331.68	-0.00118851
6329.75	-0.000683415
6327.83	-0.000348132
6325.9	-0.000265356
6323.97	-0.000909107
6322.04	-0.000818897
6320.11	-0.000733829
6318.19	-0.00111409
6316.26	-0.00133791
6314.33	-0.00132143
6312.4	-0.00139251
6310.47	-0.00139234
6308.55	-0.001144
6306.62	-0.00111142
6304.69	-0.00157921
6302.76	-0.00107073
6300.83	-0.000304329
6298.91	-0.000871478
6296.98	-0.00166916
6295.05	-0.00162942
6293.12	-0.00111297
6291.19	-0.000699856
6289.27	-0.000516418
6287.34	-0.000574595
6285.41	-0.000834077
6283.48	-0.000878091
6281.55	-0.00146599
6279.62	-0.00184928
6277.7	-0.00121769
6275.77	-0.000908281
6273.84	-0.00096138
6271.91	-0.000969215
6269.99	-0.00141457
6268.06	-0.0020374
6266.13	-0.00221001
6264.2	-0.00181249
6262.27	-0.00155039
6260.34	-0.00190605
6258.42	-0.00186185
6256.49	-0.00187547
6254.56	-0.00154692
6252.63	-0.00142098
6250.71	-0.00150571
6248.78	-0.00154847
6246.85	-0.00140067
6244.92	-0.00148864
6242.99	-0.00155617
6241.06	-0.00164952
6239.14	-0.00145565
6237.21	-0.00136803
6235.28	-0.000834904
6233.35	-0.000980587
6231.42	-0.00146794
6229.5	-0.000805867
6227.57	-0.000699757
6225.64	-0.000950668
6223.71	-0.000942634
6221.79	-0.00125215
6219.86	-0.00129355
6217.93	-0.0014892
6216	-0.00165282
6214.07	-0.00185423
6212.15	-0.00165325
6210.22	-0.00128159
6208.29	-0.00109152
6206.36	-0.00110015
6204.43	-0.00149353
6202.5	-0.00170296
6200.58	-0.00182051
6198.65	-0.00133573
6196.72	-0.00107433
6194.79	-0.00101146
6192.86	-0.00104644
6190.94	-0.00102624
6189.01	-0.00158835
6187.08	-0.0019616
6185.15	-0.00199841
6183.22	-0.00170507
6181.3	-0.0017353
6179.37	-0.00197361
6177.44	-0.00154652
6175.51	-0.00128886
6173.58	-0.00150846
6171.66	-0.00176936
6169.73	-0.00165886
6167.8	-0.00148987
6165.87	-0.00136305
6163.94	-0.00182057
6162.02	-0.00191114
6160.09	-0.00134554
6158.16	-0.00103877
6156.23	-0.00151021
6154.3	-0.00149396
6152.38	-0.000731348
6150.45	-0.00107371
6148.52	-0.00185449
6146.59	-0.00214087
6144.66	-0.00227989
6142.74	-0.00170491
6140.81	-0.00122278
6138.88	-0.00115256
6136.95	-0.00152496
6135.02	-0.00204046
6133.1	-0.00217239
6131.17	-0.00143993
6129.24	-0.00119621
6127.31	-0.00122747
6125.38	-0.00108137
6123.46	-0.00128294
6121.53	-0.00152846
6119.6	-0.0016859
6117.67	-0.00181071
6115.74	-0.00163028
6113.82	-0.00124984
6111.89	-0.00174075
6109.96	-0.00203097
6108.03	-0.00192064
6106.1	-0.00219837
6104.18	-0.00261879
6102.25	-0.00264672
6100.32	-0.00196381
6098.39	-0.00161849
6096.46	-0.00163302
6094.54	-0.00148465
6092.61	-0.00169388
6090.68	-0.00147718
6088.75	-0.00140866
6086.82	-0.00121653
6084.9	-0.00127974
6082.97	-0.00175576
6081.04	-0.0019268
6079.11	-0.00204963
6077.18	-0.00202025
6075.26	-0.00171468
6073.33	-0.00134032
6071.4	-0.00140912
6069.47	-0.00160991
6067.54	-0.00179886
6065.62	-0.00211891
6063.69	-0.00217421
6061.76	-0.00189078
6059.83	-0.00164335
6057.9	-0.00218271
6055.98	-0.00263763
6054.05	-0.00196108
6052.12	-0.00209534
6050.19	-0.00225434
6048.26	-0.00180671
6046.34	-0.00176731
6044.41	-0.00188989
6042.48	-0.00205313
6040.55	-0.00171029
6038.62	-0.00141711
6036.7	-0.00209636
6034.77	-0.00232794
6032.84	-0.00233958
6030.91	-0.00257268
6028.98	-0.00250442
6027.06	-0.00194815
6025.13	-0.00184172
6023.2	-0.00199357
6021.27	-0.00188613
6019.34	-0.00216989
6017.42	-0.00241392
6015.49	-0.00254283
6013.56	-0.00229713
6011.63	-0.00201477
6009.7	-0.00211891
6007.78	-0.00229693
6005.85	-0.00212221
6003.92	-0.00203766
6001.99	-0.00195319
6000.06	-0.0017685
5998.14	-0.00192588
5996.21	-0.00208676
5994.28	-0.00194567
5992.35	-0.00214067
5990.42	-0.0023575
5988.5	-0.00224287
5986.57	-0.00208637
5984.64	-0.0018013
5982.71	-0.00180282
5980.78	-0.00197242
5978.86	-0.00214318
5976.93	-0.00237237
5975	-0.00228701
5973.07	-0.0024725
5971.14	-0.00254498
5969.22	-0.00227705
5967.29	-0.00232531
5965.36	-0.00237023
5963.43	-0.00216023
5961.5	-0.00255084
5959.58	-0.00257462
5957.65	-0.00223651
5955.72	-0.0027186
5953.79	-0.00268768
5951.86	-0.00195639
5949.94	-0.00178833
5948.01	-0.00199897
5946.08	-0.00196718
5944.15	-0.00186924
5942.22	-0.00203245
5940.3	-0.00233305
5938.37	-0.00230059
5936.44	-0.00192377
5934.51	-0.00190764
5932.58	-0.00197707
5930.66	-0.00219517
5928.73	-0.00231928
5926.8	-0.00262837
5924.87	-0.00288564
5922.94	-0.00274317
5921.02	-0.0024531
5919.09	-0.00236482
5917.16	-0.0024129
5915.23	-0.00257261
5913.3	-0.00240272
5911.38	-0.00238324
5909.45	-0.00254906
5907.52	-0.00248061
5905.59	-0.00230187
5903.66	-0.0023899
5901.74	-0.00257531
5899.81	-0.00253068
5897.88	-0.00247342
5895.95	-0.00236139
5894.02	-0.00242423
5892.1	-0.00217285
5890.17	-0.00229996
5888.24	-0.00291931
5886.31	-0.00281007
5884.38	-0.00246568
5882.46	-0.00262995
5880.53	-0.00242235
5878.6	-0.00226041
5876.67	-0.0025649
5874.74	-0.0025487
5872.82	-0.0021866
5870.89	-0.00190358
5868.96	-0.00209923
5867.03	-0.0025204
5865.1	-0.00284697
5863.18	-0.00271116
5861.25	-0.00245115
5859.32	-0.00265439
5857.39	-0.00246334
5855.46	-0.00276312
5853.54	-0.00274366
5851.61	-0.00237273
5849.68	-0.002361
5847.75	-0.00278195
5845.82	-0.00301001
5843.9	-0.00276411
5841.97	-0.00268218
5840.04	-0.00284641
5838.11	-0.00261671
5836.18	-0.00231064
5834.25	-0.00229208
5832.33	-0.0023233
5830.4	-0.00256168
5828.47	-0.00268235
5826.54	-0.00265357
5824.62	-0.00294179
5822.69	-0.00324486
5820.76	-0.00279331
5818.83	-0.00236475
5816.9	-0.00253707
5814.98	-0.00287426
5813.05	-0.00311099
5811.12	-0.00305943
5809.19	-0.00312296
5807.26	-0.00288311
5805.33	-0.00266506
5803.41	-0.00266061
5801.48	-0.00261227
5799.55	-0.00243277
5797.62	-0.00227824
5795.7	-0.00252686
5793.77	-0.00281678
5791.84	-0.00284773
5789.91	-0.00312339
5787.98	-0.00305585
5786.06	-0.00304443
5784.13	-0.00267369
5782.2	-0.00232082
5780.27	-0.00229663
5778.34	-0.00225428
5776.42	-0.00260845
5774.49	-0.0027674
5772.56	-0.0025735
5770.63	-0.00250838
5768.7	-0.0025711
5766.77	-0.00254346
5764.85	-0.0023695
5762.92	-0.0027569
5760.99	-0.00291188
5759.06	-0.00280747
5757.13	-0.00264191
5755.21	-0.00281826
5753.28	-0.00286471
5751.35	-0.00250597
5749.42	-0.00262027
5747.49	-0.00306976
5745.57	-0.00324144
5743.64	-0.00276832
5741.71	-0.00273434
5739.78	-0.00294554
5737.85	-0.00267323
5735.93	-0.00221963
5734	-0.00192552
5732.07	-0.00253681
5730.14	-0.00324686
5728.21	-0.00307545
5726.29	-0.00270507
5724.36	-0.00241389
5722.43	-0.0024299
5720.5	-0.00279068
5718.57	-0.00292353
5716.65	-0.00283169
5714.72	-0.00281244
5712.79	-0.00285786
5710.86	-0.00303999
5708.93	-0.00292889
5707.01	-0.00239504
5705.08	-0.00251684
5703.15	-0.00236999
5701.22	-0.00241919
5699.29	-0.00281454
5697.37	-0.00264998
5695.44	-0.00227623
5693.51	-0.00219069
5691.58	-0.00223981
5689.65	-0.0025034
5687.73	-0.00267889
5685.8	-0.0028892
5683.87	-0.00287715
5681.94	-0.0026313
5680.01	-0.00248591
5678.09	-0.00205636
5676.16	-0.00186201
5674.23	-0.00238736
5672.3	-0.00263901
5670.37	-0.00268143
5668.45	-0.00283262
5666.52	-0.00297773
5664.59	-0.00304621
5662.66	-0.00296648
5660.73	-0.0028759
5658.81	-0.0027621
5656.88	-0.00257241
5654.95	-0.00270497
5653.02	-0.00299073
5651.09	-0.00303301
5649.17	-0.00289802
5647.24	-0.00293429
5645.31	-0.00310898
5643.38	-0.00322032
5641.45	-0.00282666
5639.53	-0.00234956
5637.6	-0.00245316
5635.67	-0.00269681
5633.74	-0.00303193
5631.81	-0.00289424
5629.89	-0.00269802
5627.96	-0.00248202
5626.03	-0.00285898
5624.1	-0.00319598
5622.17	-0.00294663
5620.25	-0.00269802
5618.32	-0.00263496
5616.39	-0.00257792
5614.46	-0.00253809
5612.53	-0.00257225
5610.61	-0.0027515
5608.68	-0.00268851
5606.75	-0.00247823
5604.82	-0.00257139
5602.89	-0.00234597
5600.97	-0.00215446
5599.04	-0.00219392
5597.11	-0.00234646
5595.18	-0.00245856
5593.25	-0.00230023
5591.33	-0.00248548
5589.4	-0.00276045
5587.47	-0.00278014
5585.54	-0.0026175
5583.61	-0.00262172
5581.69	-0.00271419
5579.76	-0.00261474
5577.83	-0.00260963
5575.9	-0.00243194
5573.97	-0.00229963
5572.05	-0.00254725
5570.12	-0.0030111
5568.19	-0.00329044
5566.26	-0.00285941
5564.33	-0.0025962
5562.41	-0.00294949
5560.48	-0.0029979
5558.55	-0.00303084
5556.62	-0.00303587
5554.69	-0.00286168
5552.77	-0.00302844
5550.84	-0.00291138
5548.91	-0.00261138
5546.98	-0.00249168
5545.05	-0.00255914
5543.13	-0.00257956
5541.2	-0.00253836
5539.27	-0.00274676
5537.34	-0.00296345
5535.41	-0.00287432
5533.49	-0.00293432
5531.56	-0.00313329
5529.63	-0.00253592
5527.7	-0.00240858
5525.77	-0.00269355
5523.85	-0.00287452
5521.92	-0.0029384
5519.99	-0.00290585
5518.06	-0.00291155
5516.13	-0.00286774
5514.21	-0.00272259
5512.28	-0.00253249
5510.35	-0.00250587
5508.42	-0.0025124
5506.49	-0.00216942
5504.57	-0.00223483
5502.64	-0.00267586
5500.71	-0.00281398
5498.78	-0.00258266
5496.85	-0.00255394
5494.93	-0.00250907
5493	-0.00249536
5491.07	-0.00262508
5489.14	-0.00257304
5487.21	-0.00270332
5485.29	-0.00273342
5483.36	-0.0027729
5481.43	-0.00266928
5479.5	-0.00245919
5477.57	-0.00261009
5475.65	-0.0030973
5473.72	-0.00299326
5471.79	-0.00274198
5469.86	-0.00259662
5467.93	-0.00239935
5466.01	-0.00225982
5464.08	-0.00253948
5462.15	-0.00266654
5460.22	-0.00251045
5458.29	-0.00236775
5456.37	-0.00250344
5454.44	-0.00286517
5452.51	-0.00290924
5450.58	-0.00284545
5448.65	-0.00269104
5446.73	-0.00243049
5444.8	-0.00224604
5442.87	-0.00238001
5440.94	-0.00238555
5439.01	-0.00249309
5437.09	-0.0025626
5435.16	-0.00243313
5433.23	-0.00230843
5431.3	-0.00273293
5429.37	-0.00292093
5427.45	-0.00274659
5425.52	-0.00299254
5423.59	-0.00318325
5421.66	-0.0033514
5419.73	-0.00326969
5417.81	-0.00290441
5415.88	-0.00263397
5413.95	-0.00259629
5412.02	-0.00271156
5410.09	-0.00274037
5408.17	-0.00267178
5406.24	-0.00282057
5404.31	-0.00290276
5402.38	-0.00276486
5400.45	-0.00252627
5398.53	-0.00237362
5396.6	-0.00249306
5394.67	-0.002815
5392.74	-0.00287277
5390.81	-0.00285823
5388.88	-0.00276661
5386.96	-0.00261329
5385.03	-0.00239013
5383.1	-0.00261415
5381.17	-0.00293491
5379.25	-0.00280381
5377.32	-0.00279387
5375.39	-0.00294173
5373.46	-0.00284957
5371.53	-0.00243837
5369.6	-0.00248878
5367.68	-0.0025739
5365.75	-0.00242717
5363.82	-0.0022852
5361.89	-0.00265814
5359.96	-0.00311835
5358.04	-0.00311177
5356.11	-0.0027321
5354.18	-0.00249527
5352.25	-0.00238881
5350.33	-0.00242532
5348.4	-0.00237355
5346.47	-0.00267191
5344.54	-0.00311737
5342.61	-0.00307628
5340.69	-0.00275597
5338.76	-0.00253615
5336.83	-0.0025125
5334.9	-0.0024332
5332.97	-0.00226898
5331.04	-0.00254066
5329.12	-0.0027376
5327.19	-0.00279617
5325.26	-0.00274063
5323.33	-0.00267879
5321.4	-0.0025346
5319.48	-0.00264319
5317.55	-0.00285744
5315.62	-0.00278965
5313.69	-0.00274676
5311.76	-0.00259764
5309.84	-0.00244239
5307.91	-0.0024354
5305.98	-0.00215627
5304.05	-0.00209949
5302.12	-0.00250653
5300.2	-0.00262956
5298.27	-0.00242259
5296.34	-0.00246189
5294.41	-0.00267395
5292.48	-0.00256191
5290.56	-0.0023837
5288.63	-0.00231338
5286.7	-0.00226433
5284.77	-0.00216662
5282.84	-0.00205389
5280.92	-0.00212851
5278.99	-0.00222853
5277.06	-0.00202948
5275.13	-0.0017194
5273.21	-0.00166821
5271.28	-0.00150671
5269.35	-0.00157829
5267.42	-0.00181024
5265.49	-0.00183496
5263.56	-0.00168543
5261.64	-0.00146645
5259.71	-0.00154514
5257.78	-0.00179672
5255.85	-0.00169771
5253.92	-0.00155808
5252	-0.00164147
5250.07	-0.00153358
5248.14	-0.00143594
5246.21	-0.00117751
5244.28	-0.000998042
5242.36	-0.000710905
5240.43	-0.000759199
5238.5	-0.000912083
5236.57	-0.000933641
5234.64	-0.00105563
5232.72	-0.00115028
5230.79	-0.00134088
5228.86	-0.000772793
5226.93	-0.000389548
5225	-0.000496098
5223.08	-0.000364057
5221.15	-0.000292674
5219.22	-0.000367003
5217.29	-0.000553714
5215.36	-0.00044655
5213.44	-0.000109693
5211.51	4.14858e-05
5209.58	-0.000199785
5207.65	-5.67218e-05
5205.72	0.000266015
5203.8	0.000460045
5201.87	0.000567426
5199.94	0.000469929
5198.01	0.000239393
5196.08	0.000323973
5194.16	0.000476994
5192.23	0.000589789
5190.3	0.000844911
5188.37	0.0010872
5186.44	0.00123131
5184.52	0.0012689
5182.59	0.00114344
5180.66	0.00112108
5178.73	0.0012358
5176.8	0.00134952
5174.88	0.00153479
5172.95	0.00170278
5171.02	0.0020722
5169.09	0.00224576
5167.16	0.00181496
5165.24	0.00158594
5163.31	0.00198102
5161.38	0.00236851
5159.45	0.00260274
5157.52	0.00267065
5155.6	0.00262581
5153.67	0.00247413
5151.74	0.00247749
5149.81	0.00255898
5147.88	0.00287242
5145.96	0.00302738
5144.03	0.0030478
5142.1	0.00330497
5140.17	0.00340919
5138.24	0.00302041
5136.32	0.00291532
5134.39	0.00309712
5132.46	0.00335713
5130.53	0.00389355
5128.6	0.00398811
5126.68	0.00390044
5124.75	0.00403015
5122.82	0.00407185
5120.89	0.00394317
5118.96	0.00365334
5117.04	0.00365137
5115.11	0.00375396
5113.18	0.00402062
5111.25	0.00423938
5109.32	0.00396577
5107.4	0.00388476
5105.47	0.00406878
5103.54	0.00413671
5101.61	0.00427562
5099.68	0.004372
5097.76	0.00428322
5095.83	0.00425598
5093.9	0.00420582
5091.97	0.00410242
5090.04	0.00408082
5088.12	0.0039301
5086.19	0.00390746
5084.26	0.00432792
5082.33	0.00443269
5080.4	0.00447232
5078.48	0.00461164
5076.55	0.00449519
5074.62	0.00452271
5072.69	0.00466164
5070.76	0.00473255
5068.84	0.00496139
5066.91	0.00500982
5064.98	0.00468401
5063.05	0.0045817
5061.12	0.00451618
5059.2	0.00455857
5057.27	0.00470418
5055.34	0.0048688
5053.41	0.00506755
5051.48	0.00498452
5049.56	0.0047641
5047.63	0.00501355
5045.7	0.00514097
5043.77	0.00501194
5041.84	0.00546253
5039.92	0.00597741
5037.99	0.00612037
5036.06	0.00614104
5034.13	0.00622479
5032.2	0.00653158
5030.28	0.00672614
5028.35	0.00676975
5026.42	0.00702106
5024.49	0.00741637
5022.56	0.00781366
5020.64	0.00789727
5018.71	0.00794572
5016.78	0.00788829
5014.85	0.00767958
5012.92	0.00728487
5011	0.00698664
5009.07	0.00692187
5007.14	0.00663193
5005.21	0.00623313
5003.28	0.0059892
5001.36	0.00573554
4999.43	0.00545048
4997.5	0.00535443
4995.57	0.00499451
4993.64	0.00465032
4991.72	0.00475422
4989.79	0.00471212
4987.86	0.00454102
4985.93	0.00429419
4984	0.0043213
4982.08	0.0044606
4980.15	0.00449144
4978.22	0.00451708
4976.29	0.00428275
4974.36	0.00402904
4972.44	0.00409222
4970.51	0.00402132
4968.58	0.00399901
4966.65	0.00390539
4964.72	0.0038044
4962.8	0.00395591
4960.87	0.00396066
4958.94	0.00377629
4957.01	0.00387898
4955.08	0.0038652
4953.16	0.00374003
4951.23	0.00381637
4949.3	0.0037686
4947.37	0.00355141
4945.44	0.00357169
4943.52	0.0036644
4941.59	0.00363968
4939.66	0.00361211
4937.73	0.00360038
4935.8	0.00366938
4933.88	0.00378946
4931.95	0.00371894
4930.02	0.00346035
4928.09	0.00343023
4926.16	0.00354419
4924.24	0.00344449
4922.31	0.00347749
4920.38	0.00325853
4918.45	0.00308114
4916.52	0.00319251
4914.6	0.00312409
4912.67	0.00321884
4910.74	0.00325563
4908.81	0.00297263
4906.88	0.0027606
4904.96	0.00268022
4903.03	0.00261891
4901.1	0.00261854
4899.17	0.00271659
4897.24	0.00263394
4895.32	0.00234742
4893.39	0.00226534
4891.46	0.00222507
4889.53	0.00219207
4887.6	0.00215804
4885.67	0.00210097
4883.75	0.00218028
4881.82	0.00211279
4879.89	0.00206658
4877.96	0.00200669
4876.04	0.00211931
4874.11	0.00193116
4872.18	0.00182151
4870.25	0.00184564
4868.32	0.00186154
4866.4	0.00174832
4864.47	0.00156465
4862.54	0.00156635
4860.61	0.00159229
4858.68	0.00161537
4856.75	0.00175088
4854.83	0.00195463
4852.9	0.00173857
4850.97	0.00141208
4849.04	0.00118573
4847.12	0.00112686
4845.19	0.00124959
4843.26	0.00131576
4841.33	0.00116646
4839.4	0.00116656
4837.47	0.001123
4835.55	0.000970851
4833.62	0.000900456
4831.69	0.000915763
4829.76	0.000734341
4827.83	0.000690466
4825.91	0.000608336
4823.98	0.000740116
4822.05	0.000745028
4820.12	0.000374808
4818.19	0.00021148
4816.27	0.000169149
4814.34	0.000248842
4812.41	0.000246256
4810.48	0.000118967
4808.55	4.74505e-05
4806.63	-3.24701e-05
4804.7	-6.89133e-05
4802.77	-9.15066e-05
4800.84	-6.52692e-05
4798.91	-0.00011125
4796.99	-7.84875e-05
4795.06	-0.00014391
4793.13	-0.000397261
4791.2	-0.000529292
4789.27	-0.000576812
4787.35	-0.000572841
4785.42	-0.000454328
4783.49	-0.000444067
4781.56	-0.000574131
4779.63	-0.000551629
4777.71	-0.000470149
4775.78	-0.00041464
4773.85	-0.000347007
4771.92	-0.000647751
4769.99	-0.000957974
4768.07	-0.000969083
4766.14	-0.000914265
4764.21	-0.000781558
4762.28	-0.000954933
4760.35	-0.00114585
4758.43	-0.00109499
4756.5	-0.00116129
4754.57	-0.00134521
4752.64	-0.0015277
4750.71	-0.00156333
4748.79	-0.00164843
4746.86	-0.00150152
4744.93	-0.00139528
4743	-0.00171233
4741.07	-0.00176896
4739.15	-0.00156412
4737.22	-0.00159753
4735.29	-0.00165989
4733.36	-0.00157984
4731.43	-0.00156406
4729.51	-0.00160176
4727.58	-0.00165127
4725.65	-0.00191486
4723.72	-0.00204927
4721.79	-0.00205478
4719.87	-0.00182103
4717.94	-0.00183743
4716.01	-0.00228421
4714.08	-0.0024072
4712.15	-0.00208878
4710.23	-0.00201939
4708.3	-0.00218116
4706.37	-0.00218934
4704.44	-0.00237224
4702.51	-0.00238977
4700.59	-0.00231759
4698.66	-0.00218667
4696.73	-0.00218977
4694.8	-0.00213725
4692.87	-0.00222092
4690.95	-0.00257561
4689.02	-0.00264122
4687.09	-0.00269124
4685.16	-0.00258348
4683.23	-0.0024586
4681.31	-0.00265821
4679.38	-0.00281527
4677.45	-0.00279084
4675.52	-0.00271985
4673.59	-0.0027536
4671.67	-0.00276862
4669.74	-0.0026426
4667.81	-0.00264767
4665.88	-0.00286069
4663.95	-0.00306009
4662.03	-0.00306654
4660.1	-0.00283136
4658.17	-0.00271413
4656.24	-0.00287314
4654.31	-0.00302581
4652.39	-0.00315217
4650.46	-0.00323762
4648.53	-0.00341528
4646.6	-0.00339197
4644.67	-0.00322437
4642.75	-0.00309773
4640.82	-0.00284865
4638.89	-0.00283574
4636.96	-0.0030439
4635.03	-0.00325943
4633.11	-0.00333473
4631.18	-0.0033631
4629.25	-0.003397
4627.32	-0.00330658
4625.39	-0.00323302
4623.47	-0.00341209
4621.54	-0.00347369
4619.61	-0.00336666
4617.68	-0.00328264
4615.75	-0.00347034
4613.83	-0.0035621
4611.9	-0.00334275
4609.97	-0.00326995
4608.04	-0.00335564
4606.11	-0.00340246
4604.19	-0.00343425
4602.26	-0.00342981
4600.33	-0.00333424
4598.4	-0.0034518
4596.47	-0.00350117
4594.55	-0.00348211
4592.62	-0.00354896
4590.69	-0.00351688
4588.76	-0.00346439
4586.83	-0.00348566
4584.91	-0.00350318
4582.98	-0.00352201
4581.05	-0.00347241
4579.12	-0.0033613
4577.19	-0.00323841
4575.27	-0.00326939
4573.34	-0.0032589
4571.41	-0.00335041
4569.48	-0.00347208
4567.55	-0.00338612
4565.63	-0.00319543
4563.7	-0.00304206
4561.77	-0.00305469
4559.84	-0.00317895
4557.91	-0.00314056
4555.99	-0.00291464
4554.06	-0.00267662
4552.13	-0.00257278
4550.2	-0.00242773
4548.27	-0.00240558
4546.35	-0.00260947
4544.42	-0.00249912
4542.49	-0.00228154
4540.56	-0.00239823
4538.63	-0.00255025
4536.71	-0.00257433
4534.78	-0.00240848
4532.85	-0.00219672
4530.92	-0.00217094
4528.99	-0.00216906
4527.07	-0.00218383
4525.14	-0.00215986
4523.21	-0.00206009
4521.28	-0.00201514
4519.35	-0.0019521
4517.43	-0.00197932
4515.5	-0.00211779
4513.57	-0.00240766
4511.64	-0.00263931
4509.71	-0.00279285
4507.79	-0.00295357
4505.86	-0.00303887
4503.93	-0.00307184
4502	-0.00302479
4500.07	-0.00289647
4498.15	-0.00291655
4496.22	-0.00295032
4494.29	-0.00296549
4492.36	-0.00298504
4490.43	-0.00311967
4488.51	-0.00339845
4486.58	-0.00360617
4484.65	-0.00380211
4482.72	-0.00388447
4480.79	-0.00370941
4478.87	-0.00373835
4476.94	-0.00380276
4475.01	-0.0038936
4473.08	-0.00377399
4471.15	-0.00383341
4469.23	-0.00412679
4467.3	-0.00404601
4465.37	-0.00392854
4463.44	-0.00400836
4461.51	-0.00401584
4459.58	-0.00409141
4457.66	-0.00417645
4455.73	-0.0041411
4453.8	-0.00414819
4451.87	-0.00425175
4449.95	-0.00409899
4448.02	-0.00397257
4446.09	-0.00389075
4444.16	-0.0038541
4442.23	-0.00385659
4440.3	-0.00391587
4438.38	-0.00390178
4436.45	-0.00371535
4434.52	-0.00369998
4432.59	-0.00389659
4430.67	-0.00391757
4428.74	-0.00394834
4426.81	-0.00395661
4424.88	-0.00398827
4422.95	-0.00405274
4421.02	-0.0039663
4419.1	-0.00408064
4417.17	-0.00413207
4415.24	-0.00421402
4413.31	-0.00420014
4411.38	-0.00398209
4409.46	-0.00383551
4407.53	-0.00387397
4405.6	-0.00399473
4403.67	-0.00407027
4401.75	-0.00421113
4399.82	-0.00421038
4397.89	-0.00414409
4395.96	-0.00400987
4394.03	-0.00397543
4392.1	-0.0039642
4390.18	-0.00402457
4388.25	-0.00419276
4386.32	-0.00415173
4384.39	-0.00397631
4382.46	-0.0039112
4380.54	-0.00390188
4378.61	-0.00404424
4376.68	-0.00401601
4374.75	-0.00379478
4372.82	-0.00395281
4370.9	-0.00425421
4368.97	-0.00433269
4367.04	-0.00424175
4365.11	-0.00419331
4363.18	-0.00414373
4361.26	-0.00405583
4359.33	-0.00395527
4357.4	-0.00386973
4355.47	-0.00395031
4353.54	-0.00402372
4351.62	-0.00406059
4349.69	-0.00399723
4347.76	-0.00377747
4345.83	-0.00370681
4343.9	-0.00372744
4341.98	-0.00373132
4340.05	-0.00391633
4338.12	-0.00394486
4336.19	-0.00389341
4334.26	-0.00393225
4332.34	-0.00392555
4330.41	-0.00401082
4328.48	-0.00407854
4326.55	-0.00411264
4324.62	-0.00413765
4322.7	-0.00420063
4320.77	-0.00420821
4318.84	-0.00416709
4316.91	-0.00417799
4314.98	-0.0040251
4313.06	-0.00396955
4311.13	-0.00416926
4309.2	-0.00409705
4307.27	-0.00397093
4305.34	-0.0041025
4303.42	-0.00414084
4301.49	-0.00412151
4299.56	-0.00410024
4297.63	-0.00401079
4295.7	-0.00396046
4293.78	-0.00385029
4291.85	-0.00389478
4289.92	-0.00395323
4287.99	-0.00387929
4286.06	-0.00384441
4284.14	-0.00385416
4282.21	-0.00386073
4280.28	-0.00403275
4278.35	-0.00397815
4276.42	-0.00388704
4274.5	-0.00395524
4272.57	-0.00396118
4270.64	-0.00389817
4268.71	-0.00395307
4266.78	-0.00381232
4264.86	-0.00368355
4262.93	-0.00363604
4261	-0.00367662
4259.07	-0.00383111
4257.14	-0.00391541
4255.22	-0.00405747
4253.29	-0.00396876
4251.36	-0.00377116
4249.43	-0.00380112
4247.5	-0.00384017
4245.58	-0.00373976
4243.65	-0.00376607
4241.72	-0.00377675
4239.79	-0.00378785
4237.86	-0.00390684
4235.94	-0.00381314
4234.01	-0.00371341
4232.08	-0.00365855
4230.15	-0.00373667
4228.22	-0.00373037
4226.3	-0.00365326
4224.37	-0.00369942
4222.44	-0.00376864
4220.51	-0.00378434
4218.58	-0.00375467
4216.66	-0.00370011
4214.73	-0.00367185
4212.8	-0.00365553
4210.87	-0.00369761
4208.94	-0.00366193
4207.02	-0.00369058
4205.09	-0.00373322
4203.16	-0.00369791
4201.23	-0.00371926
4199.3	-0.00378223
4197.38	-0.00372899
4195.45	-0.0037167
4193.52	-0.00369485
4191.59	-0.00367008
4189.66	-0.00367369
4187.74	-0.00363243
4185.81	-0.00380519
4183.88	-0.0038782
4181.95	-0.00362471
4180.02	-0.00346317
4178.1	-0.00344687
4176.17	-0.00358218
4174.24	-0.00362467
4172.31	-0.00353798
4170.38	-0.00352329
4168.46	-0.00354173
4166.53	-0.00347698
4164.6	-0.00352704
4162.67	-0.00358807
4160.74	-0.00363538
4158.82	-0.00353887
4156.89	-0.00345644
4154.96	-0.00355622
4153.03	-0.00361646
4151.1	-0.00368569
4149.18	-0.00374774
4147.25	-0.00386103
4145.32	-0.00372958
4143.39	-0.00351143
4141.46	-0.00345755
4139.54	-0.00352099
4137.61	-0.00360453
4135.68	-0.00369144
4133.75	-0.00372675
4131.82	-0.00365014
4129.9	-0.00336623
4127.97	-0.00322292
4126.04	-0.00336304
4124.11	-0.00338194
4122.18	-0.00341226
4120.26	-0.00349598
4118.33	-0.00347547
4116.4	-0.00339223
4114.47	-0.00352217
4112.54	-0.00362079
4110.62	-0.00353243
4108.69	-0.00355859
4106.76	-0.00358609
4104.83	-0.00343767
4102.9	-0.00347918
4100.98	-0.0035464
4099.05	-0.0034163
4097.12	-0.0032566
4095.19	-0.00334989
4093.26	-0.00353358
4091.34	-0.00343747
4089.41	-0.00338004
4087.48	-0.00342751
4085.55	-0.00346193
4083.62	-0.00347498
4081.7	-0.00342978
4079.77	-0.00331306
4077.84	-0.00328139
4075.91	-0.00336028
4073.98	-0.00334121
4072.06	-0.00322749
4070.13	-0.00333746
4068.2	-0.00340164
4066.27	-0.0033824
4064.34	-0.00350393
4062.42	-0.00357702
4060.49	-0.00345936
4058.56	-0.00339342
4056.63	-0.00331885
4054.7	-0.00346988
4052.78	-0.00358054
4050.85	-0.00339835
4048.92	-0.00342925
4046.99	-0.00354521
4045.06	-0.00350055
4043.14	-0.00344753
4041.21	-0.00353361
4039.28	-0.00357131
4037.35	-0.00343964
4035.42	-0.0033052
4033.5	-0.00325176
4031.57	-0.00335071
4029.64	-0.00343389
4027.71	-0.00337405
4025.78	-0.00342803
4023.86	-0.00346603
4021.93	-0.00345318
4020	-0.00347616
4018.07	-0.00343681
4016.14	-0.00338365
4014.22	-0.00338734
4012.29	-0.00336008
4010.36	-0.00331405
4008.43	-0.00319779
4006.5	-0.0032148
4004.58	-0.0034473
4002.65	-0.00344602
4000.72	-0.0032929
3998.79	-0.00328619
3996.86	-0.00335965
3994.94	-0.00346958
3993.01	-0.00354883
3991.08	-0.00348099
3989.15	-0.00336218
3987.22	-0.00334913
3985.29	-0.00333118
3983.37	-0.00335771
3981.44	-0.00336524
3979.51	-0.00356546
3977.58	-0.00361373
3975.66	-0.00356043
3973.73	-0.00345811
3971.8	-0.0033685
3969.87	-0.00334903
3967.94	-0.00336195
3966.01	-0.00332339
3964.09	-0.00336741
3962.16	-0.00349624
3960.23	-0.00348586
3958.3	-0.00339601
3956.38	-0.00336899
3954.45	-0.00350646
3952.52	-0.00363157
3950.59	-0.00357656
3948.66	-0.0034284
3946.73	-0.00336541
3944.81	-0.00330372
3942.88	-0.00331372
3940.95	-0.00339516
3939.02	-0.00339444
3937.09	-0.00354492
3935.17	-0.00366384
3933.24	-0.00365227
3931.31	-0.00365855
3929.38	-0.00374797
3927.45	-0.00367452
3925.53	-0.00354235
3923.6	-0.00367077
3921.67	-0.00379005
3919.74	-0.00364557
3917.81	-0.00358281
3915.89	-0.00355915
3913.96	-0.00355359
3912.03	-0.00362441
3910.1	-0.00370188
3908.17	-0.00376781
3906.25	-0.0038361
3904.32	-0.0036668
3902.39	-0.00350459
3900.46	-0.00353641
3898.53	-0.00363535
3896.61	-0.00371295
3894.68	-0.00374114
3892.75	-0.00369962
3890.82	-0.00359612
3888.89	-0.00354847
3886.97	-0.00361501
3885.04	-0.00368381
3883.11	-0.00363621
3881.18	-0.00360617
3879.25	-0.00360042
3877.33	-0.00357003
3875.4	-0.003586
3873.47	-0.00373506
3871.54	-0.00377855
3869.61	-0.00371598
3867.69	-0.00365411
3865.76	-0.00357374
3863.83	-0.00354528
3861.9	-0.00345755
3859.97	-0.00337182
3858.05	-0.00350265
3856.12	-0.00346495
3854.19	-0.00343974
3852.26	-0.00343661
3850.33	-0.0034875
3848.41	-0.0036709
3846.48	-0.00355169
3844.55	-0.00356986
3842.62	-0.00355662
3840.69	-0.00338296
3838.77	-0.00329793
3836.84	-0.00328738
3834.91	-0.00322841
3832.98	-0.00329642
3831.05	-0.00327741
3829.13	-0.00333946
3827.2	-0.00347836
3825.27	-0.00348812
3823.34	-0.00341426
3821.41	-0.00342642
3819.49	-0.0034401
3817.56	-0.00327916
3815.63	-0.00316559
3813.7	-0.00328291
3811.77	-0.00326788
3809.85	-0.00312845
3807.92	-0.00306019
3805.99	-0.00312368
3804.06	-0.00314954
3802.13	-0.00307608
3800.21	-0.00299593
3798.28	-0.00290862
3796.35	-0.00302505
3794.42	-0.0030693
3792.49	-0.0029979
3790.57	-0.0028573
3788.64	-0.00275318
3786.71	-0.0028416
3784.78	-0.00299928
3782.85	-0.00282926
3780.93	-0.00277125
3779	-0.00284361
3777.07	-0.0028574
3775.14	-0.00274942
3773.21	-0.00268218
3771.29	-0.00269371
3769.36	-0.00266332
3767.43	-0.00258888
3765.5	-0.00252501
3763.57	-0.00247257
3761.65	-0.00239781
3759.72	-0.00232079
3757.79	-0.0023025
3755.86	-0.00228876
3753.93	-0.00222633
3752.01	-0.0021167
3750.08	-0.00209214
3748.15	-0.00229848
3746.22	-0.00222
3744.29	-0.00211047
3742.37	-0.00216534
3740.44	-0.00207295
3738.51	-0.00195722
3736.58	-0.0019585
3734.65	-0.0019751
3732.73	-0.00198159
3730.8	-0.00186337
3728.87	-0.00169534
3726.94	-0.0014791
3725.01	-0.0013861
3723.09	-0.00132252
3721.16	-0.00128258
3719.23	-0.00124577
3717.3	-0.00101391
3715.37	-0.000828124
3713.45	-0.000764921
3711.52	-0.000646097
3709.59	-0.000310223
3707.66	-2.12715e-05
3705.73	0.000174685
3703.81	0.000450359
3701.88	0.000827416
3699.95	0.00113001
3698.02	0.0013107
3696.09	0.00131725
3694.17	0.00128724
3692.24	0.00138449
3690.31	0.00146008
3688.38	0.00137808
3686.45	0.00140533
3684.53	0.00149107
3682.6	0.00168199
3680.67	0.00183466
3678.74	0.00195862
3676.81	0.00218018
3674.89	0.00242068
3672.96	0.00283887
3671.03	0.00319975
3669.1	0.00354012
3667.17	0.00384401
3665.25	0.00403764
3663.32	0.0045071
3661.39	0.00505491
3659.46	0.00551974
3657.53	0.0059285
3655.61	0.00641942
3653.68	0.00687517
3651.75	0.00735469
3649.82	0.0078452
3647.89	0.00838562
3645.97	0.00904067
3644.04	0.009774
3642.11	0.0104186
3640.18	0.0111167
3638.25	0.0118354
3636.33	0.0124757
3634.4	0.0132111
3632.47	0.0141761
3630.54	0.0150812
3628.61	0.0157958
3626.69	0.0166279
3624.76	0.0175752
3622.83	0.0185711
3620.9	0.0198688
3618.97	0.0212379
3617.05	0.022344
3615.12	0.0235252
3613.19	0.0248998
3611.26	0.0262339
3609.33	0.0276062
3607.41	0.0290664
3605.48	0.0305912
3603.55	0.0321992
3601.62	0.0339203
3599.69	0.0358547
3597.77	0.0378263
3595.84	0.0396658
3593.91	0.0414995
3591.98	0.0436186
3590.05	0.0459146
3588.12	0.0481766
3586.2	0.0505674
3584.27	0.0531691
3582.34	0.0558858
3580.41	0.0586512
3578.49	0.0615454
3576.56	0.0646985
3574.63	0.0680234
3572.7	0.0712339
3570.77	0.0745253
3568.85	0.0781713
3566.92	0.0820427
3564.99	0.0860132
3563.06	0.0899541
3561.13	0.0941085
3559.21	0.0984954
3557.28	0.103102
3555.35	0.107873
3553.42	0.113059
3551.49	0.118495
3549.56	0.124035
3547.64	0.129796
3545.71	0.135766
3543.78	0.14203
3541.85	0.148326
3539.93	0.154826
3538	0.161709
3536.07	0.168936
3534.14	0.176303
3532.21	0.183803
3530.28	0.191582
3528.36	0.199647
3526.43	0.208202
3524.5	0.21679
3522.57	0.225388
3520.65	0.234295
3518.72	0.24335
3516.79	0.25251
3514.86	0.261737
3512.93	0.270817
3511	0.27992
3509.08	0.289406
3507.15	0.29883
3505.22	0.307991
3503.29	0.317083
3501.37	0.325757
3499.44	0.334264
3497.51	0.342737
3495.58	0.35077
3493.65	0.358865
3491.72	0.366608
3489.8	0.373365
3487.87	0.37991
3485.94	0.386608
3484.01	0.392564
3482.08	0.39776
3480.16	0.402554
3478.23	0.407148
3476.3	0.411281
3474.37	0.414662
3472.44	0.417535
3470.52	0.420205
3468.59	0.422517
3466.66	0.424248
3464.73	0.42558
3462.81	0.426411
3460.88	0.427009
3458.95	0.427443
3457.02	0.42744
3455.09	0.427137
3453.16	0.42695
3451.24	0.426357
3449.31	0.425259
3447.38	0.424513
3445.45	0.423515
3443.52	0.422102
3441.6	0.420835
3439.67	0.419582
3437.74	0.417966
3435.81	0.416599
3433.88	0.415149
3431.96	0.41339
3430.03	0.411649
3428.1	0.40975
3426.17	0.407942
3424.24	0.40614
3422.32	0.404167
3420.39	0.402038
3418.46	0.399834
3416.53	0.397547
3414.6	0.395662
3412.68	0.394103
3410.75	0.392481
3408.82	0.390695
3406.89	0.388967
3404.96	0.387611
3403.04	0.386491
3401.11	0.385247
3399.18	0.384213
3397.25	0.383307
3395.32	0.38219
3393.4	0.381149
3391.47	0.380104
3389.54	0.379316
3387.61	0.378698
3385.68	0.377819
3383.76	0.377034
3381.83	0.376299
3379.9	0.375703
3377.97	0.37537
3376.04	0.375135
3374.12	0.37483
3372.19	0.374245
3370.26	0.373951
3368.33	0.373826
3366.4	0.373372
3364.48	0.372942
3362.55	0.372591
3360.62	0.372365
3358.69	0.371933
3356.76	0.371582
3354.84	0.37148
3352.91	0.371429
3350.98	0.37119
3349.05	0.370777
3347.12	0.370426
3345.2	0.370212
3343.27	0.370197
3341.34	0.369974
3339.41	0.369584
3337.48	0.369287
3335.56	0.369371
3333.63	0.369383
3331.7	0.369261
3329.77	0.369226
3327.84	0.369301
3325.92	0.369432
3323.99	0.369447
3322.06	0.369457
3320.13	0.369578
3318.2	0.369473
3316.28	0.369628
3314.35	0.370097
3312.42	0.37057
3310.49	0.370922
3308.56	0.371493
3306.64	0.372076
3304.71	0.372459
3302.78	0.372715
3300.85	0.373395
3298.92	0.374129
3297	0.374734
3295.07	0.37542
3293.14	0.376201
3291.21	0.377177
3289.28	0.378031
3287.36	0.378741
3285.43	0.379703
3283.5	0.380848
3281.57	0.381943
3279.64	0.383073
3277.72	0.384182
3275.79	0.385265
3273.86	0.386557
3271.93	0.387663
3270	0.38865
3268.08	0.390145
3266.15	0.391748
3264.22	0.393329
3262.29	0.394688
3260.36	0.395885
3258.44	0.39725
3256.51	0.398441
3254.58	0.399985
3252.65	0.401456
3250.72	0.402929
3248.8	0.404409
3246.87	0.405748
3244.94	0.407003
3243.01	0.408175
3241.08	0.409336
3239.16	0.410216
3237.23	0.410975
3235.3	0.412088
3233.37	0.413228
3231.44	0.414352
3229.52	0.41531
3227.59	0.415985
3225.66	0.416759
3223.73	0.417644
3221.8	0.418636
3219.88	0.419534
3217.95	0.420035
3216.02	0.420418
3214.09	0.420788
3212.16	0.421238
3210.24	0.421598
3208.31	0.422053
3206.38	0.422522
3204.45	0.422931
3202.52	0.423429
3200.6	0.423722
3198.67	0.423694
3196.74	0.423823
3194.81	0.424138
3192.88	0.424284
3190.96	0.424504
3189.03	0.424525
3187.1	0.424149
3185.17	0.42384
3183.24	0.423834
3181.32	0.423816
3179.39	0.423538
3177.46	0.423195
3175.53	0.422616
3173.6	0.422025
3171.68	0.421413
3169.75	0.420598
3167.82	0.4199
3165.89	0.419229
3163.96	0.418531
3162.04	0.417558
3160.11	0.416329
3158.18	0.415157
3156.25	0.413935
3154.32	0.412486
3152.4	0.410995
3150.47	0.409491
3148.54	0.4079
3146.61	0.40609
3144.68	0.404331
3142.76	0.402389
3140.83	0.400241
3138.9	0.397942
3136.97	0.395627
3135.04	0.393038
3133.12	0.390255
3131.19	0.387465
3129.26	0.384248
3127.33	0.381173
3125.4	0.377957
3123.48	0.374463
3121.55	0.370782
3119.62	0.367053
3117.69	0.36327
3115.76	0.35926
3113.84	0.355
3111.91	0.350432
3109.98	0.345672
3108.05	0.340743
3106.12	0.335456
3104.2	0.329864
3102.27	0.324398
3100.34	0.318715
3098.41	0.312527
3096.48	0.306363
3094.56	0.300139
3092.63	0.293712
3090.7	0.286978
3088.77	0.279861
3086.84	0.272758
3084.92	0.265411
3082.99	0.257891
3081.06	0.250479
3079.13	0.242965
3077.2	0.235311
3075.28	0.227684
3073.35	0.220035
3071.42	0.212494
3069.49	0.204917
3067.56	0.197287
3065.63	0.190127
3063.71	0.183144
3061.78	0.176194
3059.85	0.169403
3057.92	0.162742
3055.99	0.156257
3054.07	0.15017
3052.14	0.144332
3050.21	0.138799
3048.28	0.133491
3046.35	0.128285
3044.43	0.123461
3042.5	0.118962
3040.57	0.11454
3038.64	0.110129
3036.71	0.106107
3034.79	0.102498
3032.86	0.0990966
3030.93	0.0957391
3029	0.0923992
3027.07	0.0893993
3025.15	0.0866584
3023.22	0.0840316
3021.29	0.0815691
3019.36	0.0794142
3017.43	0.0774391
3015.51	0.0753063
3013.58	0.0731724
3011.65	0.0712152
3009.72	0.0695361
3007.79	0.0679764
3005.87	0.0664315
3003.94	0.0648629
3002.01	0.0634036
3000.08	0.0622282
2998.15	0.0610349
2996.23	0.0599199
2994.3	0.0587712
2992.37	0.05774
2990.44	0.0568427
2988.51	0.05591
2986.59	0.0550774
2984.66	0.054326
2982.73	0.0534924
2980.8	0.0527484
2978.87	0.0521619
2976.95	0.0515534
2975.02	0.050719
2973.09	0.0500086
2971.16	0.0495781
2969.23	0.0492139
2967.31	0.0487352
2965.38	0.0481001
2963.45	0.0474919
2961.52	0.0470313
2959.59	0.0466006
2957.67	0.0462941
2955.74	0.0461275
2953.81	0.0458725
2951.88	0.0454888
2949.95	0.045094
2948.03	0.0448218
2946.1	0.0444474
2944.17	0.044035
2942.24	0.0436622
2940.31	0.0433671
2938.39	0.0431116
2936.46	0.0428449
2934.53	0.042735
2932.6	0.0425911
2930.67	0.0423006
2928.75	0.0420021
2926.82	0.0417345
2924.89	0.0413958
2922.96	0.0410575
2921.03	0.0409687
2919.11	0.0407713
2917.18	0.0404132
2915.25	0.0401804
2913.32	0.0399824
2911.39	0.0397814
2909.47	0.0395977
2907.54	0.0392913
2905.61	0.0390493
2903.68	0.0388097
2901.75	0.0385958
2899.83	0.0384636
2897.9	0.0381978
2895.97	0.0378594
2894.04	0.0375773
2892.11	0.0373204
2890.19	0.0371018
2888.26	0.0368655
2886.33	0.0366364
2884.4	0.0364637
2882.47	0.0363193
2880.55	0.0359055
2878.62	0.035605
2876.69	0.0353831
2874.76	0.0351713
2872.83	0.034884
2870.91	0.0346427
2868.98	0.0344724
2867.05	0.0341995
2865.12	0.0339272
2863.19	0.0335959
2861.27	0.0332468
2859.34	0.0331001
2857.41	0.0328586
2855.48	0.0323874
2853.55	0.0320179
2851.63	0.0318307
2849.7	0.0316283
2847.77	0.0313119
2845.84	0.0309677
2843.91	0.0307337
2841.99	0.0304463
2840.06	0.0300844
2838.13	0.0298223
2836.2	0.029573
2834.27	0.0293378
2832.35	0.0290509
2830.42	0.0287902
2828.49	0.0285175
2826.56	0.0281301
2824.63	0.0279208
2822.71	0.0276415
2820.78	0.0272413
2818.85	0.0268562
2816.92	0.0266118
2814.99	0.0264489
2813.07	0.026161
2811.14	0.025822
2809.21	0.0255513
2807.28	0.0252422
2805.35	0.0250532
2803.43	0.0247569
2801.5	0.0244201
2799.57	0.0242152
2797.64	0.0238749
2795.71	0.0236145
2793.79	0.0233418
2791.86	0.0229153
2789.93	0.0226901
2788	0.0224189
2786.07	0.0221031
2784.15	0.0218606
2782.22	0.0215433
2780.29	0.021199
2778.36	0.0210654
2776.43	0.0208247
2774.51	0.0204533
2772.58	0.0201626
2770.65	0.0199349
2768.72	0.0197101
2766.79	0.0194787
2764.87	0.0190814
2762.94	0.0187627
2761.01	0.0184945
2759.08	0.0182946
2757.15	0.0181498
2755.23	0.017901
2753.3	0.0175329
2751.37	0.0173437
2749.44	0.0171442
2747.51	0.0170334
2745.59	0.0168982
2743.66	0.0164507
2741.73	0.0161595
2739.8	0.0159186
2737.87	0.015695
2735.95	0.0153296
2734.02	0.015074
2732.09	0.0149185
2730.16	0.0146837
2728.23	0.0145291
2726.31	0.0143824
2724.38	0.014196
2722.45	0.0139977
2720.52	0.0138223
2718.59	0.013645
2716.67	0.0135185
2714.74	0.0132638
2712.81	0.0130117
2710.88	0.0128359
2708.95	0.0126361
2707.02	0.0124657
2705.1	0.0122608
2703.17	0.0121246
2701.24	0.011953
2699.31	0.011827
2697.39	0.0116953
2695.46	0.011441
2693.53	0.0112969
2691.6	0.0111986
2689.67	0.011066
2687.75	0.0108666
2685.82	0.0106907
2683.89	0.010588
2681.96	0.010521
2680.03	0.0104304
2678.11	0.010312
2676.18	0.0101219
2674.25	0.0100203
2672.32	0.00993252
2670.39	0.00982195
2668.46	0.00977654
2666.54	0.00970328
2664.61	0.00957288
2662.68	0.00950596
2660.75	0.00953366
2658.83	0.00938537
2656.9	0.00918305
2654.97	0.00907809
2653.04	0.00910238
2651.11	0.00922844
2649.19	0.00916329
2647.26	0.0090454
2645.33	0.00890259
2643.4	0.00869921
2641.47	0.00868978
2639.55	0.00880334
2637.62	0.00886681
2635.69	0.00870959
2633.76	0.00864472
2631.83	0.00863526
2629.9	0.00848528
2627.98	0.00839278
2626.05	0.00857692
2624.12	0.00852877
2622.19	0.00846565
2620.27	0.00847721
2618.34	0.00842703
2616.41	0.00831546
2614.48	0.00829763
2612.55	0.0082412
2610.62	0.00822026
2608.7	0.00834603
2606.77	0.00831043
2604.84	0.00826622
2602.91	0.0083743
2600.98	0.0083946
2599.06	0.0083109
2597.13	0.00821462
2595.2	0.00818569
2593.27	0.00817542
2591.34	0.00822604
2589.42	0.00830651
2587.49	0.00834768
2585.56	0.00828368
2583.63	0.00822867
2581.71	0.00825211
2579.78	0.00824549
2577.85	0.00829847
2575.92	0.00832671
2573.99	0.00835181
2572.06	0.00826247
2570.14	0.0082724
2568.21	0.00844582
2566.28	0.00854749
2564.35	0.00868522
2562.42	0.00866669
2560.5	0.00856871
2558.57	0.00862583
2556.64	0.00870516
2554.71	0.00862853
2552.78	0.00855242
2550.86	0.00851164
2548.93	0.00849971
2547	0.0085113
2545.07	0.00855959
2543.15	0.00872257
2541.22	0.0088917
2539.29	0.00885014
2537.36	0.00879499
2535.43	0.00885606
2533.5	0.00900657
2531.58	0.00911493
2529.65	0.00907643
2527.72	0.00921189
2525.79	0.0092675
2523.86	0.00921199
2521.94	0.00922525
2520.01	0.00940498
2518.08	0.00948747
2516.15	0.00940061
2514.22	0.00946159
2512.3	0.00958311
2510.37	0.00965341
2508.44	0.00974733
2506.51	0.00974567
2504.58	0.00968827
2502.66	0.00988154
2500.73	0.0100606
2498.8	0.0100071
2496.87	0.0100767
2494.94	0.0101378
2493.02	0.0101518
2491.09	0.0101585
2489.16	0.0101574
2487.23	0.0103113
2485.3	0.010486
2483.38	0.0107137
2481.45	0.0108069
2479.52	0.0106861
2477.59	0.0105945
2475.66	0.0106723
2473.74	0.0109263
2471.81	0.0111058
2469.88	0.0111362
2467.95	0.011115
2466.02	0.0111112
2464.1	0.0113144
2462.17	0.011296
2460.24	0.0113051
2458.31	0.0115259
2456.38	0.0115883
2454.46	0.0116244
2452.53	0.0117205
2450.6	0.0118808
2448.67	0.0119534
2446.74	0.0119988
2444.82	0.0121328
2442.89	0.0121683
2440.96	0.0122374
2439.03	0.0123578
2437.1	0.0124649
2435.18	0.0125951
2433.25	0.0126655
2431.32	0.0126715
2429.39	0.0126295
2427.46	0.0127359
2425.54	0.0128405
2423.61	0.0131073
2421.68	0.0132815
2419.75	0.0132533
2417.82	0.0133389
2415.9	0.0133964
2413.97	0.0134729
2412.04	0.0136505
2410.11	0.0137926
2408.18	0.0138939
2406.26	0.0139516
2404.33	0.0139983
2402.4	0.0140907
2400.47	0.0141411
2398.54	0.0142086
2396.62	0.0142925
2394.69	0.0144308
2392.76	0.0146399
2390.83	0.0147421
2388.9	0.0147181
2386.98	0.0147877
2385.05	0.0149618
2383.12	0.0152233
2381.19	0.0154367
2379.26	0.0155858
2377.34	0.0155426
2375.41	0.0155783
2373.48	0.0157006
2371.55	0.0157569
2369.62	0.0158494
2367.7	0.0159644
2365.77	0.0160704
2363.84	0.0163151
2361.91	0.0164151
2359.98	0.0164086
2358.06	0.0166293
2356.13	0.0167939
2354.2	0.0169001
2352.27	0.0169142
2350.34	0.017103
2348.42	0.0173676
2346.49	0.0176753
2344.56	0.0180649
2342.63	0.0185231
2340.7	0.0184772
2338.78	0.0180146
2336.85	0.0179775
2334.92	0.01822
2332.99	0.0183801
2331.06	0.0183165
2329.14	0.0184671
2327.21	0.0186851
2325.28	0.0188631
2323.35	0.0189456
2321.42	0.0190743
2319.5	0.0193155
2317.57	0.0193965
2315.64	0.0194687
2313.71	0.0197564
2311.78	0.0199376
2309.86	0.0199146
2307.93	0.0199904
2306	0.0202206
2304.07	0.0204503
2302.14	0.0207907
2300.22	0.0210258
2298.29	0.0210831
2296.36	0.0212238
2294.43	0.021315
2292.5	0.0214556
2290.58	0.021586
2288.65	0.0217735
2286.72	0.0220226
2284.79	0.0221569
2282.86	0.0222571
2280.94	0.0223615
2279.01	0.022596
2277.08	0.0228294
2275.15	0.0229651
2273.22	0.0231799
2271.3	0.0233146
2269.37	0.0233891
2267.44	0.0234411
2265.51	0.0236882
2263.58	0.0238951
2261.66	0.0239597
2259.73	0.0241352
2257.8	0.0243155
2255.87	0.0242855
2253.94	0.0242998
2252.02	0.0244736
2250.09	0.0245849
2248.16	0.024643
2246.23	0.024848
2244.3	0.0248742
2242.38	0.0249512
2240.45	0.0251102
2238.52	0.0250972
2236.59	0.0251757
2234.66	0.0251374
2232.74	0.0250712
2230.81	0.0251737
2228.88	0.0251364
2226.95	0.025133
2225.02	0.0250929
2223.1	0.0250202
2221.17	0.025019
2219.24	0.0249312
2217.31	0.0248903
2215.38	0.0248118
2213.46	0.0246398
2211.53	0.024591
2209.6	0.0245233
2207.67	0.0243051
2205.74	0.0241524
2203.81	0.0239572
2201.89	0.0237162
2199.96	0.0235887
2198.03	0.0233788
2196.1	0.0232293
2194.18	0.0231525
2192.25	0.0228964
2190.32	0.0226652
2188.39	0.0224659
2186.46	0.0221949
2184.54	0.0218504
2182.61	0.0216175
2180.68	0.0214416
2178.75	0.0213439
2176.82	0.0212148
2174.9	0.0208529
2172.97	0.0205228
2171.04	0.02032
2169.11	0.0200286
2167.18	0.0198143
2165.25	0.0196761
2163.33	0.0193429
2161.4	0.019198
2159.47	0.0190346
2157.54	0.0187017
2155.62	0.0183232
2153.69	0.0180357
2151.76	0.0178887
2149.83	0.0176713
2147.9	0.0172798
2145.98	0.0170003
2144.05	0.0167608
2142.12	0.0164055
2140.19	0.0161774
2138.26	0.0159821
2136.33	0.0157866
2134.41	0.0156917
2132.48	0.0154968
2130.55	0.0151427
2128.62	0.0148509
2126.69	0.014729
2124.77	0.0145443
2122.84	0.0142676
2120.91	0.0140837
2118.98	0.0138256
2117.05	0.0135755
2115.13	0.0134442
2113.2	0.0134023
2111.27	0.0133354
2109.34	0.0130821
2107.41	0.0128642
2105.49	0.0128424
2103.56	0.0128192
2101.63	0.0123973
2099.7	0.011968
2097.77	0.0119629
2095.85	0.0119856
2093.92	0.0117276
2091.99	0.0115518
2090.06	0.0116035
2088.13	0.0115018
2086.21	0.0113703
2084.28	0.0112729
2082.35	0.0110601
2080.42	0.0110113
2078.49	0.0109067
2076.57	0.0107954
2074.64	0.0107189
2072.71	0.010627
2070.78	0.0105993
2068.85	0.0105621
2066.93	0.0105872
2065	0.0106334
2063.07	0.010444
2061.14	0.0102788
2059.21	0.0100912
2057.29	0.00989961
2055.36	0.00982534
2053.43	0.00983266
2051.5	0.00981884
2049.57	0.00973195
2047.65	0.0095698
2045.72	0.00947826
2043.79	0.00956005
2041.86	0.0094578
2039.93	0.0093459
2038.01	0.00932728
2036.08	0.00939882
2034.15	0.00941571
2032.22	0.00927714
2030.29	0.00925626
2028.37	0.00918529
2026.44	0.00908705
2024.51	0.00901384
2022.58	0.00892769
2020.65	0.00898817
2018.73	0.00914965
2016.8	0.00903458
2014.87	0.00885031
2012.94	0.00888413
2011.01	0.00888274
2009.09	0.00881098
2007.16	0.00867433
2005.23	0.00870435
2003.3	0.0087387
2001.37	0.00895972
1999.45	0.00905731
1997.52	0.00880523
1995.59	0.00871997
1993.66	0.00875749
1991.73	0.00863935
1989.81	0.00846058
1987.88	0.0086141
1985.95	0.00872112
1984.02	0.00861302
1982.09	0.00870631
1980.17	0.00874779
1978.24	0.00877254
1976.31	0.00885159
1974.38	0.00864141
1972.45	0.00842812
1970.53	0.00842785
1968.6	0.0085751
1966.67	0.00873163
1964.74	0.00873998
1962.81	0.00870164
1960.89	0.00874377
1958.96	0.0089698
1957.03	0.00917405
1955.1	0.00899304
1953.17	0.00875411
1951.25	0.00875317
1949.32	0.00885487
1947.39	0.00897504
1945.46	0.00911629
1943.53	0.00919243
1941.61	0.00915974
1939.68	0.00899422
1937.75	0.00893178
1935.82	0.0091215
1933.89	0.00927592
1931.97	0.00921463
1930.04	0.00917625
1928.11	0.00933232
1926.18	0.00928764
1924.25	0.00928398
1922.33	0.00928425
1920.4	0.00948655
1918.47	0.00961946
1916.54	0.00954369
1914.61	0.0095594
1912.69	0.00969044
1910.76	0.00981426
1908.83	0.0098208
1906.9	0.00989947
1904.97	0.010169
1903.05	0.0102207
1901.12	0.0101039
1899.19	0.0101766
1897.26	0.0103927
1895.33	0.0104557
1893.41	0.0103613
1891.48	0.010297
1889.55	0.0104694
1887.62	0.010714
1885.69	0.0108063
1883.77	0.0108921
1881.84	0.0109604
1879.91	0.011052
1877.98	0.0111571
1876.05	0.0111745
1874.13	0.0113104
1872.2	0.0114753
1870.27	0.0115313
1868.34	0.011578
1866.41	0.0117375
1864.49	0.0118832
1862.56	0.0118735
1860.63	0.0119321
1858.7	0.0120278
1856.77	0.0121884
1854.85	0.0124276
1852.92	0.0125325
1850.99	0.012599
1849.06	0.0127525
1847.13	0.0129236
1845.21	0.0131102
1843.28	0.0132952
1841.35	0.0135794
1839.42	0.0138069
1837.49	0.0138326
1835.57	0.0139545
1833.64	0.0141008
1831.71	0.0142186
1829.78	0.0143848
1827.85	0.0144401
1825.93	0.0144894
1824	0.0147641
1822.07	0.0149791
1820.14	0.0151487
1818.21	0.0153886
1816.29	0.0156037
1814.36	0.0158744
1812.43	0.0161874
1810.5	0.0163193
1808.57	0.0164267
1806.65	0.0166505
1804.72	0.0169856
1802.79	0.0173277
1800.86	0.0176191
1798.93	0.0177991
1797.01	0.0179626
1795.08	0.0181286
1793.15	0.0183583
1791.22	0.0187981
1789.29	0.0191849
1787.37	0.0195704
1785.44	0.019867
1783.51	0.020091
1781.58	0.0205557
1779.65	0.0209715
1777.73	0.0212391
1775.8	0.0215567
1773.87	0.0221616
1771.94	0.0225921
1770.01	0.0228623
1768.08	0.0234092
1766.16	0.0240468
1764.23	0.0245682
1762.3	0.025039
1760.37	0.0256762
1758.45	0.0265482
1756.52	0.0271033
1754.59	0.0276886
1752.66	0.0282813
1750.73	0.0290819
1748.81	0.0299121
1746.88	0.0307035
1744.95	0.0314346
1743.02	0.0321044
1741.09	0.0329209
1739.17	0.0339194
1737.24	0.0351723
1735.31	0.0363116
1733.38	0.0371035
1731.45	0.038112
1729.52	0.0393285
1727.6	0.0403641
1725.67	0.0413442
1723.74	0.0425426
1721.81	0.0436054
1719.89	0.0447414
1717.96	0.0457091
1716.03	0.0467769
1714.1	0.0478999
1712.17	0.0487483
1710.24	0.0495259
1708.32	0.0506035
1706.39	0.0515306
1704.46	0.0524486
1702.53	0.0531146
1700.6	0.0536814
1698.68	0.0544127
1696.75	0.0549938
1694.82	0.0555957
1692.89	0.0559765
1690.96	0.0564123
1689.04	0.0566688
1687.11	0.0569541
1685.18	0.0572407
1683.25	0.0574588
1681.33	0.0576477
1679.4	0.0574738
1677.47	0.0573129
1675.54	0.0574869
1673.61	0.057568
1671.68	0.0576371
1669.76	0.057603
1667.83	0.0573776
1665.9	0.0575259
1663.97	0.0578524
1662.04	0.0579961
1660.12	0.0582142
1658.19	0.0586138
1656.26	0.0589141
1654.33	0.0590625
1652.4	0.0591781
1650.48	0.0595235
1648.55	0.0599006
1646.62	0.0600686
1644.69	0.0602227
1642.76	0.0604781
1640.84	0.0605803
1638.91	0.0605392
1636.98	0.0604382
1635.05	0.0603109
1633.12	0.06011
1631.2	0.0600102
1629.27	0.0596303
1627.34	0.0588812
1625.41	0.0578252
1623.48	0.0567053
1621.56	0.0556245
1619.63	0.0548433
1617.7	0.0543016
1615.77	0.0536864
1613.84	0.0528992
1611.92	0.0521474
1609.99	0.0514838
1608.06	0.0509891
1606.13	0.0505803
1604.2	0.0503258
1602.28	0.0501009
1600.35	0.0498996
1598.42	0.0494864
1596.49	0.0489968
1594.56	0.0487846
1592.64	0.0484797
1590.71	0.0482022
1588.78	0.0479879
1586.85	0.0475743
1584.92	0.047344
1583	0.0473809
1581.07	0.0472131
1579.14	0.0468163
1577.21	0.0463021
1575.28	0.0459471
1573.36	0.0458498
1571.43	0.0458988
1569.5	0.0456639
1567.57	0.0453028
1565.64	0.0450823
1563.72	0.0449533
1561.79	0.0449662
1559.86	0.0448624
1557.93	0.0444546
1556	0.0442478
1554.08	0.0440494
1552.15	0.0439227
1550.22	0.0437887
1548.29	0.0433929
1546.36	0.0433024
1544.44	0.0430977
1542.51	0.0427136
1540.58	0.0424709
1538.65	0.0424891
1536.72	0.0424377
1534.8	0.0421353
1532.87	0.0419462
1530.94	0.0419052
1529.01	0.0417201
1527.08	0.0415597
1525.16	0.0413201
1523.23	0.041183
1521.3	0.0410557
1519.37	0.0406977
1517.44	0.0404422
1515.52	0.0403602
1513.59	0.0402526
1511.66	0.0401478
1509.73	0.0399605
1507.8	0.039517
1505.88	0.0393722
1503.95	0.039493
1502.02	0.0394486
1500.09	0.03912
1498.16	0.0386873
1496.24	0.0385322
1494.31	0.0386161
1492.38	0.0387325
1490.45	0.0385178
1488.52	0.0380967
1486.6	0.0377299
1484.67	0.0375663
1482.74	0.0375293
1480.81	0.0373118
1478.88	0.0371379
1476.96	0.0371506
1475.03	0.0371231
1473.1	0.036856
1471.17	0.0364872
1469.24	0.0362465
1467.32	0.0362694
1465.39	0.0362456
1463.46	0.0359822
1461.53	0.0359161
1459.6	0.0359214
1457.68	0.0359023
1455.75	0.0357127
1453.82	0.03536
1451.89	0.035182
1449.96	0.035022
1448.04	0.0348418
1446.11	0.0346981
1444.18	0.0346273
1442.25	0.034504
1440.32	0.0343416
1438.4	0.0340925
1436.47	0.0341443
1434.54	0.0340755
1432.61	0.0339447
1430.68	0.0338931
1428.76	0.0338262
1426.83	0.0336427
1424.9	0.0335567
1422.97	0.0333786
1421.04	0.033064
1419.12	0.0326967
1417.19	0.0324588
1415.26	0.0324158
1413.33	0.0323585
1411.4	0.0322206
1409.48	0.0321544
1407.55	0.0320696
1405.62	0.0320411
1403.69	0.0318511
1401.76	0.0316362
1399.84	0.0316946
1397.91	0.0313457
1395.98	0.0310027
1394.05	0.0308821
1392.12	0.0306229
1390.2	0.0306693
1388.27	0.0307737
1386.34	0.0306428
1384.41	0.0306507
1382.48	0.0305497
1380.56	0.0304263
1378.63	0.030201
1376.7	0.030027
1374.77	0.0301792
1372.84	0.0298741
1370.92	0.0295726
1368.99	0.0295993
1367.06	0.0296254
1365.13	0.0294724
1363.2	0.02926
1361.28	0.0291177
1359.35	0.0288206
1357.42	0.0286571
1355.49	0.0285678
1353.56	0.0286351
1351.64	0.0286676
1349.71	0.0284313
1347.78	0.0282377
1345.85	0.0282977
1343.92	0.0283587
1342	0.0283802
1340.07	0.0281893
1338.14	0.0279409
1336.21	0.0279914
1334.28	0.0277981
1332.36	0.0274306
1330.43	0.027286
1328.5	0.0273619
1326.57	0.0270741
1324.64	0.0269005
1322.72	0.0268312
1320.79	0.0266909
1318.86	0.0263635
1316.93	0.0261148
1315	0.0262495
1313.08	0.0264761
1311.15	0.0265295
1309.22	0.0265995
1307.29	0.0264862
1305.36	0.0262376
1303.44	0.0262475
1301.51	0.0261563
1299.58	0.0258875
1297.65	0.0257026
1295.72	0.025567
1293.8	0.0255236
1291.87	0.0257097
1289.94	0.0257818
1288.01	0.0255153
1286.08	0.0252088
1284.15	0.0252016
1282.23	0.0250004
1280.3	0.0248306
1278.37	0.0250541
1276.44	0.0248244
1274.52	0.024776
1272.59	0.0247703
1270.66	0.024704
1268.73	0.0245486
1266.8	0.0242188
1264.88	0.0241062
1262.95	0.0241995
1261.02	0.0242409
1259.09	0.0241148
1257.16	0.024228
1255.24	0.0241982
1253.31	0.0237783
1251.38	0.0237573
1249.45	0.024197
1247.52	0.0244118
1245.59	0.0244822
1243.67	0.0243941
1241.74	0.0239639
1239.81	0.0238228
1237.88	0.0236269
1235.96	0.0236293
1234.03	0.0242251
1232.1	0.0244567
1230.17	0.0240268
1228.24	0.0236672
1226.31	0.0236359
1224.39	0.023564
1222.46	0.0236176
1220.53	0.0237138
1218.6	0.0240552
1216.68	0.0241637
1214.75	0.0237149
1212.82	0.0235199
1210.89	0.0234929
1208.96	0.0236149
1207.03	0.0239799
1205.11	0.0241619
1203.18	0.0236619
1201.25	0.0233909
1199.32	0.0237135
1197.39	0.0240243
1195.47	0.0240731
1193.54	0.0241573
1191.61	0.024439
1189.68	0.0246535
1187.75	0.024913
1185.83	0.0254289
1183.9	0.025673
1181.97	0.0258754
1180.04	0.0262084
1178.11	0.0265739
1176.19	0.0267682
1174.26	0.0273911
1172.33	0.0279774
1170.4	0.0283472
1168.47	0.0289976
1166.55	0.0296299
1164.62	0.0302049
1162.69	0.0309642
1160.76	0.0319287
1158.83	0.0326414
1156.91	0.0334763
1154.98	0.0347105
1153.05	0.0356738
1151.12	0.0368421
1149.19	0.0379049
1147.27	0.0384634
1145.34	0.039233
1143.41	0.0403418
1141.48	0.0415691
1139.55	0.0428713
1137.63	0.0447916
1135.7	0.0462549
1133.77	0.0474308
1131.84	0.0481935
1129.91	0.0491198
1127.99	0.0500506
1126.06	0.0510623
1124.13	0.0517182
1122.2	0.0522996
1120.27	0.0526835
1118.35	0.0528389
1116.42	0.0530397
1114.49	0.0533165
1112.56	0.0528824
1110.63	0.0523666
1108.71	0.0515372
1106.78	0.0505253
1104.85	0.0502413
1102.92	0.0496756
1100.99	0.048222
1099.07	0.0469845
1097.14	0.0460135
1095.21	0.0449694
1093.28	0.0433421
1091.35	0.0414349
1089.43	0.0395266
1087.5	0.0379253
1085.57	0.037075
1083.64	0.0361542
1081.71	0.0347145
1079.79	0.0330845
1077.86	0.0317661
1075.93	0.0307108
1074	0.0300743
1072.07	0.0298782
1070.15	0.0287834
1068.22	0.0281426
1066.29	0.0283368
1064.36	0.0276403
1062.43	0.0269488
1060.51	0.0266476
1058.58	0.0264511
1056.65	0.026781
1054.72	0.0263785
1052.79	0.0258083
1050.87	0.0261671
1048.94	0.026713
1047.01	0.0268003
1045.08	0.0264144
1043.15	0.0266064
1041.23	0.0276449
1039.3	0.0279116
1037.37	0.0278164
1035.44	0.0282611
1033.51	0.0284128
1031.59	0.0287429
1029.66	0.0295984
1027.73	0.0301119
1025.8	0.0304035
1023.87	0.0310665
1021.95	0.0313967
1020.02	0.0313879
1018.09	0.0319974
1016.16	0.0325286
1014.23	0.0338305
1012.31	0.0352417
1010.38	0.0362023
1008.45	0.0367259
1006.52	0.0374853
1004.59	0.0384874
1002.67	0.0392437
1000.74	0.0400966
998.81	0.0414175
996.882	0.0422358
994.954	0.0432908
993.026	0.0447693
991.098	0.0467251
989.17	0.0487292
987.242	0.0504027
985.314	0.0523658
983.386	0.0539095
981.458	0.0551995
979.53	0.0572588
977.602	0.0593289
975.673	0.0619495
973.746	0.0642857
971.817	0.0665619
969.89	0.0692176
967.962	0.0717015
966.034	0.0742436
964.106	0.0772313
962.178	0.0803298
960.25	0.0827537
958.322	0.0852335
956.394	0.0886462
954.465	0.0919668
952.538	0.0938725
950.609	0.0960292
948.682	0.0987545
946.754	0.102058
944.826	0.105052
942.898	0.107712
940.97	0.110605
939.042	0.113068
937.113	0.115099
935.186	0.11779
933.257	0.120199
931.33	0.122126
929.401	0.123863
927.474	0.125509
925.546	0.127677
923.618	0.130251
921.69	0.132663
919.761	0.133637
917.833	0.134332
915.905	0.135876
913.978	0.137324
912.049	0.137761
910.122	0.138647
908.193	0.139826
906.266	0.140464
904.338	0.141694
902.409	0.143008
900.481	0.143117
898.553	0.14313
896.625	0.142886
894.697	0.142893
892.77	0.143208
890.841	0.143643
888.914	0.144429
886.985	0.145462
885.058	0.144494
883.129	0.143304
881.201	0.143417
879.273	0.143508
877.345	0.14319
875.417	0.142734
873.489	0.142477
871.562	0.142406
869.633	0.142171
867.706	0.141568
865.777	0.140326
863.849	0.139639
861.921	0.139445
859.993	0.139387
858.065	0.138391
856.137	0.137571
854.209	0.136536
852.281	0.135655
850.354	0.135311
848.425	0.134117
846.497	0.132303
844.569	0.131655
842.641	0.131636
840.713	0.13061
838.785	0.129586
836.857	0.128587
834.929	0.127575
833.001	0.126899
831.073	0.126076
829.145	0.124476
827.217	0.122848
825.289	0.121606
823.361	0.119385
821.433	0.118883
819.505	0.119468
817.577	0.118518
815.649	0.116779
813.721	0.116122
811.793	0.115297
809.865	0.113737
807.937	0.113261
806.009	0.112591
804.081	0.111486
802.153	0.110331
800.225	0.109255
798.297	0.107802
796.369	0.10553
794.441	0.104731
792.513	0.103712
790.585	0.103169
788.657	0.102452
786.729	0.101048
784.801	0.0994375
782.873	0.0985659
780.945	0.0974141
779.017	0.0960975
777.089	0.0956639
775.161	0.0948658
773.232	0.0928268
771.305	0.0913728
769.377	0.0912283
767.449	0.090461
765.521	0.0886556
763.593	0.0878852
761.665	0.087181
759.737	0.0856969
757.809	0.0848537
755.881	0.0827605
753.953	0.0809992
752.024	0.0807892
750.097	0.0793803
748.169	0.0781838
746.241	0.0779826
744.313	0.0772956
742.385	0.0763481
740.457	0.0746113
738.529	0.0723774
736.601	0.0708839
734.672	0.0708617
732.745	0.0698254
730.816	0.0666833
728.889	0.0656702
726.961	0.0669145
725.033	0.0666706
723.105	0.065516
721.177	0.0643174
719.249	0.0629686
717.32	0.061624
715.393	0.060368
713.464	0.0592864
711.537	0.0582959
709.608	0.0578115
707.681	0.0578458
705.752	0.0565523
703.825	0.0547579
701.897	0.0547797
699.968	0.0546669
698.041	0.0552434
696.112	0.0543224
694.185	0.0516321
692.256	0.0497281
690.329	0.0500584
688.4	0.0499279
686.473	0.0482145
684.544	0.047481
682.617	0.0473178
680.688	0.0464287
678.76	0.0463004
676.833	0.0456825
674.904	0.0442062
672.977	0.0427605
671.048	0.0409197
669.121	0.040765
667.192	0.0420919
665.265	0.0418326
663.336	0.0402049
661.408	0.0379649
659.48	0.0378146
657.552	0.0394128
655.625	0.0395099
653.696	0.0381061
651.769	0.0367053
649.84	0.0366026
647.913	0.0372883
645.984	0.0358987
644.056	0.0347041
642.128	0.0351305
640.2	0.0355139
638.272	0.0351909
636.344	0.0344972
634.417	0.0338452
632.488	0.0323116
630.561	0.0323568
628.632	0.032359
626.704	0.0312506
624.776	0.0304576
622.848	0.0299893
620.92	0.0303934
618.992	0.0299903
617.064	0.0286966
615.136	0.0281075
613.208	0.0278193
611.28	0.0281918
609.353	0.029239
607.424	0.028074
605.496	0.0266137
603.568	0.0262133
601.64	0.0267658
599.712	0.0266883
597.784	0.0258789
595.856	0.0261003
593.928	0.0260175
592	0.0245292
590.072	0.023422
588.144	0.0234333
586.216	0.0233661
584.288	0.0241856
582.36	0.0244905
580.432	0.0234807
578.504	0.0220459
576.576	0.0225874
574.648	0.0217067
572.72	0.019774
570.792	0.0199827
568.864	0.0199719
566.936	0.0200673
565.008	0.0200944
563.08	0.0196222
561.152	0.0184956
559.224	0.019822
557.296	0.0208533
555.368	0.0211038
553.44	0.0200949
551.512	0.018437
549.583	0.0175246
547.656	0.0176555
545.728	0.0177118
543.8	0.0173862
541.872	0.0179975
539.944	0.019517
538.016	0.0189748
536.088	0.0176056
534.16	0.0184674
532.231	0.0169629
530.304	0.0168504
528.375	0.0173727
526.448	0.0163355
524.52	0.013493
522.592	0.0111687
520.664	0.0137443
518.736	0.0153313
516.808	0.0146646
514.879	0.0146329
512.952	0.0133942
511.023	0.0123454
509.096	0.0126214
507.167	0.01487
505.24	0.014713
503.312	0.0133987
501.384	0.012681
499.456	0.0109401
497.527	0.00875401
495.6	0.0114322
493.671	0.0139999
491.744	0.0133867
489.815	0.0126789
487.888	0.0120287
485.959	0.0116851
484.032	0.0138317
482.104	0.0137596
480.176	0.0132303
478.248	0.0135839
476.319	0.0145961
474.392	0.0154913
472.463	0.0175395
470.536	0.0146232
468.607	0.00772026
466.68	0.00902308
464.751	0.0137942
462.824	0.016509
460.895	0.0143806
458.967	0.0134719
457.04	0.0189694
455.111	0.0193329
453.184	0.0163102
451.255	0.0215577
449.328	0.0249028
447.399	0.0225856
445.472	0.0226967
443.543	0.0202422
441.615	0.0249101
439.687	0.029082
437.759	0.0265776
435.832	0.0281242
433.903	0.0287226
431.976	0.0230927
430.047	0.021681
428.12	0.0322392
426.191	0.0321203
424.263	0.027483
422.335	0.0358705
420.407	0.037363
418.479	0.0295854
416.551	0.0306305
414.624	0.0409382
412.695	0.0697241
410.768	0.0752695
408.839	0.0657946
406.912	0.0737993
404.983	0.0654306
403.055	0.0556111
401.127	0.0743562
