nAHh0183.spa, Wed Oct 25 17:22:24 2006 (GMT-10:00)
9999.26	-0.00583231
9997.33	-0.00583565
9995.4	-0.00673195
9993.48	-0.00669351
9991.55	-0.00644482
9989.62	-0.00678339
9987.69	-0.00734756
9985.76	-0.00745603
9983.84	-0.00667214
9981.91	-0.00555058
9979.98	-0.00581302
9978.05	-0.00700261
9976.12	-0.00641573
9974.2	-0.00652281
9972.27	-0.00767331
9970.34	-0.00797749
9968.41	-0.00660267
9966.48	-0.00626272
9964.56	-0.00682472
9962.63	-0.00630054
9960.7	-0.00580223
9958.77	-0.00585006
9956.84	-0.00533066
9954.92	-0.00536715
9952.99	-0.00636976
9951.06	-0.00697066
9949.13	-0.00672141
9947.2	-0.0056144
9945.28	-0.00550615
9943.35	-0.00614431
9941.42	-0.00647486
9939.49	-0.00582894
9937.56	-0.00582257
9935.64	-0.00604375
9933.71	-0.00559376
9931.78	-0.0053877
9929.85	-0.00599179
9927.92	-0.00663494
9926	-0.00635576
9924.07	-0.00656259
9922.14	-0.0070684
9920.21	-0.00673674
9918.28	-0.00628248
9916.36	-0.00584418
9914.43	-0.00590302
9912.5	-0.00650025
9910.57	-0.00618968
9908.64	-0.00570133
9906.71	-0.00614258
9904.79	-0.00598721
9902.86	-0.00510931
9900.93	-0.00570247
9899	-0.00638162
9897.08	-0.00566833
9895.15	-0.00521789
9893.22	-0.00543891
9891.29	-0.00503514
9889.36	-0.00506782
9887.43	-0.005509
9885.51	-0.00582146
9883.58	-0.00611746
9881.65	-0.00633094
9879.72	-0.00693561
9877.79	-0.00720852
9875.87	-0.00694356
9873.94	-0.0056976
9872.01	-0.00494096
9870.08	-0.00529478
9868.15	-0.00614918
9866.23	-0.00718913
9864.3	-0.00635213
9862.37	-0.00533835
9860.44	-0.00544035
9858.51	-0.00676783
9856.59	-0.00657268
9854.66	-0.00578222
9852.73	-0.00547654
9850.8	-0.00581051
9848.87	-0.00617453
9846.95	-0.00591099
9845.02	-0.00569224
9843.09	-0.0052632
9841.16	-0.00482259
9839.23	-0.00492124
9837.31	-0.00475085
9835.38	-0.0051692
9833.45	-0.00569907
9831.52	-0.00607276
9829.59	-0.00598319
9827.67	-0.00561692
9825.74	-0.00553406
9823.81	-0.00583404
9821.88	-0.00600273
9819.95	-0.00579861
9818.03	-0.00514448
9816.1	-0.00489163
9814.17	-0.00542193
9812.24	-0.00583574
9810.31	-0.00588968
9808.39	-0.00548659
9806.46	-0.00457692
9804.53	-0.00464688
9802.6	-0.00565983
9800.67	-0.00594695
9798.75	-0.00534071
9796.82	-0.00456846
9794.89	-0.00483593
9792.96	-0.00488809
9791.03	-0.00449619
9789.11	-0.00494434
9787.18	-0.00548223
9785.25	-0.00520142
9783.32	-0.00522025
9781.39	-0.00547824
9779.46	-0.00526555
9777.54	-0.00584817
9775.61	-0.00634142
9773.68	-0.00537818
9771.75	-0.00470867
9769.83	-0.00483301
9767.9	-0.00578415
9765.97	-0.00635438
9764.04	-0.00583555
9762.11	-0.00566051
9760.18	-0.00551332
9758.26	-0.00496317
9756.33	-0.00444566
9754.4	-0.0041728
9752.47	-0.00495898
9750.54	-0.00568952
9748.62	-0.00536807
9746.69	-0.0048969
9744.76	-0.00507362
9742.83	-0.00449888
9740.9	-0.00440456
9738.98	-0.00477268
9737.05	-0.00488901
9735.12	-0.00527325
9733.19	-0.00503881
9731.26	-0.00474155
9729.34	-0.00437471
9727.41	-0.00360154
9725.48	-0.00412147
9723.55	-0.00510545
9721.62	-0.00496108
9719.7	-0.00470952
9717.77	-0.00541208
9715.84	-0.0058788
9713.91	-0.00508279
9711.98	-0.00475895
9710.06	-0.00533262
9708.13	-0.00525969
9706.2	-0.00453856
9704.27	-0.0045382
9702.34	-0.00458866
9700.42	-0.00435319
9698.49	-0.00430235
9696.56	-0.00454787
9694.63	-0.00448747
9692.7	-0.00417638
9690.78	-0.00412151
9688.85	-0.00432
9686.92	-0.00387682
9684.99	-0.00373473
9683.06	-0.00386086
9681.14	-0.00488838
9679.21	-0.00553893
9677.28	-0.00491315
9675.35	-0.00469022
9673.42	-0.00495007
9671.5	-0.004398
9669.57	-0.0038627
9667.64	-0.00348385
9665.71	-0.0034874
9663.78	-0.00404752
9661.86	-0.00438616
9659.93	-0.00428145
9658	-0.00369278
9656.07	-0.00374436
9654.14	-0.00452246
9652.21	-0.00432341
9650.29	-0.00387663
9648.36	-0.0041834
9646.43	-0.00390621
9644.5	-0.003856
9642.57	-0.00429595
9640.65	-0.00467934
9638.72	-0.00461925
9636.79	-0.00391091
9634.86	-0.003805
9632.93	-0.00386576
9631.01	-0.0040596
9629.08	-0.00443444
9627.15	-0.00466141
9625.22	-0.00443064
9623.29	-0.00454102
9621.37	-0.00418737
9619.44	-0.00367399
9617.51	-0.0034876
9615.58	-0.00346613
9613.65	-0.00343228
9611.73	-0.00339828
9609.8	-0.00319483
9607.87	-0.0027997
9605.94	-0.00314829
9604.01	-0.00435516
9602.09	-0.00487072
9600.16	-0.0042071
9598.23	-0.0038542
9596.3	-0.00420027
9594.37	-0.00432567
9592.45	-0.00416276
9590.52	-0.00362517
9588.59	-0.00333335
9586.66	-0.0040337
9584.73	-0.00424135
9582.81	-0.00409505
9580.88	-0.00377826
9578.95	-0.00349614
9577.02	-0.00335528
9575.09	-0.00357936
9573.17	-0.00348217
9571.24	-0.00306134
9569.31	-0.00320812
9567.38	-0.00364899
9565.45	-0.00308615
9563.53	-0.00334029
9561.6	-0.00395665
9559.67	-0.00393665
9557.74	-0.00366157
9555.81	-0.00350308
9553.88	-0.00342794
9551.96	-0.00349151
9550.03	-0.00336886
9548.1	-0.00361869
9546.17	-0.00348556
9544.25	-0.00354383
9542.32	-0.00349848
9540.39	-0.0034612
9538.46	-0.00347816
9536.53	-0.00379373
9534.6	-0.00396601
9532.68	-0.00419459
9530.75	-0.00418268
9528.82	-0.00401446
9526.89	-0.00441279
9524.96	-0.0039354
9523.04	-0.00330556
9521.11	-0.00365628
9519.18	-0.00407782
9517.25	-0.00370093
9515.32	-0.00409981
9513.4	-0.0043917
9511.47	-0.00411855
9509.54	-0.00401105
9507.61	-0.00429998
9505.68	-0.0045783
9503.76	-0.00458004
9501.83	-0.00433988
9499.9	-0.0043717
9497.97	-0.00398124
9496.04	-0.00347971
9494.12	-0.0035322
9492.19	-0.00369449
9490.26	-0.00403508
9488.33	-0.00393905
9486.4	-0.00377425
9484.48	-0.00377977
9482.55	-0.00343911
9480.62	-0.00315546
9478.69	-0.00324473
9476.76	-0.00327916
9474.84	-0.00304318
9472.91	-0.00313974
9470.98	-0.00312431
9469.05	-0.00319605
9467.12	-0.00329994
9465.2	-0.00280513
9463.27	-0.00293228
9461.34	-0.00393183
9459.41	-0.00400826
9457.48	-0.00366387
9455.56	-0.00335893
9453.63	-0.00350968
9451.7	-0.00392023
9449.77	-0.00398574
9447.84	-0.00392522
9445.92	-0.00369988
9443.99	-0.00385846
9442.06	-0.00446625
9440.13	-0.00451708
9438.2	-0.00414865
9436.28	-0.00377491
9434.35	-0.00284937
9432.42	-0.00279242
9430.49	-0.00314789
9428.56	-0.00407884
9426.63	-0.00445533
9424.71	-0.00386037
9422.78	-0.00341991
9420.85	-0.00395839
9418.92	-0.00399746
9417	-0.003298
9415.07	-0.00244931
9413.14	-0.00246324
9411.21	-0.00307388
9409.28	-0.00332154
9407.35	-0.00344825
9405.43	-0.00340959
9403.5	-0.00288245
9401.57	-0.00266032
9399.64	-0.00290612
9397.71	-0.00300274
9395.79	-0.00262462
9393.86	-0.00240245
9391.93	-0.00268673
9390	-0.00306065
9388.07	-0.00329004
9386.15	-0.00359158
9384.22	-0.0039068
9382.29	-0.00374879
9380.36	-0.00378066
9378.43	-0.00322457
9376.51	-0.00326143
9374.58	-0.00380884
9372.65	-0.00346676
9370.72	-0.00329583
9368.79	-0.00363604
9366.87	-0.0035673
9364.94	-0.00365434
9363.01	-0.0033003
9361.08	-0.00330688
9359.15	-0.00371785
9357.23	-0.00364981
9355.3	-0.00373989
9353.37	-0.00293278
9351.44	-0.00249922
9349.51	-0.00212772
9347.59	-0.00218027
9345.66	-0.00269154
9343.73	-0.00262426
9341.8	-0.0027323
9339.87	-0.00326347
9337.95	-0.00288913
9336.02	-0.00307651
9334.09	-0.00410861
9332.16	-0.00404463
9330.23	-0.00349463
9328.31	-0.00346002
9326.38	-0.00337264
9324.45	-0.00310467
9322.52	-0.00303117
9320.59	-0.00305558
9318.67	-0.00280035
9316.74	-0.00246202
9314.81	-0.00271906
9312.88	-0.00324282
9310.95	-0.00346916
9309.03	-0.00369032
9307.1	-0.00384533
9305.17	-0.003579
9303.24	-0.00313645
9301.31	-0.00299155
9299.38	-0.00301755
9297.46	-0.00263262
9295.53	-0.0027516
9293.6	-0.00339874
9291.67	-0.00298734
9289.74	-0.00244235
9287.82	-0.00284387
9285.89	-0.00356026
9283.96	-0.00352783
9282.03	-0.00333335
9280.1	-0.00335291
9278.18	-0.00273194
9276.25	-0.00231634
9274.32	-0.003237
9272.39	-0.00375829
9270.46	-0.00402211
9268.54	-0.00388848
9266.61	-0.00334117
9264.68	-0.0029876
9262.75	-0.00256309
9260.82	-0.00253144
9258.9	-0.00286892
9256.97	-0.00321102
9255.04	-0.00323489
9253.11	-0.00328758
9251.18	-0.00332934
9249.26	-0.00330931
9247.33	-0.00336843
9245.4	-0.00309944
9243.47	-0.00252482
9241.54	-0.00253068
9239.62	-0.00238057
9237.69	-0.00227162
9235.76	-0.00281497
9233.83	-0.00307815
9231.9	-0.0028394
9229.98	-0.00253078
9228.05	-0.0024358
9226.12	-0.00274893
9224.19	-0.00301429
9222.26	-0.00302278
9220.34	-0.00305525
9218.41	-0.00291089
9216.48	-0.00312303
9214.55	-0.00326518
9212.62	-0.00323677
9210.7	-0.00320391
9208.77	-0.00320634
9206.84	-0.00332917
9204.91	-0.00327459
9202.98	-0.00313562
9201.05	-0.00271347
9199.13	-0.00249718
9197.2	-0.00254626
9195.27	-0.00297651
9193.34	-0.0031603
9191.42	-0.00298714
9189.49	-0.0025851
9187.56	-0.00248018
9185.63	-0.00276286
9183.7	-0.0030643
9181.77	-0.00324111
9179.85	-0.00280737
9177.92	-0.00304565
9175.99	-0.00338849
9174.06	-0.00309207
9172.13	-0.00238196
9170.21	-0.00226008
9168.28	-0.00320993
9166.35	-0.00352125
9164.42	-0.00286744
9162.49	-0.00308549
9160.57	-0.00340183
9158.64	-0.00329024
9156.71	-0.0031221
9154.78	-0.00324357
9152.85	-0.00337553
9150.93	-0.00292688
9149	-0.00282393
9147.07	-0.00297477
9145.14	-0.00312312
9143.21	-0.00308559
9141.29	-0.00277932
9139.36	-0.00286803
9137.43	-0.0030214
9135.5	-0.00313997
9133.57	-0.00309809
9131.65	-0.00290529
9129.72	-0.0030311
9127.79	-0.00315322
9125.86	-0.00327462
9123.93	-0.00296934
9122.01	-0.0030437
9120.08	-0.00285421
9118.15	-0.00232623
9116.22	-0.00229775
9114.29	-0.00301728
9112.37	-0.00351491
9110.44	-0.00350683
9108.51	-0.00300412
9106.58	-0.0024042
9104.65	-0.00269562
9102.73	-0.00290845
9100.8	-0.00233361
9098.87	-0.00205643
9096.94	-0.00270234
9095.01	-0.00300201
9093.08	-0.00304242
9091.16	-0.00274959
9089.23	-0.00224409
9087.3	-0.00244539
9085.37	-0.00314497
9083.45	-0.00357203
9081.52	-0.00352875
9079.59	-0.0033516
9077.66	-0.00319322
9075.73	-0.00295229
9073.8	-0.00301968
9071.88	-0.00270869
9069.95	-0.00267306
9068.02	-0.0030312
9066.09	-0.00316263
9064.17	-0.00269216
9062.24	-0.00221561
9060.31	-0.00260967
9058.38	-0.0028894
9056.45	-0.00290826
9054.52	-0.00309105
9052.6	-0.00276835
9050.67	-0.0029099
9048.74	-0.00309437
9046.81	-0.00275683
9044.88	-0.00297954
9042.96	-0.00318306
9041.03	-0.00318204
9039.1	-0.00311118
9037.17	-0.00253108
9035.24	-0.0022822
9033.32	-0.00250113
9031.39	-0.002607
9029.46	-0.00274577
9027.53	-0.00282603
9025.6	-0.00283709
9023.68	-0.00294772
9021.75	-0.00316664
9019.82	-0.00298309
9017.89	-0.00289588
9015.96	-0.00264141
9014.04	-0.0028233
9012.11	-0.00289976
9010.18	-0.00265903
9008.25	-0.00240403
9006.32	-0.00215162
9004.4	-0.00233928
9002.47	-0.00247813
9000.54	-0.00269177
8998.61	-0.00293222
8996.68	-0.00290859
8994.76	-0.0028097
8992.83	-0.00326834
8990.9	-0.00320269
8988.97	-0.00285971
8987.04	-0.00324979
8985.12	-0.00367021
8983.19	-0.00345673
8981.26	-0.003264
8979.33	-0.00305752
8977.4	-0.00286553
8975.48	-0.00253625
8973.55	-0.00209253
8971.62	-0.00231104
8969.69	-0.00317414
8967.76	-0.00350886
8965.83	-0.00335022
8963.91	-0.00324765
8961.98	-0.00351021
8960.05	-0.00295614
8958.12	-0.00256095
8956.2	-0.00297296
8954.27	-0.00298405
8952.34	-0.00299978
8950.41	-0.00302863
8948.48	-0.00299675
8946.55	-0.00279835
8944.63	-0.00286721
8942.7	-0.00294015
8940.77	-0.0026508
8938.84	-0.00286356
8936.92	-0.00295397
8934.99	-0.00292863
8933.06	-0.00304009
8931.13	-0.00285961
8929.2	-0.00267883
8927.27	-0.00307184
8925.35	-0.00299481
8923.42	-0.00271218
8921.49	-0.00287376
8919.56	-0.00293725
8917.63	-0.00298879
8915.71	-0.00319694
8913.78	-0.00314625
8911.85	-0.00312296
8909.92	-0.00298731
8907.99	-0.00300596
8906.07	-0.00307963
8904.14	-0.00311664
8902.21	-0.00280737
8900.28	-0.00283959
8898.35	-0.00308602
8896.43	-0.00300109
8894.5	-0.00303466
8892.57	-0.00333427
8890.64	-0.00307184
8888.71	-0.00262956
8886.79	-0.00258203
8884.86	-0.00295525
8882.93	-0.00315648
8881	-0.00332256
8879.07	-0.00329198
8877.15	-0.00326995
8875.22	-0.0035999
8873.29	-0.00363128
8871.36	-0.00319888
8869.43	-0.00303156
8867.51	-0.00286188
8865.58	-0.00300175
8863.65	-0.00306437
8861.72	-0.00294291
8859.79	-0.00282531
8857.87	-0.00337685
8855.94	-0.00329419
8854.01	-0.00278561
8852.08	-0.0027078
8850.15	-0.00302304
8848.22	-0.0032955
8846.3	-0.00336886
8844.37	-0.00339907
8842.44	-0.00337645
8840.51	-0.00352165
8838.58	-0.00334676
8836.66	-0.00322868
8834.73	-0.00326301
8832.8	-0.00322644
8830.87	-0.00340529
8828.94	-0.00356884
8827.02	-0.00333506
8825.09	-0.00319927
8823.16	-0.00310852
8821.23	-0.00296193
8819.3	-0.00292985
8817.38	-0.00312974
8815.45	-0.00288018
8813.52	-0.00273151
8811.59	-0.00280977
8809.66	-0.0029255
8807.74	-0.00272628
8805.81	-0.00274959
8803.88	-0.00273013
8801.95	-0.00282129
8800.02	-0.00323568
8798.1	-0.00376706
8796.17	-0.00380385
8794.24	-0.00350321
8792.31	-0.00308667
8790.38	-0.00296272
8788.46	-0.00318013
8786.53	-0.00328465
8784.6	-0.00320227
8782.67	-0.00324838
8780.74	-0.00359605
8778.82	-0.00359056
8776.89	-0.003315
8774.96	-0.00341373
8773.03	-0.00373467
8771.1	-0.00359707
8769.18	-0.00314125
8767.25	-0.002831
8765.32	-0.00284907
8763.39	-0.00266295
8761.46	-0.00255255
8759.54	-0.00302788
8757.61	-0.00387364
8755.68	-0.00369797
8753.75	-0.00311849
8751.82	-0.00334157
8749.9	-0.00344697
8747.97	-0.00321996
8746.04	-0.0032512
8744.11	-0.00334693
8742.18	-0.00337481
8740.25	-0.00340693
8738.33	-0.00335827
8736.4	-0.00324302
8734.47	-0.00327972
8732.54	-0.0032346
8730.62	-0.00333825
8728.69	-0.0031846
8726.76	-0.00287659
8724.83	-0.00276661
8722.9	-0.00309533
8720.97	-0.00348464
8719.05	-0.0032512
8717.12	-0.00298477
8715.19	-0.00312954
8713.26	-0.00350193
8711.33	-0.00348191
8709.41	-0.00341617
8707.48	-0.00314141
8705.55	-0.00305413
8703.62	-0.00351024
8701.69	-0.00368595
8699.77	-0.00354814
8697.84	-0.00361974
8695.91	-0.00364238
8693.98	-0.00337507
8692.05	-0.00355333
8690.13	-0.00367856
8688.2	-0.00384306
8686.27	-0.00350219
8684.34	-0.00334186
8682.41	-0.00324482
8680.49	-0.00306878
8678.56	-0.00332822
8676.63	-0.00348227
8674.7	-0.00335807
8672.77	-0.00312092
8670.85	-0.003165
8668.92	-0.00345483
8666.99	-0.00355941
8665.06	-0.00358287
8663.13	-0.00363604
8661.21	-0.00361435
8659.28	-0.00324831
8657.35	-0.00345581
8655.42	-0.00394348
8653.49	-0.00378742
8651.57	-0.00372008
8649.64	-0.00364284
8647.71	-0.00360437
8645.78	-0.00352513
8643.85	-0.00324216
8641.93	-0.0033562
8640	-0.00360085
8638.07	-0.00334795
8636.14	-0.00310348
8634.21	-0.00352162
8632.29	-0.00388185
8630.36	-0.00372764
8628.43	-0.00344302
8626.5	-0.00323874
8624.57	-0.00317839
8622.65	-0.00363851
8620.72	-0.00351964
8618.79	-0.00347051
8616.86	-0.00422088
8614.93	-0.00412571
8613	-0.00354439
8611.08	-0.00340594
8609.15	-0.00340778
8607.22	-0.00299474
8605.29	-0.00314122
8603.37	-0.00356352
8601.44	-0.00403833
8599.51	-0.003929
8597.58	-0.00385236
8595.65	-0.00406617
8593.72	-0.00366256
8591.8	-0.00338638
8589.87	-0.00359283
8587.94	-0.0037549
8586.01	-0.00370655
8584.08	-0.00369791
8582.16	-0.00384244
8580.23	-0.00372265
8578.3	-0.00355504
8576.37	-0.00361347
8574.44	-0.00378778
8572.52	-0.00366867
8570.59	-0.00355241
8568.66	-0.00381577
8566.73	-0.00430005
8564.8	-0.00407224
8562.88	-0.0034379
8560.95	-0.003337
8559.02	-0.00350213
8557.09	-0.00347021
8555.16	-0.00352273
8553.24	-0.00339085
8551.31	-0.00336172
8549.38	-0.00344565
8547.45	-0.00367261
8545.52	-0.00392805
8543.6	-0.00391757
8541.67	-0.0036758
8539.74	-0.00365135
8537.81	-0.00393777
8535.88	-0.00418032
8533.96	-0.00414189
8532.03	-0.00387636
8530.1	-0.00359832
8528.17	-0.003703
8526.24	-0.00340183
8524.32	-0.00318727
8522.39	-0.00377353
8520.46	-0.00411773
8518.53	-0.00393918
8516.6	-0.00362152
8514.68	-0.00323496
8512.75	-0.00350436
8510.82	-0.00399175
8508.89	-0.00396722
8506.96	-0.00363384
8505.04	-0.0036873
8503.11	-0.00408022
8501.18	-0.00413116
8499.25	-0.00379071
8497.32	-0.00369377
8495.39	-0.00381288
8493.47	-0.0038563
8491.54	-0.00380746
8489.61	-0.00371174
8487.68	-0.00343195
8485.75	-0.00321914
8483.83	-0.00338921
8481.9	-0.00375083
8479.97	-0.00409824
8478.04	-0.00408022
8476.11	-0.00394194
8474.19	-0.00401246
8472.26	-0.00410418
8470.33	-0.00407234
8468.4	-0.00408849
8466.47	-0.0037935
8464.55	-0.00380595
8462.62	-0.00404956
8460.69	-0.00414254
8458.76	-0.00409558
8456.83	-0.00418373
8454.91	-0.00399247
8452.98	-0.00365319
8451.05	-0.00372583
8449.12	-0.00370635
8447.19	-0.00396174
8445.27	-0.00413427
8443.34	-0.00403252
8441.41	-0.00390598
8439.48	-0.00387025
8437.55	-0.00389623
8435.63	-0.00411156
8433.7	-0.0042196
8431.77	-0.00401164
8429.84	-0.0037668
8427.91	-0.00385354
8425.99	-0.00402313
8424.06	-0.00420847
8422.13	-0.00434362
8420.2	-0.00419079
8418.27	-0.00396036
8416.35	-0.00407743
8414.42	-0.00415141
8412.49	-0.00436058
8410.56	-0.00433204
8408.63	-0.00400616
8406.71	-0.00401949
8404.78	-0.0043732
8402.85	-0.0044185
8400.92	-0.00431088
8398.99	-0.00430782
8397.07	-0.00431977
8395.14	-0.00427945
8393.21	-0.004282
8391.28	-0.0044494
8389.35	-0.00445996
8387.43	-0.00423243
8385.5	-0.0040336
8383.57	-0.00396719
8381.64	-0.00416653
8379.71	-0.00405376
8377.79	-0.00388924
8375.86	-0.00395908
8373.93	-0.00405714
8372	-0.00421884
8370.07	-0.00429995
8368.14	-0.00433213
8366.22	-0.00425631
8364.29	-0.00425028
8362.36	-0.00420224
8360.43	-0.00388802
8358.5	-0.00356766
8356.58	-0.00372518
8354.65	-0.0040378
8352.72	-0.00424765
8350.79	-0.0040728
8348.86	-0.00415689
8346.94	-0.00432577
8345.01	-0.00432984
8343.08	-0.00418294
8341.15	-0.00409915
8339.22	-0.00430881
8337.3	-0.00439508
8335.37	-0.00428919
8333.44	-0.0044311
8331.51	-0.0045902
8329.58	-0.00455761
8327.66	-0.00433253
8325.73	-0.00440866
8323.8	-0.00459997
8321.87	-0.00455476
8319.94	-0.00448472
8318.02	-0.00457912
8316.09	-0.00459777
8314.16	-0.00451761
8312.23	-0.00435647
8310.3	-0.00425376
8308.38	-0.00423915
8306.45	-0.00413864
8304.52	-0.00408921
8302.59	-0.0040292
8300.66	-0.00437294
8298.74	-0.00446379
8296.81	-0.00411767
8294.88	-0.00423909
8292.95	-0.00452626
8291.02	-0.00479261
8289.1	-0.00450852
8287.17	-0.00429559
8285.24	-0.00442719
8283.31	-0.00450767
8281.38	-0.00477652
8279.46	-0.00475993
8277.53	-0.00466206
8275.6	-0.00454515
8273.67	-0.0043898
8271.74	-0.00455351
8269.82	-0.00468727
8267.89	-0.00476321
8265.96	-0.00481122
8264.03	-0.00449793
8262.1	-0.00445376
8260.17	-0.0049369
8258.25	-0.0050183
8256.32	-0.00468255
8254.39	-0.00452682
8252.46	-0.00452967
8250.54	-0.00455148
8248.61	-0.00445051
8246.68	-0.00467124
8244.75	-0.00467209
8242.82	-0.00462767
8240.89	-0.00466426
8238.97	-0.00482865
8237.04	-0.00488226
8235.11	-0.00448931
8233.18	-0.0041216
8231.25	-0.00426271
8229.33	-0.0046457
8227.4	-0.00482492
8225.47	-0.00486653
8223.54	-0.0049864
8221.61	-0.0049428
8219.69	-0.00481744
8217.76	-0.00482013
8215.83	-0.00504886
8213.9	-0.00472382
8211.97	-0.004789
8210.05	-0.00493667
8208.12	-0.00484658
8206.19	-0.00508665
8204.26	-0.00537307
8202.33	-0.00526297
8200.41	-0.0051213
8198.48	-0.00495351
8196.55	-0.00472555
8194.62	-0.00467419
8192.69	-0.00490896
8190.77	-0.00497719
8188.84	-0.00470261
8186.91	-0.00477304
8184.98	-0.00512493
8183.05	-0.00503167
8181.13	-0.0048179
8179.2	-0.00512114
8177.27	-0.00516393
8175.34	-0.00531969
8173.41	-0.00542206
8171.49	-0.0050559
8169.56	-0.00465029
8167.63	-0.00475138
8165.7	-0.00509143
8163.77	-0.00512195
8161.85	-0.00506835
8159.92	-0.00501932
8157.99	-0.00491138
8156.06	-0.00460486
8154.13	-0.0046085
8152.21	-0.00484641
8150.28	-0.00504768
8148.35	-0.00510719
8146.42	-0.00496933
8144.49	-0.00462043
8142.56	-0.00437734
8140.64	-0.00465705
8138.71	-0.00490077
8136.78	-0.00500065
8134.85	-0.00484831
8132.92	-0.0047307
8131	-0.00492524
8129.07	-0.00500759
8127.14	-0.00512493
8125.21	-0.00509229
8123.28	-0.00531171
8121.36	-0.0053841
8119.43	-0.00489592
8117.5	-0.00460407
8115.57	-0.00465905
8113.64	-0.00481237
8111.72	-0.00487538
8109.79	-0.00508001
8107.86	-0.00523517
8105.93	-0.00493409
8104	-0.00495299
8102.08	-0.00538571
8100.15	-0.00553543
8098.22	-0.00535661
8096.29	-0.00506317
8094.36	-0.00501241
8092.44	-0.00502967
8090.51	-0.00474302
8088.58	-0.00481145
8086.65	-0.00522162
8084.72	-0.00501159
8082.8	-0.00471224
8080.87	-0.00503242
8078.94	-0.00538728
8077.01	-0.00523933
8075.08	-0.0050224
8073.16	-0.00505407
8071.23	-0.00524814
8069.3	-0.00522859
8067.37	-0.00533697
8065.44	-0.00549333
8063.52	-0.00561809
8061.59	-0.00550553
8059.66	-0.00539474
8057.73	-0.00549817
8055.8	-0.00533599
8053.88	-0.00493631
8051.95	-0.0051211
8050.02	-0.00547353
8048.09	-0.00548325
8046.16	-0.00548862
8044.24	-0.00554044
8042.31	-0.0054289
8040.38	-0.00530411
8038.45	-0.00552804
8036.52	-0.00547955
8034.6	-0.00537216
8032.67	-0.00524044
8030.74	-0.00504598
8028.81	-0.00498646
8026.88	-0.00516875
8024.96	-0.00523589
8023.03	-0.00515922
8021.1	-0.00541738
8019.17	-0.0055175
8017.24	-0.00528765
8015.31	-0.00520987
8013.39	-0.00520505
8011.46	-0.00509821
8009.53	-0.00532624
8007.6	-0.00550262
8005.67	-0.00521861
8003.75	-0.00494506
8001.82	-0.00513728
7999.89	-0.00538662
7997.96	-0.00543116
7996.03	-0.00542272
7994.11	-0.00540452
7992.18	-0.00543535
7990.25	-0.00561718
7988.32	-0.00558349
7986.39	-0.00557992
7984.47	-0.00544716
7982.54	-0.00520754
7980.61	-0.00527063
7978.68	-0.00542298
7976.75	-0.00558342
7974.83	-0.00555025
7972.9	-0.00549869
7970.97	-0.00559392
7969.04	-0.00547909
7967.11	-0.00544906
7965.19	-0.00528634
7963.26	-0.0052355
7961.33	-0.00527616
7959.4	-0.00531593
7957.47	-0.00537464
7955.55	-0.00518168
7953.62	-0.00522326
7951.69	-0.00554796
7949.76	-0.00548197
7947.83	-0.00516367
7945.91	-0.00517447
7943.98	-0.00520034
7942.05	-0.00527969
7940.12	-0.00523851
7938.19	-0.00534617
7936.27	-0.00532657
7934.34	-0.00533364
7932.41	-0.00540452
7930.48	-0.00540092
7928.55	-0.00554888
7926.63	-0.00583708
7924.7	-0.00576411
7922.77	-0.00571058
7920.84	-0.00575917
7918.91	-0.00566127
7916.99	-0.00530346
7915.06	-0.00539988
7913.13	-0.00554986
7911.2	-0.0054001
7909.27	-0.00560468
7907.35	-0.00574904
7905.42	-0.00544045
7903.49	-0.00542144
7901.56	-0.00548698
7899.63	-0.00552127
7897.71	-0.00544772
7895.78	-0.00566571
7893.85	-0.00586752
7891.92	-0.0058144
7889.99	-0.00566496
7888.06	-0.00557959
7886.14	-0.0055016
7884.21	-0.00547016
7882.28	-0.00574649
7880.35	-0.00599492
7878.42	-0.00593224
7876.5	-0.00580648
7874.57	-0.00577425
7872.64	-0.00584245
7870.71	-0.00567569
7868.78	-0.00570924
7866.86	-0.00584846
7864.93	-0.00600182
7863	-0.00585601
7861.07	-0.00557747
7859.14	-0.00579024
7857.22	-0.00619001
7855.29	-0.00603358
7853.36	-0.00574976
7851.43	-0.00574381
7849.5	-0.00566516
7847.58	-0.00547451
7845.65	-0.0057045
7843.72	-0.00573619
7841.79	-0.00536433
7839.86	-0.00555411
7837.94	-0.00578291
7836.01	-0.00566172
7834.08	-0.00578886
7832.15	-0.00583012
7830.22	-0.00555094
7828.3	-0.00569704
7826.37	-0.00585
7824.44	-0.00589606
7822.51	-0.00613059
7820.58	-0.0062489
7818.66	-0.00603829
7816.73	-0.00568344
7814.8	-0.00555117
7812.87	-0.00551279
7810.94	-0.00558424
7809.02	-0.00585
7807.09	-0.00603228
7805.16	-0.00607658
7803.23	-0.00596751
7801.3	-0.00591626
7799.38	-0.0058856
7797.45	-0.00594227
7795.52	-0.00585497
7793.59	-0.00577225
7791.66	-0.00589151
7789.74	-0.0059528
7787.81	-0.00583708
7785.88	-0.0058073
7783.95	-0.00593518
7782.02	-0.00607678
7780.09	-0.00607603
7778.17	-0.0059259
7776.24	-0.00582133
7774.31	-0.00583758
7772.38	-0.00597264
7770.46	-0.00596983
7768.53	-0.00597074
7766.6	-0.00621516
7764.67	-0.00629854
7762.74	-0.00605175
7760.81	-0.00588079
7758.89	-0.00584065
7756.96	-0.00593881
7755.03	-0.00574665
7753.1	-0.00591247
7751.17	-0.00613124
7749.25	-0.00598584
7747.32	-0.00589851
7745.39	-0.00586464
7743.46	-0.00591436
7741.53	-0.00590501
7739.61	-0.00590305
7737.68	-0.00588171
7735.75	-0.00614921
7733.82	-0.00636095
7731.89	-0.00631833
7729.97	-0.0061367
7728.04	-0.00594633
7726.11	-0.00590992
7724.18	-0.00619266
7722.25	-0.00618933
7720.33	-0.00595848
7718.4	-0.00582404
7716.47	-0.00611909
7714.54	-0.00631997
7712.61	-0.0061119
7710.69	-0.00611053
7708.76	-0.00617897
7706.83	-0.00608759
7704.9	-0.00605018
7702.97	-0.00601035
7701.05	-0.00600858
7699.12	-0.005988
7697.19	-0.00608433
7695.26	-0.00607479
7693.33	-0.00611899
7691.41	-0.00624671
7689.48	-0.00614937
7687.55	-0.00611896
7685.62	-0.00608982
7683.69	-0.00613647
7681.77	-0.00647649
7679.84	-0.00654569
7677.91	-0.00640627
7675.98	-0.00638116
7674.05	-0.00623848
7672.12	-0.00620517
7670.2	-0.00637574
7668.27	-0.00649043
7666.34	-0.00650551
7664.41	-0.0063264
7662.48	-0.00627261
7660.56	-0.00635334
7658.63	-0.00630717
7656.7	-0.00632793
7654.77	-0.00631657
7652.84	-0.0063519
7650.92	-0.00645553
7648.99	-0.00629371
7647.06	-0.00619367
7645.13	-0.00647965
7643.2	-0.00645282
7641.28	-0.00624747
7639.35	-0.00619351
7637.42	-0.00628195
7635.49	-0.00637065
7633.56	-0.00641763
7631.64	-0.00647747
7629.71	-0.0062669
7627.78	-0.0062862
7625.85	-0.00636601
7623.92	-0.00639605
7622	-0.00631249
7620.07	-0.00626549
7618.14	-0.00643731
7616.21	-0.00651501
7614.28	-0.00639683
7612.36	-0.00638681
7610.43	-0.00637218
7608.5	-0.00630442
7606.57	-0.00636774
7604.64	-0.0065232
7602.72	-0.00674568
7600.79	-0.00667185
7598.86	-0.00652744
7596.93	-0.00655636
7595	-0.00651491
7593.08	-0.00650678
7591.15	-0.0064188
7589.22	-0.00630152
7587.29	-0.00644593
7585.36	-0.00652382
7583.44	-0.00645863
7581.51	-0.00642997
7579.58	-0.00635559
7577.65	-0.0063583
7575.72	-0.00652555
7573.8	-0.00643366
7571.87	-0.00645445
7569.94	-0.00640392
7568.01	-0.00638488
7566.08	-0.00642589
7564.16	-0.0065327
7562.23	-0.00665547
7560.3	-0.00676128
7558.37	-0.00675093
7556.44	-0.00664202
7554.52	-0.00658936
7552.59	-0.00641182
7550.66	-0.00648449
7548.73	-0.00662887
7546.8	-0.00668562
7544.88	-0.00668007
7542.95	-0.00663752
7541.02	-0.00653815
7539.09	-0.00658945
7537.16	-0.0065402
7535.23	-0.00654239
7533.31	-0.00669041
7531.38	-0.00677207
7529.45	-0.00680698
7527.52	-0.00659405
7525.59	-0.00644247
7523.67	-0.00666689
7521.74	-0.00664392
7519.81	-0.00640947
7517.88	-0.00639389
7515.95	-0.00653678
7514.03	-0.00658058
7512.1	-0.00643829
7510.17	-0.00641273
7508.24	-0.00656925
7506.31	-0.0067001
7504.39	-0.00685907
7502.46	-0.00669136
7500.53	-0.00654758
7498.6	-0.00667149
7496.67	-0.00679471
7494.75	-0.00691496
7492.82	-0.0069825
7490.89	-0.00685473
7488.96	-0.00681138
7487.03	-0.0069432
7485.11	-0.00693358
7483.18	-0.00678238
7481.25	-0.00680045
7479.32	-0.00687671
7477.39	-0.00680316
7475.47	-0.00676499
7473.54	-0.00671482
7471.61	-0.00664836
7469.68	-0.00666232
7467.75	-0.00673328
7465.83	-0.00660306
7463.9	-0.00668418
7461.97	-0.00694206
7460.04	-0.00705735
7458.11	-0.00696649
7456.19	-0.00688105
7454.26	-0.00684944
7452.33	-0.00677361
7450.4	-0.00691457
7448.47	-0.00700297
7446.54	-0.00699039
7444.62	-0.00690352
7442.69	-0.0069735
7440.76	-0.00689703
7438.83	-0.00685835
7436.91	-0.00701768
7434.98	-0.00685867
7433.05	-0.0068242
7431.12	-0.00690319
7429.19	-0.00691053
7427.26	-0.00702325
7425.34	-0.00709226
7423.41	-0.00706322
7421.48	-0.00701396
7419.55	-0.0069225
7417.62	-0.00694112
7415.7	-0.00688408
7413.77	-0.00687919
7411.84	-0.00685672
7409.91	-0.00678936
7407.98	-0.00668098
7406.06	-0.00684439
7404.13	-0.00690626
7402.2	-0.00692057
7400.27	-0.00694594
7398.34	-0.00694549
7396.42	-0.00703287
7394.49	-0.00702247
7392.56	-0.00688128
7390.63	-0.00689595
7388.7	-0.00695853
7386.78	-0.0070181
7384.85	-0.00708923
7382.92	-0.00692974
7380.99	-0.00677579
7379.06	-0.00686487
7377.14	-0.00690355
7375.21	-0.00690642
7373.28	-0.00700845
7371.35	-0.00707998
7369.42	-0.00702009
7367.5	-0.00679409
7365.57	-0.00698967
7363.64	-0.00712652
7361.71	-0.00687221
7359.78	-0.00671988
7357.86	-0.00675932
7355.93	-0.00687263
7354	-0.006871
7352.07	-0.00703593
7350.14	-0.00714797
7348.22	-0.00702579
7346.29	-0.00692635
7344.36	-0.00683901
7342.43	-0.00710416
7340.5	-0.00732377
7338.58	-0.00708288
7336.65	-0.00695273
7334.72	-0.00699554
7332.79	-0.00709543
7330.86	-0.00708578
7328.94	-0.00708692
7327.01	-0.00713034
7325.08	-0.00703831
7323.15	-0.00692282
7321.22	-0.00699169
7319.29	-0.00724727
7317.37	-0.00734101
7315.44	-0.0072824
7313.51	-0.0071802
7311.58	-0.00705807
7309.65	-0.00706456
7307.73	-0.00688803
7305.8	-0.00687655
7303.87	-0.00711365
7301.94	-0.00716498
7300.01	-0.00726402
7298.09	-0.00722254
7296.16	-0.00717476
7294.23	-0.00728194
7292.3	-0.00726421
7290.37	-0.00712913
7288.45	-0.00706827
7286.52	-0.00713366
7284.59	-0.00710974
7282.66	-0.00711782
7280.73	-0.00715442
7278.81	-0.00705018
7276.88	-0.00710716
7274.95	-0.00712903
7273.02	-0.00715175
7271.09	-0.00724988
7269.17	-0.00732247
7267.24	-0.00727549
7265.31	-0.00713803
7263.38	-0.00717958
7261.45	-0.00717955
7259.53	-0.0072691
7257.6	-0.00745749
7255.67	-0.00739994
7253.74	-0.00720311
7251.81	-0.00718082
7249.89	-0.00741245
7247.96	-0.00751051
7246.03	-0.0075056
7244.1	-0.00734811
7242.17	-0.00723277
7240.25	-0.00729703
7238.32	-0.00730856
7236.39	-0.00726636
7234.46	-0.00713744
7232.53	-0.0070624
7230.61	-0.00711991
7228.68	-0.00707782
7226.75	-0.00713232
7224.82	-0.0072516
7222.89	-0.00727011
7220.97	-0.00720002
7219.04	-0.00721938
7217.11	-0.00726998
7215.18	-0.00709735
7213.25	-0.00705171
7211.33	-0.00707215
7209.4	-0.00714442
7207.47	-0.00712431
7205.54	-0.00713581
7203.61	-0.00726047
7201.69	-0.00736482
7199.76	-0.00730195
7197.83	-0.00726992
7195.9	-0.00726239
7193.97	-0.00725343
7192.04	-0.00725489
7190.12	-0.00721866
7188.19	-0.00719053
7186.26	-0.00715032
7184.33	-0.00717284
7182.4	-0.00732195
7180.48	-0.00744238
7178.55	-0.00735147
7176.62	-0.00734655
7174.69	-0.00723277
7172.76	-0.00706338
7170.84	-0.00715468
7168.91	-0.00735779
7166.98	-0.00738626
7165.05	-0.00746254
7163.12	-0.0073716
7161.2	-0.00710905
7159.27	-0.00704764
7157.34	-0.00720481
7155.41	-0.00729044
7153.48	-0.00711055
7151.56	-0.00702045
7149.63	-0.00706231
7147.7	-0.00716915
7145.77	-0.00731895
7143.84	-0.00732521
7141.92	-0.00719321
7139.99	-0.00720494
7138.06	-0.00709637
7136.13	-0.00709719
7134.2	-0.00716818
7132.28	-0.00732856
7130.35	-0.00740105
7128.42	-0.00737821
7126.49	-0.00749179
7124.56	-0.00753149
7122.64	-0.00748234
7120.71	-0.00729703
7118.78	-0.00707264
7116.85	-0.00712317
7114.92	-0.00728012
7113	-0.00732133
7111.07	-0.00721162
7109.14	-0.00717903
7107.21	-0.0073053
7105.28	-0.00730934
7103.36	-0.00722602
7101.43	-0.00722791
7099.5	-0.00729924
7097.57	-0.00726167
7095.64	-0.00722664
7093.71	-0.00715667
7091.79	-0.00724326
7089.86	-0.00734674
7087.93	-0.00731074
7086	-0.00729748
7084.08	-0.00726105
7082.15	-0.00722029
7080.22	-0.00716772
7078.29	-0.0071172
7076.36	-0.00716039
7074.43	-0.0072878
7072.51	-0.00721938
7070.58	-0.00715882
7068.65	-0.00719679
7066.72	-0.00715723
7064.79	-0.00718519
7062.87	-0.00706211
7060.94	-0.00699394
7059.01	-0.00701438
7057.08	-0.00715139
7055.15	-0.00715755
7053.23	-0.00704783
7051.3	-0.00712154
7049.37	-0.00714279
7047.44	-0.00713412
7045.51	-0.00722808
7043.59	-0.00731732
7041.66	-0.00745883
7039.73	-0.00731579
7037.8	-0.00714843
7035.87	-0.00726011
7033.95	-0.00734029
7032.02	-0.00723218
7030.09	-0.00711247
7028.16	-0.00715302
7026.23	-0.00721452
7024.31	-0.00722426
7022.38	-0.00714344
7020.45	-0.00713483
7018.52	-0.00710475
7016.59	-0.00710687
7014.67	-0.00724756
7012.74	-0.00716707
7010.81	-0.0070626
7008.88	-0.00690127
7006.95	-0.00698641
7005.03	-0.00722635
7003.1	-0.00717225
7001.17	-0.00700281
6999.24	-0.00707085
6997.31	-0.00714298
6995.39	-0.00700271
6993.46	-0.00709165
6991.53	-0.00724567
6989.6	-0.00719679
6987.67	-0.00714135
6985.75	-0.00714416
6983.82	-0.00718301
6981.89	-0.00712496
6979.96	-0.00712017
6978.03	-0.0071686
6976.1	-0.00714869
6974.18	-0.00711329
6972.25	-0.00710234
6970.32	-0.00699795
6968.39	-0.0068758
6966.46	-0.00700157
6964.54	-0.00703551
6962.61	-0.00695191
6960.68	-0.00697082
6958.75	-0.00710723
6956.82	-0.00714905
6954.9	-0.0069807
6952.97	-0.00680567
6951.04	-0.00693208
6949.11	-0.00709963
6947.18	-0.00700111
6945.26	-0.00679745
6943.33	-0.00673834
6941.4	-0.00690844
6939.47	-0.00709171
6937.54	-0.00705588
6935.62	-0.00685698
6933.69	-0.00689657
6931.76	-0.00689491
6929.83	-0.00678864
6927.9	-0.00673945
6925.98	-0.00688803
6924.05	-0.00692908
6922.12	-0.00685704
6920.19	-0.0069056
6918.26	-0.00694673
6916.34	-0.00678388
6914.41	-0.00672692
6912.48	-0.00686963
6910.55	-0.00693091
6908.62	-0.00684083
6906.7	-0.00691901
6904.77	-0.0070017
6902.84	-0.00701931
6900.91	-0.00698002
6898.98	-0.00688568
6897.06	-0.00667756
6895.13	-0.00678685
6893.2	-0.00699446
6891.27	-0.00676829
6889.34	-0.00667505
6887.42	-0.00683676
6885.49	-0.00687906
6883.56	-0.00681559
6881.63	-0.00675465
6879.7	-0.00668307
6877.78	-0.00669143
6875.85	-0.00679536
6873.92	-0.00677462
6871.99	-0.00653299
6870.06	-0.0065859
6868.14	-0.00676473
6866.21	-0.00674297
6864.28	-0.00658828
6862.35	-0.00636856
6860.42	-0.00648592
6858.5	-0.00658583
6856.57	-0.00639278
6854.64	-0.00636957
6852.71	-0.00654441
6850.78	-0.00648635
6848.85	-0.00640999
6846.93	-0.00644721
6845	-0.00652633
6843.07	-0.00655192
6841.14	-0.00643797
6839.21	-0.00636937
6837.29	-0.00638305
6835.36	-0.00625991
6833.43	-0.00622408
6831.5	-0.00633881
6829.57	-0.00626631
6827.65	-0.00623159
6825.72	-0.00627741
6823.79	-0.0062472
6821.86	-0.00616107
6819.93	-0.00617685
6818.01	-0.00632078
6816.08	-0.00632356
6814.15	-0.00609076
6812.22	-0.00604463
6810.29	-0.00608178
6808.37	-0.00593374
6806.44	-0.0058854
6804.51	-0.00586144
6802.58	-0.00583702
6800.65	-0.0059596
6798.73	-0.00602669
6796.8	-0.00618828
6794.87	-0.00617169
6792.94	-0.00614033
6791.01	-0.00602385
6789.09	-0.00580985
6787.16	-0.00591109
6785.23	-0.00601662
6783.3	-0.00594142
6781.37	-0.00580887
6779.45	-0.00574874
6777.52	-0.0057252
6775.59	-0.00562464
6773.66	-0.00568534
6771.73	-0.00576725
6769.81	-0.00562091
6767.88	-0.00552552
6765.95	-0.00546368
6764.02	-0.00541787
6762.09	-0.00544598
6760.17	-0.00554498
6758.24	-0.00565034
6756.31	-0.0056005
6754.38	-0.00549251
6752.45	-0.00542779
6750.53	-0.00536918
6748.6	-0.00533108
6746.67	-0.00531298
6744.74	-0.00521589
6742.81	-0.00519396
6740.88	-0.0051325
6738.96	-0.00507182
6737.03	-0.00507693
6735.1	-0.00512048
6733.17	-0.0051455
6731.25	-0.00511164
6729.32	-0.00515286
6727.39	-0.00510208
6725.46	-0.00499891
6723.53	-0.0051918
6721.6	-0.00528624
6719.68	-0.00512922
6717.75	-0.00497867
6715.82	-0.00497425
6713.89	-0.00505141
6711.96	-0.00509143
6710.04	-0.00496006
6708.11	-0.00493343
6706.18	-0.00488419
6704.25	-0.00489336
6702.32	-0.00492743
6700.4	-0.00495597
6698.47	-0.00503278
6696.54	-0.00513993
6694.61	-0.00515706
6692.68	-0.00506491
6690.76	-0.00509893
6688.83	-0.00508967
6686.9	-0.00504067
6684.97	-0.00509992
6683.04	-0.00507424
6681.12	-0.00496344
6679.19	-0.00480316
6677.26	-0.00482128
6675.33	-0.00489612
6673.4	-0.00479664
6671.48	-0.00482711
6669.55	-0.00486424
6667.62	-0.00475675
6665.69	-0.00469858
6663.76	-0.00477324
6661.84	-0.0049618
6659.91	-0.00495472
6657.98	-0.00487062
6656.05	-0.00496445
6654.12	-0.0050295
6652.2	-0.005007
6650.27	-0.00489782
6648.34	-0.00484589
6646.41	-0.00497009
6644.48	-0.00498637
6642.56	-0.00493271
6640.63	-0.00495761
6638.7	-0.00491931
6636.77	-0.00495908
6634.84	-0.00497107
6632.92	-0.00497582
6630.99	-0.00500929
6629.06	-0.00492232
6627.13	-0.00489084
6625.2	-0.0050031
6623.27	-0.00509893
6621.35	-0.00510627
6619.42	-0.00510276
6617.49	-0.00504342
6615.56	-0.00497261
6613.63	-0.00492914
6611.71	-0.0049237
6609.78	-0.00495017
6607.85	-0.00499013
6605.92	-0.00509802
6603.99	-0.0051233
6602.07	-0.00506609
6600.14	-0.00507847
6598.21	-0.0051452
6596.28	-0.00527043
6594.35	-0.005276
6592.43	-0.00520545
6590.5	-0.00518197
6588.57	-0.0050987
6586.64	-0.00497516
6584.71	-0.00501093
6582.79	-0.00508466
6580.86	-0.0051545
6578.93	-0.00515706
6577	-0.00517844
6575.07	-0.0051768
6573.15	-0.00517559
6571.22	-0.00510509
6569.29	-0.00500091
6567.36	-0.00510974
6565.43	-0.00521831
6563.51	-0.00517759
6561.58	-0.00508744
6559.65	-0.0050579
6557.72	-0.00510663
6555.79	-0.00520689
6553.87	-0.00522954
6551.94	-0.00530997
6550.01	-0.00534908
6548.08	-0.00522771
6546.15	-0.00511413
6544.23	-0.00524342
6542.3	-0.00532107
6540.37	-0.00518361
6538.44	-0.00519851
6536.51	-0.00538672
6534.59	-0.00529874
6532.66	-0.00508354
6530.73	-0.00509209
6528.8	-0.00528971
6526.87	-0.00537975
6524.95	-0.0052941
6523.02	-0.00529426
6521.09	-0.00533979
6519.16	-0.00528542
6517.23	-0.00529338
6515.31	-0.00528624
6513.38	-0.00525534
6511.45	-0.00533848
6509.52	-0.00545596
6507.59	-0.00538446
6505.67	-0.00529161
6503.74	-0.00524719
6501.81	-0.00535569
6499.88	-0.00555807
6497.95	-0.00559091
6496.02	-0.00546136
6494.1	-0.00538256
6492.17	-0.00535563
6490.24	-0.00522755
6488.31	-0.00523059
6486.38	-0.0052609
6484.46	-0.00537261
6482.53	-0.00543826
6480.6	-0.00538793
6478.67	-0.00541764
6476.74	-0.00546427
6474.82	-0.00549679
6472.89	-0.00551799
6470.96	-0.00551171
6469.03	-0.00552369
6467.1	-0.00541552
6465.18	-0.00521222
6463.25	-0.00531956
6461.32	-0.00562398
6459.39	-0.0057063
6457.46	-0.00552333
6455.54	-0.00552385
6453.61	-0.00551898
6451.68	-0.00548963
6449.75	-0.00557197
6447.82	-0.0056421
6445.9	-0.00552977
6443.97	-0.00555048
6442.04	-0.00564681
6440.11	-0.00562673
6438.18	-0.00562477
6436.26	-0.00561119
6434.33	-0.00556258
6432.4	-0.00552787
6430.47	-0.00549244
6428.54	-0.00555467
6426.62	-0.00565551
6424.69	-0.00560985
6422.76	-0.00550641
6420.83	-0.00551898
6418.9	-0.00561901
6416.98	-0.00559723
6415.05	-0.00552258
6413.12	-0.00554826
6411.19	-0.00562918
6409.26	-0.00573256
6407.34	-0.00578236
6405.41	-0.00580171
6403.48	-0.00574809
6401.55	-0.00566624
6399.62	-0.00561057
6397.7	-0.00562892
6395.77	-0.0056855
6393.84	-0.00578513
6391.91	-0.00583908
6389.98	-0.00585526
6388.06	-0.00577173
6386.13	-0.00577009
6384.2	-0.00590001
6382.27	-0.00595996
6380.34	-0.00587396
6378.42	-0.00570741
6376.49	-0.0056905
6374.56	-0.00573282
6372.63	-0.00577189
6370.7	-0.00580851
6368.77	-0.00575394
6366.85	-0.00576771
6364.92	-0.0057529
6362.99	-0.00586873
6361.06	-0.00582394
6359.13	-0.00580233
6357.21	-0.00589419
6355.28	-0.00597054
6353.35	-0.00590527
6351.42	-0.00586804
6349.49	-0.00591364
6347.57	-0.00599192
6345.64	-0.00608514
6343.71	-0.00603656
6341.78	-0.00605208
6339.85	-0.0060193
6337.93	-0.00605335
6336	-0.00616862
6334.07	-0.00619703
6332.14	-0.00619756
6330.21	-0.00612543
6328.29	-0.00597156
6326.36	-0.00600097
6324.43	-0.00611001
6322.5	-0.00612742
6320.57	-0.00612726
6318.65	-0.0061513
6316.72	-0.00607577
6314.79	-0.0061188
6312.86	-0.00618995
6310.93	-0.00611814
6309.01	-0.0060757
6307.08	-0.00620327
6305.15	-0.00631575
6303.22	-0.00635768
6301.29	-0.00629564
6299.37	-0.006296
6297.44	-0.00639131
6295.51	-0.00634096
6293.58	-0.00636731
6291.65	-0.00645253
6289.73	-0.00638899
6287.8	-0.00624119
6285.87	-0.00622516
6283.94	-0.00623992
6282.01	-0.00635948
6280.08	-0.00641152
6278.16	-0.00627849
6276.23	-0.00626409
6274.3	-0.00639059
6272.37	-0.00647221
6270.45	-0.0064489
6268.52	-0.00633453
6266.59	-0.00632731
6264.66	-0.00644639
6262.73	-0.00647737
6260.8	-0.00638491
6258.88	-0.00646278
6256.95	-0.00658811
6255.02	-0.00655303
6253.09	-0.00656096
6251.17	-0.0064443
6249.24	-0.00632957
6247.31	-0.00635177
6245.38	-0.00636196
6243.45	-0.00637665
6241.52	-0.00661292
6239.6	-0.00672588
6237.67	-0.00666992
6235.74	-0.00658159
6233.81	-0.00658965
6231.88	-0.00656227
6229.96	-0.00655208
6228.03	-0.00656517
6226.1	-0.00653567
6224.17	-0.00645116
6222.24	-0.00645798
6220.32	-0.00649369
6218.39	-0.00656749
6216.46	-0.00657258
6214.53	-0.0065355
6212.6	-0.00650286
6210.68	-0.00655538
6208.75	-0.00646036
6206.82	-0.00640023
6204.89	-0.00652627
6202.96	-0.00657552
6201.04	-0.00655362
6199.11	-0.00656161
6197.18	-0.00648413
6195.25	-0.00653449
6193.32	-0.00651971
6191.4	-0.0064363
6189.47	-0.00646415
6187.54	-0.0065387
6185.61	-0.00659562
6183.68	-0.0065406
6181.76	-0.00643395
6179.83	-0.00649317
6177.9	-0.00654419
6175.97	-0.00647384
6174.04	-0.00648635
6172.12	-0.00655678
6170.19	-0.00653439
6168.26	-0.0065357
6166.33	-0.00652183
6164.4	-0.0064902
6162.48	-0.00659164
6160.55	-0.00663015
6158.62	-0.00650642
6156.69	-0.00646931
6154.76	-0.00655489
6152.83	-0.00655525
6150.91	-0.00659308
6148.98	-0.00661791
6147.05	-0.00652852
6145.12	-0.0064714
6143.19	-0.00657274
6141.27	-0.00655479
6139.34	-0.00640819
6137.41	-0.00639262
6135.48	-0.00644091
6133.55	-0.0064285
6131.63	-0.00645507
6129.7	-0.00644593
6127.77	-0.00647946
6125.84	-0.00652904
6123.91	-0.0064648
6121.99	-0.00636359
6120.06	-0.0064647
6118.13	-0.00653949
6116.2	-0.00649082
6114.27	-0.00639876
6112.35	-0.00640264
6110.42	-0.00655528
6108.49	-0.00660887
6106.56	-0.00646702
6104.63	-0.00636793
6102.71	-0.00640555
6100.78	-0.006371
6098.85	-0.00642687
6096.92	-0.0063758
6094.99	-0.00626549
6093.07	-0.0062864
6091.14	-0.00630237
6089.21	-0.00637117
6087.28	-0.00652904
6085.35	-0.00646996
6083.43	-0.00630877
6081.5	-0.00632078
6079.57	-0.00644247
6077.64	-0.00647179
6075.71	-0.00633447
6073.79	-0.00637829
6071.86	-0.00643157
6069.93	-0.00636274
6068	-0.0064062
6066.07	-0.00639441
6064.15	-0.00633773
6062.22	-0.00642537
6060.29	-0.00649301
6058.36	-0.00644042
6056.43	-0.00642504
6054.51	-0.00642027
6052.58	-0.0064283
6050.65	-0.00643007
6048.72	-0.00643121
6046.79	-0.00647965
6044.87	-0.00646771
6042.94	-0.00648031
6041.01	-0.00636124
6039.08	-0.00644864
6037.15	-0.00668454
6035.23	-0.00656987
6033.3	-0.00641815
6031.37	-0.00656452
6029.44	-0.00670816
6027.51	-0.00661683
6025.58	-0.00662881
6023.66	-0.00663305
6021.73	-0.00661837
6019.8	-0.00662274
6017.87	-0.00650734
6015.94	-0.00647577
6014.02	-0.00649523
6012.09	-0.00654448
6010.16	-0.00658204
6008.23	-0.00665048
6006.3	-0.00672089
6004.38	-0.00676754
6002.45	-0.00669087
6000.52	-0.00667368
5998.59	-0.00673919
5996.66	-0.00678069
5994.74	-0.00674079
5992.81	-0.00664666
5990.88	-0.0067293
5988.95	-0.00680678
5987.02	-0.00673547
5985.1	-0.00675677
5983.17	-0.00676222
5981.24	-0.00660561
5979.31	-0.00657278
5977.38	-0.0066878
5975.46	-0.00674542
5973.53	-0.00671524
5971.6	-0.00660531
5969.67	-0.00656227
5967.74	-0.00658156
5965.82	-0.00674598
5963.89	-0.00686151
5961.96	-0.00681973
5960.03	-0.00671831
5958.1	-0.00681631
5956.18	-0.00687743
5954.25	-0.00685897
5952.32	-0.00690009
5950.39	-0.00690081
5948.46	-0.00682211
5946.54	-0.0067293
5944.61	-0.00678049
5942.68	-0.00685597
5940.75	-0.00687965
5938.82	-0.00698605
5936.9	-0.00698015
5934.97	-0.00684031
5933.04	-0.00685704
5931.11	-0.00685274
5929.18	-0.00679644
5927.25	-0.00683062
5925.33	-0.0068319
5923.4	-0.00690844
5921.47	-0.00692811
5919.54	-0.0068468
5917.62	-0.00684021
5915.69	-0.00691141
5913.76	-0.00687185
5911.83	-0.00680065
5909.9	-0.00693052
5907.97	-0.00688734
5906.05	-0.00686278
5904.12	-0.00700062
5902.19	-0.00710957
5900.26	-0.00702465
5898.33	-0.0069673
5896.41	-0.0069105
5894.48	-0.0069058
5892.55	-0.00689174
5890.62	-0.00693381
5888.69	-0.00698761
5886.77	-0.00701474
5884.84	-0.00693662
5882.91	-0.00693414
5880.98	-0.00697376
5879.05	-0.00699893
5877.13	-0.00706694
5875.2	-0.00703062
5873.27	-0.00700741
5871.34	-0.00702182
5869.41	-0.00704565
5867.49	-0.00701836
5865.56	-0.00688304
5863.63	-0.00681846
5861.7	-0.00695762
5859.77	-0.00705735
5857.85	-0.00702615
5855.92	-0.00690013
5853.99	-0.00681255
5852.06	-0.00677064
5850.13	-0.00684556
5848.21	-0.00694024
5846.28	-0.00702697
5844.35	-0.00707698
5842.42	-0.00707479
5840.49	-0.00701523
5838.57	-0.00703694
5836.64	-0.0070183
5834.71	-0.00703675
5832.78	-0.00704222
5830.85	-0.00698178
5828.93	-0.0068981
5827	-0.00698778
5825.07	-0.00710312
5823.14	-0.00701565
5821.21	-0.00690039
5819.29	-0.00696756
5817.36	-0.00696466
5815.43	-0.00706433
5813.5	-0.00720914
5811.57	-0.00720328
5809.65	-0.00709204
5807.72	-0.00698096
5805.79	-0.00690737
5803.86	-0.0069387
5801.93	-0.00704337
5800	-0.00700868
5798.08	-0.00689429
5796.15	-0.0068816
5794.22	-0.0069192
5792.29	-0.00698152
5790.36	-0.00702416
5788.44	-0.00703685
5786.51	-0.00694069
5784.58	-0.00683669
5782.65	-0.00687452
5780.72	-0.00698941
5778.8	-0.00702808
5776.87	-0.00706465
5774.94	-0.00702354
5773.01	-0.00700219
5771.08	-0.00693714
5769.16	-0.00691774
5767.23	-0.00704718
5765.3	-0.00715367
5763.37	-0.00710729
5761.44	-0.00704131
5759.52	-0.00694982
5757.59	-0.00694692
5755.66	-0.00702221
5753.73	-0.00698879
5751.8	-0.00691177
5749.88	-0.00695171
5747.95	-0.00698135
5746.02	-0.00700917
5744.09	-0.00700809
5742.16	-0.0069433
5740.24	-0.00692439
5738.31	-0.00690309
5736.38	-0.0069
5734.45	-0.0069013
5732.52	-0.00687022
5730.6	-0.00696603
5728.67	-0.0070596
5726.74	-0.00703303
5724.81	-0.00691262
5722.88	-0.0069163
5720.96	-0.00698902
5719.03	-0.00700917
5717.1	-0.0070108
5715.17	-0.00697979
5713.24	-0.00697092
5711.32	-0.00703632
5709.39	-0.00698406
5707.46	-0.00694131
5705.53	-0.00691731
5703.6	-0.00691294
5701.68	-0.00690769
5699.75	-0.00701477
5697.82	-0.00699065
5695.89	-0.00693515
5693.96	-0.00691832
5692.03	-0.00685075
5690.11	-0.00688887
5688.18	-0.00699029
5686.25	-0.00690864
5684.32	-0.00686957
5682.4	-0.00698585
5680.47	-0.00701556
5678.54	-0.00700336
5676.61	-0.00697317
5674.68	-0.00686477
5672.75	-0.0067967
5670.83	-0.00678261
5668.9	-0.00673563
5666.97	-0.00676581
5665.04	-0.0068681
5663.11	-0.00691434
5661.19	-0.00686905
5659.26	-0.00683333
5657.33	-0.00687942
5655.4	-0.00696215
5653.47	-0.00696877
5651.55	-0.00697881
5649.62	-0.00702609
5647.69	-0.00691552
5645.76	-0.0068788
5643.83	-0.00687981
5641.91	-0.00697774
5639.98	-0.00688255
5638.05	-0.00674242
5636.12	-0.00677237
5634.19	-0.00687231
5632.27	-0.0069301
5630.34	-0.00684948
5628.41	-0.00668572
5626.48	-0.00667691
5624.55	-0.00675449
5622.63	-0.00680587
5620.7	-0.00685923
5618.77	-0.00686901
5616.84	-0.00686288
5614.91	-0.00675948
5612.99	-0.00668327
5611.06	-0.00672911
5609.13	-0.00679974
5607.2	-0.00680358
5605.27	-0.00676349
5603.35	-0.00678812
5601.42	-0.00687801
5599.49	-0.00685541
5597.56	-0.00678104
5595.63	-0.00680554
5593.71	-0.00688721
5591.78	-0.00684168
5589.85	-0.00677573
5587.92	-0.00682472
5585.99	-0.00681024
5584.07	-0.00681396
5582.14	-0.00685342
5580.21	-0.00683
5578.28	-0.00680544
5576.35	-0.00688343
5574.43	-0.00687583
5572.5	-0.00684227
5570.57	-0.00686578
5568.64	-0.00687185
5566.71	-0.00682335
5564.79	-0.00673599
5562.86	-0.0067584
5560.93	-0.00677034
5559	-0.00685616
5557.07	-0.00690228
5555.14	-0.00689393
5553.22	-0.00689269
5551.29	-0.00690189
5549.36	-0.00693857
5547.43	-0.00684129
5545.5	-0.00679285
5543.58	-0.00677325
5541.65	-0.00670836
5539.72	-0.00672715
5537.79	-0.00671851
5535.86	-0.00673844
5533.94	-0.00678812
5532.01	-0.00676437
5530.08	-0.00671371
5528.15	-0.00673067
5526.22	-0.00674307
5524.3	-0.00673338
5522.37	-0.00673309
5520.44	-0.00671994
5518.51	-0.00671071
5516.58	-0.00674487
5514.66	-0.00673681
5512.73	-0.00662333
5510.8	-0.00664313
5508.87	-0.00663801
5506.94	-0.00667266
5505.02	-0.00676953
5503.09	-0.00675504
5501.16	-0.00674953
5499.23	-0.0067662
5497.3	-0.00668157
5495.38	-0.00670676
5493.45	-0.00681494
5491.52	-0.00682139
5489.59	-0.00675837
5487.66	-0.00668461
5485.74	-0.00659761
5483.81	-0.00667465
5481.88	-0.0067649
5479.95	-0.00670666
5478.02	-0.0066432
5476.1	-0.00659578
5474.17	-0.00674643
5472.24	-0.00684194
5470.31	-0.00676718
5468.38	-0.00672539
5466.46	-0.00668647
5464.53	-0.00662904
5462.6	-0.00658201
5460.67	-0.00664594
5458.74	-0.00670529
5456.82	-0.00663034
5454.89	-0.00664636
5452.96	-0.00667635
5451.03	-0.00665442
5449.1	-0.00665456
5447.17	-0.00662264
5445.25	-0.00650384
5443.32	-0.00652741
5441.39	-0.00664431
5439.46	-0.00671743
5437.54	-0.00671932
5435.61	-0.00658629
5433.68	-0.00646993
5431.75	-0.0064966
5429.82	-0.00656315
5427.89	-0.00659536
5425.97	-0.00674072
5424.04	-0.00676131
5422.11	-0.00669462
5420.18	-0.00664366
5418.25	-0.00665814
5416.33	-0.00660394
5414.4	-0.00653061
5412.47	-0.00655809
5410.54	-0.00660326
5408.61	-0.0065997
5406.69	-0.0066045
5404.76	-0.00666823
5402.83	-0.00662261
5400.9	-0.00655956
5398.97	-0.00656785
5397.05	-0.00657405
5395.12	-0.00665498
5393.19	-0.00670441
5391.26	-0.00666921
5389.33	-0.0066199
5387.41	-0.00657529
5385.48	-0.00666924
5383.55	-0.00677341
5381.62	-0.00673974
5379.69	-0.00655192
5377.77	-0.00651899
5375.84	-0.00652464
5373.91	-0.0065763
5371.98	-0.00664176
5370.05	-0.00659605
5368.13	-0.0064994
5366.2	-0.00641289
5364.27	-0.0063904
5362.34	-0.00640685
5360.41	-0.00649382
5358.49	-0.00660287
5356.56	-0.00657473
5354.63	-0.00647819
5352.7	-0.00646441
5350.77	-0.00647238
5348.85	-0.00651582
5346.92	-0.0064714
5344.99	-0.0063519
5343.06	-0.00635641
5341.13	-0.00638753
5339.21	-0.00638106
5337.28	-0.00635634
5335.35	-0.00643131
5333.42	-0.00644655
5331.49	-0.00634779
5329.56	-0.00638446
5327.64	-0.00640685
5325.71	-0.00630543
5323.78	-0.00624874
5321.85	-0.00625547
5319.92	-0.00630269
5318	-0.00629645
5316.07	-0.00626327
5314.14	-0.0062586
5312.21	-0.00624554
5310.28	-0.00622967
5308.36	-0.00610615
5306.43	-0.00604218
5304.5	-0.00606106
5302.57	-0.00608714
5300.64	-0.00612785
5298.72	-0.00614284
5296.79	-0.00612327
5294.86	-0.00608495
5292.93	-0.00602594
5291	-0.00598698
5289.08	-0.00597983
5287.15	-0.00591099
5285.22	-0.00582231
5283.29	-0.00579154
5281.36	-0.00573432
5279.44	-0.0057372
5277.51	-0.00584938
5275.58	-0.00589439
5273.65	-0.00579089
5271.72	-0.00567651
5269.8	-0.00562084
5267.87	-0.00566251
5265.94	-0.00558058
5264.01	-0.00547288
5262.08	-0.00541689
5260.16	-0.00547559
5258.23	-0.00545151
5256.3	-0.0053732
5254.37	-0.00541015
5252.44	-0.00535452
5250.52	-0.00520306
5248.59	-0.00518695
5246.66	-0.00517114
5244.73	-0.00510928
5242.8	-0.00502698
5240.88	-0.00495371
5238.95	-0.0048989
5237.02	-0.00486361
5235.09	-0.00477845
5233.16	-0.00480637
5231.24	-0.00484297
5229.31	-0.00471133
5227.38	-0.00456555
5225.45	-0.00447508
5223.52	-0.00442142
5221.6	-0.00446543
5219.67	-0.00442378
5217.74	-0.0042822
5215.81	-0.00416378
5213.88	-0.00410372
5211.96	-0.00405602
5210.03	-0.00397431
5208.1	-0.00396144
5206.17	-0.00390739
5204.24	-0.00376982
5202.31	-0.00370793
5200.39	-0.00368299
5198.46	-0.00356408
5196.53	-0.00338569
5194.6	-0.00328741
5192.67	-0.00327705
5190.75	-0.00320319
5188.82	-0.00310191
5186.89	-0.00312296
5184.96	-0.00309322
5183.03	-0.00297615
5181.11	-0.00294354
5179.18	-0.00286665
5177.25	-0.00271739
5175.32	-0.00261915
5173.39	-0.00248568
5171.47	-0.00242624
5169.54	-0.00241567
5167.61	-0.00242608
5165.68	-0.0023284
5163.75	-0.00207631
5161.83	-0.00194976
5159.9	-0.00185264
5157.97	-0.00171121
5156.04	-0.00173976
5154.11	-0.00163322
5152.19	-0.0014827
5150.26	-0.00147071
5148.33	-0.00137884
5146.4	-0.00124495
5144.47	-0.00119383
5142.55	-0.00114215
5140.62	-0.00110567
5138.69	-0.00105563
5136.76	-0.00100452
5134.83	-0.000889136
5132.91	-0.000734689
5130.98	-0.00066694
5129.05	-0.00052211
5127.12	-0.000378954
5125.19	-0.000344391
5123.27	-0.000109991
5121.34	-6.86483e-05
5119.41	-0.000212205
5117.48	-0.000269329
5115.55	-0.000232075
5113.62	-9.19372e-05
5111.7	7.18405e-05
5109.77	0.000137893
5107.84	0.000145085
5105.91	0.000255505
5103.99	0.000440276
5102.06	0.00049829
5100.13	0.000541151
5098.2	0.000626055
5096.27	0.000695975
5094.34	0.000611886
5092.42	0.000552198
5090.49	0.000643642
5088.56	0.000770984
5086.63	0.000833059
5084.71	0.000853443
5082.78	0.000877513
5080.85	0.000895675
5078.92	0.000945581
5076.99	0.000995825
5075.06	0.00110095
5073.14	0.00122919
5071.21	0.00134214
5069.28	0.00142308
5067.35	0.00144403
5065.42	0.00153047
5063.5	0.0016015
5061.57	0.00156286
5059.64	0.00152894
5057.71	0.00157772
5055.78	0.00169849
5053.86	0.00184903
5051.93	0.00185908
5050	0.00179403
5048.07	0.00178645
5046.14	0.00188647
5044.22	0.00200136
5042.29	0.00205466
5040.36	0.00215957
5038.43	0.00229695
5036.5	0.00238876
5034.58	0.00243324
5032.65	0.00242881
5030.72	0.00251249
5028.79	0.00261888
5026.86	0.00272919
5024.94	0.00273666
5023.01	0.00277741
5021.08	0.00284111
5019.15	0.00290768
5017.22	0.0028375
5015.3	0.00264381
5013.37	0.00266795
5011.44	0.00270195
5009.51	0.00261174
5007.58	0.00260451
5005.66	0.00253365
5003.73	0.0024645
5001.8	0.00235758
4999.87	0.00225472
4997.94	0.00229485
4996.02	0.00236917
4994.09	0.00230238
4992.16	0.00230814
4990.23	0.002231
4988.3	0.00213117
4986.38	0.00212298
4984.45	0.00210873
4982.52	0.00217938
4980.59	0.00213926
4978.66	0.00206754
4976.73	0.00207243
4974.81	0.00205832
4972.88	0.00208302
4970.95	0.00206668
4969.02	0.00200585
4967.09	0.00196258
4965.17	0.0019285
4963.24	0.00191722
4961.31	0.00193869
4959.38	0.00202203
4957.45	0.00204653
4955.53	0.00197789
4953.6	0.00186015
4951.67	0.00181652
4949.74	0.00182837
4947.81	0.00178545
4945.89	0.00180451
4943.96	0.00185585
4942.03	0.00181333
4940.1	0.00168728
4938.17	0.00158035
4936.25	0.0015724
4934.32	0.00168678
4932.39	0.00159116
4930.46	0.00158354
4928.53	0.00156349
4926.61	0.00151338
4924.68	0.00146185
4922.75	0.00145294
4920.82	0.00148785
4918.89	0.00147135
4916.97	0.00146391
4915.04	0.0014175
4913.11	0.00133364
4911.18	0.00130462
4909.25	0.00130668
4907.33	0.00128834
4905.4	0.00126391
4903.47	0.00119629
4901.54	0.00112932
4899.61	0.00103714
4897.69	0.000932996
4895.76	0.000950628
4893.83	0.00103428
4891.9	0.000990611
4889.97	0.000964343
4888.05	0.000905901
4886.12	0.000858788
4884.19	0.000840562
4882.26	0.000787415
4880.33	0.000680974
4878.41	0.000503631
4876.48	0.00046648
4874.55	0.000559298
4872.62	0.000556445
4870.69	0.000471024
4868.77	0.000362406
4866.84	0.000304542
4864.91	0.000311373
4862.98	0.000323409
4861.05	0.00027805
4859.12	0.000128546
4857.2	-2.84952e-06
4855.27	-2.12715e-05
4853.34	-4.06536e-05
4851.41	-4.8108e-05
4849.48	-2.38227e-05
4847.56	-3.26689e-05
4845.63	-0.000180278
4843.7	-0.000265091
4841.77	-0.000265985
4839.84	-0.000280157
4837.92	-0.000472632
4835.99	-0.000573403
4834.06	-0.000546103
4832.13	-0.000571021
4830.2	-0.000672035
4828.28	-0.000795879
4826.35	-0.00083583
4824.42	-0.000794787
4822.49	-0.000865526
4820.56	-0.000931095
4818.64	-0.00104882
4816.71	-0.00114261
4814.78	-0.00119496
4812.85	-0.00125744
4810.92	-0.0013719
4809	-0.00143657
4807.07	-0.00141721
4805.14	-0.00145978
4803.21	-0.0015523
4801.28	-0.0016891
4799.36	-0.0017289
4797.43	-0.0017919
4795.5	-0.00192882
4793.57	-0.00196217
4791.64	-0.0021236
4789.72	-0.00218841
4787.79	-0.00209131
4785.86	-0.00213612
4783.93	-0.00234304
4782	-0.00241583
4780.08	-0.0023782
4778.15	-0.00246944
4776.22	-0.00258039
4774.29	-0.00261339
4772.36	-0.00274129
4770.44	-0.00287909
4768.51	-0.00295502
4766.58	-0.00300787
4764.65	-0.00308319
4762.72	-0.00317428
4760.79	-0.00318118
4758.87	-0.00315283
4756.94	-0.00326949
4755.01	-0.00330616
4753.08	-0.00339424
4751.16	-0.00349572
4749.23	-0.00347235
4747.3	-0.00349779
4745.37	-0.00361248
4743.44	-0.00372215
4741.51	-0.00372557
4739.59	-0.00368273
4737.66	-0.00388395
4735.73	-0.00408947
4733.8	-0.00417096
4731.88	-0.00420772
4729.95	-0.00420493
4728.02	-0.00423033
4726.09	-0.00438852
4724.16	-0.00438564
4722.23	-0.00431485
4720.31	-0.00448846
4718.38	-0.00466114
4716.45	-0.00468622
4714.52	-0.00466518
4712.59	-0.00465203
4710.67	-0.00465577
4708.74	-0.00480873
4706.81	-0.00485008
4704.88	-0.00471211
4702.95	-0.00482213
4701.03	-0.00500324
4699.1	-0.00500441
4697.17	-0.00498001
4695.24	-0.00506897
4693.31	-0.00510899
4691.39	-0.00516475
4689.46	-0.00523724
4687.53	-0.00522326
4685.6	-0.00523282
4683.67	-0.0052847
4681.75	-0.00538299
4679.82	-0.00531426
4677.89	-0.00533966
4675.96	-0.00541038
4674.03	-0.00535753
4672.11	-0.00539847
4670.18	-0.00554305
4668.25	-0.00555231
4666.32	-0.00552035
4664.39	-0.00552558
4662.47	-0.00558067
4660.54	-0.00563844
4658.61	-0.00561574
4656.68	-0.00560665
4654.75	-0.00567432
4652.83	-0.00572667
4650.9	-0.0058123
4648.97	-0.00589197
4647.04	-0.00587187
4645.11	-0.00584745
4643.19	-0.00593963
4641.26	-0.00598666
4639.33	-0.00600581
4637.4	-0.00595352
4635.47	-0.00592073
4633.54	-0.00594642
4631.62	-0.00600228
4629.69	-0.00604247
4627.76	-0.00610053
4625.83	-0.00610756
4623.9	-0.00606244
4621.98	-0.00600796
4620.05	-0.00599015
4618.12	-0.00602715
4616.19	-0.00613369
4614.26	-0.00616208
4612.34	-0.00617332
4610.41	-0.00620046
4608.48	-0.00619511
4606.55	-0.00626559
4604.62	-0.00623411
4602.7	-0.00624028
4600.77	-0.00633545
4598.84	-0.00625354
4596.91	-0.00620389
4594.98	-0.00624368
4593.06	-0.00632663
4591.13	-0.00636522
4589.2	-0.00631324
4587.27	-0.00624894
4585.34	-0.00623205
4583.42	-0.00632258
4581.49	-0.00639226
4579.56	-0.00633394
4577.63	-0.00627448
4575.7	-0.00634469
4573.78	-0.00645034
4571.85	-0.00641711
4569.92	-0.00639161
4567.99	-0.00647293
4566.06	-0.00640767
4564.14	-0.00629724
4562.21	-0.00622806
4560.28	-0.0063038
4558.35	-0.00643013
4556.42	-0.006441
4554.5	-0.00635494
4552.57	-0.00631814
4550.64	-0.00636529
4548.71	-0.00629397
4546.78	-0.00626079
4544.86	-0.0063153
4542.93	-0.00634018
4541	-0.00621098
4539.07	-0.00611579
4537.14	-0.00624149
4535.22	-0.00624018
4533.29	-0.00616862
4531.36	-0.00619821
4529.43	-0.00621444
4527.5	-0.0062263
4525.58	-0.00626118
4523.65	-0.00619132
4521.72	-0.00612915
4519.79	-0.00610828
4517.86	-0.00622179
4515.94	-0.00629574
4514.01	-0.00622921
4512.08	-0.00622359
4510.15	-0.00629257
4508.22	-0.00635243
4506.29	-0.00639366
4504.37	-0.00643869
4502.44	-0.00641093
4500.51	-0.00637336
4498.58	-0.00648928
4496.65	-0.00659644
4494.73	-0.00657966
4492.8	-0.00658593
4490.87	-0.00664127
4488.94	-0.00670911
4487.01	-0.00674017
4485.09	-0.00674633
4483.16	-0.00670131
4481.23	-0.00673247
4479.3	-0.00672787
4477.37	-0.00667576
4475.45	-0.00662108
4473.52	-0.00670314
4471.59	-0.00673475
4469.66	-0.00674637
4467.73	-0.0067952
4465.81	-0.00690538
4463.88	-0.00693026
4461.95	-0.00687779
4460.02	-0.0068531
4458.09	-0.00689422
4456.17	-0.00686438
4454.24	-0.00688597
4452.31	-0.00692546
4450.38	-0.00687883
4448.45	-0.00681233
4446.53	-0.00680988
4444.6	-0.00683575
4442.67	-0.00686647
4440.74	-0.00684553
4438.81	-0.00683884
4436.89	-0.00685189
4434.96	-0.00689321
4433.03	-0.00690841
4431.1	-0.00689758
4429.17	-0.00689432
4427.25	-0.00689465
4425.32	-0.00690055
4423.39	-0.00693352
4421.46	-0.00691904
4419.53	-0.00687991
4417.61	-0.00686892
4415.68	-0.00680277
4413.75	-0.00677478
4411.82	-0.00676059
4409.89	-0.00678466
4407.96	-0.00671316
4406.04	-0.00663932
4404.11	-0.00664826
4402.18	-0.00676835
4400.25	-0.00683868
4398.33	-0.00682886
4396.4	-0.00683033
4394.47	-0.00678855
4392.54	-0.00675622
4390.61	-0.00673205
4388.68	-0.00667227
4386.76	-0.00674715
4384.83	-0.00679155
4382.9	-0.0068088
4380.97	-0.0068074
4379.04	-0.00688454
4377.12	-0.006844
4375.19	-0.00682201
4373.26	-0.00681128
4371.33	-0.00674943
4369.4	-0.00677263
4367.48	-0.00683868
4365.55	-0.0067388
4363.62	-0.00664375
4361.69	-0.0067081
4359.76	-0.00679246
4357.84	-0.00674718
4355.91	-0.006657
4353.98	-0.00661393
4352.05	-0.00661412
4350.12	-0.00663625
4348.2	-0.00666213
4346.27	-0.00672506
4344.34	-0.00665596
4342.41	-0.00652933
4340.48	-0.00653988
4338.56	-0.00655117
4336.63	-0.00656318
4334.7	-0.00660704
4332.77	-0.00656442
4330.84	-0.00657859
4328.92	-0.00656641
4326.99	-0.00651664
4325.06	-0.00653514
4323.13	-0.00655538
4321.2	-0.00657023
4319.28	-0.00653169
4317.35	-0.00649807
4315.42	-0.00643983
4313.49	-0.00637009
4311.56	-0.00642625
4309.64	-0.00652183
4307.71	-0.00643748
4305.78	-0.0063666
4303.85	-0.00638772
4301.92	-0.00644205
4300	-0.00650561
4298.07	-0.00648909
4296.14	-0.00646748
4294.21	-0.00642161
4292.28	-0.00634998
4290.35	-0.00630018
4288.43	-0.00625524
4286.5	-0.00626487
4284.57	-0.00637365
4282.64	-0.0064239
4280.71	-0.00630423
4278.79	-0.00627594
4276.86	-0.00627098
4274.93	-0.00626109
4273	-0.00634243
4271.07	-0.00635589
4269.15	-0.00628094
4267.22	-0.00629149
4265.29	-0.00631706
4263.36	-0.00627859
4261.43	-0.00622323
4259.51	-0.00626445
4257.58	-0.00620327
4255.65	-0.00616006
4253.72	-0.00624577
4251.79	-0.00621797
4249.87	-0.00618586
4247.94	-0.00617708
4246.01	-0.00613288
4244.08	-0.00603185
4242.15	-0.00602868
4240.23	-0.00607939
4238.3	-0.00615009
4236.37	-0.00614558
4234.44	-0.0061286
4232.51	-0.00617172
4230.59	-0.00621206
4228.66	-0.00626559
4226.73	-0.00627787
4224.8	-0.00609174
4222.87	-0.00598829
4220.95	-0.00596715
4219.02	-0.00594535
4217.09	-0.00602035
4215.16	-0.00608367
4213.23	-0.00592338
4211.31	-0.00584843
4209.38	-0.00601322
4207.45	-0.0060842
4205.52	-0.00605427
4203.59	-0.00599662
4201.67	-0.00596613
4199.74	-0.00597875
4197.81	-0.00595469
4195.88	-0.0059258
4193.95	-0.00591449
4192.03	-0.00594544
4190.1	-0.00597858
4188.17	-0.00601852
4186.24	-0.0060129
4184.31	-0.00589785
4182.39	-0.00581443
4180.46	-0.00583032
4178.53	-0.00589187
4176.6	-0.00602385
4174.67	-0.00606544
4172.75	-0.00609785
4170.82	-0.00607351
4168.89	-0.00600244
4166.96	-0.00596025
4165.03	-0.00597773
4163.1	-0.00592508
4161.18	-0.00585801
4159.25	-0.00592299
4157.32	-0.00606309
4155.39	-0.00596731
4153.46	-0.00585117
4151.54	-0.00588596
4149.61	-0.0059328
4147.68	-0.00591345
4145.75	-0.00591671
4143.82	-0.00596728
4141.9	-0.00594368
4139.97	-0.00595496
4138.04	-0.00596401
4136.11	-0.00588177
4134.18	-0.00586582
4132.26	-0.00586997
4130.33	-0.00588096
4128.4	-0.00593296
4126.47	-0.00587069
4124.54	-0.005833
4122.62	-0.00585755
4120.69	-0.00587808
4118.76	-0.00591354
4116.83	-0.00595943
4114.9	-0.00592002
4112.98	-0.00584993
4111.05	-0.00582891
4109.12	-0.00582901
4107.19	-0.00587854
4105.26	-0.00586624
4103.34	-0.00581933
4101.41	-0.00582718
4099.48	-0.00584889
4097.55	-0.00579916
4095.62	-0.00577706
4093.7	-0.00577663
4091.77	-0.0058024
4089.84	-0.00581021
4087.91	-0.00588357
4085.98	-0.00596849
4084.06	-0.00594162
4082.13	-0.00585297
4080.2	-0.00574711
4078.27	-0.00574263
4076.34	-0.0057884
4074.42	-0.00586379
4072.49	-0.00581619
4070.56	-0.00574583
4068.63	-0.00572193
4066.7	-0.00570653
4064.78	-0.00569812
4062.85	-0.0057322
4060.92	-0.00581878
4058.99	-0.00586628
4057.06	-0.00580949
4055.14	-0.00575993
4053.21	-0.00572033
4051.28	-0.00575172
4049.35	-0.00570247
4047.42	-0.00567788
4045.5	-0.00574858
4043.57	-0.00576019
4041.64	-0.00574636
4039.71	-0.00578445
4037.78	-0.00585529
4035.85	-0.00578749
4033.93	-0.00573059
4032	-0.00563383
4030.07	-0.0055672
4028.14	-0.00555588
4026.21	-0.0055707
4024.29	-0.00558885
4022.36	-0.0056145
4020.43	-0.00561613
4018.5	-0.00567513
4016.57	-0.00575554
4014.65	-0.0057235
4012.72	-0.00570185
4010.79	-0.00572347
4008.86	-0.00571104
4006.93	-0.0057322
4005.01	-0.00574613
4003.08	-0.00574175
4001.15	-0.00563808
3999.22	-0.00550887
3997.29	-0.00548361
3995.37	-0.00556769
3993.44	-0.00567588
3991.51	-0.00563281
3989.58	-0.00551567
3987.65	-0.00552313
3985.73	-0.00556932
3983.8	-0.00559402
3981.87	-0.00561999
3979.94	-0.00569358
3978.01	-0.00577114
3976.09	-0.00571052
3974.16	-0.00565234
3972.23	-0.00568226
3970.3	-0.00563491
3968.37	-0.00549562
3966.45	-0.00555444
3964.52	-0.00576483
3962.59	-0.00582192
3960.66	-0.0057561
3958.73	-0.00568612
3956.81	-0.00563556
3954.88	-0.00562038
3952.95	-0.0056631
3951.02	-0.00565898
3949.09	-0.00569135
3947.17	-0.00567745
3945.24	-0.00565489
3943.31	-0.00563719
3941.38	-0.00563782
3939.45	-0.00570385
3937.53	-0.00569224
3935.6	-0.00558296
3933.67	-0.00555686
3931.74	-0.00563664
3929.81	-0.00564511
3927.88	-0.00564789
3925.96	-0.00557014
3924.03	-0.00558476
3922.1	-0.0056839
3920.17	-0.00565819
3918.24	-0.0056874
3916.32	-0.00567618
3914.39	-0.00561665
3912.46	-0.00558692
3910.53	-0.00561158
3908.6	-0.0056332
3906.68	-0.00564393
3904.75	-0.00559873
3902.82	-0.00547841
3900.89	-0.00544536
3898.96	-0.00554122
3897.04	-0.00562585
3895.11	-0.00570349
3893.18	-0.00575473
3891.25	-0.00578232
3889.32	-0.00576329
3887.4	-0.00567127
3885.47	-0.00558977
3883.54	-0.00559618
3881.61	-0.00563962
3879.68	-0.00558532
3877.76	-0.0056717
3875.83	-0.00566424
3873.9	-0.00558365
3871.97	-0.00558758
3870.04	-0.00557057
3868.12	-0.00558905
3866.19	-0.00568916
3864.26	-0.00572638
3862.33	-0.00562284
3860.4	-0.00553759
3858.48	-0.00558247
3856.55	-0.0055845
3854.62	-0.00552869
3852.69	-0.00550913
3850.76	-0.00544906
3848.84	-0.00544572
3846.91	-0.0055422
3844.98	-0.00565165
3843.05	-0.00558493
3841.12	-0.0054859
3839.2	-0.0054431
3837.27	-0.00541247
3835.34	-0.00543345
3833.41	-0.00539284
3831.48	-0.00543047
3829.56	-0.00549872
3827.63	-0.00548191
3825.7	-0.00544588
3823.77	-0.00535111
3821.84	-0.00532765
3819.92	-0.00548678
3817.99	-0.00551413
3816.06	-0.00543198
3814.13	-0.0053501
3812.2	-0.00536191
3810.27	-0.00538044
3808.35	-0.00540465
3806.42	-0.00535445
3804.49	-0.00518643
3802.56	-0.00514232
3800.64	-0.00517353
3798.71	-0.00517713
3796.78	-0.00516593
3794.85	-0.00513915
3792.92	-0.00499777
3790.99	-0.00494509
3789.07	-0.00496865
3787.14	-0.0049449
3785.21	-0.0049599
3783.28	-0.00497703
3781.35	-0.00502439
3779.43	-0.00507342
3777.5	-0.00487197
3775.57	-0.00470497
3773.64	-0.0047289
3771.71	-0.00476816
3769.79	-0.00472735
3767.86	-0.00465734
3765.93	-0.0046362
3764	-0.00458473
3762.07	-0.00454515
3760.15	-0.00452092
3758.22	-0.00445012
3756.29	-0.00436448
3754.36	-0.00433824
3752.43	-0.0042615
3750.51	-0.004213
3748.58	-0.0042988
3746.65	-0.00428447
3744.72	-0.00417464
3742.79	-0.00411905
3740.87	-0.00400176
3738.94	-0.00393008
3737.01	-0.00384316
3735.08	-0.00367928
3733.15	-0.00367369
3731.23	-0.00372672
3729.3	-0.00363052
3727.37	-0.00345992
3725.44	-0.0033148
3723.51	-0.00306407
3721.59	-0.00300132
3719.66	-0.00300879
3717.73	-0.00288706
3715.8	-0.00284223
3713.87	-0.00281853
3711.95	-0.00271037
3710.02	-0.0024616
3708.09	-0.00226512
3706.16	-0.00212017
3704.23	-0.00194613
3702.31	-0.00188078
3700.38	-0.00170702
3698.45	-0.00157211
3696.52	-0.00155009
3694.59	-0.00135132
3692.67	-0.00117549
3690.74	-0.00109175
3688.81	-0.000872735
3686.88	-0.000717223
3684.95	-0.000540146
3683.02	-0.000346742
3681.1	-0.000217437
3679.17	-5.26828e-06
3677.24	0.000268634
3675.31	0.000453179
3673.38	0.000642314
3671.46	0.0010037
3669.53	0.00126641
3667.6	0.00164963
3665.67	0.00195579
3663.74	0.00225868
3661.82	0.00262088
3659.89	0.00296269
3657.96	0.00331162
3656.03	0.00362738
3654.1	0.00397203
3652.18	0.00443687
3650.25	0.00498911
3648.32	0.00539727
3646.39	0.00574944
3644.46	0.00631697
3642.54	0.00690069
3640.61	0.0074221
3638.68	0.00800417
3636.75	0.00869813
3634.82	0.00932105
3632.9	0.00990754
3630.97	0.0105232
3629.04	0.0113128
3627.11	0.0121074
3625.18	0.0127295
3623.26	0.0133503
3621.33	0.0143183
3619.4	0.0152569
3617.47	0.0163295
3615.54	0.0174878
3613.62	0.0184982
3611.69	0.0195916
3609.76	0.0206594
3607.83	0.0217049
3605.9	0.022985
3603.98	0.0244244
3602.05	0.025773
3600.12	0.0270573
3598.19	0.0285578
3596.26	0.0301393
3594.34	0.0317494
3592.41	0.0335363
3590.48	0.035385
3588.55	0.0371899
3586.62	0.0390944
3584.7	0.0411667
3582.77	0.0431724
3580.84	0.0452965
3578.91	0.0476588
3576.98	0.0501301
3575.05	0.0526663
3573.13	0.055311
3571.2	0.0581468
3569.27	0.0609649
3567.34	0.0638467
3565.42	0.0669731
3563.49	0.0702899
3561.56	0.0736475
3559.63	0.0770178
3557.7	0.080669
3555.77	0.0843577
3553.85	0.0882519
3551.92	0.0925168
3549.99	0.0968757
3548.06	0.101263
3546.13	0.10589
3544.21	0.11091
3542.28	0.11616
3540.35	0.121548
3538.42	0.126973
3536.49	0.132565
3534.57	0.13858
3532.64	0.144958
3530.71	0.151447
3528.78	0.158222
3526.85	0.165551
3524.93	0.173018
3523	0.180585
3521.07	0.188539
3519.14	0.196928
3517.21	0.205529
3515.29	0.214574
3513.36	0.223772
3511.43	0.233323
3509.5	0.24343
3507.57	0.253753
3505.65	0.264165
3503.72	0.274779
3501.79	0.285766
3499.86	0.296915
3497.93	0.308167
3496.01	0.319641
3494.08	0.331369
3492.15	0.342974
3490.22	0.354549
3488.29	0.366035
3486.37	0.377493
3484.44	0.388501
3482.51	0.399218
3480.58	0.409894
3478.65	0.4199
3476.73	0.429279
3474.8	0.438155
3472.87	0.446318
3470.94	0.454004
3469.01	0.461092
3467.09	0.46758
3465.16	0.473083
3463.23	0.477564
3461.3	0.481194
3459.37	0.484125
3457.44	0.486431
3455.52	0.4879
3453.59	0.488587
3451.66	0.488724
3449.73	0.488216
3447.81	0.4872
3445.88	0.485583
3443.95	0.483223
3442.02	0.480656
3440.09	0.478008
3438.16	0.474831
3436.24	0.471527
3434.31	0.468344
3432.38	0.464949
3430.45	0.461377
3428.52	0.457676
3426.6	0.453632
3424.67	0.449923
3422.74	0.446597
3420.81	0.442924
3418.88	0.439305
3416.96	0.436184
3415.03	0.433154
3413.1	0.430107
3411.17	0.427144
3409.24	0.42433
3407.32	0.421763
3405.39	0.419235
3403.46	0.416444
3401.53	0.413911
3399.6	0.411869
3397.68	0.409923
3395.75	0.407853
3393.82	0.405722
3391.89	0.403809
3389.96	0.402299
3388.04	0.400993
3386.11	0.399957
3384.18	0.399023
3382.25	0.397548
3380.32	0.39589
3378.4	0.394808
3376.47	0.393727
3374.54	0.392508
3372.61	0.391555
3370.68	0.390828
3368.76	0.390053
3366.83	0.389314
3364.9	0.38858
3362.97	0.387677
3361.04	0.386652
3359.12	0.385764
3357.19	0.385183
3355.26	0.384557
3353.33	0.383799
3351.4	0.382859
3349.48	0.382088
3347.55	0.381619
3345.62	0.380982
3343.69	0.380249
3341.76	0.379676
3339.83	0.378978
3337.91	0.378203
3335.98	0.377529
3334.05	0.376989
3332.12	0.376241
3330.19	0.375294
3328.27	0.374498
3326.34	0.373933
3324.41	0.373341
3322.48	0.372916
3320.55	0.372369
3318.63	0.371353
3316.7	0.370565
3314.77	0.36983
3312.84	0.369007
3310.91	0.368367
3308.99	0.368004
3307.06	0.367466
3305.13	0.367044
3303.2	0.36677
3301.27	0.366339
3299.35	0.366169
3297.42	0.366259
3295.49	0.366255
3293.56	0.366036
3291.63	0.366115
3289.71	0.366605
3287.78	0.367225
3285.85	0.367798
3283.92	0.368509
3281.99	0.369121
3280.07	0.369679
3278.14	0.370694
3276.21	0.372217
3274.28	0.373646
3272.35	0.374705
3270.43	0.376101
3268.5	0.377953
3266.57	0.379482
3264.64	0.381079
3262.71	0.383256
3260.79	0.385491
3258.86	0.387612
3256.93	0.389789
3255	0.392088
3253.07	0.394257
3251.15	0.396303
3249.22	0.398835
3247.29	0.401582
3245.36	0.404392
3243.43	0.407578
3241.51	0.410635
3239.58	0.413934
3237.65	0.417596
3235.72	0.421518
3233.79	0.425512
3231.87	0.429514
3229.94	0.433652
3228.01	0.437917
3226.08	0.442095
3224.15	0.44628
3222.22	0.450229
3220.3	0.454277
3218.37	0.458243
3216.44	0.461804
3214.51	0.465292
3212.58	0.468413
3210.66	0.471478
3208.73	0.474434
3206.8	0.477081
3204.87	0.479539
3202.94	0.481818
3201.02	0.484128
3199.09	0.485932
3197.16	0.487651
3195.23	0.489294
3193.3	0.490766
3191.38	0.491995
3189.45	0.493364
3187.52	0.495007
3185.59	0.496408
3183.66	0.497221
3181.74	0.498022
3179.81	0.498968
3177.88	0.500465
3175.95	0.5017
3174.02	0.502602
3172.1	0.50359
3170.17	0.504754
3168.24	0.50588
3166.31	0.506882
3164.38	0.507583
3162.46	0.508406
3160.53	0.509405
3158.6	0.509896
3156.67	0.510334
3154.74	0.511055
3152.82	0.511959
3150.89	0.512562
3148.96	0.51283
3147.03	0.513132
3145.1	0.513241
3143.18	0.512917
3141.25	0.512726
3139.32	0.512121
3137.39	0.510769
3135.46	0.509401
3133.54	0.508105
3131.61	0.50629
3129.68	0.504057
3127.75	0.501474
3125.82	0.498411
3123.9	0.495258
3121.97	0.491507
3120.04	0.487254
3118.11	0.482769
3116.18	0.477545
3114.26	0.472115
3112.33	0.466232
3110.4	0.459716
3108.47	0.4531
3106.54	0.446213
3104.61	0.438959
3102.69	0.431809
3100.76	0.424664
3098.83	0.41682
3096.9	0.408774
3094.98	0.40084
3093.05	0.392963
3091.12	0.384862
3089.19	0.376679
3087.26	0.368603
3085.33	0.360619
3083.41	0.352376
3081.48	0.34425
3079.55	0.336
3077.62	0.327661
3075.69	0.319426
3073.77	0.311321
3071.84	0.302946
3069.91	0.294489
3067.98	0.286404
3066.05	0.278325
3064.13	0.270123
3062.2	0.262096
3060.27	0.254098
3058.34	0.246422
3056.41	0.238864
3054.49	0.231129
3052.56	0.223245
3050.63	0.215699
3048.7	0.208387
3046.77	0.201375
3044.85	0.194582
3042.92	0.187828
3040.99	0.181451
3039.06	0.17517
3037.13	0.168992
3035.21	0.163152
3033.28	0.157581
3031.35	0.152144
3029.42	0.146651
3027.49	0.141505
3025.57	0.136683
3023.64	0.132042
3021.71	0.127705
3019.78	0.123305
3017.85	0.118993
3015.93	0.115083
3014	0.111463
3012.07	0.107844
3010.14	0.104092
3008.21	0.100576
3006.29	0.0975005
3004.36	0.0943968
3002.43	0.0913207
3000.5	0.0884787
2998.57	0.0856284
2996.65	0.0830578
2994.72	0.0804792
2992.79	0.0778696
2990.86	0.0754553
2988.93	0.0732295
2987	0.0710637
2985.08	0.0689955
2983.15	0.0668391
2981.22	0.0648007
2979.29	0.0630444
2977.36	0.0611551
2975.44	0.0595775
2973.51	0.0580027
2971.58	0.056215
2969.65	0.0545727
2967.72	0.0530752
2965.8	0.051515
2963.87	0.0498526
2961.94	0.0484413
2960.01	0.0473408
2958.08	0.0460621
2956.16	0.0447212
2954.23	0.043655
2952.3	0.0424582
2950.37	0.0413754
2948.44	0.0403641
2946.52	0.0393783
2944.59	0.038191
2942.66	0.0370174
2940.73	0.0360542
2938.8	0.0352585
2936.88	0.034553
2934.95	0.0337432
2933.02	0.0328971
2931.09	0.0321057
2929.16	0.0314152
2927.24	0.0305016
2925.31	0.0296759
2923.38	0.0290787
2921.45	0.0283003
2919.52	0.0276789
2917.6	0.0272805
2915.67	0.0265657
2913.74	0.025833
2911.81	0.0252595
2909.88	0.0247626
2907.96	0.0243338
2906.03	0.023863
2904.1	0.0230814
2902.17	0.0225556
2900.24	0.022497
2898.32	0.022073
2896.39	0.0213676
2894.46	0.0208229
2892.53	0.020351
2890.6	0.019834
2888.68	0.0194133
2886.75	0.0190394
2884.82	0.0185468
2882.89	0.0180349
2880.96	0.0175167
2879.04	0.0171938
2877.11	0.0169799
2875.18	0.016639
2873.25	0.0163735
2871.32	0.0160644
2869.39	0.0157364
2867.47	0.0155696
2865.54	0.0152432
2863.61	0.0148149
2861.68	0.0144819
2859.75	0.0142179
2857.83	0.0138056
2855.9	0.0134788
2853.97	0.0134159
2852.04	0.0130346
2850.11	0.0124375
2848.19	0.0121541
2846.26	0.0120074
2844.33	0.0119765
2842.4	0.0117562
2840.47	0.0113257
2838.55	0.0111111
2836.62	0.011132
2834.69	0.0110486
2832.76	0.0107773
2830.83	0.0104886
2828.91	0.0102104
2826.98	0.0100323
2825.05	0.00999117
2823.12	0.00982649
2821.19	0.00951293
2819.27	0.0091727
2817.34	0.00892403
2815.41	0.00876212
2813.48	0.00870888
2811.55	0.00859047
2809.63	0.00834269
2807.7	0.00810084
2805.77	0.00791913
2803.84	0.00784139
2801.91	0.00769054
2799.99	0.00747809
2798.06	0.00730236
2796.13	0.0070414
2794.2	0.00697866
2792.27	0.00698294
2790.35	0.00671645
2788.42	0.00639672
2786.49	0.00635052
2784.56	0.00636693
2782.63	0.00646159
2780.71	0.00629041
2778.78	0.00607524
2776.85	0.00598839
2774.92	0.0056599
2772.99	0.00557152
2771.06	0.00555192
2769.14	0.00531649
2767.21	0.00526521
2765.28	0.00536906
2763.35	0.00523013
2761.43	0.00514191
2759.5	0.00504237
2757.57	0.00483453
2755.64	0.0048689
2753.71	0.00475127
2751.78	0.00441454
2749.86	0.00430835
2747.93	0.00438094
2746	0.00437528
2744.07	0.00426829
2742.15	0.00413015
2740.22	0.00407637
2738.29	0.00395514
2736.36	0.00373986
2734.43	0.00360109
2732.5	0.00359978
2730.58	0.00371439
2728.65	0.00376509
2726.72	0.00362664
2724.79	0.00339446
2722.86	0.00330738
2720.94	0.0036633
2719.01	0.00371249
2717.08	0.00335746
2715.15	0.0031317
2713.22	0.00309362
2711.3	0.00326294
2709.37	0.00350247
2707.44	0.00345932
2705.51	0.00324638
2703.58	0.0033003
2701.66	0.00341727
2699.73	0.00338481
2697.8	0.00329479
2695.87	0.00318243
2693.94	0.00318169
2692.02	0.00311367
2690.09	0.00304777
2688.16	0.00318059
2686.23	0.00309896
2684.3	0.00315536
2682.38	0.00320529
2680.45	0.00333816
2678.52	0.00326795
2676.59	0.00314254
2674.66	0.0034155
2672.74	0.00347635
2670.81	0.0034681
2668.88	0.00362718
2666.95	0.00358057
2665.02	0.00344866
2663.1	0.00346693
2661.17	0.00365605
2659.24	0.00324531
2657.31	0.00322922
2655.38	0.0035022
2653.46	0.00320823
2651.53	0.00333285
2649.6	0.00350885
2647.67	0.00354255
2645.74	0.00363376
2643.81	0.00387935
2641.89	0.00400109
2639.96	0.00381931
2638.03	0.00365899
2636.1	0.00370183
2634.17	0.00381894
2632.25	0.00417083
2630.32	0.00422794
2628.39	0.00416411
2626.46	0.00411808
2624.53	0.00408543
2622.61	0.00429804
2620.68	0.00462072
2618.75	0.00458565
2616.82	0.00441053
2614.89	0.00456359
2612.97	0.00475111
2611.04	0.0048097
2609.11	0.00498499
2607.18	0.00504231
2605.25	0.00499622
2603.33	0.00494232
2601.4	0.00484786
2599.47	0.00500349
2597.54	0.0050768
2595.61	0.00512933
2593.69	0.00511076
2591.76	0.00513708
2589.83	0.00537342
2587.9	0.00556756
2585.97	0.00561294
2584.05	0.00579591
2582.12	0.00599864
2580.19	0.0059502
2578.26	0.00570623
2576.33	0.0058763
2574.41	0.00615273
2572.48	0.00622634
2570.55	0.00623346
2568.62	0.0063251
2566.69	0.00630876
2564.77	0.00645833
2562.84	0.00675404
2560.91	0.00688376
2558.98	0.00698627
2557.05	0.00716767
2555.13	0.00723838
2553.2	0.00729293
2551.27	0.00730445
2549.34	0.00740656
2547.41	0.00755667
2545.49	0.00760812
2543.56	0.00759389
2541.63	0.00742065
2539.7	0.00737761
2537.77	0.0074729
2535.85	0.00774225
2533.92	0.00802304
2531.99	0.00811961
2530.06	0.00799648
2528.13	0.00828287
2526.21	0.00868538
2524.28	0.00850555
2522.35	0.00830452
2520.42	0.00848498
2518.49	0.00873322
2516.56	0.00884845
2514.64	0.00876338
2512.71	0.00846852
2510.78	0.00870972
2508.85	0.00931519
2506.92	0.00952814
2505	0.00933642
2503.07	0.00925358
2501.14	0.00943982
2499.21	0.00969359
2497.28	0.00973977
2495.36	0.00963427
2493.43	0.00964507
2491.5	0.00976997
2489.57	0.0100037
2487.64	0.0102409
2485.72	0.0104359
2483.79	0.0102057
2481.86	0.0101302
2479.93	0.0106316
2478	0.0107524
2476.08	0.0107426
2474.15	0.0109235
2472.22	0.011109
2470.29	0.0110659
2468.36	0.0111656
2466.44	0.0114978
2464.51	0.0115791
2462.58	0.0116876
2460.65	0.0117787
2458.72	0.0118736
2456.8	0.0118869
2454.87	0.0119876
2452.94	0.0122838
2451.01	0.0122152
2449.08	0.0124461
2447.16	0.0127016
2445.23	0.0125031
2443.3	0.0125239
2441.37	0.0129068
2439.44	0.0131059
2437.52	0.0128013
2435.59	0.0126974
2433.66	0.0131256
2431.73	0.0132492
2429.8	0.0134091
2427.88	0.0136344
2425.95	0.0139848
2424.02	0.0139903
2422.09	0.0134296
2420.16	0.013528
2418.24	0.0140629
2416.31	0.0140882
2414.38	0.0140919
2412.45	0.0142463
2410.52	0.0145313
2408.6	0.0143309
2406.67	0.01406
2404.74	0.0139156
2402.81	0.0142681
2400.88	0.0147099
2398.95	0.0148392
2397.03	0.0148277
2395.1	0.0151874
2393.17	0.0153041
2391.24	0.0153306
2389.31	0.0153484
2387.39	0.0156332
2385.46	0.0162688
2383.53	0.0165313
2381.6	0.0162154
2379.67	0.0160551
2377.75	0.0160184
2375.82	0.01618
2373.89	0.0166521
2371.96	0.0166855
2370.03	0.0168248
2368.11	0.0171843
2366.18	0.0169775
2364.25	0.0171377
2362.32	0.0175438
2360.39	0.0179206
2358.47	0.0183417
2356.54	0.0185705
2354.61	0.0184434
2352.68	0.0180066
2350.75	0.0182652
2348.83	0.0188424
2346.9	0.0192869
2344.97	0.0200118
2343.04	0.0206044
2341.11	0.0202315
2339.19	0.0197619
2337.26	0.0198357
2335.33	0.0200135
2333.4	0.0200066
2331.47	0.0201138
2329.55	0.0201821
2327.62	0.0204154
2325.69	0.0211707
2323.76	0.0218063
2321.83	0.021741
2319.91	0.0221248
2317.98	0.0227175
2316.05	0.0227517
2314.12	0.022496
2312.19	0.0223218
2310.27	0.0226095
2308.34	0.0229181
2306.41	0.0229624
2304.48	0.0229221
2302.55	0.0239791
2300.63	0.0243228
2298.7	0.024036
2296.77	0.0244539
2294.84	0.0248923
2292.91	0.0252116
2290.98	0.025347
2289.06	0.0250979
2287.13	0.0256255
2285.2	0.0261107
2283.27	0.0258527
2281.35	0.0259796
2279.42	0.0261767
2277.49	0.0263481
2275.56	0.0265292
2273.63	0.0266634
2271.7	0.0268309
2269.78	0.0265847
2267.85	0.0268093
2265.92	0.0273402
2263.99	0.0273602
2262.06	0.0278309
2260.14	0.0282589
2258.21	0.0278164
2256.28	0.0281828
2254.35	0.0281054
2252.42	0.0282509
2250.5	0.0283232
2248.57	0.028353
2246.64	0.0283663
2244.71	0.0280377
2242.78	0.0286096
2240.86	0.0286408
2238.93	0.0290088
2237	0.0289233
2235.07	0.028333
2233.14	0.02815
2231.22	0.0281902
2229.29	0.0281333
2227.36	0.0280378
2225.43	0.0281292
2223.5	0.0279184
2221.58	0.0275341
2219.65	0.0273481
2217.72	0.0274226
2215.79	0.0279311
2213.86	0.0274148
2211.94	0.0264332
2210.01	0.0264262
2208.08	0.0263579
2206.15	0.0262386
2204.22	0.0259629
2202.3	0.02591
2200.37	0.0252923
2198.44	0.0244676
2196.51	0.0246712
2194.58	0.0244731
2192.66	0.0241287
2190.73	0.0231104
2188.8	0.0221039
2186.87	0.0224761
2184.94	0.0228416
2183.02	0.0225814
2181.09	0.0226301
2179.16	0.0222623
2177.23	0.0214739
2175.3	0.0212554
2173.38	0.0209301
2171.45	0.0206036
2169.52	0.0202879
2167.59	0.0188953
2165.66	0.0178312
2163.73	0.0180838
2161.81	0.0180626
2159.88	0.0181072
2157.95	0.0185414
2156.02	0.0178048
2154.09	0.0172533
2152.17	0.0168671
2150.24	0.0164635
2148.31	0.0164064
2146.38	0.0166692
2144.45	0.0162966
2142.53	0.0166536
2140.6	0.0172782
2138.67	0.01728
2136.74	0.0170506
2134.81	0.0158365
2132.89	0.0149564
2130.96	0.0151355
2129.03	0.0145881
2127.1	0.0140041
2125.17	0.0130696
2123.25	0.0118177
2121.32	0.012238
2119.39	0.0138956
2117.46	0.0137617
2115.53	0.0130293
2113.61	0.0127493
2111.68	0.012415
2109.75	0.0129184
2107.82	0.0134923
2105.89	0.0129871
2103.97	0.0122909
2102.04	0.0119027
2100.11	0.010901
2098.18	0.00998066
2096.25	0.0101954
2094.33	0.011003
2092.4	0.0114092
2090.47	0.0100111
2088.54	0.00889508
2086.61	0.00930642
2084.69	0.00822455
2082.76	0.00707827
2080.83	0.0078055
2078.9	0.0088356
2076.97	0.00846217
2075.05	0.0105132
2073.12	0.0104931
2071.19	0.00867433
2069.26	0.00851995
2067.33	0.00882627
2065.41	0.00711401
2063.48	0.00877659
2061.55	0.00927139
2059.62	0.00728612
2057.69	0.00714601
2055.77	0.00682529
2053.84	0.00662695
2051.91	0.00877399
2049.98	0.00964893
2048.05	0.0110217
2046.12	0.0105838
2044.2	0.00835056
2042.27	0.00826119
2040.34	0.00768211
2038.41	0.00542341
2036.48	0.00691719
2034.56	0.00778994
2032.63	0.0073891
2030.7	0.00806229
2028.77	0.00712785
2026.84	0.00640808
2024.92	0.00687436
2022.99	0.0059853
2021.06	0.0061896
2019.13	0.00685215
2017.2	0.00881737
2015.28	0.00873545
2013.35	0.00805075
2011.42	0.00734266
2009.49	0.00642254
2007.56	0.00682199
2005.64	0.00699537
2003.71	0.00769095
2001.78	0.00676016
