nAHh0401.spa, Thu Oct 26 00:50:47 2006 (GMT-10:00)
9999.26	0.0105391
9997.33	0.0114542
9995.4	0.0113094
9993.48	0.0102613
9991.55	0.0102935
9989.62	0.0102741
9987.69	0.0107013
9985.76	0.0111697
9983.84	0.0115905
9981.91	0.0116225
9979.98	0.0115009
9978.05	0.0111625
9976.12	0.0109109
9974.2	0.0105703
9972.27	0.00996388
9970.34	0.00950274
9968.41	0.0102238
9966.48	0.0108122
9964.56	0.0109418
9962.63	0.0103515
9960.7	0.0100569
9958.77	0.0101822
9956.84	0.0106677
9954.92	0.0111372
9952.99	0.0106179
9951.06	0.0103384
9949.13	0.010884
9947.2	0.0117702
9945.28	0.0113773
9943.35	0.0105513
9941.42	0.0108796
9939.49	0.0107977
9937.56	0.0107182
9935.64	0.0103945
9933.71	0.0101366
9931.78	0.0103101
9929.85	0.0096134
9927.92	0.00914549
9926	0.0100398
9924.07	0.0104127
9922.14	0.0099513
9920.21	0.00990252
9918.28	0.0105359
9916.36	0.0108762
9914.43	0.0104757
9912.5	0.00966028
9910.57	0.0102714
9908.64	0.0110517
9906.71	0.0107737
9904.79	0.0109645
9902.86	0.0120516
9900.93	0.0116025
9899	0.010351
9897.08	0.00977891
9895.15	0.00980884
9893.22	0.00958725
9891.29	0.0105347
9889.36	0.0113396
9887.43	0.01115
9885.51	0.0108748
9883.58	0.0105882
9881.65	0.0101584
9879.72	0.0100294
9877.79	0.00960632
9875.87	0.00932399
9873.94	0.0105838
9872.01	0.0109734
9870.08	0.0104272
9868.15	0.010504
9866.23	0.0101605
9864.3	0.0109649
9862.37	0.0115391
9860.44	0.0112569
9858.51	0.0103531
9856.59	0.010164
9854.66	0.0107454
9852.73	0.0112608
9850.8	0.0105337
9848.87	0.00984402
9846.95	0.0104462
9845.02	0.0111125
9843.09	0.0112911
9841.16	0.011136
9839.23	0.0103337
9837.31	0.0104918
9835.38	0.0110278
9833.45	0.0105377
9831.52	0.0103844
9829.59	0.0106859
9827.67	0.0105434
9825.74	0.0102054
9823.81	0.0102892
9821.88	0.0105514
9819.95	0.0103121
9818.03	0.0103345
9816.1	0.0102116
9814.17	0.0100828
9812.24	0.0108679
9810.31	0.0111647
9808.39	0.0109799
9806.46	0.0111097
9804.53	0.0112053
9802.6	0.010273
9800.67	0.010161
9798.75	0.0108437
9796.82	0.0113999
9794.89	0.0119376
9792.96	0.0111074
9791.03	0.0102161
9789.11	0.0103722
9787.18	0.0107075
9785.25	0.0109
9783.32	0.0107787
9781.39	0.0108055
9779.46	0.0107018
9777.54	0.00995568
9775.61	0.00940257
9773.68	0.00985215
9771.75	0.0104518
9769.83	0.0106431
9767.9	0.0105648
9765.97	0.0100446
9764.04	0.0102147
9762.11	0.0107615
9760.18	0.010385
9758.26	0.0101545
9756.33	0.0109915
9754.4	0.0111707
9752.47	0.0104604
9750.54	0.0106429
9748.62	0.0106673
9746.69	0.0103896
9744.76	0.010354
9742.83	0.0107497
9740.9	0.0110569
9738.98	0.010718
9737.05	0.0103883
9735.12	0.010348
9733.19	0.0105776
9731.26	0.011012
9729.34	0.0111403
9727.41	0.0113067
9725.48	0.0109583
9723.55	0.0105007
9721.62	0.0108294
9719.7	0.0108537
9717.77	0.0104925
9715.84	0.0101795
9713.91	0.0106379
9711.98	0.0104213
9710.06	0.0103198
9708.13	0.0105879
9706.2	0.0107525
9704.27	0.0106439
9702.34	0.011125
9700.42	0.0110337
9698.49	0.0106682
9696.56	0.0103085
9694.63	0.0104842
9692.7	0.0110695
9690.78	0.0107214
9688.85	0.0101353
9686.92	0.010375
9684.99	0.0111214
9683.06	0.0111808
9681.14	0.0101664
9679.21	0.00962874
9677.28	0.0104535
9675.35	0.0105473
9673.42	0.0100269
9671.5	0.0104654
9669.57	0.0109377
9667.64	0.0111316
9665.71	0.0108704
9663.78	0.0107336
9661.86	0.0102962
9659.93	0.0102522
9658	0.0103816
9656.07	0.0102504
9654.14	0.00989103
9652.21	0.00999477
9650.29	0.0103051
9648.36	0.0102664
9646.43	0.0109208
9644.5	0.0110288
9642.57	0.0102494
9640.65	0.0101731
9638.72	0.0102585
9636.79	0.0108974
9634.86	0.0113317
9632.93	0.0111653
9631.01	0.0104461
9629.08	0.00969251
9627.15	0.00990588
9625.22	0.0103392
9623.29	0.0104146
9621.37	0.0106836
9619.44	0.0109036
9617.51	0.0109684
9615.58	0.0110069
9613.65	0.0114047
9611.73	0.0115477
9609.8	0.0118169
9607.87	0.0121566
9605.94	0.0117827
9604.01	0.0108873
9602.09	0.01091
9600.16	0.0113726
9598.23	0.0113305
9596.3	0.0109542
9594.37	0.0103376
9592.45	0.00989117
9590.52	0.0102393
9588.59	0.0102325
9586.66	0.00988384
9584.73	0.0104598
9582.81	0.0103352
9580.88	0.010101
9578.95	0.0105166
9577.02	0.0107008
9575.09	0.010942
9573.17	0.0113226
9571.24	0.011321
9569.31	0.0108878
9567.38	0.0102263
9565.45	0.0105086
9563.53	0.0107142
9561.6	0.0102332
9559.67	0.0100404
9557.74	0.0103495
9555.81	0.0107632
9553.88	0.0110077
9551.96	0.0110239
9550.03	0.011268
9548.1	0.0113631
9546.17	0.0114372
9544.25	0.0108222
9542.32	0.00999355
9540.39	0.0100449
9538.46	0.0108159
9536.53	0.0105719
9534.6	0.010411
9532.68	0.010531
9530.75	0.0100041
9528.82	0.0102886
9526.89	0.0110794
9524.96	0.0110843
9523.04	0.0108215
9521.11	0.0106861
9519.18	0.0103942
9517.25	0.0106844
9515.32	0.0102945
9513.4	0.0101508
9511.47	0.0102858
9509.54	0.0101374
9507.61	0.00996948
9505.68	0.00999351
9503.76	0.0100502
9501.83	0.0102203
9499.9	0.0102388
9497.97	0.0100849
9496.04	0.0103324
9494.12	0.010983
9492.19	0.0111342
9490.26	0.0108559
9488.33	0.0107557
9486.4	0.0107166
9484.48	0.0106154
9482.55	0.0105362
9480.62	0.0105521
9478.69	0.0104375
9476.76	0.0104832
9474.84	0.010417
9472.91	0.0107384
9470.98	0.0109836
9469.05	0.0110977
9467.12	0.0110676
9465.2	0.0108698
9463.27	0.0103913
9461.34	0.00977759
9459.41	0.0101984
9457.48	0.0107154
9455.56	0.0109631
9453.63	0.0107273
9451.7	0.0103571
9449.77	0.0102076
9447.84	0.00995395
9445.92	0.00990832
9443.99	0.00996981
9442.06	0.0101779
9440.13	0.0104065
9438.2	0.0101975
9436.28	0.0105515
9434.35	0.0110995
9432.42	0.0109163
9430.49	0.0105227
9428.56	0.0102233
9426.63	0.00993181
9424.71	0.0100211
9422.78	0.0103799
9420.85	0.0102676
9418.92	0.0101215
9417	0.0109338
9415.07	0.0114636
9413.14	0.0110171
9411.21	0.0101875
9409.28	0.0101518
9407.35	0.0108784
9405.43	0.0111937
9403.5	0.0106687
9401.57	0.0104562
9399.64	0.0105796
9397.71	0.0106975
9395.79	0.0110943
9393.86	0.0112274
9391.93	0.0105783
9390	0.0101541
9388.07	0.0101564
9386.15	0.0101306
9384.22	0.0100101
9382.29	0.0101866
9380.36	0.0103619
9378.43	0.0107039
9376.51	0.0108198
9374.58	0.0102925
9372.65	0.0100156
9370.72	0.0102063
9368.79	0.0100774
9366.87	0.00983622
9364.94	0.0100849
9363.01	0.0106136
9361.08	0.010489
9359.15	0.0100358
9357.23	0.0103096
9355.3	0.0105496
9353.37	0.0109342
9351.44	0.0109268
9349.51	0.0111652
9347.59	0.0113563
9345.66	0.011316
9343.73	0.0111402
9341.8	0.0108332
9339.87	0.0102766
9337.95	0.00955226
9336.02	0.00963305
9334.09	0.00990872
9332.16	0.0105238
9330.23	0.0106139
9328.31	0.0105259
9326.38	0.0103195
9324.45	0.0105842
9322.52	0.0109542
9320.59	0.0107105
9318.67	0.0102212
9316.74	0.0105249
9314.81	0.0104808
9312.88	0.0104371
9310.95	0.0101936
9309.03	0.00977752
9307.1	0.0100455
9305.17	0.0106105
9303.24	0.0112609
9301.31	0.011087
9299.38	0.0106763
9297.46	0.011186
9295.53	0.0107674
9293.6	0.0101548
9291.67	0.0101346
9289.74	0.010384
9287.82	0.0102077
9285.89	0.010403
9283.96	0.0107438
9282.03	0.0104693
9280.1	0.00988991
9278.18	0.00991374
9276.25	0.0102674
9274.32	0.0100988
9272.39	0.00999741
9270.46	0.00999772
9268.54	0.00988889
9266.61	0.0102749
9264.68	0.0106985
9262.75	0.010784
9260.82	0.0102313
9258.9	0.0100341
9256.97	0.0100912
9255.04	0.00997717
9253.11	0.00969782
9251.18	0.00964639
9249.26	0.00984442
9247.33	0.00995778
9245.4	0.0101064
9243.47	0.0103691
9241.54	0.0106066
9239.62	0.0103195
9237.69	0.010237
9235.76	0.0102163
9233.83	0.0103205
9231.9	0.010945
9229.98	0.0108121
9228.05	0.0105919
9226.12	0.0107391
9224.19	0.0106309
9222.26	0.0102999
9220.34	0.00996432
9218.41	0.0101489
9216.48	0.0101764
9214.55	0.0100719
9212.62	0.00984425
9210.7	0.0101464
9208.77	0.0106038
9206.84	0.0107231
9204.91	0.010437
9202.98	0.00995673
9201.05	0.00990798
9199.13	0.0107645
9197.2	0.0108363
9195.27	0.0099195
9193.34	0.00978362
9191.42	0.0105768
9189.49	0.0108711
9187.56	0.0107781
9185.63	0.0103365
9183.7	0.00946935
9181.77	0.00948953
9179.85	0.0101373
9177.92	0.00979318
9175.99	0.00951263
9174.06	0.00974259
9172.13	0.00986249
9170.21	0.0102727
9168.28	0.0103954
9166.35	0.0102545
9164.42	0.0102109
9162.49	0.0102732
9160.57	0.0101002
9158.64	0.00971893
9156.71	0.00991812
9154.78	0.0101993
9152.85	0.00963911
9150.93	0.0098791
9149	0.010359
9147.07	0.00985191
9145.14	0.00945201
9143.21	0.00942421
9141.29	0.00973503
9139.36	0.0104642
9137.43	0.0107822
9135.5	0.0102651
9133.57	0.0102972
9131.65	0.0104809
9129.72	0.0102573
9127.79	0.010167
9125.86	0.0100713
9123.93	0.0100345
9122.01	0.00987422
9120.08	0.00992096
9118.15	0.0105789
9116.22	0.0105775
9114.29	0.0101024
9112.37	0.0100298
9110.44	0.0100741
9108.51	0.010533
9106.58	0.0105948
9104.65	0.0102416
9102.73	0.00994601
9100.8	0.0102817
9098.87	0.0105445
9096.94	0.0102941
9095.01	0.0102565
9093.08	0.0102511
9091.16	0.0102741
9089.23	0.010772
9087.3	0.0104087
9085.37	0.00940501
9083.45	0.00911666
9081.52	0.00936083
9079.59	0.00989479
9077.66	0.0101482
9075.73	0.0102119
9073.8	0.00971324
9071.88	0.00957664
9069.95	0.00980009
9068.02	0.00965974
9066.09	0.00967187
9064.17	0.00986595
9062.24	0.00998856
9060.31	0.00998192
9058.38	0.0100047
9056.45	0.00989506
9054.52	0.00958616
9052.6	0.00974808
9050.67	0.0100776
9048.74	0.0100604
9046.81	0.010012
9044.88	0.00980013
9042.96	0.00985395
9041.03	0.0100807
9039.1	0.00982765
9037.17	0.00967285
9035.24	0.0101353
9033.32	0.0103136
9031.39	0.00973764
9029.46	0.00962031
9027.53	0.0097394
9025.6	0.00952418
9023.68	0.00926946
9021.75	0.00978267
9019.82	0.0101601
9017.89	0.00998606
9015.96	0.00984317
9014.04	0.00976031
9012.11	0.00977647
9010.18	0.00985869
9008.25	0.00998582
9006.32	0.0100348
9004.4	0.0100456
9002.47	0.0100619
9000.54	0.0101488
8998.61	0.0101195
8996.68	0.00970877
8994.76	0.00948896
8992.83	0.009417
8990.9	0.00961519
8988.97	0.010171
8987.04	0.00992208
8985.12	0.00951537
8983.19	0.00989256
8981.26	0.00965876
8979.33	0.0094748
8977.4	0.00950572
8975.48	0.00994605
8973.55	0.0104878
8971.62	0.0103714
8969.69	0.00985195
8967.76	0.00945973
8965.83	0.00961448
8963.91	0.00967882
8961.98	0.00943312
8960.05	0.00974784
8958.12	0.00995785
8956.2	0.00954995
8954.27	0.00978034
8952.34	0.00972456
8950.41	0.0097127
8948.48	0.0100005
8946.55	0.0101902
8944.63	0.00974235
8942.7	0.00963806
8940.77	0.0100022
8938.84	0.00979094
8936.92	0.0098771
8934.99	0.0100327
8933.06	0.00950135
8931.13	0.00935274
8929.2	0.00969959
8927.27	0.00968688
8925.35	0.00960191
8923.42	0.0094257
8921.49	0.00925494
8919.56	0.0096446
8917.63	0.00987025
8915.71	0.00972175
8913.78	0.00963278
8911.85	0.00957648
8909.92	0.00964551
8907.99	0.0098571
8906.07	0.00985395
8904.14	0.00970135
8902.21	0.00980552
8900.28	0.00943102
8898.35	0.00947081
8896.43	0.00961841
8894.5	0.00898614
8892.57	0.00890777
8890.64	0.0091972
8888.71	0.00918667
8886.79	0.00905965
8884.86	0.00923013
8882.93	0.00965903
8881	0.00944856
8879.07	0.00920921
8877.15	0.00975933
8875.22	0.00960324
8873.29	0.00946332
8871.36	0.00966706
8869.43	0.00974401
8867.51	0.00995683
8865.58	0.00960628
8863.65	0.00942394
8861.72	0.00964372
8859.79	0.00989039
8857.87	0.0094192
8855.94	0.00900772
8854.01	0.00908793
8852.08	0.00906723
8850.15	0.00908753
8848.22	0.00917141
8846.3	0.00893276
8844.37	0.00902673
8842.44	0.00946789
8840.51	0.00942455
8838.58	0.00908201
8836.66	0.00885382
8834.73	0.00896263
8832.8	0.00951842
8830.87	0.00951023
8828.94	0.00945712
8827.02	0.00960046
8825.09	0.00942756
8823.16	0.00937921
8821.23	0.00940904
8819.3	0.00931211
8817.38	0.00932382
8815.45	0.00949167
8813.52	0.00960398
8811.59	0.00976553
8809.66	0.00969227
8807.74	0.00951629
8805.81	0.00958447
8803.88	0.00954985
8801.95	0.00952577
8800.02	0.00941483
8798.1	0.00896462
8796.17	0.00907183
8794.24	0.00928533
8792.31	0.00921503
8790.38	0.00905001
8788.46	0.00899581
8786.53	0.00936966
8784.6	0.00936073
8782.67	0.00922644
8780.74	0.0088986
8778.82	0.00882907
8776.89	0.00891609
8774.96	0.00859091
8773.03	0.00863053
8771.1	0.00901776
8769.18	0.009398
8767.25	0.00943508
8765.32	0.00925951
8763.39	0.0092215
8761.46	0.00931732
8759.54	0.00931482
8757.61	0.00883797
8755.68	0.00854776
8753.75	0.00897203
8751.82	0.00905714
8749.9	0.00889157
8747.97	0.00888531
8746.04	0.00917828
8744.11	0.00917483
8742.18	0.00932806
8740.25	0.00933713
8738.33	0.00913618
8736.4	0.00928879
8734.47	0.00933185
8732.54	0.00944476
8730.62	0.00933388
8728.69	0.00933073
8726.76	0.00963081
8724.83	0.00960381
8722.9	0.00932856
8720.97	0.00893323
8719.05	0.00895972
8717.12	0.0092241
8715.19	0.00913767
8713.26	0.00889434
8711.33	0.00891078
8709.41	0.00902957
8707.48	0.00913043
8705.55	0.00907585
8703.62	0.00878353
8701.69	0.00861494
8699.77	0.00882322
8697.84	0.00907551
8695.91	0.00890323
8693.98	0.00907886
8692.05	0.00922258
8690.13	0.0087175
8688.2	0.00808228
8686.27	0.00838596
8684.34	0.0090341
8682.41	0.00950447
8680.49	0.00933222
8678.56	0.00878917
8676.63	0.00902132
8674.7	0.00932978
8672.77	0.00921405
8670.85	0.00884334
8668.92	0.0086886
8666.99	0.00858899
8665.06	0.0084746
8663.13	0.00863036
8661.21	0.00867169
8659.28	0.00868701
8657.35	0.0084671
8655.42	0.0083766
8653.49	0.00867095
8651.57	0.00885244
8649.64	0.00867345
8647.71	0.00839879
8645.78	0.00849829
8643.85	0.00859108
8641.93	0.00856641
8640	0.00853968
8638.07	0.00878738
8636.14	0.00900511
8634.21	0.00896527
8632.29	0.0089971
8630.36	0.00884706
8628.43	0.00863042
8626.5	0.00866669
8624.57	0.00870911
8622.65	0.00848643
8620.72	0.00893797
8618.79	0.00902341
8616.86	0.00842197
8614.93	0.0081868
8613	0.00855878
8611.08	0.00884212
8609.15	0.00897193
8607.22	0.00906059
8605.29	0.00895004
8603.37	0.00858155
8601.44	0.00839275
8599.51	0.0084641
8597.58	0.00831597
8595.65	0.00804984
8593.72	0.00833519
8591.8	0.00849359
8589.87	0.00829554
8587.94	0.00834627
8586.01	0.00853441
8584.08	0.00856966
8582.16	0.00817434
8580.23	0.00820308
8578.3	0.00856449
8576.37	0.00855205
8574.44	0.00838633
8572.52	0.00834039
8570.59	0.00843957
8568.66	0.00852498
8566.73	0.00802679
8564.8	0.00790992
8562.88	0.00843126
8560.95	0.00876114
8559.02	0.00885257
8557.09	0.00893472
8555.16	0.00868403
8553.24	0.00848994
8551.31	0.00862414
8549.38	0.00870171
8547.45	0.00844261
8545.52	0.00837785
8543.6	0.00863063
8541.67	0.00864344
8539.74	0.00869968
8537.81	0.00841062
8535.88	0.00806516
8533.96	0.00812924
8532.03	0.00843281
8530.1	0.00866916
8528.17	0.00848511
8526.24	0.00869823
8524.32	0.00879756
8522.39	0.00831725
8520.46	0.00822783
8518.53	0.00856026
8516.6	0.00864952
8514.68	0.00873677
8512.75	0.00862447
8510.82	0.00832992
8508.89	0.00821054
8506.96	0.00807971
8505.04	0.00826423
8503.11	0.00824002
8501.18	0.00802945
8499.25	0.00808646
8497.32	0.00822077
8495.39	0.00807995
8493.47	0.00793641
8491.54	0.00785333
8489.61	0.00816975
8487.68	0.00850941
8485.75	0.00855915
8483.83	0.00831894
8481.9	0.00822256
8479.97	0.00795757
8478.04	0.00792541
8476.11	0.00796044
8474.19	0.00799142
8472.26	0.00800208
8470.33	0.00787999
8468.4	0.0078672
8466.47	0.00822813
8464.55	0.00831894
8462.62	0.00808464
8460.69	0.00779166
8458.76	0.0077294
8456.83	0.00775331
8454.91	0.00793239
8452.98	0.00829364
8451.05	0.00839541
8449.12	0.00845964
8447.19	0.00806314
8445.27	0.00765911
8443.34	0.00787854
8441.41	0.00821814
8439.48	0.00834431
8437.55	0.00820149
8435.63	0.00803668
8433.7	0.00783383
8431.77	0.00786373
8429.84	0.00798342
8427.91	0.00795854
8425.99	0.00801491
8424.06	0.00799533
8422.13	0.00788147
8420.2	0.00801389
8418.27	0.00809409
8416.35	0.00798224
8414.42	0.0077295
8412.49	0.00776309
8410.56	0.00823157
8408.63	0.00834718
8406.71	0.00804083
8404.78	0.00792035
8402.85	0.00798109
8400.92	0.00786052
8398.99	0.00774343
8397.07	0.00762259
8395.14	0.00757693
8393.21	0.00764876
8391.28	0.00755569
8389.35	0.0077324
8387.43	0.0080253
8385.5	0.00787328
8383.57	0.00793084
8381.64	0.00810719
8379.71	0.00816175
8377.79	0.00799881
8375.86	0.00794262
8373.93	0.00788444
8372	0.00771243
8370.07	0.00761672
8368.14	0.00763001
8366.22	0.00760232
8364.29	0.00750671
8362.36	0.00772201
8360.43	0.00799206
8358.5	0.0080949
8356.58	0.00787854
8354.65	0.00766943
8352.72	0.00781794
8350.79	0.00803654
8348.86	0.00768838
8346.94	0.00725559
8345.01	0.0073368
8343.08	0.00757211
8341.15	0.00766107
8339.22	0.00760694
8337.3	0.00771392
8335.37	0.00773432
8333.44	0.00758135
8331.51	0.00753061
8329.58	0.00756116
8327.66	0.00774444
8325.73	0.00753422
8323.8	0.00744896
8321.87	0.00746204
8319.94	0.00741792
8318.02	0.00733043
8316.09	0.00749767
8314.16	0.00754986
8312.23	0.00750438
8310.3	0.007346
8308.38	0.00749359
8306.45	0.00778617
8304.52	0.00773172
8302.59	0.00774016
8300.66	0.00738563
8298.74	0.00702368
8296.81	0.00729296
8294.88	0.00739932
8292.95	0.00745429
8291.02	0.00741027
8289.1	0.00745179
8287.17	0.00759666
8285.24	0.00767699
8283.31	0.00759518
8281.38	0.00731756
8279.46	0.00727355
8277.53	0.00762219
8275.6	0.00780114
8273.67	0.00778128
8271.74	0.00748247
8269.82	0.00696833
8267.89	0.00686383
8265.96	0.00712859
8264.03	0.00714409
8262.1	0.00710151
8260.17	0.00687272
8258.25	0.00672264
8256.32	0.00681701
8254.39	0.00704945
8252.46	0.00714554
8250.54	0.0072312
8248.61	0.00726806
8246.68	0.0072527
8244.75	0.00716308
8242.82	0.00710936
8240.89	0.00711963
8238.97	0.0069151
8237.04	0.00716629
8235.11	0.0077471
8233.18	0.00770161
8231.25	0.00713701
8229.33	0.00695792
8227.4	0.00693261
8225.47	0.00699516
8223.54	0.00702901
8221.61	0.00714527
8219.69	0.00742813
8217.76	0.00748355
8215.83	0.00708915
8213.9	0.00687581
8211.97	0.00669367
8210.05	0.00659061
8208.12	0.00681243
8206.19	0.00687157
8204.26	0.00687026
8202.33	0.00687746
8200.41	0.00659499
8198.48	0.0065786
8196.55	0.00678907
8194.62	0.00707373
8192.69	0.00721399
8190.77	0.00711354
8188.84	0.00703648
8186.91	0.00699742
8184.98	0.00687955
8183.05	0.00682811
8181.13	0.00696634
8179.2	0.00682643
8177.27	0.00676504
8175.34	0.00659304
8173.41	0.0066041
8171.49	0.00688228
8169.56	0.00676905
8167.63	0.00667997
8165.7	0.00656172
8163.77	0.00676814
8161.85	0.00678338
8159.92	0.00675003
8157.99	0.00700651
8156.06	0.00741074
8154.13	0.0073679
8152.21	0.00702668
8150.28	0.00680523
8148.35	0.00664653
8146.42	0.00642446
8144.49	0.00656538
8142.56	0.00692611
8140.64	0.00670235
8138.71	0.00667728
8136.78	0.00669744
8134.85	0.0069593
8132.92	0.00711714
8131	0.00687575
8129.07	0.0067746
8127.14	0.00657083
8125.21	0.00663432
8123.28	0.00645089
8121.36	0.00630127
8119.43	0.00639685
8117.5	0.00665608
8115.57	0.00693856
8113.64	0.00686026
8111.72	0.00668606
8109.79	0.0065118
8107.86	0.00656387
8105.93	0.00672506
8104	0.00666221
8102.08	0.00653165
8100.15	0.00659082
8098.22	0.00672577
8096.29	0.006636
8094.36	0.00634854
8092.44	0.00639722
8090.51	0.0069923
8088.58	0.00703443
8086.65	0.0067329
8084.72	0.00677366
8082.8	0.00696957
8080.87	0.0067328
8078.94	0.00638327
8077.01	0.00627935
8075.08	0.00647413
8073.16	0.00670006
8071.23	0.00664343
8069.3	0.00634679
8067.37	0.00614964
8065.44	0.00631179
8063.52	0.00627918
8061.59	0.00633243
8059.66	0.00645833
8057.73	0.00637426
8055.8	0.00638024
8053.88	0.00673378
8051.95	0.00689557
8050.02	0.00665417
8048.09	0.00659849
8046.16	0.00670894
8044.24	0.00660293
8042.31	0.00651355
8040.38	0.00659216
8038.45	0.00641168
8036.52	0.00634813
8034.6	0.00629686
8032.67	0.00605968
8030.74	0.00596276
8028.81	0.0063171
8026.88	0.00630278
8024.96	0.00586589
8023.03	0.00603049
8021.1	0.00633058
8019.17	0.00618096
8017.24	0.00610992
8015.31	0.00624741
8013.39	0.00637416
8011.46	0.00635223
8009.53	0.00625192
8007.6	0.00645674
8005.67	0.0067462
8003.75	0.0067576
8001.82	0.00661712
7999.89	0.00636239
7997.96	0.00611593
7996.03	0.00604547
7994.11	0.00615293
7992.18	0.00611687
7990.25	0.00601191
7988.32	0.00601537
7986.39	0.00583348
7984.47	0.00589323
7982.54	0.00607689
7980.61	0.0061607
7978.68	0.00605045
7976.75	0.00607037
7974.83	0.00621444
7972.9	0.00636861
7970.97	0.00648015
7969.04	0.00640449
7967.11	0.00614255
7965.19	0.00614651
7963.26	0.0062465
7961.33	0.00620607
7959.4	0.00612198
7957.47	0.00601557
7955.55	0.00624708
7953.62	0.00634127
7951.69	0.00603983
7949.76	0.00586626
7947.83	0.00592081
7945.91	0.00602988
7943.98	0.00629273
7942.05	0.00630271
7940.12	0.00631364
7938.19	0.00605296
7936.27	0.00586831
7934.34	0.00599887
7932.41	0.00597029
7930.48	0.00585007
7928.55	0.00594156
7926.63	0.00600479
7924.7	0.00598715
7922.77	0.00570555
7920.84	0.00574981
7918.91	0.00590761
7916.99	0.00616856
7915.06	0.00622687
7913.13	0.00591946
7911.2	0.00587758
7909.27	0.00571482
7907.35	0.00567937
7905.42	0.00597637
7903.49	0.00603136
7901.56	0.00595665
7899.63	0.00578768
7897.71	0.00601759
7895.78	0.00605572
7893.85	0.00592571
7891.92	0.00586918
7889.99	0.00581703
7888.06	0.00576827
7886.14	0.00584672
7884.21	0.00584403
7882.28	0.00558562
7880.35	0.00527728
7878.42	0.00529935
7876.5	0.00554018
7874.57	0.00570193
7872.64	0.00577969
7870.71	0.00595033
7868.78	0.00587049
7866.86	0.00577331
7864.93	0.00558374
7863	0.00569575
7861.07	0.0060782
7859.14	0.00580565
7857.22	0.00542236
7855.29	0.00536627
7853.36	0.00554414
7851.43	0.00574712
7849.5	0.00573611
7847.58	0.00573493
7845.65	0.00563644
7843.72	0.00582717
7841.79	0.00614527
7839.86	0.00594355
7837.94	0.00571697
7836.01	0.0059249
7834.08	0.0055932
7832.15	0.00533001
7830.22	0.00553937
7828.3	0.00562824
7826.37	0.00573151
7824.44	0.00553273
7822.51	0.005443
7820.58	0.00548514
7818.66	0.00529167
7816.73	0.00524502
7814.8	0.00540267
7812.87	0.00564499
7810.94	0.00571042
7809.02	0.00543931
7807.09	0.00529513
7805.16	0.00540999
7803.23	0.00539069
7801.3	0.00532431
7799.38	0.00530153
7797.45	0.00541596
7795.52	0.00566819
7793.59	0.00543183
7791.66	0.00517799
7789.74	0.00531381
7787.81	0.00537375
7785.88	0.00527531
7783.95	0.00538895
7782.02	0.0055244
7780.09	0.00534447
7778.17	0.00542458
7776.24	0.00567041
7774.31	0.00557216
7772.38	0.00539831
7770.46	0.00541696
7768.53	0.00545934
7766.6	0.00535762
7764.67	0.00539922
7762.74	0.00560092
7760.81	0.00542387
7758.89	0.00515304
7756.96	0.00513239
7755.03	0.00544028
7753.1	0.00537882
7751.17	0.00528168
7749.25	0.00545286
7747.32	0.00547706
7745.39	0.00538123
7743.46	0.00529104
7741.53	0.00549202
7739.61	0.00551803
7737.68	0.00525636
7735.75	0.0049803
7733.82	0.00509819
7731.89	0.00509366
7729.97	0.0052806
7728.04	0.00550454
7726.11	0.00543344
7724.18	0.00513302
7722.25	0.00507355
7720.33	0.00521873
7718.4	0.00542804
7716.47	0.00524405
7714.54	0.00491957
7712.61	0.00495513
7710.69	0.00487182
7708.76	0.00497493
7706.83	0.00520401
7704.9	0.0051802
7702.97	0.00520314
7701.05	0.00524465
7699.12	0.00513879
7697.19	0.00511928
7695.26	0.00520444
7693.33	0.00529892
7691.41	0.00508421
7689.48	0.00510057
7687.55	0.00514087
7685.62	0.00501405
7683.69	0.00502518
7681.77	0.00490546
7679.84	0.00471034
7677.91	0.00482806
7675.98	0.00500557
7674.05	0.00509728
7672.12	0.00500574
7670.2	0.00483024
7668.27	0.00480454
7666.34	0.00503185
7664.41	0.00508997
7662.48	0.00499511
7660.56	0.00503664
7658.63	0.00492929
7656.7	0.00474514
7654.77	0.00473945
7652.84	0.00466633
7650.92	0.00458294
7648.99	0.00492225
7647.06	0.00491826
7645.13	0.00462155
7643.2	0.00478641
7641.28	0.00490201
7639.35	0.00495067
7637.42	0.00489517
7635.49	0.00475734
7633.56	0.00467708
7631.64	0.00464238
7629.71	0.00490556
7627.78	0.00490291
7625.85	0.00482394
7623.92	0.00475673
7622	0.00471707
7620.07	0.00464232
7618.14	0.0046539
7616.21	0.00465039
7614.28	0.00464128
7612.36	0.00464392
7610.43	0.00463344
7608.5	0.00467527
7606.57	0.00461194
7604.64	0.0045662
7602.72	0.00450563
7600.79	0.00446275
7598.86	0.00436012
7596.93	0.00440641
7595	0.0046108
7593.08	0.00447065
7591.15	0.00442927
7589.22	0.00462721
7587.29	0.00446777
7585.36	0.00428429
7583.44	0.00430376
7581.51	0.00440571
7579.58	0.00468485
7577.65	0.00468572
7575.72	0.00447098
7573.8	0.00453603
7571.87	0.00451176
7569.94	0.00460096
7568.01	0.00458328
7566.08	0.00441076
7564.16	0.00443811
7562.23	0.00451172
7560.3	0.00446385
7558.37	0.00439215
7556.44	0.00427294
7554.52	0.0043967
7552.59	0.00456051
7550.66	0.00447172
7548.73	0.00439325
7546.8	0.0043626
7544.88	0.00426732
7542.95	0.00438218
7541.02	0.00450252
7539.09	0.0044355
7537.16	0.00442505
7535.23	0.00455117
7533.31	0.00461633
7531.38	0.00443024
7529.45	0.00424932
7527.52	0.00424708
7525.59	0.00443811
7523.67	0.00440741
7521.74	0.0043953
7519.81	0.00457544
7517.88	0.00454688
7515.95	0.00448698
7514.03	0.00448812
7512.1	0.0045729
7510.17	0.00446529
7508.24	0.00432307
7506.31	0.00426357
7504.39	0.00423038
7502.46	0.00437675
7500.53	0.00441026
7498.6	0.00419933
7496.67	0.00421887
7494.75	0.00403018
7492.82	0.00392715
7490.89	0.00392792
7488.96	0.00390047
7487.03	0.00398293
7485.11	0.00406781
7483.18	0.00415855
7481.25	0.00414581
7479.32	0.0042432
7477.39	0.00419328
7475.47	0.00418431
7473.54	0.00431762
7471.61	0.00432966
7469.68	0.00431775
7467.75	0.00424494
7465.83	0.00430366
7463.9	0.00411988
7461.97	0.00379116
7460.04	0.00378508
7458.11	0.00415972
7456.19	0.00416126
7454.26	0.00391428
7452.33	0.00407794
7450.4	0.00414711
7448.47	0.00400323
7446.54	0.00406647
7444.62	0.00415511
7442.69	0.00398835
7440.76	0.00403155
7438.83	0.00424768
7436.91	0.00414246
7434.98	0.00397614
7433.05	0.00384027
7431.12	0.00381817
7429.19	0.00385528
7427.26	0.00404416
7425.34	0.00411821
7423.41	0.00385752
7421.48	0.00373294
7419.55	0.00386069
7417.62	0.00404102
7415.7	0.00417916
7413.77	0.00389051
7411.84	0.00384037
7409.91	0.00403894
7407.98	0.00407921
7406.06	0.00392592
7404.13	0.00389509
7402.2	0.00381453
7400.27	0.00386383
7398.34	0.00393321
7396.42	0.00369859
7394.49	0.00364546
7392.56	0.00372027
7390.63	0.00387991
7388.7	0.00398537
7386.78	0.00393779
7384.85	0.00384294
7382.92	0.00397139
7380.99	0.00403877
7379.06	0.0038994
7377.14	0.0037541
7375.21	0.00369772
7373.28	0.00380811
7371.35	0.00372973
7369.42	0.00366611
7367.5	0.0038185
7365.57	0.00367797
7363.64	0.00354426
7361.71	0.00371733
7359.78	0.00391134
7357.86	0.00401955
7355.93	0.00391405
7354	0.00374594
7352.07	0.00357135
7350.14	0.00359059
7348.22	0.0037319
7346.29	0.00372024
7344.36	0.00377418
7342.43	0.00373872
7340.5	0.0035347
7338.58	0.00352121
7336.65	0.00366507
7334.72	0.00372662
7332.79	0.00368402
7330.86	0.00366146
7328.94	0.00355595
7327.01	0.00357309
7325.08	0.00362648
7323.15	0.00367489
7321.22	0.00365
7319.29	0.00348019
7317.37	0.00340929
7315.44	0.00334778
7313.51	0.0032576
7311.58	0.00333032
7309.65	0.00343113
7307.73	0.00367239
7305.8	0.00375771
7303.87	0.00356059
7301.94	0.00359634
7300.01	0.00359073
7298.09	0.00342255
7296.16	0.00319845
7294.23	0.00325059
7292.3	0.00344198
7290.37	0.00368739
7288.45	0.00367139
7286.52	0.00340441
7284.59	0.00330781
7282.66	0.00327549
7280.73	0.00328888
7278.81	0.00331813
7276.88	0.00333486
7274.95	0.00328327
7273.02	0.00328651
7271.09	0.00343687
7269.17	0.00353831
7267.24	0.00356173
7265.31	0.0033965
7263.38	0.00321697
7261.45	0.00322886
7259.53	0.00328074
7257.6	0.00307103
7255.67	0.00289004
7253.74	0.00306799
7251.81	0.00325667
7249.89	0.0032339
7247.96	0.00319424
7246.03	0.00310934
7244.1	0.003186
7242.17	0.00329656
7240.25	0.00318596
7238.32	0.00316727
7236.39	0.00330768
7234.46	0.00345334
7232.53	0.00327806
7230.61	0.00315769
7228.68	0.0033417
7226.75	0.00350638
7224.82	0.00341012
7222.89	0.00321684
7220.97	0.00324047
7219.04	0.00326711
7217.11	0.00316904
7215.18	0.0034675
7213.25	0.00364245
7211.33	0.00348964
7209.4	0.00339603
7207.47	0.00347074
7205.54	0.0034143
7203.61	0.0033189
7201.69	0.00328678
7199.76	0.00331138
7197.83	0.00321931
7195.9	0.0031383
7193.97	0.00322535
7192.04	0.00326177
7190.12	0.00323927
7188.19	0.00314685
7186.26	0.00303129
7184.33	0.00301504
7182.4	0.00298918
7180.48	0.00293213
7178.55	0.00290208
7176.62	0.00308301
7174.69	0.00324765
7172.76	0.00327609
7170.84	0.00319705
7168.91	0.00315723
7166.98	0.00306939
7165.05	0.00305281
7163.12	0.00315352
7161.2	0.00333329
7159.27	0.00331963
7157.34	0.00319504
7155.41	0.00315669
7153.48	0.00321097
7151.56	0.00321731
7149.63	0.0032138
7147.7	0.00300703
7145.77	0.002878
7143.84	0.00297246
7141.92	0.00299395
7139.99	0.00306425
7138.06	0.00322762
7136.13	0.0031868
7134.2	0.00317321
7132.28	0.00321127
7130.35	0.00314878
7128.42	0.00309906
7126.49	0.00290795
7124.56	0.00275517
7122.64	0.00286792
7120.71	0.0029377
7118.78	0.0031063
7116.85	0.00316077
7114.92	0.00309382
7113	0.00304907
7111.07	0.00305755
7109.14	0.00308147
7107.21	0.00300836
7105.28	0.00309158
7103.36	0.00323006
7101.43	0.00316974
7099.5	0.00302461
7097.57	0.00300646
7095.64	0.00293777
7093.71	0.00294141
7091.79	0.00299095
7089.86	0.00279705
7087.93	0.00274773
7086	0.00281953
7084.08	0.00291752
7082.15	0.00304373
7080.22	0.00307426
7078.29	0.00312375
7076.36	0.00319381
7074.43	0.00315559
7072.51	0.00312369
7070.58	0.00308915
7068.65	0.00306058
7066.72	0.00295999
7064.79	0.00307627
7062.87	0.00330734
7060.94	0.00331075
7059.01	0.00307276
7057.08	0.00291612
7055.15	0.00308651
7053.23	0.00312672
7051.3	0.00301887
7049.37	0.00315115
7047.44	0.00319788
7045.51	0.00311851
7043.59	0.00306298
7041.66	0.00292953
7039.73	0.00289797
7037.8	0.0028898
7035.87	0.00276681
7033.95	0.00286409
7032.02	0.00293393
7030.09	0.00293837
7028.16	0.0029727
7026.23	0.00292409
7024.31	0.00276621
7022.38	0.00278601
7020.45	0.0029738
7018.52	0.00313336
7016.59	0.00312232
7014.67	0.00305104
7012.74	0.00310503
7010.81	0.00304383
7008.88	0.0030088
7006.95	0.00290571
7005.03	0.00277224
7003.1	0.00279882
7001.17	0.00286385
6999.24	0.00284624
6997.31	0.00284037
6995.39	0.00296129
6993.46	0.00295071
6991.53	0.00280322
6989.6	0.00271849
6987.67	0.00283974
6985.75	0.00290785
6983.82	0.00285968
6981.89	0.00284801
6979.96	0.00288323
6978.03	0.00285035
6976.1	0.00287613
6974.18	0.00286672
6972.25	0.00294571
6970.32	0.00303245
6968.39	0.00296309
6966.46	0.00287943
6964.54	0.0029311
6962.61	0.0030071
6960.68	0.00296422
6958.75	0.00293784
6956.82	0.00309629
6954.9	0.00314268
6952.97	0.00312492
6951.04	0.00282136
6949.11	0.00263624
6947.18	0.00276227
6945.26	0.00302258
6943.33	0.00306856
6941.4	0.00296496
6939.47	0.0028377
6937.54	0.00284461
6935.62	0.00292863
6933.69	0.00293467
6931.76	0.00304303
6929.83	0.00315853
6927.9	0.0031099
6925.98	0.00297697
6924.05	0.00306208
6922.12	0.00317261
6920.19	0.00310483
6918.26	0.00299041
6916.34	0.0030432
6914.41	0.00301827
6912.48	0.00296096
6910.55	0.00297377
6908.62	0.00288473
6906.7	0.00283277
6904.77	0.00278561
6902.84	0.00287719
6900.91	0.00301777
6898.98	0.00293187
6897.06	0.00297277
6895.13	0.00313363
6893.2	0.00308998
6891.27	0.0030499
6889.34	0.00296526
6887.42	0.00280479
6885.49	0.00292136
6883.56	0.0030458
6881.63	0.0030078
6879.7	0.00302701
6877.78	0.00317392
6875.85	0.00317348
6873.92	0.00302618
6871.99	0.00308514
6870.06	0.00303199
6868.14	0.00301063
6866.21	0.00298594
6864.28	0.00298571
6862.35	0.00327619
6860.42	0.00329863
6858.5	0.00320539
6856.57	0.00324939
6854.64	0.00314344
6852.71	0.00304613
6850.78	0.0031326
6848.85	0.00336464
6846.93	0.00348443
6845	0.00325233
6843.07	0.00303903
6841.14	0.00316647
6839.21	0.0032129
6837.29	0.00313587
6835.36	0.0032143
6833.43	0.00315606
6831.5	0.00308995
6829.57	0.00327279
6827.65	0.00343514
6825.72	0.00355495
6823.79	0.0034703
6821.86	0.00332354
6819.93	0.00342572
6818.01	0.00339212
6816.08	0.00332968
6814.15	0.00349482
6812.22	0.00355745
6810.29	0.00355278
6808.37	0.00353871
6806.44	0.00359751
6804.51	0.00365187
6802.58	0.00358512
6800.65	0.00355699
6798.73	0.00354713
6796.8	0.00334521
6794.87	0.00339149
6792.94	0.0035156
6791.01	0.00347942
6789.09	0.00351423
6787.16	0.00365077
6785.23	0.00369384
6783.3	0.00360162
6781.37	0.00363476
6779.45	0.00375029
6777.52	0.00378822
6775.59	0.00400981
6773.66	0.00401225
6771.73	0.0037787
6769.81	0.0037924
6767.88	0.00391696
6765.95	0.00393291
6764.02	0.00400861
6762.09	0.00409841
6760.17	0.00396962
6758.24	0.00389981
6756.31	0.00392304
6754.38	0.00404055
6752.45	0.00403911
6750.53	0.00403677
6748.6	0.00417234
6746.67	0.00425949
6744.74	0.00435483
6742.81	0.00445066
6740.88	0.00459138
6738.96	0.00457283
6737.03	0.00436578
6735.1	0.00432096
6733.17	0.00440058
6731.25	0.00442472
6729.32	0.00428924
6727.39	0.00422553
6725.46	0.00439627
6723.53	0.00435905
6721.6	0.00434881
6719.68	0.00453255
6717.75	0.0045656
6715.82	0.00454902
6713.89	0.00446077
6711.96	0.00438559
6710.04	0.00448782
6708.11	0.00451166
6706.18	0.00447292
6704.25	0.00457126
6702.32	0.00469758
6700.4	0.00472873
6698.47	0.00472551
6696.54	0.00467537
6694.61	0.00468344
6692.68	0.0047085
6690.76	0.00464821
6688.83	0.00463059
6686.9	0.00462279
6684.97	0.00457916
6683.04	0.00460313
6681.12	0.00472886
6679.19	0.00479345
6677.26	0.0047024
6675.33	0.00465297
6673.4	0.00481918
6671.48	0.00480504
6669.55	0.00482494
6667.62	0.00491236
6665.69	0.00498542
6663.76	0.00491297
6661.84	0.00465802
6659.91	0.00469239
6657.98	0.00487795
6656.05	0.00477358
6654.12	0.00462393
6652.2	0.00467437
6650.27	0.00476183
6648.34	0.00475911
6646.41	0.00472166
6644.48	0.00476869
6642.56	0.00482146
6640.63	0.00470595
6638.7	0.00469138
6636.77	0.00480219
6634.84	0.00484957
6632.92	0.00470314
6630.99	0.00471905
6629.06	0.00482464
6627.13	0.00481422
6625.2	0.00455177
6623.27	0.00444129
6621.35	0.00454876
6619.42	0.00462437
6617.49	0.00461154
6615.56	0.00457953
6613.63	0.00465581
6611.71	0.00467393
6609.78	0.00461392
6607.85	0.00454005
6605.92	0.00449288
6603.99	0.00451434
6602.07	0.00446151
6600.14	0.00447031
6598.21	0.00446234
6596.28	0.0043301
6594.35	0.00438315
6592.43	0.00440196
6590.5	0.00433823
6588.57	0.00441729
6586.64	0.00456931
6584.71	0.00455585
6582.79	0.00453566
6580.86	0.00437277
6578.93	0.00429366
6577	0.0044277
6575.07	0.00452023
6573.15	0.00440226
6571.22	0.00436025
6569.29	0.00446586
6567.36	0.00439821
6565.43	0.00427689
6563.51	0.00431394
6561.58	0.00440628
6559.65	0.00450218
6557.72	0.00448404
6555.79	0.00438037
6553.87	0.00432682
6551.94	0.00414832
6550.01	0.00412674
6548.08	0.00435838
6546.15	0.00451799
6544.23	0.00443088
6542.3	0.00433867
6540.37	0.00435915
6538.44	0.00425558
6536.51	0.00415066
6534.59	0.00417846
6532.66	0.00432876
6530.73	0.0044206
6528.8	0.0042883
6526.87	0.00420338
6524.95	0.00429305
6523.02	0.00422483
6521.09	0.00409741
6519.16	0.00411273
6517.23	0.00417745
6515.31	0.00413781
6513.38	0.00417193
6511.45	0.00413959
6509.52	0.00418508
6507.59	0.00431534
6505.67	0.00428312
6503.74	0.00419107
6501.81	0.0041533
6499.88	0.00403583
6497.95	0.00406446
6496.02	0.00419371
6494.1	0.00414842
6492.17	0.00404078
6490.24	0.00407663
6488.31	0.00414771
6486.38	0.00412537
6484.46	0.00402393
6482.53	0.00402981
6480.6	0.00408242
6478.67	0.00410493
6476.74	0.00418796
6474.82	0.00399764
6472.89	0.00374247
6470.96	0.00382853
6469.03	0.00392672
6467.1	0.00398172
6465.18	0.00400309
6463.25	0.00394561
6461.32	0.00372823
6459.39	0.00375349
6457.46	0.00395982
6455.54	0.00399252
6453.61	0.00399985
6451.68	0.00394287
6449.75	0.00390228
6447.82	0.00398373
6445.9	0.00389606
6443.97	0.00373548
6442.04	0.0037539
6440.11	0.00384007
6438.18	0.00384204
6436.26	0.00395922
6434.33	0.00400339
6432.4	0.00398055
6430.47	0.00389466
6428.54	0.00369949
6426.62	0.00356103
6424.69	0.00369929
6422.76	0.00391281
6420.83	0.00389128
6418.9	0.00378518
6416.98	0.00375456
6415.05	0.00381215
6413.12	0.00395681
6411.19	0.0038965
6409.26	0.00379143
6407.34	0.00379878
6405.41	0.00374654
6403.48	0.0036228
6401.55	0.00367032
6399.62	0.00368462
6397.7	0.00372195
6395.77	0.00374113
6393.84	0.00369491
6391.91	0.00357863
6389.98	0.00355722
6388.06	0.00367012
6386.13	0.00368462
6384.2	0.00349809
6382.27	0.00348657
6380.34	0.00357058
6378.42	0.00361876
6376.49	0.00369875
6374.56	0.0037435
6372.63	0.00364499
6370.7	0.00364796
6368.77	0.00362798
6366.85	0.00351166
6364.92	0.00339176
6362.99	0.00338468
6361.06	0.00355471
6359.13	0.00354302
6357.21	0.00339987
6355.28	0.00335699
6353.35	0.00343009
6351.42	0.00341016
6349.49	0.00339202
6347.57	0.00338267
6345.64	0.00335739
6343.71	0.00334881
6341.78	0.00326231
6339.85	0.00322145
6337.93	0.00320449
6336	0.00314735
6334.07	0.00302668
6332.14	0.00302281
6330.21	0.0031354
6328.29	0.00315519
6326.36	0.00306675
6324.43	0.00298437
6322.5	0.00305478
6320.57	0.00302208
6318.65	0.00299822
6316.72	0.00308511
6314.79	0.00308097
6312.86	0.00298454
6310.93	0.00295495
6309.01	0.00303756
6307.08	0.00293924
6305.15	0.00279885
6303.22	0.00284041
6301.29	0.00296369
6299.37	0.00288967
6297.44	0.00283217
6295.51	0.0028217
6293.58	0.00283424
6291.65	0.00280405
6289.73	0.00277601
6287.8	0.00280422
6285.87	0.00279955
6283.94	0.00281333
6282.01	0.0028373
6280.08	0.00279028
6278.16	0.00268648
6276.23	0.00262184
6274.3	0.00266425
6272.37	0.00268342
6270.45	0.00267758
6268.52	0.00268378
6266.59	0.00274166
6264.66	0.00274
6262.73	0.00263481
6260.8	0.00257188
6258.88	0.00245047
6256.95	0.00244101
6255.02	0.00260104
6253.09	0.00257481
6251.17	0.00255295
6249.24	0.00262734
6247.31	0.00260301
6245.38	0.00244834
6243.45	0.00244607
6241.52	0.00236024
6239.6	0.00226767
6237.67	0.00229272
6235.74	0.00238373
6233.81	0.00238456
6231.88	0.00238746
6229.96	0.00236754
6228.03	0.00230931
6226.1	0.00236954
6224.17	0.00245987
6222.24	0.00238
6220.32	0.00243294
6218.39	0.00251145
6216.46	0.00251835
6214.53	0.00247973
6212.6	0.00243321
6210.68	0.00230888
6208.75	0.00219886
6206.82	0.00223094
6204.89	0.00219257
6202.96	0.0022375
6201.04	0.00236967
6199.11	0.00229345
6197.18	0.00232173
6195.25	0.00227653
6193.32	0.00225725
6191.4	0.00235948
6189.47	0.00240062
6187.54	0.00231181
6185.61	0.0022337
6183.68	0.00228279
6181.76	0.00238996
6179.83	0.00241848
6177.9	0.00240249
6175.97	0.00239503
6174.04	0.00233099
6172.12	0.00226604
6170.19	0.00222574
6168.26	0.0022336
6166.33	0.00232187
6164.4	0.00238953
6162.48	0.00240429
6160.55	0.00233136
6158.62	0.00229522
6156.69	0.00234582
6154.76	0.00233912
6152.83	0.00224719
6150.91	0.00222208
6148.98	0.00224709
6147.05	0.00228593
6145.12	0.00234355
6143.19	0.00227697
6141.27	0.00221518
6139.34	0.0023747
6137.41	0.0024476
6135.48	0.00242738
6133.55	0.00239483
6131.63	0.00234965
6129.7	0.00247856
6127.77	0.00262271
6125.84	0.00247546
6123.91	0.00233169
6121.99	0.00239049
6120.06	0.0023194
6118.13	0.00235458
6116.2	0.00242911
6114.27	0.00243757
6112.35	0.00240972
6110.42	0.00233746
6108.49	0.00230221
6106.56	0.00239659
6104.63	0.00247863
6102.71	0.00249119
6100.78	0.00248013
6098.85	0.00240885
6096.92	0.00248389
6094.99	0.00257134
6093.07	0.00253601
6091.14	0.00248982
6089.21	0.00240742
6087.28	0.00235418
6085.35	0.00249432
6083.43	0.00254108
6081.5	0.00258754
6079.57	0.00261161
6077.64	0.00254335
6075.71	0.00253508
6073.79	0.00250272
6071.86	0.00253771
6069.93	0.00258128
6068	0.00252162
6066.07	0.00249199
6064.15	0.00248259
6062.22	0.00244497
6060.29	0.00244887
6058.36	0.00261104
6056.43	0.00260004
6054.51	0.00238996
6052.58	0.00230121
6050.65	0.00244047
6048.72	0.00250415
6046.79	0.00244384
6044.87	0.00251219
6042.94	0.00261238
6041.01	0.00261594
6039.08	0.00248259
6037.15	0.00236731
6035.23	0.00240196
6033.3	0.00238053
6031.37	0.00224612
6029.44	0.0022327
6027.51	0.00235082
6025.58	0.00232773
6023.66	0.0022374
6021.73	0.00217019
6019.8	0.00213616
6017.87	0.00214658
6015.94	0.00214392
6014.02	0.00219767
6012.09	0.00225635
6010.16	0.00224915
6008.23	0.00218738
6006.3	0.00207946
6004.38	0.00208349
6002.45	0.00209481
6000.52	0.00203512
5998.59	0.00199613
5996.66	0.00196711
5994.74	0.0019545
5992.81	0.00201121
5990.88	0.0019313
5988.95	0.00183898
5987.02	0.0018699
5985.1	0.00179912
5983.17	0.00173804
5981.24	0.00190138
5979.31	0.00194035
5977.38	0.00180361
5975.46	0.00172653
5973.53	0.00179643
5971.6	0.00199504
5969.67	0.00201065
5967.74	0.00193832
5965.82	0.00192677
5963.89	0.00189113
5961.96	0.00186078
5960.03	0.00181476
5958.1	0.00169829
5956.18	0.00164909
5954.25	0.00167703
5952.32	0.00167111
5950.39	0.0016935
5948.46	0.00177274
5946.54	0.00176715
5944.61	0.00173392
5942.68	0.00170581
5940.75	0.00166153
5938.82	0.00156894
5936.9	0.00159678
5934.97	0.00171838
5933.04	0.00165395
5931.11	0.00169759
5929.18	0.00173445
5927.25	0.00167028
5925.33	0.00162561
5923.4	0.00149097
5921.47	0.00138525
5919.54	0.00152176
5917.62	0.0016167
5915.69	0.00158773
5913.76	0.00156851
5911.83	0.00151567
5909.9	0.00143904
5907.97	0.00149566
5906.05	0.00159744
5904.12	0.00155255
5902.19	0.00150444
5900.26	0.00152136
5898.33	0.00147325
5896.41	0.00147152
5894.48	0.00152668
5892.55	0.00144818
5890.62	0.00128408
5888.69	0.00137648
5886.77	0.00154257
5884.84	0.00152099
5882.91	0.00149636
5880.98	0.00156964
5879.05	0.00146883
5877.13	0.00130147
5875.2	0.00134514
5873.27	0.00140158
5871.34	0.00136358
5869.41	0.00129063
5867.49	0.00133756
5865.56	0.00146979
5863.63	0.00143336
5861.7	0.00129266
5859.77	0.00126621
5857.85	0.00136647
5855.92	0.00144
5853.99	0.00144107
5852.06	0.00149822
5850.13	0.00154879
5848.21	0.00145746
5846.28	0.0013121
5844.35	0.00130572
5842.42	0.00132719
5840.49	0.00129821
5838.57	0.00129635
5836.64	0.00131858
5834.71	0.00135391
5832.78	0.001347
5830.85	0.00129166
5828.93	0.00125288
5827	0.0011341
5825.07	0.0010775
5823.14	0.00115134
5821.21	0.0013011
5819.29	0.00130147
5817.36	0.00132539
5815.43	0.00128202
5813.5	0.00113443
5811.57	0.00113962
5809.65	0.00122105
5807.72	0.00122258
5805.79	0.00117759
5803.86	0.00120915
5801.93	0.00116716
5800	0.00112593
5798.08	0.00125012
5796.15	0.00135255
5794.22	0.00134181
5792.29	0.00121208
5790.36	0.00115865
5788.44	0.00117327
5786.51	0.00122965
5784.58	0.00129469
5782.65	0.0013244
5780.72	0.00126717
5778.8	0.00130738
5776.87	0.00131499
5774.94	0.0012898
5773.01	0.00121756
5771.08	0.0011529
5769.16	0.0011345
5767.23	0.00112227
5765.3	0.00112819
5763.37	0.00111968
5761.44	0.00106886
5759.52	0.00116091
5757.59	0.00117849
5755.66	0.00114041
5753.73	0.0011345
5751.8	0.00117423
5749.88	0.00118702
5747.95	0.00117314
5746.02	0.00110424
5744.09	0.00109493
5742.16	0.00111018
5740.24	0.00108112
5738.31	0.00111835
5736.38	0.00114569
5734.45	0.00109201
5732.52	0.00111068
5730.6	0.00115942
5728.67	0.00110201
5726.74	0.00109826
5724.81	0.00120457
5722.88	0.00117805
5720.96	0.00108464
5719.03	0.0010022
5717.1	0.000917788
5715.17	0.000930373
5713.24	0.00102017
5711.32	0.000954314
5709.39	0.000993068
5707.46	0.00114091
5705.53	0.00114221
5703.6	0.00105149
5701.68	0.00107016
5699.75	0.00100479
5697.82	0.00100426
5695.89	0.001039
5693.96	0.00106046
5692.03	0.00105245
5690.11	0.00102807
5688.18	0.00103621
5686.25	0.00112998
5684.32	0.0011429
5682.4	0.00110238
5680.47	0.00108175
5678.54	0.0010218
5676.61	0.00108633
5674.68	0.00119523
5672.75	0.00115413
5670.83	0.00116397
5668.9	0.0012889
5666.97	0.00121234
5665.04	0.00106687
5663.11	0.00104966
5661.19	0.00113101
5659.26	0.00117008
5657.33	0.00122497
5655.4	0.0011437
5653.47	0.00103
5651.55	0.00096142
5649.62	0.000900589
5647.69	0.000939504
5645.76	0.00098264
5643.83	0.00100087
5641.91	0.000947108
5639.98	0.000982043
5638.05	0.00111932
5636.12	0.0010867
5634.19	0.00109806
5632.27	0.00112709
5630.34	0.00110493
5628.41	0.00117898
5626.48	0.00119467
5624.55	0.00111596
5622.63	0.00105282
5620.7	0.000970984
5618.77	0.000949765
5616.84	0.000977692
5614.91	0.00108906
5612.99	0.00116334
5611.06	0.00118819
5609.13	0.00113626
5607.2	0.00103046
5605.27	0.00104255
5603.35	0.00111015
5601.42	0.00104777
5599.49	0.000973076
5597.56	0.00103711
5595.63	0.00107597
5593.71	0.00104611
5591.78	0.00100177
5589.85	0.000961055
5587.92	0.000927849
5585.99	0.000995559
5584.07	0.00106125
5582.14	0.00104461
5580.21	0.00102847
5578.28	0.0010765
5576.35	0.00118533
5574.43	0.00113473
5572.5	0.00105929
5570.57	0.0010117
5568.64	0.000992504
5566.71	0.00101728
5564.79	0.00104132
5562.86	0.000981412
5560.93	0.00102807
5559	0.00106076
5557.07	0.00105295
5555.14	0.00106225
5553.22	0.000992437
5551.29	0.000881863
5549.36	0.000909819
5547.43	0.000970287
5545.5	0.00100934
5543.58	0.000992172
5541.65	0.000995094
5539.72	0.00100927
5537.79	0.00105202
5535.86	0.00106391
5533.94	0.000949399
5532.01	0.000818353
5530.08	0.000894147
5528.15	0.00096597
5526.22	0.00104392
5524.3	0.00106534
5522.37	0.00107298
5520.44	0.00114812
5518.51	0.00123537
5516.58	0.00116732
5514.66	0.0010665
5512.73	0.00104823
5510.8	0.00103252
5508.87	0.00102907
5506.94	0.00102319
5505.02	0.00107587
5503.09	0.00103495
5501.16	0.000864067
5499.23	0.000937811
5497.3	0.00107055
5495.38	0.000964774
5493.45	0.000807199
5491.52	0.000777224
5489.59	0.000878742
5487.66	0.000969722
5485.74	0.00104843
5483.81	0.000996024
5481.88	0.000963977
5479.95	0.00103897
5478.02	0.0010961
5476.1	0.00104282
5474.17	0.000853676
5472.24	0.000825424
5470.31	0.000905337
5468.38	0.000927982
5466.46	0.000926488
5464.53	0.000995028
5462.6	0.00109384
5460.67	0.000989415
5458.74	0.000901651
5456.82	0.000958498
5454.89	0.00091397
5452.96	0.000868914
5451.03	0.000932132
5449.1	0.00093791
5447.17	0.000890063
5445.25	0.000950163
5443.32	0.000946942
5441.39	0.000951923
5439.46	0.000914468
5437.54	0.000891059
5435.61	0.000951591
5433.68	0.00105923
5431.75	0.00110649
5429.82	0.00118081
5427.89	0.00117138
5425.97	0.000956008
5424.04	0.000903842
5422.11	0.000954314
5420.18	0.00103149
5418.25	0.000983172
5416.33	0.000949765
5414.4	0.000914501
5412.47	0.00094651
5410.54	0.0010127
5408.61	0.00103116
5406.69	0.000915763
5404.76	0.000821374
5402.83	0.000872433
5400.9	0.000911346
5398.97	0.000903776
5397.05	0.000814735
5395.12	0.00076242
5393.19	0.000854174
5391.26	0.000992703
5389.33	0.000954181
5387.41	0.00101293
5385.48	0.000970619
5383.55	0.000865262
5381.62	0.000875754
5379.69	0.0009062
5377.77	0.000896438
5375.84	0.000942858
5373.91	0.000955443
5371.98	0.000928911
5370.05	0.000886112
5368.13	0.000948436
5366.2	0.00100363
5364.27	0.00100778
5362.34	0.00106212
5360.41	0.00104123
5358.49	0.00093894
5356.56	0.00100931
5354.63	0.00105591
5352.7	0.00101459
5350.77	0.00101001
5348.85	0.00104783
5346.92	0.00103412
5344.99	0.00103983
5343.06	0.00105229
5341.13	0.00108128
5339.21	0.00108656
5337.28	0.00109367
5335.35	0.00107647
5333.42	0.00103601
5331.49	0.00099878
5329.56	0.000954347
5327.64	0.000976862
5325.71	0.00108713
5323.78	0.00119337
5321.85	0.00120909
5319.92	0.00111005
5318	0.00109314
5316.07	0.00109723
5314.14	0.00109965
5312.21	0.00118334
5310.28	0.0011746
5308.36	0.00123876
5306.43	0.00124404
5304.5	0.00117965
5302.57	0.00122513
5300.64	0.00128492
5298.72	0.00128771
5296.79	0.00133945
5294.86	0.0013947
5292.93	0.00142913
5291	0.00145304
5289.08	0.00147205
5287.15	0.00148735
5285.22	0.00151857
5283.29	0.00150676
5281.36	0.00145663
5279.44	0.00149097
5277.51	0.00146338
5275.58	0.00148282
5273.65	0.00152715
5271.72	0.00163589
5269.8	0.00177886
5267.87	0.00174087
5265.94	0.00171718
5264.01	0.00180148
5262.08	0.00182238
5260.16	0.00180278
5258.23	0.00186394
5256.3	0.00189689
5254.37	0.00184833
5252.44	0.00187149
5250.52	0.00199327
5248.59	0.00206328
5246.66	0.00210699
5244.73	0.00206581
5242.8	0.00216873
5240.88	0.00224842
5238.95	0.00222731
5237.02	0.00220166
5235.09	0.00231674
5233.16	0.00238283
5231.24	0.00236198
5229.31	0.00244144
5227.38	0.00257481
5225.45	0.00265318
5223.52	0.00270775
5221.6	0.00271859
5219.67	0.00271709
5217.74	0.00281549
5215.81	0.00286732
5213.88	0.0028191
5211.96	0.00289717
5210.03	0.00296923
5208.1	0.00294581
5206.17	0.00302435
5204.24	0.00318266
5202.31	0.00317725
5200.39	0.00314458
5198.46	0.0032774
5196.53	0.00340017
5194.6	0.00343039
5192.67	0.00349014
5190.75	0.00358478
5188.82	0.00363704
5186.89	0.00366547
5184.96	0.00380911
5183.03	0.00392177
5181.11	0.00388336
5179.18	0.00395494
5177.25	0.00408764
5175.32	0.00412841
5173.39	0.00425183
5171.47	0.00428589
5169.54	0.00427606
5167.61	0.0043459
5165.68	0.00444695
5163.75	0.00457929
5161.83	0.00465444
5159.9	0.0047299
5157.97	0.00480983
5156.04	0.00475559
5154.11	0.00484682
5152.19	0.004999
5150.26	0.00500902
5148.33	0.00514201
5146.4	0.00529714
5144.47	0.00535701
5142.55	0.00545719
5140.62	0.00546927
5138.69	0.00545605
5136.76	0.00548662
5134.83	0.00560764
5132.91	0.00572731
5130.98	0.00578738
5129.05	0.00592299
5127.12	0.00603126
5125.19	0.00607968
5123.27	0.00622489
5121.34	0.00623377
5119.41	0.0061979
5117.48	0.00619794
5115.55	0.00623518
5113.62	0.00631344
5111.7	0.00639948
5109.77	0.00653968
5107.84	0.0065741
5105.91	0.00659822
5103.99	0.00670868
5102.06	0.00670635
5100.13	0.00676218
5098.2	0.00689328
5096.27	0.00700924
5094.34	0.00704076
5092.42	0.00698695
5090.49	0.00703628
5088.56	0.00721264
5086.63	0.00730378
5084.71	0.00734465
5082.78	0.0074278
5080.85	0.00744279
5078.92	0.00743289
5076.99	0.00749919
5075.06	0.00758887
5073.14	0.00767921
5071.21	0.00780408
5069.28	0.0078639
5067.35	0.00789858
5065.42	0.00794366
5063.5	0.00797522
5061.57	0.00806766
5059.64	0.00807181
5057.71	0.00812481
5055.78	0.00822205
5053.86	0.00832181
5051.93	0.00835417
5050	0.0082952
5048.07	0.0082801
5046.14	0.0083841
5044.22	0.00852917
5042.29	0.00857827
5040.36	0.00874164
5038.43	0.00889573
5036.5	0.00886847
5034.58	0.00885014
5032.65	0.00893374
5030.72	0.00914018
5028.79	0.00928283
5026.86	0.00936797
5024.94	0.00939177
5023.01	0.00946095
5021.08	0.00951239
5019.15	0.00950162
5017.22	0.00942468
5015.3	0.00930825
5013.37	0.00927917
5011.44	0.00931804
5009.51	0.00931844
5007.58	0.00925619
5005.66	0.00912004
5003.73	0.00908719
5001.8	0.00906794
4999.87	0.00899358
4997.94	0.00901746
4996.02	0.00904486
4994.09	0.00903082
4992.16	0.00905897
4990.23	0.0089218
4988.3	0.00884896
4986.38	0.00889748
4984.45	0.00888927
4982.52	0.00893367
4980.59	0.00891609
4978.66	0.00890016
4976.73	0.00893763
4974.81	0.00890418
4972.88	0.00886826
4970.95	0.00889143
4969.02	0.00891774
4967.09	0.00885667
4965.17	0.00873055
4963.24	0.00882708
4961.31	0.00887249
4959.38	0.00881176
4957.45	0.00877808
4955.53	0.00874627
4953.6	0.00868745
4951.67	0.00871733
4949.74	0.00869975
4947.81	0.00873687
4945.89	0.00876442
4943.96	0.00874133
4942.03	0.00870928
4940.1	0.00857588
4938.17	0.0084367
4936.25	0.00843028
4934.32	0.00855411
4932.39	0.00855573
4930.46	0.00857459
4928.53	0.00854516
4926.61	0.00843926
4924.68	0.0083846
4922.75	0.00843247
4920.82	0.00840896
4918.89	0.00833992
4916.97	0.00828405
4915.04	0.00827571
4913.11	0.00825069
4911.18	0.00815483
4909.25	0.00816566
4907.33	0.00818656
4905.4	0.00814986
4903.47	0.00813606
4901.54	0.00809176
4899.61	0.00800832
4897.69	0.00795132
4895.76	0.00794947
4893.83	0.00803134
4891.9	0.00808113
4889.97	0.00798122
4888.05	0.00776836
4886.12	0.00770744
4884.19	0.00777723
4882.26	0.00788282
4880.33	0.00787901
4878.41	0.00769027
4876.48	0.00758833
4874.55	0.00758196
4872.62	0.00754797
4870.69	0.00752127
4868.77	0.00744317
4866.84	0.0073064
4864.91	0.00733845
4862.98	0.00742496
4861.05	0.00741812
4859.12	0.00731806
4857.2	0.00721429
4855.27	0.00718815
4853.34	0.00706362
4851.41	0.00700638
4849.48	0.00696944
4847.56	0.00697021
4845.63	0.00695776
4843.7	0.006912
4841.77	0.00685612
4839.84	0.00679863
4837.92	0.00670534
4835.99	0.00673371
4834.06	0.00671699
4832.13	0.0066077
4830.2	0.00646707
4828.28	0.00634706
4826.35	0.00631112
4824.42	0.00637933
4822.49	0.00630063
4820.56	0.00619874
4818.64	0.00616587
4816.71	0.00613388
4814.78	0.00604151
4812.85	0.00593014
4810.92	0.00579322
4809	0.00576579
4807.07	0.00569162
4805.14	0.00560156
4803.21	0.00556887
4801.28	0.0054329
4799.36	0.00533236
4797.43	0.00527376
4795.5	0.00519958
4793.57	0.00508438
4791.64	0.00486693
4789.72	0.00480712
4787.79	0.00489742
4785.86	0.00486384
4783.93	0.00470625
4782	0.00466194
4780.08	0.00462982
4778.15	0.00454902
4776.22	0.00448819
4774.29	0.00427917
4772.36	0.00406058
4770.44	0.0039647
4768.51	0.00389523
4766.58	0.0039099
4764.65	0.00387958
4762.72	0.00372048
4760.79	0.00368131
4758.87	0.00375072
4756.94	0.00371489
4755.01	0.00364332
4753.08	0.00350424
4751.16	0.0032997
4749.23	0.00322579
4747.3	0.00320436
4745.37	0.00320322
4743.44	0.00305925
4741.51	0.00295805
4739.59	0.00298718
4737.66	0.0029314
4735.73	0.002827
4733.8	0.00269722
4731.88	0.00254735
4729.95	0.00249859
4728.02	0.00256494
4726.09	0.00258008
4724.16	0.00258281
4722.23	0.00247226
4720.31	0.00226064
4718.38	0.00204011
4716.45	0.00204437
4714.52	0.00208382
4712.59	0.00200323
4710.67	0.00194251
4708.74	0.00176908
4706.81	0.00161753
4704.88	0.00171885
4702.95	0.00173704
4701.03	0.00160795
4699.1	0.0015308
4697.17	0.00155734
4695.24	0.00156858
4693.31	0.00148173
4691.39	0.00149473
4689.46	0.00142963
4687.53	0.00127195
4685.6	0.00124733
4683.67	0.00125604
4681.75	0.00118742
4679.82	0.00118337
4677.89	0.00112483
4675.96	0.00100914
4674.03	0.000943422
4672.11	0.000967597
4670.18	0.000957303
4668.25	0.000872234
4666.32	0.000909221
4664.39	0.000913339
4662.47	0.000881398
4660.54	0.000839068
4658.61	0.000814237
4656.68	0.000801788
4654.75	0.000766968
4652.83	0.000736963
4650.9	0.000739585
4648.97	0.00063727
4647.04	0.000551999
4645.11	0.000567128
4643.19	0.000455036
4641.26	0.000425749
4639.33	0.000470095
4637.4	0.000435467
4635.47	0.000443096
4633.54	0.000450658
4631.62	0.000449696
4629.69	0.000458386
4627.76	0.00041497
4625.83	0.000349373
4623.9	0.000302785
4621.98	0.000310378
4620.05	0.000327886
4618.12	0.000283322
4616.19	0.000249107
4614.26	0.000222154
4612.34	0.000205745
4610.41	0.000164741
4608.48	0.000172596
4606.55	0.000199248
4604.62	0.000240587
4602.7	0.000240852
4600.77	0.000169878
4598.84	0.000183767
4596.91	0.000124668
4594.98	1.61366e-05
4593.06	8.25045e-06
4591.13	-2.38559e-05
4589.2	-1.66661e-05
4587.27	5.20898e-05
4585.34	3.31353e-05
4583.42	-5.36768e-06
4581.49	2.43211e-05
4579.56	-1.4148e-05
4577.63	1.90194e-05
4575.7	2.25317e-05
4573.78	-2.84281e-05
4571.85	-3.17412e-05
4569.92	-7.18618e-05
4567.99	-9.12747e-05
4566.06	-4.73791e-05
4564.14	-2.02444e-05
4562.21	0.000107036
4560.28	0.000137329
4558.35	3.05175e-05
4556.42	1.31213e-05
4554.5	-3.04491e-05
4552.57	-5.54297e-05
4550.64	-3.37954e-05
4548.71	-3.23045e-05
4546.78	4.36397e-05
4544.86	7.90982e-05
4542.93	1.10669e-05
4541	5.02672e-05
4539.07	6.51133e-05
4537.14	-1.22263e-05
4535.22	2.55133e-06
4533.29	0.000112637
4531.36	0.000113797
4529.43	2.3824e-05
4527.5	-4.94e-05
4525.58	-7.4247e-05
4523.65	3.60513e-05
4521.72	5.64309e-05
4519.79	7.77063e-05
4517.86	-1.42805e-05
4515.94	-0.000176867
4514.01	-0.000129833
4512.08	3.61163e-06
4510.15	-6.51366e-05
4508.22	-0.000227108
4506.29	-0.000247341
4504.37	-0.000249991
4502.44	-0.000187564
4500.51	-0.000160968
4498.58	-0.0002687
4496.65	-0.000343994
4494.73	-0.000367334
4492.8	-0.000395109
4490.87	-0.000446351
4488.94	-0.000487195
4487.01	-0.000588492
4485.09	-0.000582768
4483.16	-0.000493946
4481.23	-0.000506258
4479.3	-0.000526346
4477.37	-0.000552457
4475.45	-0.000479781
4473.52	-0.000511553
4471.59	-0.000624029
4469.66	-0.000580485
4467.73	-0.000493516
4465.81	-0.000609901
4463.88	-0.000670248
4461.95	-0.00060014
4460.02	-0.000604077
4458.09	-0.000670844
4456.17	-0.000661349
4454.24	-0.000727345
4452.31	-0.000772694
4450.38	-0.000688741
4448.45	-0.000587268
4446.53	-0.000646825
4444.6	-0.00067081
4442.67	-0.000682489
4440.74	-0.00066115
4438.81	-0.000624492
4436.89	-0.000628098
4434.96	-0.000613077
4433.03	-0.000664028
4431.1	-0.000725658
4429.17	-0.000707663
4427.25	-0.000700022
4425.32	-0.000735946
4423.39	-0.000778515
4421.46	-0.000724732
4419.53	-0.000668329
4417.61	-0.000617444
4415.68	-0.000570458
4413.75	-0.000634881
4411.82	-0.000701411
4409.89	-0.000664492
4407.96	-0.000483554
4406.04	-0.00044976
4404.11	-0.000587632
4402.18	-0.000647652
4400.25	-0.000681628
4398.33	-0.000658801
4396.4	-0.00061622
4394.47	-0.000606956
4392.54	-0.000655658
4390.61	-0.000655625
4388.68	-0.000539584
4386.76	-0.000561789
4384.83	-0.000619066
4382.9	-0.00066383
4380.97	-0.000678982
4379.04	-0.000728801
4377.12	-0.000603184
4375.19	-0.000585183
4373.26	-0.000637826
4371.33	-0.000589783
4369.4	-0.000613309
4367.48	-0.000664657
4365.55	-0.000554906
4363.62	-0.000469355
4361.69	-0.000508111
4359.76	-0.000575885
4357.84	-0.000622738
4355.91	-0.000639414
4353.98	-0.000554475
4352.05	-0.000529921
4350.12	-0.000576315
4348.2	-0.00061675
4346.27	-0.000573304
4344.34	-0.000493351
4342.41	-0.000397261
4340.48	-0.000485871
4338.56	-0.000541007
4336.63	-0.00051152
4334.7	-0.000461444
4332.77	-0.000421492
4330.84	-0.000473823
4328.92	-0.000532833
4326.99	-0.000483289
4325.06	-0.000431357
4323.13	-0.000448635
4321.2	-0.00052072
4319.28	-0.000538922
4317.35	-0.000493682
4315.42	-0.000488055
4313.49	-0.000402955
4311.56	-0.0004013
4309.64	-0.000435196
4307.71	-0.000407424
4305.78	-0.000338134
4303.85	-0.000271515
4301.92	-0.00021853
4300	-0.00028019
4298.07	-0.000381801
4296.14	-0.000428973
4294.21	-0.000473757
4292.28	-0.000426921
4290.35	-0.000296051
4288.43	-0.000259958
4286.5	-0.000303534
4284.57	-0.000375644
4282.64	-0.000376438
4280.71	-0.000239029
4278.79	-0.000225882
4276.86	-0.0002232
4274.93	-0.000186438
4273	-0.000271217
4271.07	-0.000290952
4269.15	-0.000198593
4267.22	-0.000133245
4265.29	-0.000180245
4263.36	-0.000309428
4261.43	-0.000321679
4259.51	-0.000222935
4257.58	-0.000185114
4255.65	-0.000202004
4253.72	-0.0003234
4251.79	-0.000274296
4249.87	-0.000179715
4247.94	-0.000219027
4246.01	-0.000175939
4244.08	-0.000101577
4242.15	-0.000125593
4240.23	-0.000132218
4238.3	-0.000101345
4236.37	-0.000102703
4234.44	-0.000230154
4232.51	-0.000220584
4230.59	-0.000100153
4228.66	-9.43224e-05
4226.73	-9.27654e-05
4224.8	-9.47623e-06
4222.87	-1.02383e-05
4220.95	-8.07733e-05
4219.02	-0.000114927
4217.09	-0.000120624
4215.16	-0.000126156
4213.23	-4.21445e-05
4211.31	6.39492e-06
4209.38	-0.000126189
4207.45	-0.000222107
4205.52	-0.000167195
4203.59	-8.31916e-05
4201.67	-5.04271e-05
4199.74	-8.02764e-05
4197.81	-6.56998e-05
4195.88	1.25911e-05
4193.95	-3.6116e-06
4192.03	-1.6401e-05
4190.1	8.34986e-06
4188.17	1.61366e-05
4186.24	-2.87263e-05
4184.31	-4.20451e-05
4182.39	-2.32595e-05
4180.46	5.00021e-05
4178.53	6.49432e-06
4176.6	-0.000180709
4174.67	-0.000200249
4172.75	-0.000158816
4170.82	-0.000168553
4168.89	-0.000133973
4166.96	-8.46823e-05
4165.03	-0.000167228
4163.1	-0.00019038
4161.18	-0.000103167
4159.25	-8.0707e-05
4157.32	-0.000152787
4155.39	-7.71292e-05
4153.46	-2.40215e-05
4151.54	-7.93157e-05
4149.61	-0.000177761
4147.68	-0.000193791
4145.75	-0.000136391
4143.82	-6.34802e-05
4141.9	-3.70091e-05
4139.97	-7.13317e-05
4138.04	-8.614e-05
4136.11	8.38299e-06
4134.18	2.36583e-05
4132.26	-7.43464e-05
4130.33	-0.000138014
4128.4	-9.79001e-05
4126.47	3.90337e-05
4124.54	4.07568e-05
4122.62	-4.69484e-05
4120.69	-0.000125262
4118.76	-0.000146428
4116.83	-0.000146229
4114.9	-0.000105751
4112.98	-7.3452e-05
4111.05	-6.53685e-05
4109.12	-0.000100848
4107.19	-0.000124798
4105.26	-0.000110455
4103.34	-1.33197e-05
4101.41	1.10338e-05
4099.48	-0.00010065
4097.55	-7.7858e-05
4095.62	-7.30544e-05
4093.7	-0.000157921
4091.77	-0.000116484
4089.84	-5.9339e-05
4087.91	-9.69725e-05
4085.98	-0.000162227
4084.06	-0.000135895
4082.13	-0.000112376
4080.2	-3.14762e-05
4078.27	-1.6567e-06
4076.34	-8.84589e-05
4074.42	-8.6405e-05
4072.49	-7.21599e-05
4070.56	-0.000100418
4068.63	-4.11174e-05
4066.7	-5.79144e-05
4064.78	-5.66224e-05
4062.85	1.28562e-05
4060.92	8.41613e-06
4058.99	-5.10566e-05
4057.06	-7.4247e-05
4055.14	-2.20667e-05
4053.21	-5.48665e-05
4051.28	-0.000162028
4049.35	-9.47861e-05
4047.42	-5.52972e-05
4045.5	-0.000108202
4043.57	-9.2931e-05
4041.64	-3.26027e-05
4039.71	1.52088e-05
4037.78	-7.97794e-05
4035.85	-0.000110455
4033.93	-4.08523e-05
4032	9.80547e-05
4030.07	0.000135937
4028.14	3.50572e-05
4026.21	-3.24701e-05
4024.29	-4.16144e-05
4022.36	-2.77654e-05
4020.43	5.22224e-05
4018.5	1.40159e-05
4016.57	-7.19612e-05
4014.65	-1.9549e-06
4012.72	2.0411e-05
4010.79	-2.13378e-05
4008.86	-7.54397e-05
4006.93	-6.02666e-05
4005.01	1.6567e-07
4003.08	-7.35513e-05
4001.15	-4.10511e-05
3999.22	8.87089e-05
3997.29	7.77063e-05
3995.37	-2.05431e-06
3993.44	-4.53913e-05
3991.51	-7.21599e-05
3989.58	1.22929e-05
3987.65	2.25312e-06
3985.73	-0.000101875
3983.8	-6.10286e-05
3981.87	-6.05648e-05
3979.94	-0.000153781
3978.01	-0.00015186
3976.09	-9.31057e-06
3974.16	8.59582e-05
3972.23	4.60566e-06
3970.3	-4.5822e-05
3968.37	-5.00626e-05
3966.45	6.27935e-05
3964.52	4.5164e-05
3962.59	-6.23869e-05
3960.66	-4.00241e-05
3958.73	-1.82237e-06
3956.81	7.62084e-07
3954.88	9.2023e-05
3952.95	8.80129e-05
3951.02	-4.12499e-05
3949.09	-0.000100517
3947.17	2.06761e-05
3945.24	3.83709e-05
3943.31	-5.92728e-05
3941.38	-0.000105387
3939.45	-0.000159644
3937.53	-0.000140267
3935.6	-0.000103465
3933.67	-3.04832e-06
3931.74	4.73819e-06
3929.81	3.0882e-05
3927.88	3.27377e-05
3925.96	-2.33589e-05
3924.03	-3.95602e-05
3922.1	-0.000117676
3920.17	-9.2136e-05
3918.24	-8.90552e-05
3916.32	-9.81982e-05
3914.39	-2.90576e-05
3912.46	-2.74341e-05
3910.53	-0.000127647
3908.6	-0.000155967
3906.68	-0.000186505
3904.75	-0.000188525
3902.82	-5.38395e-05
3900.89	-3.95602e-05
3898.96	-9.20035e-05
3897.04	-0.000104459
3895.11	-0.000149011
3893.18	-0.000172892
3891.25	-0.000154775
3889.32	-0.000214126
3887.4	-0.000251083
3885.47	-0.000122976
3883.54	-6.90458e-05
3881.61	-0.000190578
3879.68	-0.000156795
3877.76	-0.000135663
3875.83	-4.84393e-05
3873.9	7.92639e-05
3871.97	1.5573e-06
3870.04	-7.02385e-05
3868.12	-0.000113569
3866.19	-0.000209721
3864.26	-0.000174846
3862.33	-2.86931e-05
3860.4	2.64418e-05
3858.48	-5.89746e-05
3856.55	-0.000120194
3854.62	-0.000151264
3852.69	-0.000186968
3850.76	-9.95895e-05
3848.84	8.18418e-06
3846.91	-9.40997e-06
3844.98	-0.000151562
3843.05	-3.55182e-05
3841.12	5.10957e-05
3839.2	-2.1139e-05
3837.27	-7.38826e-05
3835.34	-7.02436e-06
3833.41	1.38502e-05
3831.48	-0.000108235
3829.56	-0.000112111
3827.63	2.88267e-06
3825.7	-4.29065e-05
3823.77	-9.27743e-06
3821.84	3.92325e-05
3819.92	4.60566e-06
3817.99	1.32536e-07
3816.06	4.02266e-05
3814.13	1.36183e-05
3812.2	1.57721e-05
3810.27	-7.67317e-05
3808.35	-6.46066e-05
3806.42	7.81702e-05
3804.49	0.000167293
3802.56	0.000201336
3800.64	0.000240686
3798.71	0.000194905
3796.78	0.000130733
3794.85	0.000139318
3792.92	0.00019759
3790.99	0.000204485
3789.07	0.000242808
3787.14	0.000187181
3785.21	0.00019454
3783.28	0.000308853
3781.35	0.00032069
3779.43	0.000302453
3777.5	0.00038625
3775.57	0.000455401
3773.64	0.000400212
3771.71	0.000440973
3769.79	0.000434804
3767.86	0.000457723
3765.93	0.000492485
3764	0.000528146
3762.07	0.000619518
3760.15	0.000714427
3758.22	0.000741112
3756.29	0.000781042
3754.36	0.000679912
3752.43	0.000607838
3750.51	0.000638531
3748.58	0.000730922
3746.65	0.000755118
3744.72	0.000881033
3742.79	0.000956838
3740.87	0.00106424
3738.94	0.00123208
3737.01	0.00122105
3735.08	0.00126817
3733.15	0.00128578
3731.23	0.00123514
3729.3	0.00127508
3727.37	0.00142817
3725.44	0.00151587
3723.51	0.00183679
3721.59	0.0019484
3719.66	0.00194797
3717.73	0.0020756
3715.8	0.00209374
3713.87	0.00220453
3711.95	0.00236288
3710.02	0.00244777
3708.09	0.00245373
3706.16	0.00250919
3704.23	0.00269639
3702.31	0.00286212
3700.38	0.00300433
3698.45	0.00316594
3696.52	0.00320119
3694.59	0.0033815
3692.67	0.00355448
3690.74	0.00357713
3688.81	0.00377405
3686.88	0.00399918
3684.95	0.00416608
3683.02	0.00440226
3681.1	0.00453787
3679.17	0.00466342
3677.24	0.00487276
3675.31	0.0050831
3673.38	0.00531844
3671.46	0.00560267
3669.53	0.00583244
3667.6	0.0061569
3665.67	0.00650649
3663.74	0.00683865
3661.82	0.00712354
3659.89	0.00734539
3657.96	0.00765311
3656.03	0.0079416
3654.1	0.00822394
3652.18	0.00871736
3650.25	0.00926861
3648.32	0.00959402
3646.39	0.00977505
3644.46	0.0101992
3642.54	0.0106913
3640.61	0.0110743
3638.68	0.0116293
3636.75	0.0122861
3634.82	0.0127515
3632.9	0.0131974
3630.97	0.0136808
3629.04	0.0143295
3627.11	0.0150216
3625.18	0.0156722
3623.26	0.0162522
3621.33	0.0169655
3619.4	0.017727
3617.47	0.0185275
3615.54	0.0194429
3613.62	0.0203731
3611.69	0.021334
3609.76	0.0222499
3607.83	0.0231493
3605.9	0.0241527
3603.98	0.0252346
3602.05	0.026379
3600.12	0.0276287
3598.19	0.028938
3596.26	0.0302433
3594.34	0.0316048
3592.41	0.0329959
3590.48	0.0343871
3588.55	0.0358835
3586.62	0.0375492
3584.7	0.0393785
3582.77	0.0410907
3580.84	0.0428513
3578.91	0.0448733
3576.98	0.0469621
3575.05	0.0489504
3573.13	0.0510193
3571.2	0.0533179
3569.27	0.0557417
3567.34	0.0582029
3565.42	0.0608786
3563.49	0.0636041
3561.56	0.0663438
3559.63	0.0691737
3557.7	0.0722553
3555.77	0.0754235
3553.85	0.078683
3551.92	0.0820693
3549.99	0.0855405
3548.06	0.0891933
3546.13	0.0930321
3544.21	0.0971049
3542.28	0.101387
3540.35	0.105638
3538.42	0.109988
3536.49	0.114515
3534.57	0.119233
3532.64	0.124379
3530.71	0.129807
3528.78	0.135391
3526.85	0.141206
3524.93	0.147269
3523	0.153449
3521.07	0.159902
3519.14	0.166656
3517.21	0.173621
3515.29	0.181
3513.36	0.188841
3511.43	0.196923
3509.5	0.205087
3507.57	0.213496
3505.65	0.222416
3503.72	0.231664
3501.79	0.24129
3499.86	0.251195
3497.93	0.26107
3496.01	0.271344
3494.08	0.282051
3492.15	0.292863
3490.22	0.303942
3488.29	0.315044
3486.37	0.326353
3484.44	0.337718
3482.51	0.348974
3480.58	0.360508
3478.65	0.37213
3476.73	0.383539
3474.8	0.394696
3472.87	0.405529
3470.94	0.416032
3469.01	0.426221
3467.09	0.436153
3465.16	0.445192
3463.23	0.453407
3461.3	0.461274
3459.37	0.468086
3457.44	0.474029
3455.52	0.479113
3453.59	0.483775
3451.66	0.487437
3449.73	0.4899
3447.81	0.491614
3445.88	0.492124
3443.95	0.491531
3442.02	0.490416
3440.09	0.4892
3438.16	0.487184
3436.24	0.484189
3434.31	0.481061
3432.38	0.47776
3430.45	0.473958
3428.52	0.470238
3426.6	0.46635
3424.67	0.462204
3422.74	0.458321
3420.81	0.454042
3418.88	0.449656
3416.96	0.445917
3415.03	0.442196
3413.1	0.438532
3411.17	0.435149
3409.24	0.432007
3407.32	0.42904
3405.39	0.426038
3403.46	0.422812
3401.53	0.419938
3399.6	0.417464
3397.68	0.415128
3395.75	0.412698
3393.82	0.410542
3391.89	0.408689
3389.96	0.406747
3388.04	0.404963
3386.11	0.403477
3384.18	0.401874
3382.25	0.400282
3380.32	0.398862
3378.4	0.397865
3376.47	0.396754
3374.54	0.395537
3372.61	0.394312
3370.68	0.393475
3368.76	0.392601
3366.83	0.391778
3364.9	0.391237
3362.97	0.390482
3361.04	0.389603
3359.12	0.38887
3357.19	0.388363
3355.26	0.387746
3353.33	0.387066
3351.4	0.386138
3349.48	0.385496
3347.55	0.38502
3345.62	0.384348
3343.69	0.383738
3341.76	0.382948
3339.83	0.38222
3337.91	0.381211
3335.98	0.38038
3334.05	0.379671
3332.12	0.378645
3330.19	0.37752
3328.27	0.376582
3326.34	0.375548
3324.41	0.374486
3322.48	0.373419
3320.55	0.372297
3318.63	0.371155
3316.7	0.369849
3314.77	0.368393
3312.84	0.366892
3310.91	0.365516
3308.99	0.364108
3307.06	0.362857
3305.13	0.361755
3303.2	0.360382
3301.27	0.358901
3299.35	0.357698
3297.42	0.356698
3295.49	0.355448
3293.56	0.354269
3291.63	0.35308
3289.71	0.352044
3287.78	0.351185
3285.85	0.350543
3283.92	0.349836
3281.99	0.349088
3280.07	0.348267
3278.14	0.347294
3276.21	0.34655
3274.28	0.346189
3272.35	0.345513
3270.43	0.344889
3268.5	0.344916
3266.57	0.344809
3264.64	0.344457
3262.71	0.344466
3260.79	0.344571
3258.86	0.344829
3256.93	0.345486
3255	0.346435
3253.07	0.347316
3251.15	0.348706
3249.22	0.350292
3247.29	0.352034
3245.36	0.354503
3243.43	0.357248
3241.51	0.360471
3239.58	0.364157
3237.65	0.368497
3235.72	0.373441
3233.79	0.378981
3231.87	0.385072
3229.94	0.391385
3228.01	0.398097
3226.08	0.405323
3224.15	0.412643
3222.22	0.420147
3220.3	0.427575
3218.37	0.434338
3216.44	0.440959
3214.51	0.447667
3212.58	0.453799
3210.66	0.459229
3208.73	0.46401
3206.8	0.468343
3204.87	0.472287
3202.94	0.475849
3201.02	0.478766
3199.09	0.481391
3197.16	0.483947
3195.23	0.486081
3193.3	0.487799
3191.38	0.48918
3189.45	0.490646
3187.52	0.491784
3185.59	0.492961
3183.66	0.494203
3181.74	0.495098
3179.81	0.495718
3177.88	0.496451
3175.95	0.497465
3174.02	0.498178
3172.1	0.498838
3170.17	0.499654
3168.24	0.500491
3166.31	0.501433
3164.38	0.502523
3162.46	0.503449
3160.53	0.504674
3158.6	0.506511
3156.67	0.507954
3154.74	0.509301
3152.82	0.511062
3150.89	0.513023
3148.96	0.514994
3147.03	0.516798
3145.1	0.518594
3143.18	0.520254
3141.25	0.521694
3139.32	0.523067
3137.39	0.524487
3135.46	0.525481
3133.54	0.52653
3131.61	0.52722
3129.68	0.527475
3127.75	0.527171
3125.82	0.526421
3123.9	0.525611
3121.97	0.5243
3120.04	0.521897
3118.11	0.518359
3116.18	0.514191
3114.26	0.509697
3112.33	0.504317
3110.4	0.497984
3108.47	0.491223
3106.54	0.483741
3104.61	0.475741
3102.69	0.467696
3100.76	0.459185
3098.83	0.450047
3096.9	0.440387
3094.98	0.431222
3093.05	0.422057
3091.12	0.412705
3089.19	0.403258
3087.26	0.39397
3085.33	0.385112
3083.41	0.376333
3081.48	0.367908
3079.55	0.359613
3077.62	0.351544
3075.69	0.343656
3073.77	0.335764
3071.84	0.327971
3069.91	0.320254
3067.98	0.312616
3066.05	0.30491
3064.13	0.297244
3062.2	0.289691
3060.27	0.282148
3058.34	0.274507
3056.41	0.26704
3054.49	0.259357
3052.56	0.251793
3050.63	0.244722
3048.7	0.237415
3046.77	0.230111
3044.85	0.222923
3042.92	0.215659
3040.99	0.208724
3039.06	0.20194
3037.13	0.1953
3035.21	0.188853
3033.28	0.182582
3031.35	0.176567
3029.42	0.170728
3027.49	0.16495
3025.57	0.159203
3023.64	0.153889
3021.71	0.14904
3019.78	0.1442
3017.85	0.139181
3015.93	0.134506
3014	0.130394
3012.07	0.126245
3010.14	0.121962
3008.21	0.117847
3006.29	0.114132
3004.36	0.110418
3002.43	0.106777
3000.5	0.103605
2998.57	0.100564
2996.65	0.0975952
2994.72	0.0945616
2992.79	0.0916218
2990.86	0.0888116
2988.93	0.0862662
2987	0.0838894
2985.08	0.0813762
2983.15	0.0788368
2981.22	0.0765936
2979.29	0.0745772
2977.36	0.0722955
2975.44	0.0701884
2973.51	0.0684561
2971.58	0.0665365
2969.65	0.0646611
2967.72	0.0628104
2965.8	0.0609114
2963.87	0.0591538
2961.94	0.0575881
2960.01	0.0561143
2958.08	0.0545805
2956.16	0.0531591
2954.23	0.0518264
2952.3	0.0503162
2950.37	0.0491684
2948.44	0.0481737
2946.52	0.0469298
2944.59	0.0456963
2942.66	0.04435
2940.73	0.0431646
2938.8	0.0423444
2936.88	0.0415477
2934.95	0.040397
2933.02	0.0394845
2931.09	0.0387285
2929.16	0.0379263
2927.24	0.0369797
2925.31	0.0361866
2923.38	0.0355869
2921.45	0.0348054
2919.52	0.0341096
2917.6	0.033521
2915.67	0.0327124
2913.74	0.0320818
2911.81	0.0313041
2909.88	0.0306636
2907.96	0.0302798
2906.03	0.0296902
2904.1	0.0289449
2902.17	0.0283383
2900.24	0.0280717
2898.32	0.0276925
2896.39	0.0269568
2894.46	0.0263369
2892.53	0.0258641
2890.6	0.0253279
2888.68	0.0250221
2886.75	0.0247509
2884.82	0.0241067
2882.89	0.0235008
2880.96	0.0229974
2879.04	0.0226351
2877.11	0.0222488
2875.18	0.0219096
2873.25	0.0217066
2871.32	0.0213734
2869.39	0.0209122
2867.47	0.0205201
2865.54	0.020248
2863.61	0.0198956
2861.68	0.0195222
2859.75	0.0192299
2857.83	0.0189106
2855.9	0.0186788
2853.97	0.0185217
2852.04	0.0180858
2850.11	0.0174931
2848.19	0.0171976
2846.26	0.0170158
2844.33	0.0169325
2842.4	0.0167777
2840.47	0.0163457
2838.55	0.016177
2836.62	0.0161171
2834.69	0.0159316
2832.76	0.0156597
2830.83	0.0153812
2828.91	0.0151774
2826.98	0.0150071
2825.05	0.0148863
2823.12	0.0146881
2821.19	0.0145098
2819.27	0.0143725
2817.34	0.0141338
2815.41	0.0137593
2813.48	0.0135772
2811.55	0.0135016
2809.63	0.0134426
2807.7	0.0131294
2805.77	0.012708
2803.84	0.0127024
2801.91	0.0125941
2799.99	0.0122887
2798.06	0.0120536
2796.13	0.0118735
2794.2	0.011773
2792.27	0.0118371
2790.35	0.0117829
2788.42	0.0115588
2786.49	0.0114079
2784.56	0.0112593
2782.63	0.0112668
2780.71	0.0112081
2778.78	0.0109755
2776.85	0.0108269
2774.92	0.0105736
2772.99	0.0104871
2771.06	0.0103142
2769.14	0.0101367
2767.21	0.0101202
2765.28	0.0100574
2763.35	0.00997405
2761.43	0.00990408
2759.5	0.00987845
2757.57	0.00965297
2755.64	0.00965124
2753.71	0.00959094
2751.78	0.00920133
2749.86	0.00907423
2747.93	0.00906943
2746	0.00926347
2744.07	0.00937836
2742.15	0.00910373
2740.22	0.00891784
2738.29	0.00876297
2736.36	0.00873765
2734.43	0.00861312
2732.5	0.00841578
2730.58	0.00857358
2728.65	0.00853823
2726.72	0.00831938
2724.79	0.00834934
2722.86	0.00832222
2720.94	0.0084144
2719.01	0.00836511
2717.08	0.00812562
2715.15	0.00804727
2713.22	0.00811006
2711.3	0.00815206
2709.37	0.00814878
2707.44	0.00812978
2705.51	0.00802348
2703.58	0.00800367
2701.66	0.00812495
2699.73	0.00819426
2697.8	0.0081317
2695.87	0.00802459
2693.94	0.00793337
2692.02	0.00777564
2690.09	0.00792976
2688.16	0.00807013
2686.23	0.00798527
2684.3	0.0080976
2682.38	0.00817198
2680.45	0.00805983
2678.52	0.00793624
2676.59	0.00787051
2674.66	0.00813491
2672.74	0.00814436
2670.81	0.00809862
2668.88	0.00836555
2666.95	0.0083307
2665.02	0.00820689
2663.1	0.00836805
2661.17	0.00856756
2659.24	0.00809538
2657.31	0.00819322
2655.38	0.00863668
2653.46	0.0083841
2651.53	0.00828915
2649.6	0.00847504
2647.67	0.00868707
2645.74	0.00862562
2643.81	0.00873964
2641.89	0.00910201
2639.96	0.00907812
2638.03	0.00886164
2636.1	0.00899764
2634.17	0.00896019
2632.25	0.00906306
2630.32	0.009191
2628.39	0.00910661
2626.46	0.00910421
2624.53	0.00914434
2622.61	0.00937444
2620.68	0.00965507
2618.75	0.0096179
2616.82	0.00958328
2614.89	0.00977471
2612.97	0.00976536
2611.04	0.00984581
2609.11	0.0100453
2607.18	0.0100891
2605.25	0.0098286
2603.33	0.00984825
2601.4	0.0100553
2599.47	0.0098991
2597.54	0.00993727
2595.61	0.0103199
2593.69	0.010305
2591.76	0.0102811
2589.83	0.0105179
2587.9	0.0107277
2585.97	0.0105841
2584.05	0.0105417
2582.12	0.0108911
2580.19	0.0111205
2578.26	0.0109477
2576.33	0.0109105
2574.41	0.0109324
2572.48	0.0110848
2570.55	0.0112681
2568.62	0.011456
2566.69	0.011625
2564.77	0.0116468
2562.84	0.0119533
2560.91	0.0121491
2558.98	0.0121111
2557.05	0.0119741
2555.13	0.0120643
2553.2	0.0121626
2551.27	0.0123444
2549.34	0.012694
2547.41	0.012775
2545.49	0.012519
2543.56	0.0126559
2541.63	0.0127519
2539.7	0.0126877
2537.77	0.0126834
2535.85	0.0127552
2533.92	0.013154
2531.99	0.0133566
2530.06	0.0132217
2528.13	0.0134416
2526.21	0.013777
2524.28	0.0137822
2522.35	0.013749
2520.42	0.0138938
2518.49	0.0139196
2516.56	0.013859
2514.64	0.013626
2512.71	0.0135213
2510.78	0.0138996
2508.85	0.0144583
2506.92	0.0143277
2505	0.0142049
2503.07	0.0145434
2501.14	0.0148402
2499.21	0.0149602
2497.28	0.014859
2495.36	0.0148803
2493.43	0.0147705
2491.5	0.0144454
2489.57	0.0146174
2487.64	0.0151814
2485.72	0.0154099
2483.79	0.0152134
2481.86	0.0150263
2479.93	0.0153406
2478	0.0154924
2476.08	0.0154366
2474.15	0.01576
2472.22	0.0161515
2470.29	0.0160922
2468.36	0.0161337
2466.44	0.0165298
2464.51	0.0167829
2462.58	0.0169969
2460.65	0.0168184
2458.72	0.0168661
2456.8	0.0169692
2454.87	0.0167815
2452.94	0.0170701
2451.01	0.0171033
2449.08	0.0175365
2447.16	0.0178374
2445.23	0.0175404
2443.3	0.0176709
2441.37	0.018007
2439.44	0.018334
2437.52	0.0180613
2435.59	0.0177722
2433.66	0.01789
2431.73	0.0180974
2429.8	0.0186252
2427.88	0.0188916
2425.95	0.0188368
2424.02	0.0190662
2422.09	0.0189796
2420.16	0.0193612
2418.24	0.0196308
2416.31	0.0191594
2414.38	0.0190031
2412.45	0.0190765
2410.52	0.0192347
2408.6	0.0191622
2406.67	0.0193372
2404.74	0.0196634
2402.81	0.0196413
2400.88	0.0196468
2398.95	0.020058
2397.03	0.0203596
2395.1	0.0203804
2393.17	0.0202634
2391.24	0.0200636
2389.31	0.0202172
2387.39	0.0204295
2385.46	0.0206763
2383.53	0.0211021
2381.6	0.0212461
2379.67	0.0214424
2377.75	0.0216384
2375.82	0.0214795
2373.89	0.0217523
2371.96	0.0221076
2370.03	0.0224279
2368.11	0.0225814
2366.18	0.0222563
2364.25	0.0221447
2362.32	0.0226873
2360.39	0.0229923
2358.47	0.0232952
2356.54	0.0233179
2354.61	0.0233255
2352.68	0.0238756
2350.75	0.0243158
2348.83	0.0241597
2346.9	0.0244112
2344.97	0.0251551
2343.04	0.0257413
2341.11	0.0259127
2339.19	0.025771
2337.26	0.0254392
2335.33	0.0252332
2333.4	0.0253094
2331.47	0.0256031
2329.55	0.0255427
2327.62	0.0257957
2325.69	0.0265443
2323.76	0.0271059
2321.83	0.0272705
2319.91	0.0276964
2317.98	0.0277837
2316.05	0.0279002
2314.12	0.0280426
2312.19	0.0280402
2310.27	0.0280043
2308.34	0.0282997
2306.41	0.0286771
2304.48	0.0285906
2302.55	0.0286826
2300.63	0.0288763
2298.7	0.0288708
2296.77	0.0291109
2294.84	0.029836
2292.91	0.0299913
2290.98	0.0297586
2289.06	0.02988
2287.13	0.0304896
2285.2	0.0309268
2283.27	0.0310037
2281.35	0.0310936
2279.42	0.0313191
2277.49	0.0316153
2275.56	0.0316646
2273.63	0.031784
2271.7	0.0318722
2269.78	0.0318286
2267.85	0.0318142
2265.92	0.0322844
2263.99	0.0324935
2262.06	0.0323456
2260.14	0.0316791
2258.21	0.0310244
2256.28	0.0318403
2254.35	0.0317426
2252.42	0.0313551
2250.5	0.0319955
2248.57	0.0319736
2246.64	0.032387
2244.71	0.0325747
2242.78	0.0322166
2240.86	0.0322765
2238.93	0.0320611
2237	0.0316081
2235.07	0.0316163
2233.14	0.0321767
2231.22	0.0327583
2229.29	0.0322031
2227.36	0.0315521
2225.43	0.0312178
2223.5	0.0305699
2221.58	0.0300486
2219.65	0.0305943
2217.72	0.030774
2215.79	0.0309748
2213.86	0.0306897
2211.94	0.0299789
2210.01	0.0299141
2208.08	0.0298865
2206.15	0.029728
2204.22	0.0293653
2202.3	0.0289804
2200.37	0.0282829
2198.44	0.0278372
2196.51	0.0277787
2194.58	0.0275926
2192.66	0.0277293
2190.73	0.0269414
2188.8	0.0258604
2186.87	0.0259205
2184.94	0.0266084
2183.02	0.0268167
2181.09	0.0262091
2179.16	0.025692
2177.23	0.0252795
2175.3	0.0245514
2173.38	0.0237381
2171.45	0.0233092
2169.52	0.0231208
2167.59	0.0226643
2165.66	0.0226094
2163.73	0.0227368
2161.81	0.0225907
2159.88	0.0225669
2157.95	0.0219045
2156.02	0.021118
2154.09	0.0208589
2152.17	0.0198842
2150.24	0.0195745
2148.31	0.0203424
2146.38	0.0205543
2144.45	0.0205528
2142.53	0.0204805
2140.6	0.019618
2138.67	0.0194627
2136.74	0.0200064
2134.81	0.0198894
2132.89	0.0198533
2130.96	0.0194805
2129.03	0.0180114
2127.1	0.0168766
2125.17	0.0161194
2123.25	0.0160787
2121.32	0.0168776
2119.39	0.0168253
2117.46	0.0159177
2115.53	0.0154869
2113.61	0.0160432
2111.68	0.0159751
2109.75	0.0153235
2107.82	0.0159854
2105.89	0.0163383
2103.97	0.0155805
2102.04	0.0147264
2100.11	0.0141931
2098.18	0.0135992
2096.25	0.0139972
2094.33	0.0142195
2092.4	0.0138499
2090.47	0.0130979
2088.54	0.0128371
2086.61	0.0122279
2084.69	0.0102008
2082.76	0.00981938
2080.83	0.0111481
2078.9	0.0112107
2076.97	0.0105801
2075.05	0.0116678
2073.12	0.0129054
2071.19	0.0125741
2069.26	0.012314
2067.33	0.0116135
2065.41	0.00871936
2063.48	0.00974394
2061.55	0.0118822
2059.62	0.0117009
2057.69	0.0103867
2055.77	0.0100486
2053.84	0.0114497
2051.91	0.0119488
2049.98	0.0109925
2048.05	0.00979901
2046.12	0.0100184
2044.2	0.0115476
2042.27	0.0126052
2040.34	0.0116317
2038.41	0.00878863
2036.48	0.0101937
2034.56	0.0112665
2032.63	0.0103059
2030.7	0.0102281
2028.77	0.00956306
2026.84	0.00960103
2024.92	0.00865882
2022.99	0.00899097
2021.06	0.00843285
2019.13	0.00737245
2017.2	0.0104215
2015.28	0.0116491
2013.35	0.0113576
2011.42	0.0105598
2009.49	0.00896804
2007.56	0.00836045
2005.64	0.00999802
2003.71	0.0112773
2001.78	0.010356
