nAHh0529.spa, Thu Oct 26 05:04:23 2006 (GMT-10:00)
9999.26	-0.0204147
9997.33	-0.0190872
9995.4	-0.0182438
9993.48	-0.0191722
9991.55	-0.0205487
9989.62	-0.0204065
9987.69	-0.019317
9985.76	-0.0185972
9983.84	-0.0181768
9981.91	-0.0177424
9979.98	-0.0186607
9978.05	-0.0197475
9976.12	-0.0192153
9974.2	-0.0189221
9972.27	-0.0200764
9970.34	-0.0210879
9968.41	-0.0203793
9966.48	-0.0192204
9964.56	-0.0184036
9962.63	-0.0179856
9960.7	-0.0180572
9958.77	-0.0184675
9956.84	-0.0182657
9954.92	-0.0177044
9952.99	-0.0183172
9951.06	-0.019226
9949.13	-0.0189318
9947.2	-0.0176144
9945.28	-0.0178141
9943.35	-0.0186241
9941.42	-0.0182618
9939.49	-0.0179296
9937.56	-0.0183809
9935.64	-0.0189239
9933.71	-0.0193397
9931.78	-0.0194371
9929.85	-0.0197746
9927.92	-0.0199065
9926	-0.0190965
9924.07	-0.0187013
9922.14	-0.0195742
9920.21	-0.019485
9918.28	-0.0183196
9916.36	-0.0177806
9914.43	-0.0181448
9912.5	-0.0185265
9910.57	-0.0182874
9908.64	-0.0180347
9906.71	-0.018264
9904.79	-0.0181046
9902.86	-0.0173404
9900.93	-0.0174456
9899	-0.0179403
9897.08	-0.0178933
9895.15	-0.018031
9893.22	-0.0183146
9891.29	-0.0176519
9889.36	-0.0174417
9887.43	-0.0178046
9885.51	-0.0177857
9883.58	-0.0181015
9881.65	-0.0183064
9879.72	-0.0185873
9877.79	-0.0186617
9875.87	-0.0183561
9873.94	-0.0179533
9872.01	-0.0170871
9870.08	-0.0171535
9868.15	-0.0175358
9866.23	-0.0180155
9864.3	-0.0176946
9862.37	-0.0173225
9860.44	-0.0175045
9858.51	-0.0176369
9856.59	-0.0170816
9854.66	-0.0168849
9852.73	-0.0171746
9850.8	-0.0179022
9848.87	-0.0179334
9846.95	-0.0173986
9845.02	-0.0172502
9843.09	-0.0169931
9841.16	-0.0167522
9839.23	-0.0169305
9837.31	-0.0165155
9835.38	-0.0165251
9833.45	-0.0172333
9831.52	-0.0176778
9829.59	-0.017678
9827.67	-0.0173579
9825.74	-0.0173864
9823.81	-0.0173364
9821.88	-0.0169641
9819.95	-0.0174123
9818.03	-0.0174845
9816.1	-0.0173736
9814.17	-0.017608
9812.24	-0.017404
9810.31	-0.0167479
9808.39	-0.0165726
9806.46	-0.015783
9804.53	-0.0157851
9802.6	-0.0166464
9800.67	-0.017001
9798.75	-0.0166106
9796.82	-0.0155906
9794.89	-0.0156043
9792.96	-0.0156741
9791.03	-0.0155951
9789.11	-0.0161321
9787.18	-0.0163715
9785.25	-0.0160871
9783.32	-0.016426
9781.39	-0.0164449
9779.46	-0.0163765
9777.54	-0.0163711
9775.61	-0.0163021
9773.68	-0.0158563
9771.75	-0.015255
9769.83	-0.0154132
9767.9	-0.0168954
9765.97	-0.0179887
9764.04	-0.0171299
9762.11	-0.0164699
9760.18	-0.016256
9758.26	-0.0158236
9756.33	-0.0153681
9754.4	-0.0158076
9752.47	-0.0162438
9750.54	-0.0160915
9748.62	-0.0159428
9746.69	-0.0160909
9744.76	-0.0160936
9742.83	-0.0157651
9740.9	-0.0153067
9738.98	-0.0155097
9737.05	-0.0163591
9735.12	-0.0170493
9733.19	-0.0165043
9731.26	-0.0159874
9729.34	-0.0155862
9727.41	-0.0150366
9725.48	-0.0150923
9723.55	-0.0157361
9721.62	-0.015901
9719.7	-0.0161206
9717.77	-0.0163227
9715.84	-0.0165445
9713.91	-0.0162276
9711.98	-0.0160342
9710.06	-0.0161078
9708.13	-0.0162527
9706.2	-0.0161071
9704.27	-0.0159528
9702.34	-0.0152758
9700.42	-0.0150253
9698.49	-0.0152732
9696.56	-0.0155637
9694.63	-0.0151707
9692.7	-0.0148518
9690.78	-0.0148585
9688.85	-0.0152939
9686.92	-0.0152623
9684.99	-0.0146489
9683.06	-0.0142719
9681.14	-0.0151056
9679.21	-0.016132
9677.28	-0.0155993
9675.35	-0.0152925
9673.42	-0.0156706
9671.5	-0.0151422
9669.57	-0.014465
9667.64	-0.0143437
9665.71	-0.0141906
9663.78	-0.0144503
9661.86	-0.0152043
9659.93	-0.0155975
9658	-0.0151638
9656.07	-0.015222
9654.14	-0.0157824
9652.21	-0.015278
9650.29	-0.0144994
9648.36	-0.0148316
9646.43	-0.0147889
9644.5	-0.0145659
9642.57	-0.0144905
9640.65	-0.0144611
9638.72	-0.0149179
9636.79	-0.0147466
9634.86	-0.013882
9632.93	-0.014183
9631.01	-0.0149689
9629.08	-0.0151359
9627.15	-0.0148474
9625.22	-0.0147971
9623.29	-0.0151677
9621.37	-0.0148499
9619.44	-0.0141754
9617.51	-0.0139482
9615.58	-0.0140086
9613.65	-0.0144383
9611.73	-0.0147388
9609.8	-0.0144519
9607.87	-0.0140832
9605.94	-0.0140087
9604.01	-0.0146315
9602.09	-0.014443
9600.16	-0.0138611
9598.23	-0.0140099
9596.3	-0.0143849
9594.37	-0.0145762
9592.45	-0.0147466
9590.52	-0.0140797
9588.59	-0.0138763
9586.66	-0.0148064
9584.73	-0.014503
9582.81	-0.0142007
9580.88	-0.0142779
9578.95	-0.0142828
9577.02	-0.0141599
9575.09	-0.0143438
9573.17	-0.0145258
9571.24	-0.0142518
9569.31	-0.0139433
9567.38	-0.0139724
9565.45	-0.0141843
9563.53	-0.0143866
9561.6	-0.0140731
9559.67	-0.0140224
9557.74	-0.0143635
9555.81	-0.0142938
9553.88	-0.0140755
9551.96	-0.0137105
9550.03	-0.0136319
9548.1	-0.0140498
9546.17	-0.0135094
9544.25	-0.0134159
9542.32	-0.0140291
9540.39	-0.0139071
9538.46	-0.013801
9536.53	-0.0141004
9534.6	-0.0140997
9532.68	-0.0139404
9530.75	-0.0141288
9528.82	-0.0147793
9526.89	-0.0144739
9524.96	-0.0133632
9523.04	-0.0129666
9521.11	-0.0132459
9519.18	-0.0135689
9517.25	-0.0130694
9515.32	-0.0135971
9513.4	-0.0144861
9511.47	-0.0139966
9509.54	-0.0135445
9507.61	-0.0136141
9505.68	-0.0132016
9503.76	-0.0130776
9501.83	-0.0134288
9499.9	-0.0135631
9497.97	-0.0137476
9496.04	-0.0137931
9494.12	-0.0136182
9492.19	-0.0134913
9490.26	-0.013511
9488.33	-0.0132799
9486.4	-0.0134214
9484.48	-0.0138106
9482.55	-0.0134832
9480.62	-0.0129857
9478.69	-0.0128054
9476.76	-0.0128143
9474.84	-0.0128679
9472.91	-0.0128974
9470.98	-0.0126972
9469.05	-0.0122048
9467.12	-0.0123987
9465.2	-0.0127164
9463.27	-0.0129785
9461.34	-0.013458
9459.41	-0.0131521
9457.48	-0.0123553
9455.56	-0.012167
9453.63	-0.0127851
9451.7	-0.013261
9449.77	-0.0130009
9447.84	-0.0133166
9445.92	-0.0136957
9443.99	-0.0137721
9442.06	-0.0137906
9440.13	-0.0130411
9438.2	-0.0125747
9436.28	-0.012314
9434.35	-0.0118435
9432.42	-0.0123028
9430.49	-0.0126889
9428.56	-0.0131472
9426.63	-0.0139388
9424.71	-0.0134963
9422.78	-0.0127749
9420.85	-0.0129604
9418.92	-0.0133537
9417	-0.0127534
9415.07	-0.0120612
9413.14	-0.0123756
9411.21	-0.0131551
9409.28	-0.0129899
9407.35	-0.0130309
9405.43	-0.0130041
9403.5	-0.0124188
9401.57	-0.0123404
9399.64	-0.012362
9397.71	-0.0122458
9395.79	-0.0119317
9393.86	-0.0119856
9391.93	-0.0123875
9390	-0.0125367
9388.07	-0.0126844
9386.15	-0.0127633
9384.22	-0.0127832
9382.29	-0.0122059
9380.36	-0.0123451
9378.43	-0.0124447
9376.51	-0.0119436
9374.58	-0.0122886
9372.65	-0.0127728
9370.72	-0.0127368
9368.79	-0.0126164
9366.87	-0.0123967
9364.94	-0.0123365
9363.01	-0.0121766
9361.08	-0.0123679
9359.15	-0.0125508
9357.23	-0.0127138
9355.3	-0.0124653
9353.37	-0.0118185
9351.44	-0.0118218
9349.51	-0.0117725
9347.59	-0.0120236
9345.66	-0.012152
9343.73	-0.0120135
9341.8	-0.0121122
9339.87	-0.0121645
9337.95	-0.0118827
9336.02	-0.0121089
9334.09	-0.0125771
9332.16	-0.0124265
9330.23	-0.012356
9328.31	-0.0120785
9326.38	-0.0119293
9324.45	-0.0117937
9322.52	-0.0116151
9320.59	-0.0112058
9318.67	-0.0112877
9316.74	-0.0111902
9314.81	-0.011389
9312.88	-0.0118654
9310.95	-0.0119966
9309.03	-0.0122065
9307.1	-0.0124578
9305.17	-0.0119896
9303.24	-0.011637
9301.31	-0.0119028
9299.38	-0.0117361
9297.46	-0.0111891
9295.53	-0.0114979
9293.6	-0.0119445
9291.67	-0.0114654
9289.74	-0.0108383
9287.82	-0.0115135
9285.89	-0.0122361
9283.96	-0.0118667
9282.03	-0.0115977
9280.1	-0.0119391
9278.18	-0.0120084
9276.25	-0.0116657
9274.32	-0.0117962
9272.39	-0.0117994
9270.46	-0.0117896
9268.54	-0.0115919
9266.61	-0.0111098
9264.68	-0.0108279
9262.75	-0.0110641
9260.82	-0.0112718
9258.9	-0.0114492
9256.97	-0.0121513
9255.04	-0.0124184
9253.11	-0.0122708
9251.18	-0.0119044
9249.26	-0.0117781
9247.33	-0.0119138
9245.4	-0.0116818
9243.47	-0.0114917
9241.54	-0.0116428
9239.62	-0.0116895
9237.69	-0.0117686
9235.76	-0.0116564
9233.83	-0.0115071
9231.9	-0.0113539
9229.98	-0.01111
9228.05	-0.0112925
9226.12	-0.0111665
9224.19	-0.0111522
9222.26	-0.0115236
9220.34	-0.0118981
9218.41	-0.0116064
9216.48	-0.0115224
9214.55	-0.0115214
9212.62	-0.0113668
9210.7	-0.0111499
9208.77	-0.011308
9206.84	-0.0114046
9204.91	-0.0114723
9202.98	-0.0117211
9201.05	-0.0114209
9199.13	-0.0108252
9197.2	-0.010877
9195.27	-0.0113004
9193.34	-0.0112359
9191.42	-0.0108153
9189.49	-0.0107841
9187.56	-0.0107782
9185.63	-0.0105142
9183.7	-0.0111193
9181.77	-0.011341
9179.85	-0.0108647
9177.92	-0.0109072
9175.99	-0.0113369
9174.06	-0.0113858
9172.13	-0.0109131
9170.21	-0.0109925
9168.28	-0.0113998
9166.35	-0.0113267
9164.42	-0.0110985
9162.49	-0.0109933
9160.57	-0.0112157
9158.64	-0.0116366
9156.71	-0.0113891
9154.78	-0.0108171
9152.85	-0.0112092
9150.93	-0.011463
9149	-0.011112
9147.07	-0.0110912
9145.14	-0.0108916
9143.21	-0.0108676
9141.29	-0.0110205
9139.36	-0.0108347
9137.43	-0.0104609
9135.5	-0.0107352
9133.57	-0.0110192
9131.65	-0.0110876
9129.72	-0.0111309
9127.79	-0.0108543
9125.86	-0.0108709
9123.93	-0.0108435
9122.01	-0.0108406
9120.08	-0.0110571
9118.15	-0.0106652
9116.22	-0.0105209
9114.29	-0.0109069
9112.37	-0.0109841
9110.44	-0.01107
9108.51	-0.0107549
9106.58	-0.0105012
9104.65	-0.0109161
9102.73	-0.0111032
9100.8	-0.0106748
9098.87	-0.0102038
9096.94	-0.010334
9095.01	-0.0103353
9093.08	-0.0102733
9091.16	-0.0103655
9089.23	-0.0101142
9087.3	-0.0105389
9085.37	-0.0112061
9083.45	-0.0114813
9081.52	-0.0111114
9079.59	-0.011096
9077.66	-0.0109162
9075.73	-0.0104867
9073.8	-0.0109692
9071.88	-0.0111033
9069.95	-0.0106908
9068.02	-0.0105691
9066.09	-0.0104462
9064.17	-0.0102489
9062.24	-0.0100787
9060.31	-0.0102572
9058.38	-0.0105919
9056.45	-0.0107598
9054.52	-0.0106667
9052.6	-0.0105244
9050.67	-0.010904
9048.74	-0.0108035
9046.81	-0.0105592
9044.88	-0.0107161
9042.96	-0.0106944
9041.03	-0.0104762
9039.1	-0.0102726
9037.17	-0.00998802
9035.24	-0.00998119
9033.32	-0.010613
9031.39	-0.0109827
9029.46	-0.0107167
9027.53	-0.0103972
9025.6	-0.0104848
9023.68	-0.0107073
9021.75	-0.0102622
9019.82	-0.00988799
9017.89	-0.0102982
9015.96	-0.010258
9014.04	-0.010037
9012.11	-0.00979684
9010.18	-0.00991892
9008.25	-0.010384
9006.32	-0.0103924
9004.4	-0.0099103
9002.47	-0.00978462
9000.54	-0.00971286
8998.61	-0.00987066
8996.68	-0.0104539
8994.76	-0.0104927
8992.83	-0.0105227
8990.9	-0.0103414
8988.97	-0.00979616
8987.04	-0.0100002
8985.12	-0.0102075
8983.19	-0.00995386
8981.26	-0.00996662
8979.33	-0.0101371
8977.4	-0.0103308
8975.48	-0.0100673
8973.55	-0.00947996
8971.62	-0.00950256
8969.69	-0.0101683
8967.76	-0.010596
8965.83	-0.0105167
8963.91	-0.010385
8961.98	-0.0104216
8960.05	-0.010135
8958.12	-0.00986208
8956.2	-0.010213
8954.27	-0.0102835
8952.34	-0.0104368
8950.41	-0.0101904
8948.48	-0.00985346
8946.55	-0.00992921
8944.63	-0.0104342
8942.7	-0.0103835
8940.77	-0.00990651
8938.84	-0.0100009
8936.92	-0.00996807
8934.99	-0.00958985
8933.06	-0.00983555
8931.13	-0.00966734
8929.2	-0.00937414
8927.27	-0.00982185
8925.35	-0.00989404
8923.42	-0.00961134
8921.49	-0.0098783
8919.56	-0.00977257
8917.63	-0.00952454
8915.71	-0.00979334
8913.78	-0.00980639
8911.85	-0.00954006
8909.92	-0.0094172
8907.99	-0.00965509
8906.07	-0.0100029
8904.14	-0.00990272
8902.21	-0.00941476
8900.28	-0.00977238
8898.35	-0.00991399
8896.43	-0.00969689
8894.5	-0.00987542
8892.57	-0.00996519
8890.64	-0.0101639
8888.71	-0.0100309
8886.79	-0.00980866
8884.86	-0.00969002
8882.93	-0.00944109
8881	-0.0097172
8879.07	-0.0100379
8877.15	-0.00979946
8875.22	-0.00969494
8873.29	-0.00945331
8871.36	-0.00918985
8869.43	-0.00933967
8867.51	-0.00958207
8865.58	-0.0100738
8863.65	-0.010307
8861.72	-0.00996218
8859.79	-0.00959507
8857.87	-0.00964054
8855.94	-0.00947964
8854.01	-0.00941237
8852.08	-0.00973755
8850.15	-0.00991892
8848.22	-0.0097219
8846.3	-0.00969669
8844.37	-0.00967291
8842.44	-0.00966461
8840.51	-0.00986748
8838.58	-0.00985722
8836.66	-0.0100951
8834.73	-0.0101999
8832.8	-0.00960476
8830.87	-0.00922433
8828.94	-0.00931113
8827.02	-0.00941003
8825.09	-0.00950612
8823.16	-0.00926452
8821.23	-0.00905871
8819.3	-0.0092365
8817.38	-0.0095198
8815.45	-0.00930146
8813.52	-0.00900892
8811.59	-0.00911082
8809.66	-0.00920052
8807.74	-0.00928139
8805.81	-0.00930094
8803.88	-0.00929588
8801.95	-0.00941966
8800.02	-0.00932841
8798.1	-0.00956444
8796.17	-0.00951484
8794.24	-0.00929138
8792.31	-0.00918615
8790.38	-0.0092485
8788.46	-0.00959335
8786.53	-0.00962916
8784.6	-0.00939129
8782.67	-0.00934576
8780.74	-0.00963529
8778.82	-0.00969747
8776.89	-0.00951021
8774.96	-0.00959027
8773.03	-0.00974465
8771.1	-0.0094751
8769.18	-0.0090797
8767.25	-0.00896105
8765.32	-0.00927406
8763.39	-0.00918271
8761.46	-0.00925067
8759.54	-0.00953763
8757.61	-0.0100461
8755.68	-0.00989968
8753.75	-0.00911594
8751.82	-0.00901996
8749.9	-0.00943694
8747.97	-0.00973577
8746.04	-0.00951844
8744.11	-0.00914738
8742.18	-0.00896647
8740.25	-0.00914651
8738.33	-0.00912243
8736.4	-0.00895557
8734.47	-0.00892665
8732.54	-0.00901084
8730.62	-0.00940322
8728.69	-0.00933263
8726.76	-0.00881887
8724.83	-0.00875656
8722.9	-0.00901165
8720.97	-0.00939165
8719.05	-0.00935714
8717.12	-0.00922868
8715.19	-0.00948087
8713.26	-0.00973185
8711.33	-0.009391
8709.41	-0.00906769
8707.48	-0.00889662
8705.55	-0.00906935
8703.62	-0.00945396
8701.69	-0.00956256
8699.77	-0.00919598
8697.84	-0.00870089
8695.91	-0.00874922
8693.98	-0.00908512
8692.05	-0.00920571
8690.13	-0.00929517
8688.2	-0.0092711
8686.27	-0.00901425
8684.34	-0.00906273
8682.41	-0.00889334
8680.49	-0.00884536
8678.56	-0.00915134
8676.63	-0.00875149
8674.7	-0.00860677
8672.77	-0.00889308
8670.85	-0.00909404
8668.92	-0.00892129
8666.99	-0.00883042
8665.06	-0.00879026
8663.13	-0.00894369
8661.21	-0.00922738
8659.28	-0.00915945
8657.35	-0.00918395
8655.42	-0.00912153
8653.49	-0.00914703
8651.57	-0.00927182
8649.64	-0.00905248
8647.71	-0.00903816
8645.78	-0.00900714
8643.85	-0.00861875
8641.93	-0.00865818
8640	-0.00901902
8638.07	-0.00874272
8636.14	-0.00840425
8634.21	-0.00886124
8632.29	-0.00924895
8630.36	-0.0090282
8628.43	-0.00864185
8626.5	-0.00831334
8624.57	-0.00834428
8622.65	-0.00876048
8620.72	-0.00881789
8618.79	-0.0089606
8616.86	-0.00941558
8614.93	-0.00933175
8613	-0.00877825
8611.08	-0.00886334
8609.15	-0.00891736
8607.22	-0.00862681
8605.29	-0.00869021
8603.37	-0.00883728
8601.44	-0.00888984
8599.51	-0.00886091
8597.58	-0.00892804
8595.65	-0.00882257
8593.72	-0.00851671
8591.8	-0.00854218
8589.87	-0.00882815
8587.94	-0.00877036
8586.01	-0.00859007
8584.08	-0.00872246
8582.16	-0.00908583
8580.23	-0.00901516
8578.3	-0.00882724
8576.37	-0.00876023
8574.44	-0.00866169
8572.52	-0.00834158
8570.59	-0.00842823
8568.66	-0.00872967
8566.73	-0.00898475
8564.8	-0.00896404
8562.88	-0.00843467
8560.95	-0.00804564
8559.02	-0.00822052
8557.09	-0.00868599
8555.16	-0.00868654
8553.24	-0.00854647
8551.31	-0.00856574
8549.38	-0.00856551
8547.45	-0.00854514
8545.52	-0.00830089
8543.6	-0.00831314
8541.67	-0.00859981
8539.74	-0.00871366
8537.81	-0.00875285
8535.88	-0.00890383
8533.96	-0.00889471
8532.03	-0.00869495
8530.1	-0.00859712
8528.17	-0.00866533
8526.24	-0.00824162
8524.32	-0.00789355
8522.39	-0.00832943
8520.46	-0.00868202
8518.53	-0.00844233
8516.6	-0.0082187
8514.68	-0.00809286
8512.75	-0.00835514
8510.82	-0.00851931
8508.89	-0.00811231
8506.96	-0.00789876
8505.04	-0.00807445
8503.11	-0.00821526
8501.18	-0.00829985
8499.25	-0.00838546
8497.32	-0.00853032
8495.39	-0.00871294
8493.47	-0.00875581
8491.54	-0.0084538
8489.61	-0.00839749
8487.68	-0.00817643
8485.75	-0.00797713
8483.83	-0.00833528
8481.9	-0.00852626
8479.97	-0.00874301
8478.04	-0.00868868
8476.11	-0.00855424
8474.19	-0.00848591
8472.26	-0.00858338
8470.33	-0.00865542
8468.4	-0.00867283
8466.47	-0.00823772
8464.55	-0.00807305
8462.62	-0.00839404
8460.69	-0.008548
8458.76	-0.00831529
8456.83	-0.00833021
8454.91	-0.00828743
8452.98	-0.00801525
8451.05	-0.00830511
8449.12	-0.00832471
8447.19	-0.00833463
8445.27	-0.00861284
8443.34	-0.00848448
8441.41	-0.00820118
8439.48	-0.00805175
8437.55	-0.00828551
8435.63	-0.00851346
8433.7	-0.00823736
8431.77	-0.00807829
8429.84	-0.00798247
8427.91	-0.00792869
8425.99	-0.00812223
8424.06	-0.00823437
8422.13	-0.00823369
8420.2	-0.00820462
8418.27	-0.00809406
8416.35	-0.00816515
8414.42	-0.00827511
8412.49	-0.00836671
8410.56	-0.00821038
8408.63	-0.00791353
8406.71	-0.00796584
8404.78	-0.00840977
8402.85	-0.00823151
8400.92	-0.00806313
8398.99	-0.00823831
8397.07	-0.00860569
8395.14	-0.00868355
8393.21	-0.00849134
8391.28	-0.00839141
8389.35	-0.00847636
8387.43	-0.00842248
8385.5	-0.00823675
8383.57	-0.00816873
8381.64	-0.00844812
8379.71	-0.00819997
8377.79	-0.00794928
8375.86	-0.00794648
8373.93	-0.00804284
8372	-0.00797632
8370.07	-0.0077999
8368.14	-0.00796483
8366.22	-0.00797118
8364.29	-0.00808883
8362.36	-0.00816434
8360.43	-0.00788171
8358.5	-0.00774942
8356.58	-0.00782004
8354.65	-0.00797876
8352.72	-0.00812574
8350.79	-0.00796148
8348.86	-0.00804853
8346.94	-0.00828632
8345.01	-0.00835953
8343.08	-0.00820062
8341.15	-0.00799486
8339.22	-0.00801226
8337.3	-0.00805861
8335.37	-0.00812203
8333.44	-0.00815692
8331.51	-0.00808265
8329.58	-0.00821887
8327.66	-0.00820823
8325.73	-0.00812304
8323.8	-0.00806395
8321.87	-0.00795735
8319.94	-0.00793764
8318.02	-0.00809208
8316.09	-0.00797895
8314.16	-0.00771326
8312.23	-0.00759173
8310.3	-0.00805484
8308.38	-0.00831883
8306.45	-0.00799203
8304.52	-0.00772745
8302.59	-0.00765043
8300.66	-0.00775739
8298.74	-0.00796249
8296.81	-0.00779401
8294.88	-0.0077998
8292.95	-0.00788532
8291.02	-0.00802511
8289.1	-0.0076741
8287.17	-0.00755855
8285.24	-0.00778678
8283.31	-0.00756812
8281.38	-0.0078533
8279.46	-0.0081765
8277.53	-0.00810119
8275.6	-0.00798559
8273.67	-0.00782512
8271.74	-0.00763096
8269.82	-0.00774978
8267.89	-0.00809637
8265.96	-0.00830151
8264.03	-0.00810063
8262.1	-0.00779889
8260.17	-0.00787679
8258.25	-0.00813868
8256.32	-0.00791759
8254.39	-0.00788939
8252.46	-0.00783104
8250.54	-0.00767667
8248.61	-0.00782463
8246.68	-0.00803269
8244.75	-0.00780758
8242.82	-0.00749902
8240.89	-0.00777113
8238.97	-0.00800595
8237.04	-0.00778389
8235.11	-0.0076808
8233.18	-0.00768884
8231.25	-0.00789553
8229.33	-0.008
8227.4	-0.00797358
8225.47	-0.00798334
8223.54	-0.00805555
8221.61	-0.00781435
8219.69	-0.00762774
8217.76	-0.00743385
8215.83	-0.00762311
8213.9	-0.00766957
8211.97	-0.00770658
8210.05	-0.00768197
8208.12	-0.00751247
8206.19	-0.00760185
8204.26	-0.00768064
8202.33	-0.00768884
8200.41	-0.0078233
8198.48	-0.00786196
8196.55	-0.00771391
8194.62	-0.00730328
8192.69	-0.00744629
8190.77	-0.0077487
8188.84	-0.00796737
8186.91	-0.00794902
8184.98	-0.00818118
8183.05	-0.00808626
8181.13	-0.00751266
8179.2	-0.00751999
8177.27	-0.00776804
8175.34	-0.00804505
8173.41	-0.00811979
8171.49	-0.00777269
8169.56	-0.00763037
8167.63	-0.00772077
8165.7	-0.00756389
8163.77	-0.0075096
8161.85	-0.00778694
8159.92	-0.00777331
8157.99	-0.00756379
8156.06	-0.00729445
8154.13	-0.0071963
8152.21	-0.00752217
8150.28	-0.00777712
8148.35	-0.00775567
8146.42	-0.00745652
8144.49	-0.00707554
8142.56	-0.00712757
8140.64	-0.00739958
8138.71	-0.00741922
8136.78	-0.00783683
8134.85	-0.00799662
8132.92	-0.00767491
8131	-0.00755249
8129.07	-0.00757258
8127.14	-0.0076598
8125.21	-0.00768262
8123.28	-0.00761237
8121.36	-0.00757727
8119.43	-0.00742909
8117.5	-0.00733668
8115.57	-0.00723658
8113.64	-0.00714644
8111.72	-0.00728562
8109.79	-0.00749902
8107.86	-0.00742101
8105.93	-0.00735844
8104	-0.00725418
8102.08	-0.007324
8100.15	-0.00741092
8098.22	-0.00736293
8096.29	-0.00753546
8094.36	-0.00750309
8092.44	-0.00728549
8090.51	-0.00699802
8088.58	-0.00711528
8086.65	-0.00734808
8084.72	-0.00711593
8082.8	-0.00693733
8080.87	-0.00730957
8078.94	-0.00741434
8077.01	-0.00723707
8075.08	-0.00722267
8073.16	-0.00720012
8071.23	-0.00725164
8069.3	-0.00741134
8067.37	-0.00764515
8065.44	-0.00773523
8063.52	-0.00756558
8061.59	-0.0074187
8059.66	-0.00754803
8057.73	-0.00762826
8055.8	-0.00737821
8053.88	-0.0070031
8051.95	-0.00712515
8050.02	-0.00713034
8048.09	-0.0071085
8046.16	-0.00712721
8044.24	-0.00705165
8042.31	-0.00708884
8040.38	-0.00720556
8038.45	-0.00721706
8036.52	-0.00696782
8034.6	-0.00704258
8032.67	-0.00713229
8030.74	-0.00719686
8028.81	-0.00712506
8026.88	-0.00686008
8024.96	-0.00706954
8023.03	-0.0072258
8021.1	-0.00737616
8019.17	-0.00747785
8017.24	-0.00716717
8015.31	-0.00713963
8013.39	-0.00713855
8011.46	-0.0070402
8009.53	-0.00723479
8007.6	-0.00716208
8005.67	-0.00699485
8003.75	-0.00687906
8001.82	-0.0068574
7999.89	-0.00702814
7997.96	-0.00710648
7996.03	-0.00730149
7994.11	-0.00723342
7992.18	-0.00724717
7990.25	-0.00730006
7988.32	-0.00717088
7986.39	-0.00724046
7984.47	-0.00730107
7982.54	-0.0072125
7980.61	-0.00716945
7978.68	-0.0071849
7976.75	-0.00700564
7974.83	-0.00691297
7972.9	-0.0068574
7970.97	-0.00701565
7969.04	-0.00714507
7967.11	-0.00714725
7965.19	-0.00692041
7963.26	-0.00665782
7961.33	-0.00673149
7959.4	-0.00694402
7957.47	-0.00698634
7955.55	-0.0067755
7953.62	-0.00671554
7951.69	-0.00700072
7949.76	-0.00708063
7947.83	-0.00701148
7945.91	-0.00692948
7943.98	-0.0068122
7942.05	-0.00687824
7940.12	-0.00708389
7938.19	-0.00716713
7936.27	-0.00704744
7934.34	-0.00680995
7932.41	-0.00683043
7930.48	-0.00700209
7928.55	-0.00695012
7926.63	-0.00705888
7924.7	-0.00709174
7922.77	-0.00697982
7920.84	-0.0069777
7918.91	-0.00692879
7916.99	-0.00663707
7915.06	-0.00646036
7913.13	-0.00663814
7911.2	-0.00680078
7909.27	-0.00695869
7907.35	-0.00696583
7905.42	-0.00696081
7903.49	-0.00691232
7901.56	-0.00687113
7899.63	-0.00693071
7897.71	-0.00674193
7895.78	-0.00656768
7893.85	-0.00675713
7891.92	-0.00686125
7889.99	-0.00681794
7888.06	-0.00668731
7886.14	-0.00657738
7884.21	-0.00658253
7882.28	-0.00678985
7880.35	-0.00710804
7878.42	-0.00721162
7876.5	-0.00708369
7874.57	-0.00701096
7872.64	-0.00684178
7870.71	-0.0066972
7868.78	-0.00670395
7866.86	-0.0066154
7864.93	-0.0066014
7863	-0.00671227
7861.07	-0.00664395
7859.14	-0.00688698
7857.22	-0.00696267
7855.29	-0.0067894
7853.36	-0.00659849
7851.43	-0.00636411
7849.5	-0.00636859
7847.58	-0.00634864
7845.65	-0.00660965
7843.72	-0.00661011
7841.79	-0.00632839
7839.86	-0.00652183
7837.94	-0.00670366
7836.01	-0.00650208
7834.08	-0.00665573
7832.15	-0.00669413
7830.22	-0.00661422
7828.3	-0.00669022
7826.37	-0.00663612
7824.44	-0.00672425
7822.51	-0.00696407
7820.58	-0.00663775
7818.66	-0.00632656
7816.73	-0.00642471
7814.8	-0.00646944
7812.87	-0.00642749
7810.94	-0.00630726
7809.02	-0.00625981
7807.09	-0.00640467
7805.16	-0.00653217
7803.23	-0.00666731
7801.3	-0.006903
7799.38	-0.00677915
7797.45	-0.00637149
7795.52	-0.00617113
7793.59	-0.00651128
7791.66	-0.00675955
7789.74	-0.00662434
7787.81	-0.00650512
7785.88	-0.00653622
7783.95	-0.00648067
7782.02	-0.00633512
7780.09	-0.00642468
7778.17	-0.00640672
7776.24	-0.00635141
7774.31	-0.00643601
7772.38	-0.00650476
7770.46	-0.00654732
7768.53	-0.0064586
7766.6	-0.00656922
7764.67	-0.00654278
7762.74	-0.00624818
7760.81	-0.0062053
7758.89	-0.00626416
7756.96	-0.00636957
7755.03	-0.00619367
7753.1	-0.00636764
7751.17	-0.00649966
7749.25	-0.00638217
7747.32	-0.00641018
7745.39	-0.00627284
7743.46	-0.00631177
7741.53	-0.00624293
7739.61	-0.0061269
7737.68	-0.0060045
7735.75	-0.00621278
7733.82	-0.00645272
7731.89	-0.00638246
7729.97	-0.00625129
7728.04	-0.00622731
7726.11	-0.00611089
7724.18	-0.00635967
7722.25	-0.00655492
7720.33	-0.00629952
7718.4	-0.00607613
7716.47	-0.00627274
7714.54	-0.00640875
7712.61	-0.0063153
7710.69	-0.00632859
7708.76	-0.00643389
7706.83	-0.00629583
7704.9	-0.00626569
7702.97	-0.00619109
7701.05	-0.00599381
7699.12	-0.00598757
7697.19	-0.00606897
7695.26	-0.00613869
7693.33	-0.00628672
7691.41	-0.00643043
7689.48	-0.00608148
7687.55	-0.00596306
7685.62	-0.00601296
7683.69	-0.00603211
7681.77	-0.00627712
7679.84	-0.00627849
7677.91	-0.00621471
7675.98	-0.00624782
7674.05	-0.00605793
7672.12	-0.00606162
7670.2	-0.00629028
7668.27	-0.00631523
7666.34	-0.00620899
7664.41	-0.00617606
7662.48	-0.00624057
7660.56	-0.00624577
7658.63	-0.00631892
7656.7	-0.0064793
7654.77	-0.00629234
7652.84	-0.0062521
7650.92	-0.0063409
7648.99	-0.00620608
7647.06	-0.00621206
7645.13	-0.00639892
7643.2	-0.00639641
7641.28	-0.006202
7639.35	-0.00607639
7637.42	-0.00598535
7635.49	-0.00599492
7633.56	-0.00619674
7631.64	-0.00617597
7629.71	-0.00595698
7627.78	-0.00610537
7625.85	-0.00615656
7623.92	-0.00621814
7622	-0.00634371
7620.07	-0.0063105
7618.14	-0.00618057
7616.21	-0.00617025
7614.28	-0.00610981
7612.36	-0.00610311
7610.43	-0.0061433
7608.5	-0.00606397
7606.57	-0.00599747
7604.64	-0.00611942
7602.72	-0.00635285
7600.79	-0.00640499
7598.86	-0.0062718
7596.93	-0.0062539
7595	-0.00621977
7593.08	-0.00613634
7591.15	-0.00607907
7589.22	-0.00593061
7587.29	-0.00596175
7585.36	-0.00616564
7583.44	-0.00638406
7581.51	-0.00645318
7579.58	-0.00627614
7577.65	-0.00604825
7575.72	-0.00598656
7573.8	-0.00597303
7571.87	-0.00596502
7569.94	-0.00584483
7568.01	-0.00586
7566.08	-0.0059712
7564.16	-0.00595179
7562.23	-0.00604897
7560.3	-0.00627105
7558.37	-0.00620118
7556.44	-0.00607505
7554.52	-0.00600881
7552.59	-0.00590982
7550.66	-0.00603613
7548.73	-0.00603976
7546.8	-0.00581087
7544.88	-0.00584235
7542.95	-0.00583228
7541.02	-0.00572677
7539.09	-0.00577193
7537.16	-0.00575038
7535.23	-0.00567144
7533.31	-0.00568406
7531.38	-0.0057577
7529.45	-0.00586788
7527.52	-0.00578059
7525.59	-0.00583983
7523.67	-0.00607913
7521.74	-0.00593626
7519.81	-0.00569649
7517.88	-0.00582901
7515.95	-0.0058991
7514.03	-0.00590142
7512.1	-0.00592302
7510.17	-0.00597159
7508.24	-0.00590096
7506.31	-0.00584934
7504.39	-0.00588534
7502.46	-0.00575447
7500.53	-0.0057423
7498.6	-0.00585542
7496.67	-0.00587353
7494.75	-0.00600123
7492.82	-0.00593544
7490.89	-0.00603273
7488.96	-0.00622068
7487.03	-0.00604136
7485.11	-0.00572876
7483.18	-0.00564475
7481.25	-0.00567523
7479.32	-0.00555169
7477.39	-0.00566751
7475.47	-0.00577487
7473.54	-0.00560259
7471.61	-0.00540164
7469.68	-0.00549545
7467.75	-0.00566169
7465.83	-0.00569152
7463.9	-0.00566509
7461.97	-0.00578363
7460.04	-0.00589076
7458.11	-0.00575028
7456.19	-0.00568341
7454.26	-0.00578631
7452.33	-0.00572867
7450.4	-0.00571977
7448.47	-0.00578098
7446.54	-0.00576754
7444.62	-0.0056628
7442.69	-0.00569394
7440.76	-0.00559719
7438.83	-0.00559883
7436.91	-0.00581691
7434.98	-0.00573386
7433.05	-0.00578026
7431.12	-0.00581538
7429.19	-0.00576908
7427.26	-0.00571634
7425.34	-0.00567896
7423.41	-0.00588305
7421.48	-0.00595531
7419.55	-0.00588131
7417.62	-0.00582829
7415.7	-0.00566797
7413.77	-0.00558551
7411.84	-0.00543819
7409.91	-0.00534719
7407.98	-0.00541424
7406.06	-0.00551561
7404.13	-0.00559023
7402.2	-0.00561675
7400.27	-0.0054608
7398.34	-0.00548207
7396.42	-0.00551858
7394.49	-0.00563546
7392.56	-0.00573494
7390.63	-0.00564236
7388.7	-0.00554207
7386.78	-0.00549696
7384.85	-0.00549719
7382.92	-0.00545524
7380.99	-0.00535756
7379.06	-0.0055175
7377.14	-0.00561636
7375.21	-0.0054646
7373.28	-0.0053679
7371.35	-0.00552732
7369.42	-0.00555849
7367.5	-0.00531982
7365.57	-0.00555405
7363.64	-0.00567572
7361.71	-0.00547805
7359.78	-0.00527871
7357.86	-0.00517588
7355.93	-0.00536466
7354	-0.00550497
7352.07	-0.00562447
7350.14	-0.00564246
7348.22	-0.00541509
7346.29	-0.00526526
7344.36	-0.00511256
7342.43	-0.00521635
7340.5	-0.00547219
7338.58	-0.00543954
7336.65	-0.00532424
7334.72	-0.00544726
7332.79	-0.00550543
7330.86	-0.00533619
7328.94	-0.00532365
7327.01	-0.00534329
7325.08	-0.00524352
7323.15	-0.00522755
7321.22	-0.00528578
7319.29	-0.00535743
7317.37	-0.00546545
7315.44	-0.00548227
7313.51	-0.00550216
7311.58	-0.00550936
7309.65	-0.00541202
7307.73	-0.00532375
7305.8	-0.0053718
7303.87	-0.00539916
7301.94	-0.00522123
7300.01	-0.00535383
7298.09	-0.0055492
7296.16	-0.00558457
7294.23	-0.00545946
7292.3	-0.00536911
7290.37	-0.00525681
7288.45	-0.00520905
7286.52	-0.00539097
7284.59	-0.00536829
7282.66	-0.00511056
7280.73	-0.0050989
7278.81	-0.00519952
7276.88	-0.00509949
7274.95	-0.00493405
7273.02	-0.00502842
7271.09	-0.00525315
7269.17	-0.00518623
7267.24	-0.00508482
7265.31	-0.00519026
7263.38	-0.00520659
7261.45	-0.00514019
7259.53	-0.00521059
7257.6	-0.00529927
7255.67	-0.00536489
7253.74	-0.00526578
7251.81	-0.00512326
7249.89	-0.00517461
7247.96	-0.00529793
7246.03	-0.00543361
7244.1	-0.00529338
7242.17	-0.0050315
7240.25	-0.00511635
7238.32	-0.00523341
7236.39	-0.00529488
7234.46	-0.00511881
7232.53	-0.00501784
7230.61	-0.00512821
7228.68	-0.00503786
7226.75	-0.00490738
7224.82	-0.00512019
7222.89	-0.00533026
7220.97	-0.00519926
7219.04	-0.00508816
7217.11	-0.0051567
7215.18	-0.00509864
7213.25	-0.00494686
7211.33	-0.00487891
7209.4	-0.00504945
7207.47	-0.00500897
7205.54	-0.00495227
7203.61	-0.00495738
7201.69	-0.00510902
7199.76	-0.00521579
7197.83	-0.00518106
7195.9	-0.00507493
7193.97	-0.00492131
7192.04	-0.00480371
7190.12	-0.00485336
7188.19	-0.00494427
7186.26	-0.0050165
7184.33	-0.00503304
7182.4	-0.00509484
7180.48	-0.00513011
7178.55	-0.00513603
7176.62	-0.0050074
7174.69	-0.00484405
7172.76	-0.00492298
7170.84	-0.00510303
7168.91	-0.00521033
7166.98	-0.00512418
7165.05	-0.00515833
7163.12	-0.00512801
7161.2	-0.00481155
7159.27	-0.00475308
7157.34	-0.00498473
7155.41	-0.00509707
7153.48	-0.00497775
7151.56	-0.00487544
7149.63	-0.0048873
7147.7	-0.00498728
7145.77	-0.00497828
7143.84	-0.00497556
7141.92	-0.00492098
7139.99	-0.00482901
7138.06	-0.00475521
7136.13	-0.00480257
7134.2	-0.00490395
7132.28	-0.00479811
7130.35	-0.00475915
7128.42	-0.00499154
7126.49	-0.00522853
7124.56	-0.00525354
7122.64	-0.00512818
7120.71	-0.00497408
7118.78	-0.00476301
7116.85	-0.00490427
7114.92	-0.00497038
7113	-0.0048894
7111.07	-0.0048507
7109.14	-0.00494051
7107.21	-0.00494372
7105.28	-0.00489346
7103.36	-0.00482839
7101.43	-0.00484241
7099.5	-0.00495535
7097.57	-0.00498348
7095.64	-0.0048776
7093.71	-0.00474427
7091.79	-0.00483206
7089.86	-0.00501696
7087.93	-0.00497372
7086	-0.00488275
7084.08	-0.00479847
7082.15	-0.00476485
7080.22	-0.00482728
7078.29	-0.00477461
7076.36	-0.0046738
7074.43	-0.00470038
7072.51	-0.0046872
7070.58	-0.00479297
7068.65	-0.00478782
7066.72	-0.0047757
7064.79	-0.00494113
7062.87	-0.00471015
7060.94	-0.00456761
7059.01	-0.00467521
7057.08	-0.00482567
7055.15	-0.00481466
7053.23	-0.00471152
7051.3	-0.00469245
7049.37	-0.0046975
7047.44	-0.00465059
7045.51	-0.00475666
7043.59	-0.00469091
7041.66	-0.00474394
7039.73	-0.00471959
7037.8	-0.00464443
7035.87	-0.00477832
7033.95	-0.0047697
7032.02	-0.00480807
7030.09	-0.00483907
7028.16	-0.0048722
7026.23	-0.00485762
7024.31	-0.0047032
7022.38	-0.00460473
7020.45	-0.00465816
7018.52	-0.00468002
7016.59	-0.00458876
7014.67	-0.00465387
7012.74	-0.00456938
7010.81	-0.00451079
7008.88	-0.00445202
7006.95	-0.00458194
7005.03	-0.00478333
7003.1	-0.00468819
7001.17	-0.00466445
6999.24	-0.00469464
6997.31	-0.00461672
6995.39	-0.00449921
6993.46	-0.00446734
6991.53	-0.00461109
6989.6	-0.00472935
6987.67	-0.00477589
6985.75	-0.00459859
6983.82	-0.00445881
6981.89	-0.00465121
6979.96	-0.00472188
6978.03	-0.00470677
6976.1	-0.00468665
6974.18	-0.00468983
6972.25	-0.00473607
6970.32	-0.00474846
6968.39	-0.00461345
6966.46	-0.00458846
6964.54	-0.00462266
6962.61	-0.00443156
6960.68	-0.00449587
6958.75	-0.00458178
6956.82	-0.00447639
6954.9	-0.00443602
6952.97	-0.00439164
6951.04	-0.00457856
6949.11	-0.0047929
6947.18	-0.00481063
6945.26	-0.0046699
6943.33	-0.00451564
6941.4	-0.00442086
6939.47	-0.00453276
6937.54	-0.00457292
6935.62	-0.00447117
6933.69	-0.00448465
6931.76	-0.00449921
6929.83	-0.00440158
6927.9	-0.00437268
6925.98	-0.00443047
6924.05	-0.00427433
6922.12	-0.00426462
6920.19	-0.00438783
6918.26	-0.00444474
6916.34	-0.00443536
6914.41	-0.00442053
6912.48	-0.00447088
6910.55	-0.00437212
6908.62	-0.0044474
6906.7	-0.00450787
6904.77	-0.00453859
6902.84	-0.00450361
6900.91	-0.00436094
6898.98	-0.0043776
6897.06	-0.00433715
6895.13	-0.00441204
6893.2	-0.00468009
6891.27	-0.00456551
6889.34	-0.00444592
6887.42	-0.00460214
6885.49	-0.00454194
6883.56	-0.00448117
6881.63	-0.00448111
6879.7	-0.00439243
6877.78	-0.00428217
6875.85	-0.00431153
6873.92	-0.00441834
6871.99	-0.00436212
6870.06	-0.00443772
6868.14	-0.00441161
6866.21	-0.00447721
6864.28	-0.00452446
6862.35	-0.00425996
6860.42	-0.00420552
6858.5	-0.00426606
6856.57	-0.00430842
6854.64	-0.00445202
6852.71	-0.00467989
6850.78	-0.00461728
6848.85	-0.00432364
6846.93	-0.00423883
6845	-0.0043364
6843.07	-0.00441158
6841.14	-0.00433968
6839.21	-0.00428712
6837.29	-0.00427016
6835.36	-0.00418947
6833.43	-0.00427508
6831.5	-0.00436274
6829.57	-0.00434296
6827.65	-0.00440922
6825.72	-0.00429815
6823.79	-0.00412361
6821.86	-0.0042469
6819.93	-0.00425002
6818.01	-0.00425484
6816.08	-0.00432173
6814.15	-0.00434578
6812.22	-0.00429323
6810.29	-0.00424145
6808.37	-0.0042176
6806.44	-0.00409725
6804.51	-0.0040014
6802.58	-0.00406873
6800.65	-0.00424893
6798.73	-0.00433541
6796.8	-0.00449285
6794.87	-0.00446104
6792.94	-0.00437022
6791.01	-0.00431025
6789.09	-0.00418767
6787.16	-0.0042408
6785.23	-0.00429539
6783.3	-0.00434089
6781.37	-0.00428548
6779.45	-0.00411468
6777.52	-0.00411783
6775.59	-0.00411491
6773.66	-0.00404998
6771.73	-0.00401098
6769.81	-0.00397763
6767.88	-0.00396246
6765.95	-0.00393777
6764.02	-0.00393577
6762.09	-0.00391028
6760.17	-0.00392125
6758.24	-0.00397142
6756.31	-0.00402664
6754.38	-0.00403157
6752.45	-0.00406725
6750.53	-0.00404775
6748.6	-0.00396988
6746.67	-0.00399956
6744.74	-0.00395635
6742.81	-0.00393905
6740.88	-0.00391994
6738.96	-0.0039816
6737.03	-0.00406814
6735.1	-0.00394716
6733.17	-0.00379918
6731.25	-0.0037687
6729.32	-0.00392907
6727.39	-0.00395501
6725.46	-0.00391511
6723.53	-0.00412259
6721.6	-0.0042069
6719.68	-0.00403304
6717.75	-0.00386303
6715.82	-0.00390516
6713.89	-0.00399365
6711.96	-0.0040318
6710.04	-0.00402733
6708.11	-0.00410378
6706.18	-0.00415013
6704.25	-0.00410966
6702.32	-0.00402769
6700.4	-0.00405028
6698.47	-0.00415488
6696.54	-0.00401509
6694.61	-0.00387127
6692.68	-0.00394512
6690.76	-0.00406758
6688.83	-0.00407756
6686.9	-0.00401729
6684.97	-0.00410565
6683.04	-0.00407234
6681.12	-0.00407188
6679.19	-0.00399811
6677.26	-0.00391531
6675.33	-0.00390858
6673.4	-0.00386835
6671.48	-0.00394562
6669.55	-0.00385029
6667.62	-0.00371338
6665.69	-0.00372508
6663.76	-0.00387682
6661.84	-0.00404398
6659.91	-0.00393987
6657.98	-0.00379215
6656.05	-0.00391587
6654.12	-0.00393212
6652.2	-0.00390053
6650.27	-0.003856
6648.34	-0.00381689
6646.41	-0.00389672
6644.48	-0.00391163
6642.56	-0.00377143
6640.63	-0.00381744
6638.7	-0.00387318
6636.77	-0.00378138
6634.84	-0.00376998
6632.92	-0.00390375
6630.99	-0.00389699
6629.06	-0.00378861
6627.13	-0.00371962
6625.2	-0.00387837
6623.27	-0.00403626
6621.35	-0.00399933
6619.42	-0.003845
6617.49	-0.00381787
6615.56	-0.00382891
6613.63	-0.0037846
6611.71	-0.0038138
6609.78	-0.00381074
6607.85	-0.00374837
6605.92	-0.00379104
6603.99	-0.00384635
6602.07	-0.00373283
6600.14	-0.00360032
6598.21	-0.00368513
6596.28	-0.00388556
6594.35	-0.00387725
6592.43	-0.0038386
6590.5	-0.00376722
6588.57	-0.00366377
6586.64	-0.00370494
6584.71	-0.00372511
6582.79	-0.00368082
6580.86	-0.00366821
6578.93	-0.00358846
6577	-0.00357844
6575.07	-0.00374035
6573.15	-0.00393412
6571.22	-0.00390434
6569.29	-0.00373473
6567.36	-0.00378085
6565.43	-0.003843
6563.51	-0.00373621
6561.58	-0.003634
6559.65	-0.00346028
6557.72	-0.00342583
6555.79	-0.00362333
6553.87	-0.00365507
6551.94	-0.00369653
6550.01	-0.00371476
6548.08	-0.00355744
6546.15	-0.00344832
6544.23	-0.00354672
6542.3	-0.00359631
6540.37	-0.00351623
6538.44	-0.00348605
6536.51	-0.00355021
6534.59	-0.00361573
6532.66	-0.00356776
6530.73	-0.0035578
6528.8	-0.00367774
6526.87	-0.00372265
6524.95	-0.00359967
6523.02	-0.00358455
6521.09	-0.00357045
6519.16	-0.00351363
6517.23	-0.0035668
6515.31	-0.00361445
6513.38	-0.00353969
6511.45	-0.00347547
6509.52	-0.00346916
6507.59	-0.00346646
6505.67	-0.00357374
6503.74	-0.00367021
6501.81	-0.00367609
6499.88	-0.00372199
6497.95	-0.00365293
6496.02	-0.00357019
6494.1	-0.00356059
6492.17	-0.00356293
6490.24	-0.0034781
6488.31	-0.00343306
6486.38	-0.0034135
6484.46	-0.00351724
6482.53	-0.00364859
6480.6	-0.00363581
6478.67	-0.00357706
6476.74	-0.00351271
6474.82	-0.00349726
6472.89	-0.00352674
6470.96	-0.00354548
6469.03	-0.00360929
6467.1	-0.00351626
6465.18	-0.00342475
6463.25	-0.00350025
6461.32	-0.00366279
6459.39	-0.00364541
6457.46	-0.00351991
6455.54	-0.00340502
6453.61	-0.00339072
6451.68	-0.00350101
6449.75	-0.00349927
6447.82	-0.00335262
6445.9	-0.00327834
6443.97	-0.00335436
6442.04	-0.00350393
6440.11	-0.00360085
6438.18	-0.00361928
6436.26	-0.00349381
6434.33	-0.00333999
6432.4	-0.00335666
6430.47	-0.00346492
6428.54	-0.0034966
6426.62	-0.00350804
6424.69	-0.00339608
6422.76	-0.00326512
6420.83	-0.00330392
6418.9	-0.00334302
6416.98	-0.00338796
6415.05	-0.0034304
6413.12	-0.00335827
6411.19	-0.00333542
6409.26	-0.00343198
6407.34	-0.00345206
6405.41	-0.00340538
6403.48	-0.00340805
6401.55	-0.00337297
6399.62	-0.00333013
6397.7	-0.00326327
6395.77	-0.00324775
6393.84	-0.00332805
6391.91	-0.00340834
6389.98	-0.00348129
6388.06	-0.00341045
6386.13	-0.00332529
6384.2	-0.00341022
6382.27	-0.00346367
6380.34	-0.00348848
6378.42	-0.00325275
6376.49	-0.00308394
6374.56	-0.00311247
6372.63	-0.00312724
6370.7	-0.00315062
6368.77	-0.00317329
6366.85	-0.00325469
6364.92	-0.00326722
6362.99	-0.00325989
6361.06	-0.00319651
6359.13	-0.00322878
6357.21	-0.00332164
6355.28	-0.00330484
6353.35	-0.0032074
6351.42	-0.00325745
6349.49	-0.0031973
6347.57	-0.00312595
6345.64	-0.00323634
6343.71	-0.00319832
6341.78	-0.00322042
6339.85	-0.0032886
6337.93	-0.00323644
6336	-0.00322045
6334.07	-0.00332667
6332.14	-0.00331803
6330.21	-0.00320062
6328.29	-0.00310276
6326.36	-0.00312303
6324.43	-0.00321
6322.5	-0.0031648
6320.57	-0.00315174
6318.65	-0.0031424
6316.72	-0.0030417
6314.79	-0.00303985
6312.86	-0.00309371
6310.93	-0.00310138
6309.01	-0.00308111
6307.08	-0.00318197
6305.15	-0.0032396
6303.22	-0.00320993
6301.29	-0.00317421
6299.37	-0.0032389
6297.44	-0.00329981
6295.51	-0.00330895
6293.58	-0.00324992
6291.65	-0.00325499
6289.73	-0.00327801
6287.8	-0.00310671
6285.87	-0.00309618
6283.94	-0.00313655
6282.01	-0.00313391
6280.08	-0.00314234
6278.16	-0.00308565
6276.23	-0.00311207
6274.3	-0.00318763
6272.37	-0.00318095
6270.45	-0.00315539
6268.52	-0.00309171
6266.59	-0.00303538
6264.66	-0.00303403
6262.73	-0.00302212
6260.8	-0.00299214
6258.88	-0.00314595
6256.95	-0.00317954
6255.02	-0.00305502
6253.09	-0.00311181
6251.17	-0.00306976
6249.24	-0.00296947
6247.31	-0.00301883
6245.38	-0.0031203
6243.45	-0.00315253
6241.52	-0.00322144
6239.6	-0.0032956
6237.67	-0.00319677
6235.74	-0.00300248
6233.81	-0.00302706
6231.88	-0.00306575
6229.96	-0.0030749
6228.03	-0.00307608
6226.1	-0.00307124
6224.17	-0.00297398
6222.24	-0.00297391
6220.32	-0.00297194
6218.39	-0.00302163
6216.46	-0.00304255
6214.53	-0.00307424
6212.6	-0.00296503
6210.68	-0.00298638
6208.75	-0.00306308
6206.82	-0.00297589
6204.89	-0.00298566
6202.96	-0.00296931
6201.04	-0.00286392
6199.11	-0.00300425
6197.18	-0.00305512
6195.25	-0.0030058
6193.32	-0.00297335
6191.4	-0.00292498
6189.47	-0.00292326
6187.54	-0.00300001
6185.61	-0.00310651
6183.68	-0.00299589
6181.76	-0.00287314
6179.83	-0.0028578
6177.9	-0.00279551
6175.97	-0.00280747
6174.04	-0.00285329
6172.12	-0.00285273
6170.19	-0.00295384
6168.26	-0.00306509
6166.33	-0.00299599
6164.4	-0.00293577
6162.48	-0.00302416
6160.55	-0.00300366
6158.62	-0.00291023
6156.69	-0.00285503
6154.76	-0.00285378
6152.83	-0.00291319
6150.91	-0.00298056
6148.98	-0.0030544
6147.05	-0.00297217
6145.12	-0.00288265
6143.19	-0.00295759
6141.27	-0.00302623
6139.34	-0.00292159
6137.41	-0.00282021
6135.48	-0.00288505
6133.55	-0.00292514
6131.63	-0.00289068
6129.7	-0.00284114
6127.77	-0.00288821
6125.84	-0.00297661
6123.91	-0.00297934
6121.99	-0.00282814
6120.06	-0.00289391
6118.13	-0.00293913
6116.2	-0.00295479
6114.27	-0.00290266
6112.35	-0.00285539
6110.42	-0.00289433
6108.49	-0.00292708
6106.56	-0.00291109
6104.63	-0.00279324
6102.71	-0.00283429
6100.78	-0.00280819
6098.85	-0.0028448
6096.92	-0.00282063
6094.99	-0.00272068
6093.07	-0.00273395
6091.14	-0.0027942
6089.21	-0.00283136
6087.28	-0.00284391
6085.35	-0.00282057
6083.43	-0.00276717
6081.5	-0.00271686
6079.57	-0.00269236
6077.64	-0.00277629
6075.71	-0.00281965
6073.79	-0.00285674
6071.86	-0.00283755
6069.93	-0.00278837
6068	-0.00283025
6066.07	-0.00276779
6064.15	-0.00278831
6062.22	-0.00292188
6060.29	-0.00285839
6058.36	-0.00267589
6056.43	-0.00269506
6054.51	-0.00278682
6052.58	-0.00284726
6050.65	-0.00279258
6048.72	-0.00275374
6046.79	-0.00280101
6044.87	-0.00277336
6042.94	-0.00279933
6041.01	-0.00271567
6039.08	-0.00264556
6037.15	-0.00271475
6035.23	-0.00266625
6033.3	-0.00264533
6031.37	-0.00275044
6029.44	-0.00277593
6027.51	-0.00271613
6025.58	-0.00278854
6023.66	-0.00285082
6021.73	-0.00280631
6019.8	-0.00269213
6017.87	-0.00262465
6015.94	-0.00262976
6014.02	-0.00259037
6012.09	-0.00265153
6010.16	-0.00264965
6008.23	-0.00262475
6006.3	-0.00265719
6004.38	-0.00272493
6002.45	-0.00268768
6000.52	-0.00268054
5998.59	-0.0027378
5996.66	-0.00276891
5994.74	-0.00276012
5992.81	-0.0027079
5990.88	-0.0026702
5988.95	-0.00262172
5987.02	-0.00255614
5985.1	-0.00261559
5983.17	-0.00267359
5981.24	-0.00260674
5979.31	-0.00254725
5977.38	-0.0025767
5975.46	-0.00255848
5973.53	-0.00259198
5971.6	-0.00253865
5969.67	-0.00245095
5967.74	-0.00250746
5965.82	-0.00261457
5963.89	-0.00263783
5961.96	-0.00264191
5960.03	-0.00254662
5958.1	-0.00253315
5956.18	-0.00267072
5954.25	-0.00268074
5952.32	-0.002626
5950.39	-0.00263417
5948.46	-0.00258519
5946.54	-0.00253289
5944.61	-0.00251816
5942.68	-0.00260861
5940.75	-0.00269575
5938.82	-0.0026839
5936.9	-0.00256701
5934.97	-0.00239194
5933.04	-0.00245178
5931.11	-0.00249326
5929.18	-0.00251849
5927.25	-0.00257423
5925.33	-0.00253361
5923.4	-0.00254817
5921.47	-0.00256309
5919.54	-0.0023868
5917.62	-0.00243606
5915.69	-0.00258743
5913.76	-0.0025261
5911.83	-0.00253206
5909.9	-0.00250726
5907.97	-0.00244156
5906.05	-0.0023923
5904.12	-0.00241234
5902.19	-0.00240466
5900.26	-0.00236789
5898.33	-0.00239211
5896.41	-0.00244127
5894.48	-0.00244173
5892.55	-0.00245491
5890.62	-0.00255308
5888.69	-0.0024558
5886.77	-0.00246884
5884.84	-0.00250205
5882.91	-0.00251118
5880.98	-0.0023923
5879.05	-0.00235029
5877.13	-0.00248749
5875.2	-0.00258615
5873.27	-0.00258045
5871.34	-0.00246634
5869.41	-0.00244674
5867.49	-0.00247395
5865.56	-0.00237494
5863.63	-0.00238874
5861.7	-0.00250123
5859.77	-0.00251941
5857.85	-0.0023201
5855.92	-0.00222524
5853.99	-0.00224525
5852.06	-0.00223915
5850.13	-0.00226288
5848.21	-0.00234271
5846.28	-0.0023955
5844.35	-0.00242272
5842.42	-0.00244713
5840.49	-0.00241978
5838.57	-0.00236686
5836.64	-0.00236116
5834.71	-0.00243804
5832.78	-0.00245731
5830.85	-0.00247178
5828.93	-0.00245665
5827	-0.0024045
5825.07	-0.00241978
5823.14	-0.00248746
5821.21	-0.00235035
5819.29	-0.00230121
5817.36	-0.00230589
5815.43	-0.00240502
5813.5	-0.00243814
5811.57	-0.0023869
5809.65	-0.00231822
5807.72	-0.00224703
5805.79	-0.00225909
5803.86	-0.00224894
5801.93	-0.00235559
5800	-0.00243494
5798.08	-0.00228595
5796.15	-0.00218475
5794.22	-0.00223091
5792.29	-0.00232775
5790.36	-0.00234169
5788.44	-0.00233928
5786.51	-0.00231796
5784.58	-0.00229123
5782.65	-0.00233305
5780.72	-0.00241059
5778.8	-0.00226288
5776.87	-0.00222787
5774.94	-0.00230662
5773.01	-0.00233117
5771.08	-0.00220526
5769.16	-0.00220427
5767.23	-0.00233823
5765.3	-0.00230909
5763.37	-0.00225121
5761.44	-0.00222705
5759.52	-0.00213494
5757.59	-0.00221386
5755.66	-0.00237876
5753.73	-0.00232346
5751.8	-0.00208419
5749.88	-0.00197754
5747.95	-0.00204251
5746.02	-0.00219079
5744.09	-0.00223935
5742.16	-0.00218472
5740.24	-0.00223051
5738.31	-0.00225418
5736.38	-0.00225481
5734.45	-0.00225481
5732.52	-0.00224343
5730.6	-0.00225883
5728.67	-0.00222547
5726.74	-0.00218199
5724.81	-0.00213092
5722.88	-0.00214374
5720.96	-0.00223684
5719.03	-0.00232929
5717.1	-0.00237892
5715.17	-0.00233025
5713.24	-0.00223473
5711.32	-0.00224993
5709.39	-0.00221733
5707.46	-0.00217084
5705.53	-0.00218271
5703.6	-0.00218383
5701.68	-0.00213467
5699.75	-0.00221288
5697.82	-0.00227119
5695.89	-0.00225312
5693.96	-0.00219794
5692.03	-0.00210206
5690.11	-0.00211196
5688.18	-0.00217328
5686.25	-0.00217239
5684.32	-0.00215983
5682.4	-0.00213438
5680.47	-0.00208511
5678.54	-0.00214905
5676.61	-0.00221911
5674.68	-0.00211423
5672.75	-0.00206991
5670.83	-0.00212254
5668.9	-0.00208996
5666.97	-0.00213372
5665.04	-0.00223183
5663.11	-0.00219316
5661.19	-0.00206477
5659.26	-0.0019686
5657.33	-0.00200029
5655.4	-0.00209481
5653.47	-0.00208884
5651.55	-0.00209774
5649.62	-0.00215294
5647.69	-0.00208119
5645.76	-0.00208099
5643.83	-0.00202628
5641.91	-0.00200109
5639.98	-0.00206246
5638.05	-0.00200788
5636.12	-0.00193301
5634.19	-0.00200715
5632.27	-0.00211753
5630.34	-0.00209511
5628.41	-0.00202539
5626.48	-0.00198618
5624.55	-0.00192166
5622.63	-0.00193621
5620.7	-0.00203426
5618.77	-0.00206101
5616.84	-0.00204571
5614.91	-0.00197589
5612.99	-0.00191021
5611.06	-0.00189068
5609.13	-0.00191443
5607.2	-0.00194703
5605.27	-0.0019366
5603.35	-0.00192624
5601.42	-0.00202902
5599.49	-0.00204445
5597.56	-0.00198469
5595.63	-0.00200762
5593.71	-0.00215406
5591.78	-0.00216059
5589.85	-0.0019716
5587.92	-0.0019399
5585.99	-0.00194518
5584.07	-0.00191443
5582.14	-0.00203262
5580.21	-0.00198489
5578.28	-0.00186294
5576.35	-0.00188059
5574.43	-0.00193743
5572.5	-0.00200917
5570.57	-0.00207925
5568.64	-0.00207832
5566.71	-0.00205303
5564.79	-0.00198608
5562.86	-0.00191975
5560.93	-0.00190975
5559	-0.00197862
5557.07	-0.0021014
5555.14	-0.00213319
5553.22	-0.00211855
5551.29	-0.00214635
5549.36	-0.00201279
5547.43	-0.00193175
5545.5	-0.00193588
5543.58	-0.00195164
5541.65	-0.00197157
5539.72	-0.0019401
5537.79	-0.0019176
5535.86	-0.00191305
5533.94	-0.0019331
5532.01	-0.00191239
5530.08	-0.00186393
5528.15	-0.00192476
5526.22	-0.0019364
5524.3	-0.00192182
5522.37	-0.00190315
5520.44	-0.00189814
5518.51	-0.0018629
5516.58	-0.00187191
5514.66	-0.0018697
5512.73	-0.00179896
5510.8	-0.00176817
5508.87	-0.00179777
5506.94	-0.00184439
5505.02	-0.00189754
5503.09	-0.00186175
5501.16	-0.00185218
5499.23	-0.00183314
5497.3	-0.00182146
5495.38	-0.00191351
5493.45	-0.00198974
5491.52	-0.00201467
5489.59	-0.00201335
5487.66	-0.00187511
5485.74	-0.00168263
5483.81	-0.00170445
5481.88	-0.00179305
5479.95	-0.00183136
5478.02	-0.00183146
5476.1	-0.00175675
5474.17	-0.00186686
5472.24	-0.00205534
5470.31	-0.00203278
5468.38	-0.00193231
5466.46	-0.00183506
5464.53	-0.001726
5462.6	-0.00168388
5460.67	-0.00176276
5458.74	-0.00178629
5456.82	-0.00175286
5454.89	-0.00184552
5452.96	-0.0020089
5451.03	-0.00192413
5449.1	-0.0017885
5447.17	-0.00178134
5445.25	-0.00179381
5443.32	-0.0017854
5441.39	-0.00172817
5439.46	-0.0017353
5437.54	-0.00183892
5435.61	-0.00181041
5433.68	-0.00172775
5431.75	-0.00164999
5429.82	-0.00159733
5427.89	-0.00171055
5425.97	-0.00187125
5424.04	-0.00184255
5422.11	-0.00180757
5420.18	-0.00180035
5418.25	-0.00180427
5416.33	-0.00174402
5414.4	-0.00176025
5412.47	-0.00181747
5410.54	-0.00176586
5408.61	-0.00176121
5406.69	-0.00180942
5404.76	-0.00183783
5402.83	-0.00170461
5400.9	-0.00170012
5398.97	-0.00175138
5397.05	-0.00178777
5395.12	-0.00181345
5393.19	-0.00173781
5391.26	-0.00163272
5389.33	-0.00171775
5387.41	-0.00175768
5385.48	-0.00172936
5383.55	-0.00174751
5381.62	-0.00176999
5379.69	-0.00174276
5377.77	-0.00171141
5375.84	-0.00170002
5373.91	-0.00174237
5371.98	-0.0017227
5370.05	-0.00166197
5368.13	-0.00161566
5366.2	-0.00166091
5364.27	-0.00170946
5362.34	-0.00169817
5360.41	-0.00162942
5358.49	-0.00162189
5356.56	-0.00170818
5354.63	-0.00168484
5352.7	-0.00164474
5350.77	-0.00163639
5348.85	-0.00167342
5346.92	-0.00172689
5344.99	-0.00171996
5343.06	-0.00169105
5341.13	-0.00162173
5339.21	-0.00163404
5337.28	-0.00159809
5335.35	-0.00159265
5333.42	-0.001665
5331.49	-0.00172068
5329.56	-0.00181133
5327.64	-0.00177052
5325.71	-0.00166953
5323.78	-0.001655
5321.85	-0.00154454
5319.92	-0.00157307
5318	-0.0016345
5316.07	-0.00163906
5314.14	-0.00162384
5312.21	-0.00158958
5310.28	-0.0016109
5308.36	-0.00159872
5306.43	-0.00159539
5304.5	-0.00158908
5302.57	-0.00157297
5300.64	-0.00156673
5298.72	-0.0015285
5296.79	-0.00149561
5294.86	-0.00157469
5292.93	-0.00162348
5291	-0.00160113
5289.08	-0.00164064
5287.15	-0.00160268
5285.22	-0.00151991
5283.29	-0.00154104
5281.36	-0.00160707
5279.44	-0.00159321
5277.51	-0.0016454
5275.58	-0.00171171
5273.65	-0.00164375
5271.72	-0.00161364
5269.8	-0.00156019
5267.87	-0.00153883
5265.94	-0.00153959
5264.01	-0.00148488
5262.08	-0.00144829
5260.16	-0.00147583
5258.23	-0.00156967
5256.3	-0.00167114
5254.37	-0.00166893
5252.44	-0.00159991
5250.52	-0.00158192
5248.59	-0.00160476
5246.66	-0.00154616
5244.73	-0.00157954
5242.8	-0.00158027
5240.88	-0.00153487
5238.95	-0.00146114
5237.02	-0.0014439
5235.09	-0.00139842
5233.16	-0.0014962
5231.24	-0.0016383
5229.31	-0.00168517
5227.38	-0.00162754
5225.45	-0.00153629
5223.52	-0.00149307
5221.6	-0.00157158
5219.67	-0.0016178
5217.74	-0.00153629
5215.81	-0.00143439
5213.88	-0.00142583
5211.96	-0.00150195
5210.03	-0.00159826
5208.1	-0.00170223
5206.17	-0.00162368
5204.24	-0.00149105
5202.31	-0.0015003
5200.39	-0.00151189
5198.46	-0.00139287
5196.53	-0.00136767
5194.6	-0.00141087
5192.67	-0.00150885
5190.75	-0.00145958
5188.82	-0.00144978
5186.89	-0.00158707
5184.96	-0.00159459
5183.03	-0.00146959
5181.11	-0.00148306
5179.18	-0.00154444
5177.25	-0.00154085
5175.32	-0.00153563
5173.39	-0.00137649
5171.47	-0.00135244
5169.54	-0.00150423
5167.61	-0.0015765
5165.68	-0.00147167
5163.75	-0.00137712
5161.83	-0.001375
5159.9	-0.00135106
5157.97	-0.00138977
5156.04	-0.00150469
5154.11	-0.00144344
5152.19	-0.00138088
5150.26	-0.00145929
5148.33	-0.00143663
5146.4	-0.00137418
5144.47	-0.00137031
5142.55	-0.00131525
5140.62	-0.001346
5138.69	-0.00140658
5136.76	-0.0015391
5134.83	-0.00156983
5132.91	-0.00146388
5130.98	-0.00142124
5129.05	-0.00143016
5127.12	-0.00137319
5125.19	-0.00131115
5123.27	-0.00121277
5121.34	-0.0012584
5119.41	-0.00134657
5117.48	-0.00138135
5115.55	-0.00145546
5113.62	-0.00148808
5111.7	-0.00140962
5109.77	-0.00131069
5107.84	-0.00134947
5105.91	-0.00138663
5103.99	-0.00133702
5102.06	-0.00139961
5100.13	-0.00139254
5098.2	-0.00126147
5096.27	-0.0012279
5094.34	-0.00130405
5092.42	-0.00140143
5090.49	-0.00143544
5088.56	-0.00141318
5086.63	-0.00139241
5084.71	-0.0013651
5082.78	-0.0013431
5080.85	-0.0014363
5078.92	-0.00152216
5076.99	-0.00142379
5075.06	-0.00130914
5073.14	-0.00128331
5071.21	-0.00123884
5069.28	-0.00116264
5067.35	-0.00113399
5065.42	-0.0011902
5063.5	-0.00126837
5061.57	-0.00129272
5059.64	-0.001346
5057.71	-0.00128985
5055.78	-0.00125816
5053.86	-0.00117688
5051.93	-0.00114189
5050	-0.0012722
5048.07	-0.00133474
5046.14	-0.00133841
5044.22	-0.00130874
5042.29	-0.00125701
5040.36	-0.00117017
5038.43	-0.0011286
5036.5	-0.00128294
5034.58	-0.00135714
5032.65	-0.00122929
5030.72	-0.00111773
5028.79	-0.00116852
5026.86	-0.00123094
5024.94	-0.00119258
5023.01	-0.00111254
5021.08	-0.00118167
5019.15	-0.00130693
5017.22	-0.00128968
5015.3	-0.00127726
5013.37	-0.00122182
5011.44	-0.0011629
5009.51	-0.00124673
5007.58	-0.00124379
5005.66	-0.00126626
5003.73	-0.00126636
5001.8	-0.00124544
4999.87	-0.00123999
4997.94	-0.00117705
4996.02	-0.00120827
4994.09	-0.001247
4992.16	-0.00121323
4990.23	-0.00121178
4988.3	-0.00119697
4986.38	-0.00117506
4984.45	-0.0011943
4982.52	-0.00117011
4980.59	-0.00117229
4978.66	-0.00111218
4976.73	-0.00108911
4974.81	-0.00116099
4972.88	-0.001202
4970.95	-0.0011864
4969.02	-0.00121531
4967.09	-0.00121908
4965.17	-0.00120401
4963.24	-0.00112008
4961.31	-0.00114446
4959.38	-0.00121204
4957.45	-0.00113848
4955.53	-0.00106009
4953.6	-0.00112209
4951.67	-0.00117027
4949.74	-0.00115193
4947.81	-0.0011019
4945.89	-0.0010391
4943.96	-0.00104422
4942.03	-0.00108699
4940.1	-0.00118144
4938.17	-0.00123761
4936.25	-0.00119836
4934.32	-0.00110639
4932.39	-0.00116413
4930.46	-0.00114509
4928.53	-0.00114565
4926.61	-0.00118855
4924.68	-0.00120176
4922.75	-0.00111941
4920.82	-0.00103007
4918.89	-0.00101761
4916.97	-0.00102842
4915.04	-0.00102601
4913.11	-0.00107076
4911.18	-0.00106838
4909.25	-0.00099672
4907.33	-0.000943196
4905.4	-0.000910132
4903.47	-0.000908115
4901.54	-0.000996356
4899.61	-0.00112216
4897.69	-0.00118402
4895.76	-0.00116257
4893.83	-0.00109754
4891.9	-0.00103781
4889.97	-0.00102161
4888.05	-0.00108342
4886.12	-0.00109535
4884.19	-0.00102786
4882.26	-0.00103037
4880.33	-0.00104842
4878.41	-0.00108527
4876.48	-0.00113904
4874.55	-0.00105513
4872.62	-0.000976521
4870.69	-0.00104974
4868.77	-0.00117427
4866.84	-0.00119245
4864.91	-0.00110662
4862.98	-0.00107873
4861.05	-0.00104915
4859.12	-0.00103381
4857.2	-0.00107526
4855.27	-0.00104088
4853.34	-0.00105222
4851.41	-0.00102026
4849.48	-0.000952222
4847.56	-0.000983034
4845.63	-0.000999332
4843.7	-0.000965446
4841.77	-0.00100452
4839.84	-0.00101989
4837.92	-0.00101361
4835.99	-0.000961479
4834.06	-0.000958933
4832.13	-0.000964157
4830.2	-0.00098234
4828.28	-0.00101566
4826.35	-0.00103249
4824.42	-0.00094832
4822.49	-0.000888574
4820.56	-0.000936616
4818.64	-0.000988753
4816.71	-0.000932021
4814.78	-0.000899948
4812.85	-0.000940187
4810.92	-0.00101999
4809	-0.00104088
4807.07	-0.000964421
4805.14	-0.000925871
4803.21	-0.000903916
4801.28	-0.000959165
4799.36	-0.00099077
4797.43	-0.000978174
4795.5	-0.000982207
4793.57	-0.000988687
4791.64	-0.00102578
4789.72	-0.00100948
4787.79	-0.0009182
4785.86	-0.000919159
4783.93	-0.000951957
4782	-0.000863409
4780.08	-0.000852993
4778.15	-0.000913902
4776.22	-0.000891285
4774.29	-0.000876273
4772.36	-0.000919225
4770.44	-0.000997447
4768.51	-0.001059
4766.58	-0.00102799
4764.65	-0.000944551
4762.72	-0.000982439
4760.79	-0.000951296
4758.87	-0.000929144
4756.94	-0.000962471
4755.01	-0.000896741
4753.08	-0.000911819
4751.16	-0.000973876
4749.23	-0.000977017
4747.3	-0.000989844
4745.37	-0.000960388
4743.44	-0.000934831
4741.51	-0.000855109
4739.59	-0.000775902
4737.66	-0.000900246
4735.73	-0.000989745
4733.8	-0.000898857
4731.88	-0.000846941
4729.95	-0.000982141
4728.02	-0.00101136
4726.09	-0.00090223
4724.16	-0.000831233
4722.23	-0.000805437
4720.31	-0.00092888
4718.38	-0.00110553
4716.45	-0.00104697
4714.52	-0.000935922
4712.59	-0.000860929
4710.67	-0.000912083
4708.74	-0.00099791
4706.81	-0.000930434
4704.88	-0.000861194
4702.95	-0.000903916
4701.03	-0.000955329
4699.1	-0.000955065
4697.17	-0.000948651
4695.24	-0.00092759
4693.31	-0.000886325
4691.39	-0.000922928
4689.46	-0.000932351
4687.53	-0.000884903
4685.6	-0.000930896
4683.67	-0.000884308
4681.75	-0.000887813
4679.82	-0.000892509
4677.89	-0.000874487
4675.96	-0.000864302
4674.03	-0.00085458
4672.11	-0.000843337
4670.18	-0.000880175
4668.25	-0.000834077
4666.32	-0.000763267
4664.39	-0.000736442
4662.47	-0.000744777
4660.54	-0.000830671
4658.61	-0.000852927
4656.68	-0.000780334
4654.75	-0.000837748
4652.83	-0.00078556
4650.9	-0.000747457
4648.97	-0.000840393
4647.04	-0.000842146
4645.11	-0.000860466
4643.19	-0.000961313
4641.26	-0.00103897
4639.33	-0.000947725
4637.4	-0.000855506
4635.47	-0.000809009
4633.54	-0.000789893
4631.62	-0.000764723
4629.69	-0.000815822
4627.76	-0.000859144
4625.83	-0.000892806
4623.9	-0.000893534
4621.98	-0.00078685
4620.05	-0.000695523
4618.12	-0.000680669
4616.19	-0.000689006
4614.26	-0.00070333
4612.34	-0.000754734
4610.41	-0.000763168
4608.48	-0.000758405
4606.55	-0.000826801
4604.62	-0.000797169
4602.7	-0.000815259
4600.77	-0.000839302
4598.84	-0.000812018
4596.91	-0.000864864
4594.98	-0.000815722
4593.06	-0.000740014
4591.13	-0.000742032
4589.2	-0.000744314
4587.27	-0.000692711
4585.34	-0.000717323
4583.42	-0.000785593
4581.49	-0.000832457
4579.56	-0.000834342
4577.63	-0.0007289
4575.7	-0.000727941
4573.78	-0.000776762
4571.85	-0.000746067
4569.92	-0.000815921
4567.99	-0.000841452
4566.06	-0.000746266
4564.14	-0.000693141
4562.21	-0.000703065
4560.28	-0.000681198
4558.35	-0.000732009
4556.42	-0.000763168
4554.5	-0.000728735
4552.57	-0.000722913
4550.64	-0.000731183
4548.71	-0.000721623
4546.78	-0.000773091
4544.86	-0.00089112
4542.93	-0.000843733
4541	-0.000742098
4539.07	-0.000729462
4537.14	-0.000753543
4535.22	-0.000745638
4533.29	-0.000713154
4531.36	-0.000717488
4529.43	-0.000725493
4527.5	-0.000758008
4525.58	-0.000827099
4523.65	-0.000797036
4521.72	-0.000673225
4519.79	-0.000546103
4517.86	-0.000577275
4515.94	-0.000700518
4514.01	-0.0006766
4512.08	-0.000571087
4510.15	-0.000652548
4508.22	-0.000734953
4506.29	-0.000686591
4504.37	-0.000680471
4502.44	-0.000598849
4500.51	-0.000537433
4498.58	-0.000546997
4496.65	-0.000530549
4494.73	-0.000622407
4492.8	-0.000753907
4490.87	-0.000716132
4488.94	-0.000644277
4487.01	-0.00075738
4485.09	-0.00076598
4483.16	-0.000644443
4481.23	-0.000632797
4479.3	-0.000593323
4477.37	-0.000542695
4475.45	-0.000486533
4473.52	-0.000479284
4471.59	-0.000574098
4469.66	-0.00062737
4467.73	-0.000575257
4465.81	-0.000669057
4463.88	-0.00066651
4461.95	-0.000595739
4460.02	-0.000630381
4458.09	-0.000693902
4456.17	-0.000669785
4454.24	-0.000649703
4452.31	-0.000681628
4450.38	-0.0006412
4448.45	-0.000581643
4446.53	-0.000580584
4444.6	-0.000540378
4442.67	-0.000614831
4440.74	-0.000653342
4438.81	-0.000620191
4436.89	-0.000650431
4434.96	-0.000639182
4433.03	-0.000634451
4431.1	-0.000683018
4429.17	-0.000705083
4427.25	-0.000555203
4425.32	-0.000546202
4423.39	-0.000596301
4421.46	-0.000629091
4419.53	-0.000695457
4417.61	-0.000645832
4415.68	-0.000554707
4413.75	-0.000638189
4411.82	-0.000673093
4409.89	-0.000603812
4407.96	-0.000512645
4406.04	-0.000493053
4404.11	-0.000512182
4402.18	-0.000533296
4400.25	-0.00060722
4398.33	-0.000644873
4396.4	-0.000667138
4394.47	-0.000560266
4392.54	-0.000498944
4390.61	-0.000468859
4388.68	-0.000446715
4386.76	-0.000527637
4384.83	-0.000510593
4382.9	-0.000494178
4380.97	-0.000602158
4379.04	-0.000692479
4377.12	-0.000668991
4375.19	-0.000721094
4373.26	-0.000687881
4371.33	-0.000543621
4369.4	-0.000569234
4367.48	-0.00055977
4365.55	-0.000460385
4363.62	-0.000427616
4361.69	-0.000531873
4359.76	-0.000557751
4357.84	-0.000499771
4355.91	-0.000531641
4353.98	-0.000462173
4352.05	-0.000388522
4350.12	-0.000426557
4348.2	-0.00055345
4346.27	-0.000583694
4344.34	-0.000498116
4342.41	-0.000423181
4340.48	-0.000458267
4338.56	-0.000450919
4336.63	-0.000348695
4334.7	-0.000342272
4332.77	-0.000430231
4330.84	-0.000519959
4328.92	-0.000554111
4326.99	-0.000528531
4325.06	-0.000488353
4323.13	-0.000525122
4321.2	-0.000620919
4319.28	-0.000556924
4317.35	-0.000479549
4315.42	-0.000571484
4313.49	-0.000584356
4311.56	-0.000529921
4309.64	-0.00054564
4307.71	-0.000565032
4305.78	-0.000517709
4303.85	-0.000455255
4301.92	-0.000520919
4300	-0.000541768
4298.07	-0.000542331
4296.14	-0.000592165
4294.21	-0.000569631
4292.28	-0.000566124
4290.35	-0.000511785
4288.43	-0.000455818
4286.5	-0.000479648
4284.57	-0.000526578
4282.64	-0.000487327
4280.71	-0.000371506
4278.79	-0.000366275
4276.86	-0.000374617
4274.93	-0.000475975
4273	-0.000579194
4271.07	-0.000487327
4269.15	-0.00037038
4267.22	-0.000399082
4265.29	-0.000453699
4263.36	-0.000486963
4261.43	-0.000451051
4259.51	-0.00048084
4257.58	-0.000492788
4255.65	-0.000484613
4253.72	-0.000475147
4251.79	-0.000454891
4249.87	-0.000459591
4247.94	-0.000453799
4246.01	-0.000442942
4244.08	-0.000378756
4242.15	-0.000398817
4240.23	-0.000367798
4238.3	-0.00039736
4236.37	-0.000440625
4234.44	-0.00049762
4232.51	-0.000490637
4230.59	-0.000453765
4228.66	-0.000459856
4226.73	-0.000411793
4224.8	-0.000293402
4222.87	-0.00032585
4220.95	-0.000425365
4219.02	-0.000411694
4217.09	-0.000414607
4215.16	-0.000430926
4213.23	-0.000378954
4211.31	-0.000359289
4209.38	-0.000459227
4207.45	-0.000565561
4205.52	-0.000529623
4203.59	-0.000434766
4201.67	-0.000361739
4199.74	-0.000388389
4197.81	-0.000370314
4195.88	-0.000325321
4193.95	-0.000371042
4192.03	-0.000370049
4190.1	-0.000379583
4188.17	-0.00045648
4186.24	-0.0004677
4184.31	-0.000361673
4182.39	-0.000343166
4180.46	-0.000326645
4178.53	-0.00033032
4176.6	-0.00042712
4174.67	-0.000446318
4172.75	-0.000406067
4170.82	-0.000353628
4168.89	-0.000294727
4166.96	-0.000311514
4165.03	-0.000368361
4163.1	-0.000355879
4161.18	-0.000351344
4159.25	-0.000399711
4157.32	-0.000456612
4155.39	-0.000396798
4153.46	-0.000343729
4151.54	-0.000339127
4149.61	-0.000361541
4147.68	-0.000302541
4145.75	-0.000190479
4143.82	-0.000188889
4141.9	-0.000295091
4139.97	-0.000408615
4138.04	-0.000364388
4136.11	-0.000309031
4134.18	-0.000319427
4132.26	-0.000367732
4130.33	-0.000361839
4128.4	-0.000349059
4126.47	-0.000277939
4124.54	-0.000245951
4122.62	-0.000270952
4120.69	-0.000334426
4118.76	-0.000362137
4116.83	-0.000357634
4114.9	-0.000314593
4112.98	-0.000282177
4111.05	-0.000278634
4109.12	-0.000258832
4107.19	-0.000297574
4105.26	-0.000251083
4103.34	-0.000207568
4101.41	-0.000278171
4099.48	-0.000329029
4097.55	-0.000336545
4095.62	-0.000356939
4093.7	-0.000458598
4091.77	-0.000477166
4089.84	-0.000355879
4087.91	-0.000305852
4085.98	-0.000384185
4084.06	-0.000287343
4082.13	-0.000211178
4080.2	-0.000162426
4078.27	-0.000245288
4076.34	-0.000390872
4074.42	-0.000396433
4072.49	-0.000301779
4070.56	-0.000279628
4068.63	-0.00025413
4066.7	-0.000169116
4064.78	-0.000195149
4062.85	-0.000249428
4060.92	-0.000320156
4058.99	-0.000350053
4057.06	-0.000306448
4055.14	-0.00027519
4053.21	-0.000284594
4051.28	-0.000434667
4049.35	-0.000410304
4047.42	-0.000326181
4045.5	-0.000359918
4043.57	-0.000388323
4041.64	-0.000285522
4039.71	-0.000212404
4037.78	-0.000275455
4035.85	-0.000329095
4033.93	-0.000348331
4032	-0.000267905
4030.07	-0.00021396
4028.14	-0.00020366
4026.21	-0.000234161
4024.29	-0.000278601
4022.36	-0.000330651
4020.43	-0.000305753
4018.5	-0.000300058
4016.57	-0.000330121
4014.65	-0.000260852
4012.72	-0.000203991
4010.79	-0.000294164
4008.86	-0.000333896
4006.93	-0.000272707
4005.01	-0.000223233
4003.08	-0.000295985
4001.15	-0.000275687
3999.22	-0.000167924
3997.29	-0.000165738
3995.37	-0.000197997
3993.44	-0.000240453
3991.51	-0.000255587
3989.58	-0.000183292
3987.65	-0.000189817
3985.73	-0.000248633
3983.8	-0.00028327
3981.87	-0.000294528
3979.94	-0.000280356
3978.01	-0.000278071
3976.09	-0.000291482
3974.16	-0.000230784
3972.23	-0.000271217
3970.3	-0.000323864
3968.37	-0.000272078
3966.45	-0.000205449
3964.52	-0.000320156
3962.59	-0.000450952
3960.66	-0.000351145
3958.73	-0.000265091
3956.81	-0.000247507
3954.88	-0.000190876
3952.95	-0.000184782
3951.02	-0.000173356
3949.09	-0.000191969
3947.17	-0.000224723
3945.24	-0.000322275
3943.31	-0.000304461
3941.38	-0.00026923
3939.45	-0.000287045
3937.53	-0.000298104
3935.6	-0.000266448
3933.67	-0.000183391
3931.74	-0.000209588
3929.81	-0.000218696
3927.88	-0.000191009
3925.96	-0.000190313
3924.03	-0.000219888
3922.1	-0.000338498
3920.17	-0.000348662
3918.24	-0.000288932
3916.32	-0.000278965
3914.39	-0.000248633
3912.46	-0.000215881
3910.53	-0.000246017
3908.6	-0.000252574
3906.68	-0.000260852
3904.75	-0.000262309
3902.82	-0.000196639
3900.89	-0.000180808
3898.96	-0.000224326
3897.04	-0.000228498
3895.11	-0.000198858
3893.18	-0.000159213
3891.25	-0.000192301
3889.32	-0.000316845
3887.4	-0.000291084
3885.47	-0.000138478
3883.54	-0.000144209
3881.61	-0.000227935
3879.68	-0.000207502
3877.76	-0.000248434
3875.83	-0.000222008
3873.9	-0.000174681
3871.97	-0.000117047
3870.04	-0.000115589
3868.12	-0.000128541
3866.19	-0.000188525
3864.26	-0.000275389
3862.33	-0.000272442
3860.4	-0.000194619
3858.48	-0.000197401
3856.55	-0.000186637
3854.62	-0.00010638
3852.69	-6.14924e-05
3850.76	-3.08136e-05
3848.84	-0.000103233
3846.91	-0.00017733
3844.98	-0.000283833
3843.05	-0.00023287
3841.12	-0.000118372
3839.2	-0.000165274
3837.27	-0.000255421
3835.34	-0.000229227
3833.41	-0.000190678
3831.48	-0.000243401
3829.56	-0.000269892
3827.63	-0.000249924
3825.7	-0.000279826
3823.77	-0.000174747
3821.84	-0.00014825
3819.92	-0.000201971
3817.99	-0.000180013
3816.06	-0.000130661
3814.13	-0.000144739
3812.2	-0.000168653
3810.27	-0.000232903
3808.35	-0.000270521
3806.42	-0.000220385
3804.49	-9.20366e-05
3802.56	-5.95378e-05
3800.64	-0.0001192
3798.71	-0.000171965
3796.78	-0.000172362
3794.85	-0.000202435
3792.92	-0.000155636
3790.99	-0.000180444
3789.07	-0.000101676
3787.14	-7.52078e-05
3785.21	-0.000130793
3783.28	-0.000185312
3781.35	-0.000317606
3779.43	-0.00033234
3777.5	-0.00014603
3775.57	-7.81956e-06
3773.64	-6.00016e-05
3771.71	-0.000126984
3769.79	-0.000139074
3767.86	-0.000165076
3765.93	-0.000272012
3764	-0.0002536
3762.07	-0.000201673
3760.15	-0.000152324
3758.22	-3.78043e-05
3756.29	-7.51746e-05
3754.36	-0.000190015
3752.43	-0.000172428
3750.51	-0.000172329
3748.58	-0.000236778
3746.65	-0.000262972
3744.72	-0.000256647
3742.79	-0.000231943
3740.87	-0.000113635
3738.94	-9.33286e-05
3737.01	-0.000161763
3735.08	-0.000211907
3733.15	-0.000196474
3731.23	-0.000180808
3729.3	-0.000146163
3727.37	-0.000153317
3725.44	-0.000214424
3723.51	-0.000109329
3721.59	-0.000194089
3719.66	-0.000327241
3717.73	-0.000239626
3715.8	-0.000180146
3713.87	-0.000176668
3711.95	-0.000132582
3710.02	-9.78338e-05
3708.09	-0.000202071
3706.16	-0.000209953
3704.23	-0.000107838
3702.31	-0.000104426
3700.38	-9.72706e-05
3698.45	-8.33904e-05
3696.52	-0.000194089
3694.59	-0.000195646
3692.67	-0.000157524
3690.74	-0.000119266
3688.81	1.29556e-05
3686.88	2.84954e-06
3684.95	-2.89913e-05
3683.02	-0.000170541
3681.1	-0.000228962
3679.17	-0.000150469
3677.24	-2.43197e-05
3675.31	2.66406e-05
3673.38	-2.68385e-06
3671.46	2.94894e-06
3669.53	-2.20667e-05
3667.6	6.27935e-05
3665.67	6.2429e-05
3663.74	4.37391e-05
3661.82	7.60824e-05
3659.89	0.000113134
3657.96	1.93507e-05
3656.03	-8.54112e-05
3654.1	-0.000167957
3652.18	-0.000107672
3650.25	5.80879e-05
3648.32	1.29556e-05
3646.39	-0.000184021
3644.46	-0.000171369
3642.54	1.02716e-06
3640.61	1.13983e-05
3638.68	-6.59649e-05
3636.75	-2.30938e-05
3634.82	-3.82681e-05
3632.9	-0.000205316
3630.97	-0.000286614
3629.04	-0.000195712
3627.11	-0.000135563
3625.18	-0.000206409
3623.26	-0.000348033
3621.33	-0.00032744
3619.4	-0.000373326
3617.47	-0.00033224
3615.54	-0.000229856
3613.62	-0.000129104
3611.69	-7.72016e-06
3609.76	-2.75335e-05
3607.83	-0.000181272
3605.9	-0.000185875
3603.98	-7.24912e-05
3602.05	-8.98502e-05
3600.12	-0.000220186
3598.19	-0.000241248
3596.26	-0.000180709
3594.34	-0.000103068
3592.41	-4.4068e-06
3590.48	-0.000124765
3588.55	-0.000213132
3586.62	-0.000161797
3584.7	-0.000125825
3582.77	-0.000132781
3580.84	-0.000119995
3578.91	-3.55514e-05
3576.98	-4.14174e-06
3575.05	-1.1895e-05
3573.13	-0.000116152
3571.2	-0.000119796
3569.27	-8.71338e-05
3567.34	-0.000126156
3565.42	-3.65453e-05
3563.49	0.000130965
3561.56	0.000115753
3559.63	-2.21997e-06
3557.7	2.25317e-05
3555.77	-1.81239e-05
3553.85	-0.000112244
3551.92	-3.22051e-05
3549.99	-4.41654e-05
3548.06	-0.000103465
3546.13	-0.00010691
3544.21	1.49768e-05
3542.28	7.97278e-05
3540.35	4.88755e-05
3538.42	-3.45906e-05
3536.49	-9.04796e-05
3534.57	-7.19612e-05
3532.64	-0.000173389
3530.71	-0.00030572
3528.78	-0.00023691
3526.85	-9.90264e-05
3524.93	-0.00018412
3523	-0.000255521
3521.07	-0.000154675
3519.14	-0.000171534
3517.21	-0.000232406
3515.29	-0.000113834
3513.36	-9.96558e-05
3511.43	-5.46015e-05
3509.5	-3.01841e-05
3507.57	-0.000105718
3505.65	-8.59743e-05
3503.72	-0.000162625
3501.79	-3.79368e-05
3499.86	0.000108693
3497.93	-6.55342e-05
3496.01	-0.000121817
3494.08	9.05648e-05
3492.15	0.000115322
3490.22	-2.54131e-05
3488.29	-8.86908e-05
3486.37	-8.81939e-05
3484.44	-0.000136822
3482.51	-0.000229028
3480.58	-0.000107739
3478.65	-3.01841e-05
3476.73	-7.7858e-05
3474.8	-9.77344e-05
3472.87	-0.000161598
3470.94	-0.000161035
3469.01	-0.000205084
3467.09	-0.000115126
3465.16	-4.50621e-06
3463.23	-0.000162956
3461.3	-0.000183292
3459.37	-0.000109494
3457.44	-2.26631e-05
3455.52	-1.80245e-05
3453.59	-0.000185114
3451.66	-0.000208496
3449.73	-0.000167195
3447.81	-0.000157723
3445.88	-0.000201342
3443.95	-0.000135265
3442.02	-5.29118e-05
3440.09	-9.94901e-05
3438.16	-0.000188061
3436.24	-0.000228565
3434.31	-8.15352e-05
3432.38	4.8279e-05
3430.45	-0.000111813
3428.52	-0.00016905
3426.6	-0.000143347
3424.67	-7.50752e-05
3422.74	-7.37832e-05
3420.81	-0.000127349
3418.88	-0.00013977
3416.96	-4.63852e-05
3415.03	-3.56176e-05
3413.1	-1.05034e-05
3411.17	3.57862e-05
3409.24	2.68394e-05
3407.32	1.10669e-05
3405.39	-6.80851e-05
3403.46	-7.7593e-05
3401.53	-9.8662e-05
3399.6	-0.000112111
3397.68	-0.000223961
3395.75	-0.000123307
3393.82	2.65073e-06
3391.89	-7.21599e-05
3389.96	-4.83067e-05
3388.04	-8.42848e-05
3386.11	-2.65072e-06
3384.18	9.47405e-05
3382.25	-8.38283e-06
3380.32	-0.000129104
3378.4	-0.000188426
3376.47	-0.000227439
3374.54	-7.45452e-05
3372.61	-4.32378e-05
3370.68	-0.000117676
3368.76	-5.42702e-05
3366.83	9.0863e-05
3364.9	0.000107898
3362.97	2.67069e-05
3361.04	-6.60974e-05
3359.12	-5.09903e-05
3357.19	7.74412e-05
3355.26	0.000134446
3353.33	0.000183436
3351.4	0.00014124
3349.48	5.29846e-05
3347.55	1.5739e-05
3345.62	0.000131927
3343.69	0.000120028
3341.76	2.9656e-05
3339.83	9.24207e-05
3337.91	0.000129209
3335.98	0.00011035
3334.05	8.66873e-05
3332.12	3.96633e-05
3330.19	-1.54733e-05
3328.27	-8.60406e-05
3326.34	2.85293e-05
3324.41	0.000150223
3322.48	0.000155128
3320.55	9.97118e-05
3318.63	1.09342e-06
3316.7	3.11803e-05
3314.77	5.24875e-05
3312.84	5.43101e-05
3310.91	0.000107467
3308.99	0.000104385
3307.06	0.000104915
3305.13	0.000171801
3303.2	9.60331e-05
3301.27	-3.21388e-05
3299.35	-9.17803e-06
3297.42	6.56059e-06
3295.49	9.63313e-05
3293.56	0.000164343
3291.63	0.00010929
3289.71	0.000173359
3287.78	0.000138058
3285.85	4.94719e-05
3283.92	9.02996e-05
3281.99	3.74099e-05
3280.07	0.000100905
3278.14	0.000118106
3276.21	8.58588e-05
3274.28	0.000101733
3272.35	-5.30144e-07
3270.43	4.4435e-05
3268.5	0.000293236
3266.57	0.000227823
3264.64	-1.91511e-05
3262.71	1.23923e-05
3260.79	3.98952e-05
3258.86	-3.71085e-05
3256.93	-7.55722e-05
3255	2.27968e-05
3253.07	8.02912e-05
3251.15	0.000219801
3249.22	0.000294264
3247.29	0.00023684
3245.36	5.24544e-05
3243.43	-1.25245e-05
3241.51	1.21272e-05
3239.58	0.000173326
3237.65	0.000151913
3235.72	3.67472e-05
3233.79	4.71192e-05
3231.87	9.79553e-05
3229.94	0.000104385
3228.01	0.00013186
3226.08	0.000167293
3224.15	0.000254975
3222.22	0.000282725
3220.3	0.000202861
3218.37	5.42438e-05
3216.44	-1.28889e-05
3214.51	7.57842e-05
3212.58	0.000103589
3210.66	0.000114261
3208.73	0.000132225
3206.8	0.000137528
3204.87	0.000181911
3202.94	0.000148002
3201.02	-4.21445e-05
3199.09	3.39637e-05
3197.16	0.000124403
3195.23	0.00015536
3193.3	0.000230774
3191.38	0.000207601
3189.45	0.000246156
3187.52	0.000226729
3185.59	2.05105e-05
3183.66	-7.7858e-05
3181.74	7.01836e-05
3179.81	0.000174519
3177.88	0.000217149
3175.95	6.64057e-05
3174.02	-7.19003e-06
3172.1	0.000168022
3170.17	0.000275829
3168.24	0.000251726
3166.31	0.000250765
3164.38	0.000206176
3162.46	0.000158178
3160.53	0.0002751
3158.6	0.000230939
3156.67	5.85187e-05
3154.74	-2.07745e-05
3152.82	4.25462e-05
3150.89	0.000108097
3148.96	0.000135274
3147.03	0.00022116
3145.1	0.000166
3143.18	5.96122e-05
3141.25	8.67536e-05
3139.32	6.94545e-05
3137.39	-3.711e-06
3135.46	6.1236e-05
3133.54	0.000153206
3131.61	-1.5573e-06
3129.68	-0.000176337
3127.75	-4.7114e-05
3125.82	9.1559e-05
3123.9	9.30835e-05
3121.97	0.000122216
3120.04	0.000148134
3118.11	7.65795e-05
3116.18	7.37958e-05
3114.26	0.000160796
3112.33	0.000212176
3110.4	0.000106241
3108.47	6.73999e-05
3106.54	0.000101866
3104.61	3.52229e-05
3102.69	0.000148731
3100.76	0.000189369
3098.83	0.000139583
3096.9	8.58919e-05
3094.98	9.99106e-05
3093.05	0.000163448
3091.12	0.000280007
3089.19	0.000310676
3087.26	0.00018801
3085.33	0.000131065
3083.41	5.37799e-05
3081.48	0.000111179
3079.55	0.000229978
3077.62	0.000169679
3075.69	-3.67786e-06
3073.77	1.43141e-05
3071.84	3.90005e-05
3069.91	3.26383e-05
3067.98	0.000127054
3066.05	0.000139417
3064.13	5.84192e-05
3062.2	7.97941e-05
3060.27	0.000195203
3058.34	0.000139484
3056.41	0.000137959
3054.49	0.000203756
3052.56	4.26456e-05
3050.63	-8.38283e-06
3048.7	-6.92496e-06
3046.77	-3.72742e-05
3044.85	4.38054e-05
3042.92	0.000145383
3040.99	5.53374e-05
3039.06	-9.6419e-06
3037.13	-9.75688e-05
3035.21	-0.000112641
3033.28	8.40361e-05
3031.35	0.000192551
3029.42	5.44758e-05
3027.49	0.000132126
3025.57	0.000255373
3023.64	0.000109356
3021.71	0.000203789
3019.78	0.00036612
3017.85	0.000292805
3015.93	0.000217646
3014	0.000403926
3012.07	0.000450757
3010.14	0.000160564
3008.21	2.88276e-05
3006.29	0.000116283
3004.36	-5.99722e-06
3002.43	-0.000228035
3000.5	-0.000105122
2998.57	2.4553e-05
2996.65	0.000219171
2994.72	0.000118636
2992.79	-0.000181172
2990.86	-0.000100318
2988.93	8.56268e-05
2987	0.000138854
2985.08	0.000126325
2983.15	-4.57226e-05
2981.22	-4.49274e-05
2979.29	-7.04704e-05
2977.36	-6.39771e-05
2975.44	6.4815e-05
2973.51	1.62691e-05
2971.58	-1.74944e-05
2969.65	-2.11721e-05
2967.72	-7.71955e-05
2965.8	-0.000145235
2963.87	-0.000236744
2961.94	-0.000122777
2960.01	-6.59649e-05
2958.08	-0.000118438
2956.16	-0.000130495
2954.23	-7.46446e-05
2952.3	-0.000168123
2950.37	-5.45021e-05
2948.44	7.764e-05
2946.52	0.000133551
2944.59	6.39534e-05
2942.66	-0.000205382
2940.73	-0.000241612
2938.8	-4.9897e-05
2936.88	0.000121619
2934.95	6.49476e-05
2933.02	7.03493e-05
2931.09	0.000163448
2929.16	0.000153736
2927.24	-7.07685e-05
2925.31	-0.000100418
2923.38	1.51757e-05
2921.45	-5.15535e-05
2919.52	-0.000123937
2917.6	2.18359e-05
2915.67	-8.28343e-06
2913.74	0.000106506
2911.81	2.53814e-05
2909.88	-0.00020366
2907.96	-6.75551e-05
2906.03	3.46265e-05
2904.1	-0.000152191
2902.17	-0.000176138
2900.24	0.000152808
2898.32	0.000246421
2896.39	-1.7561e-06
2894.46	-7.93488e-05
2892.53	1.10669e-05
2890.6	-4.86049e-05
2888.68	-8.13365e-05
2886.75	0.000110848
2884.82	0.000145052
2882.89	-2.31269e-05
2880.96	-0.000165705
2879.04	-0.000111912
2877.11	-0.000155404
2875.18	-0.000202369
2873.25	3.03518e-05
2871.32	0.00016136
2869.39	1.99472e-05
2867.47	6.76318e-05
2865.54	0.00010982
2863.61	0.000123674
2861.68	0.000105512
2859.75	0.000217845
2857.83	0.000135341
2855.9	6.91894e-05
2853.97	9.66296e-05
2852.04	-2.55131e-06
2850.11	-0.000191837
2848.19	-0.000204356
2846.26	-9.03803e-05
2844.33	7.74743e-05
2842.4	7.63475e-05
2840.47	-5.39389e-05
2838.55	2.08745e-06
2836.62	9.4608e-05
2834.69	9.91484e-05
2832.76	3.05838e-05
2830.83	-6.37121e-05
2828.91	-6.29501e-05
2826.98	0.000176574
2825.05	0.000329544
2823.12	0.000140577
2821.19	0.000185789
2819.27	0.000244366
2817.34	0.000137727
2815.41	-5.12885e-05
2813.48	-9.82644e-05
2811.55	9.08299e-05
2809.63	0.00019222
2807.7	6.6472e-05
2805.77	-8.24628e-05
2803.84	-1.02383e-05
2801.91	5.23218e-05
2799.99	5.98111e-05
2798.06	1.75283e-05
2796.13	-0.000161797
2794.2	-0.000180278
2792.27	-0.000120657
2790.35	3.11803e-05
2788.42	0.000157647
2786.49	0.000173889
2784.56	0.000218972
2782.63	0.000375936
2780.71	0.000223182
2778.78	6.04076e-05
2776.85	0.000144687
2774.92	0.000220795
2772.99	0.000143096
2771.06	-4.1018e-05
2769.14	-0.000226644
2767.21	-0.000216874
2765.28	-1.48438e-05
2763.35	6.67702e-05
2761.43	-1.65004e-05
2759.5	-0.000100219
2757.57	9.41017e-06
2755.64	0.000302619
2753.71	0.000208032
2751.78	-4.54907e-05
2749.86	-7.07685e-05
2747.93	-5.44027e-05
2746	0.000144621
2744.07	0.000266944
2742.15	8.76484e-05
2740.22	-3.11117e-05
2738.29	-4.73791e-05
2736.36	-2.44854e-05
2734.43	-2.86269e-05
2732.5	2.32276e-05
2730.58	0.000134976
2728.65	0.000141141
2726.72	-1.75938e-05
2724.79	-7.72286e-05
2722.86	3.45602e-05
2720.94	0.000137395
2719.01	0.000114228
2717.08	1.61697e-05
2715.15	-7.269e-05
2713.22	-4.16806e-05
2711.3	0.000185623
2709.37	0.000356868
2707.44	8.06889e-05
2705.51	-0.000246845
2703.58	-0.000236778
2701.66	6.79301e-05
2699.73	0.000225038
2697.8	0.00015483
2695.87	1.87543e-05
2693.94	-2.09071e-05
2692.02	-7.3982e-05
2690.09	-0.000110587
2688.16	-1.92177e-06
2686.23	-4.31715e-05
2684.3	9.85187e-05
2682.38	0.000340221
2680.45	0.000364395
2678.52	7.30667e-05
2676.59	-0.000165837
2674.66	-0.00010277
2672.74	0.000128082
2670.81	0.000125994
2668.88	-2.47836e-05
2666.95	-0.00021853
2665.02	-0.00038253
2663.1	-0.000158021
2661.17	5.3084e-05
2659.24	-0.000261945
2657.31	-0.000175873
2655.38	-7.04704e-05
2653.46	-0.000116318
2651.53	-1.33197e-05
2649.6	0.000141008
2647.67	8.8974e-05
2645.74	-3.63465e-05
2643.81	6.83278e-05
2641.89	0.000392517
2639.96	0.000413312
2638.03	0.000215325
2636.1	0.000162752
2634.17	4.2016e-05
2632.25	0.000135573
2630.32	8.91729e-05
2628.39	5.84855e-05
2626.46	0.000112737
2624.53	-5.41045e-05
2622.61	0.000136931
2620.68	0.000356105
2618.75	0.000208927
2616.82	-3.85663e-05
2614.89	-0.00021237
2612.97	-0.000149806
2611.04	0.000110947
2609.11	0.000190397
2607.18	3.42619e-05
2605.25	-4.46293e-05
2603.33	-7.23256e-05
2601.4	-0.00016332
2599.47	-0.00026221
2597.54	-0.000293402
2595.61	-0.000186604
2593.69	-0.000283667
2591.76	-0.000284495
2589.83	-0.0001351
2587.9	-6.00016e-05
2585.97	-0.00021598
2584.05	-0.000201176
2582.12	-6.67268e-05
2580.19	0.000177403
2578.26	-0.000112277
2576.33	-6.62681e-08
2574.41	0.00030378
2572.48	0.000119034
2570.55	5.65966e-05
2568.62	-3.28677e-05
2566.69	-7.81956e-06
2564.77	5.74251e-05
2562.84	0.000377461
2560.91	0.000298143
2558.98	0.000252654
2557.05	0.000182441
2555.13	5.46746e-05
2553.2	-1.11992e-05
2551.27	6.09671e-06
2549.34	0.000165271
2547.41	0.000254312
2545.49	0.000191093
2543.56	0.000111676
2541.63	-0.000174548
2539.7	-0.000167129
2537.77	-9.88607e-05
2535.85	1.23923e-05
2533.92	0.000176408
2531.99	-2.97202e-05
2530.06	-0.000379285
2528.13	-0.000103962
2526.21	0.000186087
2524.28	0.00023389
2522.35	0.000125563
2520.42	0.000229812
2518.49	0.000441537
2516.56	0.000393413
2514.64	4.10219e-05
2512.71	-0.000397526
2510.78	-9.57137e-05
2508.85	0.000335877
2506.92	2.87613e-05
2505	-0.000327705
2503.07	-0.000111614
2501.14	0.000107964
2499.21	0.000234321
2497.28	0.000110881
2495.36	-0.000197865
2493.43	-0.000190214
2491.5	-0.00014285
2489.57	-0.000109627
2487.64	3.403e-05
2485.72	1.18621e-05
2483.79	-0.000134371
2481.86	-0.00026966
2479.93	-0.000134437
2478	3.24394e-05
2476.08	5.03998e-05
2474.15	3.56537e-05
2472.22	-0.000181835
2470.29	-0.000392295
2468.36	-0.000394017
2466.44	-3.08467e-05
2464.51	0.000260711
2462.58	0.000486017
2460.65	0.000398918
2458.72	0.000306731
2456.8	7.90319e-05
2454.87	-9.18379e-05
2452.94	9.84524e-05
2451.01	-0.000159842
2449.08	-8.93864e-05
2447.16	8.851e-05
2445.23	-0.000197732
2443.3	1.43804e-05
2441.37	0.000533255
2439.44	0.000563578
2437.52	-5.53303e-05
2435.59	-0.000362931
2433.66	-0.000189187
2431.73	-9.8662e-05
2429.8	-0.000144308
2427.88	-0.000186803
2425.95	0.000132258
2424.02	0.000246322
2422.09	0.00010233
2420.16	0.000294927
2418.24	0.000318999
2416.31	-6.14593e-05
2414.38	-0.000191042
2412.45	-0.000383556
2410.52	1.29887e-05
2408.6	0.000124867
2406.67	6.74661e-05
2404.74	-6.64287e-05
2402.81	-0.000188525
2400.88	-0.000149177
2398.95	-2.8163e-05
2397.03	-0.000364487
2395.1	-0.000367467
2393.17	-0.000256547
2391.24	-0.000467667
2389.31	-0.000343795
2387.39	-0.000299495
2385.46	-0.000326049
2383.53	-0.000242209
2381.6	-0.000403749
2379.67	-0.00040461
2377.75	-0.000363957
2375.82	-0.000310951
2373.89	0.000227359
2371.96	0.000198717
2370.03	-0.000159577
2368.11	-9.37923e-05
2366.18	-0.000340683
2364.25	-0.000340849
2362.32	-0.000248964
2360.39	-0.000603812
2358.47	-0.000635609
2356.54	3.97609e-07
2354.61	0.000282626
2352.68	-0.000121585
2350.75	-0.000472069
2348.83	-0.000522805
2346.9	-0.000261283
2344.97	2.58122e-05
2343.04	-4.53913e-05
2341.11	-0.000262044
2339.19	-0.000507052
2337.26	-0.000245023
2335.33	-0.000156596
2333.4	-0.000407457
2331.47	-0.000223332
2329.55	-0.000526115
2327.62	-0.000994175
2325.69	-6.75551e-05
2323.76	0.000347384
2321.83	-0.000275224
2319.91	-0.00026317
2317.98	-4.77435e-05
2316.05	4.60588e-05
2314.12	-0.000178953
2312.19	-0.000530946
2310.27	-0.00086245
2308.34	-0.00100594
2306.41	-0.000758008
2304.48	-0.00077878
2302.55	-0.000365712
2300.63	1.71306e-05
2298.7	-0.000434369
2296.77	-0.000566587
2294.84	-0.0004489
2292.91	-1.96149e-05
2290.98	4.35403e-05
2289.06	-0.000866154
2287.13	-0.00107113
2285.2	-0.000329294
2283.27	-0.000920977
2281.35	-0.00159393
2279.42	-0.00128638
2277.49	-0.000468958
2275.56	-0.000145103
2273.63	-0.000477166
2271.7	-0.000588128
2269.78	-0.0011486
2267.85	-0.00136764
2265.92	-0.000905834
2263.99	-0.000886524
2262.06	-0.00080461
2260.14	-0.000411959
2258.21	-0.000924119
2256.28	-0.00108931
2254.35	-0.0011706
2252.42	-0.00133547
2250.5	-0.00115335
2248.57	-0.000484117
2246.64	-9.27752e-07
2244.71	-5.52309e-05
2242.78	-0.000631043
2240.86	-0.000929045
2238.93	-0.00115587
2237	-0.00104452
2235.07	-0.0013058
2233.14	-0.000760952
2231.22	-0.000284859
2229.29	-0.000235486
2227.36	-3.12774e-05
2225.43	-0.00040504
2223.5	-0.00124396
2221.58	-0.000967628
2219.65	-0.000174283
2217.72	-0.000432118
2215.79	-0.000553052
2213.86	-0.000692942
2211.94	-0.000901767
2210.01	-0.000354489
2208.08	-0.000234426
2206.15	0.000155924
2204.22	0.00044764
2202.3	0.000140942
2200.37	-0.000416726
2198.44	-0.000701246
2196.51	-0.00111611
2194.58	-0.00117797
2192.66	-0.000638653
2190.73	-0.00111988
2188.8	-0.00137847
2186.87	-0.000498381
2184.94	5.44758e-05
2183.02	0.000241316
2181.09	2.20678e-05
2179.16	-0.000535811
2177.23	-0.000930698
2175.3	-0.000906628
2173.38	-0.000969942
2171.45	-0.00131142
2169.52	-0.00121227
2167.59	-0.00129487
2165.66	-0.00191965
2163.73	-0.00178913
2161.81	-0.00146903
2159.88	-0.00153177
2157.95	-0.000968917
2156.02	-0.00102832
2154.09	-0.0013027
2152.17	-0.000966438
2150.24	-0.000299031
2148.31	-0.000160935
2146.38	-0.00076975
2144.45	-1.69643e-05
2142.53	5.74914e-05
2140.6	-0.000370678
2138.67	0.000156023
2136.74	0.000973442
2134.81	-0.000115788
2132.89	-0.00104128
2130.96	-0.00138062
2129.03	-0.00169015
2127.1	-0.00126893
2125.17	-0.00119889
2123.25	-0.00183747
2121.32	-0.00220767
2119.39	-0.00212254
2117.46	-0.00247652
2115.53	-0.0018116
2113.61	-0.000742297
2111.68	-0.00107129
2109.75	-0.00183809
2107.82	-0.00137035
2105.89	-0.00078771
2103.97	-0.000614831
2102.04	-0.00191057
2100.11	-0.0028289
2098.18	-0.00286392
2096.25	-0.00251348
2094.33	-0.00205679
2092.4	-0.00196273
2090.47	-0.00248416
2088.54	-0.00262739
2086.61	-0.00202618
2084.69	-0.00303568
2082.76	-0.00439557
2080.83	-0.0037712
2078.9	-0.00231825
2076.97	-0.00215416
2075.05	-0.00219283
2073.12	-0.00306447
2071.19	-0.00328176
2069.26	-0.00270023
2067.33	-0.00320052
2065.41	-0.00635239
2063.48	-0.00297908
2061.55	0.00010982
2059.62	-0.00218301
2057.69	-0.00406259
2055.77	-0.00451246
2053.84	-0.00297608
2051.91	8.44006e-05
2049.98	-0.000453799
2048.05	-0.00190285
2046.12	-0.0026177
2044.2	-0.00443608
2042.27	-0.00369715
2040.34	-0.00253536
2038.41	-0.00411855
2036.48	-0.00352891
2034.56	-0.00330267
2032.63	-0.00471762
2030.7	-0.00288696
2028.77	-0.00250907
2026.84	-0.00245016
2024.92	-0.00204597
2022.99	-0.00214499
2021.06	-0.00267678
2019.13	-0.00232603
2017.2	-0.00113871
2015.28	-0.0014652
2013.35	-0.000639943
2011.42	-0.000485672
2009.49	-0.00219913
2007.56	-0.00327715
2005.64	-0.00131043
2003.71	-0.000464754
2001.78	-0.00211011
