nAHk0277.spa, Sun Oct 29 21:56:42 2006 (GMT-10:00)
9999.26	0.00789038
9997.33	0.00791829
9995.4	0.00838866
9993.48	0.00828402
9991.55	0.00887892
9989.62	0.00947324
9987.69	0.00962932
9985.76	0.00912245
9983.84	0.00873319
9981.91	0.00804424
9979.98	0.00861241
9978.05	0.00849407
9976.12	0.00825531
9974.2	0.00922597
9972.27	0.00928781
9970.34	0.00832685
9968.41	0.00835164
9966.48	0.00939093
9964.56	0.00916931
9962.63	0.00932372
9960.7	0.0100437
9958.77	0.00981026
9956.84	0.00855188
9954.92	0.00835691
9952.99	0.00891696
9951.06	0.0091571
9949.13	0.00883675
9947.2	0.00898458
9945.28	0.0091887
9943.35	0.00877257
9941.42	0.00938114
9939.49	0.00992103
9937.56	0.00919913
9935.64	0.00895515
9933.71	0.00892244
9931.78	0.00868931
9929.85	0.00939966
9927.92	0.00971588
9926	0.00964738
9924.07	0.00940014
9922.14	0.00922454
9920.21	0.00914881
9918.28	0.00907815
9916.36	0.00915649
9914.43	0.00884838
9912.5	0.00891453
9910.57	0.00878397
9908.64	0.00808744
9906.71	0.00805143
9904.79	0.00863123
9902.86	0.00948134
9900.93	0.00953556
9899	0.0095444
9897.08	0.00916275
9895.15	0.00822867
9893.22	0.00858524
9891.29	0.00847298
9889.36	0.00795267
9887.43	0.00857368
9885.51	0.00845001
9883.58	0.00826963
9881.65	0.0077553
9879.72	0.00733761
9877.79	0.00850018
9875.87	0.00929871
9873.94	0.00861744
9872.01	0.00825768
9870.08	0.00834802
9868.15	0.00850153
9866.23	0.0085313
9864.3	0.00821547
9862.37	0.00839474
9860.44	0.00878349
9858.51	0.00969542
9856.59	0.00970433
9854.66	0.00959538
9852.73	0.00952289
9850.8	0.008859
9848.87	0.00899199
9846.95	0.0094766
9845.02	0.00936208
9843.09	0.0088357
9841.16	0.00825964
9839.23	0.00848883
9837.31	0.00922779
9835.38	0.0093999
9833.45	0.00891453
9831.52	0.00910455
9829.59	0.00978677
9827.67	0.00964423
9825.74	0.00884385
9823.81	0.00808302
9821.88	0.00870769
9819.95	0.00994005
9818.03	0.00955771
9816.1	0.00828567
9814.17	0.00829641
9812.24	0.00835974
9810.31	0.00896584
9808.39	0.00922556
9806.46	0.00926408
9804.53	0.00944493
9802.6	0.00961364
9800.67	0.00951033
9798.75	0.00880675
9796.82	0.0080891
9794.89	0.00833103
9792.96	0.00821709
9791.03	0.00862333
9789.11	0.00941483
9787.18	0.00944561
9785.25	0.00888064
9783.32	0.00861504
9781.39	0.00908005
9779.46	0.00958579
9777.54	0.00933269
9775.61	0.00936418
9773.68	0.00924739
9771.75	0.00903018
9769.83	0.00921886
9767.9	0.00953536
9765.97	0.00905329
9764.04	0.00844676
9762.11	0.00875482
9760.18	0.00933997
9758.26	0.00919029
9756.33	0.00949539
9754.4	0.00964443
9752.47	0.00875438
9750.54	0.00881261
9748.62	0.00888457
9746.69	0.00804184
9744.76	0.00796489
9742.83	0.008852
9740.9	0.00929881
9738.98	0.00942729
9737.05	0.0091906
9735.12	0.00843778
9733.19	0.00804535
9731.26	0.00829976
9729.34	0.00845866
9727.41	0.00867217
9725.48	0.00915412
9723.55	0.00910857
9721.62	0.00851623
9719.7	0.00836883
9717.77	0.00850887
9715.84	0.00864276
9713.91	0.00876003
9711.98	0.0090949
9710.06	0.00931411
9708.13	0.00908364
9706.2	0.00896334
9704.27	0.00895268
9702.34	0.008836
9700.42	0.00907744
9698.49	0.00912962
9696.56	0.00918119
9694.63	0.00977315
9692.7	0.0100158
9690.78	0.00948364
9688.85	0.00913639
9686.92	0.00893604
9684.99	0.00905034
9683.06	0.00924018
9681.14	0.00893205
9679.21	0.00813271
9677.28	0.00798072
9675.35	0.00866892
9673.42	0.00948686
9671.5	0.00996012
9669.57	0.00969389
9667.64	0.00927037
9665.71	0.00863522
9663.78	0.00834441
9661.86	0.00855303
9659.93	0.00889204
9658	0.00909585
9656.07	0.00945821
9654.14	0.00922505
9652.21	0.00823914
9650.29	0.00824019
9648.36	0.00802773
9646.43	0.00815638
9644.5	0.00884175
9642.57	0.00926689
9640.65	0.00907518
9638.72	0.00859679
9636.79	0.00831692
9634.86	0.00834606
9632.93	0.00869306
9631.01	0.0093633
9629.08	0.00940857
9627.15	0.00889447
9625.22	0.00853613
9623.29	0.00892603
9621.37	0.00902889
9619.44	0.00866081
9617.51	0.00864705
9615.58	0.009144
9613.65	0.00947395
9611.73	0.00878711
9609.8	0.008399
9607.87	0.00900308
9605.94	0.00916515
9604.01	0.00908316
9602.09	0.00881747
9600.16	0.00781191
9598.23	0.00797677
9596.3	0.00836292
9594.37	0.00803229
9592.45	0.00856185
9590.52	0.00920136
9588.59	0.00938361
9586.66	0.00918034
9584.73	0.00899906
9582.81	0.00929657
9580.88	0.00939282
9578.95	0.00926435
9577.02	0.0086676
9575.09	0.00827693
9573.17	0.0088404
9571.24	0.00937999
9569.31	0.00865824
9567.38	0.00813626
9565.45	0.00908428
9563.53	0.0092261
9561.6	0.00879211
9559.67	0.00868714
9557.74	0.00870185
9555.81	0.00894531
9553.88	0.00916857
9551.96	0.00870475
9550.03	0.00846947
9548.1	0.00848481
9546.17	0.00869681
9544.25	0.00903099
9542.32	0.00908539
9540.39	0.00842754
9538.46	0.00822624
9536.53	0.00832644
9534.6	0.00833813
9532.68	0.00837292
9530.75	0.00856384
9528.82	0.00883039
9526.89	0.008489
9524.96	0.00812009
9523.04	0.00816789
9521.11	0.00851539
9519.18	0.00851657
9517.25	0.00792625
9515.32	0.00828561
9513.4	0.00880557
9511.47	0.00900356
9509.54	0.00899087
9507.61	0.00948208
9505.68	0.00963623
9503.76	0.00924644
9501.83	0.00901442
9499.9	0.00889221
9497.97	0.00841386
9496.04	0.00860734
9494.12	0.00905481
9492.19	0.00872646
9490.26	0.00818207
9488.33	0.00820041
9486.4	0.00845386
9484.48	0.00880534
9482.55	0.00931739
9480.62	0.00882126
9478.69	0.00788674
9476.76	0.00773213
9474.84	0.00813204
9472.91	0.00837977
9470.98	0.00863519
9469.05	0.00937173
9467.12	0.00898522
9465.2	0.00874532
9463.27	0.00913331
9461.34	0.00847356
9459.41	0.00853073
9457.48	0.0089928
9455.56	0.00898739
9453.63	0.00869079
9451.7	0.00834478
9449.77	0.00818039
9447.84	0.00810112
9445.92	0.00779527
9443.99	0.008004
9442.06	0.00817097
9440.13	0.00806898
9438.2	0.00796492
9436.28	0.00811911
9434.35	0.00820557
9432.42	0.00880523
9430.49	0.00924793
9428.56	0.00924847
9426.63	0.00907579
9424.71	0.00828071
9422.78	0.00776798
9420.85	0.00838508
9418.92	0.00850954
9417	0.00848329
9415.07	0.00901205
9413.14	0.00886018
9411.21	0.00865131
9409.28	0.00809841
9407.35	0.00802004
9405.43	0.00805824
9403.5	0.00757006
9401.57	0.00745722
9399.64	0.00812063
9397.71	0.00906953
9395.79	0.00954985
9393.86	0.00904649
9391.93	0.00804056
9390	0.00750573
9388.07	0.00751739
9386.15	0.00788104
9384.22	0.00883428
9382.29	0.00947003
9380.36	0.0092125
9378.43	0.00842393
9376.51	0.00844393
9374.58	0.00900139
9372.65	0.00858304
9370.72	0.00780435
9368.79	0.00808403
9366.87	0.00825548
9364.94	0.00828996
9363.01	0.00817306
9361.08	0.00795315
9359.15	0.00871987
9357.23	0.00950901
9355.3	0.00877612
9353.37	0.00826325
9351.44	0.00795767
9349.51	0.00740902
9347.59	0.00789507
9345.66	0.00878944
9343.73	0.0090226
9341.8	0.00863587
9339.87	0.00808825
9337.95	0.00836758
9336.02	0.00856175
9334.09	0.00838626
9332.16	0.00853718
9330.23	0.00863597
9328.31	0.00851018
9326.38	0.00791633
9324.45	0.0077554
9322.52	0.00766781
9320.59	0.00799759
9318.67	0.00832762
9316.74	0.00821807
9314.81	0.00825646
9312.88	0.00839359
9310.95	0.0085458
9309.03	0.00837825
9307.1	0.00772538
9305.17	0.00794795
9303.24	0.00810331
9301.31	0.00769439
9299.38	0.00774167
9297.46	0.00826507
9295.53	0.00853039
9293.6	0.00834866
9291.67	0.00802051
9289.74	0.00810854
9287.82	0.00842018
9285.89	0.00821665
9283.96	0.00770444
9282.03	0.00775321
9280.1	0.00831931
9278.18	0.00865273
9276.25	0.0087251
9274.32	0.00843791
9272.39	0.0080518
9270.46	0.00770316
9268.54	0.00774505
9266.61	0.00774383
9264.68	0.00742786
9262.75	0.00741512
9260.82	0.00747923
9258.9	0.00771769
9256.97	0.00794818
9255.04	0.00829037
9253.11	0.00851741
9251.18	0.00816121
9249.26	0.00786737
9247.33	0.00804052
9245.4	0.00817134
9243.47	0.00817779
9241.54	0.00796614
9239.62	0.00753135
9237.69	0.00741411
9235.76	0.0076469
9233.83	0.00759996
9231.9	0.00787641
9229.98	0.00785769
9228.05	0.00764845
9226.12	0.00766157
9224.19	0.00773759
9222.26	0.0078702
9220.34	0.00835947
9218.41	0.00844812
9216.48	0.00808332
9214.55	0.00768757
9212.62	0.00756105
9210.7	0.00786376
9208.77	0.00833863
9206.84	0.00846274
9204.91	0.00803077
9202.98	0.00791407
9201.05	0.00779585
9199.13	0.00810149
9197.2	0.0085137
9195.27	0.0079465
9193.34	0.00750502
9191.42	0.00785573
9189.49	0.00815949
9187.56	0.00774407
9185.63	0.00679914
9183.7	0.00700122
9181.77	0.00743639
9179.85	0.00731897
9177.92	0.00759086
9175.99	0.00777264
9174.06	0.00784328
9172.13	0.00776023
9170.21	0.0077242
9168.28	0.00807721
9166.35	0.00829341
9164.42	0.00807384
9162.49	0.00809706
9160.57	0.00835748
9158.64	0.00824856
9156.71	0.00793104
9154.78	0.00776623
9152.85	0.00753944
9150.93	0.00725078
9149	0.00768518
9147.07	0.00843308
9145.14	0.00857094
9143.21	0.00826838
9141.29	0.0078836
9139.36	0.00767108
9137.43	0.00778087
9135.5	0.00784574
9133.57	0.00758914
9131.65	0.00764498
9129.72	0.00804812
9127.79	0.00804127
9125.86	0.00774221
9123.93	0.00746858
9122.01	0.00752366
9120.08	0.00764839
9118.15	0.00790691
9116.22	0.00797771
9114.29	0.00742891
9112.37	0.00728356
9110.44	0.00731018
9108.51	0.00726671
9106.58	0.00745513
9104.65	0.00723659
9102.73	0.0071133
9100.8	0.00736066
9098.87	0.00721109
9096.94	0.00681149
9095.01	0.00728484
9093.08	0.00770478
9091.16	0.00747306
9089.23	0.0074524
9087.3	0.00767965
9085.37	0.00753739
9083.45	0.00756092
9081.52	0.00780806
9079.59	0.008081
9077.66	0.00813342
9075.73	0.00795325
9073.8	0.0073976
9071.88	0.00725236
9069.95	0.00763699
9068.02	0.0076346
9066.09	0.00730549
9064.17	0.00705076
9062.24	0.00690146
9060.31	0.00700341
9058.38	0.00731773
9056.45	0.00738634
9054.52	0.00740639
9052.6	0.00740393
9050.67	0.00734283
9048.74	0.00749434
9046.81	0.00709154
9044.88	0.00685693
9042.96	0.00681731
9041.03	0.00652885
9039.1	0.00723851
9037.17	0.0076235
9035.24	0.00720624
9033.32	0.00733795
9031.39	0.00742803
9029.46	0.00735843
9027.53	0.00758186
9025.6	0.0076118
9023.68	0.00747199
9021.75	0.00721894
9019.82	0.00712381
9017.89	0.00744182
9015.96	0.00741441
9014.04	0.00684033
9012.11	0.00657743
9010.18	0.00712509
9008.25	0.00782213
9006.32	0.00780131
9004.4	0.00723359
9002.47	0.0063834
9000.54	0.00644706
8998.61	0.00707565
8996.68	0.00710596
8994.76	0.00724569
8992.83	0.00718535
8990.9	0.00683589
8988.97	0.00695163
8987.04	0.00745031
8985.12	0.0072472
8983.19	0.00684707
8981.26	0.006658
8979.33	0.00702304
8977.4	0.00720971
8975.48	0.00672318
8973.55	0.00664215
8971.62	0.00698045
8969.69	0.00744394
8967.76	0.00737569
8965.83	0.00760276
8963.91	0.00741361
8961.98	0.00707885
8960.05	0.00715015
8958.12	0.00697281
8956.2	0.00672311
8954.27	0.00674014
8952.34	0.00705941
8950.41	0.00753722
8948.48	0.0076324
8946.55	0.00716325
8944.63	0.00628728
8942.7	0.00617532
8940.77	0.0063681
8938.84	0.0063165
8936.92	0.00674418
8934.99	0.00710798
8933.06	0.00696573
8931.13	0.00667896
8929.2	0.00681206
8927.27	0.00678938
8925.35	0.00704173
8923.42	0.00703005
8921.49	0.00710326
8919.56	0.00722153
8917.63	0.00719435
8915.71	0.00684602
8913.78	0.00659754
8911.85	0.00665921
8909.92	0.00660024
8907.99	0.00631357
8906.07	0.00649791
8904.14	0.00661235
8902.21	0.00630453
8900.28	0.00624819
8898.35	0.00655112
8896.43	0.00689012
8894.5	0.00713142
8892.57	0.00695792
8890.64	0.00678591
8888.71	0.00646219
8886.79	0.00617054
8884.86	0.00651745
8882.93	0.00713304
8881	0.00706908
8879.07	0.00660908
8877.15	0.0067258
8875.22	0.00662577
8873.29	0.00656212
8871.36	0.00674741
8869.43	0.00641199
8867.51	0.00644195
8865.58	0.00660838
8863.65	0.00650615
8861.72	0.00656905
8859.79	0.00684461
8857.87	0.00662651
8855.94	0.00627057
8854.01	0.00603442
8852.08	0.0059942
8850.15	0.00617562
8848.22	0.00634595
8846.3	0.00617048
8844.37	0.00619189
8842.44	0.00649889
8840.51	0.00658799
8838.58	0.00649287
8836.66	0.00620318
8834.73	0.00641928
8832.8	0.00657137
8830.87	0.00658762
8828.94	0.00667085
8827.02	0.00674896
8825.09	0.00674021
8823.16	0.0067818
8821.23	0.00660706
8819.3	0.00664902
8817.38	0.00663506
8815.45	0.00634067
8813.52	0.00634763
8811.59	0.00640462
8809.66	0.0064926
8807.74	0.00630066
8805.81	0.00633068
8803.88	0.0064442
8801.95	0.0064817
8800.02	0.00618637
8798.1	0.00613374
8796.17	0.00633415
8794.24	0.00665443
8792.31	0.00664804
8790.38	0.00678742
8788.46	0.00694139
8786.53	0.00663882
8784.6	0.00625131
8782.67	0.00616248
8780.74	0.00608025
8778.82	0.00602303
8776.89	0.00599931
8774.96	0.00596044
8773.03	0.00631518
8771.1	0.00644598
8769.18	0.006136
8767.25	0.00576784
8765.32	0.00596599
8763.39	0.00629585
8761.46	0.00579849
8759.54	0.00553548
8757.61	0.00613334
8755.68	0.00610831
8753.75	0.00591191
8751.82	0.00608136
8749.9	0.00635358
8747.97	0.00668896
8746.04	0.0065997
8744.11	0.00636239
8742.18	0.0060993
8740.25	0.00604708
8738.33	0.00589948
8736.4	0.00574091
8734.47	0.00597889
8732.54	0.00601056
8730.62	0.00593965
8728.69	0.00610847
8726.76	0.00640792
8724.83	0.00630617
8722.9	0.00600637
8720.97	0.00609658
8719.05	0.0062975
8717.12	0.00615935
8715.19	0.00603163
8713.26	0.00633438
8711.33	0.00656939
8709.41	0.00641306
8707.48	0.0062022
8705.55	0.00594224
8703.62	0.00572493
8701.69	0.00582905
8699.77	0.00579567
8697.84	0.00554977
8695.91	0.00580219
8693.98	0.00610858
8692.05	0.0063245
8690.13	0.00639312
8688.2	0.006061
8686.27	0.00599101
8684.34	0.00584171
8682.41	0.00573255
8680.49	0.00587607
8678.56	0.00572352
8676.63	0.00558008
8674.7	0.00572788
8672.77	0.00606241
8670.85	0.00608112
8668.92	0.0060108
8666.99	0.00603674
8665.06	0.0058666
8663.13	0.00582113
8661.21	0.00585122
8659.28	0.00555377
8657.35	0.0052365
8655.42	0.00571052
8653.49	0.00617743
8651.57	0.00613979
8649.64	0.00591157
8647.71	0.00578244
8645.78	0.00606432
8643.85	0.00596041
8641.93	0.00575588
8640	0.00582905
8638.07	0.00596898
8636.14	0.00552692
8634.21	0.00543938
8632.29	0.00581035
8630.36	0.00569787
8628.43	0.00558901
8626.5	0.00567793
8624.57	0.00560988
8622.65	0.00532105
8620.72	0.00567447
8618.79	0.00609298
8616.86	0.0057722
8614.93	0.00553531
8613	0.00549034
8611.08	0.00535101
8609.15	0.00520418
8607.22	0.00542646
8605.29	0.00569501
8603.37	0.0056069
8601.44	0.00552464
8599.51	0.00581935
8597.58	0.0056693
8595.65	0.00547239
8593.72	0.00550568
8591.8	0.00528278
8589.87	0.00533092
8587.94	0.00546971
8586.01	0.00553934
8584.08	0.0054891
8582.16	0.00549226
8580.23	0.00538959
8578.3	0.00544182
8576.37	0.00560858
8574.44	0.00546857
8572.52	0.00509386
8570.59	0.00480363
8568.66	0.00507737
8566.73	0.00549665
8564.8	0.00533867
8562.88	0.0051639
8560.95	0.00513906
8559.02	0.00528503
8557.09	0.00531549
8555.16	0.0051065
8553.24	0.00508873
8551.31	0.00518476
8549.38	0.00536419
8547.45	0.00557196
8545.52	0.00541431
8543.6	0.0050893
8541.67	0.00514519
8539.74	0.00529945
8537.81	0.00536091
8535.88	0.00532716
8533.96	0.00506614
8532.03	0.0051353
8530.1	0.00533122
8528.17	0.00539116
8526.24	0.00533789
8524.32	0.00497027
8522.39	0.00479586
8520.46	0.00470535
8518.53	0.00461881
8516.6	0.00469584
8514.68	0.00492604
8512.75	0.00504455
8510.82	0.00503463
8508.89	0.00476387
8506.96	0.00478156
8505.04	0.00486234
8503.11	0.00498046
8501.18	0.00512199
8499.25	0.00544578
8497.32	0.00580252
8495.39	0.00529955
8493.47	0.00494832
8491.54	0.00512488
8489.61	0.00505535
8487.68	0.00502752
8485.75	0.00510211
8483.83	0.0050353
8481.9	0.00473473
8479.97	0.00499136
8478.04	0.00520149
8476.11	0.00518761
8474.19	0.00514979
8472.26	0.00506034
8470.33	0.0049878
8468.4	0.00492208
8466.47	0.00474203
8464.55	0.0047168
8462.62	0.00459299
8460.69	0.00493706
8458.76	0.00506778
8456.83	0.0050121
8454.91	0.00501388
8452.98	0.00473854
8451.05	0.00473442
8449.12	0.00481003
8447.19	0.00491984
8445.27	0.00487694
8443.34	0.00489531
8441.41	0.0048293
8439.48	0.0047773
8437.55	0.0047892
8435.63	0.00472012
8433.7	0.0048109
8431.77	0.00487601
8429.84	0.00466606
8427.91	0.00447965
8425.99	0.00459701
8424.06	0.0046109
8422.13	0.00466462
8420.2	0.00469691
8418.27	0.00502816
8416.35	0.00507227
8414.42	0.00475218
8412.49	0.0048873
8410.56	0.00500262
8408.63	0.00464737
8406.71	0.00428235
8404.78	0.00434633
8402.85	0.00461023
8400.92	0.00457357
8398.99	0.00447952
8397.07	0.00454798
8395.14	0.00461455
8393.21	0.00495087
8391.28	0.00492222
8389.35	0.0049691
8387.43	0.00478893
8385.5	0.00447276
8383.57	0.0043376
8381.64	0.00450784
8379.71	0.00449103
8377.79	0.00411216
8375.86	0.00433311
8373.93	0.00487792
8372	0.00489474
8370.07	0.00504797
8368.14	0.0050355
8366.22	0.00467527
8364.29	0.00469332
8362.36	0.0047707
8360.43	0.00463783
8358.5	0.00469744
8356.58	0.00484937
8354.65	0.00462802
8352.72	0.00423467
8350.79	0.00441468
8348.86	0.00476464
8346.94	0.00467886
8345.01	0.00426515
8343.08	0.00425758
8341.15	0.00446854
8339.22	0.00484344
8337.3	0.00511324
8335.37	0.00476283
8333.44	0.00403914
8331.51	0.00394695
8329.58	0.00413166
8327.66	0.00420817
8325.73	0.00429868
8323.8	0.00432224
8321.87	0.00424788
8319.94	0.00424226
8318.02	0.00434961
8316.09	0.00432384
8314.16	0.00447804
8312.23	0.00436956
8310.3	0.00429704
8308.38	0.00436909
8306.45	0.00427425
8304.52	0.00421978
8302.59	0.00435942
8300.66	0.00430564
8298.74	0.00422921
8296.81	0.00413949
8294.88	0.00405175
8292.95	0.00426508
8291.02	0.00451822
8289.1	0.00441642
8287.17	0.00456268
8285.24	0.00444705
8283.31	0.0038993
8281.38	0.00383408
8279.46	0.00428271
8277.53	0.00454618
8275.6	0.00441063
8273.67	0.00427652
8271.74	0.00462574
8269.82	0.00463699
8267.89	0.00438211
8265.96	0.00431524
8264.03	0.00434181
8262.1	0.00410798
8260.17	0.0040557
8258.25	0.00446479
8256.32	0.00430567
8254.39	0.00415103
8252.46	0.00412761
8250.54	0.00413149
8248.61	0.00431005
8246.68	0.00411309
8244.75	0.00376245
8242.82	0.00395133
8240.89	0.00426344
8238.97	0.00431514
8237.04	0.00435989
8235.11	0.00440333
8233.18	0.00429496
8231.25	0.00414584
8229.33	0.00409513
8227.4	0.00422041
8225.47	0.00414022
8223.54	0.00413527
8221.61	0.00432254
8219.69	0.00426545
8217.76	0.00398845
8215.83	0.00381312
8213.9	0.0037943
8211.97	0.00373595
8210.05	0.00379915
8208.12	0.00395955
8206.19	0.0038739
8204.26	0.00385367
8202.33	0.0040366
8200.41	0.00429935
8198.48	0.0042974
8196.55	0.00409647
8194.62	0.00417802
8192.69	0.0041439
8190.77	0.00395039
8188.84	0.00387002
8186.91	0.00392675
8184.98	0.00407543
8183.05	0.00383686
8181.13	0.00371433
8179.2	0.00374417
8177.27	0.00376038
8175.34	0.00389315
8173.41	0.00396046
8171.49	0.0042261
8169.56	0.00446101
8167.63	0.00412383
8165.7	0.00363757
8163.77	0.00370447
8161.85	0.00381814
8159.92	0.00366236
8157.99	0.00372469
8156.06	0.00399313
8154.13	0.00413166
8152.21	0.00400072
8150.28	0.00395454
8148.35	0.00394588
8146.42	0.00400473
8144.49	0.00391612
8142.56	0.00373217
8140.64	0.00387025
8138.71	0.0038976
8136.78	0.00375456
8134.85	0.00375149
8132.92	0.00349192
8131	0.00352943
8129.07	0.00358919
8127.14	0.00371366
8125.21	0.004027
8123.28	0.00390442
8121.36	0.00364094
8119.43	0.00364963
8117.5	0.00385561
8115.57	0.00381964
8113.64	0.00364642
8111.72	0.00370423
8109.79	0.00372131
8107.86	0.00365434
8105.93	0.00355161
8104	0.00348904
8102.08	0.00353514
8100.15	0.00331302
8098.22	0.00347351
8096.29	0.00372024
8094.36	0.00358906
8092.44	0.00365648
8090.51	0.00376218
8088.58	0.00381977
8086.65	0.00369234
8084.72	0.00354563
8082.8	0.00342405
8080.87	0.00365077
8078.94	0.00366474
8077.01	0.00350341
8075.08	0.00353076
8073.16	0.00342201
8071.23	0.00344599
8069.3	0.00357285
8067.37	0.00354356
8065.44	0.00333522
8063.52	0.00359387
8061.59	0.00378645
8059.66	0.00355231
8057.73	0.00350771
8055.8	0.00359484
8053.88	0.0035012
8051.95	0.00340187
8050.02	0.00326214
8048.09	0.00323233
8046.16	0.00311634
8044.24	0.00314968
8042.31	0.0032353
8040.38	0.00333155
8038.45	0.00340324
8036.52	0.00329426
8034.6	0.00325172
8032.67	0.00337052
8030.74	0.00345013
8028.81	0.00346693
8026.88	0.00348841
8024.96	0.00346867
8023.03	0.00335118
8021.1	0.00329209
8019.17	0.00319558
8017.24	0.00342211
8015.31	0.00378585
8013.39	0.00376676
8011.46	0.00352749
8009.53	0.00332557
8007.6	0.00302154
8005.67	0.00290008
8003.75	0.00308764
8001.82	0.00335696
7999.89	0.00353407
7997.96	0.00338835
7996.03	0.00320045
7994.11	0.00319631
7992.18	0.00317752
7990.25	0.00336795
7988.32	0.0033954
7986.39	0.00318546
7984.47	0.00320192
7982.54	0.00327142
7980.61	0.00323487
7978.68	0.00318249
7976.75	0.0028928
7974.83	0.00306245
7972.9	0.00341296
7970.97	0.00324598
7969.04	0.00317592
7967.11	0.00321006
7965.19	0.00322802
7963.26	0.00314258
7961.33	0.00315008
7959.4	0.0033241
7957.47	0.00331756
7955.55	0.00315603
7953.62	0.00323824
7951.69	0.00336928
7949.76	0.00337386
7947.83	0.00319608
7945.91	0.00316924
7943.98	0.00336558
7942.05	0.00336017
7940.12	0.00319538
7938.19	0.00308814
7936.27	0.00311548
7934.34	0.00299532
7932.41	0.00302481
7930.48	0.00328498
7928.55	0.00337793
7926.63	0.0032594
7924.7	0.0031328
7922.77	0.00306609
7920.84	0.00320526
7918.91	0.00311181
7916.99	0.00284164
7915.06	0.00305341
7913.13	0.00290231
7911.2	0.00269462
7909.27	0.00283617
7907.35	0.00292926
7905.42	0.00303849
7903.49	0.00311968
7901.56	0.00299762
7899.63	0.0029737
7897.71	0.00275193
7895.78	0.00254811
7893.85	0.00287896
7891.92	0.00293343
7889.99	0.00286225
7888.06	0.0028315
7886.14	0.00277881
7884.21	0.00284194
7882.28	0.00284404
7880.35	0.00298788
7878.42	0.00273886
7876.5	0.00257068
7874.57	0.00292306
7872.64	0.00292329
7870.71	0.00266755
7868.78	0.00264708
7866.86	0.00283714
7864.93	0.00280976
7863	0.00264818
7861.07	0.00274356
7859.14	0.00266925
7857.22	0.00265395
7855.29	0.00273319
7853.36	0.00287993
7851.43	0.00262611
7849.5	0.00277694
7847.58	0.00286125
7845.65	0.00269602
7843.72	0.00299235
7841.79	0.00304774
7839.86	0.00256048
7837.94	0.00244384
7836.01	0.00272759
7834.08	0.00283454
7832.15	0.00278108
7830.22	0.0030154
7828.3	0.00312973
7826.37	0.00277174
7824.44	0.00259228
7822.51	0.00253721
7820.58	0.00241482
7818.66	0.00250652
7816.73	0.00261891
7814.8	0.00272299
7812.87	0.00253705
7810.94	0.00229372
7809.02	0.0024533
7807.09	0.00257678
7805.16	0.00257534
7803.23	0.00268878
7801.3	0.00259414
7799.38	0.00244341
7797.45	0.00251279
7795.52	0.00259388
7793.59	0.00279779
7791.66	0.00288173
7789.74	0.00269392
7787.81	0.00274927
7785.88	0.00265678
7783.95	0.00251115
7782.02	0.00263861
7780.09	0.00267498
7778.17	0.00259174
7776.24	0.00249009
7774.31	0.00254361
7772.38	0.00258238
7770.46	0.00261918
7768.53	0.00262231
7766.6	0.00246083
7764.67	0.00239549
7762.74	0.00251005
7760.81	0.00269105
7758.89	0.00284931
7756.96	0.00266475
7755.03	0.00244244
7753.1	0.00252878
7751.17	0.00245597
7749.25	0.00243841
7747.32	0.00235991
7745.39	0.00210786
7743.46	0.00211429
7741.53	0.00224882
7739.61	0.00224106
7737.68	0.00238227
7735.75	0.00229462
7733.82	0.00231464
7731.89	0.00251162
7729.97	0.00258701
7728.04	0.00248999
7726.11	0.00236957
7724.18	0.00248356
7722.25	0.00260711
7720.33	0.00248942
7718.4	0.00228289
7716.47	0.00229555
7714.54	0.00234625
7712.61	0.0023755
7710.69	0.00237207
7708.76	0.00216756
7706.83	0.00204048
7704.9	0.00226844
7702.97	0.00242854
7701.05	0.00241668
7699.12	0.00240346
7697.19	0.00231237
7695.26	0.00230901
7693.33	0.00228356
7691.41	0.00216626
7689.48	0.00215271
7687.55	0.00231431
7685.62	0.00237194
7683.69	0.00228879
7681.77	0.00232487
7679.84	0.00232383
7677.91	0.00241855
7675.98	0.00237454
7674.05	0.00228509
7672.12	0.0022815
7670.2	0.00219996
7668.27	0.0019542
7666.34	0.00206341
7664.41	0.00211425
7662.48	0.00197933
7660.56	0.00212288
7658.63	0.00225588
7656.7	0.00230135
7654.77	0.00217432
7652.84	0.0019753
7650.92	0.00203844
7648.99	0.00207323
7647.06	0.00214528
7645.13	0.00231094
7643.2	0.00224885
7641.28	0.00206042
7639.35	0.00215324
7637.42	0.00236601
7635.49	0.0024514
7633.56	0.0023278
7631.64	0.00206584
7629.71	0.00218681
7627.78	0.00211449
7625.85	0.00193033
7623.92	0.00204923
7622	0.00213143
7620.07	0.00220339
7618.14	0.00212784
7616.21	0.00200872
7614.28	0.00198292
7612.36	0.00191765
7610.43	0.00177287
7608.5	0.00173924
7606.57	0.00198332
7604.64	0.00216094
7602.72	0.00195816
7600.79	0.00180937
7598.86	0.0017777
7596.93	0.00181137
7595	0.00196032
7593.08	0.00204024
7591.15	0.0019756
7589.22	0.00188404
7587.29	0.00195925
7585.36	0.00191243
7583.44	0.00183699
7581.51	0.00177444
7579.58	0.00166892
7577.65	0.00182594
7575.72	0.00199267
7573.8	0.00200868
7571.87	0.00202776
7569.94	0.00213293
7568.01	0.0022287
7566.08	0.00221289
7564.16	0.00201681
7562.23	0.00177979
7560.3	0.00178994
7558.37	0.0019759
7556.44	0.00184384
7554.52	0.00162325
7552.59	0.00173511
7550.66	0.00184414
7548.73	0.00178009
7546.8	0.00177337
7544.88	0.00178006
7542.95	0.00189815
7541.02	0.00210896
7539.09	0.00203814
7537.16	0.00172716
7535.23	0.00158241
7533.31	0.00174586
7531.38	0.00198542
7529.45	0.00205779
7527.52	0.001998
7525.59	0.00178069
7523.67	0.00168701
7521.74	0.00169972
7519.81	0.00163369
7517.88	0.00161966
7515.95	0.00169679
7514.03	0.00184244
7512.1	0.00206568
7510.17	0.00194917
7508.24	0.00179889
7506.31	0.00179842
7504.39	0.00168009
7502.46	0.00158684
7500.53	0.00151371
7498.6	0.00148223
7496.67	0.00157882
7494.75	0.00146996
7492.82	0.00169536
7490.89	0.0018491
7488.96	0.00171269
7487.03	0.00177221
7485.11	0.00177277
7483.18	0.001561
7481.25	0.00145164
7479.32	0.00161151
7477.39	0.00169486
7475.47	0.0016592
7473.54	0.0017251
7471.61	0.00171692
7469.68	0.00152465
7467.75	0.0015605
7465.83	0.00162721
7463.9	0.00176648
7461.97	0.00189728
7460.04	0.00177394
7458.11	0.00157024
7456.19	0.0015474
7454.26	0.00141002
7452.33	0.00152645
7450.4	0.00149995
7448.47	0.00134331
7446.54	0.0014283
7444.62	0.00144482
7442.69	0.00140886
7440.76	0.00154726
7438.83	0.00160027
7436.91	0.00160802
7434.98	0.00163619
7433.05	0.0016165
7431.12	0.00153832
7429.19	0.00147501
7427.26	0.00145407
7425.34	0.00140244
7423.41	0.00141035
7421.48	0.00151617
7419.55	0.00152309
7417.62	0.00165731
7415.7	0.00164923
7413.77	0.00152548
7411.84	0.00151421
7409.91	0.00158288
7407.98	0.00164583
7406.06	0.00154291
7404.13	0.00153606
7402.2	0.00146766
7400.27	0.00150949
7398.34	0.00157599
7396.42	0.0014799
7394.49	0.00135873
7392.56	0.00126444
7390.63	0.00132347
7388.7	0.0013113
7386.78	0.00128548
7384.85	0.00141913
7382.92	0.00145024
7380.99	0.00145706
7379.06	0.00146328
7377.14	0.00134264
7375.21	0.00130579
7373.28	0.00130512
7371.35	0.00122005
7369.42	0.00124896
7367.5	0.0012681
7365.57	0.00120736
7363.64	0.00132702
7361.71	0.0014176
7359.78	0.00128591
7357.86	0.00126378
7355.93	0.00130067
7354	0.00140473
7352.07	0.00149223
7350.14	0.0013021
7348.22	0.00118231
7346.29	0.00135444
7344.36	0.00137053
7342.43	0.00114599
7340.5	0.00115928
7338.58	0.00130685
7336.65	0.0013923
7334.72	0.00137302
7332.79	0.0013126
7330.86	0.00144
7328.94	0.00143262
7327.01	0.00141165
7325.08	0.0013938
7323.15	0.00135753
7321.22	0.0013704
7319.29	0.00134683
7317.37	0.00120958
7315.44	0.00129472
7313.51	0.00132473
7311.58	0.00122869
7309.65	0.00117789
7307.73	0.00114942
7305.8	0.000943522
7303.87	0.000963214
7301.94	0.00108793
7300.01	0.00110543
7298.09	0.00114427
7296.16	0.00101741
7294.23	0.00114354
7292.3	0.00134949
7290.37	0.00133477
7288.45	0.00121812
7286.52	0.00115822
7284.59	0.00117148
7282.66	0.00106617
7280.73	0.00110786
7278.81	0.00117865
7276.88	0.00101426
7274.95	0.000992039
7273.02	0.00124816
7271.09	0.00134537
7269.17	0.00122892
7267.24	0.00115905
7265.31	0.00117274
7263.38	0.0010381
7261.45	0.000977526
7259.53	0.00117187
7257.6	0.00117088
7255.67	0.00109344
7253.74	0.000994496
7251.81	0.000983471
7249.89	0.000999445
7247.96	0.00112417
7246.03	0.00124407
7244.1	0.00110198
7242.17	0.000985795
7240.25	0.00103983
7238.32	0.00115682
7236.39	0.00114945
7234.46	0.000977726
7232.53	0.000898928
7230.61	0.00104531
7228.68	0.00106959
7226.75	0.00115167
7224.82	0.00119669
7222.89	0.0010212
7220.97	0.0010028
7219.04	0.00105787
7217.11	0.001153
7215.18	0.0011435
7213.25	0.000918518
7211.33	0.000827482
7209.4	0.00100718
7207.47	0.00107132
7205.54	0.000960623
7203.61	0.000922138
7201.69	0.000915862
7199.76	0.000923931
7197.83	0.000870242
7195.9	0.000756911
7193.97	0.000898563
7192.04	0.00112716
7190.12	0.00116825
7188.19	0.000992072
7186.26	0.000869147
7184.33	0.000978456
7182.4	0.00107736
7180.48	0.00100247
7178.55	0.00103305
7176.62	0.00100293
7174.69	0.00103923
7172.76	0.00113739
7170.84	0.000998083
7168.91	0.000902913
7166.98	0.000971516
7165.05	0.00102459
7163.12	0.000969988
7161.2	0.000904075
7159.27	0.000849592
7157.34	0.000930373
7155.41	0.00104661
7153.48	0.000883456
7151.56	0.000727105
7149.63	0.000763615
7147.7	0.000899028
7145.77	0.00102063
7143.84	0.00098098
7141.92	0.000890263
7139.99	0.000870541
7138.06	0.000898198
7136.13	0.000976364
7134.2	0.000847335
7132.28	0.000739485
7130.35	0.000754819
7128.42	0.000757939
7126.49	0.000690499
7124.56	0.00070686
7122.64	0.000918552
7120.71	0.000862175
7118.78	0.000684061
7116.85	0.000665742
7114.92	0.000756877
7113	0.000956871
7111.07	0.00098367
7109.14	0.000942526
7107.21	0.000936947
7105.28	0.000979851
7103.36	0.00100167
7101.43	0.000958199
7099.5	0.000989017
7097.57	0.0011431
7095.64	0.00111357
7093.71	0.000980748
7091.79	0.00100874
7089.86	0.000937512
7087.93	0.000724749
7086	0.000750571
7084.08	0.000923134
7082.15	0.000968959
7080.22	0.000951757
7078.29	0.00104976
7076.36	0.00109334
7074.43	0.00109278
7072.51	0.0010471
7070.58	0.000813639
7068.65	0.000711506
7066.72	0.00091211
7064.79	0.00103747
7062.87	0.000886942
7060.94	0.00085341
7059.01	0.000880667
7057.08	0.000887905
7055.15	0.000717049
7053.23	0.000729926
7051.3	0.000928712
7049.37	0.000911844
7047.44	0.000834387
7045.51	0.000841226
7043.59	0.000840861
7041.66	0.000956605
7039.73	0.00101389
7037.8	0.000960789
7035.87	0.000973143
7033.95	0.000934424
7032.02	0.000716319
7030.09	0.000675665
7028.16	0.000809523
7026.23	0.000872002
7024.31	0.000898198
7022.38	0.000972113
7020.45	0.000855701
7018.52	0.000774702
7016.59	0.000813905
7014.67	0.000737195
7012.74	0.000778818
7010.81	0.000801888
7008.88	0.00082383
7006.95	0.000882925
7005.03	0.000895841
7003.1	0.000983404
7001.17	0.000950396
6999.24	0.000877546
6997.31	0.000822768
6995.39	0.000783432
6993.46	0.000812942
6991.53	0.000868848
6989.6	0.000818685
6987.67	0.000937678
6985.75	0.00107789
6983.82	0.00100665
6981.89	0.000792294
6979.96	0.000769324
6978.03	0.000820776
6976.1	0.000895841
6974.18	0.00100532
6972.25	0.000986659
6970.32	0.00112463
6968.39	0.00121291
6966.46	0.0010487
6964.54	0.000807398
6962.61	0.000705068
6960.68	0.000878908
6958.75	0.000952919
6956.82	0.000940567
6954.9	0.000990046
6952.97	0.00105547
6951.04	0.00100436
6949.11	0.000862009
6947.18	0.000833524
6945.26	0.000821739
6943.33	0.000733013
6941.4	0.000660068
6939.47	0.000619518
6937.54	0.000734706
6935.62	0.00097487
6933.69	0.00107354
6931.76	0.00100811
6929.83	0.00100101
6927.9	0.000870408
6925.98	0.000776428
6924.05	0.000905801
6922.12	0.00107128
6920.19	0.00106481
6918.26	0.00101366
6916.34	0.00109434
6914.41	0.00119084
6912.48	0.00120513
6910.55	0.00113045
6908.62	0.00103863
6906.7	0.000970453
6904.77	0.000996323
6902.84	0.00118104
6900.91	0.00123338
6898.98	0.00116154
6897.06	0.000982009
6895.13	0.00101861
6893.2	0.0011829
6891.27	0.00117417
6889.34	0.00115719
6887.42	0.00123547
6885.49	0.00129528
6883.56	0.00121566
6881.63	0.00108673
6879.7	0.00113746
6877.78	0.00116453
6875.85	0.00122726
6873.92	0.0012039
6871.99	0.00115217
6870.06	0.00124913
6868.14	0.00124444
6866.21	0.00110012
6864.28	0.00103305
6862.35	0.00113832
6860.42	0.00124268
6858.5	0.00113257
6856.57	0.00109952
6854.64	0.00107627
6852.71	0.00102296
6850.78	0.00113294
6848.85	0.00116347
6846.93	0.00120108
6845	0.00125401
6843.07	0.00127993
6841.14	0.0015064
6839.21	0.00147667
6837.29	0.00129163
6835.36	0.00118244
6833.43	0.00125092
6831.5	0.00138359
6829.57	0.00131379
6827.65	0.00109763
6825.72	0.00108773
6823.79	0.00130263
6821.86	0.00150254
6819.93	0.0014657
6818.01	0.00135501
6816.08	0.00136614
6814.15	0.00139144
6812.22	0.00149413
6810.29	0.00135235
6808.37	0.00122028
6806.44	0.00132732
6804.51	0.00151757
6802.58	0.00162418
6800.65	0.00163719
6798.73	0.00165235
6796.8	0.00154899
6794.87	0.00145184
6792.94	0.00138891
6791.01	0.00143179
6789.09	0.00150896
6787.16	0.00154637
6785.23	0.0015471
6783.3	0.0015615
6781.37	0.0015731
6779.45	0.00159608
6777.52	0.00173741
6775.59	0.00177477
6773.66	0.00169689
6771.73	0.00166077
6769.81	0.00173022
6767.88	0.00184411
6765.95	0.00183146
6764.02	0.00167554
6762.09	0.00176452
6760.17	0.00179809
6758.24	0.0017943
6756.31	0.00201547
6754.38	0.00215058
6752.45	0.00209694
6750.53	0.00187203
6748.6	0.00188317
6746.67	0.00226381
6744.74	0.00231697
6742.81	0.00212517
6740.88	0.00211625
6738.96	0.00221428
6737.03	0.00236517
6735.1	0.00258144
6733.17	0.00248373
6731.25	0.00241932
6729.32	0.00250052
6727.39	0.00239539
6725.46	0.0023899
6723.53	0.00242055
6721.6	0.00249766
6719.68	0.00244814
6717.75	0.00237377
6715.82	0.00239799
6713.89	0.00252475
6711.96	0.00260538
6710.04	0.00265981
6708.11	0.00255544
6706.18	0.0024557
6704.25	0.00258361
6702.32	0.00272316
6700.4	0.00270189
6698.47	0.00280596
6696.54	0.00284634
6694.61	0.00277494
6692.68	0.00279058
6690.76	0.00289467
6688.83	0.00300079
6686.9	0.00301994
6684.97	0.00300639
6683.04	0.00300493
6681.12	0.00312863
6679.19	0.0032324
6677.26	0.00316153
6675.33	0.00319241
6673.4	0.00311324
6671.48	0.00298274
6669.55	0.0029395
6667.62	0.0029716
6665.69	0.00313613
6663.76	0.00318653
6661.84	0.00304844
6659.91	0.00305117
6657.98	0.00317772
6656.05	0.00316998
6654.12	0.00315903
6652.2	0.00326114
6650.27	0.00335145
6648.34	0.00332404
6646.41	0.00323316
6644.48	0.00320983
6642.56	0.0031844
6640.63	0.00318613
6638.7	0.00320606
6636.77	0.00330751
6634.84	0.00338451
6632.92	0.00344509
6630.99	0.00334367
6629.06	0.00326508
6627.13	0.00334297
6625.2	0.00331048
6623.27	0.00330207
6621.35	0.00326631
6619.42	0.00322475
6617.49	0.0031901
6615.56	0.00311231
6613.63	0.00306812
6611.71	0.00317922
6609.78	0.00328187
6607.85	0.00326254
6605.92	0.00319421
6603.99	0.0031331
6602.07	0.00315876
6600.14	0.00312402
6598.21	0.00307747
6596.28	0.00319171
6594.35	0.00322712
6592.43	0.00321711
6590.5	0.00320225
6588.57	0.00319221
6586.64	0.00317141
6584.71	0.00313573
6582.79	0.00326531
6580.86	0.00324682
6578.93	0.00318113
6577	0.00321711
6575.07	0.00317598
6573.15	0.00309862
6571.22	0.00318997
6569.29	0.00329439
6567.36	0.00323116
6565.43	0.00319464
6563.51	0.00317395
6561.58	0.00313253
6559.65	0.00316734
6557.72	0.00318473
6555.79	0.00312375
6553.87	0.00311765
6551.94	0.00311941
6550.01	0.00300109
6548.08	0.00296786
6546.15	0.00308407
6544.23	0.00311074
6542.3	0.00300373
6540.37	0.002929
6538.44	0.00305885
6536.51	0.0031314
6534.59	0.00307093
6532.66	0.0029797
6530.73	0.00294057
6528.8	0.00299765
6526.87	0.00306045
6524.95	0.00303646
6523.02	0.00299325
6521.09	0.00308648
6519.16	0.00300609
6517.23	0.00296005
6515.31	0.00289514
6513.38	0.00292766
6511.45	0.00293824
6509.52	0.00290465
6507.59	0.00287906
6505.67	0.00276977
6503.74	0.00267965
6501.81	0.0027454
6499.88	0.00279652
6497.95	0.00272893
6496.02	0.00279195
6494.1	0.0028878
6492.17	0.00287366
6490.24	0.00290661
6488.31	0.00293647
6486.38	0.00286445
6484.46	0.00267782
6482.53	0.00256881
6480.6	0.00264211
6478.67	0.00280586
6476.74	0.00284801
6474.82	0.00282506
6472.89	0.00283444
6470.96	0.00285501
6469.03	0.00268592
6467.1	0.00270545
6465.18	0.00289617
6463.25	0.0028865
6461.32	0.00283557
6459.39	0.00281459
6457.46	0.00273216
6455.54	0.00271669
6453.61	0.00278668
6451.68	0.00281283
6449.75	0.00276474
6447.82	0.00266055
6445.9	0.00263388
6443.97	0.00268432
6442.04	0.00271156
6440.11	0.00277928
6438.18	0.00277548
6436.26	0.00270745
6434.33	0.00270569
6432.4	0.00268758
6430.47	0.00269515
6428.54	0.00266155
6426.62	0.00261168
6424.69	0.00261618
6422.76	0.00272236
6420.83	0.00271596
6418.9	0.00277334
6416.98	0.00283217
6415.05	0.00274403
6413.12	0.00267491
6411.19	0.00261701
6409.26	0.00263388
6407.34	0.00270699
6405.41	0.00266558
6403.48	0.00265124
6401.55	0.00272873
6399.62	0.00271629
6397.7	0.00256511
6395.77	0.00249905
6393.84	0.00259498
6391.91	0.00261331
6389.98	0.00262701
6388.06	0.00272319
6386.13	0.00268175
6384.2	0.00272953
6382.27	0.00276707
6380.34	0.00266201
6378.42	0.00257484
6376.49	0.00250562
6374.56	0.00257698
6372.63	0.00277631
6370.7	0.00277284
6368.77	0.00263448
6366.85	0.00260128
6364.92	0.00266285
6362.99	0.00262171
6361.06	0.00260264
6359.13	0.00259368
6357.21	0.00252605
6355.28	0.00256481
6353.35	0.00257681
6351.42	0.00250499
6349.49	0.00252938
6347.57	0.00251768
6345.64	0.00253018
6343.71	0.00253235
6341.78	0.00238333
6339.85	0.00236457
6337.93	0.00244904
6336	0.0024571
6334.07	0.00232287
6332.14	0.00219896
6330.21	0.00224822
6328.29	0.00237051
6326.36	0.00229545
6324.43	0.00221568
6322.5	0.00210633
6320.57	0.00207816
6318.65	0.0021038
6316.72	0.00217808
6314.79	0.00212151
6312.86	0.00196651
6310.93	0.00196491
6309.01	0.00203488
6307.08	0.00202716
6305.15	0.00191146
6303.22	0.00178705
6301.29	0.00176791
6299.37	0.00191805
6297.44	0.00197104
6295.51	0.00195856
6293.58	0.00187938
6291.65	0.00183922
6289.73	0.00190374
6287.8	0.00192398
6285.87	0.0018482
6283.94	0.00173335
6282.01	0.00176722
6280.08	0.00178405
6278.16	0.0017092
6276.23	0.00167041
6274.3	0.0015337
6272.37	0.00154184
6270.45	0.00172623
6268.52	0.00167387
6266.59	0.00158926
6264.66	0.00163602
6262.73	0.00165581
6260.8	0.00155012
6258.88	0.00153439
6256.95	0.00158557
6255.02	0.00159099
6253.09	0.00170201
6251.17	0.00182105
6249.24	0.00176216
6247.31	0.00152678
6245.38	0.00143319
6243.45	0.00146434
6241.52	0.0014932
6239.6	0.00156805
6237.67	0.00158354
6235.74	0.00156721
6233.81	0.00147348
6231.88	0.00127857
6229.96	0.00121763
6228.03	0.00129053
6226.1	0.00140317
6224.17	0.0014055
6222.24	0.00137874
6220.32	0.00134397
6218.39	0.00130127
6216.46	0.00127711
6214.53	0.00128568
6212.6	0.00135361
6210.68	0.00132626
6208.75	0.00132573
6206.82	0.00126368
6204.89	0.00112918
6202.96	0.00120221
6201.04	0.00130572
6199.11	0.00131546
6197.18	0.00134583
6195.25	0.00126717
6193.32	0.0012466
6191.4	0.00127136
6189.47	0.00122251
6187.54	0.00122886
6185.61	0.00116397
6183.68	0.00117596
6181.76	0.00115437
6179.83	0.00112596
6177.9	0.0011435
6175.97	0.00113476
6174.04	0.00109955
6172.12	0.00112676
6170.19	0.00115054
6168.26	0.00119104
6166.33	0.00124773
6164.4	0.00128156
6162.48	0.00129618
6160.55	0.00129695
6158.62	0.00131635
6156.69	0.00144376
6154.76	0.00133909
6152.83	0.00114244
6150.91	0.0011448
6148.98	0.00128953
6147.05	0.00128063
6145.12	0.00124341
6143.19	0.00133729
6141.27	0.0013805
6139.34	0.00138216
6137.41	0.00130067
6135.48	0.001194
6133.55	0.00128761
6131.63	0.00137462
6129.7	0.00131702
6127.77	0.00120649
6125.84	0.00127308
6123.91	0.00147973
6121.99	0.00135341
6120.06	0.00125743
6118.13	0.00134939
6116.2	0.00139154
6114.27	0.00137355
6112.35	0.00147614
6110.42	0.0015615
6108.49	0.00152725
6106.56	0.00162634
6104.63	0.00164474
6102.71	0.00156229
6100.78	0.00153316
6098.85	0.00159811
6096.92	0.00154683
6094.99	0.00158424
6093.07	0.00164933
6091.14	0.00173165
6089.21	0.00172211
6087.28	0.00165841
6085.35	0.00171246
6083.43	0.001758
6081.5	0.00172167
6079.57	0.00171063
6077.64	0.00165744
6075.71	0.00169107
6073.79	0.00187119
6071.86	0.00194727
6069.93	0.00187439
6068	0.00176412
6066.07	0.00179819
6064.15	0.00199597
6062.22	0.00203475
6060.29	0.00204241
6058.36	0.00207633
6056.43	0.00201927
6054.51	0.00204457
6052.58	0.00220722
6050.65	0.0022783
6048.72	0.00223473
6046.79	0.00219107
6044.87	0.00220539
6042.94	0.00221325
6041.01	0.00221015
6039.08	0.00217189
6037.15	0.0021964
6035.23	0.00233496
6033.3	0.00224219
6031.37	0.00217549
6029.44	0.00214988
6027.51	0.00214772
6025.58	0.00211285
6023.66	0.00211672
6021.73	0.00207127
6019.8	0.00192967
6017.87	0.00192418
6015.94	0.00189352
6014.02	0.00196664
6012.09	0.00190324
6010.16	0.00176559
6008.23	0.00179267
6006.3	0.00184045
6004.38	0.00181526
6002.45	0.00169749
6000.52	0.00164031
5998.59	0.00153602
5996.66	0.00142076
5994.74	0.00144888
5992.81	0.00142621
5990.88	0.00141929
5988.95	0.00142019
5987.02	0.00141398
5985.1	0.00136069
5983.17	0.00137984
5981.24	0.00122018
5979.31	0.00113101
5977.38	0.00107647
5975.46	0.00101416
5973.53	0.000970586
5971.6	0.00101529
5969.67	0.00103674
5967.74	0.00101867
5965.82	0.00107265
5963.89	0.00101027
5961.96	0.000893749
5960.03	0.000905635
5958.1	0.000838238
5956.18	0.000731287
5954.25	0.000718675
5952.32	0.000792958
5950.39	0.000765175
5948.46	0.000724517
5946.54	0.000688342
5944.61	0.000608933
5942.68	0.000506318
5940.75	0.00057164
5938.82	0.000651207
5936.9	0.000627747
5934.97	0.000653265
5933.04	0.000583219
5931.11	0.000529208
5929.18	0.00057602
5927.25	0.000594002
5925.33	0.000595097
5923.4	0.000480743
5921.47	0.000465683
5919.54	0.000547388
5917.62	0.000503631
5915.69	0.00047789
5913.76	0.000478388
5911.83	0.000436462
5909.9	0.00039003
5907.97	0.000386979
5906.05	0.000363765
5904.12	0.000315783
5902.19	0.000306465
5900.26	0.000435998
5898.33	0.000402765
5896.41	0.000297414
5894.48	0.000426645
5892.55	0.000473512
5890.62	0.00031323
5888.69	0.000234719
5886.77	0.00024609
5884.84	0.000323177
5882.91	0.000347715
5880.98	0.000242808
5879.05	0.000259915
5877.13	0.000395867
5875.2	0.000444422
5873.27	0.000453776
5871.34	0.000327024
5869.41	0.000295159
5867.49	0.000345991
5865.56	0.000322613
5863.63	0.000262368
5861.7	0.00023989
5859.77	0.000179027
5857.85	0.000137528
5855.92	0.000150256
5853.99	0.000135937
5852.06	0.000153371
5850.13	0.000246388
5848.21	0.000271718
5846.28	0.000147571
5844.35	2.62098e-05
5842.42	-7.02436e-06
5840.49	7.79383e-05
5838.57	0.000124536
5836.64	9.56685e-05
5834.71	7.51545e-05
5832.78	8.50634e-05
5830.85	0.000108892
5828.93	0.00015188
5827	0.000160896
5825.07	0.000209889
5823.14	0.000275895
5821.21	0.000320491
5819.29	0.000345096
5817.36	0.000398321
5815.43	0.000412947
5813.5	0.00024672
5811.57	0.000152841
5809.65	0.000165768
5807.72	0.000199811
5805.79	0.000185623
5803.86	0.000183303
5801.93	0.000213137
5800	0.000158509
5798.08	0.000127452
5796.15	0.000165039
5794.22	0.000190629
5792.29	0.000158608
5790.36	0.000128712
5788.44	0.000172331
5786.51	0.00012954
5784.58	0.000253947
5782.65	0.000286008
5780.72	0.000190828
5778.8	0.000268237
5776.87	0.000261075
5774.94	0.000227193
5773.01	0.000177801
5771.08	0.000219171
5769.16	0.000289357
5767.23	0.000214762
5765.3	0.00023147
5763.37	0.000232166
5761.44	6.624e-05
5759.52	7.1244e-05
5757.59	0.000335081
5755.66	0.00035521
5753.73	0.000331401
5751.8	0.000262236
5749.88	0.000245792
5747.95	0.000176176
5746.02	0.000162387
5744.09	0.000150455
5742.16	6.75324e-05
5740.24	0.000123939
5738.31	0.000164376
5736.38	0.00011098
5734.45	0.000136335
5732.52	0.000211215
5730.6	0.000274105
5728.67	0.000178099
5726.74	8.34727e-05
5724.81	0.000128082
5722.88	0.000203988
5720.96	0.000190098
5719.03	0.000195701
5717.1	0.000225038
5715.17	0.000322282
5713.24	0.000388074
5711.32	0.000382801
5709.39	0.000320359
5707.46	0.000255373
5705.53	0.000215193
5703.6	0.000199281
5701.68	0.000201767
5699.75	0.0002503
5697.82	0.000295888
5695.89	0.000238995
5693.96	0.000136998
5692.03	0.000185623
5690.11	0.000216088
5688.18	0.000210087
5686.25	0.00011393
5684.32	0.000104318
5682.4	0.00017558
5680.47	0.000159073
5678.54	0.000240553
5676.61	0.000178795
5674.68	0.000118537
5672.75	0.000172928
5670.83	0.000227558
5668.9	0.000283422
5666.97	0.000245559
5665.04	0.000187911
5663.11	0.000227558
5661.19	0.000218441
5659.26	0.000166298
5657.33	0.000195038
5655.4	0.000239758
5653.47	0.000242708
5651.55	0.000210717
5649.62	0.000158542
5647.69	0.000130866
5645.76	0.000140378
5643.83	0.000215491
5641.91	0.000293335
5639.98	0.000249438
5638.05	0.000241846
5636.12	0.000151416
5634.19	0.000155228
5632.27	0.000254776
5630.34	0.000362837
5628.41	0.000340354
5626.48	0.000210618
5624.55	0.00013249
5622.63	0.000109522
5620.7	0.000210916
5618.77	0.000338165
5616.84	0.000334949
5614.91	0.000324404
5612.99	0.000251593
5611.06	9.92809e-05
5609.13	0.000194308
5607.2	0.000285345
5605.27	0.000220099
5603.35	0.00015178
5601.42	0.000231503
5599.49	0.00023631
5597.56	0.000176906
5595.63	0.000240454
5593.71	0.000220596
5591.78	0.000206375
5589.85	0.000221723
5587.92	0.000215624
5585.99	0.000221491
5584.07	0.000215392
5582.14	0.000174386
5580.21	0.000200341
5578.28	0.000194772
5576.35	0.000154962
5574.43	0.000193579
5572.5	0.000251925
5570.57	0.000303813
5568.64	0.000256467
5566.71	0.000238697
5564.79	0.000279145
5562.86	0.000296684
5560.93	0.000281698
5559	0.000222884
5557.07	0.000189502
5555.14	0.000199015
5553.22	0.000230508
5551.29	0.000186982
5549.36	0.000245427
5547.43	0.000261274
5545.5	0.000219767
5543.58	0.000151051
5541.65	0.000142201
5539.72	0.00014303
5537.79	0.00023505
5535.86	0.000252853
5533.94	0.000194739
5532.01	0.000212043
5530.08	0.000270657
5528.15	0.000272945
5526.22	0.000303216
5524.3	0.000204651
5522.37	0.000110848
5520.44	0.000118967
5518.51	0.00012659
5516.58	8.07883e-05
5514.66	9.48068e-05
5512.73	0.000133948
5510.8	0.00010054
5508.87	0.000168917
5506.94	0.000191292
5505.02	0.000160332
5503.09	0.000175314
5501.16	0.000158045
5499.23	0.000143759
5497.3	0.000118636
5495.38	0.000140146
5493.45	0.000142533
5491.52	0.000119895
5489.59	0.000155095
5487.66	0.000162685
5485.74	0.000127054
5483.81	0.000168088
5481.88	0.000137627
5479.95	0.000111013
5478.02	0.00015715
5476.1	0.000173723
5474.17	0.000190993
5472.24	0.000256169
5470.31	0.000242145
5468.38	0.000193679
5466.46	0.000191822
5464.53	0.000175348
5462.6	0.000183701
5460.67	0.000254212
5458.74	0.000213402
5456.82	0.000199944
5454.89	0.000133716
5452.96	4.18172e-05
5451.03	9.06311e-05
5449.1	7.69441e-05
5447.17	0.000123177
5445.25	0.000151283
5443.32	0.000167359
5441.39	0.000101071
5439.46	0.000111411
5437.54	0.000224475
5435.61	0.000175878
5433.68	0.000153703
5431.75	0.000140511
5429.82	0.00011963
5427.89	0.000151316
5425.97	0.000134744
5424.04	9.87838e-05
5422.11	0.000131429
5420.18	0.000168884
5418.25	6.93219e-05
5416.33	2.34264e-05
5414.4	0.000152775
5412.47	0.000169911
5410.54	8.35721e-05
5408.61	6.2197e-05
5406.69	4.25131e-05
5404.76	3.14122e-05
5402.83	0.000182441
5400.9	0.000295756
5398.97	0.000224806
5397.05	7.63807e-05
5395.12	5.72925e-05
5393.19	3.10808e-05
5391.26	2.58785e-05
5389.33	2.56796e-05
5387.41	9.02334e-05
5385.48	0.000162255
5383.55	0.000125928
5381.62	7.07138e-05
5379.69	0.000136003
5377.77	0.000187281
5375.84	7.2901e-05
5373.91	5.92477e-05
5371.98	9.62651e-05
5370.05	0.000123077
5368.13	0.000125265
5366.2	0.000148731
5364.27	0.00015072
5362.34	0.000152178
5360.41	0.000143859
5358.49	0.000117675
5356.56	8.90403e-05
5354.63	8.25045e-06
5352.7	6.5279e-05
5350.77	0.000172
5348.85	0.000129839
5346.92	1.73294e-05
5344.99	5.54699e-05
5343.06	0.000154399
5341.13	5.65966e-05
5339.21	-2.16029e-05
5337.28	2.18359e-05
5335.35	0.000123144
5333.42	0.000162685
5331.49	0.000135175
5329.56	0.000146742
5327.64	0.000115653
5325.71	7.86342e-05
5323.78	9.41109e-05
5321.85	0.00015715
5319.92	0.000182938
5318	0.000229514
5316.07	0.000282095
5314.14	0.000249604
5312.21	0.000240089
5310.28	0.000217016
5308.36	0.00027636
5306.43	0.000396166
5304.5	0.000378987
5302.57	0.000313064
5300.64	0.000307991
5298.72	0.000296518
5296.79	0.000312235
5294.86	0.000352524
5292.93	0.00038091
5291	0.00043487
5289.08	0.000526289
5287.15	0.000410393
5285.22	0.000303514
5283.29	0.000387974
5281.36	0.000483894
5279.44	0.000513318
5277.51	0.000418618
5275.58	0.000358459
5273.65	0.00036738
5271.72	0.000515208
5269.8	0.000641883
5267.87	0.000650676
5265.94	0.000525227
5264.01	0.000514644
5262.08	0.000703541
5260.16	0.000737461
5258.23	0.000710975
5256.3	0.000765939
5254.37	0.000855203
5252.44	0.000805041
5250.52	0.000793157
5248.59	0.000806436
5246.66	0.000782137
5244.73	0.000817158
5242.8	0.000919481
5240.88	0.00106949
5238.95	0.00111291
5237.02	0.000999976
5235.09	0.0009493
5233.16	0.00100187
5231.24	0.00101512
5229.31	0.00101127
5227.38	0.00102571
5225.45	0.00107454
5223.52	0.00110932
5221.6	0.00108145
5219.67	0.00116167
5217.74	0.00122856
5215.81	0.0013115
5213.88	0.00136854
5211.96	0.00144685
5210.03	0.00156396
5208.1	0.00159768
5206.17	0.00168139
5204.24	0.0016161
5202.31	0.00150281
5200.39	0.00165342
5198.46	0.00172503
5196.53	0.00176722
5194.6	0.00182261
5192.67	0.00178192
5190.75	0.00176845
5188.82	0.00185732
5186.89	0.00199048
5184.96	0.0020734
5183.03	0.00214615
5181.11	0.00225858
5179.18	0.00233133
5177.25	0.00230921
5175.32	0.00228269
5173.39	0.00223537
5171.47	0.00228093
5169.54	0.00234895
5167.61	0.00240402
5165.68	0.00252172
5163.75	0.00258518
5161.83	0.00256641
5159.9	0.00265871
5157.97	0.00272523
5156.04	0.00277518
5154.11	0.00285708
5152.19	0.00285348
5150.26	0.00289294
5148.33	0.00302998
5146.4	0.00306228
5144.47	0.00314868
5142.55	0.00322769
5140.62	0.00331753
5138.69	0.00340765
5136.76	0.00335916
5134.83	0.00329499
5132.91	0.00335045
5130.98	0.00349512
5129.05	0.00358719
5127.12	0.00354486
5125.19	0.00353985
5123.27	0.00358264
5121.34	0.00353561
5119.41	0.00355785
5117.48	0.00377077
5115.55	0.00394972
5113.62	0.00396614
5111.7	0.00401389
5109.77	0.00405834
5107.84	0.00412788
5105.91	0.00422339
5103.99	0.0042355
5102.06	0.00423537
5100.13	0.00430838
5098.2	0.00437545
5096.27	0.00433586
5094.34	0.00436042
5092.42	0.00440028
5090.49	0.00440356
5088.56	0.00443754
5086.63	0.00448012
5084.71	0.00462942
5082.78	0.00477935
5080.85	0.0048156
5078.92	0.00486843
5076.99	0.00491907
5075.06	0.00498894
5073.14	0.00507918
5071.21	0.00515539
5069.28	0.00522621
5067.35	0.00524341
5065.42	0.00538821
5063.5	0.0055784
5061.57	0.00559565
5059.64	0.00561002
5057.71	0.00566705
5055.78	0.00576716
5053.86	0.00592618
5051.93	0.00611822
5050	0.00620577
5048.07	0.00623988
5046.14	0.00632614
5044.22	0.00640486
5042.29	0.00645853
5040.36	0.00662251
5038.43	0.00689517
5036.5	0.00708373
5034.58	0.00722399
5032.65	0.00741795
5030.72	0.00751996
5028.79	0.00769493
5026.86	0.00795149
5024.94	0.00814267
5023.01	0.00836755
5021.08	0.0085779
5019.15	0.0086792
5017.22	0.0087579
5015.3	0.00875793
5013.37	0.00865594
5011.44	0.00854127
5009.51	0.00836434
5007.58	0.00815395
5005.66	0.00795986
5003.73	0.00773749
5001.8	0.0074881
4999.87	0.00729906
4997.94	0.00716167
4996.02	0.00709501
4994.09	0.00700035
4992.16	0.00685178
4990.23	0.00669071
4988.3	0.00667879
4986.38	0.00669794
4984.45	0.00671611
4982.52	0.00667779
4980.59	0.00657137
4978.66	0.00654661
4976.73	0.00661231
4974.81	0.00658806
4972.88	0.00660124
4970.95	0.00656643
4969.02	0.00646878
4967.09	0.00646556
4965.17	0.0064362
4963.24	0.00641962
4961.31	0.00642984
4959.38	0.00641383
4957.45	0.00642288
4955.53	0.0064172
4953.6	0.0062974
4951.67	0.00629979
4949.74	0.00641064
4947.81	0.00639107
4945.89	0.00633741
4943.96	0.00635835
4942.03	0.00636044
4940.1	0.00634652
4938.17	0.0062732
4936.25	0.00623434
4934.32	0.00617498
4932.39	0.00614769
4930.46	0.00610343
4928.53	0.00614877
4926.61	0.00614672
4924.68	0.00600247
4922.75	0.00602531
4920.82	0.00609937
4918.89	0.00598597
4916.97	0.00587698
4915.04	0.00588255
4913.11	0.00587016
4911.18	0.00589384
4909.25	0.00586048
4907.33	0.00580413
4905.4	0.00582831
4903.47	0.00577563
4901.54	0.00580685
4899.61	0.00585813
4897.69	0.00578389
4895.76	0.00564201
4893.83	0.00570008
4891.9	0.00575843
4889.97	0.0056888
4888.05	0.00566853
4886.12	0.00564422
4884.19	0.00564399
4882.26	0.00559686
4880.33	0.00550655
4878.41	0.00547286
4876.48	0.00545098
4874.55	0.0054589
4872.62	0.00545873
4870.69	0.00542344
4868.77	0.00542039
4866.84	0.0054489
4864.91	0.00542069
4862.98	0.00531545
4861.05	0.00528339
4859.12	0.00525424
4857.2	0.0052474
4855.27	0.00524344
4853.34	0.00521829
4851.41	0.00517088
4849.48	0.00506788
4847.56	0.00509826
4845.63	0.00503245
4843.7	0.00493254
4841.77	0.00488452
4839.84	0.00497956
4837.92	0.00497651
4835.99	0.00490402
4834.06	0.00477372
4832.13	0.00475881
4830.2	0.00470903
4828.28	0.00456138
4826.35	0.00454942
4824.42	0.00451263
4822.49	0.00446355
4820.56	0.00453459
4818.64	0.00451655
4816.71	0.00436223
4814.78	0.00428348
4812.85	0.00417692
4810.92	0.00411724
4809	0.00409731
4807.07	0.00406426
4805.14	0.00397306
4803.21	0.00389125
4801.28	0.00385434
4799.36	0.00379577
4797.43	0.00373104
4795.5	0.00365605
4793.57	0.00356203
4791.64	0.00337887
4789.72	0.00335085
4787.79	0.00346573
4785.86	0.00348073
4783.93	0.00339095
4782	0.00318837
4780.08	0.00304914
4778.15	0.00298057
4776.22	0.00297877
4774.29	0.00291692
4772.36	0.00285255
4770.44	0.00280472
4768.51	0.00266535
4766.58	0.00249059
4764.65	0.00246583
4762.72	0.00245107
4760.79	0.0023219
4758.87	0.00227497
4756.94	0.00220942
4755.01	0.002101
4753.08	0.0020759
4751.16	0.00198632
4749.23	0.00185372
4747.3	0.00185063
4745.37	0.00187679
4743.44	0.00188288
4741.51	0.00182268
4739.59	0.00173704
4737.66	0.00150866
4735.73	0.00136465
4733.8	0.00151006
4731.88	0.00151385
4729.95	0.00129356
4728.02	0.00123321
4726.09	0.00122975
4724.16	0.00111015
4722.23	0.00101788
4720.31	0.000830105
4718.38	0.000775133
4716.45	0.000817722
4714.52	0.000869877
4712.59	0.000923134
4710.67	0.000899825
4708.74	0.000846969
4706.81	0.000661992
4704.88	0.000419049
4702.95	0.000381043
4701.03	0.0003764
4699.1	0.000276558
4697.17	0.000251726
4695.24	0.000283521
4693.31	0.000254909
4691.39	0.000164807
4689.46	8.01918e-05
4687.53	3.03518e-05
4685.6	4.76825e-05
4683.67	-1.27896e-05
4681.75	-0.000153781
4679.82	-0.000207668
4677.89	-0.000145699
4675.96	-0.000181272
4674.03	-0.000257011
4672.11	-0.00029029
4670.18	-0.000209787
4668.25	-0.000234824
4666.32	-0.000327274
4664.39	-0.000430264
4662.47	-0.000376538
4660.54	-0.000318964
4658.61	-0.00042232
4656.68	-0.000550339
4654.75	-0.000544084
4652.83	-0.000552622
4650.9	-0.000563576
4648.97	-0.000563311
4647.04	-0.0006324
4645.11	-0.000646626
4643.19	-0.000648843
4641.26	-0.000679809
4639.33	-0.000753146
4637.4	-0.000743521
4635.47	-0.000673126
4633.54	-0.000683481
4631.62	-0.000721325
4629.69	-0.00075652
4627.76	-0.000777324
4625.83	-0.000782848
4623.9	-0.000831167
4621.98	-0.000800476
4620.05	-0.000791017
4618.12	-0.00082022
4616.19	-0.000922333
4614.26	-0.000964223
4612.34	-0.000917208
4610.41	-0.000924747
4608.48	-0.000925375
4606.55	-0.00103804
4604.62	-0.00108911
4602.7	-0.0010354
4600.77	-0.000936583
4598.84	-0.00087452
4596.91	-0.000939427
4594.98	-0.00105586
4593.06	-0.00106283
4591.13	-0.00104578
4589.2	-0.00101609
4587.27	-0.000985282
4585.34	-0.000957247
4583.42	-0.00100003
4581.49	-0.000996654
4579.56	-0.000962404
4577.63	-0.000950271
4575.7	-0.000889037
4573.78	-0.000897005
4571.85	-0.000973248
4569.92	-0.000844924
4567.99	-0.000668528
4566.06	-0.000646395
4564.14	-0.000687153
4562.21	-0.000673358
4560.28	-0.000594812
4558.35	-0.000537731
4556.42	-0.000483786
4554.5	-0.000428046
4552.57	-0.000436256
4550.64	-0.000375445
4548.71	-0.000274661
4546.78	-0.000218
4544.86	-0.000146295
4542.93	-0.000147786
4541	-0.000154808
4539.07	-0.000166831
4537.14	-0.000134702
4535.22	-4.63189e-05
4533.29	2.52157e-05
4531.36	7.48562e-05
4529.43	7.79051e-05
4527.5	3.26383e-05
4525.58	-8.48223e-06
4523.65	-2.25306e-05
4521.72	-7.84212e-05
4519.79	-0.00011284
4517.86	-0.000179152
4515.94	-0.000134735
4514.01	-9.68069e-05
4512.08	-0.000182133
4510.15	-0.000270621
4508.22	-0.000477067
4506.29	-0.000552159
4504.37	-0.00054703
4502.44	-0.000565396
4500.51	-0.000616319
4498.58	-0.000673093
4496.65	-0.000789264
4494.73	-0.000999431
4492.8	-0.0010824
4490.87	-0.00100393
4488.94	-0.00102181
4487.01	-0.00108901
4485.09	-0.00118495
4483.16	-0.00127571
4481.23	-0.00133619
4479.3	-0.00138316
4477.37	-0.00131565
4475.45	-0.00126206
4473.52	-0.00128849
4471.59	-0.00135829
4469.66	-0.0013796
4467.73	-0.00137603
4465.81	-0.00139007
4463.88	-0.00137213
4461.95	-0.00136658
4460.02	-0.00139509
4458.09	-0.0014148
4456.17	-0.00137821
4454.24	-0.00137814
4452.31	-0.00140186
4450.38	-0.00133867
4448.45	-0.00138749
4446.53	-0.00151958
4444.6	-0.00147775
4442.67	-0.00139125
4440.74	-0.00134548
4438.81	-0.00129067
4436.89	-0.00130967
4434.96	-0.0013931
4433.03	-0.00140793
4431.1	-0.00136371
4429.17	-0.00140975
4427.25	-0.00140777
4425.32	-0.00135591
4423.39	-0.00136536
4421.46	-0.00139261
4419.53	-0.00142355
4417.61	-0.00145328
4415.68	-0.00142943
4413.75	-0.0014474
4411.82	-0.00152196
4409.89	-0.00143042
4407.96	-0.00135406
4406.04	-0.00130052
4404.11	-0.00128707
4402.18	-0.00135667
4400.25	-0.00144456
4398.33	-0.00146748
4396.4	-0.00143911
4394.47	-0.00145856
4392.54	-0.00143122
4390.61	-0.00138234
4388.68	-0.00128836
4386.76	-0.00119321
4384.83	-0.00125737
4382.9	-0.00142171
4380.97	-0.00146166
4379.04	-0.00144915
4377.12	-0.00147626
4375.19	-0.0014436
4373.26	-0.00138544
4371.33	-0.00135499
4369.4	-0.00132215
4367.48	-0.00138455
4365.55	-0.00143399
4363.62	-0.00139931
4361.69	-0.00135727
4359.76	-0.00131892
4357.84	-0.00138214
4355.91	-0.00135182
4353.98	-0.00131878
4352.05	-0.00142583
4350.12	-0.00151371
4348.2	-0.00153335
4346.27	-0.0014616
4344.34	-0.00134098
4342.41	-0.00132883
4340.48	-0.00131442
4338.56	-0.00133196
4336.63	-0.00140268
4334.7	-0.00146067
4332.77	-0.00140767
4330.84	-0.00134115
4328.92	-0.00140186
4326.99	-0.00142996
4325.06	-0.00133884
4323.13	-0.00136718
4321.2	-0.00136034
4319.28	-0.00129645
4317.35	-0.00133078
4315.42	-0.00133897
4313.49	-0.00135677
4311.56	-0.001376
4309.64	-0.00130838
4307.71	-0.00114936
4305.78	-0.00114532
4303.85	-0.00116502
4301.92	-0.00124082
4300	-0.00126312
4298.07	-0.00120229
4296.14	-0.00117143
4294.21	-0.001179
4292.28	-0.00127419
4290.35	-0.00132919
4288.43	-0.00126444
4286.5	-0.00116423
4284.57	-0.00123296
4282.64	-0.00120365
4280.71	-0.0012086
4278.79	-0.00120626
4276.86	-0.00109069
4274.93	-0.00108808
4273	-0.00114017
4271.07	-0.00108415
4269.15	-0.0010433
4267.22	-0.00117219
4265.29	-0.0011329
4263.36	-0.00105057
4261.43	-0.00107499
4259.51	-0.00112675
4257.58	-0.00114337
4255.65	-0.00111703
4253.72	-0.00111984
4251.79	-0.00118514
4249.87	-0.00117731
4247.94	-0.00107628
4246.01	-0.00101999
4244.08	-0.00111089
4242.15	-0.0011171
4240.23	-0.00107744
4238.3	-0.00116466
4236.37	-0.00120034
4234.44	-0.00117896
4232.51	-0.00109542
4230.59	-0.00103024
4228.66	-0.00105652
4226.73	-0.00103368
4224.8	-0.00109932
4222.87	-0.00115266
4220.95	-0.00111548
4219.02	-0.00105047
4217.09	-0.000979364
4215.16	-0.00106323
4213.23	-0.00111558
4211.31	-0.0011364
4209.38	-0.00115702
4207.45	-0.00121287
4205.52	-0.00118276
4203.59	-0.00107417
4201.67	-0.00109654
4199.74	-0.00113838
4197.81	-0.00110487
4195.88	-0.00104465
4193.95	-0.00107628
4192.03	-0.00109773
4190.1	-0.00113627
4188.17	-0.00109773
4186.24	-0.00112328
4184.31	-0.00121237
4182.39	-0.00121273
4180.46	-0.00105906
4178.53	-0.00100214
4176.6	-0.00103153
4174.67	-0.00105725
4172.75	-0.00110299
4170.82	-0.00107655
4168.89	-0.00102683
4166.96	-0.00105774
4165.03	-0.00105642
4163.1	-0.000972852
4161.18	-0.000986274
4159.25	-0.00110732
4157.32	-0.00109856
4155.39	-0.00104111
4153.46	-0.0010547
4151.54	-0.00104855
4149.61	-0.00109023
4147.68	-0.00108845
4145.75	-0.000992158
4143.82	-0.000985612
4141.9	-0.00110699
4139.97	-0.00108379
4138.04	-0.00107681
4136.11	-0.0011174
4134.18	-0.00113389
4132.26	-0.00106852
4130.33	-0.000954205
4128.4	-0.000960586
4126.47	-0.000982902
4124.54	-0.00104171
4122.62	-0.0011476
4120.69	-0.00119083
4118.76	-0.00116469
4116.83	-0.000991629
4114.9	-0.000905173
4112.98	-0.0009951
4111.05	-0.000965149
4109.12	-0.000897733
4107.19	-0.000906198
4105.26	-0.000891748
4103.34	-0.000905007
4101.41	-0.00087376
4099.48	-0.000812283
4097.55	-0.000843568
4095.62	-0.000897204
4093.7	-0.000956685
4091.77	-0.000954305
4089.84	-0.000914828
4087.91	-0.000947362
4085.98	-0.000929872
4084.06	-0.000939063
4082.13	-0.00102991
4080.2	-0.00116105
4078.27	-0.00115514
4076.34	-0.00107628
4074.42	-0.00113366
4072.49	-0.00113227
4070.56	-0.00102006
4068.63	-0.000899783
4066.7	-0.000921275
4064.78	-0.00100538
4062.85	-0.00101272
4060.92	-0.000962933
4058.99	-0.000974438
4057.06	-0.00108891
4055.14	-0.00106158
4053.21	-0.00106045
4051.28	-0.00106389
4049.35	-0.00112592
4047.42	-0.00108398
4045.5	-0.00101272
4043.57	-0.0010029
4041.64	-0.000996456
4039.71	-0.0010072
4037.78	-0.00100651
4035.85	-0.00102859
4033.93	-0.00107176
4032	-0.000977447
4030.07	-0.000824619
4028.14	-0.000831398
4026.21	-0.000843998
4024.29	-0.000879117
4022.36	-0.000886358
4020.43	-0.000844726
4018.5	-0.000848991
4016.57	-0.00085706
4014.65	-0.000802824
4012.72	-0.000861624
4010.79	-0.000917473
4008.86	-0.000890591
4006.93	-0.000882522
4005.01	-0.000936517
4003.08	-0.00102898
4001.15	-0.00101659
3999.22	-0.00099391
3997.29	-0.000927392
3995.37	-0.000913472
3993.44	-0.000841253
3991.51	-0.000824883
3989.58	-0.000951924
3987.65	-0.000946337
3985.73	-0.000859342
3983.8	-0.000863839
3981.87	-0.000825082
3979.94	-0.000766575
3978.01	-0.000792902
3976.09	-0.000781922
3974.16	-0.000701477
3972.23	-0.000737434
3970.3	-0.00091162
3968.37	-0.000927293
3966.45	-0.000879646
3964.52	-0.000891054
3962.59	-0.000890921
3960.66	-0.000856564
3958.73	-0.000795151
3956.81	-0.000724203
3954.88	-0.000839236
3952.95	-0.000924185
3951.02	-0.000876405
3949.09	-0.000853555
3947.17	-0.000851802
3945.24	-0.00087085
3943.31	-0.000894592
3941.38	-0.000853919
3939.45	-0.000765913
3937.53	-0.000731183
3935.6	-0.00079869
3933.67	-0.000969579
3931.74	-0.00103731
3929.81	-0.000933475
3927.88	-0.000852894
3925.96	-0.000898824
3924.03	-0.000864964
3922.1	-0.000879546
3920.17	-0.000846048
3918.24	-0.000833647
3916.32	-0.000826305
3914.39	-0.000774811
3912.46	-0.000778217
3910.53	-0.000836855
3908.6	-0.000854547
3906.68	-0.000872966
3904.75	-0.000886986
3902.82	-0.00100006
3900.89	-0.000984786
3898.96	-0.00088702
3897.04	-0.000926598
3895.11	-0.000942535
3893.18	-0.000893963
3891.25	-0.000881861
3889.32	-0.00081473
3887.4	-0.000878918
3885.47	-0.000906628
3883.54	-0.000984687
3881.61	-0.000928615
3879.68	-0.000857523
3877.76	-0.000844163
3875.83	-0.00082829
3873.9	-0.000842245
3871.97	-0.000913009
3870.04	-0.000890591
3868.12	-0.000911951
3866.19	-0.000959462
3864.26	-0.000921242
3862.33	-0.000809373
3860.4	-0.000659694
3858.48	-0.000715635
3856.55	-0.000859871
3854.62	-0.000894327
3852.69	-0.000832457
3850.76	-0.00082323
3848.84	-0.00081516
3846.91	-0.000830803
3844.98	-0.000924085
3843.05	-0.000954701
3841.12	-0.000939724
3839.2	-0.000955991
3837.27	-0.00084747
3835.34	-0.000830671
3833.41	-0.000906859
3831.48	-0.000836855
3829.56	-0.000728503
3827.63	-0.000680901
3825.7	-0.000749772
3823.77	-0.000870255
3821.84	-0.000890591
3819.92	-0.000823527
3817.99	-0.000655559
3816.06	-0.000602919
3814.13	-0.000657974
3812.2	-0.000659595
3810.27	-0.000689303
3808.35	-0.000647586
3806.42	-0.000583231
3804.49	-0.00064345
3802.56	-0.000683878
3800.64	-0.000667204
3798.71	-0.000625154
3796.78	-0.000677328
3794.85	-0.00069592
3792.92	-0.000613309
3790.99	-0.000530384
3789.07	-0.000510593
3787.14	-0.000454063
3785.21	-0.00038978
3783.28	-0.000389614
3781.35	-0.00039928
3779.43	-0.000264263
3777.5	-0.000209986
3775.57	-0.0002938
3773.64	-0.000380941
3771.71	-0.000388786
3769.79	-0.000237407
3767.86	-0.000222504
3765.93	-0.000287707
3764	-0.000217371
3762.07	-0.000251944
3760.15	-0.000233168
3758.22	-0.000180146
3756.29	-0.00014762
3754.36	-0.000140399
3752.43	-0.000189121
3750.51	-0.000161697
3748.58	-0.000176701
3746.65	-0.000235022
3744.72	-7.51746e-05
3742.79	0.000153902
3740.87	0.000169845
3738.94	0.000171735
3737.01	0.000228652
3735.08	0.000422864
3733.15	0.000562748
3731.23	0.000597387
3729.3	0.000552431
3727.37	0.00059095
3725.44	0.000688076
3723.51	0.000659338
3721.59	0.000725479
3719.66	0.000821606
3717.73	0.000926155
3715.8	0.00101064
3713.87	0.00104607
3711.95	0.00107892
3710.02	0.00117344
3708.09	0.00139406
3706.16	0.00149426
3704.23	0.00159568
3702.31	0.00167441
3700.38	0.00168595
3698.45	0.00179553
3696.52	0.00187765
3694.59	0.00199464
3692.67	0.0021612
3690.74	0.00224616
3688.81	0.00229079
3686.88	0.00245047
3684.95	0.00256338
3683.02	0.00268978
3681.1	0.00263771
3679.17	0.00266438
3677.24	0.00295652
3675.31	0.00324254
3673.38	0.00338972
3671.46	0.00360195
3669.53	0.0037917
3667.6	0.00391542
3665.67	0.00411747
3663.74	0.00431845
3661.82	0.00447553
3659.89	0.00460447
3657.96	0.00481513
3656.03	0.00513845
3654.1	0.00540629
3652.18	0.0054942
3650.25	0.00571069
3648.32	0.00605021
3646.39	0.00647884
3644.46	0.00694361
3642.54	0.00725967
3640.61	0.00746784
3638.68	0.00778033
3636.75	0.00808346
3634.82	0.00831968
3632.9	0.00849271
3630.97	0.00872433
3629.04	0.00924644
3627.11	0.00976617
3625.18	0.0100805
3623.26	0.0104534
3621.33	0.0108501
3619.4	0.0113922
3617.47	0.0119159
3615.54	0.0123062
3613.62	0.0128576
3611.69	0.0135433
3609.76	0.0142413
3607.83	0.0148147
3605.9	0.0154196
3603.98	0.0161165
3602.05	0.0168367
3600.12	0.0175376
3598.19	0.0181637
3596.26	0.0190168
3594.34	0.0199705
3592.41	0.020878
3590.48	0.0217334
3588.55	0.0226337
3586.62	0.0236096
3584.7	0.0245984
3582.77	0.0257299
3580.84	0.0269326
3578.91	0.0280535
3576.98	0.0291147
3575.05	0.0303286
3573.13	0.031849
3571.2	0.0331701
3569.27	0.0344981
3567.34	0.0361946
3565.42	0.0378516
3563.49	0.03944
3561.56	0.0411285
3559.63	0.0427559
3557.7	0.0445559
3555.77	0.046663
3553.85	0.0487676
3551.92	0.0506553
3549.99	0.0528098
3548.06	0.0551608
3546.13	0.0573672
3544.21	0.0598767
3542.28	0.062344
3540.35	0.0648545
3538.42	0.0675036
3536.49	0.0703411
3534.57	0.0733494
3532.64	0.0763275
3530.71	0.0793513
3528.78	0.0824823
3526.85	0.085864
3524.93	0.089496
3523	0.0930944
3521.07	0.0968719
3519.14	0.100964
3517.21	0.105141
3515.29	0.10964
3513.36	0.114289
3511.43	0.118986
3509.5	0.123916
3507.57	0.129202
3505.65	0.134736
3503.72	0.14051
3501.79	0.14656
3499.86	0.152876
3497.93	0.159557
3496.01	0.166358
3494.08	0.173532
3492.15	0.181002
3490.22	0.188543
3488.29	0.196487
3486.37	0.204976
3484.44	0.213679
3482.51	0.222673
3480.58	0.231918
3478.65	0.241382
3476.73	0.251346
3474.8	0.261636
3472.87	0.272322
3470.94	0.28308
3469.01	0.293987
3467.09	0.305276
3465.16	0.316963
3463.23	0.328648
3461.3	0.340623
3459.37	0.352857
3457.44	0.365253
3455.52	0.377499
3453.59	0.389496
3451.66	0.401282
3449.73	0.412942
3447.81	0.424221
3445.88	0.434762
3443.95	0.444699
3442.02	0.453747
3440.09	0.461574
3438.16	0.468284
3436.24	0.474041
3434.31	0.478659
3432.38	0.481727
3430.45	0.483418
3428.52	0.484001
3426.6	0.483956
3424.67	0.482929
3422.74	0.480788
3420.81	0.477602
3418.88	0.473715
3416.96	0.46962
3415.03	0.465245
3413.1	0.46098
3411.17	0.456821
3409.24	0.452414
3407.32	0.448321
3405.39	0.445035
3403.46	0.441843
3401.53	0.438559
3399.6	0.435606
3397.68	0.432735
3395.75	0.429972
3393.82	0.426965
3391.89	0.423989
3389.96	0.421246
3388.04	0.418537
3386.11	0.416039
3384.18	0.413689
3382.25	0.41158
3380.32	0.409913
3378.4	0.408273
3376.47	0.406364
3374.54	0.404634
3372.61	0.403103
3370.68	0.401639
3368.76	0.400185
3366.83	0.398876
3364.9	0.397501
3362.97	0.396257
3361.04	0.395219
3359.12	0.394123
3357.19	0.392866
3355.26	0.391818
3353.33	0.391147
3351.4	0.390499
3349.48	0.389926
3347.55	0.389104
3345.62	0.388327
3343.69	0.387727
3341.76	0.386945
3339.83	0.386538
3337.91	0.386158
3335.98	0.385474
3334.05	0.384722
3332.12	0.384056
3330.19	0.383498
3328.27	0.382772
3326.34	0.381912
3324.41	0.381097
3322.48	0.3801
3320.55	0.37895
3318.63	0.377842
3316.7	0.376583
3314.77	0.375261
3312.84	0.374068
3310.91	0.372457
3308.99	0.370532
3307.06	0.368679
3305.13	0.366994
3303.2	0.365142
3301.27	0.363093
3299.35	0.361152
3297.42	0.359293
3295.49	0.357365
3293.56	0.355385
3291.63	0.353307
3289.71	0.351133
3287.78	0.349041
3285.85	0.347162
3283.92	0.345426
3281.99	0.343706
3280.07	0.341658
3278.14	0.339773
3276.21	0.33801
3274.28	0.336048
3272.35	0.334294
3270.43	0.332622
3268.5	0.330869
3266.57	0.329187
3264.64	0.327734
3262.71	0.325884
3260.79	0.323568
3258.86	0.321438
3256.93	0.319595
3255	0.317703
3253.07	0.315922
3251.15	0.314177
3249.22	0.312554
3247.29	0.310964
3245.36	0.309406
3243.43	0.308108
3241.51	0.307459
3239.58	0.30723
3237.65	0.30718
3235.72	0.307599
3233.79	0.308673
3231.87	0.310419
3229.94	0.312856
3228.01	0.316428
3226.08	0.32083
3224.15	0.32606
3222.22	0.332525
3220.3	0.340533
3218.37	0.349979
3216.44	0.360616
3214.51	0.372304
3212.58	0.384736
3210.66	0.397657
3208.73	0.410381
3206.8	0.421895
3204.87	0.431979
3202.94	0.440878
3201.02	0.448847
3199.09	0.45507
3197.16	0.459688
3195.23	0.463207
3193.3	0.46619
3191.38	0.468856
3189.45	0.470693
3187.52	0.471616
3185.59	0.472202
3183.66	0.473018
3181.74	0.473746
3179.81	0.474049
3177.88	0.473932
3175.95	0.473719
3174.02	0.473486
3172.1	0.47303
3170.17	0.472761
3168.24	0.472627
3166.31	0.472293
3164.38	0.471749
3162.46	0.471359
3160.53	0.470976
3158.6	0.470762
3156.67	0.47072
3154.74	0.471157
3152.82	0.471944
3150.89	0.47298
3148.96	0.473763
3147.03	0.475229
3145.1	0.477063
3143.18	0.478576
3141.25	0.480454
3139.32	0.48313
3137.39	0.486072
3135.46	0.488629
3133.54	0.491488
3131.61	0.494694
3129.68	0.49784
3127.75	0.500962
3125.82	0.504106
3123.9	0.507436
3121.97	0.510548
3120.04	0.513066
3118.11	0.51549
3116.18	0.517486
3114.26	0.51863
3112.33	0.518897
3110.4	0.518442
3108.47	0.516517
3106.54	0.513372
3104.61	0.509421
3102.69	0.504522
3100.76	0.497928
3098.83	0.490282
3096.9	0.482154
3094.98	0.472775
3093.05	0.462337
3091.12	0.451074
3089.19	0.438908
3087.26	0.426429
3085.33	0.413449
3083.41	0.399706
3081.48	0.385729
3079.55	0.37179
3077.62	0.357586
3075.69	0.343524
3073.77	0.329988
3071.84	0.31645
3069.91	0.30308
3067.98	0.289865
3066.05	0.277247
3064.13	0.264922
3062.2	0.252733
3060.27	0.240859
3058.34	0.229295
3056.41	0.21824
3054.49	0.207703
3052.56	0.197265
3050.63	0.187121
3048.7	0.177523
3046.77	0.168162
3044.85	0.159202
3042.92	0.150774
3040.99	0.142957
3039.06	0.135904
3037.13	0.129298
3035.21	0.122824
3033.28	0.116867
3031.35	0.111294
3029.42	0.106153
3027.49	0.101526
3025.57	0.0972042
3023.64	0.093148
3021.71	0.0895111
3019.78	0.0861505
3017.85	0.0830059
3015.93	0.0800975
3014	0.0774902
3012.07	0.0752016
3010.14	0.0730828
3008.21	0.0709156
3006.29	0.0690707
3004.36	0.067333
3002.43	0.0656468
3000.5	0.0642656
2998.57	0.0630247
2996.65	0.0617473
2994.72	0.060579
2992.79	0.0595563
2990.86	0.0584653
2988.93	0.0574512
2987	0.05663
2985.08	0.0559646
2983.15	0.0552812
2981.22	0.0545436
2979.29	0.053905
2977.36	0.053394
2975.44	0.0528243
2973.51	0.0523575
2971.58	0.0517743
2969.65	0.0513175
2967.72	0.0508243
2965.8	0.05034
2963.87	0.0501339
2961.94	0.0500037
2960.01	0.0498091
2958.08	0.0495098
2956.16	0.049178
2954.23	0.0487771
2952.3	0.0483695
2950.37	0.0482599
2948.44	0.0482711
2946.52	0.0480057
2944.59	0.0476717
2942.66	0.0473598
2940.73	0.0471747
2938.8	0.0470796
2936.88	0.0469713
2934.95	0.0468741
2933.02	0.0468169
2931.09	0.0466736
2929.16	0.0464286
2927.24	0.0462618
2925.31	0.0461112
2923.38	0.0458871
2921.45	0.0455698
2919.52	0.0454924
2917.6	0.0452972
2915.67	0.045199
2913.74	0.0451741
2911.81	0.0449847
2909.88	0.0447775
2907.96	0.0446992
2906.03	0.0445966
2904.1	0.0444477
2902.17	0.0442702
2900.24	0.043887
2898.32	0.0434453
2896.39	0.0433825
2894.46	0.0434708
2892.53	0.0432708
2890.6	0.0429117
2888.68	0.0425547
2886.75	0.0423481
2884.82	0.0423203
2882.89	0.042053
2880.96	0.0419006
2879.04	0.0417593
2877.11	0.0414153
2875.18	0.0410121
2873.25	0.0407048
2871.32	0.0405211
2869.39	0.0401652
2867.47	0.0397751
2865.54	0.0396232
2863.61	0.0393936
2861.68	0.0390871
2859.75	0.0389027
2857.83	0.038554
2855.9	0.0380559
2853.97	0.037655
2852.04	0.0374641
2850.11	0.0372982
2848.19	0.036933
2846.26	0.0364775
2844.33	0.0363014
2842.4	0.0360953
2840.47	0.0357637
2838.55	0.0354313
2836.62	0.0351484
2834.69	0.034856
2832.76	0.0343996
2830.83	0.0341097
2828.91	0.0338488
2826.98	0.03352
2825.05	0.0330831
2823.12	0.0327702
2821.19	0.0324723
2819.27	0.0320583
2817.34	0.03154
2815.41	0.0311569
2813.48	0.0308055
2811.55	0.0304915
2809.63	0.0302267
2807.7	0.0300811
2805.77	0.0297653
2803.84	0.0292979
2801.91	0.0291486
2799.99	0.0288872
2798.06	0.02834
2796.13	0.0279934
2794.2	0.027502
2792.27	0.0271411
2790.35	0.0268095
2788.42	0.0263821
2786.49	0.0260582
2784.56	0.0256627
2782.63	0.0251916
2780.71	0.0248195
2778.78	0.0247187
2776.85	0.0245719
2774.92	0.0242559
2772.99	0.0239701
2771.06	0.023539
2769.14	0.0229601
2767.21	0.0226268
2765.28	0.0224873
2763.35	0.0222294
2761.43	0.0218481
2759.5	0.0217462
2757.57	0.0215397
2755.64	0.0210234
2753.71	0.0208112
2751.78	0.0204779
2749.86	0.0200868
2747.93	0.0199918
2746	0.0197845
2744.07	0.0193131
2742.15	0.0189367
2740.22	0.0188072
2738.29	0.0184763
2736.36	0.0183219
2734.43	0.0183515
2732.5	0.017911
2730.58	0.0176121
2728.65	0.0172658
2726.72	0.0168976
2724.79	0.0168232
2722.86	0.0167922
2720.94	0.0165963
2719.01	0.0164528
2717.08	0.0162628
2715.15	0.0160237
2713.22	0.0157644
2711.3	0.0157025
2709.37	0.0155982
2707.44	0.0153488
2705.51	0.0151738
2703.58	0.01511
2701.66	0.0148333
2699.73	0.0146259
2697.8	0.0146799
2695.87	0.0146024
2693.94	0.0147421
2692.02	0.0145809
2690.09	0.0141725
2688.16	0.0141614
2686.23	0.0141611
2684.3	0.0141947
2682.38	0.0140349
2680.45	0.0137112
2678.52	0.0137347
2676.59	0.0138767
2674.66	0.013887
2672.74	0.0138212
2670.81	0.0137002
2668.88	0.0136008
2666.95	0.0134465
2665.02	0.013576
2663.1	0.0134953
2661.17	0.0131797
2659.24	0.0129961
2657.31	0.0131401
2655.38	0.0131991
2653.46	0.0132569
2651.53	0.0133128
2649.6	0.0133281
2647.67	0.0131879
2645.74	0.0130309
2643.81	0.0129347
2641.89	0.0130697
2639.96	0.0132355
2638.03	0.0131784
2636.1	0.013115
2634.17	0.0132789
2632.25	0.0133325
2630.32	0.0131156
2628.39	0.0129273
2626.46	0.013299
2624.53	0.0133212
2622.61	0.013027
2620.68	0.0130086
2618.75	0.013116
2616.82	0.0133838
2614.89	0.0133683
2612.97	0.0132993
2611.04	0.0133729
2609.11	0.0132491
2607.18	0.0130111
2605.25	0.013219
2603.33	0.0134589
2601.4	0.0135293
2599.47	0.0135764
2597.54	0.0136111
2595.61	0.0134965
2593.69	0.0134159
2591.76	0.0136046
2589.83	0.0138094
2587.9	0.0137984
2585.97	0.0138201
2584.05	0.013722
2582.12	0.0136725
2580.19	0.013798
2578.26	0.0140344
2576.33	0.0142415
2574.41	0.0140444
2572.48	0.0140762
2570.55	0.0145738
2568.62	0.0147788
2566.69	0.0148116
2564.77	0.0147093
2562.84	0.0144724
2560.91	0.0144585
2558.98	0.0149649
2557.05	0.0151448
2555.13	0.014924
2553.2	0.0149815
2551.27	0.0152211
2549.34	0.0154416
2547.41	0.0154868
2545.49	0.0153177
2543.56	0.0151155
2541.63	0.0151532
2539.7	0.0153781
2537.77	0.0154059
2535.85	0.0156081
2533.92	0.0159136
2531.99	0.0159435
2530.06	0.0159481
2528.13	0.0161217
2526.21	0.0161058
2524.28	0.016258
2522.35	0.0163057
2520.42	0.0164661
2518.49	0.0161066
2516.56	0.0162004
2514.64	0.0168378
2512.71	0.0169868
2510.78	0.0168183
2508.85	0.0167795
2506.92	0.0169451
2505	0.0170191
2503.07	0.0169916
2501.14	0.0168863
2499.21	0.0171574
2497.28	0.0176633
2495.36	0.0178173
2493.43	0.0177256
2491.5	0.0175078
2489.57	0.0177975
2487.64	0.0180063
2485.72	0.0180297
2483.79	0.0178598
2481.86	0.0177158
2479.93	0.0180908
2478	0.0184353
2476.08	0.0184375
2474.15	0.0184725
2472.22	0.0186954
2470.29	0.0191435
2468.36	0.0193509
2466.44	0.0193528
2464.51	0.0191057
2462.58	0.0190314
2460.65	0.0192914
2458.72	0.0194963
2456.8	0.0193478
2454.87	0.0193973
2452.94	0.0196707
2451.01	0.0195859
2449.08	0.0199075
2447.16	0.0204848
2445.23	0.0203478
2443.3	0.0201554
2441.37	0.0204468
2439.44	0.0209148
2437.52	0.0210761
2435.59	0.0211746
2433.66	0.0209113
2431.73	0.0205711
2429.8	0.0207599
2427.88	0.021218
2425.95	0.0213503
2424.02	0.0214033
2422.09	0.0216323
2420.16	0.0219011
2418.24	0.0220183
2416.31	0.0222835
2414.38	0.02246
2412.45	0.0225938
2410.52	0.0225497
2408.6	0.0225378
2406.67	0.0227109
2404.74	0.0223972
2402.81	0.0223391
2400.88	0.022728
2398.95	0.0231268
2397.03	0.0232974
2395.1	0.0232515
2393.17	0.0234602
2391.24	0.0233854
2389.31	0.0232526
2387.39	0.0233295
2385.46	0.0237889
2383.53	0.0241981
2381.6	0.0242858
2379.67	0.0244516
2377.75	0.0245887
2375.82	0.0243962
2373.89	0.024739
2371.96	0.0249563
2370.03	0.0250234
2368.11	0.0251409
2366.18	0.025239
2364.25	0.0255182
2362.32	0.0260676
2360.39	0.0258318
2358.47	0.025565
2356.54	0.0261324
2354.61	0.0268668
2352.68	0.0274163
2350.75	0.0272308
2348.83	0.0270883
2346.9	0.0272808
2344.97	0.0276593
2343.04	0.0279836
2341.11	0.0282671
2339.19	0.0279588
2337.26	0.0278237
2335.33	0.0281921
2333.4	0.0285647
2331.47	0.0288613
2329.55	0.0285443
2327.62	0.028699
2325.69	0.0290251
2323.76	0.0289914
2321.83	0.0292894
2319.91	0.0302458
2317.98	0.0303503
2316.05	0.0301686
2314.12	0.0304271
2312.19	0.0305213
2310.27	0.0308335
2308.34	0.0306644
2306.41	0.0306178
2304.48	0.0309515
2302.55	0.0314708
2300.63	0.0316831
2298.7	0.0313997
2296.77	0.0310559
2294.84	0.0315628
2292.91	0.0320359
2290.98	0.0321439
2289.06	0.0322402
2287.13	0.0324867
2285.2	0.0329411
2283.27	0.0331964
2281.35	0.0330066
2279.42	0.0335673
2277.49	0.033799
2275.56	0.03328
2273.63	0.0335563
2271.7	0.0332441
2269.78	0.0328702
2267.85	0.032824
2265.92	0.0327298
2263.99	0.0326693
2262.06	0.0325401
2260.14	0.032753
2258.21	0.032717
2256.28	0.0324849
2254.35	0.0327062
2252.42	0.0328668
2250.5	0.0330115
2248.57	0.0330024
2246.64	0.0324911
2244.71	0.0324971
2242.78	0.0326764
2240.86	0.0326794
2238.93	0.0322652
2237	0.0315116
2235.07	0.0311143
2233.14	0.0307657
2231.22	0.0311343
2229.29	0.0313186
2227.36	0.030641
2225.43	0.0304709
2223.5	0.030232
2221.58	0.0301502
2219.65	0.0299587
2217.72	0.0299564
2215.79	0.0299399
2213.86	0.0295038
2211.94	0.0292729
2210.01	0.0295032
2208.08	0.0293874
2206.15	0.0285735
2204.22	0.0279613
2202.3	0.0281819
2200.37	0.0282442
2198.44	0.0276347
2196.51	0.0267474
2194.58	0.0263532
2192.66	0.0266477
2190.73	0.0267138
2188.8	0.0263718
2186.87	0.0264442
2184.94	0.0262955
2183.02	0.0254956
2181.09	0.0249997
2179.16	0.024978
2177.23	0.0247104
2175.3	0.0239946
2173.38	0.0238855
2171.45	0.0236432
2169.52	0.0230844
2167.59	0.0233387
2165.66	0.0235523
2163.73	0.0227694
2161.81	0.0224234
2159.88	0.0226401
2157.95	0.0224657
2156.02	0.0220152
2154.09	0.0215029
2152.17	0.0207486
2150.24	0.0200849
2148.31	0.0197236
2146.38	0.0209025
2144.45	0.0227158
2142.53	0.0219112
2140.6	0.0195417
2138.67	0.0190417
2136.74	0.0186477
2134.81	0.018968
2132.89	0.0189101
2130.96	0.0184934
2129.03	0.0185105
2127.1	0.0188049
2125.17	0.0182909
2123.25	0.0175357
2121.32	0.017014
2119.39	0.0167955
2117.46	0.0167443
2115.53	0.0176104
2113.61	0.0182595
2111.68	0.0170955
2109.75	0.0161091
2107.82	0.0162282
2105.89	0.0158982
2103.97	0.0159065
2102.04	0.0153601
2100.11	0.0152947
2098.18	0.0154564
2096.25	0.0158972
2094.33	0.0153502
2092.4	0.0138068
2090.47	0.0132836
2088.54	0.0117532
2086.61	0.0120521
2084.69	0.0151369
2082.76	0.0143715
2080.83	0.013055
2078.9	0.0124497
2076.97	0.0126518
2075.05	0.0135621
2073.12	0.0134165
2071.19	0.0110495
2069.26	0.0101206
2067.33	0.0106924
2065.41	0.0114178
2063.48	0.011605
2061.55	0.0108983
2059.62	0.011985
2057.69	0.0100243
2055.77	0.0101305
2053.84	0.0112868
2051.91	0.00931658
2049.98	0.00768697
2048.05	0.00753209
2046.12	0.00856087
2044.2	0.00981602
2042.27	0.00880473
2040.34	0.00878299
2038.41	0.00990537
2036.48	0.00904537
2034.56	0.00891291
2032.63	0.00950897
2030.7	0.0097841
2028.77	0.00855384
2026.84	0.00751315
2024.92	0.00929796
2022.99	0.0104397
2021.06	0.00822482
2019.13	0.00730964
2017.2	0.00707454
2015.28	0.00791157
2013.35	0.00837812
2011.42	0.00923521
2009.49	0.0107986
2007.56	0.0107809
2005.64	0.00991178
2003.71	0.00849282
2001.78	0.008308
