nAHk0375.spa, Mon Oct 30 01:10:54 2006 (GMT-10:00)
9999.26	0.00676353
9997.33	0.00683986
9995.4	0.00656104
9993.48	0.00638038
9991.55	0.00730546
9989.62	0.0074707
9987.69	0.00775264
9985.76	0.00814409
9983.84	0.00804596
9981.91	0.00755566
9979.98	0.00816698
9978.05	0.00830614
9976.12	0.00797711
9974.2	0.00800893
9972.27	0.00786855
9970.34	0.00739773
9968.41	0.00744937
9966.48	0.00753152
9964.56	0.00696611
9962.63	0.00704399
9960.7	0.00743787
9958.77	0.00724768
9956.84	0.00757319
9954.92	0.00853874
9952.99	0.00862549
9951.06	0.00815179
9949.13	0.00828932
9947.2	0.00869434
9945.28	0.00915222
9943.35	0.00892995
9941.42	0.00905992
9939.49	0.00924055
9937.56	0.00891913
9935.64	0.00932098
9933.71	0.00923835
9931.78	0.00782948
9929.85	0.00785226
9927.92	0.00859997
9926	0.00846464
9924.07	0.00818825
9922.14	0.0076001
9920.21	0.0073334
9918.28	0.00805298
9916.36	0.00822678
9914.43	0.00790324
9912.5	0.0080039
9910.57	0.00790961
9908.64	0.0074312
9906.71	0.00788873
9904.79	0.00832891
9902.86	0.00824218
9900.93	0.00820571
9899	0.00813477
9897.08	0.00797518
9895.15	0.00737026
9893.22	0.00740437
9891.29	0.00761136
9889.36	0.00772275
9887.43	0.00802476
9885.51	0.00799509
9883.58	0.00808295
9881.65	0.00770397
9879.72	0.00691241
9877.79	0.00773436
9875.87	0.00891669
9873.94	0.00765783
9872.01	0.00716676
9870.08	0.00758135
9868.15	0.00781201
9866.23	0.00778505
9864.3	0.00781319
9862.37	0.00845717
9860.44	0.00821361
9858.51	0.00847731
9856.59	0.00932633
9854.66	0.00940667
9852.73	0.00884334
9850.8	0.00849893
9848.87	0.00880111
9846.95	0.00911108
9845.02	0.00908908
9843.09	0.00895404
9841.16	0.00842301
9839.23	0.0077495
9837.31	0.00776421
9835.38	0.00810685
9833.45	0.00830611
9831.52	0.00899422
9829.59	0.00926005
9827.67	0.00864959
9825.74	0.00825552
9823.81	0.00809409
9821.88	0.00843318
9819.95	0.00894585
9818.03	0.00807738
9816.1	0.00731948
9814.17	0.00771024
9812.24	0.00804751
9810.31	0.00818785
9808.39	0.00848004
9806.46	0.0087912
9804.53	0.00889549
9802.6	0.00912576
9800.67	0.00878576
9798.75	0.00854279
9796.82	0.00843295
9794.89	0.00802149
9792.96	0.00779355
9791.03	0.00820595
9789.11	0.00889532
9787.18	0.00918322
9785.25	0.00870638
9783.32	0.00805443
9781.39	0.00806577
9779.46	0.00880719
9777.54	0.00937461
9775.61	0.00969481
9773.68	0.0094854
9771.75	0.00872105
9769.83	0.00838369
9767.9	0.00883083
9765.97	0.00863005
9764.04	0.00834853
9762.11	0.00867027
9760.18	0.00857831
9758.26	0.00864175
9756.33	0.00882052
9754.4	0.00893662
9752.47	0.00889397
9750.54	0.00939174
9748.62	0.00915977
9746.69	0.00807313
9744.76	0.00789133
9742.83	0.00880111
9740.9	0.00961025
9738.98	0.00897534
9737.05	0.00813805
9735.12	0.00772188
9733.19	0.00757629
9731.26	0.00826136
9729.34	0.00929288
9727.41	0.00931245
9725.48	0.00906344
9723.55	0.00906993
9721.62	0.00857439
9719.7	0.00777331
9717.77	0.00723686
9715.84	0.00790266
9713.91	0.00926279
9711.98	0.00926496
9710.06	0.00814807
9708.13	0.00780927
9706.2	0.00904212
9704.27	0.00947131
9702.34	0.00919517
9700.42	0.00924197
9698.49	0.00894264
9696.56	0.00835522
9694.63	0.00881298
9692.7	0.00901414
9690.78	0.00843795
9688.85	0.00879891
9686.92	0.00912827
9684.99	0.00884412
9683.06	0.00871554
9681.14	0.00870333
9679.21	0.00877024
9677.28	0.00881565
9675.35	0.00878427
9673.42	0.00914958
9671.5	0.00940789
9669.57	0.00898651
9667.64	0.00900454
9665.71	0.00918156
9663.78	0.0088798
9661.86	0.00884483
9659.93	0.0093223
9658	0.00960073
9656.07	0.00990547
9654.14	0.00968163
9652.21	0.00895728
9650.29	0.0087458
9648.36	0.00824633
9646.43	0.00832739
9644.5	0.00912664
9642.57	0.0092195
9640.65	0.00907196
9638.72	0.00894088
9636.79	0.00872396
9634.86	0.00908861
9632.93	0.00933435
9631.01	0.00967983
9629.08	0.00974445
9627.15	0.00928368
9625.22	0.00893161
9623.29	0.00912992
9621.37	0.00933679
9619.44	0.00918045
9617.51	0.00901908
9615.58	0.00968051
9613.65	0.0100239
9611.73	0.00932332
9609.8	0.00871523
9607.87	0.00882069
9605.94	0.0090835
9604.01	0.00904696
9602.09	0.00912684
9600.16	0.00860382
9598.23	0.00799877
9596.3	0.0085651
9594.37	0.00894193
9592.45	0.00956133
9590.52	0.00941839
9588.59	0.00937637
9586.66	0.00932379
9584.73	0.00911994
9582.81	0.00914011
9580.88	0.00924935
9578.95	0.00925298
9577.02	0.00919656
9575.09	0.00929011
9573.17	0.0094447
9571.24	0.0096217
9569.31	0.00939032
9567.38	0.0088192
9565.45	0.00871493
9563.53	0.00916596
9561.6	0.00913273
9559.67	0.00849934
9557.74	0.00845268
9555.81	0.00908184
9553.88	0.00958979
9551.96	0.00940085
9550.03	0.00942678
9548.1	0.00979545
9546.17	0.00976685
9544.25	0.00962373
9542.32	0.00934146
9540.39	0.00924692
9538.46	0.00948052
9536.53	0.00901404
9534.6	0.00864519
9532.68	0.00964558
9530.75	0.0102569
9528.82	0.00942198
9526.89	0.00860099
9524.96	0.00883107
9523.04	0.00967983
9521.11	0.0101371
9519.18	0.00957465
9517.25	0.00901455
9515.32	0.00911429
9513.4	0.00924072
9511.47	0.00926591
9509.54	0.00910959
9507.61	0.00955602
9505.68	0.0097375
9503.76	0.00893046
9501.83	0.00893384
9499.9	0.00972408
9497.97	0.00917679
9496.04	0.00855557
9494.12	0.00882742
9492.19	0.00922011
9490.26	0.00951937
9488.33	0.00923043
9486.4	0.00887855
9484.48	0.0091146
9482.55	0.0097417
9480.62	0.00998192
9478.69	0.00979965
9476.76	0.00925903
9474.84	0.00896848
9472.91	0.00926841
9470.98	0.00990506
9469.05	0.0102293
9467.12	0.0099553
9465.2	0.0094324
9463.27	0.0096008
9461.34	0.0096717
9459.41	0.00925193
9457.48	0.00904652
9455.56	0.00927535
9453.63	0.00976441
9451.7	0.00976719
9449.77	0.00991913
9447.84	0.00991825
9445.92	0.00938097
9443.99	0.00933865
9442.06	0.00949377
9440.13	0.00953258
9438.2	0.00909081
9436.28	0.00909561
9434.35	0.00952757
9432.42	0.00948889
9430.49	0.0092373
9428.56	0.00912251
9426.63	0.00907396
9424.71	0.00892167
9422.78	0.00950467
9420.85	0.010149
9418.92	0.00968132
9417	0.00961679
9415.07	0.0102258
9413.14	0.00986141
9411.21	0.00921957
9409.28	0.00859649
9407.35	0.00862424
9405.43	0.0089237
9403.5	0.00871564
9401.57	0.00901648
9399.64	0.00942347
9397.71	0.00955446
9395.79	0.0101165
9393.86	0.00993747
9391.93	0.00904354
9390	0.00868741
9388.07	0.00869002
9386.15	0.00939082
9384.22	0.0102482
9382.29	0.0103489
9380.36	0.0098165
9378.43	0.0090201
9376.51	0.00907098
9374.58	0.00967895
9372.65	0.00992164
9370.72	0.00949292
9368.79	0.00924871
9366.87	0.00963173
9364.94	0.00956984
9363.01	0.00923362
9361.08	0.00920942
9359.15	0.00965686
9357.23	0.0101308
9355.3	0.0102788
9353.37	0.00954741
9351.44	0.00867535
9349.51	0.00813096
9347.59	0.00834015
9345.66	0.00944669
9343.73	0.00991337
9341.8	0.00952567
9339.87	0.00923615
9337.95	0.00916295
9336.02	0.00901516
9334.09	0.00894003
9332.16	0.00890499
9330.23	0.00871273
9328.31	0.00883083
9326.38	0.0092897
9324.45	0.00925392
9322.52	0.00900988
9320.59	0.00938964
9318.67	0.00989171
9316.74	0.00984056
9314.81	0.00973638
9312.88	0.00974672
9310.95	0.00982863
9309.03	0.00979745
9307.1	0.00950897
9305.17	0.00927003
9303.24	0.00909297
9301.31	0.00889569
9299.38	0.00922011
9297.46	0.00945018
9295.53	0.00956618
9293.6	0.00943041
9291.67	0.00900623
9289.74	0.00924076
9287.82	0.00961126
9285.89	0.00938974
9283.96	0.00884145
9282.03	0.0088453
9280.1	0.00949234
9278.18	0.00960679
9276.25	0.00971036
9274.32	0.00924905
9272.39	0.00884023
9270.46	0.00924888
9268.54	0.00967401
9266.61	0.00979836
9264.68	0.00932718
9262.75	0.00875164
9260.82	0.00865537
9258.9	0.00873734
9256.97	0.0089219
9255.04	0.00902653
9253.11	0.00880486
9251.18	0.00875269
9249.26	0.00881115
9247.33	0.00905251
9245.4	0.00909659
9243.47	0.00916948
9241.54	0.00902341
9239.62	0.00862424
9237.69	0.00834758
9235.76	0.00856655
9233.83	0.0088217
9231.9	0.0087558
9229.98	0.00892637
9228.05	0.00883232
9226.12	0.00884858
9224.19	0.00908918
9222.26	0.00922404
9220.34	0.00968271
9218.41	0.00963809
9216.48	0.00921405
9214.55	0.0087841
9212.62	0.00886549
9210.7	0.00921622
9208.77	0.00962329
9206.84	0.00951605
9204.91	0.0091371
9202.98	0.00942685
9201.05	0.00926932
9199.13	0.00929502
9197.2	0.00966696
9195.27	0.00963
9193.34	0.00989689
9191.42	0.0102082
9189.49	0.00981463
9187.56	0.00875317
9185.63	0.00802004
9183.7	0.0084066
9181.77	0.00889265
9179.85	0.00888785
9177.92	0.00924353
9175.99	0.00945648
9174.06	0.0092522
9172.13	0.00878988
9170.21	0.00873031
9168.28	0.00917855
9166.35	0.00925562
9164.42	0.00900061
9162.49	0.00933506
9160.57	0.0100751
9158.64	0.00972632
9156.71	0.00899605
9154.78	0.00885443
9152.85	0.0090066
9150.93	0.00903898
9149	0.00901502
9147.07	0.00897105
9145.14	0.00945902
9143.21	0.0094406
9141.29	0.00897592
9139.36	0.00866896
9137.43	0.00903096
9135.5	0.00943968
9133.57	0.00900924
9131.65	0.00850836
9129.72	0.00892894
9127.79	0.00906262
9125.86	0.00899087
9123.93	0.00898191
9122.01	0.00913155
9120.08	0.00922773
9118.15	0.00917892
9116.22	0.00940105
9114.29	0.00927948
9112.37	0.0090926
9110.44	0.00869999
9108.51	0.0087007
9106.58	0.00883529
9104.65	0.00868883
9102.73	0.00861575
9100.8	0.00900515
9098.87	0.00902372
9096.94	0.00850187
9095.01	0.00862184
9093.08	0.00909808
9091.16	0.00911419
9089.23	0.00883969
9087.3	0.00872385
9085.37	0.00885257
9083.45	0.00880611
9081.52	0.0089012
9079.59	0.00920126
9077.66	0.00901019
9075.73	0.00864773
9073.8	0.00834488
9071.88	0.00829408
9069.95	0.00871442
9068.02	0.0088777
9066.09	0.00853701
9064.17	0.0086526
9062.24	0.00866432
9060.31	0.00836295
9058.38	0.00851779
9056.45	0.00901705
9054.52	0.00902937
9052.6	0.00885978
9050.67	0.00872369
9048.74	0.00889826
9046.81	0.00896046
9044.88	0.0087697
9042.96	0.00826146
9041.03	0.00808454
9039.1	0.00857706
9037.17	0.00920075
9035.24	0.0088401
9033.32	0.00864131
9031.39	0.00870803
9029.46	0.00866071
9027.53	0.0089427
9025.6	0.00883587
9023.68	0.00914661
9021.75	0.00918542
9019.82	0.0089265
9017.89	0.00885569
9015.96	0.00890039
9014.04	0.00897487
9012.11	0.00895853
9010.18	0.00882383
9008.25	0.00901455
9006.32	0.00923862
9004.4	0.00858486
9002.47	0.00782419
9000.54	0.0081864
8998.61	0.00880922
8996.68	0.00888602
8994.76	0.00900417
8992.83	0.0090199
8990.9	0.00867338
8988.97	0.00858098
8987.04	0.00869093
8985.12	0.00846146
8983.19	0.00873518
8981.26	0.00882102
8979.33	0.00863874
8977.4	0.00865611
8975.48	0.00831664
8973.55	0.0083435
8971.62	0.00864151
8969.69	0.00826903
8967.76	0.00808815
8965.83	0.0086625
8963.91	0.00856739
8961.98	0.00867578
8960.05	0.00865344
8958.12	0.00837022
8956.2	0.00843538
8954.27	0.00828676
8952.34	0.00804444
8950.41	0.00835572
8948.48	0.00894176
8946.55	0.00891406
8944.63	0.0082953
8942.7	0.00799962
8940.77	0.00809173
8938.84	0.00822671
8936.92	0.00840278
8934.99	0.00854803
8933.06	0.00844376
8931.13	0.00814466
8929.2	0.00811661
8927.27	0.00827065
8925.35	0.00854989
8923.42	0.00831752
8921.49	0.00819872
8919.56	0.00827342
8917.63	0.00842646
8915.71	0.00815537
8913.78	0.00820794
8911.85	0.00851356
8909.92	0.00842244
8907.99	0.00782189
8906.07	0.00760111
8904.14	0.00785023
8902.21	0.00801281
8900.28	0.00792747
8898.35	0.00788583
8896.43	0.00812647
8894.5	0.00851417
8892.57	0.00853759
8890.64	0.00841366
8888.71	0.00792132
8886.79	0.00783326
8884.86	0.00834569
8882.93	0.00871774
8881	0.00814196
8879.07	0.00778202
8877.15	0.00813967
8875.22	0.00823289
8873.29	0.0081105
8871.36	0.00820561
8869.43	0.00799918
8867.51	0.00787996
8865.58	0.00805153
8863.65	0.0078728
8861.72	0.00781008
8859.79	0.00782901
8857.87	0.00773085
8855.94	0.00801059
8854.01	0.00797532
8852.08	0.00761052
8850.15	0.00772737
8848.22	0.00796367
8846.3	0.00801862
8844.37	0.00788529
8842.44	0.0079362
8840.51	0.0081292
8838.58	0.00817508
8836.66	0.00782513
8834.73	0.00808245
8832.8	0.00830165
8830.87	0.00773665
8828.94	0.0075856
8827.02	0.00806013
8825.09	0.00798632
8823.16	0.00781808
8821.23	0.00800782
8819.3	0.00819946
8817.38	0.00803674
8815.45	0.00784251
8813.52	0.00777709
8811.59	0.00752265
8809.66	0.00775925
8807.74	0.00793135
8805.81	0.0079082
8803.88	0.00808295
8801.95	0.00826166
8800.02	0.00823971
8798.1	0.00789035
8796.17	0.00752191
8794.24	0.00767321
8792.31	0.00799655
8790.38	0.00836194
8788.46	0.00842828
8786.53	0.00802928
8784.6	0.00766403
8782.67	0.00777348
8780.74	0.00795605
8778.82	0.00782901
8776.89	0.00728558
8774.96	0.00715382
8773.03	0.00766454
8771.1	0.00807026
8769.18	0.00770397
8767.25	0.00738725
8765.32	0.00745294
8763.39	0.00778141
8761.46	0.00741634
8759.54	0.00717211
8757.61	0.00747478
8755.68	0.00751402
8753.75	0.00753348
8751.82	0.00730475
8749.9	0.00735405
8747.97	0.00791997
8746.04	0.00797218
8744.11	0.00759123
8742.18	0.00744121
8740.25	0.00752525
8738.33	0.00742466
8736.4	0.00738981
8734.47	0.00759454
8732.54	0.00739503
8730.62	0.00726068
8728.69	0.00767951
8726.76	0.00803185
8724.83	0.00792919
8722.9	0.00780502
8720.97	0.00768046
8719.05	0.00753064
8717.12	0.00760489
8715.19	0.00759039
8713.26	0.00768542
8711.33	0.00773449
8709.41	0.00754295
8707.48	0.00749889
8705.55	0.00716342
8703.62	0.00691981
8701.69	0.00707612
8699.77	0.00729111
8697.84	0.0073425
8695.91	0.00754089
8693.98	0.00772673
8692.05	0.00817022
8690.13	0.00801595
8688.2	0.00741907
8686.27	0.00743167
8684.34	0.00735506
8682.41	0.00712977
8680.49	0.00723952
8678.56	0.00713809
8676.63	0.00706315
8674.7	0.00718047
8672.77	0.00731015
8670.85	0.00717073
8668.92	0.00703732
8666.99	0.00739921
8665.06	0.00735159
8663.13	0.00682623
8661.21	0.00663926
8659.28	0.00690598
8657.35	0.00706201
8655.42	0.0073952
8653.49	0.00767675
8651.57	0.00773756
8649.64	0.00731412
8647.71	0.00723245
8645.78	0.00753644
8643.85	0.00738735
8641.93	0.00724272
8640	0.00729289
8638.07	0.00704857
8636.14	0.00646159
8634.21	0.00681075
8632.29	0.00746754
8630.36	0.00735227
8628.43	0.00695557
8626.5	0.00693769
8624.57	0.00712859
8622.65	0.00691103
8620.72	0.00694587
8618.79	0.00725074
8616.86	0.00735274
8614.93	0.00757673
8613	0.00738021
8611.08	0.0070221
8609.15	0.00709579
8607.22	0.00704857
8605.29	0.00691931
8603.37	0.0070059
8601.44	0.00687578
8599.51	0.0067603
8597.58	0.0068988
8595.65	0.00695685
8593.72	0.00688184
8591.8	0.00668495
8589.87	0.00695742
8587.94	0.00721375
8586.01	0.00712054
8584.08	0.00683996
8582.16	0.00700119
8580.23	0.00689389
8578.3	0.00665588
8576.37	0.00673721
8574.44	0.00672664
8572.52	0.00648452
8570.59	0.00625978
8568.66	0.00636958
8566.73	0.00675141
8564.8	0.00666456
8562.88	0.00654846
8560.95	0.00645772
8559.02	0.0063523
8557.09	0.00635698
8555.16	0.00651886
8553.24	0.00679967
8551.31	0.00708491
8549.38	0.00736865
8547.45	0.00713981
8545.52	0.00693553
8543.6	0.00698493
8541.67	0.00694967
8539.74	0.00680004
8537.81	0.00684851
8535.88	0.00708562
8533.96	0.00669895
8532.03	0.00640455
8530.1	0.00651301
8528.17	0.00658553
8526.24	0.00654231
8524.32	0.00647985
8522.39	0.00653128
8520.46	0.00654315
8518.53	0.00657453
8516.6	0.00649858
8514.68	0.00649256
8512.75	0.00653629
8510.82	0.00645617
8508.89	0.00638687
8506.96	0.00641844
8505.04	0.00661699
8503.11	0.00669262
8501.18	0.00665464
8499.25	0.00678237
8497.32	0.0070611
8495.39	0.00701759
8493.47	0.00695654
8491.54	0.00695907
8489.61	0.00662829
8487.68	0.0062539
8485.75	0.00611849
8483.83	0.00620849
8481.9	0.00648214
8479.97	0.00666365
8478.04	0.00669508
8476.11	0.00690736
8474.19	0.00691577
8472.26	0.00662527
8470.33	0.00652768
8468.4	0.00662271
8466.47	0.0065519
8464.55	0.00642338
8462.62	0.00642681
8460.69	0.00647975
8458.76	0.00650464
8456.83	0.00660124
8454.91	0.00654174
8452.98	0.0062931
8451.05	0.00637896
8449.12	0.00655371
8447.19	0.00658856
8445.27	0.00640607
8443.34	0.0060869
8441.41	0.0061119
8439.48	0.00629377
8437.55	0.00627427
8435.63	0.00630221
8433.7	0.00642063
8431.77	0.00654315
8429.84	0.00654914
8427.91	0.00615673
8425.99	0.00607699
8424.06	0.00613223
8422.13	0.00625541
8420.2	0.00616886
8418.27	0.00625215
8416.35	0.00632907
8414.42	0.00620496
8412.49	0.00608956
8410.56	0.00627599
8408.63	0.0062773
8406.71	0.00573342
8404.78	0.00550762
8402.85	0.00599447
8400.92	0.00594509
8398.99	0.00590653
8397.07	0.0060863
8395.14	0.00615888
8393.21	0.00639978
8391.28	0.00636461
8389.35	0.00622788
8387.43	0.00590821
8385.5	0.00563409
8383.57	0.00558938
8381.64	0.00597287
8379.71	0.00622368
8377.79	0.0060495
8375.86	0.00605209
8373.93	0.00624348
8372	0.00606059
8370.07	0.00594177
8368.14	0.00599054
8366.22	0.00605569
8364.29	0.00610881
8362.36	0.00627128
8360.43	0.00604672
8358.5	0.0060955
8356.58	0.00609456
8354.65	0.00589907
8352.72	0.00609601
8350.79	0.00631555
8348.86	0.00610431
8346.94	0.00597059
8345.01	0.00580118
8343.08	0.00586908
8341.15	0.00598009
8339.22	0.00606684
8337.3	0.00618167
8335.37	0.0059586
8333.44	0.00558535
8331.51	0.00552407
8329.58	0.00551061
8327.66	0.00575978
8325.73	0.00617175
8323.8	0.0063439
8321.87	0.00607944
8319.94	0.00592705
8318.02	0.00568447
8316.09	0.00540385
8314.16	0.00552732
8312.23	0.00564066
8310.3	0.00558961
8308.38	0.00561374
8306.45	0.00587956
8304.52	0.0059022
8302.59	0.0056499
8300.66	0.00569535
8298.74	0.00577569
8296.81	0.00574494
8294.88	0.00591369
8292.95	0.00607067
8291.02	0.00592336
8289.1	0.00584719
8287.17	0.00597076
8285.24	0.00584809
8283.31	0.00551195
8281.38	0.00542032
8279.46	0.00565171
8277.53	0.00585588
8275.6	0.00582197
8273.67	0.00585326
8271.74	0.00620062
8269.82	0.00601211
8267.89	0.00566551
8265.96	0.00550866
8264.03	0.00531123
8262.1	0.0051809
8260.17	0.005418
8258.25	0.00581112
8256.32	0.00547051
8254.39	0.00526957
8252.46	0.00545803
8250.54	0.00562929
8248.61	0.00568827
8246.68	0.00552813
8244.75	0.00535282
8242.82	0.00536443
8240.89	0.00551054
8238.97	0.00572321
8237.04	0.00556964
8235.11	0.0055784
8233.18	0.00562371
8231.25	0.00543092
8229.33	0.00559163
8227.4	0.00555441
8225.47	0.00541331
8223.54	0.00549924
8221.61	0.00580894
8219.69	0.00573282
8217.76	0.0052802
8215.83	0.00528775
8213.9	0.00535936
8211.97	0.00532911
8210.05	0.00532407
8208.12	0.00522081
8206.19	0.00512286
8204.26	0.00508327
8202.33	0.00502907
8200.41	0.00544807
8198.48	0.00544746
8196.55	0.00505903
8194.62	0.00529352
8192.69	0.00564711
8190.77	0.00544988
8188.84	0.0051641
8186.91	0.00538123
8184.98	0.00550679
8183.05	0.00522168
8181.13	0.00515294
8179.2	0.00515475
8177.27	0.00528698
8175.34	0.00558404
8173.41	0.00559142
8171.49	0.00539076
8169.56	0.00536882
8167.63	0.00516132
8165.7	0.00488753
8163.77	0.00483201
8161.85	0.00487014
8159.92	0.0050938
8157.99	0.00522798
8156.06	0.00513011
8154.13	0.00537395
8152.21	0.00549769
8150.28	0.00533316
8148.35	0.0053335
8146.42	0.00533913
8144.49	0.00519925
8142.56	0.00533018
8140.64	0.00565456
8138.71	0.00562056
8136.78	0.00507921
8134.85	0.00506084
8132.92	0.00529529
8131	0.00547266
8129.07	0.00541995
8127.14	0.00538301
8125.21	0.00539499
8123.28	0.00518935
8121.36	0.00491535
8119.43	0.00520689
8117.5	0.00542918
8115.57	0.00523848
8113.64	0.00507653
8111.72	0.00521232
8109.79	0.0052518
8107.86	0.00510975
8105.93	0.00520837
8104	0.00500674
8102.08	0.00496076
8100.15	0.00519626
8098.22	0.00534105
8096.29	0.00523187
8094.36	0.00504837
8092.44	0.00505592
8090.51	0.00507831
8088.58	0.00503969
8086.65	0.00497875
8084.72	0.00508501
8082.8	0.0050296
8080.87	0.00490211
8078.94	0.00492315
8077.01	0.00496793
8075.08	0.00485041
8073.16	0.00479529
8071.23	0.00494316
8069.3	0.00506306
8067.37	0.00484263
8065.44	0.00461569
8063.52	0.00474444
8061.59	0.00497393
8059.66	0.00480186
8057.73	0.00499109
8055.8	0.00512273
8053.88	0.00486951
8051.95	0.00465889
8050.02	0.0045669
8048.09	0.00459527
8046.16	0.00455046
8044.24	0.00450406
8042.31	0.00458324
8040.38	0.00475144
8038.45	0.00475318
8036.52	0.00455836
8034.6	0.00470374
8032.67	0.00489266
8030.74	0.00484257
8028.81	0.00463686
8026.88	0.00454521
8024.96	0.00484742
8023.03	0.0049556
8021.1	0.00492929
8019.17	0.00474421
8017.24	0.00472531
8015.31	0.00497798
8013.39	0.00509715
8011.46	0.00507677
8009.53	0.00477325
8007.6	0.0043792
8005.67	0.00419164
8003.75	0.00438666
8001.82	0.0045735
7999.89	0.00472066
7997.96	0.00473466
7996.03	0.00432632
7994.11	0.00431812
7992.18	0.00469959
7990.25	0.0050302
7988.32	0.00481888
7986.39	0.00445642
7984.47	0.0045656
7982.54	0.00476655
7980.61	0.00472776
7978.68	0.00450406
7976.75	0.00423754
7974.83	0.00443767
7972.9	0.00454501
7970.97	0.00431327
7969.04	0.00436872
7967.11	0.00442244
7965.19	0.00423433
7963.26	0.00427659
7961.33	0.00430092
7959.4	0.00443888
7957.47	0.00456925
7955.55	0.0046109
7953.62	0.00466191
7951.69	0.00471583
7949.76	0.00469788
7947.83	0.00468097
7945.91	0.00469949
7943.98	0.00499943
7942.05	0.00489849
7940.12	0.00448906
7938.19	0.00446566
7936.27	0.00468823
7934.34	0.00472136
7932.41	0.00457062
7930.48	0.00468579
7928.55	0.00467005
7926.63	0.00458237
7924.7	0.00445441
7922.77	0.00441715
7920.84	0.00458016
7918.91	0.00457203
7916.99	0.00443647
7915.06	0.00455338
7913.13	0.0043051
7911.2	0.00411366
7909.27	0.0042794
7907.35	0.00440992
7905.42	0.00457815
7903.49	0.00463736
7901.56	0.00439262
7899.63	0.00419204
7897.71	0.00421121
7895.78	0.00417976
7893.85	0.00428221
7891.92	0.00426501
7889.99	0.0042788
7888.06	0.00441384
7886.14	0.00437351
7884.21	0.0042092
7882.28	0.00414715
7880.35	0.00445552
7878.42	0.00438147
7876.5	0.00409336
7874.57	0.00419408
7872.64	0.00417321
7870.71	0.00421894
7868.78	0.00421389
7866.86	0.00438003
7864.93	0.00445233
7863	0.00412497
7861.07	0.00415936
7859.14	0.00427639
7857.22	0.00414885
7855.29	0.0040952
7853.36	0.0042539
7851.43	0.00405847
7849.5	0.00404737
7847.58	0.00417879
7845.65	0.00428191
7843.72	0.00427137
7841.79	0.00417799
7839.86	0.00393976
7837.94	0.00381479
7836.01	0.00399219
7834.08	0.00402777
7832.15	0.0040758
7830.22	0.00415243
7828.3	0.00421228
7826.37	0.00405286
7824.44	0.00390559
7822.51	0.00380066
7820.58	0.00393153
7818.66	0.00394136
7816.73	0.00380159
7814.8	0.00385812
7812.87	0.00375192
7810.94	0.00355104
7809.02	0.00377385
7807.09	0.0041992
7805.16	0.00429948
7803.23	0.0042177
7801.3	0.00404536
7799.38	0.00381212
7797.45	0.00385019
7795.52	0.00388673
7793.59	0.00398373
7791.66	0.00400764
7789.74	0.00379267
7787.81	0.00383575
7785.88	0.00406536
7783.95	0.00417588
7782.02	0.00416498
7780.09	0.00404526
7778.17	0.00396591
7776.24	0.0038747
7774.31	0.00401627
7772.38	0.00401955
7770.46	0.00393077
7768.53	0.00389258
7766.6	0.00384384
7764.67	0.00394802
7762.74	0.00413099
7760.81	0.00404851
7758.89	0.00405322
7756.96	0.00405861
7755.03	0.00386273
7753.1	0.00385541
7751.17	0.00392949
7749.25	0.0039093
7747.32	0.00381316
7745.39	0.00389874
7743.46	0.00388229
7741.53	0.00375446
7739.61	0.00368936
7737.68	0.00360626
7735.75	0.00345541
7733.82	0.00372816
7731.89	0.00401774
7729.97	0.00411975
7728.04	0.00388904
7726.11	0.00374691
7724.18	0.00381814
7722.25	0.00381643
7720.33	0.00385464
7718.4	0.00396002
7716.47	0.00378247
7714.54	0.00358067
7712.61	0.0036214
7710.69	0.00355949
7708.76	0.00338481
7706.83	0.00341787
7704.9	0.00366183
7702.97	0.00383746
7701.05	0.00387533
7699.12	0.00385805
7697.19	0.00382786
7695.26	0.00374624
7693.33	0.00350908
7691.41	0.00345928
7689.48	0.00362815
7687.55	0.00371382
7685.62	0.00362825
7683.69	0.00358669
7681.77	0.00372642
7679.84	0.00369143
7677.91	0.0036491
7675.98	0.00364385
7674.05	0.00367787
7672.12	0.0036898
7670.2	0.00363577
7668.27	0.00344559
7666.34	0.00340131
7664.41	0.00362046
7662.48	0.00372475
7660.56	0.00375884
7658.63	0.0036628
7656.7	0.00361044
7654.77	0.00358147
7652.84	0.00350758
7650.92	0.00356641
7648.99	0.00360232
7647.06	0.00365698
7645.13	0.00369925
7643.2	0.00352168
7641.28	0.00340545
7639.35	0.0035184
7637.42	0.00372662
7635.49	0.0038036
7633.56	0.00372642
7631.64	0.00349769
7629.71	0.00354362
7627.78	0.00355338
7625.85	0.00343203
7623.92	0.00338628
7622	0.00358852
7620.07	0.0037575
7618.14	0.00355408
7616.21	0.00343881
7614.28	0.00348447
7612.36	0.00343988
7610.43	0.00342632
7608.5	0.00342488
7606.57	0.00334107
7604.64	0.00338965
7602.72	0.00353955
7600.79	0.0034678
7598.86	0.00329749
7596.93	0.00315843
7595	0.00318136
7593.08	0.0033391
7591.15	0.00317425
7589.22	0.0030735
7587.29	0.00338404
7585.36	0.00345728
7583.44	0.00348002
7581.51	0.00352148
7579.58	0.00342535
7577.65	0.00343838
7575.72	0.00341209
7573.8	0.00327716
7571.87	0.00331115
7569.94	0.00321641
7568.01	0.00321611
7566.08	0.00346312
7564.16	0.00346666
7562.23	0.00319067
7560.3	0.00321661
7558.37	0.00352863
7556.44	0.00342111
7554.52	0.0032357
7552.59	0.00333499
7550.66	0.0035182
7548.73	0.00352575
7546.8	0.0034354
7544.88	0.00341951
7542.95	0.00339189
7541.02	0.00348377
7539.09	0.00339894
7537.16	0.00314568
7535.23	0.002975
7533.31	0.00298254
7531.38	0.00313874
7529.45	0.00329756
7527.52	0.00342572
7525.59	0.00340117
7523.67	0.00330244
7521.74	0.00311177
7519.81	0.00302952
7517.88	0.00309622
7515.95	0.00326932
7514.03	0.00326802
7512.1	0.00330768
7510.17	0.00320085
7508.24	0.00319127
7506.31	0.00327663
7504.39	0.00314167
7502.46	0.00300343
7500.53	0.0028879
7498.6	0.00274513
7496.67	0.00278515
7494.75	0.00286976
7492.82	0.00304717
7490.89	0.0031391
7488.96	0.00316033
7487.03	0.00312242
7485.11	0.00304166
7483.18	0.00296499
7481.25	0.00291058
7479.32	0.00302862
7477.39	0.00306041
7475.47	0.00309919
7473.54	0.00308855
7471.61	0.00309515
7469.68	0.00292993
7467.75	0.00297567
7465.83	0.00312038
7463.9	0.00319721
7461.97	0.00338044
7460.04	0.00322672
7458.11	0.00293233
7456.19	0.00308845
7454.26	0.00298608
7452.33	0.00292076
7450.4	0.00306011
7448.47	0.00306208
7446.54	0.00309906
7444.62	0.00306892
7442.69	0.00277454
7440.76	0.00282383
7438.83	0.00288467
7436.91	0.00283921
7434.98	0.00299589
7433.05	0.00302338
7431.12	0.002935
7429.19	0.00291742
7427.26	0.00296122
7425.34	0.00291762
7423.41	0.0029351
7421.48	0.00310783
7419.55	0.00302615
7417.62	0.00297213
7415.7	0.00297243
7413.77	0.00293737
7411.84	0.00295825
7409.91	0.00295191
7407.98	0.00288763
7406.06	0.00287693
7404.13	0.00286232
7402.2	0.00273309
7400.27	0.00272246
7398.34	0.00294574
7396.42	0.0029747
7394.49	0.00286886
7392.56	0.0028887
7390.63	0.00308881
7388.7	0.00302962
7386.78	0.00295965
7384.85	0.00298014
7382.92	0.00291725
7380.99	0.00298384
7379.06	0.00304587
7377.14	0.00280299
7375.21	0.00270809
7373.28	0.00278798
7371.35	0.00272179
7369.42	0.00259738
7367.5	0.00261014
7365.57	0.00254338
7363.64	0.00269705
7361.71	0.00279395
7359.78	0.00269422
7357.86	0.00273236
7355.93	0.00286055
7354	0.00287443
7352.07	0.00292293
7350.14	0.0029276
7348.22	0.00275867
7346.29	0.00271449
7344.36	0.00275253
7342.43	0.00267025
7340.5	0.00281703
7338.58	0.00285698
7336.65	0.00280919
7334.72	0.0028838
7332.79	0.00299038
7330.86	0.00302695
7328.94	0.00291435
7327.01	0.00290671
7325.08	0.002828
7323.15	0.0028372
7321.22	0.00290801
7319.29	0.00285148
7317.37	0.00276317
7315.44	0.00283384
7313.51	0.00278705
7311.58	0.00254318
7309.65	0.00251462
7307.73	0.00257464
7305.8	0.00252375
7303.87	0.00248549
7301.94	0.00256604
7300.01	0.00258441
7298.09	0.00255794
7296.16	0.00253201
7294.23	0.00268605
7292.3	0.0028351
7290.37	0.00278538
7288.45	0.00267415
7286.52	0.00264131
7284.59	0.00260368
7282.66	0.00241005
7280.73	0.00248909
7278.81	0.00267488
7276.88	0.00264361
7274.95	0.00261821
7273.02	0.00271722
7271.09	0.00273286
7269.17	0.00263884
7267.24	0.00260274
7265.31	0.00257084
7263.38	0.00249846
7261.45	0.00245643
7259.53	0.00261501
7257.6	0.00261301
7255.67	0.00249386
7253.74	0.00241555
7251.81	0.00235835
7249.89	0.00231734
7247.96	0.00255288
7246.03	0.00270082
7244.1	0.00259974
7242.17	0.00248809
7240.25	0.00242658
7238.32	0.00242145
7236.39	0.00247576
7234.46	0.00247909
7232.53	0.00261138
7230.61	0.00258848
7228.68	0.00250772
7226.75	0.00264154
7224.82	0.00279598
7222.89	0.00266891
7220.97	0.00262391
7219.04	0.00266495
7217.11	0.00270475
7215.18	0.00258621
7213.25	0.00242155
7211.33	0.00242814
7209.4	0.00242155
7207.47	0.00247856
7205.54	0.0024599
7203.61	0.00246083
7201.69	0.0024641
7199.76	0.002455
7197.83	0.00252398
7195.9	0.00254511
7193.97	0.00256078
7192.04	0.00269749
7190.12	0.00266771
7188.19	0.00250112
7186.26	0.00240579
7184.33	0.00231194
7182.4	0.00240959
7180.48	0.00243631
7178.55	0.00242528
7176.62	0.00232333
7174.69	0.00235791
7172.76	0.00247226
7170.84	0.00230022
7168.91	0.00221385
7166.98	0.0023279
7165.05	0.00244347
7163.12	0.00233139
7161.2	0.00231924
7159.27	0.00248279
7157.34	0.00246213
7155.41	0.00233159
7153.48	0.00212481
7151.56	0.00200629
7149.63	0.00226611
7147.7	0.00233426
7145.77	0.00236551
7143.84	0.00240682
7141.92	0.00224912
7139.99	0.00227533
7138.06	0.00246113
7136.13	0.00249299
7134.2	0.00224259
7132.28	0.00214379
7130.35	0.00222084
7128.42	0.00222704
7126.49	0.00214072
7124.56	0.00226274
7122.64	0.00240132
7120.71	0.002196
7118.78	0.0020482
7116.85	0.00211452
7114.92	0.00220732
7113	0.0023264
7111.07	0.00221998
7109.14	0.0021317
7107.21	0.00219963
7105.28	0.00222251
7103.36	0.00230768
7101.43	0.00242151
7099.5	0.00245673
7097.57	0.00248972
7095.64	0.00238293
7093.71	0.00233429
7091.79	0.00243154
7089.86	0.0024686
7087.93	0.00225129
7086	0.00226661
7084.08	0.00249109
7082.15	0.00255868
7080.22	0.00249902
7078.29	0.0024707
7076.36	0.00242941
7074.43	0.00240682
7072.51	0.00243914
7070.58	0.00232983
7068.65	0.00218991
7066.72	0.00220989
7064.79	0.00231967
7062.87	0.00230664
7060.94	0.00231411
7059.01	0.00215497
7057.08	0.00212131
7055.15	0.00214818
7053.23	0.00221768
7051.3	0.00230088
7049.37	0.002376
7047.44	0.00240219
7045.51	0.0023788
7043.59	0.0023827
7041.66	0.0023232
7039.73	0.00218315
7037.8	0.00224979
7035.87	0.00240625
7033.95	0.00240319
7032.02	0.00229282
7030.09	0.00223836
7028.16	0.00221788
7026.23	0.00219533
7024.31	0.00220952
7022.38	0.00235391
7020.45	0.00234828
7018.52	0.00233692
7016.59	0.0022767
7014.67	0.00208582
7012.74	0.00220969
7010.81	0.00230035
7008.88	0.00218721
7006.95	0.00218931
7005.03	0.00231424
7003.1	0.00237067
7001.17	0.00234242
6999.24	0.0023881
6997.31	0.00233992
6995.39	0.00226917
6993.46	0.00215244
6991.53	0.00214082
6989.6	0.00218085
6987.67	0.00233619
6985.75	0.00238373
6983.82	0.00233759
6981.89	0.00222301
6979.96	0.00224949
6978.03	0.00231311
6976.1	0.00241315
6974.18	0.00251235
6972.25	0.00250845
6970.32	0.00264808
6968.39	0.0027364
6966.46	0.00247486
6964.54	0.00213912
6962.61	0.00215278
6960.68	0.00233093
6958.75	0.00247153
6956.82	0.00266245
6954.9	0.00267351
6952.97	0.00253078
6951.04	0.00242288
6949.11	0.00231654
6947.18	0.00226404
6945.26	0.00231677
6943.33	0.00235388
6941.4	0.00231774
6939.47	0.00225915
6937.54	0.00222241
6935.62	0.00231907
6933.69	0.00242128
6931.76	0.00228746
6929.83	0.00221132
6927.9	0.00221232
6925.98	0.00224929
6924.05	0.00239563
6922.12	0.00257844
6920.19	0.00254405
6918.26	0.00250655
6916.34	0.00257664
6914.41	0.00264594
6912.48	0.00269799
6910.55	0.00261301
6908.62	0.00246876
6906.7	0.00240112
6904.77	0.00244664
6902.84	0.00252972
6900.91	0.00254615
6898.98	0.00250225
6897.06	0.00239453
6895.13	0.00241725
6893.2	0.00251149
6891.27	0.00243581
6889.34	0.00241292
6887.42	0.00254968
6885.49	0.00270545
6883.56	0.00265815
6881.63	0.00259151
6879.7	0.00262074
6877.78	0.00259471
6875.85	0.00259654
6873.92	0.00263628
6871.99	0.00263994
6870.06	0.00264904
6868.14	0.00272829
6866.21	0.00264811
6864.28	0.00253485
6862.35	0.00255041
6860.42	0.00262901
6858.5	0.00255425
6856.57	0.00252462
6854.64	0.00256321
6852.71	0.00257631
6850.78	0.00259838
6848.85	0.00262688
6846.93	0.0024703
6845	0.00253751
6843.07	0.00282823
6841.14	0.00298835
6839.21	0.00292363
6837.29	0.00281549
6835.36	0.00266771
6833.43	0.00257391
6831.5	0.0027544
6829.57	0.0028195
6827.65	0.00247363
6825.72	0.00247449
6823.79	0.00271536
6821.86	0.00291065
6819.93	0.00296856
6818.01	0.00280059
6816.08	0.0027397
6814.15	0.00296256
6812.22	0.00306749
6810.29	0.00281263
6808.37	0.00273216
6806.44	0.00297603
6804.51	0.00308324
6802.58	0.00290315
6800.65	0.00289687
6798.73	0.00301133
6796.8	0.00296873
6794.87	0.00284504
6792.94	0.00283897
6791.01	0.00300326
6789.09	0.0030439
6787.16	0.00306245
6785.23	0.0031103
6783.3	0.00321988
6781.37	0.00315312
6779.45	0.00310126
6777.52	0.00319481
6775.59	0.00319631
6773.66	0.00314248
6771.73	0.00321527
6769.81	0.00331459
6767.88	0.00335065
6765.95	0.00327686
6764.02	0.00321814
6762.09	0.00337826
6760.17	0.00341897
6758.24	0.00345507
6756.31	0.00345788
6754.38	0.0033973
6752.45	0.0033957
6750.53	0.00334805
6748.6	0.00338615
6746.67	0.00364185
6744.74	0.00378117
6742.81	0.00368405
6740.88	0.00359778
6738.96	0.00370998
6737.03	0.00377863
6735.1	0.003875
6733.17	0.0039434
6731.25	0.00390191
6729.32	0.00386206
6727.39	0.00386691
6725.46	0.0040058
6723.53	0.00407339
6721.6	0.0039621
6719.68	0.00384424
6717.75	0.00384832
6715.82	0.00392675
6713.89	0.00403279
6711.96	0.00409028
6710.04	0.00412186
6708.11	0.00412162
6706.18	0.00403065
6704.25	0.00414564
6702.32	0.00426572
6700.4	0.00417214
6698.47	0.0043054
6696.54	0.00432625
6694.61	0.00423085
6692.68	0.00427074
6690.76	0.00438974
6688.83	0.00455512
6686.9	0.00451752
6684.97	0.00447446
6683.04	0.00454239
6681.12	0.00458093
6679.19	0.00458746
6677.26	0.00450831
6675.33	0.00448876
6673.4	0.00448939
6671.48	0.00459768
6669.55	0.00468579
6667.62	0.00466281
6665.69	0.00463743
6663.76	0.00475663
6661.84	0.00472886
6659.91	0.00463388
6657.98	0.00462457
6656.05	0.00458492
6654.12	0.00455914
6652.2	0.00471583
6650.27	0.0048367
6648.34	0.00491799
6646.41	0.00488643
6644.48	0.0047168
6642.56	0.00463836
6640.63	0.00467999
6638.7	0.00466345
6636.77	0.00474488
6634.84	0.00481211
6632.92	0.00484669
6630.99	0.00482387
6629.06	0.00474394
6627.13	0.00464988
6625.2	0.00468847
6623.27	0.00479482
6621.35	0.00474893
6619.42	0.00472059
6617.49	0.00481338
6615.56	0.00473885
6613.63	0.00462926
6611.71	0.00467149
6609.78	0.0047025
6607.85	0.0047014
6605.92	0.00465873
6603.99	0.00461532
6602.07	0.00460936
6600.14	0.00459516
6598.21	0.00457748
6596.28	0.00458515
6594.35	0.00462346
6592.43	0.00461857
6590.5	0.00455123
6588.57	0.00456342
6586.64	0.00457357
6584.71	0.00446978
6582.79	0.00460802
6580.86	0.00472783
6578.93	0.00470558
6577	0.00475281
6575.07	0.00473627
6573.15	0.00472488
6571.22	0.00464135
6569.29	0.0044914
6567.36	0.00446931
6565.43	0.00452967
6563.51	0.00460863
6561.58	0.00456627
6559.65	0.00450436
6557.72	0.00462962
6555.79	0.00467862
6553.87	0.00462169
6551.94	0.00456091
6550.01	0.00444122
6548.08	0.00430855
6546.15	0.00437193
6544.23	0.00446465
6542.3	0.00439824
6540.37	0.00442375
6538.44	0.00448916
6536.51	0.00438459
6534.59	0.00435942
6532.66	0.00434764
6530.73	0.00434904
6528.8	0.00438388
6526.87	0.00438171
6524.95	0.0043797
6523.02	0.0044355
6521.09	0.00443543
6519.16	0.00433796
6517.23	0.00444243
6515.31	0.00445642
6513.38	0.00441421
6511.45	0.0044037
6509.52	0.00439503
6507.59	0.00443202
6505.67	0.00443774
6503.74	0.0043542
6501.81	0.00431501
6499.88	0.00429981
6497.95	0.00427947
6496.02	0.00437217
6494.1	0.00442673
6492.17	0.00444122
6490.24	0.0044916
6488.31	0.00445518
6486.38	0.00429908
6484.46	0.00408386
6482.53	0.00407373
6480.6	0.00423005
6478.67	0.00433699
6476.74	0.00430959
6474.82	0.0042614
6472.89	0.00426866
6470.96	0.00426093
6469.03	0.00412895
6467.1	0.00417735
6465.18	0.00425869
6463.25	0.00427522
6461.32	0.00425641
6459.39	0.00424226
6457.46	0.00422694
6455.54	0.00424407
6453.61	0.00434057
6451.68	0.00424728
6449.75	0.00409781
6447.82	0.00410333
6445.9	0.00411654
6443.97	0.00409941
6442.04	0.0042002
6440.11	0.0042715
6438.18	0.00419492
6436.26	0.00411794
6434.33	0.00415905
6432.4	0.00414424
6430.47	0.00408085
6428.54	0.003994
6426.62	0.00398096
6424.69	0.00412791
6422.76	0.0042259
6420.83	0.00422121
6418.9	0.00422657
6416.98	0.00430885
6415.05	0.00425079
6413.12	0.00422844
6411.19	0.00417357
6409.26	0.00407784
6407.34	0.00411838
6405.41	0.00410159
6403.48	0.0040355
6401.55	0.00411179
6399.62	0.00416237
6397.7	0.00401734
6395.77	0.00393274
6393.84	0.00401058
6391.91	0.00402978
6389.98	0.00405991
6388.06	0.00405192
6386.13	0.00396062
6384.2	0.00395444
6382.27	0.00406566
6380.34	0.00412781
6378.42	0.00412219
6376.49	0.00408858
6374.56	0.0040853
6372.63	0.00415069
6370.7	0.00411363
6368.77	0.0040655
6366.85	0.00394949
6364.92	0.0039089
6362.99	0.00407456
6361.06	0.00418973
6359.13	0.00402784
6357.21	0.00394601
6355.28	0.00414052
6353.35	0.00420208
6351.42	0.00415129
6349.49	0.00413149
6347.57	0.00401296
6345.64	0.00396353
6343.71	0.00391722
6341.78	0.0038633
6339.85	0.00387239
6337.93	0.00391274
6336	0.0038513
6334.07	0.00378528
6332.14	0.00373515
6330.21	0.00377278
6328.29	0.00388469
6326.36	0.00383204
6324.43	0.00369217
6322.5	0.00352241
6320.57	0.00352415
6318.65	0.00354412
6316.72	0.00361916
6314.79	0.00364977
6312.86	0.00359778
6310.93	0.00354165
6309.01	0.00351049
6307.08	0.00353133
6305.15	0.00350387
6303.22	0.00341213
6301.29	0.00340485
6299.37	0.00350912
6297.44	0.00348627
6295.51	0.00338902
6293.58	0.00327806
6291.65	0.00315069
6289.73	0.00311321
6287.8	0.00318523
6285.87	0.0031878
6283.94	0.00321
6282.01	0.00324652
6280.08	0.0031883
6278.16	0.0031054
6276.23	0.00307647
6274.3	0.00304723
6272.37	0.00308801
6270.45	0.00318386
6268.52	0.00319842
6266.59	0.00323707
6264.66	0.00320062
6262.73	0.00306712
6260.8	0.00295912
6258.88	0.00307903
6256.95	0.00317715
6255.02	0.00304927
6253.09	0.00298257
6251.17	0.00303382
6249.24	0.00305614
6247.31	0.002927
6245.38	0.00290918
6243.45	0.00296202
6241.52	0.00294034
6239.6	0.00286365
6237.67	0.00296799
6235.74	0.0030767
6233.81	0.00295492
6231.88	0.00265795
6229.96	0.00261794
6228.03	0.00277661
6226.1	0.00285061
6224.17	0.00291122
6222.24	0.00293814
6220.32	0.00276394
6218.39	0.00271169
6216.46	0.00285862
6214.53	0.00284458
6212.6	0.00280342
6210.68	0.002735
6208.75	0.00271049
6206.82	0.00264768
6204.89	0.00263004
6202.96	0.00268275
6201.04	0.00276981
6199.11	0.0028246
6197.18	0.00276671
6195.25	0.00268008
6193.32	0.00273369
6191.4	0.00262954
6189.47	0.00250832
6187.54	0.00258951
6185.61	0.00258721
6183.68	0.00261388
6181.76	0.00256574
6179.83	0.00247563
6177.9	0.00249196
6175.97	0.00256331
6174.04	0.00263034
6172.12	0.00261228
6170.19	0.00266235
6168.26	0.002757
6166.33	0.0027405
6164.4	0.00268002
6162.48	0.00273143
6160.55	0.00275947
6158.62	0.00266468
6156.69	0.00265715
6154.76	0.00267942
6152.83	0.00265174
6150.91	0.00273049
6148.98	0.00287643
6147.05	0.00283237
6145.12	0.00276941
6143.19	0.00281012
6141.27	0.00272212
6139.34	0.00263828
6137.41	0.00265708
6135.48	0.00268235
6133.55	0.00268332
6131.63	0.00278191
6129.7	0.00285218
6127.77	0.00272626
6125.84	0.00269759
6123.91	0.00282737
6121.99	0.00277071
6120.06	0.00278151
6118.13	0.00285155
6116.2	0.00290071
6114.27	0.00286242
6112.35	0.00289747
6110.42	0.00290685
6108.49	0.00295942
6106.56	0.00301384
6104.63	0.00291389
6102.71	0.00287746
6100.78	0.00301323
6098.85	0.00310173
6096.92	0.00306706
6094.99	0.00307203
6093.07	0.00307733
6091.14	0.00311401
6089.21	0.00315352
6087.28	0.00311935
6085.35	0.00314878
6083.43	0.00322672
6081.5	0.00323627
6079.57	0.00318924
6077.64	0.00316827
6075.71	0.00330541
6073.79	0.00339356
6071.86	0.00343196
6069.93	0.00336718
6068	0.00323674
6066.07	0.00319478
6064.15	0.00326411
6062.22	0.00335566
6060.29	0.00342422
6058.36	0.00350918
6056.43	0.00345788
6054.51	0.00343757
6052.58	0.00358191
6050.65	0.00367516
6048.72	0.00371259
6046.79	0.00366166
6044.87	0.00361712
6042.94	0.00356106
6041.01	0.00355351
6039.08	0.00355288
6037.15	0.00364759
6035.23	0.00377502
6033.3	0.00382786
6031.37	0.0038274
6029.44	0.00369668
6027.51	0.00357904
6025.58	0.00352953
6023.66	0.0035322
6021.73	0.0035175
6019.8	0.00348624
6017.87	0.00346212
6015.94	0.00338688
6014.02	0.00334537
6012.09	0.00325369
6010.16	0.00317405
6008.23	0.00324224
6006.3	0.00329566
6004.38	0.00325112
6002.45	0.00317021
6000.52	0.00313046
5998.59	0.00301804
5996.66	0.00287029
5994.74	0.00286862
5992.81	0.00293003
5990.88	0.00298084
5988.95	0.00286439
5987.02	0.00272212
5985.1	0.00267105
5983.17	0.00270582
5981.24	0.00267425
5979.31	0.00267265
5977.38	0.00261601
5975.46	0.0023881
5973.53	0.00230948
5971.6	0.00239433
5969.67	0.0024613
5967.74	0.00247246
5965.82	0.00243907
5963.89	0.00223803
5961.96	0.00221522
5960.03	0.00234679
5958.1	0.00237334
5956.18	0.00232127
5954.25	0.00221402
5952.32	0.00222118
5950.39	0.00222318
5948.46	0.00230974
5946.54	0.00226937
5944.61	0.0020748
5942.68	0.00191326
5940.75	0.00194791
5938.82	0.00201934
5936.9	0.00204467
5934.97	0.0021337
5933.04	0.00211262
5931.11	0.00201022
5929.18	0.00207756
5927.25	0.00208565
5925.33	0.00196148
5923.4	0.00191868
5921.47	0.00198162
5919.54	0.00200825
5917.62	0.00190108
5915.69	0.00182288
5913.76	0.00181785
5911.83	0.00177976
5909.9	0.00179064
5907.97	0.00177786
5906.05	0.0018316
5904.12	0.00179876
5902.19	0.00172557
5900.26	0.00186717
5898.33	0.00186228
5896.41	0.00173764
5894.48	0.00182644
5892.55	0.00186164
5890.62	0.00173824
5888.69	0.00175996
5886.77	0.00179822
5884.84	0.00183456
5882.91	0.00185778
5880.98	0.00179463
5879.05	0.00180707
5877.13	0.00181822
5875.2	0.00176183
5873.27	0.00173255
5871.34	0.00162192
5869.41	0.00166143
5867.49	0.0017919
5865.56	0.00176129
5863.63	0.00166762
5861.7	0.00167041
5859.77	0.0016301
5857.85	0.00161889
5855.92	0.00167557
5853.99	0.00167773
5852.06	0.00167231
5850.13	0.00176292
5848.21	0.0017107
5846.28	0.00163386
5844.35	0.00158131
5842.42	0.00153183
5840.49	0.00157699
5838.57	0.0016179
5836.64	0.00163892
5834.71	0.00164454
5832.78	0.00161208
5830.85	0.00162468
5828.93	0.00162032
5827	0.00157749
5825.07	0.00156981
5823.14	0.00157513
5821.21	0.00158417
5819.29	0.00160709
5817.36	0.00176449
5815.43	0.00172986
5813.5	0.00161956
5811.57	0.00163226
5809.65	0.00167015
5807.72	0.00163233
5805.79	0.00149971
5803.86	0.00151185
5801.93	0.00158594
5800	0.0015736
5798.08	0.00159053
5796.15	0.00153044
5794.22	0.00151501
5792.29	0.00155056
5790.36	0.00160243
5788.44	0.00177184
5786.51	0.00166845
5784.58	0.00162009
5782.65	0.00164647
5780.72	0.00165179
5778.8	0.00176685
5776.87	0.00172956
5774.94	0.00170148
5773.01	0.00170544
5771.08	0.00177706
5769.16	0.00180435
5767.23	0.00171332
5765.3	0.00172171
5763.37	0.00167617
5761.44	0.00150636
5759.52	0.00153263
5757.59	0.00172134
5755.66	0.00170115
5753.73	0.00168186
5751.8	0.00167667
5749.88	0.00173185
5747.95	0.00171695
5746.02	0.00166027
5744.09	0.00152878
5742.16	0.00148332
5740.24	0.00148279
5738.31	0.00159176
5736.38	0.00167976
5734.45	0.00167707
5732.52	0.00172626
5730.6	0.00169952
5728.67	0.00168132
5726.74	0.00167051
5724.81	0.00164055
5722.88	0.00170161
5720.96	0.00167537
5719.03	0.00170358
5717.1	0.00178661
5715.17	0.00176093
5713.24	0.00172254
5711.32	0.00160792
5709.39	0.00150896
5707.46	0.00157157
5705.53	0.00161098
5703.6	0.00154999
5701.68	0.00159053
5699.75	0.00170494
5697.82	0.00172776
5695.89	0.00158976
5693.96	0.00152635
5692.03	0.00159591
5690.11	0.00169882
5688.18	0.00171868
5686.25	0.00158457
5684.32	0.00148066
5682.4	0.00155421
5680.47	0.00158218
5678.54	0.00162535
5676.61	0.00163473
5674.68	0.00156795
5672.75	0.00156668
5670.83	0.00165934
5668.9	0.00170937
5666.97	0.00167417
5665.04	0.00163712
5663.11	0.00165232
5661.19	0.00164211
5659.26	0.00152159
5657.33	0.00154517
5655.4	0.00165851
5653.47	0.00163236
5651.55	0.00162468
5649.62	0.00161806
5647.69	0.00159874
5645.76	0.00164204
5643.83	0.00160842
5641.91	0.0016319
5639.98	0.0016928
5638.05	0.00172064
5636.12	0.00167311
5634.19	0.00162807
5632.27	0.00161427
5630.34	0.00167527
5628.41	0.00168891
5626.48	0.00157959
5624.55	0.00154337
5622.63	0.00156086
5620.7	0.00166885
5618.77	0.00163596
5616.84	0.00166719
5614.91	0.00176193
5612.99	0.0016466
5611.06	0.0014655
5609.13	0.00155172
5607.2	0.00165069
5605.27	0.00167733
5603.35	0.00163203
5601.42	0.00161264
5599.49	0.00156801
5597.56	0.00154663
5595.63	0.0016463
5593.71	0.00165102
5591.78	0.0016327
5589.85	0.00164647
5587.92	0.00170098
5585.99	0.00168645
5584.07	0.00164593
5582.14	0.00168522
5580.21	0.00164397
5578.28	0.00160476
5576.35	0.0016621
5574.43	0.00174403
5572.5	0.00178814
5570.57	0.00176782
5568.64	0.0016306
5566.71	0.00161377
5564.79	0.00166313
5562.86	0.00168432
5560.93	0.00171984
5559	0.00172164
5557.07	0.00171322
5555.14	0.00165209
5553.22	0.00159352
5551.29	0.0015328
5549.36	0.00158155
5547.43	0.00163463
5545.5	0.00167391
5543.58	0.00167544
5541.65	0.00160659
5539.72	0.00161723
5537.79	0.00164716
5535.86	0.001604
5533.94	0.0016453
5532.01	0.00166812
5530.08	0.00166479
5528.15	0.00167766
5526.22	0.00170611
5524.3	0.00163818
5522.37	0.00155278
5520.44	0.00154247
5518.51	0.00150613
5516.58	0.00141909
5514.66	0.00148316
5512.73	0.00154307
5510.8	0.00154317
5508.87	0.00162136
5506.94	0.00166832
5505.02	0.00164088
5503.09	0.00165235
5501.16	0.00162076
5499.23	0.00156894
5497.3	0.00159412
5495.38	0.00161011
5493.45	0.00158235
5491.52	0.00152262
5489.59	0.00158604
5487.66	0.00164474
5485.74	0.00159528
5483.81	0.00156968
5481.88	0.00155115
5479.95	0.00162192
5478.02	0.00165116
5476.1	0.00150537
5474.17	0.0015879
5472.24	0.00171429
5470.31	0.0016616
5468.38	0.00161703
5466.46	0.00160077
5464.53	0.00156585
5462.6	0.00152432
5460.67	0.00150976
5458.74	0.0014789
5456.82	0.00145506
5454.89	0.00144838
5452.96	0.00155302
5451.03	0.00156974
5449.1	0.00147548
5447.17	0.00156379
5445.25	0.00156492
5443.32	0.00156346
5441.39	0.00159768
5439.46	0.00158896
5437.54	0.00156116
5435.61	0.00152236
5433.68	0.00152615
5431.75	0.00150783
5429.82	0.00151095
5427.89	0.00160097
5425.97	0.0016306
5424.04	0.00165175
5422.11	0.00165721
5420.18	0.00159651
5418.25	0.00152498
5416.33	0.00147887
5414.4	0.00152056
5412.47	0.0014943
5410.54	0.00145048
5408.61	0.0015329
5406.69	0.00150916
5404.76	0.00145749
5402.83	0.00149483
5400.9	0.00157077
5398.97	0.0016467
5397.05	0.00158797
5395.12	0.00149137
5393.19	0.00143435
5391.26	0.00146766
5389.33	0.00155245
5387.41	0.001559
5385.48	0.00153376
5383.55	0.00150623
5381.62	0.00147345
5379.69	0.0015752
5377.77	0.00161613
5375.84	0.00152542
5373.91	0.00147159
5371.98	0.00156053
5370.05	0.00161078
5368.13	0.00158015
5366.2	0.00147475
5364.27	0.00147571
5362.34	0.00152631
5360.41	0.00162032
5358.49	0.00162112
5356.56	0.00158886
5354.63	0.00150756
5352.7	0.0014777
5350.77	0.00156166
5348.85	0.00152309
5346.92	0.00146913
5344.99	0.0015601
5343.06	0.00155857
5341.13	0.00150151
5339.21	0.00151348
5337.28	0.00148422
5335.35	0.00156302
5333.42	0.0016745
5331.49	0.00170092
5329.56	0.00169177
5327.64	0.001632
5325.71	0.0015877
5323.78	0.00151847
5321.85	0.00146903
5319.92	0.00146444
5318	0.00161613
5316.07	0.00167643
5314.14	0.00161151
5312.21	0.00159172
5310.28	0.00159891
5308.36	0.00165325
5306.43	0.00176109
5304.5	0.00175727
5302.57	0.00173747
5300.64	0.001726
5298.72	0.00169679
5296.79	0.00176798
5294.86	0.00184108
5292.93	0.00177553
5291	0.00178099
5289.08	0.00188391
5287.15	0.00185026
5285.22	0.0018119
5283.29	0.00191372
5281.36	0.00195739
5279.44	0.00192141
5277.51	0.00192777
5275.58	0.00193938
5273.65	0.00193579
5271.72	0.00198648
5269.8	0.00196528
5267.87	0.00195639
5265.94	0.00195922
5264.01	0.00201381
5262.08	0.00218894
5260.16	0.00221029
5258.23	0.00219563
5256.3	0.00219161
5254.37	0.00218897
5252.44	0.00216853
5250.52	0.00225978
5248.59	0.00234908
5246.66	0.00233433
5244.73	0.00228453
5242.8	0.00223873
5240.88	0.00226574
5238.95	0.00239223
5237.02	0.00239982
5235.09	0.00242495
5233.16	0.0024567
5231.24	0.00248616
5229.31	0.00248476
5227.38	0.00253398
5225.45	0.00258021
5223.52	0.00261674
5221.6	0.00264901
5219.67	0.00267852
5217.74	0.00267485
5215.81	0.00273753
5213.88	0.00279372
5211.96	0.00283574
5210.03	0.00293243
5208.1	0.0029774
5206.17	0.00302768
5204.24	0.0030459
5202.31	0.00300336
5200.39	0.00308264
5198.46	0.00312265
5196.53	0.003165
5194.6	0.00322181
5192.67	0.00333239
5190.75	0.00342979
5188.82	0.00338534
5186.89	0.00337042
5184.96	0.00345204
5183.03	0.00354469
5181.11	0.00365638
5179.18	0.00375219
5177.25	0.00378241
5175.32	0.00373618
5173.39	0.00369347
5171.47	0.00379975
5169.54	0.00383719
5167.61	0.00385715
5165.68	0.00398738
5163.75	0.00405352
5161.83	0.00405861
5159.9	0.00408998
5157.97	0.00408787
5156.04	0.00410841
5154.11	0.00421362
5152.19	0.00430942
5150.26	0.00434529
5148.33	0.0044523
5146.4	0.00456479
5144.47	0.00459306
5142.55	0.00455281
5140.62	0.00462527
5138.69	0.00476052
5136.76	0.00475928
5134.83	0.00475288
5132.91	0.00484994
5130.98	0.00486136
5129.05	0.00493673
5127.12	0.00492222
5125.19	0.00495583
5123.27	0.00508411
5121.34	0.00507546
5119.41	0.00506078
5117.48	0.00519955
5115.55	0.005344
5113.62	0.00538328
5111.7	0.00543082
5109.77	0.00552048
5107.84	0.00552081
5105.91	0.00555142
5103.99	0.00564493
5102.06	0.00568588
5100.13	0.00567662
5098.2	0.00572674
5096.27	0.00573446
5094.34	0.00579997
5092.42	0.00584272
5090.49	0.00586576
5088.56	0.00594674
5086.63	0.00598429
5084.71	0.00610461
5082.78	0.00617283
5080.85	0.00622251
5078.92	0.00629713
5076.99	0.00634786
5075.06	0.00641895
5073.14	0.00652993
5071.21	0.00658304
5069.28	0.00663993
5067.35	0.00674192
5065.42	0.00689685
5063.5	0.00698075
5061.57	0.00697584
5059.64	0.00696355
5057.71	0.0070017
5055.78	0.00710313
5053.86	0.00724107
5051.93	0.00741438
5050	0.00750206
5048.07	0.00759585
5046.14	0.00773054
5044.22	0.00786251
5042.29	0.00797859
5040.36	0.00811543
5038.43	0.00827635
5036.5	0.00846197
5034.58	0.00866629
5032.65	0.00884967
5030.72	0.0089674
5028.79	0.00913585
5026.86	0.00935385
5024.94	0.00957095
5023.01	0.00976485
5021.08	0.00990381
5019.15	0.0100184
5017.22	0.010071
5015.3	0.010122
5013.37	0.0101699
5011.44	0.0100737
5009.51	0.00982266
5007.58	0.00956896
5005.66	0.00936997
5003.73	0.0091684
5001.8	0.00890438
4999.87	0.00874688
4997.94	0.00860714
4996.02	0.00849545
4994.09	0.00842393
4992.16	0.00833718
4990.23	0.00817748
4988.3	0.00816654
4986.38	0.00807522
4984.45	0.00799911
4982.52	0.00802122
4980.59	0.00801177
4978.66	0.00799455
4976.73	0.00803104
4974.81	0.00806128
4972.88	0.00804572
4970.95	0.00796735
4969.02	0.00787928
4967.09	0.0078563
4965.17	0.00785708
4963.24	0.0078724
4961.31	0.00789227
4959.38	0.00789902
4957.45	0.00787301
4955.53	0.00787159
4953.6	0.0077663
4951.67	0.00773935
4949.74	0.00780114
4947.81	0.00779814
4945.89	0.00777945
4943.96	0.00775223
4942.03	0.00767068
4940.1	0.00761109
4938.17	0.00759123
4936.25	0.0075917
4934.32	0.00753196
4932.39	0.00757916
4930.46	0.00757221
4928.53	0.00755795
4926.61	0.00751406
4924.68	0.00747563
4922.75	0.0075533
4920.82	0.00758267
4918.89	0.00747455
4916.97	0.00738583
4915.04	0.00740781
4913.11	0.00734647
4911.18	0.0073306
4909.25	0.00729636
4907.33	0.00725559
4905.4	0.00723265
4903.47	0.00718939
4901.54	0.00718821
4899.61	0.00722167
4897.69	0.00721688
4895.76	0.00712034
4893.83	0.00709818
4891.9	0.00711936
4889.97	0.00700644
4888.05	0.00700341
4886.12	0.00700601
4884.19	0.0069552
4882.26	0.00692018
4880.33	0.00689446
4878.41	0.00687638
4876.48	0.00681469
4874.55	0.00682084
4872.62	0.00684676
4870.69	0.00684151
4868.77	0.00680233
4866.84	0.00675299
4864.91	0.00673893
4862.98	0.0067216
4861.05	0.0066652
4859.12	0.00661325
4857.2	0.00655445
4855.27	0.00655832
4853.34	0.00656141
4851.41	0.00650363
4849.48	0.00647558
4847.56	0.00642718
4845.63	0.00635543
4843.7	0.00632103
4841.77	0.00625121
4839.84	0.00629602
4837.92	0.00625051
4835.99	0.0062015
4834.06	0.00614043
4832.13	0.00610138
4830.2	0.00598238
4828.28	0.00586297
4826.35	0.00587466
4824.42	0.00581958
4822.49	0.00572812
4820.56	0.0057577
4818.64	0.00584897
4816.71	0.00572325
4814.78	0.00557031
4812.85	0.00549924
4810.92	0.00544042
4809	0.00542512
4807.07	0.0054228
4805.14	0.00533189
4803.21	0.0052147
4801.28	0.00513721
4799.36	0.0051965
4797.43	0.00516588
4795.5	0.00506664
4793.57	0.00494041
4791.64	0.0047775
4789.72	0.00478926
4787.79	0.00484253
4785.86	0.00479184
4783.93	0.00463297
4782	0.0044607
4780.08	0.00442037
4778.15	0.0043884
4776.22	0.0043298
4774.29	0.0041903
4772.36	0.00419555
4770.44	0.00423165
4768.51	0.00409684
4766.58	0.00386968
4764.65	0.00377412
4762.72	0.00387316
4760.79	0.00390716
4758.87	0.00370938
4756.94	0.00354145
4755.01	0.00346429
4753.08	0.00339573
4751.16	0.00338127
4749.23	0.00329589
4747.3	0.00318086
4745.37	0.00320052
4743.44	0.00314745
4741.51	0.00306505
4739.59	0.00305498
4737.66	0.00294184
4735.73	0.00282246
4733.8	0.00285695
4731.88	0.0028349
4729.95	0.00257101
4728.02	0.00249642
4726.09	0.00253938
4724.16	0.0024644
4722.23	0.0023802
4720.31	0.00221608
4718.38	0.0021607
4716.45	0.00223074
4714.52	0.00228609
4712.59	0.00222661
4710.67	0.00212784
4708.74	0.00205799
4706.81	0.00188248
4704.88	0.00172889
4702.95	0.0017086
4701.03	0.00167683
4699.1	0.00159754
4697.17	0.00163885
4695.24	0.00173145
4693.31	0.0016456
4691.39	0.00148179
4689.46	0.00145586
4687.53	0.0015044
4685.6	0.00150367
4683.67	0.00135271
4681.75	0.00112639
4679.82	0.0011148
4677.89	0.00120566
4675.96	0.00116862
4674.03	0.0011441
4672.11	0.00108205
4670.18	0.00107803
4668.25	0.000999976
4666.32	0.000911645
4664.39	0.000995891
4662.47	0.00107016
4660.54	0.00102864
4658.61	0.000926255
4656.68	0.000835383
4654.75	0.000813307
4652.83	0.000878443
4650.9	0.000915198
4648.97	0.000844712
4647.04	0.000727869
4645.11	0.000651805
4643.19	0.000676063
4641.26	0.000683198
4639.33	0.000633388
4637.4	0.00068041
4635.47	0.000745825
4633.54	0.000707026
4631.62	0.000727736
4629.69	0.000676926
4627.76	0.00060233
4625.83	0.000491523
4623.9	0.000452681
4621.98	0.000498921
4620.05	0.000584314
4618.12	0.000527549
4616.19	0.000393148
4614.26	0.000396663
4612.34	0.000511858
4610.41	0.000477691
4608.48	0.00044764
4606.55	0.000409
4604.62	0.000340188
4602.7	0.000353154
4600.77	0.000461836
4598.84	0.000467839
4596.91	0.000363765
4594.98	0.00039862
4593.06	0.000407209
4591.13	0.000366219
4589.2	0.000353087
4587.27	0.000302752
4585.34	0.000326393
4583.42	0.000447275
4581.49	0.000415733
4579.56	0.00033591
4577.63	0.000387045
4575.7	0.000479549
4573.78	0.00049086
4571.85	0.000401638
4569.92	0.000410062
4567.99	0.000546558
4566.06	0.00060243
4564.14	0.00060462
4562.21	0.000618058
4560.28	0.000680311
4558.35	0.000756977
4556.42	0.000828013
4554.5	0.000946344
4552.57	0.00104302
4550.64	0.00104069
4548.71	0.00108739
4546.78	0.00117775
4544.86	0.00123716
4542.93	0.00122484
4541	0.00123902
4539.07	0.00128369
4537.14	0.00134002
4535.22	0.00135208
4533.29	0.00141191
4531.36	0.00136744
4529.43	0.00128146
4527.5	0.00126052
4525.58	0.0013008
4523.65	0.00122042
4521.72	0.00114363
4519.79	0.00115975
4517.86	0.00113493
4515.94	0.00119005
4514.01	0.00119845
4512.08	0.00112134
4510.15	0.00103628
4508.22	0.000917489
4506.29	0.000849227
4504.37	0.000817025
4502.44	0.000734839
4500.51	0.000579935
4498.58	0.000491357
4496.65	0.000481539
4494.73	0.000361709
4492.8	0.000305371
4490.87	0.000344333
4488.94	0.000291943
4487.01	0.000294827
4485.09	0.000209623
4483.16	8.36715e-05
4481.23	2.92915e-05
4479.3	0.000107898
4477.37	0.00013829
4475.45	0.000123939
4473.52	4.72186e-05
4471.59	-2.92895e-05
4469.66	-9.27752e-07
4467.73	-7.52136e-06
4465.81	-8.69019e-05
4463.88	-0.000103267
4461.95	-8.0972e-05
4460.02	-7.82224e-05
4458.09	-9.95564e-05
4456.17	-0.000134073
4454.24	-0.000116947
4452.31	-0.000144672
4450.38	-0.000173853
4448.45	-0.000167758
4446.53	-0.000275488
4444.6	-0.000238334
4442.67	-0.000125626
4440.74	-7.56716e-05
4438.81	-5.79144e-05
4436.89	-7.94482e-05
4434.96	-7.84212e-05
4433.03	-6.5998e-05
4431.1	-6.5236e-05
4429.17	-0.000109958
4427.25	-0.00010797
4425.32	-6.70912e-05
4423.39	-8.2529e-05
4421.46	-8.3291e-05
4419.53	-9.7105e-05
4417.61	-5.46015e-05
4415.68	7.52149e-06
4413.75	-5.81463e-05
4411.82	-0.00010065
4409.89	-0.000100153
4407.96	-0.000116219
4406.04	-7.25244e-05
4404.11	-4.9135e-05
4402.18	-4.49274e-05
4400.25	-4.6087e-05
4398.33	-6.88139e-05
4396.4	-7.8123e-05
4394.47	-0.000131522
4392.54	-7.12986e-05
4390.61	-3.99578e-05
4388.68	-5.4734e-05
4386.76	1.19284e-05
4384.83	2.33601e-05
4382.9	-0.00012821
4380.97	-0.00017372
4379.04	-0.000123042
4377.12	-9.86288e-05
4375.19	-7.88519e-05
4373.26	-5.0162e-05
4371.33	4.07551e-06
4369.4	1.45792e-05
4367.48	-8.60406e-05
4365.55	-9.47199e-05
4363.62	-0.000124864
4361.69	-5.79144e-05
4359.76	5.12945e-05
4357.84	-8.21646e-05
4355.91	-0.000168288
4353.98	-0.000161697
4352.05	-0.000196904
4350.12	-0.000111879
4348.2	-8.65375e-05
4346.27	-0.000114132
4344.34	-0.000130595
4342.41	-8.73988e-05
4340.48	-1.09342e-06
4338.56	-0.000101445
4336.63	-0.000132582
4334.7	-0.000124599
4332.77	-6.14924e-05
4330.84	-6.91121e-05
4328.92	-0.000204919
4326.99	-0.000185213
4325.06	-5.73512e-05
4323.13	-3.48556e-05
4321.2	2.93246e-05
4319.28	7.70766e-05
4317.35	2.40891e-05
4315.42	-2.2895e-05
4313.49	-3.85e-05
4311.56	-4.31715e-05
4309.64	3.51898e-05
4307.71	0.000126723
4305.78	6.01093e-05
4303.85	5.59339e-05
4301.92	5.82535e-05
4300	5.9314e-05
4298.07	3.74431e-05
4296.14	6.56059e-06
4294.21	2.99542e-05
4292.28	4.96376e-05
4290.35	9.10287e-05
4288.43	0.00014767
4286.5	0.000122945
4284.57	6.28598e-05
4282.64	0.000118238
4280.71	0.000171469
4278.79	0.00010876
4276.86	0.00014018
4274.93	0.000211148
4273	0.00023568
4271.07	0.000238796
4269.15	0.00017843
4267.22	0.000116614
4265.29	0.000179358
4263.36	0.000274006
4261.43	0.00025829
4259.51	0.000214861
4257.58	0.000180585
4255.65	0.0003
4253.72	0.000295656
4251.79	0.00017084
4249.87	0.000209789
4247.94	0.000339293
4246.01	0.000295524
4244.08	0.000104617
4242.15	1.02717e-05
4240.23	0.000136335
4238.3	0.000151979
4236.37	0.000146577
4234.44	0.000221127
4232.51	0.000233592
4230.59	0.000238034
4228.66	0.000264855
4226.73	0.000274934
4224.8	0.000186485
4222.87	0.000219602
4220.95	0.000285809
4219.02	0.000354977
4217.09	0.000368574
4215.16	0.000245394
4213.23	0.000102098
4211.31	0.000115322
4209.38	0.000169646
4207.45	0.000205181
4205.52	0.000246654
4203.59	0.000263761
4201.67	0.000256566
4199.74	0.000215988
4197.81	0.00015589
4195.88	0.000218607
4193.95	0.000269231
4192.03	0.000259882
4190.1	0.000226265
4188.17	0.0002018
4186.24	0.000172862
4184.31	0.000176011
4182.39	0.000193546
4180.46	0.000248212
4178.53	0.000308389
4176.6	0.00022895
4174.67	0.00019812
4172.75	0.000180287
4170.82	9.8585e-05
4168.89	7.19068e-05
4166.96	0.000105048
4165.03	0.000188408
4163.1	0.000264324
4161.18	0.000223878
4159.25	0.000142036
4157.32	0.000237338
4155.39	0.000241283
4153.46	0.000131628
4151.54	0.000151648
4149.61	7.31993e-05
4147.68	0.000102695
4145.75	0.000251096
4143.82	0.000314589
4141.9	0.000229249
4139.97	0.000159238
4138.04	0.000213204
4136.11	0.000241714
4134.18	0.000251096
4132.26	0.000281797
4130.33	0.000216088
4128.4	0.000121785
4126.47	0.000205844
4124.54	0.000232531
4122.62	0.000277818
4120.69	0.000249041
4118.76	0.00014134
4116.83	0.000222718
4114.9	0.000355806
4112.98	0.000328814
4111.05	0.000344499
4109.12	0.000367877
4107.19	0.000410891
4105.26	0.000419049
4103.34	0.000320392
4101.41	0.000358692
4099.48	0.000493215
4097.55	0.000573896
4095.62	0.000504096
4093.7	0.000328516
4091.77	0.000280172
4089.84	0.000299436
4087.91	0.000365224
4085.98	0.000395303
4084.06	0.000322879
4082.13	0.000285809
4080.2	0.000206275
4078.27	0.000149361
4076.34	0.000202596
4074.42	0.000164343
4072.49	0.000149527
4070.56	0.000224143
4068.63	0.000306664
4066.7	0.000298872
4064.78	0.000277421
4062.85	0.000225436
4060.92	0.000248311
4058.99	0.00033727
4057.06	0.000338265
4055.14	0.000223348
4053.21	0.000136799
4051.28	0.000175513
4049.35	0.000179358
4047.42	0.000160166
4045.5	0.000129242
4043.57	0.000155924
4041.64	0.000227724
4039.71	0.000270889
4037.78	0.000274039
4035.85	0.000282029
4033.93	0.000302321
4032	0.000299668
4030.07	0.000350766
4028.14	0.000368972
4026.21	0.000361245
4024.29	0.000362207
4022.36	0.000328549
4020.43	0.000323243
4018.5	0.000349373
4016.57	0.000349473
4014.65	0.000314655
4012.72	0.000310511
4010.79	0.000297314
4008.86	0.000306797
4006.93	0.000348544
4005.01	0.000380844
4003.08	0.000396564
4001.15	0.000350633
3999.22	0.000358061
3997.29	0.000461338
3995.37	0.000363633
3993.44	0.000376234
3991.51	0.000428767
3989.58	0.000392252
3987.65	0.000372951
3985.73	0.000367247
3983.8	0.000320558
3981.87	0.000348644
3979.94	0.000518924
3978.01	0.000519256
3976.09	0.000446976
3974.16	0.000444853
3972.23	0.000427474
3970.3	0.000355143
3968.37	0.00039401
3966.45	0.000457093
3964.52	0.000418353
3962.59	0.000331997
3960.66	0.000325598
3958.73	0.000417391
3956.81	0.000430558
3954.88	0.000303117
3952.95	0.000331533
3951.02	0.000336175
3949.09	0.000247184
3947.17	0.000298939
3945.24	0.000389798
3943.31	0.000420111
3941.38	0.000463129
3939.45	0.000386449
3937.53	0.000368905
3935.6	0.000419912
3933.67	0.000316015
3931.74	0.000247482
3929.81	0.000266877
3927.88	0.000350103
3925.96	0.000317242
3924.03	0.000314622
3922.1	0.000436031
3920.17	0.000517431
3918.24	0.000488969
3916.32	0.000421139
3914.39	0.000449364
3912.46	0.000417325
3910.53	0.00037829
3908.6	0.000277818
3906.68	0.000199977
3904.75	0.000280603
3902.82	0.000303581
3900.89	0.000287765
3898.96	0.00030504
3897.04	0.000266579
3895.11	0.000257627
3893.18	0.000239261
3891.25	0.000334252
3889.32	0.000381507
3887.4	0.000284682
3885.47	0.000288892
3883.54	0.000284748
3881.61	0.000378556
3879.68	0.000472251
3877.76	0.00047391
3875.83	0.000459547
3873.9	0.000377727
3871.97	0.000280106
3870.04	0.00031512
3868.12	0.00031512
3866.19	0.000281631
3864.26	0.00031628
3862.33	0.000361278
3860.4	0.000432482
3858.48	0.000408669
3856.55	0.000274967
3854.62	0.000180916
3852.69	0.000174254
3850.76	0.000320193
3848.84	0.000531596
3846.91	0.000524829
3844.98	0.000391921
3843.05	0.000352026
3841.12	0.000310975
3839.2	0.000312334
3837.27	0.00039129
3835.34	0.000244233
3833.41	0.000253019
3831.48	0.000431023
3829.56	0.00045968
3827.63	0.000588561
3825.7	0.00062788
3823.77	0.000461637
3821.84	0.000340685
3819.92	0.000424621
3817.99	0.000560492
3816.06	0.000622471
3814.13	0.000580532
3812.2	0.000623301
3810.27	0.000569981
3808.35	0.000483728
3806.42	0.000626553
3804.49	0.000655953
3802.56	0.000582622
3800.64	0.000541483
3798.71	0.000597354
3796.78	0.000682667
3794.85	0.00065061
3792.92	0.000657247
3790.99	0.000620945
3789.07	0.000638996
3787.14	0.000755218
3785.21	0.000838205
3783.28	0.000884685
3781.35	0.000834918
3779.43	0.000840595
3777.5	0.000959295
3775.57	0.00091221
3773.64	0.000830569
3771.71	0.000772411
3769.79	0.000923101
3767.86	0.00105806
3765.93	0.000991839
3764	0.00101064
3762.07	0.00111364
3760.15	0.00109882
3758.22	0.00111327
3756.29	0.00116971
3754.36	0.00115785
3752.43	0.00115533
3750.51	0.00111799
3748.58	0.00114304
3746.65	0.00111759
3744.72	0.00126331
3742.79	0.00145523
3740.87	0.00147598
3738.94	0.0015073
3737.01	0.00148725
3735.08	0.00159093
3733.15	0.00179124
3731.23	0.0018292
3729.3	0.00179789
3727.37	0.0018131
3725.44	0.00189412
3723.51	0.00195759
3721.59	0.00204787
3719.66	0.00213829
3717.73	0.00229765
3715.8	0.00236871
3713.87	0.00239096
3711.95	0.0024582
3710.02	0.00248692
3708.09	0.00265585
3706.16	0.00275634
3704.23	0.0028233
3702.31	0.00294307
3700.38	0.00307236
3698.45	0.00319718
3696.52	0.00324401
3694.59	0.00326187
3692.67	0.00340284
3690.74	0.00345898
3688.81	0.00349472
3686.88	0.00370925
3684.95	0.00384745
3683.02	0.00393722
3681.1	0.00393087
3679.17	0.00398888
3677.24	0.00427482
3675.31	0.00456379
3673.38	0.00474766
3671.46	0.00496434
3669.53	0.00514861
3667.6	0.00524556
3665.67	0.00534886
3663.74	0.00559763
3661.82	0.00593985
3659.89	0.00610656
3657.96	0.00623699
3656.03	0.00653989
3654.1	0.00677982
3652.18	0.0068608
3650.25	0.00704352
3648.32	0.00739527
3646.39	0.00775537
3644.46	0.00809862
3642.54	0.00845264
3640.61	0.00873508
3638.68	0.00906306
3636.75	0.00944057
3634.82	0.00973062
3632.9	0.0099191
3630.97	0.0101552
3629.04	0.0106752
3627.11	0.0111395
3625.18	0.0114432
3623.26	0.0117348
3621.33	0.0121027
3619.4	0.0126316
3617.47	0.0132572
3615.54	0.0138207
3613.62	0.0142847
3611.69	0.0148281
3609.76	0.0156033
3607.83	0.0162727
3605.9	0.0168135
3603.98	0.0174423
3602.05	0.0181392
3600.12	0.0188715
3598.19	0.0195549
3596.26	0.0203684
3594.34	0.021312
3592.41	0.0222772
3590.48	0.0231815
3588.55	0.0240314
3586.62	0.0249552
3584.7	0.0259615
3582.77	0.0271146
3580.84	0.0284052
3578.91	0.0295668
3576.98	0.0307969
3575.05	0.0320596
3573.13	0.0333921
3571.2	0.0347289
3569.27	0.0360405
3567.34	0.0376339
3565.42	0.0393733
3563.49	0.0409177
3561.56	0.042588
3559.63	0.0443261
3557.7	0.0461662
3555.77	0.0480771
3553.85	0.0501762
3551.92	0.0522659
3549.99	0.0543258
3548.06	0.0565688
3546.13	0.0589781
3544.21	0.0614543
3542.28	0.063937
3540.35	0.0665365
3538.42	0.0691984
3536.49	0.0719531
3534.57	0.0748415
3532.64	0.0777953
3530.71	0.0808389
3528.78	0.0840634
3526.85	0.0875071
3524.93	0.0911254
3523	0.0947404
3521.07	0.0984994
3519.14	0.102652
3517.21	0.106868
3515.29	0.111269
3513.36	0.115856
3511.43	0.120604
3509.5	0.125701
3507.57	0.131079
3505.65	0.136468
3503.72	0.14215
3501.79	0.148206
3499.86	0.154579
3497.93	0.161289
3496.01	0.168013
3494.08	0.175167
3492.15	0.182724
3490.22	0.190326
3488.29	0.198204
3486.37	0.206722
3484.44	0.215433
3482.51	0.224411
3480.58	0.233762
3478.65	0.243385
3476.73	0.253319
3474.8	0.263531
3472.87	0.274065
3470.94	0.284924
3469.01	0.296027
3467.09	0.307323
3465.16	0.318792
3463.23	0.330609
3461.3	0.342641
3459.37	0.354882
3457.44	0.367232
3455.52	0.37953
3453.59	0.391642
3451.66	0.403444
3449.73	0.415132
3447.81	0.426413
3445.88	0.437119
3443.95	0.447161
3442.02	0.456139
3440.09	0.464039
3438.16	0.470894
3436.24	0.476545
3434.31	0.481009
3432.38	0.484289
3430.45	0.486174
3428.52	0.486944
3426.6	0.486668
3424.67	0.485212
3422.74	0.482791
3420.81	0.479827
3418.88	0.476427
3416.96	0.472376
3415.03	0.467835
3413.1	0.463144
3411.17	0.458759
3409.24	0.454609
3407.32	0.45081
3405.39	0.447477
3403.46	0.444018
3401.53	0.440669
3399.6	0.437544
3397.68	0.434539
3395.75	0.431488
3393.82	0.42863
3391.89	0.426076
3389.96	0.422945
3388.04	0.419963
3386.11	0.417665
3384.18	0.41537
3382.25	0.413054
3380.32	0.411387
3378.4	0.409716
3376.47	0.407802
3374.54	0.406276
3372.61	0.404736
3370.68	0.403174
3368.76	0.401848
3366.83	0.400539
3364.9	0.399133
3362.97	0.397841
3361.04	0.396682
3359.12	0.395649
3357.19	0.394839
3355.26	0.393574
3353.33	0.392313
3351.4	0.391539
3349.48	0.390956
3347.55	0.390592
3345.62	0.389877
3343.69	0.389054
3341.76	0.38846
3339.83	0.387768
3337.91	0.387293
3335.98	0.386897
3334.05	0.386328
3332.12	0.385496
3330.19	0.384715
3328.27	0.384081
3326.34	0.383324
3324.41	0.382299
3322.48	0.381175
3320.55	0.380405
3318.63	0.379367
3316.7	0.377804
3314.77	0.376265
3312.84	0.375079
3310.91	0.37382
3308.99	0.372103
3307.06	0.370225
3305.13	0.368449
3303.2	0.366503
3301.27	0.364571
3299.35	0.36285
3297.42	0.361099
3295.49	0.358937
3293.56	0.356609
3291.63	0.354487
3289.71	0.352547
3287.78	0.350539
3285.85	0.348553
3283.92	0.346974
3281.99	0.345286
3280.07	0.343383
3278.14	0.341584
3276.21	0.339591
3274.28	0.337709
3272.35	0.335812
3270.43	0.333642
3268.5	0.331636
3266.57	0.32999
3264.64	0.328282
3262.71	0.326654
3260.79	0.324801
3258.86	0.322743
3256.93	0.320903
3255	0.319016
3253.07	0.317244
3251.15	0.315465
3249.22	0.313531
3247.29	0.311759
3245.36	0.31035
3243.43	0.309405
3241.51	0.308847
3239.58	0.308556
3237.65	0.308461
3235.72	0.308791
3233.79	0.309796
3231.87	0.311523
3229.94	0.313857
3228.01	0.317407
3226.08	0.321895
3224.15	0.327301
3222.22	0.33376
3220.3	0.341668
3218.37	0.351151
3216.44	0.361793
3214.51	0.373565
3212.58	0.386119
3210.66	0.39916
3208.73	0.411679
3206.8	0.423146
3204.87	0.433355
3202.94	0.441979
3201.02	0.449668
3199.09	0.456181
3197.16	0.460949
3195.23	0.46488
3193.3	0.46794
3191.38	0.470216
3189.45	0.471681
3187.52	0.472775
3185.59	0.474014
3183.66	0.475071
3181.74	0.475405
3179.81	0.475314
3177.88	0.475248
3175.95	0.475159
3174.02	0.474844
3172.1	0.47434
3170.17	0.473849
3168.24	0.473537
3166.31	0.473506
3164.38	0.473256
3162.46	0.47295
3160.53	0.472626
3158.6	0.47261
3156.67	0.472599
3154.74	0.47283
3152.82	0.473158
3150.89	0.473647
3148.96	0.474741
3147.03	0.476142
3145.1	0.478004
3143.18	0.479814
3141.25	0.481692
3139.32	0.484078
3137.39	0.486585
3135.46	0.489374
3133.54	0.492439
3131.61	0.495558
3129.68	0.498573
3127.75	0.501731
3125.82	0.505341
3123.9	0.508766
3121.97	0.511516
3120.04	0.513922
3118.11	0.516206
3116.18	0.517611
3114.26	0.518578
3112.33	0.519217
3110.4	0.519014
3108.47	0.51716
3106.54	0.514129
3104.61	0.510255
3102.69	0.504865
3100.76	0.498477
3098.83	0.491211
3096.9	0.482713
3094.98	0.473071
3093.05	0.46261
3091.12	0.45147
3089.19	0.439714
3087.26	0.427099
3085.33	0.413742
3083.41	0.399923
3081.48	0.386111
3079.55	0.372297
3077.62	0.358338
3075.69	0.344393
3073.77	0.330551
3071.84	0.31694
3069.91	0.303639
3067.98	0.290699
3066.05	0.278204
3064.13	0.265822
3062.2	0.253469
3060.27	0.241554
3058.34	0.230041
3056.41	0.218972
3054.49	0.208464
3052.56	0.198041
3050.63	0.187767
3048.7	0.178027
3046.77	0.168804
3044.85	0.160035
3042.92	0.151836
3040.99	0.144021
3039.06	0.136692
3037.13	0.129943
3035.21	0.123429
3033.28	0.117415
3031.35	0.111955
3029.42	0.106853
3027.49	0.102111
3025.57	0.0978012
3023.64	0.0938548
3021.71	0.0902408
3019.78	0.0866826
3017.85	0.083342
3015.93	0.0805731
3014	0.078222
3012.07	0.075832
3010.14	0.0736939
3008.21	0.0716334
3006.29	0.0697962
3004.36	0.0681283
3002.43	0.0665435
3000.5	0.0650824
2998.57	0.0638113
2996.65	0.0625665
2994.72	0.0613962
2992.79	0.0603844
2990.86	0.0593213
2988.93	0.0583743
2987	0.0575262
2985.08	0.0568127
2983.15	0.0562686
2981.22	0.0554685
2979.29	0.0547452
2977.36	0.0543442
2975.44	0.0537512
2973.51	0.0531904
2971.58	0.0526382
2969.65	0.0521419
2967.72	0.0515577
2965.8	0.0513036
2963.87	0.0511628
2961.94	0.0507294
2960.01	0.0502941
2958.08	0.0501232
2956.16	0.0500552
2954.23	0.0498269
2952.3	0.0495816
2950.37	0.0492868
2948.44	0.0491169
2946.52	0.0489501
2944.59	0.0486539
2942.66	0.0483305
2940.73	0.048135
2938.8	0.0480208
2936.88	0.0479586
2934.95	0.0478165
2933.02	0.047543
2931.09	0.0473849
2929.16	0.0472957
2927.24	0.0471705
2925.31	0.0470601
2923.38	0.0468858
2921.45	0.0466047
2919.52	0.0464442
2917.6	0.0462975
2915.67	0.046274
2913.74	0.0461614
2911.81	0.0459224
2909.88	0.0457707
2907.96	0.0456324
2906.03	0.0455485
2904.1	0.0454959
2902.17	0.0453052
2900.24	0.0450021
2898.32	0.0447267
2896.39	0.0445569
2894.46	0.0445091
2892.53	0.0444268
2890.6	0.0440788
2888.68	0.0438052
2886.75	0.0436707
2884.82	0.0435092
2882.89	0.0431961
2880.96	0.042949
2879.04	0.0425806
2877.11	0.0422368
2875.18	0.0419969
2873.25	0.0417364
2871.32	0.0415018
2869.39	0.0412284
2867.47	0.0408686
2865.54	0.0405826
2863.61	0.0404851
2861.68	0.040361
2859.75	0.040149
2857.83	0.039752
2855.9	0.0392904
2853.97	0.0389804
2852.04	0.0387287
2850.11	0.0384014
2848.19	0.0379961
2846.26	0.0376579
2844.33	0.0375037
2842.4	0.0371816
2840.47	0.0367339
2838.55	0.0363902
2836.62	0.0361676
2834.69	0.0359768
2832.76	0.0357466
2830.83	0.0353132
2828.91	0.0348247
2826.98	0.0344567
2825.05	0.0341816
2823.12	0.0339398
2821.19	0.0336078
2819.27	0.033205
2817.34	0.0327873
2815.41	0.0324387
2813.48	0.032251
2811.55	0.0320527
2809.63	0.0315041
2807.7	0.0310992
2805.77	0.0309227
2803.84	0.030547
2801.91	0.0302434
2799.99	0.0299784
2798.06	0.0294479
2796.13	0.0291058
2794.2	0.0287093
2792.27	0.0282933
2790.35	0.0278633
2788.42	0.0276366
2786.49	0.0275174
2784.56	0.0271376
2782.63	0.0267654
2780.71	0.0263079
2778.78	0.025973
2776.85	0.0257061
2774.92	0.0254343
2772.99	0.025032
2771.06	0.0246542
2769.14	0.024223
2767.21	0.0239847
2765.28	0.023818
2763.35	0.0235458
2761.43	0.0232367
2759.5	0.0230357
2757.57	0.0226882
2755.64	0.0221477
2753.71	0.0220683
2751.78	0.021842
2749.86	0.0214305
2747.93	0.021323
2746	0.0210341
2744.07	0.0207931
2742.15	0.0207202
2740.22	0.020424
2738.29	0.0199892
2736.36	0.0196991
2734.43	0.0196598
2732.5	0.0192611
2730.58	0.0188656
2728.65	0.018759
2726.72	0.0185102
2724.79	0.018295
2722.86	0.0183139
2720.94	0.0181654
2719.01	0.0178709
2717.08	0.0176183
2715.15	0.0173612
2713.22	0.0170146
2711.3	0.0169316
2709.37	0.0168458
2707.44	0.016719
2705.51	0.0165961
2703.58	0.0164348
2701.66	0.0163555
2699.73	0.0161714
2697.8	0.0161235
2695.87	0.0160628
2693.94	0.0160739
2692.02	0.0161165
2690.09	0.0157016
2688.16	0.0154136
2686.23	0.0153714
2684.3	0.0154093
2682.38	0.0153386
2680.45	0.0150988
2678.52	0.0150375
2676.59	0.0152404
2674.66	0.0152474
2672.74	0.0149493
2670.81	0.0150372
2668.88	0.0150583
2666.95	0.0148757
2665.02	0.0148403
2663.1	0.0148326
2661.17	0.0146267
2659.24	0.0144503
2657.31	0.0144108
2655.38	0.014229
2653.46	0.0143726
2651.53	0.0147149
2649.6	0.0146636
2647.67	0.0143878
2645.74	0.0143337
2643.81	0.0143225
2641.89	0.0144223
2639.96	0.0145663
2638.03	0.0147162
2636.1	0.0146854
2634.17	0.0146625
2632.25	0.0145512
2630.32	0.0143869
2628.39	0.0144716
2626.46	0.0147025
2624.53	0.0144997
2622.61	0.0142823
2620.68	0.0144566
2618.75	0.0148053
2616.82	0.0149796
2614.89	0.0149002
2612.97	0.0147672
2611.04	0.0149741
2609.11	0.0148432
2607.18	0.0145946
2605.25	0.0147055
2603.33	0.0148111
2601.4	0.0146674
2599.47	0.0146927
2597.54	0.0149555
2595.61	0.0149781
2593.69	0.0148358
2591.76	0.0149793
2589.83	0.0152051
2587.9	0.0150901
2585.97	0.0149869
2584.05	0.0151596
2582.12	0.0153192
2580.19	0.0152612
2578.26	0.0154679
2576.33	0.0158422
2574.41	0.0156304
2572.48	0.0154489
2570.55	0.0157202
2568.62	0.0156928
2566.69	0.0156507
2564.77	0.0158674
2562.84	0.0159045
2560.91	0.0159124
2558.98	0.0162115
2557.05	0.0164449
2555.13	0.0166633
2553.2	0.0166629
2551.27	0.016507
2549.34	0.0167061
2547.41	0.0167603
2545.49	0.0165885
2543.56	0.0166669
2541.63	0.0169763
2539.7	0.0169942
2537.77	0.0167168
2535.85	0.016828
2533.92	0.0174138
2531.99	0.0175496
2530.06	0.017313
2528.13	0.0174147
2526.21	0.0174477
2524.28	0.0176689
2522.35	0.0180742
2520.42	0.0180432
2518.49	0.0175366
2516.56	0.0174939
2514.64	0.0177989
2512.71	0.0179964
2510.78	0.0181966
2508.85	0.0184369
2506.92	0.0186734
2505	0.0184694
2503.07	0.0182102
2501.14	0.0184105
2499.21	0.0188381
2497.28	0.0191632
2495.36	0.0192256
2493.43	0.0192113
2491.5	0.0189203
2489.57	0.0189584
2487.64	0.019011
2485.72	0.0191219
2483.79	0.0195139
2481.86	0.0196538
2479.93	0.0199639
2478	0.0199988
2476.08	0.0200083
2474.15	0.0203164
2472.22	0.020369
2470.29	0.0205174
2468.36	0.0206734
2466.44	0.0205968
2464.51	0.020394
2462.58	0.0205053
2460.65	0.0207026
2458.72	0.0207531
2456.8	0.020777
2454.87	0.0208536
2452.94	0.0210945
2451.01	0.0213839
2449.08	0.0218344
2447.16	0.0219365
2445.23	0.0215856
2443.3	0.0215475
2441.37	0.0219428
2439.44	0.0222322
2437.52	0.0218797
2435.59	0.022038
2433.66	0.022217
2431.73	0.0222271
2429.8	0.0225532
2427.88	0.0226538
2425.95	0.0225556
2424.02	0.0226758
2422.09	0.0230422
2420.16	0.0236116
2418.24	0.0239415
2416.31	0.0237535
2414.38	0.0237807
2412.45	0.0239877
2410.52	0.0241302
2408.6	0.0239084
2406.67	0.0239306
2404.74	0.0240909
2402.81	0.024415
2400.88	0.024598
2398.95	0.0247513
2397.03	0.024577
2395.1	0.0245301
2393.17	0.0251687
2391.24	0.0252785
2389.31	0.0250136
2387.39	0.0250814
2385.46	0.0255397
2383.53	0.0257145
2381.6	0.0255264
2379.67	0.0257112
2377.75	0.0261529
2375.82	0.0262802
2373.89	0.0267728
2371.96	0.0269266
2370.03	0.0267437
2368.11	0.0271555
2366.18	0.0273508
2364.25	0.0271586
2362.32	0.0273133
2360.39	0.0276556
2358.47	0.0278043
2356.54	0.028123
2354.61	0.0283061
2352.68	0.028818
2350.75	0.0290796
2348.83	0.0288508
2346.9	0.029042
2344.97	0.0295144
2343.04	0.0294143
2341.11	0.0296739
2339.19	0.0299618
2337.26	0.0295625
2335.33	0.0297201
2333.4	0.0304597
2331.47	0.0306059
2329.55	0.0308924
2327.62	0.0310894
2325.69	0.0306366
2323.76	0.0303224
2321.83	0.0308362
2319.91	0.0319969
2317.98	0.0321898
2316.05	0.0319565
2314.12	0.032193
2312.19	0.0322805
2310.27	0.0323059
2308.34	0.0319296
2306.41	0.0321562
2304.48	0.032787
2302.55	0.0331058
2300.63	0.0326862
2298.7	0.0326072
2296.77	0.0328039
2294.84	0.0333029
2292.91	0.0337784
2290.98	0.0336608
2289.06	0.0338736
2287.13	0.0343679
2285.2	0.0345355
2283.27	0.0344593
2281.35	0.0350277
2279.42	0.0354296
2277.49	0.0349177
2275.56	0.034367
2273.63	0.0344925
2271.7	0.0341409
2269.78	0.0345614
2267.85	0.0344183
2265.92	0.0338722
2263.99	0.034216
2262.06	0.0346994
2260.14	0.0344818
2258.21	0.0341779
2256.28	0.0342646
2254.35	0.0344891
2252.42	0.0346643
2250.5	0.0350371
2248.57	0.0353022
2246.64	0.0352249
2244.71	0.0345596
2242.78	0.034343
2240.86	0.0347399
2238.93	0.0340247
2237	0.0328736
2235.07	0.0328605
2233.14	0.0332324
2231.22	0.0329694
2229.29	0.0327039
2227.36	0.0329231
2225.43	0.0336849
2223.5	0.0336271
2221.58	0.0331131
2219.65	0.0324669
2217.72	0.0324291
2215.79	0.0322371
2213.86	0.0320397
2211.94	0.0320895
2210.01	0.0316623
2208.08	0.0305811
2206.15	0.0297768
2204.22	0.0294386
2202.3	0.0294353
2200.37	0.0295273
2198.44	0.0293364
2196.51	0.0291748
2194.58	0.0288061
2192.66	0.0286638
2190.73	0.0283305
2188.8	0.0281962
2186.87	0.0284686
2184.94	0.0279051
2183.02	0.0271715
2181.09	0.0271067
2179.16	0.027234
2177.23	0.0269364
2175.3	0.0259503
2173.38	0.0254323
2171.45	0.0261513
2169.52	0.0258257
2167.59	0.0247963
2165.66	0.0246732
2163.73	0.0248906
2161.81	0.0249052
2159.88	0.0245716
2157.95	0.0244249
2156.02	0.0244963
2154.09	0.0240347
2152.17	0.0234619
2150.24	0.0227081
2148.31	0.0218421
2146.38	0.0218494
2144.45	0.0224849
2142.53	0.0223912
2140.6	0.0214974
2138.67	0.021227
2136.74	0.0207139
2134.81	0.0210454
2132.89	0.0213895
2130.96	0.0205568
2129.03	0.0198405
2127.1	0.0206248
2125.17	0.0206032
2123.25	0.0199559
2121.32	0.0189552
2119.39	0.0182381
2117.46	0.0182433
2115.53	0.019253
2113.61	0.0196975
2111.68	0.0192596
2109.75	0.0188025
2107.82	0.0188843
2105.89	0.0185426
2103.97	0.0181859
2102.04	0.0176331
2100.11	0.0170997
2098.18	0.0170125
2096.25	0.0165532
2094.33	0.0161799
2092.4	0.0164869
2090.47	0.0164734
2088.54	0.0143238
2086.61	0.0143949
2084.69	0.0162262
2082.76	0.0171537
2080.83	0.0167014
2078.9	0.0153246
2076.97	0.0155343
2075.05	0.0171636
2073.12	0.0165256
2071.19	0.0128387
2069.26	0.0118707
2067.33	0.0136637
2065.41	0.0135656
2063.48	0.0120994
2061.55	0.0120169
2059.62	0.0129597
2057.69	0.0136705
2055.77	0.0137837
2053.84	0.0132175
2051.91	0.0125759
2049.98	0.011598
2048.05	0.00975692
2046.12	0.0109405
2044.2	0.0134037
2042.27	0.0126371
2040.34	0.0117034
2038.41	0.010159
2036.48	0.00917391
2034.56	0.0108069
2032.63	0.011261
2030.7	0.0118183
2028.77	0.0113345
2026.84	0.0097575
2024.92	0.0106288
2022.99	0.0114159
2021.06	0.0115872
2019.13	0.01224
2017.2	0.0117982
2015.28	0.0123296
2013.35	0.0118925
2011.42	0.0106087
2009.49	0.0115955
2007.56	0.0123087
2005.64	0.0118048
2003.71	0.00968248
2001.78	0.00857003
