mAHj0413.spa, Sat Oct 28 01:25:20 2006 (GMT-10:00)
7999.41	-0.0578273
7997.48	-0.0540162
7995.55	-0.0557345
7993.62	-0.0589349
7991.7	-0.0611509
7989.77	-0.0618897
7987.84	-0.0627864
7985.91	-0.0622265
7983.98	-0.0582995
7982.06	-0.0567114
7980.13	-0.0579181
7978.2	-0.0581895
7976.27	-0.0587658
7974.34	-0.0559907
7972.42	-0.0547171
7970.49	-0.0561592
7968.56	-0.0590392
7966.63	-0.0621198
7964.7	-0.0610542
7962.78	-0.0589002
7960.85	-0.0605499
7958.92	-0.059964
7956.99	-0.060568
7955.06	-0.0637827
7953.14	-0.0615243
7951.21	-0.0579017
7949.28	-0.0602831
7947.35	-0.0589706
7945.42	-0.0572208
7943.5	-0.0578628
7941.57	-0.0588371
7939.64	-0.0590221
7937.71	-0.0603509
7935.78	-0.061289
7933.86	-0.0584827
7931.93	-0.0572082
7930	-0.059653
7928.07	-0.0591891
7926.14	-0.0595804
7924.22	-0.0582101
7922.29	-0.0577009
7920.36	-0.0597856
7918.43	-0.0619545
7916.5	-0.0618283
7914.58	-0.0599895
7912.65	-0.0586783
7910.72	-0.0589549
7908.79	-0.0590699
7906.86	-0.0588163
7904.94	-0.0587718
7903.01	-0.0614884
7901.08	-0.0638595
7899.15	-0.0615805
7897.22	-0.0583846
7895.3	-0.058053
7893.37	-0.0576899
7891.44	-0.0603741
7889.51	-0.0624105
7887.58	-0.0608608
7885.66	-0.0604317
7883.73	-0.0590423
7881.8	-0.0578461
7879.87	-0.0587446
7877.94	-0.0591324
7876.02	-0.0584429
7874.09	-0.0589315
7872.16	-0.0615134
7870.23	-0.058403
7868.3	-0.0535962
7866.38	-0.0547334
7864.45	-0.0598046
7862.52	-0.0593515
7860.59	-0.0558787
7858.66	-0.0566258
7856.74	-0.0594736
7854.81	-0.0600158
7852.88	-0.0608117
7850.95	-0.0579236
7849.02	-0.0554973
7847.1	-0.0587497
7845.17	-0.0631706
7843.24	-0.0627437
7841.31	-0.0579742
7839.38	-0.0543783
7837.46	-0.0558698
7835.53	-0.0580366
7833.6	-0.0572632
7831.67	-0.057219
7829.74	-0.0564166
7827.82	-0.0570496
7825.89	-0.0568945
7823.96	-0.0556451
7822.03	-0.056453
7820.1	-0.0577872
7818.18	-0.0579516
7816.25	-0.0550808
7814.32	-0.0558374
7812.39	-0.0582532
7810.46	-0.0576619
7808.54	-0.0584279
7806.61	-0.0544967
7804.68	-0.0550047
7802.75	-0.0577258
7800.82	-0.0573056
7798.9	-0.0578485
7796.97	-0.0576577
7795.04	-0.0546148
7793.11	-0.0532178
7791.18	-0.0554761
7789.26	-0.0555287
7787.33	-0.0552829
7785.4	-0.0554842
7783.47	-0.0573278
7781.54	-0.0590729
7779.62	-0.0596496
7777.69	-0.0565457
7775.76	-0.0563263
7773.83	-0.0597957
7771.9	-0.0586358
7769.98	-0.0577503
7768.05	-0.0582795
7766.12	-0.0575966
7764.19	-0.0573116
7762.26	-0.0563389
7760.34	-0.0571613
7758.41	-0.0563093
7756.48	-0.0560777
7754.55	-0.0574452
7752.62	-0.0590307
7750.7	-0.0575863
7748.77	-0.0543514
7746.84	-0.0525639
7744.91	-0.0549226
7742.98	-0.0577371
7741.06	-0.0587371
7739.13	-0.0578068
7737.2	-0.0588794
7735.27	-0.0581296
7733.34	-0.0566361
7731.42	-0.0556085
7729.49	-0.0551358
7727.56	-0.0548034
7725.63	-0.0546936
7723.7	-0.0577999
7721.78	-0.0591366
7719.85	-0.0575435
7717.92	-0.0557368
7715.99	-0.0552012
7714.06	-0.0575827
7712.14	-0.0589495
7710.21	-0.0567305
7708.28	-0.0555673
7706.35	-0.0549053
7704.42	-0.0556081
7702.5	-0.0594967
7700.57	-0.0602303
7698.64	-0.0583877
7696.71	-0.0560977
7694.78	-0.0550495
7692.86	-0.0546882
7690.93	-0.0559527
7689	-0.0569464
7687.07	-0.0559574
7685.14	-0.056355
7683.22	-0.0558391
7681.29	-0.0542899
7679.36	-0.0558424
7677.43	-0.0572679
7675.5	-0.0567662
7673.58	-0.0574907
7671.65	-0.0575037
7669.72	-0.0564157
7667.79	-0.0552986
7665.86	-0.05672
7663.94	-0.0582451
7662.01	-0.056511
7660.08	-0.0558593
7658.15	-0.0549378
7656.22	-0.0557828
7654.29	-0.0587885
7652.37	-0.0575823
7650.44	-0.056524
7648.51	-0.0567364
7646.58	-0.0556153
7644.66	-0.0560047
7642.73	-0.0560363
7640.8	-0.0577605
7638.87	-0.0588226
7636.94	-0.0581228
7635.02	-0.0580421
7633.09	-0.0577525
7631.16	-0.0557522
7629.23	-0.0560509
7627.3	-0.056261
7625.38	-0.0555017
7623.45	-0.0568709
7621.52	-0.0563084
7619.59	-0.0549037
7617.66	-0.0569115
7615.73	-0.0581531
7613.81	-0.055957
7611.88	-0.0534307
7609.95	-0.053527
7608.02	-0.0548891
7606.09	-0.0574429
7604.17	-0.0581468
7602.24	-0.0580442
7600.31	-0.0573099
7598.38	-0.0574125
7596.46	-0.0556598
7594.53	-0.0542496
7592.6	-0.0560271
7590.67	-0.0575973
7588.74	-0.0552994
7586.81	-0.0528147
7584.89	-0.0529908
7582.96	-0.054072
7581.03	-0.0551567
7579.1	-0.0547296
7577.17	-0.0525265
7575.25	-0.0535592
7573.32	-0.0546077
7571.39	-0.0555772
7569.46	-0.0566254
7567.53	-0.0544775
7565.61	-0.0532404
7563.68	-0.0537268
7561.75	-0.0552653
7559.82	-0.0562959
7557.89	-0.0539034
7555.97	-0.0535966
7554.04	-0.054519
7552.11	-0.0546789
7550.18	-0.0543287
7548.25	-0.0552746
7546.33	-0.055514
7544.4	-0.054968
7542.47	-0.056622
7540.54	-0.0568756
7538.61	-0.0552845
7536.69	-0.0540141
7534.76	-0.0546302
7532.83	-0.0543649
7530.9	-0.0539724
7528.97	-0.0548026
7527.05	-0.0543338
7525.12	-0.0530621
7523.19	-0.053542
7521.26	-0.0536964
7519.33	-0.0550092
7517.41	-0.0553755
7515.48	-0.0535353
7513.55	-0.0536833
7511.62	-0.0549608
7509.69	-0.0536623
7507.77	-0.0538525
7505.84	-0.0555337
7503.91	-0.0548176
7501.98	-0.0530867
7500.05	-0.0520816
7498.13	-0.0542916
7496.2	-0.056537
7494.27	-0.0549968
7492.34	-0.0541939
7490.41	-0.055845
7488.49	-0.0561354
7486.56	-0.0553592
7484.63	-0.0550971
7482.7	-0.0551172
7480.77	-0.0548849
7478.85	-0.0523351
7476.92	-0.0521607
7474.99	-0.0542252
7473.06	-0.0558759
7471.13	-0.0556528
7469.21	-0.0530455
7467.28	-0.0518829
7465.35	-0.0529903
7463.42	-0.0545135
7461.49	-0.0548259
7459.57	-0.0537409
7457.64	-0.0522165
7455.71	-0.0525673
7453.78	-0.0536369
7451.85	-0.0538059
7449.93	-0.0546207
7448	-0.0539369
7446.07	-0.0539186
7444.14	-0.0535149
7442.21	-0.0544723
7440.29	-0.0549899
7438.36	-0.0546791
7436.43	-0.0531968
7434.5	-0.0515762
7432.57	-0.051619
7430.65	-0.0527741
7428.72	-0.0533611
7426.79	-0.0517091
7424.86	-0.0513457
7422.93	-0.053923
7421.01	-0.0540934
7419.08	-0.052244
7417.15	-0.0520202
7415.22	-0.052778
7413.29	-0.0516715
7411.37	-0.0496309
7409.44	-0.0496006
7407.51	-0.0515213
7405.58	-0.0528444
7403.65	-0.0536768
7401.73	-0.0538594
7399.8	-0.0543414
7397.87	-0.0521954
7395.94	-0.051942
7394.01	-0.0532261
7392.09	-0.0535553
7390.16	-0.0532025
7388.23	-0.05273
7386.3	-0.0536349
7384.37	-0.0534586
7382.45	-0.051946
7380.52	-0.0524977
7378.59	-0.054382
7376.66	-0.0533438
7374.73	-0.0500805
7372.81	-0.0500089
7370.88	-0.0511843
7368.95	-0.0510807
7367.02	-0.0503233
7365.09	-0.0523055
7363.17	-0.0538364
7361.24	-0.0540559
7359.31	-0.0529265
7357.38	-0.0523353
7355.45	-0.0528689
7353.53	-0.0541699
7351.6	-0.0530687
7349.67	-0.0504467
7347.74	-0.0503221
7345.81	-0.0518269
7343.89	-0.0517819
7341.96	-0.0510971
7340.03	-0.0519961
7338.1	-0.052729
7336.17	-0.0513863
7334.25	-0.0522026
7332.32	-0.051652
7330.39	-0.0517734
7328.46	-0.0539003
7326.53	-0.0539244
7324.61	-0.0525255
7322.68	-0.051281
7320.75	-0.0508275
7318.82	-0.0502999
7316.89	-0.0507546
7314.97	-0.0536659
7313.04	-0.0549094
7311.11	-0.0525153
7309.18	-0.0513794
7307.25	-0.0513612
7305.33	-0.0506826
7303.4	-0.0499228
7301.47	-0.0497043
7299.54	-0.0482656
7297.61	-0.0484291
7295.69	-0.0511717
7293.76	-0.052603
7291.83	-0.051564
7289.9	-0.0503258
7287.97	-0.0504721
7286.05	-0.051957
7284.12	-0.0526102
7282.19	-0.0546243
7280.26	-0.0541532
7278.33	-0.051156
7276.41	-0.0503914
7274.48	-0.0512557
7272.55	-0.0528355
7270.62	-0.0523713
7268.69	-0.050883
7266.77	-0.0516739
7264.84	-0.0516427
7262.91	-0.0502014
7260.98	-0.0495062
7259.05	-0.0486455
7257.13	-0.0489019
7255.2	-0.0497129
7253.27	-0.0503427
7251.34	-0.0502768
7249.41	-0.0504504
7247.49	-0.0500841
7245.56	-0.049635
7243.63	-0.0498153
7241.7	-0.0499993
7239.77	-0.0503169
7237.85	-0.0506804
7235.92	-0.0499789
7233.99	-0.0499032
7232.06	-0.0503246
7230.13	-0.0496982
7228.21	-0.0496246
7226.28	-0.0497726
7224.35	-0.0509506
7222.42	-0.0520018
7220.49	-0.0509201
7218.57	-0.0497827
7216.64	-0.0502823
7214.71	-0.0496109
7212.78	-0.0496842
7210.85	-0.0501349
7208.93	-0.048647
7207	-0.0481487
7205.07	-0.0490555
7203.14	-0.0494517
7201.21	-0.0495758
7199.29	-0.0502151
7197.36	-0.0503658
7195.43	-0.0495642
7193.5	-0.0494023
7191.57	-0.0499049
7189.65	-0.0498144
7187.72	-0.04867
7185.79	-0.0483025
7183.86	-0.0489064
7181.93	-0.0495128
7180	-0.0494369
7178.08	-0.0490081
7176.15	-0.0482516
7174.22	-0.0486839
7172.29	-0.049604
7170.37	-0.0497856
7168.44	-0.0498684
7166.51	-0.0483576
7164.58	-0.0470453
7162.65	-0.0477251
7160.73	-0.0474732
7158.8	-0.0467152
7156.87	-0.0466364
7154.94	-0.047583
7153.01	-0.0475252
7151.08	-0.0475579
7149.16	-0.0488505
7147.23	-0.0499637
7145.3	-0.0492036
7143.37	-0.0474376
7141.44	-0.0466722
7139.52	-0.0472676
7137.59	-0.0479403
7135.66	-0.0475381
7133.73	-0.0475426
7131.8	-0.04899
7129.88	-0.0482746
7127.95	-0.0477763
7126.02	-0.0481941
7124.09	-0.0478031
7122.17	-0.0478414
7120.24	-0.0494615
7118.31	-0.0503075
7116.38	-0.0490347
7114.45	-0.047658
7112.52	-0.0475119
7110.6	-0.0477097
7108.67	-0.0473655
7106.74	-0.0474541
7104.81	-0.0473025
7102.88	-0.0476159
7100.96	-0.0480462
7099.03	-0.048767
7097.1	-0.0486861
7095.17	-0.0476397
7093.24	-0.0476062
7091.32	-0.0482587
7089.39	-0.0484487
7087.46	-0.0480354
7085.53	-0.0481861
7083.6	-0.0477436
7081.68	-0.0475264
7079.75	-0.0476565
7077.82	-0.0468911
7075.89	-0.045696
7073.96	-0.0456908
7072.04	-0.0478937
7070.11	-0.0480644
7068.18	-0.0483535
7066.25	-0.0483933
7064.32	-0.0467371
7062.4	-0.0461285
7060.47	-0.0468602
7058.54	-0.0463546
7056.61	-0.0460848
7054.68	-0.0468605
7052.76	-0.0469037
7050.83	-0.0456233
7048.9	-0.0453174
7046.97	-0.0458841
7045.04	-0.0465518
7043.12	-0.0470205
7041.19	-0.0459282
7039.26	-0.0453144
7037.33	-0.0466038
7035.4	-0.0478093
7033.48	-0.0464218
7031.55	-0.0452016
7029.62	-0.0451817
7027.69	-0.0456008
7025.76	-0.046273
7023.84	-0.0463775
7021.91	-0.0451563
7019.98	-0.0437771
7018.05	-0.0448334
7016.12	-0.0466797
7014.2	-0.047409
7012.27	-0.047134
7010.34	-0.0462181
7008.41	-0.0452306
7006.48	-0.0447911
7004.56	-0.0440636
7002.63	-0.0434019
7000.7	-0.0440271
6998.77	-0.0449769
6996.84	-0.0452531
6994.92	-0.0450875
6992.99	-0.0453787
6991.06	-0.045394
6989.13	-0.0450681
6987.2	-0.0456676
6985.28	-0.0464827
6983.35	-0.0453589
6981.42	-0.0454234
6979.49	-0.0458645
6977.56	-0.0443659
6975.64	-0.0436779
6973.71	-0.0446558
6971.78	-0.046289
6969.85	-0.0455426
6967.92	-0.0442719
6966	-0.0447615
6964.07	-0.0446429
6962.14	-0.0453562
6960.21	-0.0456497
6958.28	-0.044887
6956.36	-0.0435729
6954.43	-0.0443817
6952.5	-0.0460392
6950.57	-0.0458123
6948.64	-0.0448884
6946.72	-0.0452148
6944.79	-0.0459376
6942.86	-0.0451995
6940.93	-0.0440963
6939	-0.0442294
6937.08	-0.0446662
6935.15	-0.0444858
6933.22	-0.0432391
6931.29	-0.0430451
6929.36	-0.0436502
6927.44	-0.0436324
6925.51	-0.0438395
6923.58	-0.0432702
6921.65	-0.0434447
6919.72	-0.0430936
6917.8	-0.042558
6915.87	-0.042525
6913.94	-0.0434578
6912.01	-0.0439698
6910.08	-0.0432884
6908.16	-0.0431551
6906.23	-0.0435613
6904.3	-0.0435307
6902.37	-0.0431875
6900.44	-0.0431728
6898.52	-0.0438531
6896.59	-0.043565
6894.66	-0.0432426
6892.73	-0.0434982
6890.8	-0.0433198
6888.88	-0.0432349
6886.95	-0.0432401
6885.02	-0.0441516
6883.09	-0.0445876
6881.16	-0.0438825
6879.24	-0.0436238
6877.31	-0.0437313
6875.38	-0.0434518
6873.45	-0.043441
6871.52	-0.043642
6869.6	-0.0430138
6867.67	-0.0425044
6865.74	-0.0430139
6863.81	-0.0422709
6861.88	-0.0422927
6859.96	-0.0433686
6858.03	-0.0432653
6856.1	-0.0435038
6854.17	-0.0437518
6852.24	-0.0433823
6850.32	-0.0429844
6848.39	-0.0421673
6846.46	-0.0414396
6844.53	-0.0417725
6842.6	-0.0431519
6840.68	-0.0432094
6838.75	-0.0416525
6836.82	-0.0419537
6834.89	-0.043253
6832.96	-0.0429715
6831.04	-0.0432051
6829.11	-0.0437115
6827.18	-0.0432054
6825.25	-0.0421345
6823.32	-0.0409846
6821.4	-0.0414089
6819.47	-0.0425933
6817.54	-0.042024
6815.61	-0.0419328
6813.68	-0.0416233
6811.76	-0.0403989
6809.83	-0.0411516
6807.9	-0.0425746
6805.97	-0.0431683
6804.04	-0.0419211
6802.12	-0.0411475
6800.19	-0.0407596
6798.26	-0.0407652
6796.33	-0.0413548
6794.4	-0.0414665
6792.48	-0.042089
6790.55	-0.0423368
6788.62	-0.0421738
6786.69	-0.0424995
6784.76	-0.0424335
6782.84	-0.0414631
6780.91	-0.0413467
6778.98	-0.0416273
6777.05	-0.0412195
6775.12	-0.0418391
6773.2	-0.0424374
6771.27	-0.0408011
6769.34	-0.0404912
6767.41	-0.0419713
6765.48	-0.0424778
6763.56	-0.0417424
6761.63	-0.0413778
6759.7	-0.0415484
6757.77	-0.0417246
6755.84	-0.0418403
6753.92	-0.0416928
6751.99	-0.0408414
6750.06	-0.0401702
6748.13	-0.0411829
6746.2	-0.0422686
6744.28	-0.0423396
6742.35	-0.0408113
6740.42	-0.0392978
6738.49	-0.0400891
6736.56	-0.0407674
6734.64	-0.0410978
6732.71	-0.0416976
6730.78	-0.0417061
6728.85	-0.0409525
6726.92	-0.0398563
6725	-0.0399001
6723.07	-0.0412603
6721.14	-0.0413088
6719.21	-0.0405014
6717.28	-0.0399141
6715.35	-0.040674
6713.43	-0.0415988
6711.5	-0.041415
6709.57	-0.0405934
6707.64	-0.0400766
6705.71	-0.0401835
6703.79	-0.0404198
6701.86	-0.0401638
6699.93	-0.0394702
6698	-0.0391397
6696.08	-0.0398751
6694.15	-0.0412829
6692.22	-0.0416452
6690.29	-0.0405218
6688.36	-0.0391828
6686.44	-0.0391661
6684.51	-0.040128
6682.58	-0.0411283
6680.65	-0.0410279
6678.72	-0.0404405
6676.79	-0.0407484
6674.87	-0.0405713
6672.94	-0.0394001
6671.01	-0.0389289
6669.08	-0.0387565
6667.15	-0.0388826
6665.23	-0.0390242
6663.3	-0.039173
6661.37	-0.0400319
6659.44	-0.0401219
6657.51	-0.0397235
6655.59	-0.0395743
6653.66	-0.0393181
6651.73	-0.0392469
6649.8	-0.039515
6647.88	-0.0395506
6645.95	-0.039108
6644.02	-0.0393788
6642.09	-0.0399281
6640.16	-0.0392615
6638.23	-0.0385065
6636.31	-0.0393019
6634.38	-0.0398168
6632.45	-0.0392617
6630.52	-0.0389626
6628.59	-0.0392433
6626.67	-0.0395321
6624.74	-0.0397769
6622.81	-0.0403373
6620.88	-0.0402817
6618.95	-0.0399421
6617.03	-0.0401614
6615.1	-0.0403653
6613.17	-0.0403029
6611.24	-0.0403289
6609.31	-0.0402928
6607.39	-0.0396212
6605.46	-0.0393573
6603.53	-0.0388776
6601.6	-0.0390543
6599.67	-0.0393721
6597.75	-0.0396287
6595.82	-0.0397542
6593.89	-0.0395312
6591.96	-0.0389913
6590.03	-0.0394409
6588.11	-0.0397365
6586.18	-0.039199
6584.25	-0.038796
6582.32	-0.0394892
6580.39	-0.039524
6578.47	-0.0391221
6576.54	-0.0390803
6574.61	-0.0388433
6572.68	-0.0390511
6570.75	-0.0391107
6568.83	-0.0384418
6566.9	-0.0385881
6564.97	-0.0389228
6563.04	-0.0385576
6561.11	-0.0378414
6559.19	-0.0375915
6557.26	-0.0382931
6555.33	-0.0384521
6553.4	-0.0389498
6551.47	-0.0396293
6549.55	-0.0402995
6547.62	-0.0398854
6545.69	-0.0392858
6543.76	-0.0386201
6541.83	-0.0380068
6539.91	-0.0388558
6537.98	-0.0400993
6536.05	-0.0402362
6534.12	-0.0389713
6532.19	-0.0379865
6530.27	-0.0376277
6528.34	-0.0385757
6526.41	-0.038615
6524.48	-0.0379501
6522.55	-0.0386164
6520.63	-0.0391459
6518.7	-0.0385031
6516.77	-0.0388502
6514.84	-0.0391124
6512.91	-0.0386031
6510.99	-0.0386926
6509.06	-0.0390233
6507.13	-0.03828
6505.2	-0.0377296
6503.27	-0.0376905
6501.35	-0.0380518
6499.42	-0.0391006
6497.49	-0.0396101
6495.56	-0.0387931
6493.63	-0.0376529
6491.71	-0.0369516
6489.78	-0.0375074
6487.85	-0.0375018
6485.92	-0.0378655
6483.99	-0.0384369
6482.07	-0.0389328
6480.14	-0.0380282
6478.21	-0.0371813
6476.28	-0.0378731
6474.35	-0.0382272
6472.43	-0.0375284
6470.5	-0.0372936
6468.57	-0.0382102
6466.64	-0.0381465
6464.71	-0.0370875
6462.79	-0.0374808
6460.86	-0.0382853
6458.93	-0.0384174
6457	-0.0387385
6455.07	-0.0382884
6453.15	-0.0375813
6451.22	-0.0372556
6449.29	-0.0370344
6447.36	-0.0371582
6445.43	-0.0374466
6443.51	-0.0375451
6441.58	-0.0378419
6439.65	-0.0384599
6437.72	-0.0383183
6435.79	-0.0382475
6433.87	-0.0381468
6431.94	-0.0380802
6430.01	-0.0378605
6428.08	-0.0373451
6426.15	-0.0374745
6424.23	-0.0379865
6422.3	-0.0376892
6420.37	-0.0375219
6418.44	-0.0373671
6416.51	-0.0376688
6414.59	-0.0375222
6412.66	-0.0372593
6410.73	-0.0373952
6408.8	-0.0376243
6406.87	-0.0374659
6404.95	-0.0372453
6403.02	-0.037378
6401.09	-0.037235
6399.16	-0.0372086
6397.23	-0.0371075
6395.31	-0.0369015
6393.38	-0.037494
6391.45	-0.0379944
6389.52	-0.0379003
6387.59	-0.0372255
6385.67	-0.0369919
6383.74	-0.0367897
6381.81	-0.0372294
6379.88	-0.0383521
6377.95	-0.038111
6376.03	-0.0377146
6374.1	-0.0377586
6372.17	-0.0372525
6370.24	-0.0371847
6368.31	-0.037651
6366.39	-0.037823
6364.46	-0.0374973
6362.53	-0.0373785
6360.6	-0.0368829
6358.67	-0.0365328
6356.75	-0.0365878
6354.82	-0.0371914
6352.89	-0.0377638
6350.96	-0.0377637
6349.03	-0.0376543
6347.11	-0.0372092
6345.18	-0.0364703
6343.25	-0.0362359
6341.32	-0.0365322
6339.39	-0.0364378
6337.47	-0.0361037
6335.54	-0.0358018
6333.61	-0.036527
6331.68	-0.0367766
6329.75	-0.0366541
6327.83	-0.036196
6325.9	-0.0362508
6323.97	-0.0370122
6322.04	-0.0378293
6320.11	-0.0376763
6318.19	-0.0369364
6316.26	-0.0360534
6314.33	-0.0363902
6312.4	-0.0368059
6310.47	-0.0363439
6308.55	-0.0359551
6306.62	-0.0362803
6304.69	-0.0366627
6302.76	-0.03625
6300.83	-0.0359984
6298.91	-0.0365581
6296.98	-0.0370047
6295.05	-0.037479
6293.12	-0.0365668
6291.19	-0.0359008
6289.27	-0.0363925
6287.34	-0.036334
6285.41	-0.0361951
6283.48	-0.0366064
6281.55	-0.0369744
6279.62	-0.0368636
6277.7	-0.0363817
6275.77	-0.0359132
6273.84	-0.0358821
6271.91	-0.0360191
6269.99	-0.0364113
6268.06	-0.0363658
6266.13	-0.0364505
6264.2	-0.0361205
6262.27	-0.0352667
6260.34	-0.0356423
6258.42	-0.0363648
6256.49	-0.0361567
6254.56	-0.0357087
6252.63	-0.0351444
6250.71	-0.0355665
6248.78	-0.0366997
6246.85	-0.0362357
6244.92	-0.0354694
6242.99	-0.0351333
6241.06	-0.0346167
6239.14	-0.0349623
6237.21	-0.0355051
6235.28	-0.0362074
6233.35	-0.0360317
6231.42	-0.0358581
6229.5	-0.0361024
6227.57	-0.0358154
6225.64	-0.0357249
6223.71	-0.0357062
6221.79	-0.0362194
6219.86	-0.0362793
6217.93	-0.0355595
6216	-0.0357136
6214.07	-0.0354608
6212.15	-0.0356674
6210.22	-0.0356807
6208.29	-0.0355448
6206.36	-0.0350101
6204.43	-0.0345118
6202.5	-0.0348385
6200.58	-0.0348535
6198.65	-0.034987
6196.72	-0.0351974
6194.79	-0.0347981
6192.86	-0.0349267
6190.94	-0.0352503
6189.01	-0.0350289
6187.08	-0.0345881
6185.15	-0.0345691
6183.22	-0.0347625
6181.3	-0.0347702
6179.37	-0.0342801
6177.44	-0.0341431
6175.51	-0.03475
6173.58	-0.0352943
6171.66	-0.0354093
6169.73	-0.0357709
6167.8	-0.0362415
6165.87	-0.0362987
6163.94	-0.0354848
6162.02	-0.0345704
6160.09	-0.0342523
6158.16	-0.0346233
6156.23	-0.0347685
6154.3	-0.0349525
6152.38	-0.0347963
6150.45	-0.0343914
6148.52	-0.0343812
6146.59	-0.0345036
6144.66	-0.0344932
6142.74	-0.0345187
6140.81	-0.034427
6138.88	-0.0344798
6136.95	-0.034461
6135.02	-0.0346758
6133.1	-0.0352386
6131.17	-0.0353392
6129.24	-0.0347904
6127.31	-0.0343773
6125.38	-0.0344601
6123.46	-0.0343988
6121.53	-0.0341465
6119.6	-0.0342114
6117.67	-0.0343318
6115.74	-0.0343458
6113.82	-0.033915
6111.89	-0.0333501
6109.96	-0.0334212
6108.03	-0.0342248
6106.1	-0.0348289
6104.18	-0.0349989
6102.25	-0.0347595
6100.32	-0.0342819
6098.39	-0.0336051
6096.46	-0.0335017
6094.54	-0.0340033
6092.61	-0.0337406
6090.68	-0.0330751
6088.75	-0.0333336
6086.82	-0.0336858
6084.9	-0.0342055
6082.97	-0.0345787
6081.04	-0.0345391
6079.11	-0.0341439
6077.18	-0.0339824
6075.26	-0.034184
6073.33	-0.0343591
6071.4	-0.0345744
6069.47	-0.0340835
6067.54	-0.0339577
6065.62	-0.0342064
6063.69	-0.0338999
6061.76	-0.033767
6059.83	-0.034241
6057.9	-0.0340487
6055.98	-0.0337072
6054.05	-0.0339641
6052.12	-0.0340144
6050.19	-0.0339093
6048.26	-0.0337089
6046.34	-0.0333431
6044.41	-0.03321
6042.48	-0.0334404
6040.55	-0.0335266
6038.62	-0.0337624
6036.7	-0.0339797
6034.77	-0.0331381
6032.84	-0.0327877
6030.91	-0.0335479
6028.98	-0.0341324
6027.06	-0.0337078
6025.13	-0.0332081
6023.2	-0.0332721
6021.27	-0.0329619
6019.34	-0.0327265
6017.42	-0.0327903
6015.49	-0.0333247
6013.56	-0.0335925
6011.63	-0.0333646
6009.7	-0.03309
6007.78	-0.0329573
6005.85	-0.0328157
6003.92	-0.0331263
6001.99	-0.033478
6000.06	-0.032938
5998.14	-0.0327148
5996.21	-0.0329876
5994.28	-0.033138
5992.35	-0.0331761
5990.42	-0.0330788
5988.5	-0.0330168
5986.57	-0.0329821
5984.64	-0.0326493
5982.71	-0.0327816
5980.78	-0.0331949
5978.86	-0.0330561
5976.93	-0.032335
5975	-0.0318818
5973.07	-0.0324331
5971.14	-0.0329041
5969.22	-0.0327469
5967.29	-0.0324798
5965.36	-0.0323809
5963.43	-0.0326006
5961.5	-0.0326469
5959.58	-0.0324665
5957.65	-0.0320396
5955.72	-0.0320082
5953.79	-0.0319349
5951.86	-0.0316062
5949.94	-0.0318319
5948.01	-0.0322493
5946.08	-0.0325471
5944.15	-0.0324847
5942.22	-0.0322058
5940.3	-0.0324976
5938.37	-0.03297
5936.44	-0.0326426
5934.51	-0.0321122
5932.58	-0.032117
5930.66	-0.0323487
5928.73	-0.0325587
5926.8	-0.0321153
5924.87	-0.0312139
5922.94	-0.0311226
5921.02	-0.0312348
5919.09	-0.0314956
5917.16	-0.0317933
5915.23	-0.0319433
5913.3	-0.032244
5911.38	-0.0320346
5909.45	-0.0313051
5907.52	-0.0312939
5905.59	-0.0318435
5903.66	-0.0319854
5901.74	-0.0319275
5899.81	-0.0320569
5897.88	-0.0322914
5895.95	-0.0321643
5894.02	-0.031864
5892.1	-0.0317069
5890.17	-0.0316394
5888.24	-0.0317086
5886.31	-0.0318797
5884.38	-0.0317675
5882.46	-0.0314964
5880.53	-0.0312491
5878.6	-0.031438
5876.67	-0.0317688
5874.74	-0.0317696
5872.82	-0.0317418
5870.89	-0.0317243
5868.96	-0.0315702
5867.03	-0.031602
5865.1	-0.0315925
5863.18	-0.0313388
5861.25	-0.0313959
5859.32	-0.0315686
5857.39	-0.0317203
5855.46	-0.0317903
5853.54	-0.0316004
5851.61	-0.0306158
5849.68	-0.0305848
5847.75	-0.0311874
5845.82	-0.0310636
5843.9	-0.0309301
5841.97	-0.0309579
5840.04	-0.0309671
5838.11	-0.0313645
5836.18	-0.0315136
5834.25	-0.0312725
5832.33	-0.0306833
5830.4	-0.0305123
5828.47	-0.0305926
5826.54	-0.0307222
5824.62	-0.0308223
5822.69	-0.0309339
5820.76	-0.03129
5818.83	-0.031072
5816.9	-0.0305825
5814.98	-0.0303519
5813.05	-0.0300506
5811.12	-0.0299716
5809.19	-0.0305879
5807.26	-0.0308615
5805.33	-0.0305407
5803.41	-0.0302526
5801.48	-0.0301733
5799.55	-0.0302433
5797.62	-0.0308438
5795.7	-0.0309592
5793.77	-0.0305333
5791.84	-0.0301611
5789.91	-0.0300152
5787.98	-0.0302057
5786.06	-0.0302201
5784.13	-0.0304693
5782.2	-0.0302779
5780.27	-0.0300925
5778.34	-0.0303118
5776.42	-0.0302006
5774.49	-0.030401
5772.56	-0.030404
5770.63	-0.0300942
5768.7	-0.0297946
5766.77	-0.0296583
5764.85	-0.0299181
5762.92	-0.0301368
5760.99	-0.0299929
5759.06	-0.0299695
5757.13	-0.0300475
5755.21	-0.0298459
5753.28	-0.0297723
5751.35	-0.0297121
5749.42	-0.0297879
5747.49	-0.0294167
5745.57	-0.0295203
5743.64	-0.0297382
5741.71	-0.0294354
5739.78	-0.0294912
5737.85	-0.0297041
5735.93	-0.0295953
5734	-0.02964
5732.07	-0.0297284
5730.14	-0.0301116
5728.21	-0.0300948
5726.29	-0.0298569
5724.36	-0.0298963
5722.43	-0.0296506
5720.5	-0.0295428
5718.57	-0.0297725
5716.65	-0.0296634
5714.72	-0.0295103
5712.79	-0.0297879
5710.86	-0.0294286
5708.93	-0.0288471
5707.01	-0.0289123
5705.08	-0.0293718
5703.15	-0.0298061
5701.22	-0.0298916
5699.29	-0.0293195
5697.37	-0.0289154
5695.44	-0.0292207
5693.51	-0.0291133
5691.58	-0.0286723
5689.65	-0.0288757
5687.73	-0.0291458
5685.8	-0.0291329
5683.87	-0.0290749
5681.94	-0.0291474
5680.01	-0.029398
5678.09	-0.0292206
5676.16	-0.0287757
5674.23	-0.0287468
5672.3	-0.0289543
5670.37	-0.0289128
5668.45	-0.0288356
5666.52	-0.028601
5664.59	-0.0288757
5662.66	-0.0287014
5660.73	-0.0284119
5658.81	-0.0284189
5656.88	-0.0281144
5654.95	-0.02812
5653.02	-0.0282368
5651.09	-0.0281623
5649.17	-0.0284757
5647.24	-0.0286352
5645.31	-0.0284461
5643.38	-0.0281216
5641.45	-0.028141
5639.53	-0.0287033
5637.6	-0.0288307
5635.67	-0.0286549
5633.74	-0.0283761
5631.81	-0.0281255
5629.89	-0.0282355
5627.96	-0.0286644
5626.03	-0.0287194
5624.1	-0.0282795
5622.17	-0.0283842
5620.25	-0.0284516
5618.32	-0.0281824
5616.39	-0.0281067
5614.46	-0.0284035
5612.53	-0.0284332
5610.61	-0.0283591
5608.68	-0.0283014
5606.75	-0.0282311
5604.82	-0.0279471
5602.89	-0.0277952
5600.97	-0.0279193
5599.04	-0.0279873
5597.11	-0.0280935
5595.18	-0.0282212
5593.25	-0.027993
5591.33	-0.027773
5589.4	-0.028142
5587.47	-0.0283468
5585.54	-0.0282643
5583.61	-0.0283951
5581.69	-0.0281773
5579.76	-0.02812
5577.83	-0.0278603
5575.9	-0.0276183
5573.97	-0.0274608
5572.05	-0.0275272
5570.12	-0.0277108
5568.19	-0.0276155
5566.26	-0.0276486
5564.33	-0.0273943
5562.41	-0.0270272
5560.48	-0.0268467
5558.55	-0.0270565
5556.62	-0.027327
5554.69	-0.0272729
5552.77	-0.0274652
5550.84	-0.0276458
5548.91	-0.027593
5546.98	-0.0277772
5545.05	-0.0277302
5543.13	-0.0273044
5541.2	-0.0269944
5539.27	-0.0269433
5537.34	-0.0269296
5535.41	-0.0271815
5533.49	-0.0273496
5531.56	-0.0271706
5529.63	-0.0270256
5527.7	-0.0270618
5525.77	-0.0270608
5523.85	-0.026995
5521.92	-0.0269719
5519.99	-0.0271127
5518.06	-0.0268752
5516.13	-0.0266985
5514.21	-0.0269839
5512.28	-0.0271417
5510.35	-0.0268666
5508.42	-0.0265311
5506.49	-0.0268505
5504.57	-0.0271501
5502.64	-0.0268595
5500.71	-0.0264183
5498.78	-0.0262842
5496.85	-0.0267458
5494.93	-0.0269761
5493	-0.0270085
5491.07	-0.0269755
5489.14	-0.0267761
5487.21	-0.0266452
5485.29	-0.0265737
5483.36	-0.0264806
5481.43	-0.0263587
5479.5	-0.0263736
5477.57	-0.0265562
5475.65	-0.026502
5473.72	-0.0264918
5471.79	-0.0263931
5469.86	-0.0265087
5467.93	-0.0267888
5466.01	-0.0266483
5464.08	-0.0265342
5462.15	-0.0263446
5460.22	-0.0262309
5458.29	-0.0263216
5456.37	-0.026342
5454.44	-0.0263327
5452.51	-0.0264949
5450.58	-0.0265525
5448.65	-0.0265699
5446.73	-0.0265408
5444.8	-0.0264421
5442.87	-0.0261166
5440.94	-0.0262783
5439.01	-0.0265352
5437.09	-0.0263607
5435.16	-0.0261555
5433.23	-0.0261924
5431.3	-0.0262
5429.37	-0.026194
5427.45	-0.0262859
5425.52	-0.0264557
5423.59	-0.0264672
5421.66	-0.0263852
5419.73	-0.0263435
5417.81	-0.0262063
5415.88	-0.0260448
5413.95	-0.0262081
5412.02	-0.0262035
5410.09	-0.0263339
5408.17	-0.0261565
5406.24	-0.0257626
5404.31	-0.0256523
5402.38	-0.0257185
5400.45	-0.0257583
5398.53	-0.0257819
5396.6	-0.0256067
5394.67	-0.0257352
5392.74	-0.025854
5390.81	-0.0256384
5388.88	-0.025436
5386.96	-0.0255893
5385.03	-0.0257303
5383.1	-0.0257343
5381.17	-0.0256515
5379.25	-0.025509
5377.32	-0.0255782
5375.39	-0.0255071
5373.46	-0.0252574
5371.53	-0.0250521
5369.6	-0.0251251
5367.68	-0.0252454
5365.75	-0.0252159
5363.82	-0.0251602
5361.89	-0.0250251
5359.96	-0.0247383
5358.04	-0.0247349
5356.11	-0.0250833
5354.18	-0.0252539
5352.25	-0.0251428
5350.33	-0.0249708
5348.4	-0.0252406
5346.47	-0.0253535
5344.54	-0.0252693
5342.61	-0.02516
5340.69	-0.0247076
5338.76	-0.0247195
5336.83	-0.024985
5334.9	-0.0250556
5332.97	-0.0249051
5331.04	-0.024923
5329.12	-0.0249411
5327.19	-0.0247724
5325.26	-0.024824
5323.33	-0.0248774
5321.4	-0.0246018
5319.48	-0.0245361
5317.55	-0.0245796
5315.62	-0.0243756
5313.69	-0.0242462
5311.76	-0.0244387
5309.84	-0.0245745
5307.91	-0.0244376
5305.98	-0.0243693
5304.05	-0.0241328
5302.12	-0.0239427
5300.2	-0.0240906
5298.27	-0.0241122
5296.34	-0.0239629
5294.41	-0.0240262
5292.48	-0.0239624
5290.56	-0.0238111
5288.63	-0.0237652
5286.7	-0.0236369
5284.77	-0.0235958
5282.84	-0.0234774
5280.92	-0.0232706
5278.99	-0.0230926
5277.06	-0.0230243
5275.13	-0.0227307
5273.21	-0.0226699
5271.28	-0.0229253
5269.35	-0.0231001
5267.42	-0.0231386
5265.49	-0.0231606
5263.56	-0.0228444
5261.64	-0.0225727
5259.71	-0.0224729
5257.78	-0.0223816
5255.85	-0.0224451
5253.92	-0.0224469
5252	-0.0221481
5250.07	-0.0221418
5248.14	-0.0224447
5246.21	-0.0225798
5244.28	-0.0219943
5242.36	-0.0214766
5240.43	-0.0215263
5238.5	-0.0214941
5236.57	-0.0216067
5234.64	-0.0215323
5232.72	-0.0213056
5230.79	-0.0210994
5228.86	-0.0210331
5226.93	-0.0210706
5225	-0.0211208
5223.08	-0.0211095
5221.15	-0.0209233
5219.22	-0.0208344
5217.29	-0.0206805
5215.36	-0.0202724
5213.44	-0.0199945
5211.51	-0.0202292
5209.58	-0.0204114
5207.65	-0.0200373
5205.72	-0.0199875
5203.8	-0.0200151
5201.87	-0.0197351
5199.94	-0.0195981
5198.01	-0.0191794
5196.08	-0.0189937
5194.16	-0.0191484
5192.23	-0.0189967
5190.3	-0.018698
5188.37	-0.0186686
5186.44	-0.0185887
5184.52	-0.0185748
5182.59	-0.0186061
5180.66	-0.0182381
5178.73	-0.0177743
5176.8	-0.0177776
5174.88	-0.0178917
5172.95	-0.0174261
5171.02	-0.0172254
5169.09	-0.0174002
5167.16	-0.0174709
5165.24	-0.0175393
5163.31	-0.0173223
5161.38	-0.0171348
5159.45	-0.0169502
5157.52	-0.0168944
5155.6	-0.0169159
5153.67	-0.0166513
5151.74	-0.0164689
5149.81	-0.0163592
5147.88	-0.0162632
5145.96	-0.0164018
5144.03	-0.0164302
5142.1	-0.0164378
5140.17	-0.0164598
5138.24	-0.0162771
5136.32	-0.015948
5134.39	-0.0157302
5132.46	-0.015724
5130.53	-0.0157377
5128.6	-0.0154833
5126.68	-0.0151043
5124.75	-0.0151092
5122.82	-0.0153994
5120.89	-0.0154887
5118.96	-0.0155348
5117.04	-0.0154186
5115.11	-0.0152913
5113.18	-0.0152532
5111.25	-0.015113
5109.32	-0.014934
5107.4	-0.0149052
5105.47	-0.0151408
5103.54	-0.0150909
5101.61	-0.014964
5099.68	-0.0151125
5097.76	-0.0152154
5095.83	-0.015072
5093.9	-0.0150447
5091.97	-0.0148917
5090.04	-0.0147438
5088.12	-0.0148195
5086.19	-0.0150583
5084.26	-0.0148968
5082.33	-0.0149034
5080.4	-0.0147514
5078.48	-0.0146167
5076.55	-0.014599
5074.62	-0.0145889
5072.69	-0.0146522
5070.76	-0.0145488
5068.84	-0.014439
5066.91	-0.0144085
5064.98	-0.014336
5063.05	-0.014323
5061.12	-0.0143858
5059.2	-0.0143451
5057.27	-0.0142722
5055.34	-0.0142043
5053.41	-0.0141036
5051.48	-0.0141954
5049.56	-0.014401
5047.63	-0.0143281
5045.7	-0.0142144
5043.77	-0.0141297
5041.84	-0.0141143
5039.92	-0.0140924
5037.99	-0.0140066
5036.06	-0.013913
5034.13	-0.0137249
5032.2	-0.0137185
5030.28	-0.0136649
5028.35	-0.0134967
5026.42	-0.0134028
5024.49	-0.0132302
5022.56	-0.0130131
5020.64	-0.0128085
5018.71	-0.0127285
5016.78	-0.0127254
5014.85	-0.0128218
5012.92	-0.0128154
5011	-0.0129156
5009.07	-0.0130552
5007.14	-0.013205
5005.21	-0.0133912
5003.28	-0.0136614
5001.36	-0.0135712
4999.43	-0.0135273
4997.5	-0.0137438
4995.57	-0.0138107
4993.64	-0.0140541
4991.72	-0.0142314
4989.79	-0.0142255
4987.86	-0.0142012
4985.93	-0.0145781
4984	-0.0147299
4982.08	-0.0144819
4980.15	-0.0145865
4978.22	-0.0146676
4976.29	-0.0144286
4974.36	-0.0144228
4972.44	-0.0146741
4970.51	-0.0147589
4968.58	-0.0144843
4966.65	-0.0145395
4964.72	-0.0148954
4962.8	-0.0149285
4960.87	-0.0146943
4958.94	-0.0145976
4957.01	-0.0147076
4955.08	-0.0146953
4953.16	-0.0150114
4951.23	-0.0153501
4949.3	-0.0149851
4947.37	-0.014808
4945.44	-0.0149288
4943.52	-0.0149746
4941.59	-0.0149786
4939.66	-0.0149516
4937.73	-0.0148391
4935.8	-0.0148333
4933.88	-0.0149839
4931.95	-0.0150447
4930.02	-0.0150293
4928.09	-0.0149833
4926.16	-0.0150925
4924.24	-0.0151369
4922.31	-0.0152023
4920.38	-0.0154179
4918.45	-0.0154442
4916.52	-0.0153771
4914.6	-0.0155176
4912.67	-0.0156508
4910.74	-0.0154759
4908.81	-0.0154634
4906.88	-0.0155963
4904.96	-0.0156135
4903.03	-0.0157764
4901.1	-0.0158259
4899.17	-0.0157152
4897.24	-0.0154353
4895.32	-0.0152154
4893.39	-0.0152666
4891.46	-0.015538
4889.53	-0.015679
4887.6	-0.0156993
4885.67	-0.0158875
4883.75	-0.0160196
4881.82	-0.0160433
4879.89	-0.0163182
4877.96	-0.0164004
4876.04	-0.0160369
4874.11	-0.0159082
4872.18	-0.0160568
4870.25	-0.0162769
4868.32	-0.0163321
4866.4	-0.0162496
4864.47	-0.0162155
4862.54	-0.0162211
4860.61	-0.0161183
4858.68	-0.0163296
4856.75	-0.016399
4854.83	-0.0162673
4852.9	-0.0163844
4850.97	-0.0164042
4849.04	-0.0165594
4847.12	-0.0166398
4845.19	-0.0167021
4843.26	-0.0168903
4841.33	-0.0167294
4839.4	-0.016619
4837.47	-0.0168088
4835.55	-0.0169857
4833.62	-0.0168631
4831.69	-0.0168222
4829.76	-0.0169506
4827.83	-0.0169921
4825.91	-0.0169587
4823.98	-0.016999
4822.05	-0.0170525
4820.12	-0.017042
4818.19	-0.0170391
4816.27	-0.0169937
4814.34	-0.0169468
4812.41	-0.0170726
4810.48	-0.0171534
4808.55	-0.0170221
4806.63	-0.0169936
4804.7	-0.0171932
4802.77	-0.0175096
4800.84	-0.0174107
4798.91	-0.017303
4796.99	-0.0175418
4795.06	-0.0174981
4793.13	-0.0173357
4791.2	-0.0174029
4789.27	-0.0175231
4787.35	-0.0175263
4785.42	-0.0175582
4783.49	-0.0175573
4781.56	-0.0174882
4779.63	-0.0173856
4777.71	-0.0174553
4775.78	-0.0175098
4773.85	-0.0176761
4771.92	-0.0177153
4769.99	-0.0177506
4768.07	-0.0176652
4766.14	-0.0175443
4764.21	-0.0175975
4762.28	-0.0178907
4760.35	-0.0180327
4758.43	-0.0178924
4756.5	-0.0178569
4754.57	-0.0180264
4752.64	-0.0179935
4750.71	-0.0180423
4748.79	-0.018163
4746.86	-0.0182078
4744.93	-0.0182297
4743	-0.0183323
4741.07	-0.0182683
4739.15	-0.0182143
4737.22	-0.0183951
4735.29	-0.0185067
4733.36	-0.0185409
4731.43	-0.0184691
4729.51	-0.0183939
4727.58	-0.0182965
4725.65	-0.0182347
4723.72	-0.0182403
4721.79	-0.0184551
4719.87	-0.0184052
4717.94	-0.0183267
4716.01	-0.0184152
4714.08	-0.018437
4712.15	-0.0184344
4710.23	-0.0184516
4708.3	-0.0184179
4706.37	-0.0183999
4704.44	-0.0185813
4702.51	-0.018712
4700.59	-0.0185678
4698.66	-0.0183776
4696.73	-0.0183663
4694.8	-0.0182057
4692.87	-0.0180792
4690.95	-0.0181454
4689.02	-0.0183117
4687.09	-0.018541
4685.16	-0.0187425
4683.23	-0.0186039
4681.31	-0.0184007
4679.38	-0.0184355
4677.45	-0.0184406
4675.52	-0.0182445
4673.59	-0.0182332
4671.67	-0.0183451
4669.74	-0.018436
4667.81	-0.0185085
4665.88	-0.0184661
4663.95	-0.0185538
4662.03	-0.0187298
4660.1	-0.0186295
4658.17	-0.0184091
4656.24	-0.0184613
4654.31	-0.0185121
4652.39	-0.018558
4650.46	-0.0187746
4648.53	-0.0187701
4646.6	-0.0185562
4644.67	-0.0184759
4642.75	-0.0185328
4640.82	-0.0183776
4638.89	-0.018274
4636.96	-0.0184348
4635.03	-0.0184809
4633.11	-0.0183323
4631.18	-0.01826
4629.25	-0.0182438
4627.32	-0.0184756
4625.39	-0.0187318
4623.47	-0.0186946
4621.54	-0.0187395
4619.61	-0.0186335
4617.68	-0.0185397
4615.75	-0.0185
4613.83	-0.0185961
4611.9	-0.0187717
4609.97	-0.0186441
4608.04	-0.0183324
4606.11	-0.0183782
4604.19	-0.0184054
4602.26	-0.0182763
4600.33	-0.0183323
4598.4	-0.0183641
4596.47	-0.0183191
4594.55	-0.0185052
4592.62	-0.0186011
4590.69	-0.0185994
4588.76	-0.0185237
4586.83	-0.0184289
4584.91	-0.018262
4582.98	-0.018147
4581.05	-0.0182552
4579.12	-0.0182769
4577.19	-0.018256
4575.27	-0.0181892
4573.34	-0.0180617
4571.41	-0.0181371
4569.48	-0.0182227
4567.55	-0.0182063
4565.63	-0.0180279
4563.7	-0.0179671
4561.77	-0.0180092
4559.84	-0.0177741
4557.91	-0.0177481
4555.99	-0.0177048
4554.06	-0.0177282
4552.13	-0.0178293
4550.2	-0.0177879
4548.27	-0.0177982
4546.35	-0.0178153
4544.42	-0.017738
4542.49	-0.0177021
4540.56	-0.0176049
4538.63	-0.0175711
4536.71	-0.0175318
4534.78	-0.0174339
4532.85	-0.0174058
4530.92	-0.0174508
4528.99	-0.0174282
4527.07	-0.0172595
4525.14	-0.017283
4523.21	-0.0173992
4521.28	-0.017403
4519.35	-0.0174008
4517.43	-0.017341
4515.5	-0.0171901
4513.57	-0.0173802
4511.64	-0.0175948
4509.71	-0.0175953
4507.79	-0.0176086
4505.86	-0.0175154
4503.93	-0.0176582
4502	-0.0175984
4500.07	-0.017573
4498.15	-0.0177727
4496.22	-0.0178002
4494.29	-0.0177628
4492.36	-0.0178996
4490.43	-0.0180293
4488.51	-0.0178257
4486.58	-0.0175651
4484.65	-0.0176563
4482.72	-0.0179385
4480.79	-0.0179686
4478.87	-0.0178971
4476.94	-0.0179792
4475.01	-0.0179712
4473.08	-0.0178221
4471.15	-0.0177629
4469.23	-0.017974
4467.3	-0.0179205
4465.37	-0.0177407
4463.44	-0.0178008
4461.51	-0.0179736
4459.58	-0.0181463
4457.66	-0.018057
4455.73	-0.0178561
4453.8	-0.0178038
4451.87	-0.0177701
4449.95	-0.017709
4448.02	-0.0177317
4446.09	-0.0178634
4444.16	-0.0178747
4442.23	-0.017846
4440.3	-0.0176227
4438.38	-0.0176541
4436.45	-0.0177103
4434.52	-0.0176893
4432.59	-0.017693
4430.67	-0.0177887
4428.74	-0.0177891
4426.81	-0.0175533
4424.88	-0.0175359
4422.95	-0.0176774
4421.02	-0.0177223
4419.1	-0.0176285
4417.17	-0.0176044
4415.24	-0.0175919
4413.31	-0.0176161
4411.38	-0.0176857
4409.46	-0.0176425
4407.53	-0.0175967
4405.6	-0.0174724
4403.67	-0.0173062
4401.75	-0.0172376
4399.82	-0.0174269
4397.89	-0.0176835
4395.96	-0.0176817
4394.03	-0.0175472
4392.1	-0.017389
4390.18	-0.0173278
4388.25	-0.0173449
4386.32	-0.0173136
4384.39	-0.0171959
4382.46	-0.0172524
4380.54	-0.0172293
4378.61	-0.0173509
4376.68	-0.0175328
4374.75	-0.0175666
4372.82	-0.0174777
4370.9	-0.0173288
4368.97	-0.0171246
4367.04	-0.0170248
4365.11	-0.0170679
4363.18	-0.0169131
4361.26	-0.0168823
4359.33	-0.0171229
4357.4	-0.0172615
4355.47	-0.0172397
4353.54	-0.0170756
4351.62	-0.0169094
4349.69	-0.016917
4347.76	-0.0169502
4345.83	-0.0169478
4343.9	-0.0170021
4341.98	-0.0170474
4340.05	-0.0169401
4338.12	-0.0168599
4336.19	-0.0170208
4334.26	-0.0170339
4332.34	-0.0170014
4330.41	-0.0170481
4328.48	-0.0169449
4326.55	-0.0169371
4324.62	-0.0169979
4322.7	-0.0169624
4320.77	-0.0168746
4318.84	-0.0168235
4316.91	-0.016732
4314.98	-0.0166797
4313.06	-0.0167993
4311.13	-0.0170261
4309.2	-0.0168617
4307.27	-0.0165591
4305.34	-0.0164538
4303.42	-0.0163619
4301.49	-0.01652
4299.56	-0.0167423
4297.63	-0.0166705
4295.7	-0.0165167
4293.78	-0.0164587
4291.85	-0.0163901
4289.92	-0.0164546
4287.99	-0.0165874
4286.06	-0.0165162
4284.14	-0.0162182
4282.21	-0.0161577
4280.28	-0.0163898
4278.35	-0.0163224
4276.42	-0.0162661
4274.5	-0.0163561
4272.57	-0.0161831
4270.64	-0.0160162
4268.71	-0.0158973
4266.78	-0.0160381
4264.86	-0.0162015
4262.93	-0.0161448
4261	-0.0160745
4259.07	-0.0159557
4257.14	-0.0159148
4255.22	-0.0158578
4253.29	-0.0157147
4251.36	-0.0157523
4249.43	-0.0159511
4247.5	-0.0160043
4245.58	-0.0158323
4243.65	-0.0157033
4241.72	-0.0157713
4239.79	-0.0159175
4237.86	-0.0160028
4235.94	-0.0158843
4234.01	-0.0157014
4232.08	-0.0156683
4230.15	-0.0157307
4228.22	-0.0157593
4226.3	-0.0157818
4224.37	-0.0156744
4222.44	-0.0155349
4220.51	-0.0155898
4218.58	-0.0155734
4216.66	-0.0156387
4214.73	-0.0156513
4212.8	-0.0155816
4210.87	-0.0154464
4208.94	-0.0154078
4207.02	-0.0155046
4205.09	-0.0154419
4203.16	-0.0154929
4201.23	-0.0156279
4199.3	-0.015568
4197.38	-0.0153589
4195.45	-0.015214
4193.52	-0.0153104
4191.59	-0.0154243
4189.66	-0.0153217
4187.74	-0.0152385
4185.81	-0.0152751
4183.88	-0.0152978
4181.95	-0.0153254
4180.02	-0.0153081
4178.1	-0.0152572
4176.17	-0.0151977
4174.24	-0.0151397
4172.31	-0.0151188
4170.38	-0.0150671
4168.46	-0.0150701
4166.53	-0.0151187
4164.6	-0.0152232
4162.67	-0.0151104
4160.74	-0.0149674
4158.82	-0.0149678
4156.89	-0.0148804
4154.96	-0.014851
4153.03	-0.0148601
4151.1	-0.0148145
4149.18	-0.0149437
4147.25	-0.0150004
4145.32	-0.0148014
4143.39	-0.0146318
4141.46	-0.0146459
4139.54	-0.0146082
4137.61	-0.0145556
4135.68	-0.0146229
4133.75	-0.0145697
4131.82	-0.0146624
4129.9	-0.0146378
4127.97	-0.0146357
4126.04	-0.0148732
4124.11	-0.0148596
4122.18	-0.014652
4120.26	-0.0144856
4118.33	-0.0144113
4116.4	-0.0144755
4114.47	-0.0146232
4112.54	-0.0145604
4110.62	-0.0145784
4108.69	-0.0147016
4106.76	-0.0146383
4104.83	-0.014601
4102.9	-0.01462
4100.98	-0.0146342
4099.05	-0.0145592
4097.12	-0.0144234
4095.19	-0.0143355
4093.26	-0.014221
4091.34	-0.0141718
4089.41	-0.0141616
4087.48	-0.0140711
4085.55	-0.0140654
4083.62	-0.0140802
4081.7	-0.0141168
4079.77	-0.0142138
4077.84	-0.0142347
4075.91	-0.0142465
4073.98	-0.014337
4072.06	-0.0142509
4070.13	-0.0140264
4068.2	-0.0139228
4066.27	-0.0139106
4064.34	-0.0139719
4062.42	-0.0141095
4060.49	-0.0139313
4058.56	-0.0139714
4056.63	-0.0139066
4054.7	-0.0138292
4052.78	-0.0140247
4050.85	-0.0138855
4048.92	-0.0138716
4046.99	-0.0139368
4045.06	-0.0138307
4043.14	-0.0137069
4041.21	-0.0136842
4039.28	-0.013676
4037.35	-0.0136023
4035.42	-0.0137085
4033.5	-0.0137674
4031.57	-0.0136266
4029.64	-0.013556
4027.71	-0.0135352
4025.78	-0.0135912
4023.86	-0.0136864
4021.93	-0.0136135
4020	-0.0134337
4018.07	-0.0134941
4016.14	-0.0136163
4014.22	-0.0135134
4012.29	-0.0134164
4010.36	-0.0134454
4008.43	-0.0134565
4006.5	-0.0135657
4004.58	-0.0135585
4002.65	-0.0134566
4000.72	-0.0134429
3998.79	-0.0134171
3996.86	-0.01351
3994.94	-0.0134501
3993.01	-0.0134001
3991.08	-0.0134132
3989.15	-0.0133525
3987.22	-0.0134206
3985.29	-0.013486
3983.37	-0.01332
3981.44	-0.0131841
3979.51	-0.0133256
3977.58	-0.01335
3975.66	-0.0133505
3973.73	-0.0133443
3971.8	-0.0132784
3969.87	-0.0131836
3967.94	-0.0131302
3966.01	-0.0132301
3964.09	-0.0132833
3962.16	-0.0132161
3960.23	-0.0133188
3958.3	-0.013373
3956.38	-0.0133627
3954.45	-0.0133767
3952.52	-0.0133386
3950.59	-0.013189
3948.66	-0.0131841
3946.73	-0.0131915
3944.81	-0.013177
3942.88	-0.0132303
3940.95	-0.0132611
3939.02	-0.0132421
3937.09	-0.0131906
3935.17	-0.0132275
3933.24	-0.013221
3931.31	-0.0132607
3929.38	-0.0131291
3927.45	-0.0129515
3925.53	-0.0130583
3923.6	-0.013128
3921.67	-0.0131335
3919.74	-0.0132397
3917.81	-0.0132297
3915.89	-0.0131346
3913.96	-0.0131808
3912.03	-0.013227
3910.1	-0.0132074
3908.17	-0.013056
3906.25	-0.012942
3904.32	-0.0129486
3902.39	-0.0129956
3900.46	-0.0130672
3898.53	-0.013055
3896.61	-0.0130057
3894.68	-0.0130548
3892.75	-0.0129823
3890.82	-0.012982
3888.89	-0.0129907
3886.97	-0.0130365
3885.04	-0.0129791
3883.11	-0.0129536
3881.18	-0.0130458
3879.25	-0.0130582
3877.33	-0.0130458
3875.4	-0.0129443
3873.47	-0.0128588
3871.54	-0.0128282
3869.61	-0.0128246
3867.69	-0.0127648
3865.76	-0.0128168
3863.83	-0.0128963
3861.9	-0.012811
3859.97	-0.0126365
3858.05	-0.0125414
3856.12	-0.0125531
3854.19	-0.0126394
3852.26	-0.0125473
3850.33	-0.0125489
3848.41	-0.0127589
3846.48	-0.0127435
3844.55	-0.0125266
3842.62	-0.0124869
3840.69	-0.0125106
3838.77	-0.0124424
3836.84	-0.012412
3834.91	-0.0123981
3832.98	-0.0123673
3831.05	-0.0122803
3829.13	-0.0121796
3827.2	-0.0121824
3825.27	-0.0122559
3823.34	-0.012192
3821.41	-0.0120949
3819.49	-0.0121456
3817.56	-0.0121901
3815.63	-0.0121432
3813.7	-0.0121
3811.77	-0.0120829
3809.85	-0.0120855
3807.92	-0.011974
3805.99	-0.0119658
3804.06	-0.0119097
3802.13	-0.0118513
3800.21	-0.0117644
3798.28	-0.0115699
3796.35	-0.011591
3794.42	-0.0115933
3792.49	-0.0114806
3790.57	-0.0114948
3788.64	-0.0114933
3786.71	-0.0114499
3784.78	-0.0113411
3782.85	-0.0112635
3780.93	-0.011295
3779	-0.0111176
3777.07	-0.0110212
3775.14	-0.010995
3773.21	-0.01086
3771.29	-0.0107509
3769.36	-0.0107568
3767.43	-0.0108639
3765.5	-0.010825
3763.57	-0.010754
3761.65	-0.0106797
3759.72	-0.0104446
3757.79	-0.0104296
3755.86	-0.0104593
3753.93	-0.0103521
3752.01	-0.0101886
3750.08	-0.0101971
3748.15	-0.0102133
3746.22	-0.0101799
3744.29	-0.0101794
3742.37	-0.0101834
3740.44	-0.0101782
3738.51	-0.0101752
3736.58	-0.0102436
3734.65	-0.0101859
3732.73	-0.0101053
3730.8	-0.0101621
3728.87	-0.0100663
3726.94	-0.00991186
3725.01	-0.00983545
3723.09	-0.0097577
3721.16	-0.00960855
3719.23	-0.00931722
3717.3	-0.00904193
3715.37	-0.00892204
3713.45	-0.00879046
3711.52	-0.00879549
3709.59	-0.00877286
3707.66	-0.0085529
3705.73	-0.00830674
3703.81	-0.00803217
3701.88	-0.00783488
3699.95	-0.00774874
3698.02	-0.00759769
3696.09	-0.0073645
3694.17	-0.00704835
3692.24	-0.00683614
3690.31	-0.00656361
3688.38	-0.00624038
3686.45	-0.0059193
3684.53	-0.00553739
3682.6	-0.00516776
3680.67	-0.00472454
3678.74	-0.00421694
3676.81	-0.00364123
3674.89	-0.00299691
3672.96	-0.00249135
3671.03	-0.00206569
3669.1	-0.00139419
3667.17	-0.000595474
3665.25	6.64388e-05
3663.32	0.000781971
3661.39	0.00151059
3659.46	0.00218245
3657.53	0.00309412
3655.61	0.00407302
3653.68	0.00493317
3651.75	0.00579305
3649.82	0.00665396
3647.89	0.00773223
3645.97	0.00865642
3644.04	0.00953251
3642.11	0.0106888
3640.18	0.011909
3638.25	0.0131006
3636.33	0.0143504
3634.4	0.0157722
3632.47	0.0172331
3630.54	0.0186929
3628.61	0.0200978
3626.69	0.0217327
3624.76	0.0234616
3622.83	0.0252429
3620.9	0.0269632
3618.97	0.0286345
3617.05	0.030346
3615.12	0.0322596
3613.19	0.0344774
3611.26	0.0368455
3609.33	0.0392553
3607.41	0.0416041
3605.48	0.0439359
3603.55	0.046351
3601.62	0.0490249
3599.69	0.0518792
3597.77	0.054705
3595.84	0.0575954
3593.91	0.0607804
3591.98	0.064137
3590.05	0.0675322
3588.12	0.0709562
3586.2	0.074638
3584.27	0.0784018
3582.34	0.0821827
3580.41	0.0861813
3578.49	0.0905036
3576.56	0.0948619
3574.63	0.0991786
3572.7	0.10396
3570.77	0.108989
3568.85	0.113903
3566.92	0.118875
3564.99	0.124278
3563.06	0.129982
3561.13	0.135786
3559.21	0.141606
3557.28	0.147615
3555.35	0.153898
3553.42	0.160415
3551.49	0.167072
3549.56	0.173747
3547.64	0.180541
3545.71	0.187486
3543.78	0.194574
3541.85	0.20187
3539.93	0.209327
3538	0.216903
3536.07	0.224296
3534.14	0.231551
3532.21	0.239065
3530.28	0.246743
3528.36	0.254262
3526.43	0.261521
3524.5	0.268793
3522.57	0.275866
3520.65	0.282703
3518.72	0.289598
3516.79	0.296401
3514.86	0.302963
3512.93	0.309234
3511	0.315147
3509.08	0.321002
3507.15	0.326469
3505.22	0.331541
3503.29	0.336418
3501.37	0.34082
3499.44	0.345016
3497.51	0.348791
3495.58	0.352511
3493.65	0.355941
3491.72	0.358875
3489.8	0.361749
3487.87	0.364296
3485.94	0.366543
3484.01	0.368462
3482.08	0.370085
3480.16	0.371551
3478.23	0.372735
3476.3	0.373638
3474.37	0.374375
3472.44	0.375099
3470.52	0.375567
3468.59	0.375663
3466.66	0.375617
3464.73	0.375668
3462.81	0.375613
3460.88	0.375442
3458.95	0.37535
3457.02	0.374974
3455.09	0.374509
3453.16	0.374028
3451.24	0.37333
3449.31	0.372496
3447.38	0.371947
3445.45	0.371524
3443.52	0.370701
3441.6	0.369832
3439.67	0.369121
3437.74	0.368513
3435.81	0.3677
3433.88	0.366944
3431.96	0.366264
3430.03	0.365664
3428.1	0.364779
3426.17	0.363827
3424.24	0.363053
3422.32	0.3624
3420.39	0.361519
3418.46	0.360493
3416.53	0.359431
3414.6	0.358373
3412.68	0.357422
3410.75	0.356392
3408.82	0.355319
3406.89	0.354455
3404.96	0.353751
3403.04	0.352968
3401.11	0.352106
3399.18	0.351407
3397.25	0.350815
3395.32	0.35009
3393.4	0.349431
3391.47	0.348981
3389.54	0.348696
3387.61	0.348361
3385.68	0.347602
3383.76	0.347202
3381.83	0.347084
3379.9	0.346729
3377.97	0.346264
3376.04	0.346016
3374.12	0.345838
3372.19	0.345771
3370.26	0.345552
3368.33	0.345029
3366.4	0.344844
3364.48	0.344849
3362.55	0.344873
3360.62	0.345037
3358.69	0.345183
3356.76	0.345166
3354.84	0.344962
3352.91	0.345106
3350.98	0.345066
3349.05	0.345073
3347.12	0.345401
3345.2	0.345496
3343.27	0.345568
3341.34	0.34578
3339.41	0.345818
3337.48	0.345958
3335.56	0.346135
3333.63	0.346403
3331.7	0.346713
3329.77	0.347014
3327.84	0.347475
3325.92	0.347843
3323.99	0.34819
3322.06	0.348532
3320.13	0.348812
3318.2	0.348934
3316.28	0.349523
3314.35	0.35042
3312.42	0.350856
3310.49	0.351231
3308.56	0.351691
3306.64	0.352149
3304.71	0.352876
3302.78	0.353821
3300.85	0.354423
3298.92	0.354561
3297	0.35507
3295.07	0.355853
3293.14	0.356546
3291.21	0.357375
3289.28	0.358288
3287.36	0.358946
3285.43	0.35953
3283.5	0.360216
3281.57	0.36118
3279.64	0.362017
3277.72	0.362711
3275.79	0.363361
3273.86	0.364198
3271.93	0.365333
3270	0.36615
3268.08	0.366831
3266.15	0.367726
3264.22	0.368572
3262.29	0.369309
3260.36	0.369823
3258.44	0.370569
3256.51	0.371648
3254.58	0.372952
3252.65	0.373726
3250.72	0.374238
3248.8	0.374816
3246.87	0.375302
3244.94	0.376183
3243.01	0.376798
3241.08	0.377403
3239.16	0.378325
3237.23	0.378966
3235.3	0.379302
3233.37	0.379876
3231.44	0.380602
3229.52	0.381313
3227.59	0.381629
3225.66	0.381745
3223.73	0.382156
3221.8	0.382789
3219.88	0.383401
3217.95	0.383682
3216.02	0.38382
3214.09	0.384248
3212.16	0.384726
3210.24	0.385273
3208.31	0.385588
3206.38	0.385726
3204.45	0.385659
3202.52	0.385384
3200.6	0.385373
3198.67	0.385615
3196.74	0.385141
3194.81	0.384385
3192.88	0.384282
3190.96	0.38391
3189.03	0.38307
3187.1	0.382424
3185.17	0.382042
3183.24	0.38147
3181.32	0.380527
3179.39	0.379604
3177.46	0.37841
3175.53	0.377436
3173.6	0.376562
3171.68	0.375407
3169.75	0.374279
3167.82	0.373018
3165.89	0.371617
3163.96	0.370205
3162.04	0.368477
3160.11	0.366793
3158.18	0.365301
3156.25	0.36363
3154.32	0.361749
3152.4	0.359774
3150.47	0.357578
3148.54	0.355405
3146.61	0.353325
3144.68	0.351084
3142.76	0.348687
3140.83	0.346306
3138.9	0.343691
3136.97	0.34095
3135.04	0.338232
3133.12	0.335236
3131.19	0.332254
3129.26	0.329373
3127.33	0.326186
3125.4	0.322644
3123.48	0.319132
3121.55	0.315589
3119.62	0.311856
3117.69	0.308142
3115.76	0.304497
3113.84	0.300343
3111.91	0.295916
3109.98	0.291413
3108.05	0.287063
3106.12	0.282687
3104.2	0.27796
3102.27	0.273145
3100.34	0.268285
3098.41	0.263129
3096.48	0.257894
3094.56	0.252541
3092.63	0.247163
3090.7	0.241728
3088.77	0.236522
3086.84	0.231044
3084.92	0.225255
3082.99	0.219489
3081.06	0.213869
3079.13	0.20806
3077.2	0.202321
3075.28	0.196752
3073.35	0.191041
3071.42	0.185265
3069.49	0.179653
3067.56	0.174136
3065.63	0.168771
3063.71	0.163415
3061.78	0.158121
3059.85	0.152968
3057.92	0.147925
3055.99	0.143045
3054.07	0.13838
3052.14	0.133799
3050.21	0.129211
3048.28	0.124829
3046.35	0.120756
3044.43	0.11685
3042.5	0.113034
3040.57	0.109271
3038.64	0.10559
3036.71	0.10215
3034.79	0.0988933
3032.86	0.0958048
3030.93	0.0927992
3029	0.0898512
3027.07	0.0869863
3025.15	0.0843197
3023.22	0.0819025
3021.29	0.0795387
3019.36	0.0772712
3017.43	0.0752053
3015.51	0.0731764
3013.58	0.0710376
3011.65	0.0690586
3009.72	0.067191
3007.79	0.0655121
3005.87	0.0638441
3003.94	0.0622277
3002.01	0.0607376
3000.08	0.059191
2998.15	0.05778
2996.23	0.056453
2994.3	0.055255
2992.37	0.0541865
2990.44	0.0530926
2988.51	0.0519894
2986.59	0.0508836
2984.66	0.0498858
2982.73	0.0489656
2980.8	0.0481998
2978.87	0.0473934
2976.95	0.0464281
2975.02	0.0456515
2973.09	0.0451308
2971.16	0.0445914
2969.23	0.0440215
2967.31	0.0433104
2965.38	0.0425495
2963.45	0.0419738
2961.52	0.0415377
2959.59	0.0411148
2957.67	0.0406
2955.74	0.0399277
2953.81	0.0393856
2951.88	0.0391597
2949.95	0.0388996
2948.03	0.0385616
2946.1	0.0381973
2944.17	0.0378951
2942.24	0.0375948
2940.31	0.0371301
2938.39	0.0368339
2936.46	0.036523
2934.53	0.0361364
2932.6	0.0358471
2930.67	0.0356186
2928.75	0.0353692
2926.82	0.0349094
2924.89	0.0346381
2922.96	0.0345175
2921.03	0.0343032
2919.11	0.0340125
2917.18	0.0338161
2915.25	0.033691
2913.32	0.0335365
2911.39	0.0332973
2909.47	0.033137
2907.54	0.0329793
2905.61	0.0327636
2903.68	0.0324055
2901.75	0.0322152
2899.83	0.0322456
2897.9	0.0320573
2895.97	0.0318561
2894.04	0.031715
2892.11	0.0314978
2890.19	0.0311817
2888.26	0.0310134
2886.33	0.0308951
2884.4	0.030621
2882.47	0.0303995
2880.55	0.0302471
2878.62	0.0300446
2876.69	0.0298857
2874.76	0.0296606
2872.83	0.0294531
2870.91	0.029304
2868.98	0.0291278
2867.05	0.0289439
2865.12	0.0288361
2863.19	0.0286596
2861.27	0.0283806
2859.34	0.0281596
2857.41	0.0279409
2855.48	0.0278316
2853.55	0.0276339
2851.63	0.0272092
2849.7	0.0268808
2847.77	0.0266695
2845.84	0.0265228
2843.91	0.026309
2841.99	0.0260337
2840.06	0.0258729
2838.13	0.0256712
2836.2	0.0253885
2834.27	0.0250577
2832.35	0.0248465
2830.42	0.0246029
2828.49	0.0243482
2826.56	0.0241642
2824.63	0.0240139
2822.71	0.0237027
2820.78	0.0234243
2818.85	0.0232808
2816.92	0.0231165
2814.99	0.0228474
2813.07	0.0225798
2811.14	0.0224559
2809.21	0.022243
2807.28	0.0218868
2805.35	0.0218205
2803.43	0.0217454
2801.5	0.0214789
2799.57	0.0211983
2797.64	0.0208856
2795.71	0.0206829
2793.79	0.0205985
2791.86	0.0204724
2789.93	0.0201176
2788	0.0198519
2786.07	0.0197012
2784.15	0.0196008
2782.22	0.0194529
2780.29	0.0191859
2778.36	0.0189801
2776.43	0.0188414
2774.51	0.0187321
2772.58	0.0185898
2770.65	0.0184028
2768.72	0.0181138
2766.79	0.0178189
2764.87	0.0176051
2762.94	0.0174373
2761.01	0.0172604
2759.08	0.0171062
2757.15	0.0169394
2755.23	0.0167891
2753.3	0.0166269
2751.37	0.0163825
2749.44	0.016232
2747.51	0.0161103
2745.59	0.0160321
2743.66	0.0158195
2741.73	0.0155927
2739.8	0.0153691
2737.87	0.0152294
2735.95	0.0151126
2734.02	0.0150401
2732.09	0.0148704
2730.16	0.0146642
2728.23	0.0144076
2726.31	0.0141515
2724.38	0.0141072
2722.45	0.01395
2720.52	0.0138382
2718.59	0.0136697
2716.67	0.0134721
2714.74	0.0134286
2712.81	0.013226
2710.88	0.0130027
2708.95	0.0128038
2707.02	0.0126404
2705.1	0.0126065
2703.17	0.0125423
2701.24	0.012407
2699.31	0.0122894
2697.39	0.012067
2695.46	0.0119373
2693.53	0.0119105
2691.6	0.0117416
2689.67	0.0116594
2687.75	0.011626
2685.82	0.0113728
2683.89	0.0112585
2681.96	0.011282
2680.03	0.0112621
2678.11	0.0111681
2676.18	0.0109909
2674.25	0.0107481
2672.32	0.010583
2670.39	0.0106623
2668.46	0.0107399
2666.54	0.0106365
2664.61	0.010436
2662.68	0.0103704
2660.75	0.010387
2658.83	0.0102237
2656.9	0.0100612
2654.97	0.00985842
2653.04	0.00983775
2651.11	0.00992927
2649.19	0.00983985
2647.26	0.00976373
2645.33	0.009784
2643.4	0.00968031
2641.47	0.00965825
2639.55	0.00972625
2637.62	0.00965835
2635.69	0.0095506
2633.76	0.00945841
2631.83	0.00940731
2629.9	0.0092127
2627.98	0.00903214
2626.05	0.00913307
2624.12	0.00924546
2622.19	0.00913909
2620.27	0.00886674
2618.34	0.00883553
2616.41	0.00896912
2614.48	0.00892021
2612.55	0.00884601
2610.62	0.00874363
2608.7	0.00872551
2606.77	0.00880131
2604.84	0.00876835
2602.91	0.00868522
2600.98	0.00852285
2599.06	0.00850907
2597.13	0.00855921
2595.2	0.0084592
2593.27	0.00840467
2591.34	0.00841771
2589.42	0.00840001
2587.49	0.00836832
2585.56	0.00834975
2583.63	0.0083966
2581.71	0.00829273
2579.78	0.00827612
2577.85	0.00834816
2575.92	0.00827061
2573.99	0.00821949
2572.06	0.00818748
2570.14	0.00812924
2568.21	0.00811469
2566.28	0.00819163
2564.35	0.00821567
2562.42	0.00821138
2560.5	0.00836596
2558.57	0.00838082
2556.64	0.00821773
2554.71	0.00816806
2552.78	0.00818792
2550.86	0.00828176
2548.93	0.00833721
2547	0.00832874
2545.07	0.00824127
2543.15	0.00819892
2541.22	0.00824626
2539.29	0.00831246
2537.36	0.00826545
2535.43	0.00828979
2533.5	0.00845035
2531.58	0.0083841
2529.65	0.00834961
2527.72	0.00835414
2525.79	0.00829023
2523.86	0.00823796
2521.94	0.00835623
2520.01	0.00844977
2518.08	0.00847916
2516.15	0.00856574
2514.22	0.00855665
2512.3	0.00849217
2510.37	0.00870553
2508.44	0.0087417
2506.51	0.00871358
2504.58	0.00865658
2502.66	0.00864587
2500.73	0.00875418
2498.8	0.00884077
2496.87	0.00889495
2494.94	0.00892603
2493.02	0.00886306
2491.09	0.00886157
2489.16	0.00892579
2487.23	0.00904111
2485.3	0.00916589
2483.38	0.00913632
2481.45	0.00912904
2479.52	0.0091954
2477.59	0.00939441
2475.66	0.0095149
2473.74	0.0094491
2471.81	0.00946454
2469.88	0.00955432
2467.95	0.00962851
2466.02	0.00963759
2464.1	0.0097212
2462.17	0.00977237
2460.24	0.00976746
2458.31	0.00980775
2456.38	0.00990106
2454.46	0.00997287
2452.53	0.0100162
2450.6	0.0100834
2448.67	0.0101016
2446.74	0.0101632
2444.82	0.0103231
2442.89	0.0103765
2440.96	0.010361
2439.03	0.010372
2437.1	0.0104519
2435.18	0.010618
2433.25	0.0106598
2431.32	0.010651
2429.39	0.0107165
2427.46	0.0108925
2425.54	0.0109917
2423.61	0.0109798
2421.68	0.0110173
2419.75	0.011153
2417.82	0.0112501
2415.9	0.0113704
2413.97	0.0115066
2412.04	0.0115889
2410.11	0.0116282
2408.18	0.0116985
2406.26	0.0118813
2404.33	0.0117985
2402.4	0.0117824
2400.47	0.0119061
2398.54	0.0120145
2396.62	0.0121437
2394.69	0.0121952
2392.76	0.0122708
2390.83	0.0123806
2388.9	0.012512
2386.98	0.0126297
2385.05	0.0127518
2383.12	0.0126736
2381.19	0.0125244
2379.26	0.012651
2377.34	0.0128864
2375.41	0.0129495
2373.48	0.0131339
2371.55	0.0133049
2369.62	0.0133044
2367.7	0.0132969
2365.77	0.0133587
2363.84	0.0134192
2361.91	0.0135202
2359.98	0.0137379
2358.06	0.0139082
2356.13	0.0140481
2354.2	0.0140462
2352.27	0.0141959
2350.34	0.014441
2348.42	0.0145247
2346.49	0.0148876
2344.56	0.0152594
2342.63	0.0153929
2340.7	0.0153127
2338.78	0.0150389
2336.85	0.0148698
2334.92	0.0151416
2332.99	0.0153351
2331.06	0.0153077
2329.14	0.0153629
2327.21	0.015583
2325.28	0.0157191
2323.35	0.0157787
2321.42	0.0158346
2319.5	0.0159884
2317.57	0.01622
2315.64	0.0163878
2313.71	0.0164066
2311.78	0.0165337
2309.86	0.0167382
2307.93	0.0167275
2306	0.0167695
2304.07	0.0170267
2302.14	0.0172941
2300.22	0.0173259
2298.29	0.0174718
2296.36	0.017742
2294.43	0.0178236
2292.5	0.0177765
2290.58	0.0179403
2288.65	0.0180577
2286.72	0.0181737
2284.79	0.018301
2282.86	0.0184677
2280.94	0.0186878
2279.01	0.0188533
2277.08	0.0189965
2275.15	0.0190493
2273.22	0.0191463
2271.3	0.0192536
2269.37	0.0193706
2267.44	0.0195189
2265.51	0.0196505
2263.58	0.0198108
2261.66	0.0198696
2259.73	0.0198799
2257.8	0.0200197
2255.87	0.0202172
2253.94	0.0204359
2252.02	0.020515
2250.09	0.0205427
2248.16	0.0207065
2246.23	0.0208703
2244.3	0.020888
2242.38	0.0209076
2240.45	0.0210227
2238.52	0.0212301
2236.59	0.021275
2234.66	0.0211262
2232.74	0.0212795
2230.81	0.0215425
2228.88	0.0215754
2226.95	0.0215214
2225.02	0.0216171
2223.1	0.0218197
2221.17	0.0217667
2219.24	0.0215173
2217.31	0.0215289
2215.38	0.0215582
2213.46	0.0216255
2211.53	0.0217258
2209.6	0.0216317
2207.67	0.0216356
2205.74	0.021686
2203.81	0.0216672
2201.89	0.0215093
2199.96	0.0214118
2198.03	0.021471
2196.1	0.0214321
2194.18	0.0214183
2192.25	0.0213807
2190.32	0.0212374
2188.39	0.0210303
2186.46	0.0209152
2184.54	0.0209662
2182.61	0.020902
2180.68	0.0206367
2178.75	0.0205209
2176.82	0.0205384
2174.9	0.0204414
2172.97	0.0203383
2171.04	0.0201782
2169.11	0.0198432
2167.18	0.0196752
2165.25	0.0196423
2163.33	0.0195075
2161.4	0.019245
2159.47	0.0191169
2157.54	0.019058
2155.62	0.0189616
2153.69	0.0187697
2151.76	0.018532
2149.83	0.0183447
2147.9	0.0181513
2145.98	0.0179543
2144.05	0.0177074
2142.12	0.0175587
2140.19	0.0174497
2138.26	0.0173683
2136.33	0.0171885
2134.41	0.0168759
2132.48	0.0167705
2130.55	0.0166369
2128.62	0.016433
2126.69	0.0162645
2124.77	0.0161024
2122.84	0.0160426
2120.91	0.0158539
2118.98	0.0156566
2117.05	0.0154149
2115.13	0.0151918
2113.2	0.0150289
2111.27	0.0148076
2109.34	0.0146837
2107.41	0.0146271
2105.49	0.0144834
2103.56	0.014268
2101.63	0.0141612
2099.7	0.0140445
2097.77	0.0137876
2095.85	0.0136767
2093.92	0.0137316
2091.99	0.0134552
2090.06	0.0132133
2088.13	0.0133617
2086.21	0.0134349
2084.28	0.0131746
2082.35	0.0128808
2080.42	0.0126505
2078.49	0.0125793
2076.57	0.0125475
2074.64	0.0123711
2072.71	0.0122157
2070.78	0.0123395
2068.85	0.0123162
2066.93	0.0121806
2065	0.0120384
2063.07	0.0120132
2061.14	0.0119814
2059.21	0.0119178
2057.29	0.0118304
2055.36	0.0118301
2053.43	0.0117594
2051.5	0.0115024
2049.57	0.0114057
2047.65	0.011351
2045.72	0.0112774
2043.79	0.011246
2041.86	0.0113024
2039.93	0.0112259
2038.01	0.0112124
2036.08	0.0112288
2034.15	0.0111733
2032.22	0.0111328
2030.29	0.0110461
2028.37	0.0109101
2026.44	0.0108693
2024.51	0.0108029
2022.58	0.0108664
2020.65	0.0108707
2018.73	0.0107047
2016.8	0.0106269
2014.87	0.0106397
2012.94	0.0106928
2011.01	0.0106788
2009.09	0.0105389
2007.16	0.0105439
2005.23	0.0105679
2003.3	0.0104852
2001.37	0.0104528
1999.45	0.0105913
1997.52	0.0108022
1995.59	0.0106694
1993.66	0.0104483
1991.73	0.0104596
1989.81	0.0105127
1987.88	0.0105872
1985.95	0.0105829
1984.02	0.010584
1982.09	0.0106578
1980.17	0.0105815
1978.24	0.0104205
1976.31	0.0103945
1974.38	0.0104746
1972.45	0.0106669
1970.53	0.010825
1968.6	0.0108987
1966.67	0.0108394
1964.74	0.0107858
1962.81	0.010838
1960.89	0.0107946
1958.96	0.0108303
1957.03	0.0109585
1955.1	0.0109276
1953.17	0.0110364
1951.25	0.0111221
1949.32	0.0109773
1947.39	0.0109024
1945.46	0.0109832
1943.53	0.0110114
1941.61	0.0111227
1939.68	0.0111037
1937.75	0.0109272
1935.82	0.0110219
1933.89	0.0113456
1931.97	0.0113944
1930.04	0.0112846
1928.11	0.0113425
1926.18	0.0114029
1924.25	0.0113892
1922.33	0.0113837
1920.4	0.0115157
1918.47	0.0115794
1916.54	0.0113522
1914.61	0.0114284
1912.69	0.0117596
1910.76	0.0117606
1908.83	0.0116865
1906.9	0.0117508
1904.97	0.0118511
1903.05	0.0118778
1901.12	0.0117753
1899.19	0.0118832
1897.26	0.0120259
1895.33	0.0119972
1893.41	0.012062
1891.48	0.0121478
1889.55	0.0121329
1887.62	0.0122749
1885.69	0.0124191
1883.77	0.0123956
1881.84	0.0124103
1879.91	0.0124404
1877.98	0.0124649
1876.05	0.0127298
1874.13	0.0129399
1872.2	0.0129187
1870.27	0.0129762
1868.34	0.013019
1866.41	0.0130619
1864.49	0.0131698
1862.56	0.013105
1860.63	0.0131521
1858.7	0.0132387
1856.77	0.0133634
1854.85	0.0134432
1852.92	0.0134121
1850.99	0.0135708
1849.06	0.0137967
1847.13	0.0138625
1845.21	0.0140286
1843.28	0.0140546
1841.35	0.0139594
1839.42	0.0141178
1837.49	0.0142399
1835.57	0.0142227
1833.64	0.0142786
1831.71	0.0143364
1829.78	0.0145754
1827.85	0.0148321
1825.93	0.0149398
1824	0.0151437
1822.07	0.0153417
1820.14	0.0153241
1818.21	0.015566
1816.29	0.0156711
1814.36	0.0157894
1812.43	0.0161398
1810.5	0.0162755
1808.57	0.0163252
1806.65	0.0166263
1804.72	0.0169494
1802.79	0.0171622
1800.86	0.0172378
1798.93	0.0173834
1797.01	0.0176098
1795.08	0.0177535
1793.15	0.018057
1791.22	0.0184519
1789.29	0.0188369
1787.37	0.0190808
1785.44	0.0192324
1783.51	0.0195286
1781.58	0.0199683
1779.65	0.0204024
1777.73	0.0207748
1775.8	0.0210551
1773.87	0.021411
1771.94	0.0217182
1770.01	0.022206
1768.08	0.0227469
1766.16	0.0233439
1764.23	0.0239314
1762.3	0.024512
1760.37	0.024899
1758.45	0.0254207
1756.52	0.0261756
1754.59	0.026896
1752.66	0.0276176
1750.73	0.0283494
1748.81	0.0293024
1746.88	0.0303398
1744.95	0.031184
1743.02	0.0320269
1741.09	0.0329403
1739.17	0.0340689
1737.24	0.0352525
1735.31	0.0363143
1733.38	0.0373794
1731.45	0.0385378
1729.52	0.039842
1727.6	0.0411505
1725.67	0.0423801
1723.74	0.043619
1721.81	0.045082
1719.89	0.0465767
1717.96	0.0480293
1716.03	0.049317
1714.1	0.0504019
1712.17	0.0513741
1710.24	0.0526389
1708.32	0.0541107
1706.39	0.0554151
1704.46	0.0563677
1702.53	0.057155
1700.6	0.058171
1698.68	0.0590667
1696.75	0.0597839
1694.82	0.0605728
1692.89	0.0612956
1690.96	0.061885
1689.04	0.0624929
1687.11	0.0630217
1685.18	0.063335
1683.25	0.0636895
1681.33	0.0640942
1679.4	0.0641507
1677.47	0.0641999
1675.54	0.0645764
1673.61	0.0646595
1671.68	0.06454
1669.76	0.0645823
1667.83	0.0645916
1665.9	0.0642881
1663.97	0.0639337
1662.04	0.064029
1660.12	0.0641179
1658.19	0.064023
1656.26	0.0638257
1654.33	0.0636158
1652.4	0.0634905
1650.48	0.063388
1648.55	0.0633969
1646.62	0.0632595
1644.69	0.0629552
1642.76	0.0624224
1640.84	0.0621871
1638.91	0.061957
1636.98	0.0616601
1635.05	0.0613059
1633.12	0.0607164
1631.2	0.0602507
1629.27	0.0597501
1627.34	0.0590393
1625.41	0.0581974
1623.48	0.0575949
1621.56	0.0567714
1619.63	0.0556956
1617.7	0.0549166
1615.77	0.0541115
1613.84	0.0531695
1611.92	0.0525846
1609.99	0.0518114
1608.06	0.0510661
1606.13	0.0506237
1604.2	0.0500621
1602.28	0.0496053
1600.35	0.0491155
1598.42	0.0485356
1596.49	0.0480418
1594.56	0.0477607
1592.64	0.047558
1590.71	0.0470248
1588.78	0.0466238
1586.85	0.0465435
1584.92	0.0463563
1583	0.0459932
1581.07	0.0456726
1579.14	0.0451993
1577.21	0.0449166
1575.28	0.0447502
1573.36	0.0444651
1571.43	0.0443095
1569.5	0.0441531
1567.57	0.0437766
1565.64	0.0434892
1563.72	0.0433165
1561.79	0.0430711
1559.86	0.0428642
1557.93	0.042837
1556	0.0425626
1554.08	0.0421546
1552.15	0.0418255
1550.22	0.0416672
1548.29	0.0414356
1546.36	0.0412535
1544.44	0.0409543
1542.51	0.0407627
1540.58	0.0405954
1538.65	0.0406911
1536.72	0.0408209
1534.8	0.0405242
1532.87	0.0402354
1530.94	0.0401003
1529.01	0.0399924
1527.08	0.0400146
1525.16	0.040108
1523.23	0.040228
1521.3	0.0403659
1519.37	0.0404105
1517.44	0.0402687
1515.52	0.0403371
1513.59	0.0403165
1511.66	0.0403748
1509.73	0.0403816
1507.8	0.0403376
1505.88	0.040466
1503.95	0.0403717
1502.02	0.0401014
1500.09	0.0401634
1498.16	0.0402995
1496.24	0.0401972
1494.31	0.0397217
1492.38	0.0393361
1490.45	0.0393775
1488.52	0.0392169
1486.6	0.0388848
1484.67	0.0387108
1482.74	0.0387144
1480.81	0.0384005
1478.88	0.0379425
1476.96	0.0378925
1475.03	0.0378231
1473.1	0.0377183
1471.17	0.0375158
1469.24	0.036942
1467.32	0.036562
1465.39	0.0364536
1463.46	0.0362024
1461.53	0.035839
1459.6	0.0357148
1457.68	0.0355919
1455.75	0.0352559
1453.82	0.0352635
1451.89	0.0352535
1449.96	0.0350238
1448.04	0.0347673
1446.11	0.0344832
1444.18	0.0345037
1442.25	0.0344914
1440.32	0.0342837
1438.4	0.0341574
1436.47	0.0338798
1434.54	0.0336772
1432.61	0.0335327
1430.68	0.0332542
1428.76	0.0329261
1426.83	0.032536
1424.9	0.0323749
1422.97	0.0322181
1421.04	0.0320776
1419.12	0.0320046
1417.19	0.0316571
1415.26	0.0315512
1413.33	0.0317057
1411.4	0.0315384
1409.48	0.0310101
1407.55	0.0308203
1405.62	0.0311331
1403.69	0.0312551
1401.76	0.0309798
1399.84	0.0305279
1397.91	0.0302964
1395.98	0.0302409
1394.05	0.0300877
1392.12	0.0300334
1390.2	0.0301182
1388.27	0.0300958
1386.34	0.0296464
1384.41	0.0294581
1382.48	0.0295095
1380.56	0.0295026
1378.63	0.0296137
1376.7	0.0296094
1374.77	0.0293443
1372.84	0.0290184
1370.92	0.0288603
1368.99	0.0288871
1367.06	0.0289889
1365.13	0.0288591
1363.2	0.0286137
1361.28	0.0286473
1359.35	0.0286547
1357.42	0.0286254
1355.49	0.0284839
1353.56	0.0283298
1351.64	0.0284535
1349.71	0.0283983
1347.78	0.0283703
1345.85	0.0283318
1343.92	0.0279534
1342	0.0277099
1340.07	0.0276347
1338.14	0.0276585
1336.21	0.0277171
1334.28	0.027605
1332.36	0.0274624
1330.43	0.0276103
1328.5	0.0276367
1326.57	0.0272893
1324.64	0.0269533
1322.72	0.0270862
1320.79	0.0273726
1318.86	0.0273803
1316.93	0.02735
1315	0.0272809
1313.08	0.0272336
1311.15	0.0271477
1309.22	0.0272924
1307.29	0.0271333
1305.36	0.0268884
1303.44	0.0266209
1301.51	0.0265701
1299.58	0.0269092
1297.65	0.0269174
1295.72	0.0266316
1293.8	0.0266885
1291.87	0.0266462
1289.94	0.0265686
1288.01	0.026534
1286.08	0.0263938
1284.15	0.0261748
1282.23	0.0262643
1280.3	0.0263025
1278.37	0.0261687
1276.44	0.0262067
1274.52	0.0262918
1272.59	0.0263016
1270.66	0.0261576
1268.73	0.0259066
1266.8	0.0256562
1264.88	0.0258444
1262.95	0.0258764
1261.02	0.0257429
1259.09	0.025734
1257.16	0.0259163
1255.24	0.0258623
1253.31	0.0254954
1251.38	0.0251298
1249.45	0.0251947
1247.52	0.0254447
1245.59	0.0256333
1243.67	0.0255779
1241.74	0.0255144
1239.81	0.02572
1237.88	0.0257279
1235.96	0.0256577
1234.03	0.0258534
1232.1	0.0261913
1230.17	0.0262477
1228.24	0.0260255
1226.31	0.0258709
1224.39	0.0256058
1222.46	0.0256327
1220.53	0.0261152
1218.6	0.0263456
1216.68	0.0262784
1214.75	0.0261169
1212.82	0.0262837
1210.89	0.0264663
1208.96	0.0265459
1207.03	0.0266795
1205.11	0.0266284
1203.18	0.0266027
1201.25	0.0269267
1199.32	0.027024
1197.39	0.0269745
1195.47	0.027121
1193.54	0.0271991
1191.61	0.0270918
1189.68	0.0273175
1187.75	0.027672
1185.83	0.0279032
1183.9	0.028253
1181.97	0.028463
1180.04	0.0287203
1178.11	0.0288516
1176.19	0.0293581
1174.26	0.0299311
1172.33	0.0297481
1170.4	0.0302018
1168.47	0.0310475
1166.55	0.0313221
1164.62	0.0317153
1162.69	0.0324766
1160.76	0.0329618
1158.83	0.0332754
1156.91	0.0337095
1154.98	0.0345225
1153.05	0.0353298
1151.12	0.0359915
1149.19	0.0363726
1147.27	0.0361935
1145.34	0.0363628
1143.41	0.0375892
1141.48	0.0385474
1139.55	0.0384986
1137.63	0.0385972
1135.7	0.0391606
1133.77	0.0392597
1131.84	0.0400337
1129.91	0.0406279
1127.99	0.040735
1126.06	0.0407147
1124.13	0.0404877
1122.2	0.0401454
1120.27	0.0401218
1118.35	0.040247
1116.42	0.0400534
1114.49	0.0398884
1112.56	0.0392304
1110.63	0.0388922
1108.71	0.0385351
1106.78	0.0383676
1104.85	0.0381235
1102.92	0.0378458
1100.99	0.0376687
1099.07	0.0370727
1097.14	0.0362147
1095.21	0.0354146
1093.28	0.0351852
1091.35	0.035027
1089.43	0.0340252
1087.5	0.0331791
1085.57	0.0324418
1083.64	0.0321992
1081.71	0.0322738
1079.79	0.0321442
1077.86	0.0312275
1075.93	0.030843
1074	0.0305105
1072.07	0.0306305
1070.15	0.0307337
1068.22	0.0303066
1066.29	0.0303317
1064.36	0.030495
1062.43	0.0304906
1060.51	0.0304367
1058.58	0.0303883
1056.65	0.0301768
1054.72	0.0301939
1052.79	0.0303548
1050.87	0.030834
1048.94	0.0315612
1047.01	0.0315095
1045.08	0.0312578
1043.15	0.03173
1041.23	0.0325098
1039.3	0.0329174
1037.37	0.0329112
1035.44	0.0327217
1033.51	0.0329246
1031.59	0.0337311
1029.66	0.0347448
1027.73	0.0352159
1025.8	0.0353514
1023.87	0.0356974
1021.95	0.0363185
1020.02	0.0368953
1018.09	0.0375581
1016.16	0.0383412
1014.23	0.0394873
1012.31	0.04046
1010.38	0.0408717
1008.45	0.04114
1006.52	0.0419596
1004.59	0.043077
1002.67	0.0437656
1000.74	0.0446338
998.81	0.0458673
996.882	0.0464938
994.954	0.0471205
993.026	0.0482011
991.098	0.0496203
989.17	0.0516388
987.242	0.0529114
985.314	0.0539824
983.386	0.0555353
981.458	0.0571683
979.53	0.0581963
977.602	0.059628
975.673	0.0612229
973.746	0.0630022
971.817	0.0649014
969.89	0.0670776
967.962	0.0689406
966.034	0.0708216
964.106	0.0728201
962.178	0.0747376
960.25	0.0768578
958.322	0.0792947
956.394	0.0816344
954.465	0.0840044
952.538	0.086262
950.609	0.0883267
948.682	0.0908482
946.754	0.0931252
944.826	0.0949721
942.898	0.0974353
940.97	0.0995078
939.042	0.101661
937.113	0.104095
935.186	0.105866
933.257	0.107822
931.33	0.110045
929.401	0.111395
927.474	0.112705
925.546	0.114789
923.618	0.116662
921.69	0.118094
919.761	0.119712
917.833	0.121148
915.905	0.121812
913.978	0.123046
912.049	0.124994
910.122	0.126317
908.193	0.126807
906.266	0.127542
904.338	0.128831
902.409	0.129901
900.481	0.130339
898.553	0.130454
896.625	0.130961
894.697	0.131735
892.77	0.132583
890.841	0.132925
888.914	0.133188
886.985	0.134121
885.058	0.134813
883.129	0.134541
881.201	0.134287
879.273	0.13435
877.345	0.13427
875.417	0.134543
873.489	0.13455
871.562	0.135372
869.633	0.135392
867.706	0.134955
865.777	0.134634
863.849	0.134254
861.921	0.134039
859.993	0.133951
858.065	0.133212
856.137	0.132761
854.209	0.132181
852.281	0.131648
850.354	0.131192
848.425	0.130931
846.497	0.13064
844.569	0.129682
842.641	0.128816
840.713	0.128166
838.785	0.12789
836.857	0.127382
834.929	0.12664
833.001	0.126031
831.073	0.125708
829.145	0.124891
827.217	0.123971
825.289	0.122774
823.361	0.121872
821.433	0.121067
819.505	0.11972
817.577	0.118664
815.649	0.11868
813.721	0.11859
811.793	0.118269
809.865	0.11746
807.937	0.11641
806.009	0.115255
804.081	0.113886
802.153	0.113535
800.225	0.112896
798.297	0.111438
796.369	0.110886
794.441	0.110233
792.513	0.109517
790.585	0.109242
788.657	0.108186
786.729	0.106546
784.801	0.105592
782.873	0.104798
780.945	0.103494
779.017	0.102642
777.089	0.101475
775.161	0.100225
773.232	0.0995002
771.305	0.0985859
769.377	0.0971438
767.449	0.0961326
765.521	0.0955854
763.593	0.0945626
761.665	0.0932725
759.737	0.0928509
757.809	0.0921157
755.881	0.0904117
753.953	0.0893365
752.024	0.0894862
750.097	0.0884573
748.169	0.0869998
746.241	0.0864737
744.313	0.0856964
742.385	0.0840547
740.457	0.0836087
738.529	0.0831165
736.601	0.081337
734.672	0.0803587
732.745	0.0802383
730.816	0.0790456
728.889	0.0777099
726.961	0.0764216
725.033	0.0753182
723.105	0.0747938
721.177	0.0738249
719.249	0.0726633
717.32	0.0720417
715.393	0.0722253
713.464	0.0712755
711.537	0.0702166
709.608	0.0688518
707.681	0.0680021
705.752	0.0681548
703.825	0.0673267
701.897	0.065373
699.968	0.0646825
698.041	0.064359
696.112	0.0649065
694.185	0.0642354
692.256	0.0630708
690.329	0.0620735
688.4	0.0607095
686.473	0.0593316
684.544	0.0588998
682.617	0.0592836
680.688	0.0584898
678.76	0.0564382
676.833	0.0562059
674.904	0.0557801
672.977	0.0552771
671.048	0.0545103
669.121	0.0546072
667.192	0.0537165
665.265	0.0533912
663.336	0.0542308
661.408	0.0531027
659.48	0.05173
657.552	0.0501999
655.625	0.0501078
653.696	0.0499152
651.769	0.0480647
649.84	0.0464643
647.913	0.0462835
645.984	0.047079
644.056	0.0476611
642.128	0.0466347
640.2	0.0449227
638.272	0.044291
636.344	0.0439671
634.417	0.0446299
632.488	0.0459432
630.561	0.0448479
628.632	0.042724
626.704	0.0426597
624.776	0.0426998
622.848	0.0425431
620.92	0.0405771
618.992	0.0399638
617.064	0.0396525
615.136	0.0385116
613.208	0.0375434
611.28	0.0366638
609.353	0.0373753
607.424	0.0373576
605.496	0.0368452
603.568	0.0363583
601.64	0.03675
599.712	0.0366764
597.784	0.0371924
595.856	0.0365453
593.928	0.0349521
592	0.0351691
590.072	0.0356365
588.144	0.0348767
586.216	0.0333625
584.288	0.0329186
582.36	0.0331975
580.432	0.0323315
578.504	0.0306744
576.576	0.030769
574.648	0.0308808
572.72	0.030413
570.792	0.0299099
568.864	0.0303415
566.936	0.0300053
565.008	0.0281829
563.08	0.0282711
561.152	0.0304385
559.224	0.0307999
557.296	0.0293877
555.368	0.0280449
553.44	0.0286915
551.512	0.0285325
549.583	0.0279329
547.656	0.0276347
545.728	0.0264528
543.8	0.0259867
541.872	0.0264607
539.944	0.0265418
538.016	0.0268872
536.088	0.0272692
534.16	0.0264583
532.231	0.0256059
530.304	0.0249998
528.375	0.0249474
526.448	0.026181
524.52	0.0248095
522.592	0.0219484
520.664	0.0214647
518.736	0.0227832
516.808	0.0232931
514.879	0.0226592
512.952	0.0211048
511.023	0.0212554
509.096	0.0205108
507.167	0.0173638
505.24	0.020179
503.312	0.022622
501.384	0.0201088
499.456	0.0195434
497.527	0.0205322
495.6	0.0210897
493.671	0.0202066
491.744	0.0189934
489.815	0.0182551
487.888	0.0185793
485.959	0.0181862
484.032	0.0171325
482.104	0.0148036
480.176	0.013524
478.248	0.0164044
476.319	0.0173988
474.392	0.0139494
472.463	0.0158425
470.536	0.0215058
468.607	0.019804
466.68	0.0118966
464.751	0.00900335
462.824	0.0114368
460.895	0.00976766
458.967	0.0063792
457.04	0.0103986
455.111	0.0139546
453.184	0.0146456
451.255	0.013318
449.328	0.0147556
447.399	0.0124481
445.472	0.0114048
443.543	0.00820601
441.615	0.00385902
439.687	0.0031632
437.759	0.00971643
435.832	0.0104793
433.903	0.0105573
431.976	0.0120154
430.047	0.0161979
428.12	0.0122134
426.191	0.00819929
424.263	0.0127669
422.335	0.0166362
420.407	0.00921493
418.479	0.0075714
416.551	0.0154919
414.624	0.0406971
412.695	0.0487649
410.768	0.0325948
408.839	0.0266292
406.912	0.0278728
404.983	0.042536
403.055	0.0445973
401.127	0.0193655
