nAHn0091.spa, Sat Nov 04 16:00:24 2006 (GMT-10:00)
9999.26	-0.00304143
9997.33	-0.00347455
9995.4	-0.00403062
9993.48	-0.00403052
9991.55	-0.00342458
9989.62	-0.00365306
9987.69	-0.00436074
9985.76	-0.0050656
9983.84	-0.00518253
9981.91	-0.00441962
9979.98	-0.00403262
9978.05	-0.00357676
9976.12	-0.00351534
9974.2	-0.00385988
9972.27	-0.00432403
9970.34	-0.00450144
9968.41	-0.00413171
9966.48	-0.00339085
9964.56	-0.00370018
9962.63	-0.00420181
9960.7	-0.00332214
9958.77	-0.00256474
9956.84	-0.00253299
9954.92	-0.00309809
9952.99	-0.00369952
9951.06	-0.00355626
9949.13	-0.00373733
9947.2	-0.00389442
9945.28	-0.00343744
9943.35	-0.00340049
9941.42	-0.00353486
9939.49	-0.0043711
9937.56	-0.00432013
9935.64	-0.003266
9933.71	-0.00287847
9931.78	-0.00327025
9929.85	-0.00378631
9927.92	-0.00344966
9926	-0.00302765
9924.07	-0.00238601
9922.14	-0.00223401
9920.21	-0.00322391
9918.28	-0.00326505
9916.36	-0.00326028
9914.43	-0.00386713
9912.5	-0.00437566
9910.57	-0.0043631
9908.64	-0.00423279
9906.71	-0.00405783
9904.79	-0.00379616
9902.86	-0.00285098
9900.93	-0.00242894
9899	-0.00236271
9897.08	-0.00271436
9895.15	-0.0027616
9893.22	-0.00304463
9891.29	-0.00326091
9889.36	-0.00335262
9887.43	-0.00290039
9885.51	-0.0030872
9883.58	-0.00367862
9881.65	-0.0039092
9879.72	-0.00355468
9877.79	-0.00373986
9875.87	-0.00320947
9873.94	-0.00226865
9872.01	-0.00211054
9870.08	-0.00292965
9868.15	-0.00341528
9866.23	-0.00270589
9864.3	-0.00321424
9862.37	-0.0041455
9860.44	-0.00360916
9858.51	-0.00313878
9856.59	-0.00294574
9854.66	-0.00254979
9852.73	-0.00272809
9850.8	-0.00259857
9848.87	-0.00258519
9846.95	-0.00309848
9845.02	-0.00362126
9843.09	-0.00371332
9841.16	-0.003438
9839.23	-0.00288347
9837.31	-0.00252544
9835.38	-0.00285286
9833.45	-0.00305249
9831.52	-0.0026479
9829.59	-0.00251286
9827.67	-0.0021234
9825.74	-0.0019965
9823.81	-0.00277876
9821.88	-0.00283558
9819.95	-0.00198779
9818.03	-0.00242196
9816.1	-0.00276598
9814.17	-0.00261945
9812.24	-0.0019209
9810.31	-0.00189537
9808.39	-0.00146731
9806.46	-0.00132453
9804.53	-0.0012092
9802.6	-0.00137765
9800.67	-0.00231868
9798.75	-0.00284275
9796.82	-0.00232633
9794.89	-0.00197427
9792.96	-0.0021197
9791.03	-0.00214433
9789.11	-0.00265531
9787.18	-0.00295989
9785.25	-0.0026205
9783.32	-0.00234047
9781.39	-0.00228539
9779.46	-0.00244967
9777.54	-0.00256234
9775.61	-0.00273899
9773.68	-0.00282323
9771.75	-0.002071
9769.83	-0.00130854
9767.9	-0.00159902
9765.97	-0.00191641
9764.04	-0.00236383
9762.11	-0.00255894
9760.18	-0.00164381
9758.26	-0.00182311
9756.33	-0.00210553
9754.4	-0.00160486
9752.47	-0.00167923
9750.54	-0.00174091
9748.62	-0.00151212
9746.69	-0.0012916
9744.76	-0.00103612
9742.83	-0.00113045
9740.9	-0.00139254
9738.98	-0.0019277
9737.05	-0.00219676
9735.12	-0.00186501
9733.19	-0.00189263
9731.26	-0.00209702
9729.34	-0.00213593
9727.41	-0.00187326
9725.48	-0.00266602
9723.55	-0.00316562
9721.62	-0.00310194
9719.7	-0.00328666
9717.77	-0.00242756
9715.84	-0.00172339
9713.91	-0.00207812
9711.98	-0.00265732
9710.06	-0.0028786
9708.13	-0.00265604
9706.2	-0.00193881
9704.27	-0.0020368
9702.34	-0.00249685
9700.42	-0.00228823
9698.49	-0.00221802
9696.56	-0.00203703
9694.63	-0.00180031
9692.7	-0.00195943
9690.78	-0.00213767
9688.85	-0.00199855
9686.92	-0.0016174
9684.99	-0.0016818
9683.06	-0.0016792
9681.14	-0.00146365
9679.21	-0.00184753
9677.28	-0.00217826
9675.35	-0.0024097
9673.42	-0.0023028
9671.5	-0.00185258
9669.57	-0.00178645
9667.64	-0.00224004
9665.71	-0.00202655
9663.78	-0.00224136
9661.86	-0.00287659
9659.93	-0.00243438
9658	-0.00187564
9656.07	-0.00175616
9654.14	-0.00218841
9652.21	-0.00213092
9650.29	-0.00186831
9648.36	-0.00194798
9646.43	-0.00161239
9644.5	-0.000805867
9642.57	-0.000954668
9640.65	-0.00140582
9638.72	-0.00197533
9636.79	-0.00211156
9634.86	-0.0022199
9632.93	-0.00153665
9631.01	-0.000775836
9629.08	-0.0013539
9627.15	-0.00247942
9625.22	-0.00216405
9623.29	-0.00197424
9621.37	-0.00200247
9619.44	-0.00137382
9617.51	-0.000827033
9615.58	-0.000871577
9613.65	-0.00129084
9611.73	-0.00208802
9609.8	-0.00223651
9607.87	-0.0019996
9605.94	-0.00230791
9604.01	-0.0024472
9602.09	-0.00227705
9600.16	-0.00230916
9598.23	-0.00178338
9596.3	-0.00122664
9594.37	-0.00129061
9592.45	-0.00153738
9590.52	-0.00192255
9588.59	-0.00213774
9586.66	-0.00167718
9584.73	-0.00182496
9582.81	-0.00150882
9580.88	-0.0010827
9578.95	-0.001265
9577.02	-0.00109483
9575.09	-0.00106706
9573.17	-0.00109278
9571.24	-0.00148656
9569.31	-0.00207611
9567.38	-0.00199221
9565.45	-0.00158925
9563.53	-0.000930797
9561.6	-0.000961082
9559.67	-0.00116862
9557.74	-0.000816351
9555.81	-0.00142567
9553.88	-0.00184331
9551.96	-0.000812944
9550.03	-6.90458e-05
9548.1	-0.000150833
9546.17	-0.000362004
9544.25	-0.000393388
9542.32	-0.00110646
9540.39	-0.00110686
9538.46	-0.000661613
9536.53	-0.00066555
9534.6	-0.00126064
9532.68	-0.00159469
9530.75	-0.00161605
9528.82	-0.00143647
9526.89	-0.00105718
9524.96	-0.000484845
9523.04	-0.000742462
9521.11	-0.00157247
9519.18	-0.00165976
9517.25	-0.00145123
9515.32	-0.00143818
9513.4	-0.00151499
9511.47	-0.00162236
9509.54	-0.00105989
9507.61	-0.00112417
9505.68	-0.00155966
9503.76	-0.00144456
9501.83	-0.000971132
9499.9	-0.0012728
9497.97	-0.00188319
9496.04	-0.00209893
9494.12	-0.00148042
9492.19	-0.00147781
9490.26	-0.00142408
9488.33	-0.00077739
9486.4	-0.00111571
9484.48	-0.00157195
9482.55	-0.00147157
9480.62	-0.00106277
9478.69	-0.00124148
9476.76	-0.00135961
9474.84	-0.00157485
9472.91	-0.00191295
9470.98	-0.00163922
9469.05	-0.00139796
9467.12	-0.00186505
9465.2	-0.00167289
9463.27	-0.000955792
9461.34	-0.00119826
9459.41	-0.00196319
9457.48	-0.00148864
9455.56	-0.000940815
9453.63	-0.000885267
9451.7	-0.000624657
9449.77	-0.000841452
9447.84	-0.00138574
9445.92	-0.001719
9443.99	-0.00158386
9442.06	-0.00190276
9440.13	-0.00221274
9438.2	-0.00180355
9436.28	-0.00139452
9434.35	-0.000931095
9432.42	-0.000376637
9430.49	-0.000630481
9428.56	-0.0014682
9426.63	-0.001444
9424.71	-0.000845288
9422.78	-0.000704421
9420.85	-0.000527141
9418.92	-0.00079191
9417	-0.00121012
9415.07	-0.0014362
9413.14	-0.000976521
9411.21	-0.00101722
9409.28	-0.00136222
9407.35	-0.00136245
9405.43	-0.00141401
9403.5	-0.00116201
9401.57	-0.00100297
9399.64	-0.00101821
9397.71	-0.0012357
9395.79	-0.00113739
9393.86	-0.000847966
9391.93	-0.000891979
9390	-0.000899585
9388.07	-0.00150598
9386.15	-0.00179965
9384.22	-0.00155138
9382.29	-0.00152203
9380.36	-0.0017327
9378.43	-0.00133629
9376.51	-0.00127088
9374.58	-0.001546
9372.65	-0.0011863
9370.72	-0.00127637
9368.79	-0.00146576
9366.87	-0.00144773
9364.94	-0.00169012
9363.01	-0.00220124
9361.08	-0.00224014
9359.15	-0.00154497
9357.23	-0.00106415
9355.3	-0.000905834
9353.37	-0.000827827
9351.44	-0.00122853
9349.51	-0.00146913
9347.59	-0.00181038
9345.66	-0.00178068
9343.73	-0.00136619
9341.8	-0.00185469
9339.87	-0.00203819
9337.95	-0.00123352
9336.02	-0.000684804
9334.09	-0.000844924
9332.16	-0.000842378
9330.23	-0.000776134
9328.31	-0.00123375
9326.38	-0.00165926
9324.45	-0.00132206
9322.52	-0.000757843
9320.59	-0.00101199
9318.67	-0.00145526
9316.74	-0.00102796
9314.81	-0.000966702
9312.88	-0.00136552
9310.95	-0.00142402
9309.03	-0.00091529
9307.1	-0.00118091
9305.17	-0.00188382
9303.24	-0.0013575
9301.31	-0.00129213
9299.38	-0.00163566
9297.46	-0.00140849
9295.53	-0.000852662
9293.6	-0.00107096
9291.67	-0.00142455
9289.74	-0.0013279
9287.82	-0.00130574
9285.89	-0.00165474
9283.96	-0.00185291
9282.03	-0.00155788
9280.1	-0.000961082
9278.18	-0.000746464
9276.25	-0.00106828
9274.32	-0.00137306
9272.39	-0.00130214
9270.46	-0.00130405
9268.54	-0.00119155
9266.61	-0.00121478
9264.68	-0.00126299
9262.75	-0.00143977
9260.82	-0.00159634
9258.9	-0.00114932
9256.97	-0.000748548
9255.04	-0.000906032
9253.11	-0.00117576
9251.18	-0.00141464
9249.26	-0.00187593
9247.33	-0.00207888
9245.4	-0.00128991
9243.47	-0.00143241
9241.54	-0.0021622
9239.62	-0.00189913
9237.69	-0.00110332
9235.76	-0.000939592
9233.83	-0.00148197
9231.9	-0.00189335
9229.98	-0.00152097
9228.05	-0.00101117
9226.12	-0.00169672
9224.19	-0.0019302
9222.26	-0.00133365
9220.34	-0.001328
9218.41	-0.00133993
9216.48	-0.00107275
9214.55	-0.00112516
9212.62	-0.00106435
9210.7	-0.00121277
9208.77	-0.00169435
9206.84	-0.0018436
9204.91	-0.00186218
9202.98	-0.00185505
9201.05	-0.00186053
9199.13	-0.00216065
9197.2	-0.00211598
9195.27	-0.00139409
9193.34	-0.000906826
9191.42	-0.00100508
9189.49	-0.00108461
9187.56	-0.00142626
9185.63	-0.00131383
9183.7	-0.00113016
9181.77	-0.00123725
9179.85	-0.00140278
9177.92	-0.00149947
9175.99	-0.00101917
9174.06	-0.000635245
9172.13	-0.00106164
9170.21	-0.00134594
9168.28	-0.00127947
9166.35	-0.00121012
9164.42	-0.000983431
9162.49	-0.000950271
9160.57	-0.00151437
9158.64	-0.00190487
9156.71	-0.0017884
9154.78	-0.00148736
9152.85	-0.00122123
9150.93	-0.00124059
9149	-0.00102244
9147.07	-0.00130408
9145.14	-0.00160846
9143.21	-0.00158211
9141.29	-0.00176428
9139.36	-0.00139839
9137.43	-0.000987001
9135.5	-0.000935691
9133.57	-0.0012762
9131.65	-0.00131773
9129.72	-0.00111654
9127.79	-0.00122109
9125.86	-0.0016081
9123.93	-0.00169078
9122.01	-0.001346
9120.08	-0.00126728
9118.15	-0.00163797
9116.22	-0.00145103
9114.29	-0.00129976
9112.37	-0.00150122
9110.44	-0.00144776
9108.51	-0.00139132
9106.58	-0.00148977
9104.65	-0.00134666
9102.73	-0.00166256
9100.8	-0.00183552
9098.87	-0.0017322
9096.94	-0.00150948
9095.01	-0.0013971
9093.08	-0.00161311
9091.16	-0.00137434
9089.23	-0.00135647
9087.3	-0.00186152
9085.37	-0.00211021
9083.45	-0.00192393
9081.52	-0.00167636
9079.59	-0.00135466
9077.66	-0.00129758
9075.73	-0.00158129
9073.8	-0.00167755
9071.88	-0.00161011
9069.95	-0.00135922
9068.02	-0.00140856
9066.09	-0.00196418
9064.17	-0.00187165
9062.24	-0.00167118
9060.31	-0.00193363
9058.38	-0.00185954
9056.45	-0.00154197
9054.52	-0.00138369
9052.6	-0.00133827
9050.67	-0.00158783
9048.74	-0.00158145
9046.81	-0.00138214
9044.88	-0.00137893
9042.96	-0.00153451
9041.03	-0.00202328
9039.1	-0.0019782
9037.17	-0.00157772
9035.24	-0.00158083
9033.32	-0.00190846
9031.39	-0.00218106
9029.46	-0.00245244
9027.53	-0.00251638
9025.6	-0.00194386
9023.68	-0.00116816
9021.75	-0.0012539
9019.82	-0.00205283
9017.89	-0.00242321
9015.96	-0.00214757
9014.04	-0.002074
9012.11	-0.00251668
9010.18	-0.00291382
9008.25	-0.00227659
9006.32	-0.00145968
9004.4	-0.00120689
9002.47	-0.00187811
9000.54	-0.00206319
8998.61	-0.00176675
8996.68	-0.00165081
8994.76	-0.00187986
8992.83	-0.00227794
8990.9	-0.00229746
8988.97	-0.00212346
8987.04	-0.00168874
8985.12	-0.00169702
8983.19	-0.0019872
8981.26	-0.00193139
8979.33	-0.0017916
8977.4	-0.0020676
8975.48	-0.00226964
8973.55	-0.0021898
8971.62	-0.00252327
8969.69	-0.00221228
8967.76	-0.00165748
8965.83	-0.0016957
8963.91	-0.00201959
8961.98	-0.00178098
8960.05	-0.00176913
8958.12	-0.00170857
8956.2	-0.00163592
8954.27	-0.00148534
8952.34	-0.00160625
8950.41	-0.00213678
8948.48	-0.00225919
8946.55	-0.00231585
8944.63	-0.00223529
8942.7	-0.00219026
8940.77	-0.00243731
8938.84	-0.00226295
8936.92	-0.0018667
8934.99	-0.00224208
8933.06	-0.00246011
8931.13	-0.00240575
8929.2	-0.00283179
8927.27	-0.00282465
8925.35	-0.0025818
8923.42	-0.00262146
8921.49	-0.00241619
8919.56	-0.00237952
8917.63	-0.00238552
8915.71	-0.0022493
8913.78	-0.00221505
8911.85	-0.00206131
8909.92	-0.00169712
8907.99	-0.00184486
8906.07	-0.0023056
8904.14	-0.00221001
8902.21	-0.00206787
8900.28	-0.00203654
8898.35	-0.00191259
8896.43	-0.0018245
8894.5	-0.00216481
8892.57	-0.00275094
8890.64	-0.00256708
8888.71	-0.00224666
8886.79	-0.00204838
8884.86	-0.00222431
8882.93	-0.0024013
8881	-0.00271366
8879.07	-0.00271518
8877.15	-0.00264191
8875.22	-0.00272684
8873.29	-0.00241234
8871.36	-0.00234956
8869.43	-0.00234554
8867.51	-0.00211743
8865.58	-0.00241099
8863.65	-0.00241748
8861.72	-0.00224172
8859.79	-0.00228546
8857.87	-0.00259142
8855.94	-0.0027541
8854.01	-0.00241445
8852.08	-0.00200046
8850.15	-0.00233223
8848.22	-0.00271143
8846.3	-0.00245399
8844.37	-0.00221944
8842.44	-0.00196873
8840.51	-0.00192166
8838.58	-0.00210332
8836.66	-0.00215129
8834.73	-0.0022407
8832.8	-0.00229657
8830.87	-0.00283456
8828.94	-0.00325719
8827.02	-0.00302413
8825.09	-0.00262966
8823.16	-0.00240529
8821.23	-0.00255776
8819.3	-0.00265367
8817.38	-0.00226881
8815.45	-0.00202747
8813.52	-0.00224198
8811.59	-0.00246763
8809.66	-0.00283755
8807.74	-0.00293182
8805.81	-0.00244894
8803.88	-0.00199304
8801.95	-0.00247991
8800.02	-0.00288081
8798.1	-0.00293264
8796.17	-0.0030873
8794.24	-0.00303021
8792.31	-0.00281902
8790.38	-0.00265116
8788.46	-0.00258249
8786.53	-0.00272259
8784.6	-0.00273013
8782.67	-0.00274886
8780.74	-0.00257232
8778.82	-0.00248568
8776.89	-0.00257377
8774.96	-0.00269331
8773.03	-0.00223252
8771.1	-0.00198671
8769.18	-0.00238423
8767.25	-0.00256352
8765.32	-0.00265666
8763.39	-0.00288788
8761.46	-0.00309207
8759.54	-0.00326804
8757.61	-0.00322226
8755.68	-0.00277257
8753.75	-0.00240295
8751.82	-0.00223895
8749.9	-0.002802
8747.97	-0.0029383
8746.04	-0.00316661
8744.11	-0.0032929
8742.18	-0.00291777
8740.25	-0.00260571
8738.33	-0.00240759
8736.4	-0.00274932
8734.47	-0.00285118
8732.54	-0.00269983
8730.62	-0.00285796
8728.69	-0.00276295
8726.76	-0.00269443
8724.83	-0.00271143
8722.9	-0.00270952
8720.97	-0.00257653
8719.05	-0.00236578
8717.12	-0.00237355
8715.19	-0.00282623
8713.26	-0.00303564
8711.33	-0.00272325
8709.41	-0.00266598
8707.48	-0.00318099
8705.55	-0.00333361
8703.62	-0.0032537
8701.69	-0.00285214
8699.77	-0.00254132
8697.84	-0.00262521
8695.91	-0.00276174
8693.98	-0.00252389
8692.05	-0.00302011
8690.13	-0.00346137
8688.2	-0.00306266
8686.27	-0.00299287
8684.34	-0.00349562
8682.41	-0.00341022
8680.49	-0.00317914
8678.56	-0.00288374
8676.63	-0.00279021
8674.7	-0.00280839
8672.77	-0.00285786
8670.85	-0.00320319
8668.92	-0.0032834
8666.99	-0.00281616
8665.06	-0.00256836
8663.13	-0.00258967
8661.21	-0.00283913
8659.28	-0.00346038
8657.35	-0.00349588
8655.42	-0.00301712
8653.49	-0.0029671
8651.57	-0.00308907
8649.64	-0.00296838
8647.71	-0.00296483
8645.78	-0.00321296
8643.85	-0.00342688
8641.93	-0.00315477
8640	-0.00296111
8638.07	-0.00288143
8636.14	-0.00304291
8634.21	-0.00308338
8632.29	-0.00309779
8630.36	-0.00295841
8628.43	-0.00293218
8626.5	-0.0030897
8624.57	-0.00324384
8622.65	-0.0035274
8620.72	-0.00343487
8618.79	-0.00308838
8616.86	-0.00301271
8614.93	-0.00332138
8613	-0.00370773
8611.08	-0.00339279
8609.15	-0.00310424
8607.22	-0.00325571
8605.29	-0.00329409
8603.37	-0.00338014
8601.44	-0.00336432
8599.51	-0.00315638
8597.58	-0.00300139
8595.65	-0.00313125
8593.72	-0.00335719
8591.8	-0.00322693
8589.87	-0.00311957
8587.94	-0.00322644
8586.01	-0.00340821
8584.08	-0.00379353
8582.16	-0.003625
8580.23	-0.00320052
8578.3	-0.0031847
8576.37	-0.00314586
8574.44	-0.00324617
8572.52	-0.00367875
8570.59	-0.00371502
8568.66	-0.00355484
8566.73	-0.00336521
8564.8	-0.00320822
8562.88	-0.00339473
8560.95	-0.0032686
8559.02	-0.00311891
8557.09	-0.00318638
8555.16	-0.0035154
8553.24	-0.00355192
8551.31	-0.00334502
8549.38	-0.00343793
8547.45	-0.00361071
8545.52	-0.00347425
8543.6	-0.00321286
8541.67	-0.00335035
8539.74	-0.00369032
8537.81	-0.00342442
8535.88	-0.00342419
8533.96	-0.00351655
8532.03	-0.00331388
8530.1	-0.00323266
8528.17	-0.00335837
8526.24	-0.00365507
8524.32	-0.00366959
8522.39	-0.00338707
8520.46	-0.00333894
8518.53	-0.00361978
8516.6	-0.00353075
8514.68	-0.00369926
8512.75	-0.00391176
8510.82	-0.00392578
8508.89	-0.00396275
8506.96	-0.00378703
8505.04	-0.00361794
8503.11	-0.00345236
8501.18	-0.00354801
8499.25	-0.00361869
8497.32	-0.00370645
8495.39	-0.00367189
8493.47	-0.00371752
8491.54	-0.0038448
8489.61	-0.00383045
8487.68	-0.00368
8485.75	-0.00352244
8483.83	-0.00356289
8481.9	-0.00371795
8479.97	-0.00360095
8478.04	-0.00339647
8476.11	-0.00320062
8474.19	-0.00343671
8472.26	-0.00354028
8470.33	-0.00377061
8468.4	-0.00421704
8466.47	-0.00420063
8464.55	-0.00370793
8462.62	-0.00333263
8460.69	-0.00341791
8458.76	-0.00353407
8456.83	-0.00360509
8454.91	-0.0039551
8452.98	-0.00405238
8451.05	-0.0039203
8449.12	-0.00397211
8447.19	-0.00391465
8445.27	-0.00374236
8443.34	-0.0037623
8441.41	-0.00396978
8439.48	-0.00412548
8437.55	-0.00417503
8435.63	-0.0043282
8433.7	-0.00434017
8431.77	-0.0039924
8429.84	-0.00357265
8427.91	-0.00355323
8425.99	-0.00376722
8424.06	-0.00415403
8422.13	-0.00404023
8420.2	-0.00389649
8418.27	-0.00353378
8416.35	-0.00358163
8414.42	-0.00397425
8412.49	-0.00406955
8410.56	-0.00387564
8408.63	-0.00419443
8406.71	-0.00402993
8404.78	-0.0040811
8402.85	-0.00431708
8400.92	-0.00439292
8398.99	-0.00413306
8397.07	-0.00382326
8395.14	-0.00388395
8393.21	-0.00416289
8391.28	-0.00420306
8389.35	-0.00398672
8387.43	-0.0040508
8385.5	-0.00407316
8383.57	-0.00389823
8381.64	-0.00357742
8379.71	-0.00355688
8377.79	-0.0036895
8375.86	-0.00377317
8373.93	-0.00425684
8372	-0.00446596
8370.07	-0.00437278
8368.14	-0.00451446
8366.22	-0.00458564
8364.29	-0.00464721
8362.36	-0.00433781
8360.43	-0.00388677
8358.5	-0.00379544
8356.58	-0.00380056
8354.65	-0.00384135
8352.72	-0.00392716
8350.79	-0.00379363
8348.86	-0.00367471
8346.94	-0.00392408
8345.01	-0.00408566
8343.08	-0.00392053
8341.15	-0.00398518
8339.22	-0.00414153
8337.3	-0.0042235
8335.37	-0.0041473
8333.44	-0.00399992
8331.51	-0.00417763
8329.58	-0.00441532
8327.66	-0.00448839
8325.73	-0.00430536
8323.8	-0.0040336
8321.87	-0.00404447
8319.94	-0.00419617
8318.02	-0.0044328
8316.09	-0.0043405
8314.16	-0.00405268
8312.23	-0.00422534
8310.3	-0.00418367
8308.38	-0.00425878
8306.45	-0.00423407
8304.52	-0.00412899
8302.59	-0.00425074
8300.66	-0.00450662
8298.74	-0.00439958
8296.81	-0.00397753
8294.88	-0.00392752
8292.95	-0.00431265
8291.02	-0.00429897
8289.1	-0.00406531
8287.17	-0.00428801
8285.24	-0.00480293
8283.31	-0.0048989
8281.38	-0.00444585
8279.46	-0.00432095
8277.53	-0.00459414
8275.6	-0.00476596
8273.67	-0.00465278
8271.74	-0.00458646
8269.82	-0.00456279
8267.89	-0.00451125
8265.96	-0.00432305
8264.03	-0.00424198
8262.1	-0.00434273
8260.17	-0.0043753
8258.25	-0.0045462
8256.32	-0.00457548
8254.39	-0.00432164
8252.46	-0.00411911
8250.54	-0.00424877
8248.61	-0.00447481
8246.68	-0.00470248
8244.75	-0.00454958
8242.82	-0.00442588
8240.89	-0.00435444
8238.97	-0.00419197
8237.04	-0.00418357
8235.11	-0.00425605
8233.18	-0.00438373
8231.25	-0.00440712
8229.33	-0.00440532
8227.4	-0.00454725
8225.47	-0.00459823
8223.54	-0.00470038
8221.61	-0.00487436
8219.69	-0.00470753
8217.76	-0.00444126
8215.83	-0.00450951
8213.9	-0.00484068
8211.97	-0.00472054
8210.05	-0.00437698
8208.12	-0.00430582
8206.19	-0.00429076
8204.26	-0.00444713
8202.33	-0.00458338
8200.41	-0.00467848
8198.48	-0.00482714
8196.55	-0.00473027
8194.62	-0.00460305
8192.69	-0.00470713
8190.77	-0.00467442
8188.84	-0.00455168
8186.91	-0.00467226
8184.98	-0.00490221
8183.05	-0.00485998
8181.13	-0.00474994
8179.2	-0.00491761
8177.27	-0.00505944
8175.34	-0.00475892
8173.41	-0.00451125
8171.49	-0.00465554
8169.56	-0.00484834
8167.63	-0.00465803
8165.7	-0.00497598
8163.77	-0.00525887
8161.85	-0.00500628
8159.92	-0.00455368
8157.99	-0.00423216
8156.06	-0.00458496
8154.13	-0.00496242
8152.21	-0.00474666
8150.28	-0.00462161
8148.35	-0.00462626
8146.42	-0.00441424
8144.49	-0.00438318
8142.56	-0.0045261
8140.64	-0.00464475
8138.71	-0.00487747
8136.78	-0.00519068
8134.85	-0.00501978
8132.92	-0.00490476
8131	-0.00486473
8129.07	-0.0045904
8127.14	-0.00462882
8125.21	-0.00471549
8123.28	-0.00458273
8121.36	-0.00474984
8119.43	-0.00477068
8117.5	-0.00468992
8115.57	-0.00453456
8113.64	-0.00469278
8111.72	-0.00486663
8109.79	-0.00489913
8107.86	-0.00483376
8105.93	-0.00486971
8104	-0.004977
8102.08	-0.00498617
8100.15	-0.00472342
8098.22	-0.00465331
8096.29	-0.00472342
8094.36	-0.00479762
8092.44	-0.00496154
8090.51	-0.00507536
8088.58	-0.00481994
8086.65	-0.00482072
8084.72	-0.0049106
8082.8	-0.00468438
8080.87	-0.0047734
8078.94	-0.0048933
8077.01	-0.00489982
8075.08	-0.00516449
8073.16	-0.00528346
8071.23	-0.00518056
8069.3	-0.00505171
8067.37	-0.00495616
8065.44	-0.00503006
8063.52	-0.00497539
8061.59	-0.00501578
8059.66	-0.0050465
8057.73	-0.00486751
8055.8	-0.00487701
8053.88	-0.00498355
8051.95	-0.00527455
8050.02	-0.00510018
8048.09	-0.00476629
8046.16	-0.00479578
8044.24	-0.00492904
8042.31	-0.00514602
8040.38	-0.00525462
8038.45	-0.00518056
8036.52	-0.00517297
8034.6	-0.00527793
8032.67	-0.00524018
8030.74	-0.00506936
8028.81	-0.00514704
8026.88	-0.005359
8024.96	-0.00534928
8023.03	-0.00526797
8021.1	-0.00544245
8019.17	-0.00529397
8017.24	-0.00520286
8015.31	-0.00508616
8013.39	-0.00507827
8011.46	-0.0051063
8009.53	-0.00500812
8007.6	-0.00518908
8005.67	-0.00523396
8003.75	-0.004992
8001.82	-0.00496147
7999.89	-0.00500209
7997.96	-0.00513211
7996.03	-0.00514275
7994.11	-0.00511157
7992.18	-0.00497939
7990.25	-0.00518289
7988.32	-0.0053698
7986.39	-0.00517061
7984.47	-0.00491315
7982.54	-0.00496481
7980.61	-0.00523864
7978.68	-0.00540727
7976.75	-0.00502829
7974.83	-0.00472499
7972.9	-0.00506072
7970.97	-0.00531747
7969.04	-0.0050972
7967.11	-0.00510109
7965.19	-0.00533763
7963.26	-0.00491639
7961.33	-0.00465249
7959.4	-0.00488088
7957.47	-0.00533007
7955.55	-0.00555117
7953.62	-0.00547972
7951.69	-0.00540799
7949.76	-0.00532997
7947.83	-0.00515843
7945.91	-0.0049732
7943.98	-0.00500956
7942.05	-0.00528087
7940.12	-0.00549208
7938.19	-0.00540891
7936.27	-0.00530516
7934.34	-0.00546208
7932.41	-0.00556942
7930.48	-0.0051785
7928.55	-0.00503062
7926.63	-0.00509916
7924.7	-0.00507925
7922.77	-0.00522627
7920.84	-0.00544199
7918.91	-0.00520208
7916.99	-0.00502757
7915.06	-0.00531266
7913.13	-0.00531763
7911.2	-0.00504578
7909.27	-0.00540125
7907.35	-0.00561793
7905.42	-0.00523553
7903.49	-0.00518626
7901.56	-0.00531364
7899.63	-0.00533082
7897.71	-0.00528811
7895.78	-0.00542717
7893.85	-0.0055267
7891.92	-0.00543653
7889.99	-0.00538944
7888.06	-0.00547396
7886.14	-0.00534974
7884.21	-0.00538993
7882.28	-0.00549915
7880.35	-0.00547805
7878.42	-0.00539284
7876.5	-0.00530054
7874.57	-0.0054861
7872.64	-0.00551063
7870.71	-0.00533334
7868.78	-0.00543653
7866.86	-0.00550052
7864.93	-0.00555352
7863	-0.00570869
7861.07	-0.00555117
7859.14	-0.0054858
7857.22	-0.00550295
7855.29	-0.00546679
7853.36	-0.00539408
7851.43	-0.0053932
7849.5	-0.00542052
7847.58	-0.00560756
7845.65	-0.00577873
7843.72	-0.0057235
7841.79	-0.00573494
7839.86	-0.0057494
7837.94	-0.00544271
7836.01	-0.00541581
7834.08	-0.0055424
7832.15	-0.00560684
7830.22	-0.00547932
7828.3	-0.00529053
7826.37	-0.00550432
7824.44	-0.00571202
7822.51	-0.00573154
7820.58	-0.005588
7818.66	-0.00541918
7816.73	-0.00558195
7814.8	-0.00560112
7812.87	-0.00541306
7810.94	-0.00540472
7809.02	-0.00555598
7807.09	-0.00569662
7805.16	-0.00544853
7803.23	-0.00532935
7801.3	-0.00559723
7799.38	-0.00565597
7797.45	-0.00574403
7795.52	-0.00561037
7793.59	-0.0057698
7791.66	-0.00574237
7789.74	-0.00544637
7787.81	-0.00556867
7785.88	-0.00542936
7783.95	-0.00523652
7782.02	-0.00545161
7780.09	-0.00581342
7778.17	-0.00576084
7776.24	-0.00557593
7774.31	-0.00556886
7772.38	-0.00559958
7770.46	-0.00553524
7768.53	-0.00546208
7766.6	-0.00569577
7764.67	-0.0058954
7762.74	-0.00593374
7760.81	-0.00612298
7758.89	-0.00589606
7756.96	-0.00548986
7755.03	-0.00536892
7753.1	-0.00554459
7751.17	-0.00567991
7749.25	-0.00556674
7747.32	-0.00563327
7745.39	-0.00578706
7743.46	-0.00574835
7741.53	-0.00563929
7739.61	-0.00554741
7737.68	-0.00567396
7735.75	-0.00564946
7733.82	-0.00580197
7731.89	-0.00587778
7729.97	-0.00548963
7728.04	-0.00525151
7726.11	-0.00546192
7724.18	-0.00574812
7722.25	-0.00571814
7720.33	-0.00569966
7718.4	-0.00566918
7716.47	-0.00562781
7714.54	-0.00555784
7712.61	-0.00554894
7710.69	-0.00577696
7708.76	-0.00576382
7706.83	-0.00566987
7704.9	-0.0058818
7702.97	-0.00590923
7701.05	-0.0055249
7699.12	-0.005595
7697.19	-0.00593714
7695.26	-0.00591792
7693.33	-0.0059427
7691.41	-0.00591237
7689.48	-0.00558476
7687.55	-0.00556425
7685.62	-0.00584029
7683.69	-0.00596705
7681.77	-0.00598689
7679.84	-0.00590318
7677.91	-0.00575074
7675.98	-0.00561822
7674.05	-0.00585863
7672.12	-0.0060343
7670.2	-0.00585506
7668.27	-0.00577444
7666.34	-0.00577461
7664.41	-0.00588357
7662.48	-0.00597113
7660.56	-0.00602937
7658.63	-0.0057953
7656.7	-0.00579733
7654.77	-0.00580949
7652.84	-0.00567945
7650.92	-0.00579099
7648.99	-0.00583875
7647.06	-0.00571006
7645.13	-0.00585837
7643.2	-0.00583911
7641.28	-0.00586745
7639.35	-0.0056905
7637.42	-0.00547314
7635.49	-0.00549725
7633.56	-0.005621
7631.64	-0.00568579
7629.71	-0.00584954
7627.78	-0.00586108
7625.85	-0.00586526
7623.92	-0.00591367
7622	-0.00600153
7620.07	-0.00614176
7618.14	-0.00616715
7616.21	-0.00587586
7614.28	-0.00575172
7612.36	-0.00582839
7610.43	-0.0057391
7608.5	-0.00555385
7606.57	-0.00575947
7604.64	-0.00596685
7602.72	-0.0059959
7600.79	-0.00587399
7598.86	-0.00573449
7596.93	-0.00579432
7595	-0.00571506
7593.08	-0.00565482
7591.15	-0.00590773
7589.22	-0.00606881
7587.29	-0.0059261
7585.36	-0.00587164
7583.44	-0.00586817
7581.51	-0.00596257
7579.58	-0.00600254
7577.65	-0.00600143
7575.72	-0.00607106
7573.8	-0.00591364
7571.87	-0.00575247
7569.94	-0.00586915
7568.01	-0.00581449
7566.08	-0.0057974
7564.16	-0.00587671
7562.23	-0.00595894
7560.3	-0.0059912
7558.37	-0.00598947
7556.44	-0.00600832
7554.52	-0.00605999
7552.59	-0.00611011
7550.66	-0.00609259
7548.73	-0.00609302
7546.8	-0.00601898
7544.88	-0.00599891
7542.95	-0.00593309
7541.02	-0.00574122
7539.09	-0.00585281
7537.16	-0.00590665
7535.23	-0.00593544
7533.31	-0.00603015
7531.38	-0.00602786
7529.45	-0.0061728
7527.52	-0.00612889
7525.59	-0.00588105
7523.67	-0.00585082
7521.74	-0.00581005
7519.81	-0.00591063
7517.88	-0.00622179
7515.95	-0.00618975
7514.03	-0.00606835
7512.1	-0.00605933
7510.17	-0.00610337
7508.24	-0.00612249
7506.31	-0.00601025
7504.39	-0.00601898
7502.46	-0.00603992
7500.53	-0.00597986
7498.6	-0.00610008
7496.67	-0.00613778
7494.75	-0.00604698
7492.82	-0.00602375
7490.89	-0.00611752
7488.96	-0.00621369
7487.03	-0.00626798
7485.11	-0.00627467
7483.18	-0.00614392
7481.25	-0.00612379
7479.32	-0.00602724
7477.39	-0.00605012
7475.47	-0.00602041
7473.54	-0.00606273
7471.61	-0.00601904
7469.68	-0.00603946
7467.75	-0.00623584
7465.83	-0.00633946
7463.9	-0.00619547
7461.97	-0.00610681
7460.04	-0.00617626
7458.11	-0.00618995
7456.19	-0.00601499
7454.26	-0.00581858
7452.33	-0.0060409
7450.4	-0.0061597
7448.47	-0.00608668
7446.54	-0.00608746
7444.62	-0.00602025
7442.69	-0.00603832
7440.76	-0.00606959
7438.83	-0.00603577
7436.91	-0.00608439
7434.98	-0.005991
7433.05	-0.00584934
7431.12	-0.00609076
7429.19	-0.00620461
7427.26	-0.00606345
7425.34	-0.00608197
7423.41	-0.00613882
7421.48	-0.0061905
7419.55	-0.00623701
7417.62	-0.00626164
7415.7	-0.00610109
7413.77	-0.00591041
7411.84	-0.0057597
7409.91	-0.00592881
7407.98	-0.00610383
7406.06	-0.00621255
7404.13	-0.00609158
7402.2	-0.00608197
7400.27	-0.00616127
7398.34	-0.00604711
7396.42	-0.00620265
7394.49	-0.00633002
7392.56	-0.00609929
7390.63	-0.00598836
7388.7	-0.00613869
7386.78	-0.00612432
7384.85	-0.00592727
7382.92	-0.00577918
7380.99	-0.00582528
7379.06	-0.00604656
7377.14	-0.00623894
7375.21	-0.00610047
7373.28	-0.00607296
7371.35	-0.00616626
7369.42	-0.00621461
7367.5	-0.00624028
7365.57	-0.00620579
7363.64	-0.00619599
7361.71	-0.00623107
7359.78	-0.00606469
7357.86	-0.0060443
7355.93	-0.00615561
7354	-0.00633064
7352.07	-0.006262
7350.14	-0.00613111
7348.22	-0.00604512
7346.29	-0.00589452
7344.36	-0.00585954
7342.43	-0.0061758
7340.5	-0.00620925
7338.58	-0.00608511
7336.65	-0.00613314
7334.72	-0.00609096
7332.79	-0.0059191
7330.86	-0.005931
7328.94	-0.0060026
7327.01	-0.00614441
7325.08	-0.00618175
7323.15	-0.00612902
7321.22	-0.00602597
7319.29	-0.00619328
7317.37	-0.00638834
7315.44	-0.00628417
7313.51	-0.00620543
7311.58	-0.0062537
7309.65	-0.00618929
7307.73	-0.00610047
7305.8	-0.00611001
7303.87	-0.00611001
7301.94	-0.00623303
7300.01	-0.00633927
7298.09	-0.00628476
7296.16	-0.00605371
7294.23	-0.00601414
7292.3	-0.00601332
7290.37	-0.00595061
7288.45	-0.00606796
7286.52	-0.0061905
7284.59	-0.0062441
7282.66	-0.0061433
7280.73	-0.00604244
7278.81	-0.00616388
7276.88	-0.0059593
7274.95	-0.00580894
7273.02	-0.00595198
7271.09	-0.00601159
7269.17	-0.00606668
7267.24	-0.00603564
7265.31	-0.00593319
7263.38	-0.00603283
7261.45	-0.00607368
7259.53	-0.00607325
7257.6	-0.00618913
7255.67	-0.00625625
7253.74	-0.00613614
7251.81	-0.00613268
7249.89	-0.00612177
7247.96	-0.0060541
7246.03	-0.00610935
7244.1	-0.00619272
7242.17	-0.00622196
7240.25	-0.00627075
7238.32	-0.00622816
7236.39	-0.00617123
7234.46	-0.00612758
7232.53	-0.00614346
7230.61	-0.00611906
7228.68	-0.00602198
7226.75	-0.00601198
7224.82	-0.00613804
7222.89	-0.0064694
7220.97	-0.00640392
7219.04	-0.0061217
7217.11	-0.00606789
7215.18	-0.00617035
7213.25	-0.00636522
7211.33	-0.0064206
7209.4	-0.00632983
7207.47	-0.00609145
7205.54	-0.00601907
7203.61	-0.00623855
7201.69	-0.0062326
7199.76	-0.00623809
7197.83	-0.00633708
7195.9	-0.00644042
7193.97	-0.00632568
7192.04	-0.00627676
7190.12	-0.0062489
7188.19	-0.00619347
7186.26	-0.00624737
7184.33	-0.00631014
7182.4	-0.00638867
7180.48	-0.00626879
7178.55	-0.00607658
7176.62	-0.00613657
7174.69	-0.00612994
7172.76	-0.00616708
7170.84	-0.00631553
7168.91	-0.00620311
7166.98	-0.00613229
7165.05	-0.00622735
7163.12	-0.00620367
7161.2	-0.00615699
7159.27	-0.00617685
7157.34	-0.00621183
7155.41	-0.00613869
7153.48	-0.00607848
7151.56	-0.00603992
7149.63	-0.00608802
7147.7	-0.00607766
7145.77	-0.00616061
7143.84	-0.00621706
7141.92	-0.00617463
7139.99	-0.00609436
7138.06	-0.00610302
7136.13	-0.00613075
7134.2	-0.00603247
7132.28	-0.00606564
7130.35	-0.00599734
7128.42	-0.0059711
7126.49	-0.00607087
7124.56	-0.00605283
7122.64	-0.00597548
7120.71	-0.00601633
7118.78	-0.00605093
7116.85	-0.00602496
7114.92	-0.00603528
7113	-0.00597156
7111.07	-0.0059862
7109.14	-0.00627732
7107.21	-0.00649536
7105.28	-0.00645507
7103.36	-0.00629792
7101.43	-0.00629992
7099.5	-0.0063614
7097.57	-0.00636728
7095.64	-0.00615561
7093.71	-0.00600718
7091.79	-0.00610092
7089.86	-0.00605907
7087.93	-0.00594718
7086	-0.00606995
7084.08	-0.00618923
7082.15	-0.00627448
7080.22	-0.00620184
7078.29	-0.00604012
7076.36	-0.00611778
7074.43	-0.00626105
7072.51	-0.00622967
7070.58	-0.00593861
7068.65	-0.00581469
7066.72	-0.00594208
7064.79	-0.00612131
7062.87	-0.00622094
7060.94	-0.00627777
7059.01	-0.00624172
7057.08	-0.00609341
7055.15	-0.00591711
7053.23	-0.00593995
7051.3	-0.00609367
7049.37	-0.00608959
7047.44	-0.00601989
7045.51	-0.00586589
7043.59	-0.00574531
7041.66	-0.00596107
7039.73	-0.00593061
7037.8	-0.0057254
7035.87	-0.0057303
7033.95	-0.00598192
7032.02	-0.00608224
7030.09	-0.00606551
7028.16	-0.00604159
7026.23	-0.00595143
7024.31	-0.00593551
7022.38	-0.00598656
7020.45	-0.0060343
7018.52	-0.00599724
7016.59	-0.00598375
7014.67	-0.00600934
7012.74	-0.00602512
7010.81	-0.0060491
7008.88	-0.00609459
7006.95	-0.00612752
7005.03	-0.00595169
7003.1	-0.00590603
7001.17	-0.00598957
6999.24	-0.00589413
6997.31	-0.00588203
6995.39	-0.00594146
6993.46	-0.00585627
6991.53	-0.00588324
6989.6	-0.0058855
6987.67	-0.00592698
6985.75	-0.00603293
6983.82	-0.00613052
6981.89	-0.0061433
6979.96	-0.00611197
6978.03	-0.00609602
6976.1	-0.00597322
6974.18	-0.00588252
6972.25	-0.00591737
6970.32	-0.00601751
6968.39	-0.00594381
6966.46	-0.00598084
6964.54	-0.00613193
6962.61	-0.00613869
6960.68	-0.00604371
6958.75	-0.00589177
6956.82	-0.00587978
6954.9	-0.00595567
6952.97	-0.005924
6951.04	-0.0057698
6949.11	-0.00569413
6947.18	-0.00568187
6945.26	-0.00560458
6943.33	-0.00568095
6941.4	-0.00566624
6939.47	-0.00566928
6937.54	-0.00576009
6935.62	-0.00566706
6933.69	-0.00559392
6931.76	-0.00563746
6929.83	-0.00568926
6927.9	-0.00586595
6925.98	-0.0060344
6924.05	-0.00592963
6922.12	-0.0057252
6920.19	-0.00562117
6918.26	-0.0057133
6916.34	-0.00575826
6914.41	-0.00565783
6912.48	-0.00552549
6910.55	-0.00562676
6908.62	-0.00572464
6906.7	-0.0056215
6904.77	-0.0056957
6902.84	-0.00577716
6900.91	-0.00579478
6898.98	-0.00587726
6897.06	-0.00579135
6895.13	-0.00566791
6893.2	-0.00571555
6891.27	-0.00571215
6889.34	-0.00576983
6887.42	-0.00575411
6885.49	-0.00574155
6883.56	-0.00563729
6881.63	-0.00562627
6879.7	-0.00568625
6877.78	-0.00573867
6875.85	-0.00561158
6873.92	-0.00550831
6871.99	-0.0055722
6870.06	-0.00569878
6868.14	-0.00571392
6866.21	-0.00561767
6864.28	-0.00551289
6862.35	-0.0054789
6860.42	-0.00547137
6858.5	-0.00560521
6856.57	-0.00541319
6854.64	-0.00523269
6852.71	-0.00530987
6850.78	-0.00539552
6848.85	-0.00548626
6846.93	-0.0054768
6845	-0.00531691
6843.07	-0.00524817
6841.14	-0.00531252
6839.21	-0.00526735
6837.29	-0.00519916
6835.36	-0.00520532
6833.43	-0.00526919
6831.5	-0.00523386
6829.57	-0.00523452
6827.65	-0.00520208
6825.72	-0.00523635
6823.79	-0.00535992
6821.86	-0.00553062
6819.93	-0.00554924
6818.01	-0.00547163
6816.08	-0.00533737
6814.15	-0.00506763
6812.22	-0.00500831
6810.29	-0.00496557
6808.37	-0.0050971
6806.44	-0.005418
6804.51	-0.00532382
6802.58	-0.00521023
6800.65	-0.0051913
6798.73	-0.00512628
6796.8	-0.00515119
6794.87	-0.00521697
6792.94	-0.00519481
6791.01	-0.00526408
6789.09	-0.00531825
6787.16	-0.00520561
6785.23	-0.00506235
6783.3	-0.00506926
6781.37	-0.00517441
6779.45	-0.00514029
6777.52	-0.00507591
6775.59	-0.00512592
6773.66	-0.00505613
6771.73	-0.00507388
6769.81	-0.00513486
6767.88	-0.0050746
6765.95	-0.0051082
6764.02	-0.00501237
6762.09	-0.00476213
6760.17	-0.00471034
6758.24	-0.00478431
6756.31	-0.00496317
6754.38	-0.00519216
6752.45	-0.00515005
6750.53	-0.00501814
6748.6	-0.00499976
6746.67	-0.00508197
6744.74	-0.00503049
6742.81	-0.00502862
6740.88	-0.00504568
6738.96	-0.00507663
6737.03	-0.00515558
6735.1	-0.00507598
6733.17	-0.00492111
6731.25	-0.00492393
6729.32	-0.00477212
6727.39	-0.00480653
6725.46	-0.00488635
6723.53	-0.00481171
6721.6	-0.00480781
6719.68	-0.00488219
6717.75	-0.00486951
6715.82	-0.00477288
6713.89	-0.00464898
6711.96	-0.00462764
6710.04	-0.00466134
6708.11	-0.00477894
6706.18	-0.00476757
6704.25	-0.00464898
6702.32	-0.00459935
6700.4	-0.00470975
6698.47	-0.00474564
6696.54	-0.00473106
6694.61	-0.00472965
6692.68	-0.00471716
6690.76	-0.00456355
6688.83	-0.00471549
6686.9	-0.00478507
6684.97	-0.00465115
6683.04	-0.00462263
6681.12	-0.00460459
6679.19	-0.00463413
6677.26	-0.00470995
6675.33	-0.00466622
6673.4	-0.00458082
6671.48	-0.0045781
6669.55	-0.0045781
6667.62	-0.00460581
6665.69	-0.00464285
6663.76	-0.00469674
6661.84	-0.00475131
6659.91	-0.00476059
6657.98	-0.0046617
6656.05	-0.00460935
6654.12	-0.00459466
6652.2	-0.00447872
6650.27	-0.00439354
6648.34	-0.00447799
6646.41	-0.00449865
6644.48	-0.00444713
6642.56	-0.00446842
6640.63	-0.00441561
6638.7	-0.00444277
6636.77	-0.00457253
6634.84	-0.00453502
6632.92	-0.0044534
6630.99	-0.00441512
6629.06	-0.00441584
6627.13	-0.00446006
6625.2	-0.00444349
6623.27	-0.0043632
6621.35	-0.00445881
6619.42	-0.00451774
6617.49	-0.00445907
6615.56	-0.00440568
6613.63	-0.00438626
6611.71	-0.00446452
6609.78	-0.00439184
6607.85	-0.00419945
6605.92	-0.00420716
6603.99	-0.00429506
6602.07	-0.00432482
6600.14	-0.00432269
6598.21	-0.00429303
6596.28	-0.00423059
6594.35	-0.00413273
6592.43	-0.00420565
6590.5	-0.00435336
6588.57	-0.00415321
6586.64	-0.00403403
6584.71	-0.00418537
6582.79	-0.00402428
6580.86	-0.0038247
6578.93	-0.00387268
6577	-0.00392004
6575.07	-0.0038738
6573.15	-0.00374893
6571.22	-0.00372918
6569.29	-0.00390119
6567.36	-0.00384096
6565.43	-0.00361787
6563.51	-0.00368027
6561.58	-0.00366551
6559.65	-0.00359878
6557.72	-0.00367928
6555.79	-0.00372008
6553.87	-0.00358034
6551.94	-0.00350275
6550.01	-0.00349552
6548.08	-0.00354301
6546.15	-0.00368375
6544.23	-0.00383469
6542.3	-0.00383643
6540.37	-0.00378693
6538.44	-0.00379797
6536.51	-0.00364133
6534.59	-0.00357321
6532.66	-0.00371443
6530.73	-0.00391186
6528.8	-0.00385659
6526.87	-0.0037573
6524.95	-0.00383525
6523.02	-0.00385922
6521.09	-0.00377116
6519.16	-0.00389295
6517.23	-0.00420273
6515.31	-0.00433079
6513.38	-0.00425487
6511.45	-0.00422321
6509.52	-0.00425815
6507.59	-0.00434414
6505.67	-0.00434204
6503.74	-0.00432485
6501.81	-0.0042594
6499.88	-0.00427347
6497.95	-0.00425569
6496.02	-0.00435421
6494.1	-0.00458519
6492.17	-0.0045364
6490.24	-0.004355
6488.31	-0.00427698
6486.38	-0.00433971
6484.46	-0.00435372
6482.53	-0.00436622
6480.6	-0.00439954
6478.67	-0.00444474
6476.74	-0.00444162
6474.82	-0.00451938
6472.89	-0.0046697
6470.96	-0.00461669
6469.03	-0.00452289
6467.1	-0.00450587
6465.18	-0.00443228
6463.25	-0.0043711
6461.32	-0.00447045
6459.39	-0.00456446
6457.46	-0.00470759
6455.54	-0.00476822
6453.61	-0.00470031
6451.68	-0.00455479
6449.75	-0.0045585
6447.82	-0.00467645
6445.9	-0.00475915
6443.97	-0.00473224
6442.04	-0.00473843
6440.11	-0.00459525
6438.18	-0.00452243
6436.26	-0.00449665
6434.33	-0.00456059
6432.4	-0.00463302
6430.47	-0.00455945
6428.54	-0.00455889
6426.62	-0.00454948
6424.69	-0.00458073
6422.76	-0.00465206
6420.83	-0.004534
6418.9	-0.00443346
6416.98	-0.00456499
6415.05	-0.0046539
6413.12	-0.00465357
6411.19	-0.00461689
6409.26	-0.00460345
6407.34	-0.00469504
6405.41	-0.0047034
6403.48	-0.00465898
6401.55	-0.00465662
6399.62	-0.00466642
6397.7	-0.00472971
6395.77	-0.00476049
6393.84	-0.00459086
6391.91	-0.00449091
6389.98	-0.00464465
6388.06	-0.00469448
6386.13	-0.0046678
6384.2	-0.00470212
6382.27	-0.00457335
6380.34	-0.00454571
6378.42	-0.00467707
6376.49	-0.00466472
6374.56	-0.00459987
6372.63	-0.00464413
6370.7	-0.00463164
6368.77	-0.00468261
6366.85	-0.00476996
6364.92	-0.00475957
6362.99	-0.00464865
6361.06	-0.00466806
6359.13	-0.00466826
6357.21	-0.00459935
6355.28	-0.00466554
6353.35	-0.00472827
6351.42	-0.0046657
6349.49	-0.0046221
6347.57	-0.00464311
6345.64	-0.00467488
6343.71	-0.00461063
6341.78	-0.00462528
6339.85	-0.00467734
6337.93	-0.00465387
6336	-0.00467199
6334.07	-0.00464511
6332.14	-0.00465967
6330.21	-0.00463859
6328.29	-0.00465836
6326.36	-0.0047911
6324.43	-0.00461128
6322.5	-0.004482
6320.57	-0.00459479
6318.65	-0.00457637
6316.72	-0.00451233
6314.79	-0.00449587
6312.86	-0.00440128
6310.93	-0.0044595
6309.01	-0.00458705
6307.08	-0.00468727
6305.15	-0.00476521
6303.22	-0.00467353
6301.29	-0.00465088
6299.37	-0.00472555
6297.44	-0.00467206
6295.51	-0.00458273
6293.58	-0.00453554
6291.65	-0.0045802
6289.73	-0.00462243
6287.8	-0.00462266
6285.87	-0.00460777
6283.94	-0.00460535
6282.01	-0.00458912
6280.08	-0.0044595
6278.16	-0.0043876
6276.23	-0.00452256
6274.3	-0.00457968
6272.37	-0.00455135
6270.45	-0.0046301
6268.52	-0.00458941
6266.59	-0.00462748
6264.66	-0.00470743
6262.73	-0.004622
6260.8	-0.00455814
6258.88	-0.00465485
6256.95	-0.0047245
6255.02	-0.00468363
6253.09	-0.00474427
6251.17	-0.00476829
6249.24	-0.00461351
6247.31	-0.00457738
6245.38	-0.00464033
6243.45	-0.00461771
6241.52	-0.00454377
6239.6	-0.00449337
6237.67	-0.00448636
6235.74	-0.00453548
6233.81	-0.00452407
6231.88	-0.00448409
6229.96	-0.00445005
6228.03	-0.00441676
6226.1	-0.00447517
6224.17	-0.00448721
6222.24	-0.00443811
6220.32	-0.00443621
6218.39	-0.00453476
6216.46	-0.00464387
6214.53	-0.00466865
6212.6	-0.00456371
6210.68	-0.00449383
6208.75	-0.00452722
6206.82	-0.00456155
6204.89	-0.00456177
6202.96	-0.00457109
6201.04	-0.00463292
6199.11	-0.00455718
6197.18	-0.00446363
6195.25	-0.0045261
6193.32	-0.00455853
6191.4	-0.0044657
6189.47	-0.00449878
6187.54	-0.0045743
6185.61	-0.00455991
6183.68	-0.00444995
6181.76	-0.00441476
6179.83	-0.00445441
6177.9	-0.00448019
6175.97	-0.00445369
6174.04	-0.00435175
6172.12	-0.00435995
6170.19	-0.00447147
6168.26	-0.00454479
6166.33	-0.00448829
6164.4	-0.00442516
6162.48	-0.00438796
6160.55	-0.00442686
6158.62	-0.00439594
6156.69	-0.00436477
6154.76	-0.00435444
6152.83	-0.00433194
6150.91	-0.00432203
6148.98	-0.00430061
6147.05	-0.00431393
6145.12	-0.00445497
6143.19	-0.00446888
6141.27	-0.00436205
6139.34	-0.00427252
6137.41	-0.00432574
6135.48	-0.00446622
6133.55	-0.00450377
6131.63	-0.00438918
6129.7	-0.0043219
6127.77	-0.00443136
6125.84	-0.00442791
6123.91	-0.00430792
6121.99	-0.0044125
6120.06	-0.00454941
6118.13	-0.00454148
6116.2	-0.00438272
6114.27	-0.00427302
6112.35	-0.00432849
6110.42	-0.00446468
6108.49	-0.00456187
6106.56	-0.00456627
6104.63	-0.00455377
6102.71	-0.00444841
6100.78	-0.00440548
6098.85	-0.00442208
6096.92	-0.00447219
6094.99	-0.00453587
6093.07	-0.00454751
6091.14	-0.00451207
6089.21	-0.00446537
6087.28	-0.00439256
6085.35	-0.00437852
6083.43	-0.00446294
6081.5	-0.00449324
6079.57	-0.00442906
6077.64	-0.00440614
6075.71	-0.00434637
6073.79	-0.00428775
6071.86	-0.00434024
6069.93	-0.00441148
6068	-0.00446206
6066.07	-0.00450918
6064.15	-0.00454968
6062.22	-0.00457755
6060.29	-0.00443664
6058.36	-0.00439256
6056.43	-0.00443392
6054.51	-0.00453823
6052.58	-0.00462617
6050.65	-0.00461161
6048.72	-0.00462335
6046.79	-0.00453509
6044.87	-0.0044164
6042.94	-0.00447199
6041.01	-0.00453994
6039.08	-0.00455577
6037.15	-0.0045964
6035.23	-0.00456161
6033.3	-0.00452426
6031.37	-0.00451023
6029.44	-0.00463184
6027.51	-0.00468084
6025.58	-0.00453295
6023.66	-0.00456459
6021.73	-0.00472391
6019.8	-0.00472182
6017.87	-0.00468465
6015.94	-0.00469959
6014.02	-0.00466855
6012.09	-0.0045882
6010.16	-0.00454771
6008.23	-0.0044941
6006.3	-0.00446888
6004.38	-0.00451108
6002.45	-0.00452243
6000.52	-0.0046259
5998.59	-0.00460754
5996.66	-0.0045218
5994.74	-0.00440391
5992.81	-0.00448987
5990.88	-0.00457466
5988.95	-0.00457
5987.02	-0.00457446
5985.1	-0.00449888
5983.17	-0.00454705
5981.24	-0.0046085
5979.31	-0.00460017
5977.38	-0.00462554
5975.46	-0.0046442
5973.53	-0.00455233
5971.6	-0.0044226
5969.67	-0.00432849
5967.74	-0.00431927
5965.82	-0.00438619
5963.89	-0.00449829
5961.96	-0.0045201
5960.03	-0.00448131
5958.1	-0.00443736
5956.18	-0.0044634
5954.25	-0.00448321
5952.32	-0.00450079
5950.39	-0.00457994
5948.46	-0.0045442
5946.54	-0.0044718
5944.61	-0.0043836
5942.68	-0.00443257
5940.75	-0.00438632
5938.82	-0.00433161
5936.9	-0.00439
5934.97	-0.0044512
5933.04	-0.00444756
5931.11	-0.00437294
5929.18	-0.004359
5927.25	-0.00437553
5925.33	-0.00442542
5923.4	-0.00447271
5921.47	-0.00450262
5919.54	-0.00446242
5917.62	-0.00442362
5915.69	-0.00437032
5913.76	-0.00440492
5911.83	-0.0044307
5909.9	-0.00440286
5907.97	-0.00434296
5906.05	-0.00421641
5904.12	-0.00421986
5902.19	-0.00433797
5900.26	-0.0044023
5898.33	-0.00436546
5896.41	-0.00434243
5894.48	-0.00430418
5892.55	-0.00428319
5890.62	-0.00426153
5888.69	-0.00424526
5886.77	-0.00434034
5884.84	-0.00441168
5882.91	-0.00438928
5880.98	-0.00433148
5879.05	-0.00427502
5877.13	-0.00427984
5875.2	-0.00424385
5873.27	-0.00417812
5871.34	-0.00412797
5869.41	-0.00416946
5867.49	-0.0042339
5865.56	-0.00428394
5863.63	-0.00433761
5861.7	-0.0042134
5859.77	-0.00415367
5857.85	-0.00425349
5855.92	-0.00431544
5853.99	-0.00427954
5852.06	-0.00424109
5850.13	-0.00425257
5848.21	-0.00420552
5846.28	-0.0041393
5844.35	-0.00415531
5842.42	-0.00417448
5840.49	-0.00424007
5838.57	-0.00410992
5836.64	-0.00400941
5834.71	-0.00405327
5832.78	-0.00413956
5830.85	-0.00419358
5828.93	-0.00425064
5827	-0.00428227
5825.07	-0.00420089
5823.14	-0.00417986
5821.21	-0.00416873
5819.29	-0.00414592
5817.36	-0.00413496
5815.43	-0.00409568
5813.5	-0.0040335
5811.57	-0.00400288
5809.65	-0.00409275
5807.72	-0.00408373
5805.79	-0.00403751
5803.86	-0.00403826
5801.93	-0.00407483
5800	-0.00410378
5798.08	-0.00412807
5796.15	-0.00407624
5794.22	-0.0040037
5792.29	-0.0040554
5790.36	-0.00405494
5788.44	-0.00406768
5786.51	-0.0040142
5784.58	-0.00401591
5782.65	-0.00406922
5780.72	-0.00398653
5778.8	-0.00381206
5776.87	-0.00376243
5774.94	-0.00397487
5773.01	-0.00404985
5771.08	-0.00404155
5769.16	-0.00404355
5767.23	-0.00405655
5765.3	-0.00400379
5763.37	-0.00392907
5761.44	-0.00388536
5759.52	-0.00390411
5757.59	-0.00389104
5755.66	-0.00392516
5753.73	-0.00401975
5751.8	-0.00398482
5749.88	-0.00390582
5747.95	-0.00398032
5746.02	-0.00391478
5744.09	-0.00382634
5742.16	-0.00380181
5740.24	-0.00383968
5738.31	-0.00384208
5736.38	-0.00381166
5734.45	-0.00375513
5732.52	-0.00373175
5730.6	-0.00388467
5728.67	-0.00401292
5726.74	-0.00389433
5724.81	-0.00376762
5722.88	-0.00373884
5720.96	-0.00378913
5719.03	-0.00383669
5717.1	-0.00383485
5715.17	-0.00375783
5713.24	-0.0037374
5711.32	-0.00367652
5709.39	-0.00364495
5707.46	-0.00380417
5705.53	-0.00376712
5703.6	-0.00376955
5701.68	-0.00378085
5699.75	-0.00378122
5697.82	-0.00376758
5695.89	-0.00365319
5693.96	-0.00364524
5692.03	-0.00373907
5690.11	-0.00373907
5688.18	-0.0037575
5686.25	-0.00387948
5684.32	-0.0038207
5682.4	-0.00370336
5680.47	-0.00369048
5678.54	-0.00370257
5676.61	-0.00367928
5674.68	-0.00363036
5672.75	-0.00363476
5670.83	-0.00371959
5668.9	-0.00372419
5666.97	-0.00362973
5665.04	-0.00364672
5663.11	-0.00360644
5661.19	-0.00357131
5659.26	-0.00369469
5657.33	-0.0037418
5655.4	-0.0036413
5653.47	-0.00351741
5651.55	-0.00346613
5649.62	-0.00350249
5647.69	-0.00367323
5645.76	-0.00363867
5643.83	-0.00359612
5641.91	-0.00368293
5639.98	-0.00366906
5638.05	-0.00369935
5636.12	-0.00374623
5634.19	-0.00371962
5632.27	-0.00374807
5630.34	-0.00376295
5628.41	-0.00361787
5626.48	-0.00343553
5624.55	-0.00336583
5622.63	-0.00351751
5620.7	-0.00363857
5618.77	-0.00354446
5616.84	-0.0034446
5614.91	-0.00342218
5612.99	-0.00349769
5611.06	-0.00344697
5609.13	-0.003361
5607.2	-0.00346942
5605.27	-0.0034918
5603.35	-0.00342613
5601.42	-0.00333894
5599.49	-0.00339309
5597.56	-0.003506
5595.63	-0.00342721
5593.71	-0.00342038
5591.78	-0.00345331
5589.85	-0.00349746
5587.92	-0.00356017
5585.99	-0.00358399
5584.07	-0.00350367
5582.14	-0.00350765
5580.21	-0.003588
5578.28	-0.00362349
5576.35	-0.00357804
5574.43	-0.00353818
5572.5	-0.00351856
5570.57	-0.00344164
5568.64	-0.00346446
5566.71	-0.00347636
5564.79	-0.00342748
5562.86	-0.00343615
5560.93	-0.00356828
5559	-0.00359365
5557.07	-0.00353752
5555.14	-0.00345479
5553.22	-0.00345082
5551.29	-0.00355934
5549.36	-0.00357923
5547.43	-0.00353286
5545.5	-0.00351379
5543.58	-0.00353312
5541.65	-0.00348651
5539.72	-0.00339572
5537.79	-0.00341492
5535.86	-0.00349762
5533.94	-0.00351057
5532.01	-0.0035673
5530.08	-0.00356273
5528.15	-0.00339634
5526.22	-0.0033686
5524.3	-0.00348405
5522.37	-0.00345042
5520.44	-0.00344713
5518.51	-0.00349516
5516.58	-0.00340778
5514.66	-0.00337007
5512.73	-0.00344588
5510.8	-0.0033926
5508.87	-0.00330287
5506.94	-0.0033992
5505.02	-0.00340588
5503.09	-0.00340394
5501.16	-0.00345561
5499.23	-0.00341926
5497.3	-0.0034331
5495.38	-0.00345884
5493.45	-0.00351984
5491.52	-0.00359119
5489.59	-0.00362517
5487.66	-0.00354291
5485.74	-0.0034593
5483.81	-0.00342521
5481.88	-0.00347981
5479.95	-0.00350968
5478.02	-0.00348037
5476.1	-0.00349151
5474.17	-0.00347961
5472.24	-0.00339864
5470.31	-0.0033366
5468.38	-0.00338211
5466.46	-0.003402
5464.53	-0.00340723
5462.6	-0.00347241
5460.67	-0.0035273
5458.74	-0.00353943
5456.82	-0.00357039
5454.89	-0.0035668
5452.96	-0.00351153
5451.03	-0.0035228
5449.1	-0.00351807
5447.17	-0.00355852
5445.25	-0.0035579
5443.32	-0.00341314
5441.39	-0.00338694
5439.46	-0.00345246
5437.54	-0.00350367
5435.61	-0.003506
5433.68	-0.00345088
5431.75	-0.0034593
5429.82	-0.00349042
5427.89	-0.00344046
5425.97	-0.00344677
5424.04	-0.00344237
5422.11	-0.00342054
5420.18	-0.0034138
5418.25	-0.00339509
5416.33	-0.00341456
5414.4	-0.00342958
5412.47	-0.00338816
5410.54	-0.00343152
5408.61	-0.00347925
5406.69	-0.00343251
5404.76	-0.00328777
5402.83	-0.00328432
5400.9	-0.00350505
5398.97	-0.00357085
5397.05	-0.00345078
5395.12	-0.00344391
5393.19	-0.00344868
5391.26	-0.00353782
5389.33	-0.00362333
5387.41	-0.00359355
5385.48	-0.00350091
5383.55	-0.0033971
5381.62	-0.00333216
5379.69	-0.00349207
5377.77	-0.00364715
5375.84	-0.00359385
5373.91	-0.00350071
5371.98	-0.00340604
5370.05	-0.00344812
5368.13	-0.00344496
5366.2	-0.00338457
5364.27	-0.0035158
5362.34	-0.00356141
5360.41	-0.00359329
5358.49	-0.00364176
5356.56	-0.00357604
5354.63	-0.003506
5352.7	-0.00352464
5350.77	-0.00344569
5348.85	-0.00339283
5346.92	-0.00350193
5344.99	-0.00357752
5343.06	-0.00363739
5341.13	-0.00356809
5339.21	-0.00352385
5337.28	-0.00362195
5335.35	-0.00366748
5333.42	-0.00360653
5331.49	-0.00351452
5329.56	-0.00356263
5327.64	-0.00367757
5325.71	-0.00368569
5323.78	-0.0036344
5321.85	-0.00357505
5319.92	-0.00356786
5318	-0.00352977
5316.07	-0.00352428
5314.14	-0.00352447
5312.21	-0.00346889
5310.28	-0.00341009
5308.36	-0.00343783
5306.43	-0.0034708
5304.5	-0.00348089
5302.57	-0.00350712
5300.64	-0.00343454
5298.72	-0.00338076
5296.79	-0.00345269
5294.86	-0.00358593
5292.93	-0.00351981
5291	-0.00344174
5289.08	-0.00348254
5287.15	-0.0034256
5285.22	-0.00328715
5283.29	-0.00328166
5281.36	-0.00335903
5279.44	-0.00338549
5277.51	-0.00337356
5275.58	-0.00337507
5273.65	-0.00334831
5271.72	-0.00323032
5269.8	-0.00316609
5267.87	-0.00320036
5265.94	-0.00325801
5264.01	-0.00319648
5262.08	-0.0032371
5260.16	-0.0033467
5258.23	-0.00338257
5256.3	-0.00337034
5254.37	-0.00338602
5252.44	-0.00334926
5250.52	-0.00324529
5248.59	-0.00310796
5246.66	-0.00300965
5244.73	-0.00312668
5242.8	-0.00327363
5240.88	-0.00320434
5238.95	-0.00311987
5237.02	-0.00301965
5235.09	-0.00287798
5233.16	-0.0028993
5231.24	-0.00295357
5229.31	-0.0029206
5227.38	-0.00284572
5225.45	-0.00285447
5223.52	-0.00282119
5221.6	-0.00288038
5219.67	-0.00294936
5217.74	-0.00287386
5215.81	-0.00270576
5213.88	-0.0026648
5211.96	-0.00265775
5210.03	-0.00262702
5208.1	-0.00258016
5206.17	-0.00250782
5204.24	-0.00250057
5202.31	-0.00253516
5200.39	-0.00255486
5198.46	-0.00243224
5196.53	-0.00231321
5194.6	-0.00224792
5192.67	-0.00219105
5190.75	-0.00214044
5188.82	-0.00210487
5186.89	-0.00208449
5184.96	-0.00199525
5183.03	-0.00184981
5181.11	-0.00184103
5179.18	-0.00190619
5177.25	-0.00192677
5175.32	-0.00186584
5173.39	-0.00182753
5171.47	-0.0018377
5169.54	-0.00182935
5167.61	-0.00173963
5165.68	-0.00165566
5163.75	-0.00165546
5161.83	-0.00153074
5159.9	-0.00153078
5157.97	-0.00158964
5156.04	-0.00150159
5154.11	-0.00143538
5152.19	-0.00132737
5150.26	-0.00121624
5148.33	-0.00121376
5146.4	-0.00113429
5144.47	-0.00109324
5142.55	-0.0010671
5140.62	-0.0010625
5138.69	-0.00104888
5136.76	-0.00108111
5134.83	-0.00105893
5132.91	-0.000931657
5130.98	-0.000906032
5129.05	-0.00100522
5127.12	-0.000973777
5125.19	-0.000913141
5123.27	-0.000891583
5121.34	-0.000760026
5119.41	-0.000650398
5117.48	-0.000561656
5115.55	-0.000461809
5113.62	-0.000500566
5111.7	-0.000584687
5109.77	-0.000554343
5107.84	-0.000527869
5105.91	-0.000545706
5103.99	-0.000581742
5102.06	-0.000628098
5100.13	-0.000675806
5098.2	-0.000586739
5096.27	-0.000439466
5094.34	-0.000328532
5092.42	-0.000291217
5090.49	-0.00020621
5088.56	-0.000166732
5086.63	-9.76682e-05
5084.71	2.12726e-05
5082.78	4.70506e-06
5080.85	6.75656e-05
5078.92	0.000181579
5076.99	0.00030063
5075.06	0.000427242
5073.14	0.000562118
5071.21	0.000705168
5069.28	0.00076876
5067.35	0.000993699
5065.42	0.00131456
5063.5	0.00150543
5061.57	0.0016291
5059.64	0.00189309
5057.71	0.00220263
5055.78	0.00246836
5053.86	0.00270199
5051.93	0.00305464
5050	0.00341984
5048.07	0.00368392
5046.14	0.00401473
5044.22	0.00446462
5042.29	0.00489186
5040.36	0.00539009
5038.43	0.00590186
5036.5	0.00636309
5034.58	0.00696691
5032.65	0.00774737
5030.72	0.00853563
5028.79	0.00942343
5026.86	0.0103873
5024.94	0.0113115
5023.01	0.0122708
5021.08	0.0131815
5019.15	0.0140606
5017.22	0.014803
5015.3	0.0152043
5013.37	0.0152178
5011.44	0.0149908
5009.51	0.0144647
5007.58	0.0136399
5005.66	0.0126573
5003.73	0.0115899
5001.8	0.010482
4999.87	0.00937809
4997.94	0.00837528
4996.02	0.00747515
4994.09	0.00661184
4992.16	0.0058313
4990.23	0.00514308
4988.3	0.00457035
4986.38	0.00407774
4984.45	0.0036764
4982.52	0.0033239
4980.59	0.0031083
4978.66	0.00289267
4976.73	0.00256368
4974.81	0.00234435
4972.88	0.00225405
4970.95	0.00209075
4969.02	0.0019104
4967.09	0.00174077
4965.17	0.00168704
4963.24	0.0015878
4961.31	0.00142947
4959.38	0.00140091
4957.45	0.0013582
4955.53	0.00124304
4953.6	0.00112716
4951.67	0.00108394
4949.74	0.000936051
4947.81	0.000848696
4945.89	0.000855037
4943.96	0.000923101
4942.03	0.000911413
4940.1	0.000705068
4938.17	0.000498821
4936.25	0.000493315
4934.32	0.000505754
4932.39	0.000354414
4930.46	0.000206806
4928.53	0.000105677
4926.61	8.78804e-05
4924.68	2.46193e-05
4922.75	-0.000150535
4920.82	-0.000329823
4918.89	-0.000447543
4916.97	-0.000414541
4915.04	-0.000372962
4913.11	-0.000512447
4911.18	-0.000645237
4909.25	-0.000776134
4907.33	-0.000980389
4905.4	-0.000999233
4903.47	-0.000917969
4901.54	-0.000924548
4899.61	-0.000998406
4897.69	-0.00117566
4895.76	-0.00127234
4893.83	-0.00133335
4891.9	-0.00135585
4889.97	-0.0014008
4888.05	-0.00148085
4886.12	-0.00150535
4884.19	-0.00160387
4882.26	-0.00170181
4880.33	-0.00176557
4878.41	-0.00174616
4876.48	-0.0017753
4874.55	-0.0017947
4872.62	-0.00186501
4870.69	-0.00181259
4868.77	-0.00177217
4866.84	-0.0019397
4864.91	-0.0020435
4862.98	-0.00211862
4861.05	-0.0022253
4859.12	-0.00224924
4857.2	-0.00227092
4855.27	-0.00226687
4853.34	-0.00227412
4851.41	-0.00235039
4849.48	-0.00246865
4847.56	-0.00241379
4845.63	-0.00236393
4843.7	-0.00239303
4841.77	-0.00246779
4839.84	-0.00258016
4837.92	-0.00264118
4835.99	-0.00260186
4834.06	-0.00266401
4832.13	-0.00272581
4830.2	-0.0026725
4828.28	-0.00268001
4826.35	-0.0028499
4824.42	-0.00294607
4822.49	-0.00295831
4820.56	-0.00304472
4818.64	-0.0030745
4816.71	-0.0031045
4814.78	-0.00327735
4812.85	-0.00331757
4810.92	-0.00326541
4809	-0.00331142
4807.07	-0.00332424
4805.14	-0.00333036
4803.21	-0.0033727
4801.28	-0.00344016
4799.36	-0.00342981
4797.43	-0.00350577
4795.5	-0.00350765
4793.57	-0.00349233
4791.64	-0.00358379
4789.72	-0.0036686
4787.79	-0.00373191
4785.86	-0.00368286
4783.93	-0.00369515
4782	-0.00373447
4780.08	-0.00381258
4778.15	-0.00394631
4776.22	-0.00393967
4774.29	-0.00386086
4772.36	-0.00390526
4770.44	-0.00393064
4768.51	-0.00397494
4766.58	-0.00410802
4764.65	-0.00422977
4762.72	-0.00418659
4760.79	-0.00412978
4758.87	-0.00414376
4756.94	-0.00415403
4755.01	-0.00415193
4753.08	-0.00420956
4751.16	-0.00421602
4749.23	-0.00429844
4747.3	-0.0043861
4745.37	-0.00448846
4743.44	-0.00460925
4741.51	-0.00460735
4739.59	-0.00458722
4737.66	-0.00454879
4735.73	-0.00443192
4733.8	-0.00445359
4731.88	-0.00465613
4729.95	-0.00474302
4728.02	-0.00468809
4726.09	-0.00470012
4724.16	-0.0046181
4722.23	-0.00472755
4720.31	-0.00476114
4718.38	-0.0046913
4716.45	-0.00480073
4714.52	-0.00496278
4712.59	-0.00492924
4710.67	-0.00477579
4708.74	-0.0048799
4706.81	-0.00499295
4704.88	-0.00492914
4702.95	-0.00495443
4701.03	-0.00498876
4699.1	-0.00498365
4697.17	-0.00492622
4695.24	-0.00498791
4693.31	-0.00504988
4691.39	-0.00503815
4689.46	-0.00512267
4687.53	-0.00521308
4685.6	-0.00528807
4683.67	-0.00528644
4681.75	-0.00527871
4679.82	-0.00529701
4677.89	-0.00525946
4675.96	-0.00529253
4674.03	-0.00540652
4672.11	-0.00541562
4670.18	-0.00536001
4668.25	-0.00535818
4666.32	-0.00543064
4664.39	-0.00545419
4662.47	-0.00538436
4660.54	-0.00534617
4658.61	-0.00540861
4656.68	-0.00544444
4654.75	-0.00555467
4652.83	-0.00557812
4650.9	-0.00551986
4648.97	-0.00552287
4647.04	-0.00551616
4645.11	-0.00555234
4643.19	-0.00559265
4641.26	-0.0056576
4639.33	-0.00562856
4637.4	-0.00556615
4635.47	-0.00557047
4633.54	-0.00566879
4631.62	-0.00570597
4629.69	-0.00565257
4627.76	-0.00562748
4625.83	-0.00571097
4623.9	-0.00574276
4621.98	-0.00578272
4620.05	-0.00576944
4618.12	-0.00567517
4616.19	-0.00575898
4614.26	-0.00579821
4612.34	-0.0057026
4610.41	-0.00569904
4608.48	-0.00573076
4606.55	-0.00573854
4604.62	-0.00576633
4602.7	-0.00580207
4600.77	-0.00569551
4598.84	-0.00564897
4596.91	-0.00566934
4594.98	-0.00566951
4593.06	-0.00558712
4591.13	-0.00553913
4589.2	-0.00550363
4587.27	-0.00550795
4585.34	-0.00550779
4583.42	-0.00548646
4581.49	-0.00547334
4579.56	-0.00533946
4577.63	-0.00517533
4575.7	-0.00496973
4573.78	-0.00486974
4571.85	-0.00476593
4569.92	-0.00456528
4567.99	-0.00441096
4566.06	-0.00420378
4564.14	-0.00395872
4562.21	-0.00373979
4560.28	-0.00343188
4558.35	-0.00319483
4556.42	-0.00287225
4554.5	-0.00256052
4552.57	-0.00231868
4550.64	-0.00200475
4548.71	-0.00163546
4546.78	-0.00141886
4544.86	-0.00117483
4542.93	-0.000812415
4541	-0.000578532
4539.07	-0.000348165
4537.14	-1.30877e-05
4535.22	0.000288296
4533.29	0.000426379
4531.36	0.000519621
4529.43	0.000658475
4527.5	0.000758139
4525.58	0.00075462
4523.65	0.000718576
4521.72	0.000735104
4519.79	0.000714925
4517.86	0.000584812
4515.94	0.000400377
4514.01	0.000366219
4512.08	0.000241979
4510.15	3.71103e-06
4508.22	-0.000266117
4506.29	-0.000537433
4504.37	-0.000828323
4502.44	-0.00113201
4500.51	-0.00139518
4498.58	-0.00162612
4496.65	-0.00191341
4494.73	-0.00231809
4492.8	-0.00273856
4490.87	-0.00297181
4488.94	-0.00306555
4487.01	-0.00323279
4485.09	-0.0035951
4483.16	-0.00392808
4481.23	-0.00408058
4479.3	-0.00423361
4477.37	-0.00445077
4475.45	-0.00465439
4473.52	-0.00477422
4471.59	-0.00483475
4469.66	-0.00498876
4467.73	-0.00517431
4465.81	-0.0052541
4463.88	-0.00535569
4461.95	-0.00547514
4460.02	-0.00550425
4458.09	-0.00559127
4456.17	-0.00564688
4454.24	-0.00576647
4452.31	-0.00588589
4450.38	-0.00588269
4448.45	-0.00594182
4446.53	-0.0059594
4444.6	-0.00590746
4442.67	-0.00590174
4440.74	-0.00588906
4438.81	-0.00592727
4436.89	-0.00604375
4434.96	-0.0060826
4433.03	-0.00600842
4431.1	-0.00594071
4429.17	-0.00597257
4427.25	-0.00596904
4425.32	-0.00591354
4423.39	-0.00596293
4421.46	-0.00601362
4419.53	-0.00603149
4417.61	-0.00606972
4415.68	-0.00613529
4413.75	-0.00611889
4411.82	-0.00611161
4409.89	-0.00616816
4407.96	-0.0061023
4406.04	-0.00611471
4404.11	-0.00626197
4402.18	-0.00628747
4400.25	-0.00623257
4398.33	-0.006205
4396.4	-0.00617871
4394.47	-0.00625534
4392.54	-0.00637845
4390.61	-0.0063856
4388.68	-0.00635951
4386.76	-0.00637221
4384.83	-0.00634273
4382.9	-0.00634808
4380.97	-0.00637094
4379.04	-0.00646291
4377.12	-0.00652202
4375.19	-0.00646532
4373.26	-0.00639941
4371.33	-0.006427
4369.4	-0.00643238
4367.48	-0.00642008
4365.55	-0.0064742
4363.62	-0.00656155
4361.69	-0.00663233
4359.76	-0.00661726
4357.84	-0.00668271
4355.91	-0.00673782
4353.98	-0.00675257
4352.05	-0.00675739
4350.12	-0.00660629
4348.2	-0.00662052
4346.27	-0.00678095
4344.34	-0.00683731
4342.41	-0.00684002
4340.48	-0.00683542
4338.56	-0.00682554
4336.63	-0.00689478
4334.7	-0.00685753
4332.77	-0.00682824
4330.84	-0.00689758
4328.92	-0.00695328
4326.99	-0.0069509
4325.06	-0.00694346
4323.13	-0.00702371
4321.2	-0.00707515
4319.28	-0.00704268
4317.35	-0.00704773
4315.42	-0.00715214
4313.49	-0.0071303
4311.56	-0.00704917
4309.64	-0.00703052
4307.71	-0.00707981
4305.78	-0.00710498
4303.85	-0.00714442
4301.92	-0.0071392
4300	-0.00711319
4298.07	-0.00721459
4296.14	-0.00724528
4294.21	-0.00728002
4292.28	-0.00727269
4290.35	-0.00726249
4288.43	-0.00732762
4286.5	-0.00734313
4284.57	-0.00719669
4282.64	-0.00715785
4280.71	-0.00720918
4278.79	-0.00722404
4276.86	-0.00724747
4274.93	-0.00729096
4273	-0.00722534
4271.07	-0.00718688
4269.15	-0.00719506
4267.22	-0.00722019
4265.29	-0.00715465
4263.36	-0.00714354
4261.43	-0.0072181
4259.51	-0.00729813
4257.58	-0.00732097
4255.65	-0.00729038
4253.72	-0.00726702
4251.79	-0.00723795
4249.87	-0.00731006
4247.94	-0.00733029
4246.01	-0.0072458
4244.08	-0.00719783
4242.15	-0.00717144
4240.23	-0.00721869
4238.3	-0.00717945
4236.37	-0.00713809
4234.44	-0.00723313
4232.51	-0.00726825
4230.59	-0.0072443
4228.66	-0.00727897
4226.73	-0.00727725
4224.8	-0.00726584
4222.87	-0.00727298
4220.95	-0.00728295
4219.02	-0.00728187
4217.09	-0.00717603
4215.16	-0.00708829
4213.23	-0.00719878
4211.31	-0.00727894
4209.38	-0.00725659
4207.45	-0.00726744
4205.52	-0.00723026
4203.59	-0.00720725
4201.67	-0.00728295
4199.74	-0.00731925
4197.81	-0.00739079
4195.88	-0.00747883
4193.95	-0.00742219
4192.03	-0.00734375
4190.1	-0.0073052
4188.17	-0.00730846
4186.24	-0.00727396
4184.31	-0.00723495
4182.39	-0.00723534
4180.46	-0.00722716
4178.53	-0.00727099
4176.6	-0.00735209
4174.67	-0.00737515
4172.75	-0.00735287
4170.82	-0.00729742
4168.89	-0.00730647
4166.96	-0.00731771
4165.03	-0.00724574
4163.1	-0.00722537
4161.18	-0.00721983
4159.25	-0.00722211
4157.32	-0.00729934
4155.39	-0.00737994
4153.46	-0.00736043
4151.54	-0.007265
4149.61	-0.00730038
4147.68	-0.00729514
4145.75	-0.00720455
4143.82	-0.00720927
4141.9	-0.00726656
4139.97	-0.00728399
4138.04	-0.0072766
4136.11	-0.00730377
4134.18	-0.00727125
4132.26	-0.00717587
4130.33	-0.00722772
4128.4	-0.00730963
4126.47	-0.0072939
4124.54	-0.00725226
4122.62	-0.00720507
4120.69	-0.0072458
4118.76	-0.00731742
4116.83	-0.00722707
4114.9	-0.0071437
4112.98	-0.00719748
4111.05	-0.00716391
4109.12	-0.00714487
4107.19	-0.00724743
4105.26	-0.00725304
4103.34	-0.00720608
4101.41	-0.00720914
4099.48	-0.00716945
4097.55	-0.00717232
4095.62	-0.00712209
4093.7	-0.0070951
4091.77	-0.00719986
4089.84	-0.00729009
4087.91	-0.00735332
4085.98	-0.00730954
4084.06	-0.00716906
4082.13	-0.00712424
4080.2	-0.00712189
4078.27	-0.00713558
4076.34	-0.00719692
4074.42	-0.00727976
4072.49	-0.00738147
4070.56	-0.00736528
4068.63	-0.00720706
4066.7	-0.00715113
4064.78	-0.00725089
4062.85	-0.0073225
4060.92	-0.00730654
4058.99	-0.0072038
4057.06	-0.00715455
4055.14	-0.00713966
4053.21	-0.00709194
4051.28	-0.00710032
4049.35	-0.0071525
4047.42	-0.00719767
4045.5	-0.00722039
4043.57	-0.00731289
4041.64	-0.00736111
4039.71	-0.00726653
4037.78	-0.00713747
4035.85	-0.00718271
4033.93	-0.00726265
4032	-0.00731586
4030.07	-0.0073759
4028.14	-0.00736456
4026.21	-0.00730836
4024.29	-0.00732664
4022.36	-0.00734049
4020.43	-0.00731498
4018.5	-0.00726164
4016.57	-0.00724499
4014.65	-0.00726943
4012.72	-0.00726454
4010.79	-0.00731029
4008.86	-0.00733984
4006.93	-0.0073212
4005.01	-0.0072431
4003.08	-0.00732022
4001.15	-0.00738111
3999.22	-0.00736476
3997.29	-0.00733189
3995.37	-0.00727115
3993.44	-0.00734267
3991.51	-0.0074444
3989.58	-0.00735192
3987.65	-0.00727308
3985.73	-0.00734954
3983.8	-0.00737261
3981.87	-0.00734948
3979.94	-0.00727171
3978.01	-0.00728963
3976.09	-0.00735831
3974.16	-0.00726513
3972.23	-0.00729839
3970.3	-0.0073689
3968.37	-0.0073127
3966.45	-0.00732394
3964.52	-0.00733062
3962.59	-0.007393
3960.66	-0.0074386
3958.73	-0.00742101
3956.81	-0.0074158
3954.88	-0.00739033
3952.95	-0.00731732
3951.02	-0.00731416
3949.09	-0.00731869
3947.17	-0.00732612
3945.24	-0.0073139
3943.31	-0.0072908
3941.38	-0.00732635
3939.45	-0.00745665
3937.53	-0.0074102
3935.6	-0.00730178
3933.67	-0.00738066
3931.74	-0.00737091
3929.81	-0.00730159
3927.88	-0.007373
3925.96	-0.00746665
3924.03	-0.00750055
3922.1	-0.00738212
3920.17	-0.00740675
3918.24	-0.00749198
3916.32	-0.00750338
3914.39	-0.0075124
3912.46	-0.00738717
3910.53	-0.00734202
3908.6	-0.0073243
3906.68	-0.00738313
3904.75	-0.00743079
3902.82	-0.00731156
3900.89	-0.00722221
3898.96	-0.00721589
3897.04	-0.00731446
3895.11	-0.00741424
3893.18	-0.00742899
3891.25	-0.00750778
3889.32	-0.00739639
3887.4	-0.00726926
3885.47	-0.00738476
3883.54	-0.00742698
3881.61	-0.00729426
3879.68	-0.00721876
3877.76	-0.00726219
3875.83	-0.0072849
3873.9	-0.00727262
3871.97	-0.00721589
3870.04	-0.0072181
3868.12	-0.00726581
3866.19	-0.00724404
3864.26	-0.00726255
3862.33	-0.0072749
3860.4	-0.00721693
3858.48	-0.00718229
3856.55	-0.0071391
3854.62	-0.00705373
3852.69	-0.00710289
3850.76	-0.00718144
3848.84	-0.00718004
3846.91	-0.00716824
3844.98	-0.00700336
3843.05	-0.00695279
3841.12	-0.00703675
3839.2	-0.00707691
3837.27	-0.0071465
3835.34	-0.00715094
3833.41	-0.00705425
3831.48	-0.00690626
3829.56	-0.00687952
3827.63	-0.00681259
3825.7	-0.00680101
3823.77	-0.0068392
3821.84	-0.00679155
3819.92	-0.00676816
3817.99	-0.00685551
3816.06	-0.00693081
3814.13	-0.00686285
3812.2	-0.00681066
3810.27	-0.00674333
3808.35	-0.00677651
3806.42	-0.00677145
3804.49	-0.0066493
3802.56	-0.00654784
3800.64	-0.00651873
3798.71	-0.00650541
3796.78	-0.00657111
3794.85	-0.00653289
3792.92	-0.00654836
3790.99	-0.00666751
3789.07	-0.00665889
3787.14	-0.00655734
3785.21	-0.00654699
3783.28	-0.00645837
3781.35	-0.00637411
3779.43	-0.00639716
3777.5	-0.00638305
3775.57	-0.00631657
3773.64	-0.0062684
3771.71	-0.00621007
3769.79	-0.00614258
3767.86	-0.0061856
3765.93	-0.00622405
3764	-0.00614346
3762.07	-0.00608397
3760.15	-0.00606616
3758.22	-0.006094
3756.29	-0.00608331
3754.36	-0.00599479
3752.43	-0.00591403
3750.51	-0.0059543
3748.58	-0.00595659
3746.65	-0.00587344
3744.72	-0.00575489
3742.79	-0.00576362
3740.87	-0.00592606
3738.94	-0.00599107
3737.01	-0.00578804
3735.08	-0.00570188
3733.15	-0.005855
3731.23	-0.00581639
3729.3	-0.00561181
3727.37	-0.00560704
3725.44	-0.00565316
3723.51	-0.00566117
3721.59	-0.00560377
3719.66	-0.00557014
3717.73	-0.00551963
3715.8	-0.00555277
3713.87	-0.00554377
3711.95	-0.00543361
3710.02	-0.00540099
3708.09	-0.00547196
3706.16	-0.00542445
3704.23	-0.00521186
3702.31	-0.00520708
3700.38	-0.00529779
3698.45	-0.00515702
3696.52	-0.00493671
3694.59	-0.0049465
3692.67	-0.00513368
3690.74	-0.0051192
3688.81	-0.00487626
3686.88	-0.0048029
3684.95	-0.00486116
3683.02	-0.00480735
3681.1	-0.00463859
3679.17	-0.00460807
3677.24	-0.00438416
3675.31	-0.00430543
3673.38	-0.00436058
3671.46	-0.00429969
3669.53	-0.00411219
3667.6	-0.00392388
3665.67	-0.00395189
3663.74	-0.00389882
3661.82	-0.00370063
3659.89	-0.0036689
3657.96	-0.00356253
3656.03	-0.00326584
3654.1	-0.00315201
3652.18	-0.00308414
3650.25	-0.00294008
3648.32	-0.0026887
3646.39	-0.00248344
3644.46	-0.00247889
3642.54	-0.00238011
3640.61	-0.00212933
3638.68	-0.00191404
3636.75	-0.00164705
3634.82	-0.00140721
3632.9	-0.00123044
3630.97	-0.000998142
3629.04	-0.000846214
3627.11	-0.000619992
3625.18	-0.000330287
3623.26	-0.000143745
3621.33	9.63976e-05
3619.4	0.000510863
3617.47	0.0008893
3615.54	0.00127139
3613.62	0.00173325
3611.69	0.00209294
3609.76	0.00233752
3607.83	0.00257801
3605.9	0.00307793
3603.98	0.00358197
3602.05	0.00392194
3600.12	0.00436678
3598.19	0.00493254
3596.26	0.00542931
3594.34	0.00591436
3592.41	0.00641343
3590.48	0.00678581
3588.55	0.00730169
3586.62	0.00805183
3584.7	0.00882877
3582.77	0.00944734
3580.84	0.010017
3578.91	0.0106414
3576.98	0.0113581
3575.05	0.0121422
3573.13	0.0129571
3571.2	0.0137859
3569.27	0.0146568
3567.34	0.0154463
3565.42	0.0162358
3563.49	0.0171729
3561.56	0.0183037
3559.63	0.0195097
3557.7	0.0205265
3555.77	0.0214883
3553.85	0.0226136
3551.92	0.0238233
3549.99	0.0250197
3548.06	0.0263861
3546.13	0.0279059
3544.21	0.0293797
3542.28	0.0309009
3540.35	0.032506
3538.42	0.0341608
3536.49	0.0358749
3534.57	0.037634
3532.64	0.0393733
3530.71	0.0412801
3528.78	0.0434081
3526.85	0.0456005
3524.93	0.0477143
3523	0.0499784
3521.07	0.0524741
3519.14	0.054944
3517.21	0.0574522
3515.29	0.060205
3513.36	0.0631896
3511.43	0.0660269
3509.5	0.0689382
3507.57	0.0720738
3505.65	0.0752928
3503.72	0.0785414
3501.79	0.0818826
3499.86	0.0854393
3497.93	0.0892934
3496.01	0.0930863
3494.08	0.0966395
3492.15	0.100568
3490.22	0.104728
3488.29	0.108775
3486.37	0.112928
3484.44	0.117243
3482.51	0.121649
3480.58	0.126063
3478.65	0.130541
3476.73	0.135093
3474.8	0.139766
3472.87	0.144535
3470.94	0.149354
3469.01	0.154141
3467.09	0.159043
3465.16	0.164084
3463.23	0.16919
3461.3	0.17414
3459.37	0.178987
3457.44	0.184146
3455.52	0.189204
3453.59	0.194206
3451.66	0.199489
3449.73	0.204699
3447.81	0.20977
3445.88	0.214855
3443.95	0.220085
3442.02	0.225322
3440.09	0.230792
3438.16	0.236249
3436.24	0.241842
3434.31	0.247675
3432.38	0.253899
3430.45	0.260492
3428.52	0.26737
3426.6	0.274985
3424.67	0.28359
3422.74	0.292884
3420.81	0.302572
3418.88	0.31281
3416.96	0.323369
3415.03	0.332974
3413.1	0.34083
3411.17	0.346602
3409.24	0.349996
3407.32	0.351216
3405.39	0.350437
3403.46	0.348348
3401.53	0.345598
3399.6	0.342843
3397.68	0.340237
3395.75	0.33749
3393.82	0.334973
3391.89	0.333173
3389.96	0.332008
3388.04	0.331314
3386.11	0.330443
3384.18	0.327518
3382.25	0.321892
3380.32	0.315725
3378.4	0.310774
3376.47	0.306726
3374.54	0.30282
3372.61	0.298945
3370.68	0.295583
3368.76	0.29286
3366.83	0.290067
3364.9	0.287503
3362.97	0.285112
3361.04	0.282849
3359.12	0.281277
3357.19	0.280211
3355.26	0.279246
3353.33	0.278738
3351.4	0.278595
3349.48	0.278392
3347.55	0.278308
3345.62	0.278525
3343.69	0.278865
3341.76	0.27923
3339.83	0.279614
3337.91	0.280036
3335.98	0.280655
3334.05	0.281246
3332.12	0.281818
3330.19	0.28245
3328.27	0.283123
3326.34	0.283921
3324.41	0.284736
3322.48	0.285444
3320.55	0.28603
3318.63	0.286904
3316.7	0.287757
3314.77	0.288658
3312.84	0.289408
3310.91	0.289765
3308.99	0.290105
3307.06	0.290476
3305.13	0.290679
3303.2	0.290903
3301.27	0.291085
3299.35	0.291371
3297.42	0.291623
3295.49	0.291681
3293.56	0.291708
3291.63	0.291962
3289.71	0.292229
3287.78	0.292405
3285.85	0.29278
3283.92	0.292934
3281.99	0.292892
3280.07	0.29297
3278.14	0.293344
3276.21	0.293452
3274.28	0.293362
3272.35	0.293364
3270.43	0.293479
3268.5	0.293438
3266.57	0.293341
3264.64	0.293168
3262.71	0.292908
3260.79	0.292688
3258.86	0.292659
3256.93	0.292557
3255	0.292185
3253.07	0.291548
3251.15	0.291026
3249.22	0.290796
3247.29	0.290171
3245.36	0.289239
3243.43	0.28858
3241.51	0.288055
3239.58	0.287363
3237.65	0.2865
3235.72	0.285731
3233.79	0.285057
3231.87	0.284277
3229.94	0.283221
3228.01	0.282071
3226.08	0.280859
3224.15	0.279669
3222.22	0.278615
3220.3	0.277552
3218.37	0.276274
3216.44	0.274877
3214.51	0.273539
3212.58	0.272515
3210.66	0.271364
3208.73	0.269975
3206.8	0.268846
3204.87	0.267585
3202.94	0.266248
3201.02	0.264835
3199.09	0.263236
3197.16	0.26172
3195.23	0.260408
3193.3	0.258967
3191.38	0.25753
3189.45	0.256182
3187.52	0.254777
3185.59	0.253165
3183.66	0.251477
3181.74	0.250007
3179.81	0.248587
3177.88	0.247079
3175.95	0.24547
3174.02	0.243809
3172.1	0.242226
3170.17	0.240785
3168.24	0.239087
3166.31	0.237282
3164.38	0.235779
3162.46	0.2343
3160.53	0.232672
3158.6	0.23085
3156.67	0.229146
3154.74	0.227581
3152.82	0.225799
3150.89	0.224037
3148.96	0.222303
3147.03	0.220467
3145.1	0.218704
3143.18	0.217162
3141.25	0.215448
3139.32	0.213579
3137.39	0.212075
3135.46	0.210499
3133.54	0.208697
3131.61	0.206903
3129.68	0.20511
3127.75	0.203385
3125.82	0.201645
3123.9	0.199859
3121.97	0.198243
3120.04	0.196676
3118.11	0.195068
3116.18	0.193297
3114.26	0.191426
3112.33	0.189835
3110.4	0.188432
3108.47	0.186841
3106.54	0.185084
3104.61	0.183439
3102.69	0.181874
3100.76	0.180328
3098.83	0.178924
3096.9	0.177493
3094.98	0.175948
3093.05	0.17448
3091.12	0.173235
3089.19	0.172012
3087.26	0.170608
3085.33	0.169443
3083.41	0.168337
3081.48	0.167218
3079.55	0.16612
3077.62	0.165079
3075.69	0.164273
3073.77	0.163317
3071.84	0.162274
3069.91	0.161325
3067.98	0.160494
3066.05	0.159822
3064.13	0.15926
3062.2	0.15875
3060.27	0.158037
3058.34	0.157413
3056.41	0.156919
3054.49	0.156414
3052.56	0.155963
3050.63	0.155738
3048.7	0.155389
3046.77	0.154905
3044.85	0.154483
3042.92	0.154341
3040.99	0.154156
3039.06	0.154068
3037.13	0.154146
3035.21	0.153715
3033.28	0.153242
3031.35	0.153177
3029.42	0.153172
3027.49	0.152954
3025.57	0.152917
3023.64	0.152855
3021.71	0.153003
3019.78	0.153121
3017.85	0.153082
3015.93	0.153016
3014	0.152763
3012.07	0.152328
3010.14	0.152174
3008.21	0.152281
3006.29	0.152219
3004.36	0.152113
3002.43	0.152122
3000.5	0.152042
2998.57	0.152026
2996.65	0.152019
2994.72	0.151737
2992.79	0.15154
2990.86	0.15124
2988.93	0.150974
2987	0.150931
2985.08	0.15066
2983.15	0.15028
2981.22	0.150055
2979.29	0.149947
2977.36	0.149728
2975.44	0.149643
2973.51	0.149427
2971.58	0.148824
2969.65	0.148308
2967.72	0.147854
2965.8	0.147512
2963.87	0.147365
2961.94	0.146864
2960.01	0.146197
2958.08	0.145799
2956.16	0.145423
2954.23	0.14513
2952.3	0.144631
2950.37	0.144139
2948.44	0.143666
2946.52	0.142908
2944.59	0.142082
2942.66	0.141405
2940.73	0.140718
2938.8	0.140274
2936.88	0.139694
2934.95	0.138889
2933.02	0.138244
2931.09	0.137448
2929.16	0.136784
2927.24	0.135899
2925.31	0.134986
2923.38	0.134221
2921.45	0.13346
2919.52	0.132655
2917.6	0.131685
2915.67	0.130812
2913.74	0.129985
2911.81	0.129105
2909.88	0.128184
2907.96	0.127328
2906.03	0.126247
2904.1	0.124962
2902.17	0.124068
2900.24	0.123386
2898.32	0.122524
2896.39	0.121494
2894.46	0.12038
2892.53	0.119167
2890.6	0.118127
2888.68	0.117147
2886.75	0.116108
2884.82	0.114871
2882.89	0.113707
2880.96	0.112553
2879.04	0.111588
2877.11	0.110613
2875.18	0.109358
2873.25	0.108215
2871.32	0.107188
2869.39	0.105988
2867.47	0.104553
2865.54	0.103318
2863.61	0.102263
2861.68	0.101208
2859.75	0.100095
2857.83	0.0988248
2855.9	0.0975795
2853.97	0.0963429
2852.04	0.0951207
2850.11	0.0939314
2848.19	0.0928299
2846.26	0.0916765
2844.33	0.0904416
2842.4	0.0893248
2840.47	0.0882285
2838.55	0.0868569
2836.62	0.0854249
2834.69	0.084375
2832.76	0.083373
2830.83	0.0821016
2828.91	0.0809992
2826.98	0.0799044
2825.05	0.0785773
2823.12	0.0774814
2821.19	0.0765541
2819.27	0.0753899
2817.34	0.0741279
2815.41	0.0730181
2813.48	0.0716943
2811.55	0.0707417
2809.63	0.0697513
2807.7	0.0684504
2805.77	0.0675644
2803.84	0.0666656
2801.91	0.0653747
2799.99	0.0642312
2798.06	0.0631065
2796.13	0.062132
2794.2	0.0611877
2792.27	0.0602949
2790.35	0.0592969
2788.42	0.05813
2786.49	0.0570663
2784.56	0.056155
2782.63	0.0551412
2780.71	0.0541087
2778.78	0.0530881
2776.85	0.0522411
2774.92	0.0515171
2772.99	0.0506174
2771.06	0.0498298
2769.14	0.0487214
2767.21	0.0477987
2765.28	0.046929
2763.35	0.0459494
2761.43	0.0452286
2759.5	0.044613
2757.57	0.0439996
2755.64	0.0432237
2753.71	0.0423565
2751.78	0.0412651
2749.86	0.0402767
2747.93	0.0397843
2746	0.0391499
2744.07	0.038249
2742.15	0.0375733
2740.22	0.0369404
2738.29	0.0360898
2736.36	0.0352293
2734.43	0.0345044
2732.5	0.0339049
2730.58	0.0334238
2728.65	0.0328184
2726.72	0.032325
2724.79	0.0316816
2722.86	0.0309364
2720.94	0.0303574
2719.01	0.0299053
2717.08	0.029373
2715.15	0.028713
2713.22	0.0282996
2711.3	0.0277509
2709.37	0.0270845
2707.44	0.0265118
2705.51	0.0260703
2703.58	0.0258106
2701.66	0.0251876
2699.73	0.0246971
2697.8	0.0243165
2695.87	0.0237164
2693.94	0.0234641
2692.02	0.0232287
2690.09	0.0227121
2688.16	0.0222405
2686.23	0.0217878
2684.3	0.0213655
2682.38	0.0210806
2680.45	0.0208489
2678.52	0.0205129
2676.59	0.020055
2674.66	0.0197703
2672.74	0.0193727
2670.81	0.0190593
2668.88	0.0188052
2666.95	0.0185163
2665.02	0.0184444
2663.1	0.0182741
2661.17	0.0180439
2659.24	0.0175267
2657.31	0.0172331
2655.38	0.0170722
2653.46	0.01676
2651.53	0.016575
2649.6	0.0166686
2647.67	0.0165787
2645.74	0.0160752
2643.81	0.0157285
2641.89	0.0156235
2639.96	0.0155496
2638.03	0.015286
2636.1	0.0150473
2634.17	0.0149377
2632.25	0.0145983
2630.32	0.0143499
2628.39	0.0141363
2626.46	0.0140159
2624.53	0.0140829
2622.61	0.0140842
2620.68	0.0138965
2618.75	0.0136979
2616.82	0.0133145
2614.89	0.0130346
2612.97	0.0130535
2611.04	0.0132087
2609.11	0.0132385
2607.18	0.0132178
2605.25	0.0130231
2603.33	0.0129851
2601.4	0.0127903
2599.47	0.0125183
2597.54	0.0125012
2595.61	0.0125807
2593.69	0.0126009
2591.76	0.0125512
2589.83	0.0125607
2587.9	0.0123068
2585.97	0.0121568
2584.05	0.0121349
2582.12	0.0118793
2580.19	0.0117812
2578.26	0.0119588
2576.33	0.0119589
2574.41	0.0118567
2572.48	0.0119525
2570.55	0.0118696
2568.62	0.0117455
2566.69	0.0119102
2564.77	0.0119891
2562.84	0.0116839
2560.91	0.0111077
2558.98	0.0111319
2557.05	0.0116067
2555.13	0.0117179
2553.2	0.0116139
2551.27	0.0114677
2549.34	0.0115028
2547.41	0.0115114
2545.49	0.0113643
2543.56	0.01146
2541.63	0.0117698
2539.7	0.0117894
2537.77	0.0116861
2535.85	0.011596
2533.92	0.0114773
2531.99	0.0114904
2530.06	0.0115739
2528.13	0.0116664
2526.21	0.0117573
2524.28	0.0117596
2522.35	0.0119322
2520.42	0.0116803
2518.49	0.0115199
2516.56	0.012069
2514.64	0.0118891
2512.71	0.0116462
2510.78	0.011702
2508.85	0.0119065
2506.92	0.0121822
2505	0.0122698
2503.07	0.0124002
2501.14	0.012319
2499.21	0.0123719
2497.28	0.0124524
2495.36	0.0123003
2493.43	0.0123341
2491.5	0.0124527
2489.57	0.0125673
2487.64	0.0129231
2485.72	0.0129589
2483.79	0.0129684
2481.86	0.0128383
2479.93	0.0125394
2478	0.0128505
2476.08	0.0132518
2474.15	0.0129547
2472.22	0.0128072
2470.29	0.0127932
2468.36	0.0130556
2466.44	0.0137094
2464.51	0.0137495
2462.58	0.0136813
2460.65	0.0139737
2458.72	0.0141971
2456.8	0.014376
2454.87	0.0143047
2452.94	0.0143332
2451.01	0.0142003
2449.08	0.0140775
2447.16	0.0142661
2445.23	0.0145308
2443.3	0.014384
2441.37	0.0145365
2439.44	0.0149572
2437.52	0.0153975
2435.59	0.0155054
2433.66	0.0153869
2431.73	0.0154526
2429.8	0.015386
2427.88	0.0155248
2425.95	0.0159723
2424.02	0.015924
2422.09	0.0157417
2420.16	0.0158542
2418.24	0.0159686
2416.31	0.016179
2414.38	0.0162137
2412.45	0.0162354
2410.52	0.0166476
2408.6	0.0175388
2406.67	0.0177724
2404.74	0.0174222
2402.81	0.0173116
2400.88	0.0173884
2398.95	0.0179404
2397.03	0.0181443
2395.1	0.0178729
2393.17	0.0175449
2391.24	0.0173254
2389.31	0.0176045
2387.39	0.0180157
2385.46	0.0181234
2383.53	0.0181015
2381.6	0.0183406
2379.67	0.0182721
2377.75	0.018198
2375.82	0.0183693
2373.89	0.0187709
2371.96	0.0192197
2370.03	0.0191442
2368.11	0.018892
2366.18	0.0189765
2364.25	0.0187999
2362.32	0.0186799
2360.39	0.0189786
2358.47	0.0193358
2356.54	0.0193806
2354.61	0.0195383
2352.68	0.0194207
2350.75	0.0192999
2348.83	0.0196977
2346.9	0.0203033
2344.97	0.0199859
2343.04	0.0193425
2341.11	0.0190997
2339.19	0.0192388
2337.26	0.0191659
2335.33	0.0189011
2333.4	0.0191666
2331.47	0.0194976
2329.55	0.0194612
2327.62	0.0193857
2325.69	0.0193552
2323.76	0.0193736
2321.83	0.0197097
2319.91	0.0195759
2317.98	0.0195287
2316.05	0.0199767
2314.12	0.0200143
2312.19	0.019285
2310.27	0.019279
2308.34	0.0192838
2306.41	0.0189894
2304.48	0.0193531
2302.55	0.0194371
2300.63	0.0195243
2298.7	0.0197287
2296.77	0.0194826
2294.84	0.019691
2292.91	0.0197151
2290.98	0.0194269
2289.06	0.0198626
2287.13	0.0194371
2285.2	0.0186695
2283.27	0.0190267
2281.35	0.0188233
2279.42	0.0183234
2277.49	0.0181794
2275.56	0.0184059
2273.63	0.0188278
2271.7	0.0189557
2269.78	0.0183821
2267.85	0.0184975
2265.92	0.0188177
2263.99	0.0187301
2262.06	0.0183485
2260.14	0.018147
2258.21	0.018658
2256.28	0.0188384
2254.35	0.0184373
2252.42	0.0181467
2250.5	0.0179315
2248.57	0.0176923
2246.64	0.0181996
2244.71	0.0185985
2242.78	0.0179402
2240.86	0.0179162
2238.93	0.0183168
2237	0.0176129
2235.07	0.0165271
2233.14	0.0164247
2231.22	0.0167643
2229.29	0.0168842
2227.36	0.0173274
2225.43	0.017158
2223.5	0.015897
2221.58	0.0152808
2219.65	0.015515
2217.72	0.015511
2215.79	0.0152735
2213.86	0.0155527
2211.94	0.016194
2210.01	0.0159775
2208.08	0.015123
2206.15	0.0152326
2204.22	0.0153872
2202.3	0.0148078
2200.37	0.0144496
2198.44	0.014098
2196.51	0.0140838
2194.58	0.013519
2192.66	0.0127629
2190.73	0.0133226
2188.8	0.013324
2186.87	0.0130096
2184.94	0.0131534
2183.02	0.01319
2181.09	0.0130549
2179.16	0.0127192
2177.23	0.0124342
2175.3	0.0117175
2173.38	0.0109081
2171.45	0.0110656
2169.52	0.0110741
2167.59	0.0107916
2165.66	0.0108957
2163.73	0.0109168
2161.81	0.0104735
2159.88	0.00997297
2157.95	0.0101807
2156.02	0.0100528
2154.09	0.0097109
2152.17	0.00997961
2150.24	0.0100953
2148.31	0.00939729
2146.38	0.00944703
2144.45	0.00897687
2142.53	0.00875611
2140.6	0.00976973
2138.67	0.009881
2136.74	0.00942986
2134.81	0.00930212
2132.89	0.00852813
2130.96	0.00761598
2129.03	0.00737903
2127.1	0.00753705
2125.17	0.00792109
2123.25	0.00770592
2121.32	0.0070998
2119.39	0.00690076
2117.46	0.0074553
2115.53	0.00709356
2113.61	0.00776107
2111.68	0.00807644
2109.75	0.00670524
2107.82	0.00679129
2105.89	0.00683252
2103.97	0.00657521
2102.04	0.00663294
2100.11	0.00699776
2098.18	0.00777399
2096.25	0.00862765
2094.33	0.00661265
2092.4	0.0054743
2090.47	0.00573248
2088.54	0.00716379
2086.61	0.00809831
2084.69	0.00701554
2082.76	0.00601157
2080.83	0.006429
2078.9	0.00581152
2076.97	0.00581978
2075.05	0.00663068
2073.12	0.00662856
2071.19	0.00620509
2069.26	0.00624106
2067.33	0.00550705
2065.41	0.00514094
2063.48	0.00609728
2061.55	0.00536201
2059.62	0.00510054
2057.69	0.00589998
2055.77	0.00634625
2053.84	0.00684107
2051.91	0.00638327
2049.98	0.0059423
2048.05	0.0050943
2046.12	0.00559206
2044.2	0.00703897
2042.27	0.00639097
2040.34	0.00388617
2038.41	0.00389964
2036.48	0.0058846
2034.56	0.00680163
2032.63	0.00674657
2030.7	0.00675818
2028.77	0.00599424
2026.84	0.00584054
2024.92	0.00423149
2022.99	0.00450064
2021.06	0.00706571
2019.13	0.00654217
2017.2	0.00401316
2015.28	0.0040659
2013.35	0.00426193
2011.42	0.00573631
2009.49	0.00718053
2007.56	0.0067078
2005.64	0.00616335
2003.71	0.00691937
2001.78	0.00612575
