mAHl0351.spa, Tue Oct 31 22:50:27 2006 (GMT-10:00)
7999.41	0.00846011
7997.48	0.0113042
7995.55	0.0126609
7993.62	0.0152438
7991.7	0.0160561
7989.77	0.0175244
7987.84	0.0192434
7985.91	0.014419
7983.98	0.015385
7982.06	0.0174421
7980.13	0.011107
7978.2	0.010436
7976.27	0.0126516
7974.34	0.0131955
7972.42	0.0113379
7970.49	0.0115909
7968.56	0.0131089
7966.63	0.0123742
7964.7	0.0139062
7962.78	0.012179
7960.85	0.0122242
7958.92	0.0141076
7956.99	0.0120775
7955.06	0.0102502
7953.14	0.0114777
7951.21	0.0143179
7949.28	0.0135569
7947.35	0.00935971
7945.42	0.0103834
7943.5	0.0135231
7941.57	0.0145087
7939.64	0.0110663
7937.71	0.0096156
7935.78	0.0104722
7933.86	0.0137163
7931.93	0.0142527
7930	0.0119894
7928.07	0.0129726
7926.14	0.0157581
7924.22	0.0166905
7922.29	0.0126728
7920.36	0.0120307
7918.43	0.0129346
7916.5	0.0145232
7914.58	0.0143726
7912.65	0.0150389
7910.72	0.0145817
7908.79	0.0136096
7906.86	0.0112019
7904.94	0.0107845
7903.01	0.0111358
7901.08	0.0121983
7899.15	0.0141743
7897.22	0.014518
7895.3	0.0141974
7893.37	0.0144163
7891.44	0.0148688
7889.51	0.0135642
7887.58	0.0139977
7885.66	0.0135563
7883.73	0.0103246
7881.8	0.0104175
7879.87	0.0116655
7877.94	0.0118447
7876.02	0.0125441
7874.09	0.0114234
7872.16	0.0117468
7870.23	0.0128669
7868.3	0.0151074
7866.38	0.0168281
7864.45	0.0144317
7862.52	0.0125603
7860.59	0.0113028
7858.66	0.0109108
7856.74	0.013121
7854.81	0.015999
7852.88	0.0144425
7850.95	0.01189
7849.02	0.0124888
7847.1	0.0139015
7845.17	0.0157297
7843.24	0.0148846
7841.31	0.0143921
7839.38	0.0154936
7837.46	0.016073
7835.53	0.0166354
7833.6	0.0149222
7831.67	0.015751
7829.74	0.0177434
7827.82	0.0139851
7825.89	0.0110015
7823.96	0.0125491
7822.03	0.0138375
7820.1	0.0128946
7818.18	0.0123518
7816.25	0.0145496
7814.32	0.0139844
7812.39	0.0124248
7810.46	0.0134449
7808.54	0.0155659
7806.61	0.0142091
7804.68	0.0121431
7802.75	0.0148895
7800.82	0.0157409
7798.9	0.0125052
7796.97	0.0133299
7795.04	0.0132228
7793.11	0.00923321
7791.18	0.0105848
7789.26	0.0172135
7787.33	0.0169203
7785.4	0.0107196
7783.47	0.0107377
7781.54	0.0111709
7779.62	0.00960598
7777.69	0.0114753
7775.76	0.0127371
7773.83	0.0131559
7771.9	0.0132001
7769.98	0.0119755
7768.05	0.012719
7766.12	0.0118817
7764.19	0.0123336
7762.26	0.0129472
7760.34	0.0140775
7758.41	0.0146313
7756.48	0.0135825
7754.55	0.0121782
7752.62	0.0129745
7750.7	0.0123001
7748.77	0.011974
7746.84	0.0125422
7744.91	0.011303
7742.98	0.009845
7741.06	0.00969677
7739.13	0.0113389
7737.2	0.0115996
7735.27	0.0116499
7733.34	0.0147313
7731.42	0.0155842
7729.49	0.0142364
7727.56	0.0138172
7725.63	0.0137497
7723.7	0.0128625
7721.78	0.0125741
7719.85	0.0147217
7717.92	0.0136956
7715.99	0.0138675
7714.06	0.014616
7712.14	0.0125025
7710.21	0.0121811
7708.28	0.0123408
7706.35	0.0109901
7704.42	0.0114459
7702.5	0.011828
7700.57	0.0129329
7698.64	0.0128476
7696.71	0.0119375
7694.78	0.0126437
7692.86	0.0139075
7690.93	0.0118923
7689	0.0103154
7687.07	0.00965341
7685.14	0.00895461
7683.22	0.0100088
7681.29	0.0119066
7679.36	0.0127418
7677.43	0.0131421
7675.5	0.0122378
7673.58	0.0111436
7671.65	0.0116687
7669.72	0.0119481
7667.79	0.0111567
7665.86	0.0110928
7663.94	0.0135443
7662.01	0.015987
7660.08	0.0147437
7658.15	0.0137254
7656.22	0.0105618
7654.29	0.00891626
7652.37	0.0110812
7650.44	0.0141502
7648.51	0.0136847
7646.58	0.0119903
7644.66	0.0123032
7642.73	0.013132
7640.8	0.0116492
7638.87	0.010186
7636.94	0.0107122
7635.02	0.0107578
7633.09	0.0118378
7631.16	0.0136495
7629.23	0.013706
7627.3	0.0120137
7625.38	0.0117467
7623.45	0.0117958
7621.52	0.0118315
7619.59	0.0124114
7617.66	0.0129575
7615.73	0.0127991
7613.81	0.0128375
7611.88	0.0128628
7609.95	0.0133548
7608.02	0.013155
7606.09	0.0133549
7604.17	0.0130142
7602.24	0.0133215
7600.31	0.014496
7598.38	0.014299
7596.46	0.0127708
7594.53	0.0118983
7592.6	0.0130896
7590.67	0.0141544
7588.74	0.0118845
7586.81	0.00955087
7584.89	0.00872588
7582.96	0.00851975
7581.03	0.00946295
7579.1	0.0104916
7577.17	0.0111326
7575.25	0.0118627
7573.32	0.0130163
7571.39	0.0121576
7569.46	0.0103073
7567.53	0.0105698
7565.61	0.0109833
7563.68	0.0106578
7561.75	0.00865767
7559.82	0.00783636
7557.89	0.0101788
7555.97	0.011483
7554.04	0.011284
7552.11	0.0119414
7550.18	0.0119529
7548.25	0.0106358
7546.33	0.00868998
7544.4	0.00841643
7542.47	0.00992612
7540.54	0.0118748
7538.61	0.012791
7536.69	0.0112971
7534.76	0.00993737
7532.83	0.0101132
7530.9	0.0110952
7528.97	0.0117163
7527.05	0.0111157
7525.12	0.0105547
7523.19	0.0102002
7521.26	0.0103634
7519.33	0.0103175
7517.41	0.0103365
7515.48	0.0114607
7513.55	0.01109
7511.62	0.00961164
7509.69	0.00959646
7507.77	0.0109821
7505.84	0.0108417
7503.91	0.0102825
7501.98	0.0109447
7500.05	0.00958972
7498.13	0.00843244
7496.2	0.00951371
7494.27	0.0107833
7492.34	0.0124249
7490.41	0.0105217
7488.49	0.00992086
7486.56	0.0115734
7484.63	0.0118431
7482.7	0.0103193
7480.77	0.00959988
7478.85	0.00874137
7476.92	0.00899412
7474.99	0.00928185
7473.06	0.00979803
7471.13	0.0110804
7469.21	0.0108701
7467.28	0.00933036
7465.35	0.0092279
7463.42	0.0107745
7461.49	0.0115528
7459.57	0.0106827
7457.64	0.0112624
7455.71	0.0123102
7453.78	0.0116796
7451.85	0.00939485
7449.93	0.00971609
7448	0.0100492
7446.07	0.00917625
7444.14	0.0105547
7442.21	0.00969538
7440.29	0.00985564
7438.36	0.0119252
7436.43	0.0116808
7434.5	0.00933087
7432.57	0.0069893
7430.65	0.00865473
7428.72	0.0102852
7426.79	0.0100633
7424.86	0.0107962
7422.93	0.0117212
7421.01	0.0100186
7419.08	0.00871973
7417.15	0.00935717
7415.22	0.0102859
7413.29	0.0107201
7411.37	0.0108152
7409.44	0.00974062
7407.51	0.00861701
7405.58	0.0100802
7403.65	0.0120567
7401.73	0.0102141
7399.8	0.00866578
7397.87	0.00940244
7395.94	0.00963958
7394.01	0.0106028
7392.09	0.0128911
7390.16	0.0133803
7388.23	0.011498
7386.3	0.00987683
7384.37	0.0104283
7382.45	0.00950189
7380.52	0.00902998
7378.59	0.0104195
7376.66	0.011561
7374.73	0.0106176
7372.81	0.0100098
7370.88	0.00847322
7368.95	0.00762664
7367.02	0.00881663
7365.09	0.010231
7363.17	0.0100752
7361.24	0.0093135
7359.31	0.00933703
7357.38	0.00952167
7355.45	0.00948432
7353.53	0.00867497
7351.6	0.0077835
7349.67	0.00876371
7347.74	0.00917199
7345.81	0.00760856
7343.89	0.00810719
7341.96	0.00833934
7340.03	0.00789409
7338.1	0.0099788
7336.17	0.0113568
7334.25	0.0105879
7332.32	0.00967943
7330.39	0.0094618
7328.46	0.0104071
7326.53	0.0108534
7324.61	0.0110742
7322.68	0.0103083
7320.75	0.0101818
7318.82	0.0122403
7316.89	0.0135005
7314.97	0.0134591
7313.04	0.0118148
7311.11	0.00969159
7309.18	0.0103545
7307.25	0.012091
7305.33	0.0120075
7303.4	0.0103576
7301.47	0.00771564
7299.54	0.0071519
7297.61	0.00704655
7295.69	0.00739898
7293.76	0.0086191
7291.83	0.00986896
7289.9	0.00962898
7287.97	0.00877457
7286.05	0.00821489
7284.12	0.00695456
7282.19	0.00639769
7280.26	0.00709212
7278.33	0.00804646
7276.41	0.0083106
7274.48	0.00840143
7272.55	0.00781703
7270.62	0.00758944
7268.69	0.00792115
7266.77	0.00815635
7264.84	0.00799786
7262.91	0.00802668
7260.98	0.00905599
7259.05	0.0100401
7257.13	0.00887067
7255.2	0.00942055
7253.27	0.0102203
7251.34	0.00859734
7249.41	0.00790263
7247.49	0.00951974
7245.56	0.00932189
7243.63	0.00825508
7241.7	0.00769769
7239.77	0.00800117
7237.85	0.00976783
7235.92	0.00957112
7233.99	0.00942831
7232.06	0.00823441
7230.13	0.00730135
7228.21	0.00773962
7226.28	0.0081316
7224.35	0.00907524
7222.42	0.00978206
7220.49	0.00902338
7218.57	0.00903837
7216.64	0.00955002
7214.71	0.00936597
7212.78	0.00866706
7210.85	0.00786801
7208.93	0.00905352
7207	0.0108465
7205.07	0.00982758
7203.14	0.0085507
7201.21	0.00762765
7199.29	0.00900038
7197.36	0.0105436
7195.43	0.00993479
7193.5	0.00948174
7191.57	0.00893313
7189.65	0.00754669
7187.72	0.00717151
7185.79	0.00882542
7183.86	0.0100188
7181.93	0.00974763
7180	0.00905674
7178.08	0.00916732
7176.15	0.00945364
7174.22	0.0102552
7172.29	0.0100882
7170.37	0.00948079
7168.44	0.00845356
7166.51	0.010682
7164.58	0.0109616
7162.65	0.00926398
7160.73	0.00890391
7158.8	0.00861599
7156.87	0.00889255
7154.94	0.00890543
7153.01	0.00864641
7151.08	0.00874461
7149.16	0.009574
7147.23	0.00918627
7145.3	0.00880848
7143.37	0.008926
7141.44	0.00806256
7139.52	0.00786838
7137.59	0.00864296
7135.66	0.00829689
7133.73	0.00828578
7131.8	0.00875181
7129.88	0.00817725
7127.95	0.00816644
7126.02	0.00926438
7124.09	0.00997493
7122.17	0.00888054
7120.24	0.00765651
7118.31	0.00804214
7116.38	0.00662574
7114.45	0.0070674
7112.52	0.00842693
7110.6	0.007828
7108.67	0.00764191
7106.74	0.00766555
7104.81	0.00748439
7102.88	0.00854435
7100.96	0.00891341
7099.03	0.00758408
7097.1	0.00697489
7095.17	0.0079575
7093.24	0.00891788
7091.32	0.0101653
7089.39	0.010205
7087.46	0.00873738
7085.53	0.00782432
7083.6	0.00759949
7081.68	0.00768282
7079.75	0.00843251
7077.82	0.00808191
7075.89	0.00862157
7073.96	0.00937847
7072.04	0.008727
7070.11	0.00785064
7068.18	0.0053445
7066.25	0.00566164
7064.32	0.00850339
7062.4	0.00851572
7060.47	0.00805602
7058.54	0.00883188
7056.61	0.00785033
7054.68	0.00804137
7052.76	0.0087201
7050.83	0.00804721
7048.9	0.00829013
7046.97	0.00983131
7045.04	0.0104492
7043.12	0.00938659
7041.19	0.00782442
7039.26	0.00701766
7037.33	0.00726051
7035.4	0.00823759
7033.48	0.00928198
7031.55	0.00987459
7029.62	0.00891247
7027.69	0.0069525
7025.76	0.0070581
7023.84	0.0090993
7021.91	0.00945631
7019.98	0.00892502
7018.05	0.00845801
7016.12	0.00722217
7014.2	0.00825819
7012.27	0.00966073
7010.34	0.00979033
7008.41	0.00957813
7006.48	0.00870421
7004.56	0.00827902
7002.63	0.00835859
7000.7	0.00825035
6998.77	0.00820956
6996.84	0.0082876
6994.92	0.00778397
6992.99	0.00782139
6991.06	0.00838569
6989.13	0.00763574
6987.2	0.00665588
6985.28	0.00641431
6983.35	0.00745287
6981.42	0.00880192
6979.49	0.00872335
6977.56	0.0080761
6975.64	0.00783674
6973.71	0.00805278
6971.78	0.00696143
6969.85	0.00742496
6967.92	0.0086987
6966	0.00796462
6964.07	0.00711118
6962.14	0.0083003
6960.21	0.00905078
6958.28	0.00810506
6956.36	0.00653387
6954.43	0.00666604
6952.5	0.00832114
6950.57	0.00854614
6948.64	0.00888534
6946.72	0.00935209
6944.79	0.00870235
6942.86	0.00725741
6940.93	0.00686841
6939	0.00840234
6937.08	0.00948811
6935.15	0.00960395
6933.22	0.00794748
6931.29	0.00590428
6929.36	0.00662422
6927.44	0.00823958
6925.51	0.00769506
6923.58	0.00739271
6921.65	0.00711637
6919.72	0.00712425
6917.8	0.00820642
6915.87	0.00857307
6913.94	0.00774272
6912.01	0.00706016
6910.08	0.00741145
6908.16	0.00767429
6906.23	0.00841646
6904.3	0.00811887
6902.37	0.00669797
6900.44	0.00657924
6898.52	0.00775915
6896.59	0.00779726
6894.66	0.00713947
6892.73	0.00676871
6890.8	0.00767152
6888.88	0.00893635
6886.95	0.00875492
6885.02	0.00768552
6883.09	0.00668367
6881.16	0.00670733
6879.24	0.00751925
6877.31	0.007974
6875.38	0.00724101
6873.45	0.00701732
6871.52	0.00773847
6869.6	0.00690453
6867.67	0.00612501
6865.74	0.00642517
6863.81	0.00738877
6861.88	0.00769921
6859.96	0.00716527
6858.03	0.00713705
6856.1	0.00690921
6854.17	0.00687817
6852.24	0.00781865
6850.32	0.00825913
6848.39	0.008945
6846.46	0.00921236
6844.53	0.00833857
6842.6	0.00761834
6840.68	0.00653171
6838.75	0.00617387
6836.82	0.006861
6834.89	0.00696823
6832.96	0.00702911
6831.04	0.00661716
6829.11	0.00727493
6827.18	0.0085435
6825.25	0.00894612
6823.32	0.00826821
6821.4	0.00835613
6819.47	0.00751591
6817.54	0.00673405
6815.61	0.00720725
6813.68	0.00766808
6811.76	0.00785253
6809.83	0.00804089
6807.9	0.00866439
6805.97	0.00791275
6804.04	0.00773739
6802.12	0.00754939
6800.19	0.00669084
6798.26	0.00659024
6796.33	0.00674795
6794.4	0.00767132
6792.48	0.0088777
6790.55	0.00812383
6788.62	0.00676508
6786.69	0.00772407
6784.76	0.00874769
6782.84	0.00855712
6780.91	0.00863972
6778.98	0.00823492
6777.05	0.00738957
6775.12	0.00734
6773.2	0.00788505
6771.27	0.00811938
6769.34	0.00773611
6767.41	0.00751837
6765.48	0.00783259
6763.56	0.0078977
6761.63	0.00693479
6759.7	0.00656956
6757.77	0.0070646
6755.84	0.00754207
6753.92	0.00733832
6751.99	0.00753314
6750.06	0.00831448
6748.13	0.00883773
6746.2	0.00920309
6744.28	0.00831252
6742.35	0.0067183
6740.42	0.00723285
6738.49	0.00830124
6736.56	0.00889319
6734.64	0.00953197
6732.71	0.00883692
6730.78	0.00787881
6728.85	0.00738907
6726.92	0.00731089
6725	0.00806587
6723.07	0.00983026
6721.14	0.0102903
6719.21	0.00856624
6717.28	0.00776539
6715.35	0.00826274
6713.43	0.00832583
6711.5	0.00836978
6709.57	0.00909548
6707.64	0.00878796
6705.71	0.00813322
6703.79	0.00796384
6701.86	0.00864056
6699.93	0.00933709
6698	0.00920272
6696.08	0.00884612
6694.15	0.0093699
6692.22	0.00979352
6690.29	0.00955246
6688.36	0.00941036
6686.44	0.00937166
6684.51	0.0085067
6682.58	0.00814257
6680.65	0.00878522
6678.72	0.00842572
6676.79	0.00881639
6674.87	0.0100677
6672.94	0.0102399
6671.01	0.00937925
6669.08	0.009445
6667.15	0.00923317
6665.23	0.00819572
6663.3	0.00756183
6661.37	0.00804137
6659.44	0.00863776
6657.51	0.00861217
6655.59	0.00858243
6653.66	0.00810577
6651.73	0.00813636
6649.8	0.00858101
6647.88	0.00883611
6645.95	0.0086844
6644.02	0.00891893
6642.09	0.00959717
6640.16	0.00910945
6638.23	0.0080705
6636.31	0.008369
6634.38	0.00902656
6632.45	0.00892238
6630.52	0.00984764
6628.59	0.0102734
6626.67	0.00864641
6624.74	0.00832296
6622.81	0.0091303
6620.88	0.00948032
6618.95	0.00971978
6617.03	0.00957041
6615.1	0.00876699
6613.17	0.00826767
6611.24	0.00864222
6609.31	0.00895935
6607.39	0.00926289
6605.46	0.0089973
6603.53	0.00845095
6601.6	0.00798892
6599.67	0.00763948
6597.75	0.00781714
6595.82	0.00782719
6593.89	0.00753742
6591.96	0.00827011
6590.03	0.00864918
6588.11	0.00814912
6586.18	0.00764785
6584.25	0.00782999
6582.32	0.00903194
6580.39	0.00882944
6578.47	0.00835471
6576.54	0.00797937
6574.61	0.00782301
6572.68	0.00802
6570.75	0.00795277
6568.83	0.00782516
6566.9	0.00829858
6564.97	0.00854698
6563.04	0.00821412
6561.11	0.00813261
6559.19	0.00779389
6557.26	0.00757481
6555.33	0.00814534
6553.4	0.0076897
6551.47	0.00738125
6549.55	0.00815314
6547.62	0.0085558
6545.69	0.00886431
6543.76	0.00877795
6541.83	0.00886908
6539.91	0.0088635
6537.98	0.00770795
6536.05	0.00722049
6534.12	0.00817799
6532.19	0.00791704
6530.27	0.00805889
6528.34	0.00823488
6526.41	0.0079632
6524.48	0.00774046
6522.55	0.00786278
6520.63	0.00870489
6518.7	0.00903793
6516.77	0.00837055
6514.84	0.00782311
6512.91	0.00819994
6510.99	0.00829908
6509.06	0.00804498
6507.13	0.00841592
6505.2	0.00859919
6503.27	0.00824204
6501.35	0.00788613
6499.42	0.00829601
6497.49	0.00818359
6495.56	0.00792649
6493.63	0.00831455
6491.71	0.00795554
6489.78	0.00815091
6487.85	0.00800087
6485.92	0.00773223
6483.99	0.00763399
6482.07	0.00710734
6480.14	0.00709404
6478.21	0.00758931
6476.28	0.00811128
6474.35	0.00810598
6472.43	0.00804997
6470.5	0.00751632
6468.57	0.00697604
6466.64	0.00727227
6464.71	0.0077887
6462.79	0.00784261
6460.86	0.00746996
6458.93	0.00776832
6457	0.00806611
6455.07	0.00703062
6453.15	0.006274
6451.22	0.0066259
6449.29	0.00692335
6447.36	0.00654332
6445.43	0.00698378
6443.51	0.00803911
6441.58	0.00821246
6439.65	0.00772896
6437.72	0.00752093
6435.79	0.00762131
6433.87	0.00726176
6431.94	0.00697304
6430.01	0.00701264
6428.08	0.0063835
6426.15	0.00707649
6424.23	0.00779834
6422.3	0.00722719
6420.37	0.00683707
6418.44	0.00713728
6416.51	0.0076346
6414.59	0.00820986
6412.66	0.00874498
6410.73	0.00867369
6408.8	0.00779288
6406.87	0.00759835
6404.95	0.00782749
6403.02	0.00817097
6401.09	0.00795321
6399.16	0.0073891
6397.23	0.00695011
6395.31	0.00672557
6393.38	0.00686342
6391.45	0.00682337
6389.52	0.00738283
6387.59	0.00719061
6385.67	0.00729748
6383.74	0.00792885
6381.81	0.00761649
6379.88	0.00714991
6377.95	0.00715342
6376.03	0.00785337
6374.1	0.00801977
6372.17	0.00704931
6370.24	0.00713917
6368.31	0.00738957
6366.39	0.00743612
6364.46	0.00696173
6362.53	0.00671362
6360.6	0.00716083
6358.67	0.00762111
6356.75	0.00780938
6354.82	0.00823006
6352.89	0.00826048
6350.96	0.00731786
6349.03	0.00683714
6347.11	0.0067397
6345.18	0.00661679
6343.25	0.00654732
6341.32	0.00637661
6339.39	0.00674539
6337.47	0.00765024
6335.54	0.00784166
6333.61	0.00716595
6331.68	0.00682098
6329.75	0.0069325
6327.83	0.00705736
6325.9	0.00689194
6323.97	0.00681061
6322.04	0.00688292
6320.11	0.00694425
6318.19	0.00669118
6316.26	0.0069722
6314.33	0.00709646
6312.4	0.00671689
6310.47	0.0066367
6308.55	0.00599011
6306.62	0.00553118
6304.69	0.00621699
6302.76	0.00712394
6300.83	0.00665265
6298.91	0.00621938
6296.98	0.00655186
6295.05	0.00698698
6293.12	0.00722942
6291.19	0.00674455
6289.27	0.00658553
6287.34	0.00637052
6285.41	0.00618217
6283.48	0.00605428
6281.55	0.00555259
6279.62	0.0052901
6277.7	0.00572234
6275.77	0.00575256
6273.84	0.00557927
6271.91	0.00573362
6269.99	0.00581334
6268.06	0.00564983
6266.13	0.00528664
6264.2	0.00540418
6262.27	0.00616382
6260.34	0.00591627
6258.42	0.00570784
6256.49	0.00558807
6254.56	0.00599095
6252.63	0.00619323
6250.71	0.00616184
6248.78	0.00589538
6246.85	0.00534511
6244.92	0.00546581
6242.99	0.00564886
6241.06	0.00556347
6239.14	0.00558253
6237.21	0.00590253
6235.28	0.005712
6233.35	0.00554635
6231.42	0.00572452
6229.5	0.00589528
6227.57	0.00545682
6225.64	0.00515012
6223.71	0.00558599
6221.79	0.00587523
6219.86	0.00592601
6217.93	0.0053804
6216	0.00486599
6214.07	0.00487956
6212.15	0.00517064
6210.22	0.00537603
6208.29	0.00516484
6206.36	0.00498341
6204.43	0.00516615
6202.5	0.00491555
6200.58	0.00476273
6198.65	0.00530677
6196.72	0.00512561
6194.79	0.00494809
6192.86	0.00513547
6190.94	0.0049125
6189.01	0.00507459
6187.08	0.00553293
6185.15	0.00543424
6183.22	0.00515291
6181.3	0.00560136
6179.37	0.0058579
6177.44	0.00594932
6175.51	0.00610259
6173.58	0.00622375
6171.66	0.00563066
6169.73	0.00535607
6167.8	0.00511827
6165.87	0.00486927
6163.94	0.00538036
6162.02	0.00555454
6160.09	0.00496937
6158.16	0.00506983
6156.23	0.00570817
6154.3	0.00562808
6152.38	0.00538895
6150.45	0.00529788
6148.52	0.00528825
6146.59	0.00576381
6144.66	0.00615431
6142.74	0.0057165
6140.81	0.0053384
6138.88	0.00544065
6136.95	0.005494
6135.02	0.00524589
6133.1	0.00548716
6131.17	0.00558444
6129.24	0.00531243
6127.31	0.00558686
6125.38	0.00564167
6123.46	0.00537865
6121.53	0.00518131
6119.6	0.00480313
6117.67	0.00494866
6115.74	0.00551111
6113.82	0.00563926
6111.89	0.00565768
6109.96	0.00581579
6108.03	0.00575555
6106.1	0.00512213
6104.18	0.00499638
6102.25	0.00522108
6100.32	0.00538194
6098.39	0.00568266
6096.46	0.00531693
6094.54	0.00487889
6092.61	0.00530693
6090.68	0.00587899
6088.75	0.0057209
6086.82	0.00592259
6084.9	0.0061403
6082.97	0.00645651
6081.04	0.00645197
6079.11	0.00659899
6077.18	0.00623659
6075.26	0.0061405
6073.33	0.00569632
6071.4	0.00575064
6069.47	0.00604342
6067.54	0.00637496
6065.62	0.00661063
6063.69	0.00674115
6061.76	0.00684464
6059.83	0.00643539
6057.9	0.00605891
6055.98	0.00642712
6054.05	0.00652118
6052.12	0.0062423
6050.19	0.00607074
6048.26	0.00624909
6046.34	0.00625024
6044.41	0.00618651
6042.48	0.00642446
6040.55	0.0062303
6038.62	0.00606472
6036.7	0.00645183
6034.77	0.00623208
6032.84	0.00609456
6030.91	0.00640264
6028.98	0.00610337
6027.06	0.00587912
6025.13	0.00611358
6023.2	0.00600119
6021.27	0.00603741
6019.34	0.00609527
6017.42	0.00584685
6015.49	0.00577737
6013.56	0.00548373
6011.63	0.00576441
6009.7	0.00604682
6007.78	0.00594549
6005.85	0.00582925
6003.92	0.00590882
6001.99	0.0055828
6000.06	0.00526524
5998.14	0.00542807
5996.21	0.00589394
5994.28	0.00568269
5992.35	0.00541223
5990.42	0.00525941
5988.5	0.00518851
5986.57	0.0048092
5984.64	0.00474611
5982.71	0.00506765
5980.78	0.005076
5978.86	0.00492584
5976.93	0.00481285
5975	0.00499357
5973.07	0.00513339
5971.14	0.00540187
5969.22	0.00538211
5967.29	0.00527266
5965.36	0.00526058
5963.43	0.00502518
5961.5	0.00497644
5959.58	0.00444427
5957.65	0.0042534
5955.72	0.00438542
5953.79	0.00455097
5951.86	0.0047286
5949.94	0.00500409
5948.01	0.00540039
5946.08	0.00503279
5944.15	0.00460772
5942.22	0.00436725
5940.3	0.0038037
5938.37	0.00415584
5936.44	0.00455107
5934.51	0.00451839
5932.58	0.00441843
5930.66	0.00425129
5928.73	0.00417592
5926.8	0.00431387
5924.87	0.00433663
5922.94	0.00440551
5921.02	0.00471366
5919.09	0.00473818
5917.16	0.00449793
5915.23	0.00411079
5913.3	0.00377084
5911.38	0.00362681
5909.45	0.00414246
5907.52	0.00481704
5905.59	0.00473282
5903.66	0.00432993
5901.74	0.00422837
5899.81	0.00428753
5897.88	0.00384989
5895.95	0.00380971
5894.02	0.00418592
5892.1	0.00434456
5890.17	0.00421094
5888.24	0.00437374
5886.31	0.0043312
5884.38	0.00422771
5882.46	0.00413189
5880.53	0.00410784
5878.6	0.00401329
5876.67	0.00389593
5874.74	0.00363537
5872.82	0.00351653
5870.89	0.00352746
5868.96	0.00407172
5867.03	0.00414614
5865.1	0.00363423
5863.18	0.00372736
5861.25	0.00387701
5859.32	0.00346813
5857.39	0.00345868
5855.46	0.00361979
5853.54	0.00390298
5851.61	0.0038883
5849.68	0.00371473
5847.75	0.00384174
5845.82	0.00406791
5843.9	0.00401346
5841.97	0.00415226
5840.04	0.00402266
5838.11	0.00361552
5836.18	0.00335279
5834.25	0.00359253
5832.33	0.00416989
5830.4	0.00408761
5828.47	0.00412233
5826.54	0.00427137
5824.62	0.00373104
5822.69	0.00362805
5820.76	0.00425584
5818.83	0.00423279
5816.9	0.00402396
5814.98	0.00381473
5813.05	0.00390228
5811.12	0.00404483
5809.19	0.00351015
5807.26	0.00326177
5805.33	0.00343767
5803.41	0.00358882
5801.48	0.00359607
5799.55	0.00352545
5797.62	0.00343931
5795.7	0.00379531
5793.77	0.00394287
5791.84	0.00351269
5789.91	0.00354212
5787.98	0.004045
5786.06	0.00370631
5784.13	0.00354255
5782.2	0.00345721
5780.27	0.00339232
5778.34	0.00390776
5776.42	0.00417608
5774.49	0.00429228
5772.56	0.00386106
5770.63	0.00337626
5768.7	0.0032576
5766.77	0.00310256
5764.85	0.0030493
5762.92	0.0028289
5760.99	0.00278955
5759.06	0.00334948
5757.13	0.00354686
5755.21	0.00355879
5753.28	0.00361004
5751.35	0.00371018
5749.42	0.00401858
5747.49	0.00396661
5745.57	0.00409456
5743.64	0.00464021
5741.71	0.0043707
5739.78	0.00354807
5737.85	0.0035498
5735.93	0.00374811
5734	0.00369982
5732.07	0.00334668
5730.14	0.00335866
5728.21	0.00366574
5726.29	0.00348179
5724.36	0.00378575
5722.43	0.00439188
5720.5	0.00416792
5718.57	0.00352231
5716.65	0.00368261
5714.72	0.00392104
5712.79	0.00385491
5710.86	0.00376038
5708.93	0.0036227
5707.01	0.00330267
5705.08	0.00315653
5703.15	0.00321647
5701.22	0.00306796
5699.29	0.00326691
5697.37	0.00355628
5695.44	0.00372108
5693.51	0.00360419
5691.58	0.00360683
5689.65	0.00368592
5687.73	0.0036513
5685.8	0.00377779
5683.87	0.00389165
5681.94	0.00374414
5680.01	0.00386487
5678.09	0.00408881
5676.16	0.00370387
5674.23	0.00326037
5672.3	0.00310653
5670.37	0.00324972
5668.45	0.00378331
5666.52	0.00385725
5664.59	0.00377933
5662.66	0.00348467
5660.73	0.00341754
5658.81	0.0038033
5656.88	0.00369401
5654.95	0.00324388
5653.02	0.00357045
5651.09	0.00338267
5649.17	0.00307733
5647.24	0.00359026
5645.31	0.00335045
5643.38	0.00336017
5641.45	0.00380874
5639.53	0.00397236
5637.6	0.00346059
5635.67	0.00330257
5633.74	0.00358071
5631.81	0.00377278
5629.89	0.00391876
5627.96	0.00377128
5626.03	0.00373237
5624.1	0.00364054
5622.17	0.00368676
5620.25	0.00359838
5618.32	0.00373785
5616.39	0.00385715
5614.46	0.00342007
5612.53	0.00361635
5610.61	0.003953
5608.68	0.00374597
5606.75	0.00336718
5604.82	0.00328254
5602.89	0.00345411
5600.97	0.00378591
5599.04	0.00392394
5597.11	0.00390422
5595.18	0.00370901
5593.25	0.00348567
5591.33	0.0032124
5589.4	0.00321861
5587.47	0.00334848
5585.54	0.00331669
5583.61	0.00348587
5581.69	0.00330684
5579.76	0.00281836
5577.83	0.00265421
5575.9	0.00299392
5573.97	0.0030807
5572.05	0.00300529
5570.12	0.00336451
5568.19	0.00347542
5566.26	0.00340872
5564.33	0.00360436
5562.41	0.00362962
5560.48	0.00370009
5558.55	0.00369568
5556.62	0.00340571
5554.69	0.00327149
5552.77	0.0033586
5550.84	0.0033989
5548.91	0.00332284
5546.98	0.0034687
5545.05	0.00342498
5543.13	0.00335532
5541.2	0.00331499
5539.27	0.00310149
5537.34	0.00301901
5535.41	0.00340505
5533.49	0.00354683
5531.56	0.00339162
5529.63	0.00347919
5527.7	0.00377428
5525.77	0.0037448
5523.85	0.00328074
5521.92	0.00312412
5519.99	0.00342575
5518.06	0.00324428
5516.13	0.0033406
5514.21	0.00357857
5512.28	0.00355291
5510.35	0.00338888
5508.42	0.00317495
5506.49	0.00317405
5504.57	0.00327536
5502.64	0.00326
5500.71	0.00313847
5498.78	0.00313557
5496.85	0.00321707
5494.93	0.00349763
5493	0.00370697
5491.07	0.00343076
5489.14	0.00294608
5487.21	0.00287062
5485.29	0.00320105
5483.36	0.00321821
5481.43	0.00320359
5479.5	0.00317101
5477.57	0.00334931
5475.65	0.00338294
5473.72	0.00305694
5471.79	0.00307663
5469.86	0.00319117
5467.93	0.00323994
5466.01	0.00332324
5464.08	0.00318793
5462.15	0.00302705
5460.22	0.00343707
5458.29	0.00368061
5456.37	0.00323437
5454.44	0.00322235
5452.51	0.00326117
5450.58	0.00313917
5448.65	0.00316367
5446.73	0.00302027
5444.8	0.00332711
5442.87	0.00355515
5440.94	0.00320205
5439.01	0.00319384
5437.09	0.00335583
5435.16	0.0030505
5433.23	0.00302772
5431.3	0.003185
5429.37	0.00331816
5427.45	0.00348607
5425.52	0.00341954
5423.59	0.0032345
5421.66	0.00303772
5419.73	0.00308728
5417.81	0.0032576
5415.88	0.00336264
5413.95	0.00327469
5412.02	0.00315486
5410.09	0.00314007
5408.17	0.00312472
5406.24	0.00320275
5404.31	0.00300549
5402.38	0.00299585
5400.45	0.00332871
5398.53	0.00324855
5396.6	0.00297243
5394.67	0.00289434
5392.74	0.00299742
5390.81	0.00319821
5388.88	0.00314668
5386.96	0.00314094
5385.03	0.0033002
5383.1	0.00357643
5381.17	0.00362731
5379.25	0.00328838
5377.32	0.00299498
5375.39	0.00307073
5373.46	0.00337823
5371.53	0.00352525
5369.6	0.00327483
5367.68	0.00283747
5365.75	0.00306442
5363.82	0.00315102
5361.89	0.00311998
5359.96	0.00321213
5358.04	0.00314635
5356.11	0.00304914
5354.18	0.00306862
5352.25	0.00305304
5350.33	0.00290028
5348.4	0.0031068
5346.47	0.00337596
5344.54	0.00314578
5342.61	0.003215
5340.69	0.00326484
5338.76	0.00343454
5336.83	0.00340799
5334.9	0.00322412
5332.97	0.00308885
5331.04	0.00304306
5329.12	0.00311928
5327.19	0.00319161
5325.26	0.00303459
5323.33	0.0029776
5321.4	0.00320623
5319.48	0.0032776
5317.55	0.00312315
5315.62	0.00300169
5313.69	0.0032358
5311.76	0.00341286
5309.84	0.00361903
5307.91	0.0036368
5305.98	0.00364926
5304.05	0.00347395
5302.12	0.00307997
5300.2	0.00311197
5298.27	0.00327766
5296.34	0.00333188
5294.41	0.00327359
5292.48	0.00321437
5290.56	0.00335686
5288.63	0.00319785
5286.7	0.00331222
5284.77	0.00326418
5282.84	0.00314678
5280.92	0.00312986
5278.99	0.00329786
5277.06	0.00332985
5275.13	0.00341443
5273.21	0.00328367
5271.28	0.00328538
5269.35	0.00363523
5267.42	0.0037054
5265.49	0.00361702
5263.56	0.00366721
5261.64	0.00375299
5259.71	0.00367596
5257.78	0.00348871
5255.85	0.0034855
5253.92	0.00382954
5252	0.00379728
5250.07	0.00343774
5248.14	0.00336958
5246.21	0.00369197
5244.28	0.00374684
5242.36	0.00358061
5240.43	0.00357529
5238.5	0.00356617
5236.57	0.00348731
5234.64	0.00374995
5232.72	0.00401058
5230.79	0.0040559
5228.86	0.00392388
5226.93	0.00390883
5225	0.00420097
5223.08	0.00426669
5221.15	0.00407376
5219.22	0.0040363
5217.29	0.00425692
5215.36	0.00420315
5213.44	0.00415464
5211.51	0.00420027
5209.58	0.00431835
5207.65	0.0045661
5205.72	0.00486287
5203.8	0.00486059
5201.87	0.00458636
5199.94	0.00468344
5198.01	0.00479992
5196.08	0.00468522
5194.16	0.004499
5192.23	0.00458934
5190.3	0.00480028
5188.37	0.00467809
5186.44	0.00479479
5184.52	0.00502615
5182.59	0.00505219
5180.66	0.00509534
5178.73	0.00511455
5176.8	0.00507579
5174.88	0.00501562
5172.95	0.00512655
5171.02	0.00521745
5169.09	0.00531743
5167.16	0.00522825
5165.24	0.00533816
5163.31	0.00554551
5161.38	0.00561693
5159.45	0.00568192
5157.52	0.00550175
5155.6	0.00545374
5153.67	0.00569223
5151.74	0.00560733
5149.81	0.00559861
5147.88	0.00556192
5145.96	0.00563254
5144.03	0.0059152
5142.1	0.00588651
5140.17	0.00581528
5138.24	0.00596797
5136.32	0.00587681
5134.39	0.00616275
5132.46	0.00654036
5130.53	0.00637022
5128.6	0.00601379
5126.68	0.00594539
5124.75	0.0062178
5122.82	0.00638377
5120.89	0.00645231
5118.96	0.00660555
5117.04	0.00632587
5115.11	0.00602323
5113.18	0.00614581
5111.25	0.00648681
5109.32	0.006761
5107.4	0.00668216
5105.47	0.00648876
5103.54	0.00660249
5101.61	0.0067497
5099.68	0.00696981
5097.76	0.00698439
5095.83	0.00695149
5093.9	0.00706302
5091.97	0.00689177
5090.04	0.00703766
5088.12	0.00741158
5086.19	0.0073887
5084.26	0.00744873
5082.33	0.00759963
5080.4	0.00765705
5078.48	0.00755259
5076.55	0.00756955
5074.62	0.00781349
5072.69	0.00793674
5070.76	0.00750533
5068.84	0.00764738
5066.91	0.00806682
5064.98	0.00795638
5063.05	0.00783228
5061.12	0.00804184
5059.2	0.00821986
5057.27	0.00822877
5055.34	0.00832583
5053.41	0.00844883
5051.48	0.00852637
5049.56	0.0084298
5047.63	0.00849815
5045.7	0.00862546
5043.77	0.00890898
5041.84	0.009153
5039.92	0.00930399
5037.99	0.00928053
5036.06	0.00946556
5034.13	0.00991981
5032.2	0.010384
5030.28	0.0105195
5028.35	0.0106874
5026.42	0.0109538
5024.49	0.0111512
5022.56	0.0111802
5020.64	0.0110512
5018.71	0.0113099
5016.78	0.0116999
5014.85	0.0117687
5012.92	0.0113287
5011	0.0109259
5009.07	0.010836
5007.14	0.0105549
5005.21	0.0104212
5003.28	0.0103819
5001.36	0.0101041
4999.43	0.00985795
4997.5	0.00983453
4995.57	0.00972117
4993.64	0.00955856
4991.72	0.00959812
4989.79	0.00946312
4987.86	0.0092349
4985.93	0.00911179
4984	0.00898776
4982.08	0.00906158
4980.15	0.00919148
4978.22	0.00917567
4976.29	0.00898786
4974.36	0.00883002
4972.44	0.0088755
4970.51	0.00880442
4968.58	0.00899385
4966.65	0.0093372
4964.72	0.00935748
4962.8	0.00903424
4960.87	0.00876787
4958.94	0.00875624
4957.01	0.00888271
4955.08	0.00901817
4953.16	0.00910282
4951.23	0.00889654
4949.3	0.00879955
4947.37	0.00891223
4945.44	0.0088313
4943.52	0.00864776
4941.59	0.00857625
4939.66	0.00870489
4937.73	0.00882055
4935.8	0.00862569
4933.88	0.00864121
4931.95	0.0088005
4930.02	0.00881423
4928.09	0.00860443
4926.16	0.00839933
4924.24	0.00823107
4922.31	0.00809386
4920.38	0.00818059
4918.45	0.00821783
4916.52	0.00832766
4914.6	0.00826818
4912.67	0.00803941
4910.74	0.0079685
4908.81	0.00802098
4906.88	0.00811178
4904.96	0.00815047
4903.03	0.00803512
4901.1	0.00807249
4899.17	0.00800917
4897.24	0.00795733
4895.32	0.00804231
4893.39	0.00819909
4891.46	0.00834454
4889.53	0.00820365
4887.6	0.00806692
4885.67	0.00790287
4883.75	0.00771547
4881.82	0.00771506
4879.89	0.0077922
4877.96	0.00781845
4876.04	0.00778023
4874.11	0.00772282
4872.18	0.0078612
4870.25	0.00776664
4868.32	0.00742116
4866.4	0.00738021
4864.47	0.00753041
4862.54	0.00756989
4860.61	0.00757771
4858.68	0.00752026
4856.75	0.00746009
4854.83	0.00764579
4852.9	0.00766832
4850.97	0.00754426
4849.04	0.00729013
4847.12	0.00719441
4845.19	0.00733818
4843.26	0.00737249
4841.33	0.00724983
4839.4	0.00699631
4837.47	0.00696321
4835.55	0.00713317
4833.62	0.00720947
4831.69	0.00724397
4829.76	0.00699486
4827.83	0.00671396
4825.91	0.00670359
4823.98	0.00665592
4822.05	0.0066294
4820.12	0.00669155
4818.19	0.00670915
4816.27	0.00657541
4814.34	0.00654557
4812.41	0.00661595
4810.48	0.00666752
4808.55	0.00665531
4806.63	0.00658261
4804.7	0.00626116
4802.77	0.00609009
4800.84	0.00620785
4798.91	0.00597163
4796.99	0.00584756
4795.06	0.00589958
4793.13	0.00592403
4791.2	0.00597311
4789.27	0.00591409
4787.35	0.00567628
4785.42	0.00539667
4783.49	0.00519888
4781.56	0.00500242
4779.63	0.00522872
4777.71	0.00548333
4775.78	0.00542458
4773.85	0.00528339
4771.92	0.0051347
4769.99	0.00512273
4768.07	0.00517939
4766.14	0.00499866
4764.21	0.00465829
4762.28	0.00466733
4760.35	0.00489598
4758.43	0.00471051
4756.5	0.00439553
4754.57	0.0043217
4752.64	0.00429854
4750.71	0.00419167
4748.79	0.00401011
4746.86	0.00394875
4744.93	0.00396711
4743	0.00367767
4741.07	0.00368679
4739.15	0.00371687
4737.22	0.00387109
4735.29	0.00380794
4733.36	0.0035639
4731.43	0.00346359
4729.51	0.00323053
4727.58	0.00322135
4725.65	0.00333292
4723.72	0.00320476
4721.79	0.00302598
4719.87	0.00314651
4717.94	0.00314915
4716.01	0.00306035
4714.08	0.0028805
4712.15	0.00294144
4710.23	0.00318046
4708.3	0.00289661
4706.37	0.00255801
4704.44	0.00252592
4702.51	0.0027493
4700.59	0.00279965
4698.66	0.00244287
4696.73	0.00202782
4694.8	0.00218768
4692.87	0.00232183
4690.95	0.00214795
4689.02	0.00211026
4687.09	0.00223726
4685.16	0.00224213
4683.23	0.00222141
4681.31	0.00228223
4679.38	0.00224026
4677.45	0.00210836
4675.52	0.00187319
4673.59	0.00173704
4671.67	0.00180222
4669.74	0.00191599
4667.81	0.00190128
4665.88	0.00180974
4663.95	0.00180594
4662.03	0.00180834
4660.1	0.00177227
4658.17	0.00173714
4656.24	0.00168931
4654.31	0.00162009
4652.39	0.0014802
4650.46	0.0014794
4648.53	0.00140859
4646.6	0.00145935
4644.67	0.00152186
4642.75	0.00145656
4640.82	0.00154716
4638.89	0.00166945
4636.96	0.00157949
4635.03	0.00154271
4633.11	0.0014803
4631.18	0.00133114
4629.25	0.00128492
4627.32	0.00125089
4625.39	0.00122906
4623.47	0.00126484
4621.54	0.00126594
4619.61	0.00127996
4617.68	0.00123909
4615.75	0.00128824
4613.83	0.0011959
4611.9	0.00119819
4609.97	0.0013939
4608.04	0.00130755
4606.11	0.00117413
4604.19	0.00118898
4602.26	0.00107285
4600.33	0.000855634
4598.4	0.000944883
4596.47	0.00104478
4594.55	0.00105378
4592.62	0.00120862
4590.69	0.00121081
4588.76	0.00111374
4586.83	0.000995559
4584.91	0.000882195
4582.98	0.000807465
4581.05	0.000938076
4579.12	0.00123324
4577.19	0.00133915
4575.27	0.00114955
4573.34	0.00102621
4571.41	0.00101137
4569.48	0.0010489
4567.55	0.00135055
4565.63	0.00139599
4563.7	0.0010956
4561.77	0.000947806
4559.84	0.00116672
4557.91	0.00128837
4555.99	0.00117756
4554.06	0.00138034
4552.13	0.0015326
4550.2	0.00140128
4548.27	0.00157061
4546.35	0.0018104
4544.42	0.00188451
4542.49	0.00174582
4540.56	0.00173604
4538.63	0.00192627
4536.71	0.00201478
4534.78	0.00209694
4532.85	0.00222364
4530.92	0.00221768
4528.99	0.00210776
4527.07	0.00216859
4525.14	0.00234632
4523.21	0.00222018
4521.28	0.00189995
4519.35	0.00184644
4517.43	0.0017273
4515.5	0.00178195
4513.57	0.0017412
4511.64	0.00172906
4509.71	0.00178079
4507.79	0.001629
4505.86	0.00148219
4503.93	0.00139772
4502	0.00152133
4500.07	0.0014056
4498.15	0.0011156
4496.22	0.000963811
4494.29	0.00100745
4492.36	0.00102409
4490.43	0.000956572
4488.51	0.000778087
4486.58	0.000575091
4484.65	0.000627349
4482.72	0.000542909
4480.79	0.000529341
4478.87	0.0008069
4476.94	0.000819349
4475.01	0.000721762
4473.08	0.000709349
4471.15	0.000512389
4469.23	0.000391921
4467.3	0.000378423
4465.37	0.000359123
4463.44	0.000381308
4461.51	0.000292075
4459.58	0.000318203
4457.66	0.000400676
4455.73	0.000457656
4453.8	0.000580432
4451.87	0.000660134
4449.95	0.000401803
4448.02	0.000270988
4446.09	0.000406579
4444.16	0.000413046
4442.23	0.000534416
4440.3	0.000686915
4438.38	0.000680377
4436.45	0.000569517
4434.52	0.000476165
4432.59	0.00034881
4430.67	0.00015357
4428.74	0.000196629
4426.81	0.000466612
4424.88	0.000639792
4422.95	0.000686218
4421.02	0.000792095
4419.1	0.000830536
4417.17	0.000538066
4415.24	0.000232962
4413.31	0.000214662
4411.38	0.000152642
4409.46	0.000360913
4407.53	0.00049975
4405.6	0.000466446
4403.67	0.000479449
4401.75	0.000494144
4399.82	0.000407939
4397.89	0.000448535
4395.96	0.000341017
4394.03	0.000372056
4392.1	0.000578707
4390.18	0.000448303
4388.25	0.000343603
4386.32	0.000408901
4384.39	0.000288428
4382.46	0.000244499
4380.54	0.000320491
4378.61	0.000297447
4376.68	0.000387178
4374.75	0.000412914
4372.82	0.000370961
4370.9	0.000402235
4368.97	0.000389699
4367.04	0.000491623
4365.11	0.000560393
4363.18	0.000526919
4361.26	0.000452615
4359.33	0.000356702
4357.4	0.000295391
4355.47	0.000464655
4353.54	0.000565005
4351.62	0.000501973
4349.69	0.000368607
4347.76	0.000276625
4345.83	0.000235315
4343.9	0.0003126
4341.98	0.000398089
4340.05	0.000442631
4338.12	0.000524962
4336.19	0.000451388
4334.26	0.000364926
4332.34	0.000342675
4330.41	0.000454008
4328.48	0.000405816
4326.55	0.000370762
4324.62	0.000360748
4322.7	0.000320524
4320.77	0.000485652
4318.84	0.000604553
4316.91	0.000408536
4314.98	0.000320558
4313.06	0.000382436
4311.13	0.000329842
4309.2	0.000338994
4307.27	0.000316015
4305.34	0.000430658
4303.42	0.00031061
4301.49	0.00021075
4299.56	0.000361212
4297.63	0.000415733
4295.7	0.000497959
4293.78	0.000636308
4291.85	0.000672446
4289.92	0.000618058
4287.99	0.000524729
4286.06	0.000424854
4284.14	0.000275663
4282.21	0.000207734
4280.28	0.000304808
4278.35	0.000511095
4276.42	0.00063966
4274.5	0.000642513
4272.57	0.000491722
4270.64	0.00034042
4268.71	0.000430923
4266.78	0.000467873
4264.86	0.000407508
4262.93	0.000460011
4261	0.000592211
4259.07	0.000742174
4257.14	0.000822137
4255.22	0.000689204
4253.29	0.000550772
4251.36	0.000502901
4249.43	0.000595263
4247.5	0.000514479
4245.58	0.000470924
4243.65	0.000606909
4241.72	0.000581262
4239.79	0.000555217
4237.86	0.0006751
4235.94	0.000751268
4234.01	0.000692324
4232.08	0.000661096
4230.15	0.000651539
4228.22	0.000686815
4226.3	0.000694083
4224.37	0.000574493
4222.44	0.000563312
4220.51	0.000669592
4218.58	0.000590154
4216.66	0.000495073
4214.73	0.000533521
4212.8	0.000641584
4210.87	0.000687645
4208.94	0.000650179
4207.02	0.00065947
4205.09	0.000772876
4203.16	0.000826553
4201.23	0.00071904
4199.3	0.000610659
4197.38	0.000643907
4195.45	0.000719903
4193.52	0.000618788
4191.59	0.000592476
4189.66	0.000716186
4187.74	0.000794585
4185.81	0.000700123
4183.88	0.000679481
4181.95	0.000702015
4180.02	0.000598415
4178.1	0.000598216
4176.17	0.000686516
4174.24	0.000668696
4172.31	0.000644538
4170.38	0.000686118
4168.46	0.000698729
4166.53	0.000692755
4164.6	0.000551435
4162.67	0.000438187
4160.74	0.000550772
4158.82	0.000519388
4156.89	0.000470559
4154.96	0.000522971
4153.03	0.000533952
4151.1	0.000617892
4149.18	0.000622272
4147.25	0.000479117
4145.32	0.000463826
4143.39	0.000597088
4141.46	0.00070759
4139.54	0.000554023
4137.61	0.000501873
4135.68	0.000635014
4133.75	0.000664448
4131.82	0.000703674
4129.9	0.000687545
4127.97	0.000568156
4126.04	0.000556943
4124.11	0.000705201
4122.18	0.000774071
4120.26	0.00069166
4118.33	0.000584613
4116.4	0.000555682
4114.47	0.000616897
4112.54	0.000554355
4110.62	0.000434538
4108.69	0.000462167
4106.76	0.000588826
4104.83	0.000601136
4102.9	0.000656019
4100.98	0.00070082
4099.05	0.000700189
4097.12	0.00065874
4095.19	0.000584812
4093.26	0.000555051
4091.34	0.000624893
4089.41	0.00065947
4087.48	0.000558966
4085.55	0.00059815
4083.62	0.000757176
4081.7	0.000739452
4079.77	0.000533819
4077.84	0.000549113
4075.91	0.000558071
4073.98	0.00061245
4072.06	0.000639195
4070.13	0.000584314
4068.2	0.000525426
4066.27	0.000626752
4064.34	0.000666207
4062.42	0.000718841
4060.49	0.000733876
4058.56	0.00062413
4056.63	0.000478885
4054.7	0.000552961
4052.78	0.000537103
4050.85	0.000465484
4048.92	0.000538696
4046.99	0.000552198
4045.06	0.000586802
4043.14	0.000644338
4041.21	0.000720832
4039.28	0.000743402
4037.35	0.000731188
4035.42	0.000774337
4033.5	0.000679846
4031.57	0.000736598
4029.64	0.000711971
4027.71	0.000656948
4025.78	0.000567626
4023.86	0.000554222
4021.93	0.000639427
4020	0.000666937
4018.07	0.000466944
4016.14	0.000328615
4014.22	0.000441205
4012.29	0.00053508
4010.36	0.000658408
4008.43	0.000764578
4006.5	0.000785689
4004.58	0.000695377
4002.65	0.00057874
4000.72	0.000600539
3998.79	0.000579138
3996.86	0.000597586
3994.94	0.000717879
3993.01	0.000568986
3991.08	0.000529573
3989.15	0.000676627
3987.22	0.000745028
3985.29	0.000726143
3983.37	0.00059732
3981.44	0.000526653
3979.51	0.000611986
3977.58	0.000601932
3975.66	0.00066541
3973.73	0.000833458
3971.8	0.000747053
3969.87	0.00056454
3967.94	0.000581428
3966.01	0.000741112
3964.09	0.000771117
3962.16	0.000723985
3960.23	0.000636076
3958.3	0.00055671
3956.38	0.000550407
3954.45	0.00063362
3952.52	0.000657811
3950.59	0.000701285
3948.66	0.00076647
3946.73	0.000690532
3944.81	0.000659006
3942.88	0.000527781
3940.95	0.000485785
3939.02	0.000661229
3937.09	0.000671616
3935.17	0.000560327
3933.24	0.000480179
3931.31	0.000536075
3929.38	0.000591647
3927.45	0.000610493
3925.53	0.0006752
3923.6	0.000754288
3921.67	0.000751533
3919.74	0.000645964
3917.81	0.000516569
3915.89	0.000491955
3913.96	0.000568687
3912.03	0.000718708
3910.1	0.000638697
3908.17	0.000378788
3906.25	0.000360217
3904.32	0.000500214
3902.39	0.000630733
3900.46	0.000657678
3898.53	0.000608602
3896.61	0.000452747
3894.68	0.000456164
3892.75	0.000742771
3890.82	0.000796477
3888.89	0.000667136
3886.97	0.000672943
3885.04	0.000730358
3883.11	0.000701052
3881.18	0.000649482
3879.25	0.000581627
3877.33	0.000539293
3875.4	0.000635279
3873.47	0.000475502
3871.54	0.000406447
3869.61	0.000529108
3867.69	0.000541781
3865.76	0.000483197
3863.83	0.000519853
3861.9	0.000478985
3859.97	0.000489997
3858.05	0.000592244
3856.12	0.000474109
3854.19	0.000413345
3852.26	0.000455368
3850.33	0.00040711
3848.41	0.000498622
3846.48	0.000630999
3844.55	0.000615835
3842.62	0.000533355
3840.69	0.000592708
3838.77	0.000588694
3836.84	0.000537601
3834.91	0.000496466
3832.98	0.000477525
3831.05	0.000523469
3829.13	0.000758802
3827.2	0.000733776
3825.27	0.000645765
3823.34	0.000671085
3821.41	0.000674171
3819.49	0.000596225
3817.56	0.00055107
3815.63	0.000700355
3813.7	0.000751135
3811.77	0.000712801
3809.85	0.000737826
3807.92	0.000691893
3805.99	0.000738987
3804.06	0.000865096
3802.13	0.000842322
3800.21	0.000807498
3798.28	0.000715024
3796.35	0.000683596
3794.42	0.000800128
3792.49	0.000804344
3790.57	0.000711672
3788.64	0.000719604
3786.71	0.000872168
3784.78	0.000932033
3782.85	0.00091055
3780.93	0.000853178
3779	0.000884984
3777.07	0.000889731
3775.14	0.000921108
3773.21	0.00104199
3771.29	0.00103983
3769.36	0.000864997
3767.43	0.00100868
3765.5	0.00110374
3763.57	0.00112892
3761.65	0.00114061
3759.72	0.00114015
3757.79	0.00111221
3755.86	0.00103684
3753.93	0.00102635
3752.01	0.00108573
3750.08	0.00106448
3748.15	0.000919116
3746.22	0.00091387
3744.29	0.000967697
3742.37	0.00101193
3740.44	0.000936283
3738.51	0.000808328
3736.58	0.000942659
3734.65	0.00125903
3732.73	0.00133915
3730.8	0.00132413
3728.87	0.00132782
3726.94	0.00138871
3725.01	0.00161996
3723.09	0.00173288
3721.16	0.00168997
3719.23	0.00173811
3717.3	0.00177933
3715.37	0.00193369
3713.45	0.0019754
3711.52	0.00193299
3709.59	0.0021022
3707.66	0.00243488
3705.73	0.00251149
3703.81	0.00230431
3701.88	0.00234096
3699.95	0.00245547
3698.02	0.00262441
3696.09	0.00285571
3694.17	0.00294191
3692.24	0.00294601
3690.31	0.00311501
3688.38	0.00326932
3686.45	0.00334691
3684.53	0.00352355
3682.6	0.00366841
3680.67	0.00380025
3678.74	0.00394524
3676.81	0.00404356
3674.89	0.00412503
3672.96	0.00428874
3671.03	0.00452013
3669.1	0.00464942
3667.17	0.00490043
3665.25	0.0050952
3663.32	0.00519113
3661.39	0.00548632
3659.46	0.00573611
3657.53	0.00587835
3655.61	0.00606499
3653.68	0.00631414
3651.75	0.00667412
3649.82	0.00696472
3647.89	0.00715308
3645.97	0.00727284
3644.04	0.00755347
3642.11	0.00785344
3640.18	0.00815928
3638.25	0.00853279
3636.33	0.0088801
3634.4	0.00905931
3632.47	0.00926834
3630.54	0.00949028
3628.61	0.00987761
3626.69	0.0103276
3624.76	0.0108579
3622.83	0.0113808
3620.9	0.0116678
3618.97	0.0120279
3617.05	0.0125367
3615.12	0.0130187
3613.19	0.0135009
3611.26	0.0140481
3609.33	0.0145674
3607.41	0.015155
3605.48	0.015835
3603.55	0.0165538
3601.62	0.0172444
3599.69	0.0178691
3597.77	0.0186612
3595.84	0.0195634
3593.91	0.0203019
3591.98	0.0208877
3590.05	0.0215094
3588.12	0.02234
3586.2	0.0232685
3584.27	0.0244518
3582.34	0.0255958
3580.41	0.0265744
3578.49	0.0275608
3576.56	0.0286811
3574.63	0.0299181
3572.7	0.031221
3570.77	0.0325579
3568.85	0.0338626
3566.92	0.0352765
3564.99	0.0368983
3563.06	0.0385171
3561.13	0.0400609
3559.21	0.0417832
3557.28	0.0435212
3555.35	0.0452024
3553.42	0.0470688
3551.49	0.0490392
3549.56	0.0510679
3547.64	0.0531667
3545.71	0.0552746
3543.78	0.0575847
3541.85	0.0599953
3539.93	0.0623442
3538	0.0648303
3536.07	0.0675606
3534.14	0.0702624
3532.21	0.0730554
3530.28	0.0759029
3528.36	0.0789875
3526.43	0.0821104
3524.5	0.0855487
3522.57	0.0891686
3520.65	0.0927797
3518.72	0.0964516
3516.79	0.100341
3514.86	0.104372
3512.93	0.108628
3511	0.113186
3509.08	0.117917
3507.15	0.122693
3505.22	0.127807
3503.29	0.133214
3501.37	0.138698
3499.44	0.144342
3497.51	0.150481
3495.58	0.156946
3493.65	0.163557
3491.72	0.17028
3489.8	0.177464
3487.87	0.185025
3485.94	0.192898
3484.01	0.200907
3482.08	0.209056
3480.16	0.217561
3478.23	0.226378
3476.3	0.235427
3474.37	0.244874
3472.44	0.254389
3470.52	0.264102
3468.59	0.27425
3466.66	0.284622
3464.73	0.295117
3462.81	0.305663
3460.88	0.316587
3458.95	0.327793
3457.02	0.339044
3455.09	0.350184
3453.16	0.361108
3451.24	0.372121
3449.31	0.38301
3447.38	0.393065
3445.45	0.402477
3443.52	0.411824
3441.6	0.420412
3439.67	0.427751
3437.74	0.43448
3435.81	0.440187
3433.88	0.444725
3431.96	0.448165
3430.03	0.450359
3428.1	0.451276
3426.17	0.451306
3424.24	0.450679
3422.32	0.449222
3420.39	0.446844
3418.46	0.443801
3416.53	0.44013
3414.6	0.436513
3412.68	0.432865
3410.75	0.429157
3408.82	0.425454
3406.89	0.422169
3404.96	0.419304
3403.04	0.416233
3401.11	0.413242
3399.18	0.410614
3397.25	0.408146
3395.32	0.405618
3393.4	0.403159
3391.47	0.400534
3389.54	0.398148
3387.61	0.395962
3385.68	0.39387
3383.76	0.391705
3381.83	0.389748
3379.9	0.388371
3377.97	0.38715
3376.04	0.385674
3374.12	0.384263
3372.19	0.382829
3370.26	0.381347
3368.33	0.380247
3366.4	0.379071
3364.48	0.377934
3362.55	0.377027
3360.62	0.376119
3358.69	0.37517
3356.76	0.374027
3354.84	0.373259
3352.91	0.37259
3350.98	0.371805
3349.05	0.371132
3347.12	0.37035
3345.2	0.370068
3343.27	0.369704
3341.34	0.368908
3339.41	0.368149
3337.48	0.367682
3335.56	0.367311
3333.63	0.366792
3331.7	0.366135
3329.77	0.365485
3327.84	0.364995
3325.92	0.364479
3323.99	0.36383
3322.06	0.362849
3320.13	0.361822
3318.2	0.360755
3316.28	0.359489
3314.35	0.358404
3312.42	0.357205
3310.49	0.355845
3308.56	0.354381
3306.64	0.352736
3304.71	0.35106
3302.78	0.349583
3300.85	0.347935
3298.92	0.346244
3297	0.344651
3295.07	0.342621
3293.14	0.340719
3291.21	0.339083
3289.28	0.337371
3287.36	0.33537
3285.43	0.333566
3283.5	0.332188
3281.57	0.330497
3279.64	0.328685
3277.72	0.326851
3275.79	0.325202
3273.86	0.323633
3271.93	0.321876
3270	0.320433
3268.08	0.318931
3266.15	0.317052
3264.22	0.315315
3262.29	0.313773
3260.36	0.312123
3258.44	0.310306
3256.51	0.308554
3254.58	0.306986
3252.65	0.305395
3250.72	0.303741
3248.8	0.302061
3246.87	0.300529
3244.94	0.299541
3243.01	0.298813
3241.08	0.29787
3239.16	0.297193
3237.23	0.296962
3235.3	0.297436
3233.37	0.298614
3231.44	0.300223
3229.52	0.30258
3227.59	0.305915
3225.66	0.31021
3223.73	0.315373
3221.8	0.32158
3219.88	0.329342
3217.95	0.338168
3216.02	0.348371
3214.09	0.359783
3212.16	0.371816
3210.24	0.384163
3208.31	0.396322
3206.38	0.407378
3204.45	0.417214
3202.52	0.426203
3200.6	0.433987
3198.67	0.440146
3196.74	0.445168
3194.81	0.449559
3192.88	0.453013
3190.96	0.455385
3189.03	0.457361
3187.1	0.459012
3185.17	0.460419
3183.24	0.461276
3181.32	0.461742
3179.39	0.462044
3177.46	0.462284
3175.53	0.462629
3173.6	0.46247
3171.68	0.462328
3169.75	0.462415
3167.82	0.462129
3165.89	0.461759
3163.96	0.461543
3162.04	0.461235
3160.11	0.460943
3158.18	0.460865
3156.25	0.461176
3154.32	0.461413
3152.4	0.461765
3150.47	0.462568
3148.54	0.463866
3146.61	0.465296
3144.68	0.466587
3142.76	0.468273
3140.83	0.470438
3138.9	0.472886
3136.97	0.475555
3135.04	0.478016
3133.12	0.48073
3131.19	0.484032
3129.26	0.487278
3127.33	0.490363
3125.4	0.493567
3123.48	0.496968
3121.55	0.500121
3119.62	0.502739
3117.69	0.505295
3115.76	0.507553
3113.84	0.509047
3111.91	0.510251
3109.98	0.510461
3108.05	0.50946
3106.12	0.507751
3104.2	0.505075
3102.27	0.501321
3100.34	0.496413
3098.41	0.490494
3096.48	0.48331
3094.56	0.475317
3092.63	0.466857
3090.7	0.457618
3088.77	0.44708
3086.84	0.435943
3084.92	0.424391
3082.99	0.412158
3081.06	0.399728
3079.13	0.386911
3077.2	0.373598
3075.28	0.36023
3073.35	0.346907
3071.42	0.333612
3069.49	0.320118
3067.56	0.306546
3065.63	0.293234
3063.71	0.280205
3061.78	0.26731
3059.85	0.254456
3057.92	0.241908
3055.99	0.229667
3054.07	0.217784
3052.14	0.206298
3050.21	0.195082
3048.28	0.18453
3046.35	0.174535
3044.43	0.164958
3042.5	0.156068
3040.57	0.147641
3038.64	0.139674
3036.71	0.132449
3034.79	0.125869
3032.86	0.119731
3030.93	0.113895
3029	0.108499
3027.07	0.103809
3025.15	0.0995222
3023.22	0.0954994
3021.29	0.0917191
3019.36	0.0881493
3017.43	0.0849068
3015.51	0.0821183
3013.58	0.0794478
3011.65	0.0770826
3009.72	0.0748739
3007.79	0.0727858
3005.87	0.0709023
3003.94	0.0691916
3002.01	0.0675389
3000.08	0.0661023
2998.15	0.0649047
2996.23	0.0636418
2994.3	0.06234
2992.37	0.0612582
2990.44	0.0602344
2988.51	0.0593394
2986.59	0.0586679
2984.66	0.0579887
2982.73	0.0573004
2980.8	0.0566586
2978.87	0.0557999
2976.95	0.0551834
2975.02	0.0547317
2973.09	0.0543083
2971.16	0.053929
2969.23	0.0535072
2967.31	0.0530814
2965.38	0.0527222
2963.45	0.052369
2961.52	0.0520727
2959.59	0.0517747
2957.67	0.0515147
2955.74	0.0512789
2953.81	0.0509722
2951.88	0.0507477
2949.95	0.0504297
2948.03	0.0501644
2946.1	0.0499953
2944.17	0.0498026
2942.24	0.0495636
2940.31	0.0493029
2938.39	0.0490291
2936.46	0.0489503
2934.53	0.0489271
2932.6	0.0487535
2930.67	0.0486252
2928.75	0.0485799
2926.82	0.0483412
2924.89	0.0480098
2922.96	0.0479487
2921.03	0.0478986
2919.11	0.0477705
2917.18	0.0476321
2915.25	0.04752
2913.32	0.047309
2911.39	0.0471152
2909.47	0.0470039
2907.54	0.0468987
2905.61	0.0468199
2903.68	0.0466794
2901.75	0.046398
2899.83	0.0460552
2897.9	0.0457839
2895.97	0.0457047
2894.04	0.0456836
2892.11	0.0454656
2890.19	0.0451842
2888.26	0.0447648
2886.33	0.0444287
2884.4	0.0442774
2882.47	0.0440332
2880.55	0.0437174
2878.62	0.0433968
2876.69	0.0431612
2874.76	0.0429641
2872.83	0.0426818
2870.91	0.0423609
2868.98	0.0420813
2867.05	0.0418202
2865.12	0.0416305
2863.19	0.0413241
2861.27	0.0408934
2859.34	0.040644
2857.41	0.0403182
2855.48	0.0399941
2853.55	0.0396475
2851.63	0.0391916
2849.7	0.0388499
2847.77	0.0386258
2845.84	0.0383712
2843.91	0.0381215
2841.99	0.0377957
2840.06	0.0374263
2838.13	0.0371233
2836.2	0.0367538
2834.27	0.0362718
2832.35	0.0359095
2830.42	0.0356625
2828.49	0.035378
2826.56	0.0349402
2824.63	0.0345572
2822.71	0.0343283
2820.78	0.0339575
2818.85	0.0335569
2816.92	0.0331933
2814.99	0.0326744
2813.07	0.0322756
2811.14	0.0320996
2809.21	0.0318239
2807.28	0.0314427
2805.35	0.031024
2803.43	0.0306289
2801.5	0.030297
2799.57	0.0298655
2797.64	0.0294955
2795.71	0.0292032
2793.79	0.0289467
2791.86	0.0286934
2789.93	0.0282714
2788	0.0278309
2786.07	0.0274258
2784.15	0.0270023
2782.22	0.0266262
2780.29	0.0263257
2778.36	0.0261061
2776.43	0.0257369
2774.51	0.025359
2772.58	0.0250126
2770.65	0.0247711
2768.72	0.0244155
2766.79	0.0239449
2764.87	0.0237199
2762.94	0.0234832
2761.01	0.0230871
2759.08	0.0228083
2757.15	0.0225426
2755.23	0.0222966
2753.3	0.0219553
2751.37	0.0214553
2749.44	0.0211137
2747.51	0.0209237
2745.59	0.0207968
2743.66	0.020576
2741.73	0.0203066
2739.8	0.0199579
2737.87	0.0196791
2735.95	0.0193974
2734.02	0.0191581
2732.09	0.0188716
2730.16	0.0186474
2728.23	0.018494
2726.31	0.0182381
2724.38	0.0180698
2722.45	0.0179511
2720.52	0.0177399
2718.59	0.0174736
2716.67	0.017146
2714.74	0.016863
2712.81	0.0167198
2710.88	0.0166047
2708.95	0.0164791
2707.02	0.0164281
2705.1	0.0162601
2703.17	0.0159836
2701.24	0.0158086
2699.31	0.0157041
2697.39	0.01569
2695.46	0.0155318
2693.53	0.0152826
2691.6	0.0151989
2689.67	0.0151425
2687.75	0.0149976
2685.82	0.0149938
2683.89	0.0149826
2681.96	0.0148468
2680.03	0.0146232
2678.11	0.0144686
2676.18	0.0143801
2674.25	0.0142802
2672.32	0.0141734
2670.39	0.0140365
2668.46	0.0140199
2666.54	0.0141236
2664.61	0.0142897
2662.68	0.0142175
2660.75	0.0141523
2658.83	0.0141024
2656.9	0.0139168
2654.97	0.0138111
2653.04	0.0137593
2651.11	0.0137981
2649.19	0.0137113
2647.26	0.0135296
2645.33	0.0135527
2643.4	0.0136883
2641.47	0.0138345
2639.55	0.0138102
2637.62	0.0137557
2635.69	0.0137472
2633.76	0.0137055
2631.83	0.0135686
2629.9	0.0135993
2627.98	0.0137039
2626.05	0.0136
2624.12	0.0135834
2622.19	0.0137356
2620.27	0.0137473
2618.34	0.0137567
2616.41	0.0137957
2614.48	0.0138334
2612.55	0.013894
2610.62	0.0138889
2608.7	0.0138856
2606.77	0.0139549
2604.84	0.0139239
2602.91	0.0139528
2600.98	0.0141059
2599.06	0.0141259
2597.13	0.0140989
2595.2	0.0141159
2593.27	0.0141745
2591.34	0.0141657
2589.42	0.0142349
2587.49	0.0142968
2585.56	0.0143378
2583.63	0.01433
2581.71	0.0143518
2579.78	0.0144289
2577.85	0.0144647
2575.92	0.0145065
2573.99	0.0146041
2572.06	0.0146352
2570.14	0.0146859
2568.21	0.0147642
2566.28	0.0146946
2564.35	0.0147775
2562.42	0.0151073
2560.5	0.015206
2558.57	0.0151475
2556.64	0.0152368
2554.71	0.015354
2552.78	0.01538
2550.86	0.0154262
2548.93	0.0155626
2547	0.0155848
2545.07	0.0156612
2543.15	0.015773
2541.22	0.0157541
2539.29	0.0157505
2537.36	0.0158305
2535.43	0.0159535
2533.5	0.0160066
2531.58	0.0161845
2529.65	0.0163668
2527.72	0.0163738
2525.79	0.0163504
2523.86	0.0164935
2521.94	0.0165661
2520.01	0.0165427
2518.08	0.0165254
2516.15	0.0165784
2514.22	0.0167635
2512.3	0.0168247
2510.37	0.0169384
2508.44	0.0170219
2506.51	0.0171329
2504.58	0.0172106
2502.66	0.0171701
2500.73	0.0172278
2498.8	0.0173391
2496.87	0.0174444
2494.94	0.0175918
2493.02	0.0177465
2491.09	0.0177853
2489.16	0.0177758
2487.23	0.0178438
2485.3	0.018001
2483.38	0.0181659
2481.45	0.0182737
2479.52	0.0184076
2477.59	0.0184482
2475.66	0.0185251
2473.74	0.0185706
2471.81	0.0186728
2469.88	0.0188933
2467.95	0.0189569
2466.02	0.0190168
2464.1	0.0191224
2462.17	0.0191616
2460.24	0.01924
2458.31	0.0193301
2456.38	0.0194438
2454.46	0.0194994
2452.53	0.0193865
2450.6	0.0193686
2448.67	0.0195737
2446.74	0.0198547
2444.82	0.0200647
2442.89	0.0201232
2440.96	0.0202085
2439.03	0.0203114
2437.1	0.0203624
2435.18	0.0204732
2433.25	0.0206743
2431.32	0.0208642
2429.39	0.0210528
2427.46	0.0210574
2425.54	0.0211628
2423.61	0.0214708
2421.68	0.0216062
2419.75	0.0217142
2417.82	0.0220544
2415.9	0.0222455
2413.97	0.0221295
2412.04	0.0221125
2410.11	0.0222023
2408.18	0.0222235
2406.26	0.0222595
2404.33	0.0224749
2402.4	0.022701
2400.47	0.0228104
2398.54	0.0228326
2396.62	0.0229313
2394.69	0.0230683
2392.76	0.0230866
2390.83	0.0230765
2388.9	0.0232627
2386.98	0.0235742
2385.05	0.0236828
2383.12	0.0237753
2381.19	0.0239503
2379.26	0.0240582
2377.34	0.0242336
2375.41	0.0244151
2373.48	0.0244907
2371.55	0.0245869
2369.62	0.024814
2367.7	0.0251148
2365.77	0.0252648
2363.84	0.0252849
2361.91	0.0254204
2359.98	0.0256721
2358.06	0.0257771
2356.13	0.0259771
2354.2	0.0262687
2352.27	0.0263825
2350.34	0.026423
2348.42	0.0264479
2346.49	0.0266506
2344.56	0.0270916
2342.63	0.0276373
2340.7	0.027909
2338.78	0.0277586
2336.85	0.0277705
2334.92	0.0279432
2332.99	0.0281425
2331.06	0.0282438
2329.14	0.0284021
2327.21	0.0285977
2325.28	0.0286903
2323.35	0.0289144
2321.42	0.0291436
2319.5	0.0291649
2317.57	0.0293491
2315.64	0.0296223
2313.71	0.0298699
2311.78	0.0299542
2309.86	0.0300193
2307.93	0.0301988
2306	0.0304265
2304.07	0.0306259
2302.14	0.0308692
2300.22	0.0309591
2298.29	0.0310172
2296.36	0.0312675
2294.43	0.0315044
2292.5	0.0316093
2290.58	0.0317339
2288.65	0.0318307
2286.72	0.0319041
2284.79	0.0320405
2282.86	0.032232
2280.94	0.0322433
2279.01	0.0322673
2277.08	0.0323714
2275.15	0.0323329
2273.22	0.0323293
2271.3	0.0324334
2269.37	0.0324883
2267.44	0.0325498
2265.51	0.0325445
2263.58	0.0325934
2261.66	0.0326852
2259.73	0.0327459
2257.8	0.0327437
2255.87	0.0325444
2253.94	0.0323943
2252.02	0.0323505
2250.09	0.0323006
2248.16	0.0323673
2246.23	0.0322674
2244.3	0.0322241
2242.38	0.0323034
2240.45	0.0320681
2238.52	0.0317228
2236.59	0.0317426
2234.66	0.0318479
2232.74	0.031608
2230.81	0.0312395
2228.88	0.0310214
2226.95	0.0308911
2225.02	0.0308131
2223.1	0.0306363
2221.17	0.0304218
2219.24	0.0302368
2217.31	0.0299309
2215.38	0.0296239
2213.46	0.0295045
2211.53	0.0292316
2209.6	0.0289198
2207.67	0.0287118
2205.74	0.0284872
2203.81	0.0283262
2201.89	0.0280336
2199.96	0.02756
2198.03	0.0272632
2196.1	0.0271819
2194.18	0.0269282
2192.25	0.026656
2190.32	0.0264273
2188.39	0.0260853
2186.46	0.0257421
2184.54	0.0256136
2182.61	0.0252503
2180.68	0.0249882
2178.75	0.0248759
2176.82	0.0245155
2174.9	0.0241826
2172.97	0.0239791
2171.04	0.0237646
2169.11	0.0235035
2167.18	0.0232495
2165.25	0.0230178
2163.33	0.0227346
2161.4	0.0223537
2159.47	0.0220983
2157.54	0.0220219
2155.62	0.0216866
2153.69	0.0212662
2151.76	0.0210827
2149.83	0.0210512
2147.9	0.0209662
2145.98	0.020759
2144.05	0.0204534
2142.12	0.0200738
2140.19	0.020002
2138.26	0.0199107
2136.33	0.0196626
2134.41	0.0193507
2132.48	0.0191333
2130.55	0.0189683
2128.62	0.0187042
2126.69	0.0184916
2124.77	0.0183611
2122.84	0.018059
2120.91	0.0177275
2118.98	0.0174915
2117.05	0.0174312
2115.13	0.0173233
2113.2	0.0170665
2111.27	0.0168586
2109.34	0.016734
2107.41	0.0165465
2105.49	0.0163967
2103.56	0.0163428
2101.63	0.0162918
2099.7	0.0161694
2097.77	0.0159261
2095.85	0.0157244
2093.92	0.0156895
2091.99	0.0155442
2090.06	0.0153828
2088.13	0.0151082
2086.21	0.0148034
2084.28	0.0147384
2082.35	0.0146825
2080.42	0.0146067
2078.49	0.0144602
2076.57	0.0144036
2074.64	0.0143851
2072.71	0.0142218
2070.78	0.0142685
2068.85	0.0142973
2066.93	0.0140784
2065	0.0138158
2063.07	0.0137491
2061.14	0.0137534
2059.21	0.0135414
2057.29	0.0133724
2055.36	0.0131762
2053.43	0.0130025
2051.5	0.0130505
2049.57	0.0131373
2047.65	0.0131117
2045.72	0.0129323
2043.79	0.012864
2041.86	0.0129275
2039.93	0.0128442
2038.01	0.0127509
2036.08	0.0126888
2034.15	0.0126299
2032.22	0.0125357
2030.29	0.0124174
2028.37	0.0125272
2026.44	0.0124816
2024.51	0.0124018
2022.58	0.0123033
2020.65	0.0122519
2018.73	0.0122384
2016.8	0.0121166
2014.87	0.0119301
2012.94	0.012093
2011.01	0.0121373
2009.09	0.012121
2007.16	0.0122305
2005.23	0.0122627
2003.3	0.0122545
2001.37	0.0123167
1999.45	0.0123965
1997.52	0.0123693
1995.59	0.0124178
1993.66	0.01246
1991.73	0.0124368
1989.81	0.0124704
1987.88	0.0125009
1985.95	0.0125301
1984.02	0.0126612
1982.09	0.0126313
1980.17	0.0125713
1978.24	0.0125865
1976.31	0.0126939
1974.38	0.0128561
1972.45	0.0128561
1970.53	0.0128272
1968.6	0.0128063
1966.67	0.0130455
1964.74	0.0131761
1962.81	0.0131557
1960.89	0.0132627
1958.96	0.0134344
1957.03	0.0136259
1955.1	0.0137609
1953.17	0.0137851
1951.25	0.013917
1949.32	0.0141362
1947.39	0.0142311
1945.46	0.01426
1943.53	0.0143347
1941.61	0.0144424
1939.68	0.0147061
1937.75	0.0149153
1935.82	0.0151462
1933.89	0.0152057
1931.97	0.0152349
1930.04	0.0153248
1928.11	0.0154948
1926.18	0.015744
1924.25	0.0158512
1922.33	0.0157941
1920.4	0.0158952
1918.47	0.0161645
1916.54	0.0163568
1914.61	0.0165841
1912.69	0.0168904
1910.76	0.0172544
1908.83	0.0173323
1906.9	0.0174177
1904.97	0.0174306
1903.05	0.0174185
1901.12	0.0175618
1899.19	0.0179377
1897.26	0.0182945
1895.33	0.0184338
1893.41	0.0185093
1891.48	0.0186921
1889.55	0.018821
1887.62	0.0189338
1885.69	0.0190818
1883.77	0.0193121
1881.84	0.0196765
1879.91	0.0198568
1877.98	0.0200001
1876.05	0.0200936
1874.13	0.0201911
1872.2	0.0201863
1870.27	0.0202919
1868.34	0.0205346
1866.41	0.0206132
1864.49	0.0207117
1862.56	0.0209353
1860.63	0.0212628
1858.7	0.0214588
1856.77	0.0214339
1854.85	0.0215735
1852.92	0.0218802
1850.99	0.0219846
1849.06	0.0220257
1847.13	0.0221264
1845.21	0.0224067
1843.28	0.0224998
1841.35	0.0226139
1839.42	0.0228194
1837.49	0.0229594
1835.57	0.0231475
1833.64	0.0234837
1831.71	0.0238019
1829.78	0.0238417
1827.85	0.0238143
1825.93	0.0239706
1824	0.0242468
1822.07	0.0244658
1820.14	0.0244214
1818.21	0.0245803
1816.29	0.0249708
1814.36	0.0250805
1812.43	0.0251995
1810.5	0.0253905
1808.57	0.0254961
1806.65	0.0257157
1804.72	0.0259999
1802.79	0.0262076
1800.86	0.0264197
1798.93	0.0267652
1797.01	0.0268833
1795.08	0.0270996
1793.15	0.0273518
1791.22	0.0276553
1789.29	0.0279716
1787.37	0.0280501
1785.44	0.028065
1783.51	0.0282679
1781.58	0.0286969
1779.65	0.0289484
1777.73	0.0291564
1775.8	0.0295093
1773.87	0.0298471
1771.94	0.0299953
1770.01	0.030271
1768.08	0.0305676
1766.16	0.0308066
1764.23	0.0311472
1762.3	0.0313947
1760.37	0.0316997
1758.45	0.0320969
1756.52	0.0324473
1754.59	0.0328332
1752.66	0.0330887
1750.73	0.0333128
1748.81	0.0337697
1746.88	0.0342036
1744.95	0.0346412
1743.02	0.0350165
1741.09	0.0353942
1739.17	0.0358171
1737.24	0.0363638
1735.31	0.036785
1733.38	0.0370158
1731.45	0.037384
1729.52	0.037849
1727.6	0.0382117
1725.67	0.0386903
1723.74	0.0393438
1721.81	0.0398059
1719.89	0.0402117
1717.96	0.0406882
1716.03	0.0409889
1714.1	0.0413476
1712.17	0.0420258
1710.24	0.042578
1708.32	0.0430982
1706.39	0.0435718
1704.46	0.0440448
1702.53	0.0445202
1700.6	0.0449048
1698.68	0.0452216
1696.75	0.0456644
1694.82	0.0460289
1692.89	0.0465198
1690.96	0.0472598
1689.04	0.0477347
1687.11	0.0478364
1685.18	0.0480786
1683.25	0.0486373
1681.33	0.0491539
1679.4	0.0496421
1677.47	0.0500078
1675.54	0.0503758
1673.61	0.0508991
1671.68	0.0513031
1669.76	0.0520494
1667.83	0.0529021
1665.9	0.0533095
1663.97	0.0537865
1662.04	0.0543821
1660.12	0.0550319
1658.19	0.0557127
1656.26	0.0561547
1654.33	0.0565033
1652.4	0.0569995
1650.48	0.0576245
1648.55	0.058133
1646.62	0.058706
1644.69	0.0592413
1642.76	0.0597837
1640.84	0.060247
1638.91	0.0604186
1636.98	0.0607453
1635.05	0.0609677
1633.12	0.0609027
1631.2	0.0609549
1629.27	0.0608226
1627.34	0.0604073
1625.41	0.059731
1623.48	0.0592702
1621.56	0.0589381
1619.63	0.0584614
1617.7	0.0579994
1615.77	0.057703
1613.84	0.057421
1611.92	0.057367
1609.99	0.057422
1608.06	0.0571022
1606.13	0.0569329
1604.2	0.0570086
1602.28	0.0570225
1600.35	0.0571997
1598.42	0.0572667
1596.49	0.0570915
1594.56	0.0571049
1592.64	0.0570933
1590.71	0.0570477
1588.78	0.0571217
1586.85	0.0573667
1584.92	0.0572827
1583	0.057167
1581.07	0.0572935
1579.14	0.0571589
1577.21	0.0570429
1575.28	0.0570153
1573.36	0.0571552
1571.43	0.0573288
1569.5	0.0571694
1567.57	0.0570293
1565.64	0.0572662
1563.72	0.0572052
1561.79	0.0568459
1559.86	0.0567605
1557.93	0.0566844
1556	0.0563828
1554.08	0.0563014
1552.15	0.0564438
1550.22	0.0564382
1548.29	0.0562202
1546.36	0.0559573
1544.44	0.0558203
1542.51	0.0556073
1540.58	0.0555249
1538.65	0.0555355
1536.72	0.0552465
1534.8	0.0548644
1532.87	0.0548779
1530.94	0.0547737
1529.01	0.0544407
1527.08	0.0541729
1525.16	0.0539139
1523.23	0.0535954
1521.3	0.053469
1519.37	0.0532789
1517.44	0.0528674
1515.52	0.0527192
1513.59	0.0525084
1511.66	0.052006
1509.73	0.0516191
1507.8	0.0510712
1505.88	0.050931
1503.95	0.0509608
1502.02	0.0508007
1500.09	0.0504517
1498.16	0.0499599
1496.24	0.049676
1494.31	0.0493284
1492.38	0.0490454
1490.45	0.0488339
1488.52	0.0484212
1486.6	0.0479293
1484.67	0.0477587
1482.74	0.0478783
1480.81	0.047644
1478.88	0.0470536
1476.96	0.0466628
1475.03	0.0463989
1473.1	0.0461872
1471.17	0.0457739
1469.24	0.0451883
1467.32	0.0447066
1465.39	0.0443983
1463.46	0.0441123
1461.53	0.0437875
1459.6	0.0437372
1457.68	0.0434524
1455.75	0.0429145
1453.82	0.0424106
1451.89	0.042177
1449.96	0.0419088
1448.04	0.0415309
1446.11	0.0413009
1444.18	0.0410155
1442.25	0.0407134
1440.32	0.0403472
1438.4	0.0399205
1436.47	0.0397536
1434.54	0.0394429
1432.61	0.0390827
1430.68	0.0388447
1428.76	0.0387977
1426.83	0.0383031
1424.9	0.0377697
1422.97	0.0375094
1421.04	0.0372947
1419.12	0.0369922
1417.19	0.0367067
1415.26	0.0365493
1413.33	0.0362959
1411.4	0.0359707
1409.48	0.0356546
1407.55	0.0352988
1405.62	0.0349838
1403.69	0.0347946
1401.76	0.0344796
1399.84	0.0342425
1397.91	0.0342
1395.98	0.0340974
1394.05	0.0339892
1392.12	0.0336956
1390.2	0.0331974
1388.27	0.032982
1386.34	0.0327921
1384.41	0.0326251
1382.48	0.0323073
1380.56	0.0321625
1378.63	0.0321001
1376.7	0.0318283
1374.77	0.0316702
1372.84	0.0315877
1370.92	0.0311459
1368.99	0.0308308
1367.06	0.0308275
1365.13	0.0308126
1363.2	0.0306736
1361.28	0.0304728
1359.35	0.0303773
1357.42	0.0304293
1355.49	0.0302305
1353.56	0.0299992
1351.64	0.0299746
1349.71	0.0299396
1347.78	0.0299215
1345.85	0.0295304
1343.92	0.02917
1342	0.0292555
1340.07	0.0293474
1338.14	0.0290415
1336.21	0.0288137
1334.28	0.0286963
1332.36	0.0287265
1330.43	0.0286885
1328.5	0.0282645
1326.57	0.0282681
1324.64	0.0283873
1322.72	0.0282729
1320.79	0.0283448
1318.86	0.0282524
1316.93	0.0280742
1315	0.0279753
1313.08	0.0280115
1311.15	0.0282702
1309.22	0.028092
1307.29	0.0275724
1305.36	0.0273805
1303.44	0.02745
1301.51	0.0273211
1299.58	0.0270789
1297.65	0.0271761
1295.72	0.0271849
1293.8	0.0271583
1291.87	0.0270349
1289.94	0.0270763
1288.01	0.0271644
1286.08	0.027058
1284.15	0.027004
1282.23	0.0269819
1280.3	0.0271074
1278.37	0.0270777
1276.44	0.0268497
1274.52	0.0268039
1272.59	0.026592
1270.66	0.02644
1268.73	0.0264453
1266.8	0.0263131
1264.88	0.0262721
1262.95	0.0264288
1261.02	0.0262305
1259.09	0.0258114
1257.16	0.0257139
1255.24	0.0258804
1253.31	0.0259329
1251.38	0.0258613
1249.45	0.0260521
1247.52	0.0261136
1245.59	0.0259059
1243.67	0.0257415
1241.74	0.0252681
1239.81	0.0248837
1237.88	0.0247254
1235.96	0.0249031
1234.03	0.0254641
1232.1	0.0256818
1230.17	0.0251767
1228.24	0.0250071
1226.31	0.0252559
1224.39	0.0253608
1222.46	0.0255393
1220.53	0.0256256
1218.6	0.0254253
1216.68	0.0255203
1214.75	0.025589
1212.82	0.0259533
1210.89	0.026148
1208.96	0.0260266
1207.03	0.0259187
1205.11	0.0259414
1203.18	0.0260126
1201.25	0.0261145
1199.32	0.0263957
1197.39	0.0264895
1195.47	0.0267443
1193.54	0.026789
1191.61	0.0270911
1189.68	0.0272256
1187.75	0.0273083
1185.83	0.0276038
1183.9	0.0278609
1181.97	0.0283822
1180.04	0.0289301
1178.11	0.0294552
1176.19	0.0298708
1174.26	0.030338
1172.33	0.0309335
1170.4	0.0316582
1168.47	0.03247
1166.55	0.0335412
1164.62	0.0347396
1162.69	0.0357638
1160.76	0.0361674
1158.83	0.0364996
1156.91	0.037101
1154.98	0.0378179
1153.05	0.0388123
1151.12	0.0402177
1149.19	0.0410659
1147.27	0.0418923
1145.34	0.0429002
1143.41	0.0431505
1141.48	0.0437165
1139.55	0.0449914
1137.63	0.0459575
1135.7	0.0460125
1133.77	0.045978
1131.84	0.0469187
1129.91	0.0476141
1127.99	0.0477974
1126.06	0.0476492
1124.13	0.0477061
1122.2	0.0477421
1120.27	0.0476572
1118.35	0.0473475
1116.42	0.0466153
1114.49	0.0461849
1112.56	0.0458066
1110.63	0.0453894
1108.71	0.044176
1106.78	0.042894
1104.85	0.0412619
1102.92	0.039297
1100.99	0.0382426
1099.07	0.0365522
1097.14	0.0345133
1095.21	0.0325529
1093.28	0.030574
1091.35	0.0287084
1089.43	0.0267826
1087.5	0.0251611
1085.57	0.0237255
1083.64	0.0222579
1081.71	0.0210622
1079.79	0.020416
1077.86	0.0190767
1075.93	0.0177733
1074	0.0167337
1072.07	0.0162996
1070.15	0.0162311
1068.22	0.015895
1066.29	0.0157108
1064.36	0.0153647
1062.43	0.0155617
1060.51	0.0161422
1058.58	0.0165565
1056.65	0.016708
1054.72	0.0166821
1052.79	0.0168671
1050.87	0.0172737
1048.94	0.0183013
1047.01	0.0196864
1045.08	0.0205626
1043.15	0.0196359
1041.23	0.0199013
1039.3	0.0212457
1037.37	0.0218875
1035.44	0.0224262
1033.51	0.0231986
1031.59	0.0240077
1029.66	0.0245391
1027.73	0.0256967
1025.8	0.0278076
1023.87	0.0299435
1021.95	0.0309513
1020.02	0.0320454
1018.09	0.0330429
1016.16	0.0335389
1014.23	0.0349929
1012.31	0.0377
1010.38	0.0399396
1008.45	0.0414837
1006.52	0.0433017
1004.59	0.0448972
1002.67	0.0465946
1000.74	0.0487129
998.81	0.0511969
996.882	0.0538892
994.954	0.056624
993.026	0.0595129
991.098	0.0623267
989.17	0.0655248
987.242	0.068892
985.314	0.0726552
983.386	0.076832
981.458	0.0812008
979.53	0.0860183
977.602	0.0905498
975.673	0.0952547
973.746	0.100148
971.817	0.105254
969.89	0.110335
967.962	0.115051
966.034	0.119832
964.106	0.124634
962.178	0.129138
960.25	0.133612
958.322	0.137362
956.394	0.140702
954.465	0.144348
952.538	0.147572
950.609	0.150373
948.682	0.153274
946.754	0.155666
944.826	0.157767
942.898	0.159335
940.97	0.160288
939.042	0.161815
937.113	0.163401
935.186	0.163555
933.257	0.164272
931.33	0.164766
929.401	0.164674
927.474	0.164193
925.546	0.164214
923.618	0.163863
921.69	0.162986
919.761	0.160898
917.833	0.15901
915.905	0.159731
913.978	0.159225
912.049	0.158236
910.122	0.157482
908.193	0.156601
906.266	0.155482
904.338	0.153788
902.409	0.152009
900.481	0.151029
898.553	0.150098
896.625	0.148954
894.697	0.147169
892.77	0.145329
890.841	0.144007
888.914	0.143338
886.985	0.142277
885.058	0.141184
883.129	0.139193
881.201	0.138139
879.273	0.137844
877.345	0.136833
875.417	0.13535
873.489	0.133589
871.562	0.132166
869.633	0.131008
867.706	0.129426
865.777	0.127568
863.849	0.126055
861.921	0.124616
859.993	0.123374
858.065	0.121936
856.137	0.120771
854.209	0.11955
852.281	0.117793
850.354	0.115817
848.425	0.114167
846.497	0.112346
844.569	0.110858
842.641	0.109215
840.713	0.10764
838.785	0.106795
836.857	0.104819
834.929	0.102178
833.001	0.100236
831.073	0.0986493
829.145	0.097035
827.217	0.095338
825.289	0.0935646
823.361	0.0918342
821.433	0.0891712
819.505	0.0866122
817.577	0.0852894
815.649	0.0845393
813.721	0.082964
811.793	0.0809322
809.865	0.079165
807.937	0.0769884
806.009	0.0752853
804.081	0.0741251
802.153	0.0732788
800.225	0.0722641
798.297	0.0708287
796.369	0.0690708
794.441	0.0672558
792.513	0.0658697
790.585	0.0645175
788.657	0.063182
786.729	0.0618314
784.801	0.0610964
782.873	0.0591062
780.945	0.0569479
779.017	0.0561407
777.089	0.0547988
775.161	0.0535761
773.232	0.0528687
771.305	0.0519381
769.377	0.0508861
767.449	0.049382
765.521	0.047997
763.593	0.0468047
761.665	0.0455954
759.737	0.0444279
757.809	0.0439271
755.881	0.0426638
753.953	0.0411027
752.024	0.0401669
750.097	0.0392996
748.169	0.0379378
746.241	0.03802
744.313	0.0374868
742.385	0.036533
740.457	0.0359909
738.529	0.0351389
736.601	0.0340994
734.672	0.0339171
732.745	0.0332486
730.816	0.0327707
728.889	0.0323323
726.961	0.0318401
725.033	0.030749
723.105	0.030343
721.177	0.0304145
719.249	0.0301215
717.32	0.0298378
715.393	0.0303368
713.464	0.0295831
711.537	0.0287922
709.608	0.028549
707.681	0.0280331
705.752	0.0270727
703.825	0.0266594
701.897	0.026987
699.968	0.0267399
698.041	0.0267435
696.112	0.026153
694.185	0.0248779
692.256	0.0247046
690.329	0.0248593
688.4	0.0241735
686.473	0.0243939
684.544	0.0238454
682.617	0.0228138
680.688	0.0230405
678.76	0.0225311
676.833	0.0218523
674.904	0.0212836
672.977	0.0213862
671.048	0.0217175
669.121	0.0214675
667.192	0.0205894
665.265	0.0201605
663.336	0.0205649
661.408	0.019847
659.48	0.0192663
657.552	0.0187292
655.625	0.0197057
653.696	0.0208663
651.769	0.0210245
649.84	0.0194881
647.913	0.0180247
645.984	0.0191507
644.056	0.0196658
642.128	0.0208314
640.2	0.0210901
638.272	0.0207231
636.344	0.019943
634.417	0.0197567
632.488	0.0183321
630.561	0.0180143
628.632	0.0176346
626.704	0.0171783
624.776	0.017093
622.848	0.0183681
620.92	0.0177855
618.992	0.0170024
617.064	0.0177066
615.136	0.0187589
613.208	0.0177974
611.28	0.0171114
609.353	0.0164653
607.424	0.0147089
605.496	0.014948
603.568	0.0156861
601.64	0.015434
599.712	0.0164532
597.784	0.0170422
595.856	0.0168835
593.928	0.01664
592	0.0164059
590.072	0.0147312
588.144	0.015044
586.216	0.0155541
584.288	0.0138052
582.36	0.0126702
580.432	0.0144487
578.504	0.0156314
576.576	0.0144842
574.648	0.0129727
572.72	0.0129836
570.792	0.0139956
568.864	0.0152238
566.936	0.0145012
565.008	0.0129452
563.08	0.012169
561.152	0.0133004
559.224	0.0144549
557.296	0.0138256
555.368	0.01123
553.44	0.0100143
551.512	0.00884081
549.583	0.011004
547.656	0.0116987
545.728	0.0100254
543.8	0.00845244
541.872	0.00602901
539.944	0.000680908
538.016	0.00263954
536.088	0.00653989
534.16	0.00846264
532.231	0.00987266
530.304	0.0079845
528.375	0.00757012
526.448	0.0072783
524.52	0.0085878
522.592	0.00868765
520.664	0.00800431
518.736	0.00774684
516.808	0.00922681
514.879	0.0110911
512.952	0.00992537
511.023	0.00852225
509.096	0.0071832
507.167	0.00691547
505.24	0.00611644
503.312	0.0080469
501.384	0.0106568
499.456	0.0108692
497.527	0.0103793
495.6	0.0121514
493.671	0.0129576
491.744	0.0122146
489.815	0.0105827
487.888	0.0128294
485.959	0.0144811
484.032	0.0123214
482.104	0.00971948
480.176	0.013936
478.248	0.0244504
476.319	0.0386027
474.392	0.0308349
472.463	0.0221293
470.536	0.022431
468.607	0.0181297
466.68	0.0199515
464.751	0.0207343
462.824	0.0213934
460.895	0.0208221
458.967	0.0186458
457.04	0.0226214
455.111	0.0241052
453.184	0.0211382
451.255	0.0203433
449.328	0.0234837
447.399	0.024255
445.472	0.0244847
443.543	0.0209661
441.615	0.0104905
439.687	0.0131074
437.759	0.0231049
435.832	0.0252464
433.903	0.022685
431.976	0.0258264
430.047	0.0333347
428.12	0.0449561
426.191	0.0458766
424.263	0.0300828
422.335	0.0360776
420.407	0.0452189
418.479	0.0440658
416.551	0.0604152
414.624	0.08544
412.695	0.0979541
410.768	0.0799731
408.839	0.0636004
406.912	0.0641556
404.983	0.0896045
403.055	0.0995056
401.127	0.100977
