nAHe0373.spa, Sun Oct 22 23:41:22 2006 (GMT-10:00)
9999.26	0.0130113
9997.33	0.0129123
9995.4	0.0139796
9993.48	0.0141725
9991.55	0.0133582
9989.62	0.0132859
9987.69	0.0138047
9985.76	0.013272
9983.84	0.0134437
9981.91	0.0141959
9979.98	0.0135173
9978.05	0.0133923
9976.12	0.0138112
9974.2	0.0133503
9972.27	0.0123846
9970.34	0.0136483
9968.41	0.0150244
9966.48	0.0155763
9964.56	0.014907
9962.63	0.0135649
9960.7	0.013252
9958.77	0.0134238
9956.84	0.0132464
9954.92	0.013434
9952.99	0.0134645
9951.06	0.0138417
9949.13	0.0139248
9947.2	0.0137149
9945.28	0.0137229
9943.35	0.0138555
9941.42	0.0134853
9939.49	0.0128479
9937.56	0.0124834
9935.64	0.0130149
9933.71	0.0132984
9931.78	0.0133718
9929.85	0.0137689
9927.92	0.0135935
9926	0.0129076
9924.07	0.0131666
9922.14	0.0139718
9920.21	0.0131079
9918.28	0.012507
9916.36	0.0128504
9914.43	0.0125221
9912.5	0.012331
9910.57	0.0124063
9908.64	0.0123015
9906.71	0.0124691
9904.79	0.0129025
9902.86	0.0127417
9900.93	0.0123676
9899	0.0131205
9897.08	0.0137733
9895.15	0.0136609
9893.22	0.0135603
9891.29	0.0130932
9889.36	0.0126456
9887.43	0.0123419
9885.51	0.011857
9883.58	0.0123444
9881.65	0.0126967
9879.72	0.012928
9877.79	0.0123948
9875.87	0.0117796
9873.94	0.0118627
9872.01	0.012174
9870.08	0.0123658
9868.15	0.0130024
9866.23	0.0134403
9864.3	0.0130328
9862.37	0.0128032
9860.44	0.0128915
9858.51	0.0129324
9856.59	0.012528
9854.66	0.012108
9852.73	0.0118919
9850.8	0.0119512
9848.87	0.0122895
9846.95	0.0126191
9845.02	0.0121173
9843.09	0.0121765
9841.16	0.0118273
9839.23	0.0118068
9837.31	0.01213
9835.38	0.0124597
9833.45	0.0118305
9831.52	0.0113262
9829.59	0.0114338
9827.67	0.0114523
9825.74	0.010862
9823.81	0.0115097
9821.88	0.0119619
9819.95	0.0117487
9818.03	0.0114955
9816.1	0.011016
9814.17	0.0110524
9812.24	0.0113337
9810.31	0.0115026
9808.39	0.0113962
9806.46	0.0116058
9804.53	0.0114575
9802.6	0.011056
9800.67	0.0118243
9798.75	0.012308
9796.82	0.012128
9794.89	0.0117261
9792.96	0.0115601
9791.03	0.0113627
9789.11	0.0114134
9787.18	0.0112566
9785.25	0.0115692
9783.32	0.0118171
9781.39	0.0109949
9779.46	0.0106329
9777.54	0.0109859
9775.61	0.0111503
9773.68	0.0113265
9771.75	0.0115174
9769.83	0.0117678
9767.9	0.0122309
9765.97	0.0121312
9764.04	0.0113763
9762.11	0.0114176
9760.18	0.0116604
9758.26	0.011506
9756.33	0.010973
9754.4	0.0109964
9752.47	0.0107452
9750.54	0.0104941
9748.62	0.0104602
9746.69	0.0106826
9744.76	0.0114927
9742.83	0.0121356
9740.9	0.011895
9738.98	0.0117449
9737.05	0.0112238
9735.12	0.0110048
9733.19	0.0111041
9731.26	0.0112957
9729.34	0.0111351
9727.41	0.0108873
9725.48	0.0113759
9723.55	0.0113917
9721.62	0.0107818
9719.7	0.0108944
9717.77	0.0114871
9715.84	0.0112897
9713.91	0.010602
9711.98	0.0107846
9710.06	0.0106822
9708.13	0.0102851
9706.2	0.0107711
9704.27	0.0104049
9702.34	0.0103281
9700.42	0.0106745
9698.49	0.0106574
9696.56	0.0103011
9694.63	0.0107034
9692.7	0.0102236
9690.78	0.0100981
9688.85	0.0108063
9686.92	0.0107019
9684.99	0.0103035
9683.06	0.0103296
9681.14	0.0103669
9679.21	0.0104075
9677.28	0.0102491
9675.35	0.0104598
9673.42	0.0110548
9671.5	0.0110074
9669.57	0.0108348
9667.64	0.0109885
9665.71	0.0103683
9663.78	0.0105492
9661.86	0.0109354
9659.93	0.0110125
9658	0.0113964
9656.07	0.0111746
9654.14	0.0107365
9652.21	0.0110119
9650.29	0.0105593
9648.36	0.0104563
9646.43	0.0109014
9644.5	0.0108844
9642.57	0.0103637
9640.65	0.0101141
9638.72	0.00993551
9636.79	0.00960652
9634.86	0.0100936
9632.93	0.0110335
9631.01	0.0109937
9629.08	0.0102334
9627.15	0.0102586
9625.22	0.00999867
9623.29	0.0100075
9621.37	0.00977014
9619.44	0.0102915
9617.51	0.0116341
9615.58	0.0110934
9613.65	0.010053
9611.73	0.0100669
9609.8	0.0101159
9607.87	0.0101579
9605.94	0.0101002
9604.01	0.0106368
9602.09	0.0102737
9600.16	0.00982982
9598.23	0.00991767
9596.3	0.00987395
9594.37	0.00996605
9592.45	0.00951551
9590.52	0.00925457
9588.59	0.0094617
9586.66	0.00957024
9584.73	0.00984961
9582.81	0.00987751
9580.88	0.00976576
9578.95	0.00975672
9577.02	0.0100091
9575.09	0.00976692
9573.17	0.00936844
9571.24	0.00987225
9569.31	0.0102351
9567.38	0.0106695
9565.45	0.0108162
9563.53	0.010745
9561.6	0.0104801
9559.67	0.0100204
9557.74	0.00955954
9555.81	0.00957173
9553.88	0.00967309
9551.96	0.00945194
9550.03	0.0100104
9548.1	0.0099708
9546.17	0.00955666
9544.25	0.0094087
9542.32	0.0100615
9540.39	0.0104372
9538.46	0.0100447
9536.53	0.00965561
9534.6	0.00955605
9532.68	0.00941933
9530.75	0.00881511
9528.82	0.00872619
9526.89	0.00869847
9524.96	0.00844426
9523.04	0.0092719
9521.11	0.00938845
9519.18	0.00959531
9517.25	0.0100511
9515.32	0.00976519
9513.4	0.00915158
9511.47	0.00881156
9509.54	0.00893401
9507.61	0.00920776
9505.68	0.00912657
9503.76	0.00895417
9501.83	0.00941534
9499.9	0.00896959
9497.97	0.00845021
9496.04	0.00830563
9494.12	0.00825359
9492.19	0.00876385
9490.26	0.00900616
9488.33	0.00898319
9486.4	0.00925623
9484.48	0.00950545
9482.55	0.00954386
9480.62	0.009059
9478.69	0.00876392
9476.76	0.00840916
9474.84	0.00827784
9472.91	0.00922025
9470.98	0.0098995
9469.05	0.00949979
9467.12	0.00898806
9465.2	0.00937738
9463.27	0.00978715
9461.34	0.00938009
9459.41	0.00935785
9457.48	0.00971812
9455.56	0.00995073
9453.63	0.00971863
9451.7	0.0092191
9449.77	0.00898837
9447.84	0.00959904
9445.92	0.00958132
9443.99	0.00909636
9442.06	0.00865817
9440.13	0.00839666
9438.2	0.00884382
9436.28	0.00890831
9434.35	0.0087199
9432.42	0.00889407
9430.49	0.00913111
9428.56	0.0097538
9426.63	0.00965063
9424.71	0.00910005
9422.78	0.00885606
9420.85	0.0082494
9418.92	0.00805166
9417	0.00844731
9415.07	0.0084969
9413.14	0.00868018
9411.21	0.00893773
9409.28	0.00886712
9407.35	0.00935646
9405.43	0.009725
9403.5	0.00978427
9401.57	0.00924756
9399.64	0.00893097
9397.71	0.00957803
9395.79	0.00971907
9393.86	0.00873389
9391.93	0.00806645
9390	0.00857949
9388.07	0.00873021
9386.15	0.00854313
9384.22	0.00890516
9382.29	0.00881534
9380.36	0.00856831
9378.43	0.00882444
9376.51	0.00921395
9374.58	0.0091682
9372.65	0.00865513
9370.72	0.00798345
9368.79	0.00763207
9366.87	0.00819507
9364.94	0.00895356
9363.01	0.00889532
9361.08	0.00796867
9359.15	0.00714001
9357.23	0.00809038
9355.3	0.00913815
9353.37	0.00886637
9351.44	0.00822604
9349.51	0.00788988
9347.59	0.00840264
9345.66	0.0093503
9343.73	0.00892681
9341.8	0.00802567
9339.87	0.00837663
9337.95	0.00846646
9336.02	0.00845589
9334.09	0.00857331
9332.16	0.00838923
9330.23	0.00811273
9328.31	0.00840981
9326.38	0.00854455
9324.45	0.0081185
9322.52	0.00835299
9320.59	0.00842524
9318.67	0.00816705
9316.74	0.00795163
9314.81	0.008084
9312.88	0.00813997
9310.95	0.00839862
9309.03	0.00843028
9307.1	0.00760721
9305.17	0.00773658
9303.24	0.00854012
9301.31	0.00833053
9299.38	0.0076957
9297.46	0.00765017
9295.53	0.0079301
9293.6	0.0085063
9291.67	0.00854958
9289.74	0.00862596
9287.82	0.00864546
9285.89	0.00843187
9283.96	0.00798517
9282.03	0.00792362
9280.1	0.00813757
9278.18	0.00735035
9276.25	0.00724609
9274.32	0.00819136
9272.39	0.00811479
9270.46	0.00803597
9268.54	0.00822698
9266.61	0.00855094
9264.68	0.00901188
9262.75	0.00852019
9260.82	0.00786919
9258.9	0.00808029
9256.97	0.00851008
9255.04	0.00843855
9253.11	0.00777176
9251.18	0.00731874
9249.26	0.00743952
9247.33	0.0073675
9245.4	0.00725283
9243.47	0.00732834
9241.54	0.00763436
9239.62	0.0077073
9237.69	0.00720321
9235.76	0.00700621
9233.83	0.00671689
9231.9	0.00710683
9229.98	0.00724835
9228.05	0.00737599
9226.12	0.00733865
9224.19	0.00718417
9222.26	0.00727793
9220.34	0.00760286
9218.41	0.00778866
9216.48	0.00805487
9214.55	0.00835522
9212.62	0.00828179
9210.7	0.00820102
9208.77	0.00788306
9206.84	0.00777821
9204.91	0.00762616
9202.98	0.00762131
9201.05	0.00783491
9199.13	0.00817478
9197.2	0.00799516
9195.27	0.00737094
9193.34	0.00709201
9191.42	0.00726186
9189.49	0.00763223
9187.56	0.00770181
9185.63	0.00776026
9183.7	0.00765911
9181.77	0.0078861
9179.85	0.007859
9177.92	0.00778617
9175.99	0.00753186
9174.06	0.00724552
9172.13	0.00689601
9170.21	0.00726405
9168.28	0.00780256
9166.35	0.00741468
9164.42	0.00754207
9162.49	0.00771837
9160.57	0.00770457
9158.64	0.00767031
9156.71	0.00815027
9154.78	0.00808744
9152.85	0.00761332
9150.93	0.00741725
9149	0.0073279
9147.07	0.00713688
9145.14	0.00718229
9143.21	0.00754332
9141.29	0.00727793
9139.36	0.00676672
9137.43	0.00694776
9135.5	0.007693
9133.57	0.00779986
9131.65	0.00747168
9129.72	0.00730647
9127.79	0.00731122
9125.86	0.0074729
9123.93	0.00752174
9122.01	0.00754646
9120.08	0.00739035
9118.15	0.00673677
9116.22	0.00651678
9114.29	0.00678863
9112.37	0.00705584
9110.44	0.00727763
9108.51	0.00775709
9106.58	0.00776117
9104.65	0.00733528
9102.73	0.00744458
9100.8	0.00779021
9098.87	0.00764016
9096.94	0.00733316
9095.01	0.00689116
9093.08	0.00697388
9091.16	0.00717322
9089.23	0.00723764
9087.3	0.00759936
9085.37	0.00773351
9083.45	0.00731726
9081.52	0.00732032
9079.59	0.00728969
9077.66	0.0074315
9075.73	0.00737165
9073.8	0.00712671
9071.88	0.00691998
9069.95	0.00662826
9068.02	0.00668004
9066.09	0.0066539
9064.17	0.00693395
9062.24	0.00707757
9060.31	0.00764306
9058.38	0.00796401
9056.45	0.00744121
9054.52	0.00741792
9052.6	0.0075117
9050.67	0.00699139
9048.74	0.00692655
9046.81	0.00707066
9044.88	0.00735695
9042.96	0.00744458
9041.03	0.0070967
9039.1	0.00680684
9037.17	0.0067083
9035.24	0.00667075
9033.32	0.0069953
9031.39	0.00713139
9029.46	0.00663152
9027.53	0.0062812
9025.6	0.00670595
9023.68	0.00681677
9021.75	0.00679338
9019.82	0.00676524
9017.89	0.00632275
9015.96	0.00640815
9014.04	0.00633334
9012.11	0.00631286
9010.18	0.00652754
9008.25	0.0065076
9006.32	0.00648466
9004.4	0.00666685
9002.47	0.00648187
9000.54	0.00655052
8998.61	0.00680503
8996.68	0.00669764
8994.76	0.00691247
8992.83	0.00689207
8990.9	0.00637211
8988.97	0.00615529
8987.04	0.00631145
8985.12	0.00639201
8983.19	0.00656744
8981.26	0.00680082
8979.33	0.00688399
8977.4	0.00695506
8975.48	0.00704258
8973.55	0.00705473
8971.62	0.00654645
8969.69	0.00664898
8967.76	0.00669774
8965.83	0.00621753
8963.91	0.00626889
8961.98	0.00661484
8960.05	0.00681916
8958.12	0.00694425
8956.2	0.00683754
8954.27	0.00682411
8952.34	0.00684336
8950.41	0.00673657
8948.48	0.00635008
8946.55	0.00620883
8944.63	0.00640536
8942.7	0.00651631
8940.77	0.0066144
8938.84	0.00640284
8936.92	0.00650433
8934.99	0.00672705
8933.06	0.00675084
8931.13	0.00675074
8929.2	0.00626711
8927.27	0.00607413
8925.35	0.00653686
8923.42	0.00660441
8921.49	0.0061198
8919.56	0.00626032
8917.63	0.00637701
8915.71	0.00669047
8913.78	0.00683178
8911.85	0.00688285
8909.92	0.00701352
8907.99	0.00661551
8906.07	0.00634749
8904.14	0.00649058
8902.21	0.00646488
8900.28	0.00640432
8898.35	0.00619814
8896.43	0.0062534
8894.5	0.00626019
8892.57	0.00665312
8890.64	0.00664121
8888.71	0.00641101
8886.79	0.00629
8884.86	0.00602988
8882.93	0.00567866
8881	0.00573473
8879.07	0.00597788
8877.15	0.0060445
8875.22	0.00589686
8873.29	0.00604174
8871.36	0.00660168
8869.43	0.00653851
8867.51	0.00598873
8865.58	0.0060276
8863.65	0.00619431
8861.72	0.00631434
8859.79	0.00643643
8857.87	0.00641027
8855.94	0.00672698
8854.01	0.00702948
8852.08	0.00691921
8850.15	0.00688386
8848.22	0.00609265
8846.3	0.00556709
8844.37	0.0062931
8842.44	0.00676595
8840.51	0.00641303
8838.58	0.00641192
8836.66	0.00661595
8834.73	0.00629034
8832.8	0.00621783
8830.87	0.00652018
8828.94	0.00688143
8827.02	0.0067985
8825.09	0.0064964
8823.16	0.00659045
8821.23	0.00651463
8819.3	0.00627205
8817.38	0.00600338
8815.45	0.00631098
8813.52	0.00679846
8811.59	0.00644726
8809.66	0.00587227
8807.74	0.00632413
8805.81	0.00642839
8803.88	0.00581025
8801.95	0.00538496
8800.02	0.0056557
8798.1	0.00612104
8796.17	0.00621467
8794.24	0.00620567
8792.31	0.00619666
8790.38	0.00584823
8788.46	0.00593229
8786.53	0.00606647
8784.6	0.00597687
8782.67	0.00600203
8780.74	0.00593223
8778.82	0.00595668
8776.89	0.00598849
8774.96	0.00613559
8773.03	0.00622072
8771.1	0.00563446
8769.18	0.00562314
8767.25	0.00621027
8765.32	0.00652196
8763.39	0.00647151
8761.46	0.00644114
8759.54	0.00630409
8757.61	0.00593354
8755.68	0.0056694
8753.75	0.00553561
8751.82	0.00558803
8749.9	0.005745
8747.97	0.00598688
8746.04	0.00591929
8744.11	0.00590495
8742.18	0.00575612
8740.25	0.00587788
8738.33	0.00568934
8736.4	0.00548558
8734.47	0.0059933
8732.54	0.00589484
8730.62	0.00576367
8728.69	0.00599051
8726.76	0.00602699
8724.83	0.00569209
8722.9	0.00562606
8720.97	0.0060361
8719.05	0.00601681
8717.12	0.00578701
8715.19	0.00560461
8713.26	0.00563388
8711.33	0.00571992
8709.41	0.00577878
8707.48	0.00572345
8705.55	0.00561945
8703.62	0.00574625
8701.69	0.00605041
8699.77	0.00596971
8697.84	0.00546162
8695.91	0.00524764
8693.98	0.0055873
8692.05	0.00588477
8690.13	0.00586996
8688.2	0.00583704
8686.27	0.00607944
8684.34	0.00632234
8682.41	0.00593001
8680.49	0.00546753
8678.56	0.00537744
8676.63	0.005418
8674.7	0.00561801
8672.77	0.00611788
8670.85	0.00633142
8668.92	0.00594989
8666.99	0.00611284
8665.06	0.00623612
8663.13	0.00594012
8661.21	0.0058358
8659.28	0.0055395
8657.35	0.00553548
8655.42	0.00565812
8653.49	0.00546759
8651.57	0.00571314
8649.64	0.00599561
8647.71	0.00575796
8645.78	0.00536668
8643.85	0.00519797
8641.93	0.00536527
8640	0.00561999
8638.07	0.00540854
8636.14	0.00533806
8634.21	0.00566896
8632.29	0.0058852
8630.36	0.0058799
8628.43	0.00577623
8626.5	0.00574517
8624.57	0.00565644
8622.65	0.00531589
8620.72	0.00522202
8618.79	0.00522691
8616.86	0.00519958
8614.93	0.00516293
8613	0.00543179
8611.08	0.00566467
8609.15	0.00565523
8607.22	0.00572375
8605.29	0.00558421
8603.37	0.00555008
8601.44	0.00569451
8599.51	0.00594949
8597.58	0.00569908
8595.65	0.00545719
8593.72	0.00533699
8591.8	0.00531666
8589.87	0.00567846
8587.94	0.005683
8586.01	0.00563983
8584.08	0.00600512
8582.16	0.00577183
8580.23	0.00535872
8578.3	0.00528812
8576.37	0.00545998
8574.44	0.00558907
8572.52	0.00588739
8570.59	0.00573332
8568.66	0.00537718
8566.73	0.00527514
8564.8	0.00542431
8562.88	0.00528248
8560.95	0.00523177
8559.02	0.00545645
8557.09	0.00552346
8555.16	0.00541878
8553.24	0.00517765
8551.31	0.00532803
8549.38	0.00553041
8547.45	0.00548669
8545.52	0.00565866
8543.6	0.00583207
8541.67	0.00581851
8539.74	0.00548447
8537.81	0.005011
8535.88	0.00485734
8533.96	0.00517316
8532.03	0.00541861
8530.1	0.00548742
8528.17	0.00534215
8526.24	0.00528201
8524.32	0.00531257
8522.39	0.00523976
8520.46	0.00513668
8518.53	0.00546326
8516.6	0.00531257
8514.68	0.00509725
8512.75	0.00537234
8510.82	0.00543072
8508.89	0.00539573
8506.96	0.00530314
8505.04	0.00511408
8503.11	0.00525008
8501.18	0.00524284
8499.25	0.00502648
8497.32	0.00490724
8495.39	0.00500232
8493.47	0.0051004
8491.54	0.00494705
8489.61	0.0049753
8487.68	0.00536631
8485.75	0.00562791
8483.83	0.00557746
8481.9	0.00546474
8479.97	0.00552464
8478.04	0.0055825
8476.11	0.00533172
8474.19	0.00511435
8472.26	0.00520709
8470.33	0.00529758
8468.4	0.00551293
8466.47	0.0055132
8464.55	0.00515267
8462.62	0.00522309
8460.69	0.00531472
8458.76	0.00515207
8456.83	0.00506453
8454.91	0.00499541
8452.98	0.00492771
8451.05	0.00515321
8449.12	0.00551625
8447.19	0.00530106
8445.27	0.00523691
8443.34	0.00509236
8441.41	0.00519318
8439.48	0.00514653
8437.55	0.0052145
8435.63	0.00503604
8433.7	0.00455954
8431.77	0.0043309
8429.84	0.00456623
8427.91	0.00512394
8425.99	0.00516048
8424.06	0.0048688
8422.13	0.00490459
8420.2	0.0050592
8418.27	0.00483761
8416.35	0.00480223
8414.42	0.00480906
8412.49	0.00465601
8410.56	0.00487386
8408.63	0.00506215
8406.71	0.00516058
8404.78	0.00487691
8402.85	0.00473854
8400.92	0.00482685
8398.99	0.00483007
8397.07	0.005112
8395.14	0.00528758
8393.21	0.00515924
8391.28	0.00498485
8389.35	0.00482916
8387.43	0.00489189
8385.5	0.00511036
8383.57	0.00498955
8381.64	0.00487842
8379.71	0.00497155
8377.79	0.00496545
8375.86	0.00497748
8373.93	0.00495322
8372	0.00479921
8370.07	0.00485198
8368.14	0.00471711
8366.22	0.00458448
8364.29	0.00490412
8362.36	0.00512977
8360.43	0.0049935
8358.5	0.00484129
8356.58	0.00489738
8354.65	0.00461275
8352.72	0.00431989
8350.79	0.00469594
8348.86	0.00482069
8346.94	0.00479884
8345.01	0.00469557
8343.08	0.0046597
8341.15	0.00484836
8339.22	0.00463394
8337.3	0.00470589
8335.37	0.00464523
8333.44	0.00448236
8331.51	0.00484019
8329.58	0.00500734
8327.66	0.00498318
8325.73	0.00487956
8323.8	0.00465923
8321.87	0.00439563
8319.94	0.00455626
8318.02	0.00454343
8316.09	0.00453583
8314.16	0.00469152
8312.23	0.00462815
8310.3	0.00438422
8308.38	0.00452063
8306.45	0.00464918
8304.52	0.0048235
8302.59	0.00471881
8300.66	0.00454859
8298.74	0.00469657
8296.81	0.00500634
8294.88	0.00519287
8292.95	0.00488164
8291.02	0.00449478
8289.1	0.00438097
8287.17	0.00471771
8285.24	0.00493096
8283.31	0.00480139
8281.38	0.00460565
8279.46	0.00460575
8277.53	0.00449134
8275.6	0.00451049
8273.67	0.00463348
8271.74	0.00489876
8269.82	0.0049984
8267.89	0.00487721
8265.96	0.00483178
8264.03	0.00459583
8262.1	0.00454099
8260.17	0.00467212
8258.25	0.00463917
8256.32	0.00463759
8254.39	0.00450416
8252.46	0.00441243
8250.54	0.0044906
8248.61	0.00423865
8246.68	0.00409624
8244.75	0.00433756
8242.82	0.00453586
8240.89	0.00444879
8238.97	0.0043792
8237.04	0.00442716
8235.11	0.00448832
8233.18	0.00422332
8231.25	0.00406085
8229.33	0.00422426
8227.4	0.00429784
8225.47	0.00438603
8223.54	0.00451932
8221.61	0.00450828
8219.69	0.00446706
8217.76	0.00447657
8215.83	0.00422911
8213.9	0.00417799
8211.97	0.00443412
8210.05	0.00431283
8208.12	0.00385033
8206.19	0.00391204
8204.26	0.00440725
8202.33	0.00468522
8200.41	0.00464747
8198.48	0.00456734
8196.55	0.00440477
8194.62	0.00408871
8192.69	0.00411373
8190.77	0.00416003
8188.84	0.00427482
8186.91	0.00444065
8184.98	0.00450232
8183.05	0.00460243
8181.13	0.00501666
8179.2	0.00478836
8177.27	0.00432076
8175.34	0.00418331
8173.41	0.00446288
8171.49	0.00458525
8169.56	0.0041821
8167.63	0.00373528
8165.7	0.00377188
8163.77	0.00392949
8161.85	0.00418632
8159.92	0.00418425
8157.99	0.00383014
8156.06	0.00364552
8154.13	0.0038286
8152.21	0.00372435
8150.28	0.00368482
8148.35	0.00400426
8146.42	0.00397865
8144.49	0.00391014
8142.56	0.00406817
8140.64	0.00402256
8138.71	0.00396009
8136.78	0.00408245
8134.85	0.00403456
8132.92	0.00403817
8131	0.00411323
8129.07	0.00419214
8127.14	0.00432833
8125.21	0.00409721
8123.28	0.00408082
8121.36	0.00437321
8119.43	0.00418144
8117.5	0.00391649
8115.57	0.00403048
8113.64	0.00398774
8111.72	0.00386283
8109.79	0.0039416
8107.86	0.00408296
8105.93	0.0040653
8104	0.00404593
8102.08	0.00400938
8100.15	0.00428931
8098.22	0.00426006
8096.29	0.00418478
8094.36	0.00392221
8092.44	0.00385548
8090.51	0.0041633
8088.58	0.00431574
8086.65	0.00420412
8084.72	0.00420987
8082.8	0.00417153
8080.87	0.00406155
8078.94	0.00394304
8077.01	0.00385511
8075.08	0.00367546
8073.16	0.00346666
8071.23	0.00374992
8069.3	0.00392037
8067.37	0.00394932
8065.44	0.00398945
8063.52	0.00382943
8061.59	0.00397995
8059.66	0.0039641
8057.73	0.0037565
8055.8	0.0037182
8053.88	0.00369561
8051.95	0.00371436
8050.02	0.00389018
8048.09	0.00392639
8046.16	0.00369287
8044.24	0.00371212
8042.31	0.00396922
8040.38	0.0038978
8038.45	0.00399022
8036.52	0.00405028
8034.6	0.00404326
8032.67	0.00406898
8030.74	0.00408406
8028.81	0.00390178
8026.88	0.00385518
8024.96	0.00393294
8023.03	0.00381586
8021.1	0.00391997
8019.17	0.00409122
8017.24	0.00378565
8015.31	0.00363052
8013.39	0.0037423
8011.46	0.00368615
8009.53	0.0035337
8007.6	0.00351673
8005.67	0.00343848
8003.75	0.00345047
8001.82	0.00366617
7999.89	0.00354229
7997.96	0.00339453
7996.03	0.00355725
7994.11	0.00361518
7992.18	0.00366831
7990.25	0.00391177
7988.32	0.00398891
7986.39	0.00375904
7984.47	0.00331936
7982.54	0.00329679
7980.61	0.00339693
7978.68	0.0033239
7976.75	0.00353323
7974.83	0.00375517
7972.9	0.00356697
7970.97	0.00315769
7969.04	0.00324401
7967.11	0.00345872
7965.19	0.00349098
7963.26	0.00357215
7961.33	0.00363557
7959.4	0.00350047
7957.47	0.00336374
7955.55	0.00345541
7953.62	0.00337947
7951.69	0.00333512
7949.76	0.00348898
7947.83	0.00357078
7945.91	0.00346069
7943.98	0.00342702
7942.05	0.00374648
7940.12	0.00401058
7938.19	0.00389128
7936.27	0.00356076
7934.34	0.00355732
7932.41	0.00360436
7930.48	0.00336077
7928.55	0.00332534
7926.63	0.00334454
7924.7	0.00328905
7922.77	0.00342902
7920.84	0.0032812
7918.91	0.00312035
7916.99	0.00328901
7915.06	0.00350912
7913.13	0.00374708
7911.2	0.00365662
7909.27	0.00340925
7907.35	0.0033598
7905.42	0.00334153
7903.49	0.00323637
7901.56	0.00316153
7899.63	0.00313924
7897.71	0.00331512
7895.78	0.00332941
7893.85	0.00328037
7891.92	0.00333703
7889.99	0.00347147
7888.06	0.0034354
7886.14	0.00346707
7884.21	0.00339944
7882.28	0.00339797
7880.35	0.00358812
7878.42	0.00355545
7876.5	0.00334284
7874.57	0.00315913
7872.64	0.00325727
7870.71	0.00342027
7868.78	0.0032557
7866.86	0.00342936
7864.93	0.00371192
7863	0.00347134
7861.07	0.00322602
7859.14	0.00333142
7857.22	0.00340114
7855.29	0.00331856
7853.36	0.00321661
7851.43	0.00326488
7849.5	0.00323817
7847.58	0.00319317
7845.65	0.00320659
7843.72	0.00332734
7841.79	0.0033623
7839.86	0.00320973
7837.94	0.00297203
7836.01	0.00315459
7834.08	0.00327716
7832.15	0.00328751
7830.22	0.00332521
7828.3	0.00314114
7826.37	0.00308538
7824.44	0.00306318
7822.51	0.00298628
7820.58	0.00298227
7818.66	0.00306509
7816.73	0.00299232
7814.8	0.003162
7812.87	0.00337416
7810.94	0.00326915
7809.02	0.00319778
7807.09	0.00324281
7805.16	0.00334658
7803.23	0.00328127
7801.3	0.00315532
7799.38	0.00314037
7797.45	0.00311504
7795.52	0.00303506
7793.59	0.00291602
7791.66	0.0029796
7789.74	0.00313954
7787.81	0.00312419
7785.88	0.00314812
7783.95	0.00324154
7782.02	0.00320679
7780.09	0.00315509
7778.17	0.00308985
7776.24	0.00281763
7774.31	0.00289294
7772.38	0.00302701
7770.46	0.00303446
7768.53	0.00318106
7766.6	0.00315235
7764.67	0.00292389
7762.74	0.00295175
7760.81	0.00322061
7758.89	0.00314017
7756.96	0.00280009
7755.03	0.00276264
7753.1	0.00287092
7751.17	0.00303435
7749.25	0.00303202
7747.32	0.00294714
7745.39	0.00285732
7743.46	0.00275904
7741.53	0.00289848
7739.61	0.00287596
7737.68	0.00291329
7735.75	0.0030509
7733.82	0.0028908
7731.89	0.00259391
7729.97	0.0023865
7728.04	0.00258464
7726.11	0.00281489
7724.18	0.00290571
7722.25	0.0028871
7720.33	0.00300533
7718.4	0.00294654
7716.47	0.00288126
7714.54	0.00300776
7712.61	0.00305244
7710.69	0.00289494
7708.76	0.00283244
7706.83	0.00303269
7704.9	0.00321057
7702.97	0.00326898
7701.05	0.00302364
7699.12	0.00280455
7697.19	0.00291389
7695.26	0.00298871
7693.33	0.00274553
7691.41	0.00269962
7689.48	0.00279655
7687.55	0.00286946
7685.62	0.00303863
7683.69	0.00301057
7681.77	0.00310593
7679.84	0.00309355
7677.91	0.00273256
7675.98	0.00263118
7674.05	0.00268902
7672.12	0.00274817
7670.2	0.00285265
7668.27	0.00284431
7666.34	0.00277167
7664.41	0.00277321
7662.48	0.00279762
7660.56	0.00280669
7658.63	0.00269128
7656.7	0.00269355
7654.77	0.00254701
7652.84	0.00255355
7650.92	0.00277074
7648.99	0.00282303
7647.06	0.00255551
7645.13	0.0024525
7643.2	0.00263034
7641.28	0.00288897
7639.35	0.00279919
7637.42	0.00266718
7635.49	0.00263234
7633.56	0.00255748
7631.64	0.00246446
7629.71	0.00253971
7627.78	0.00249646
7625.85	0.00221269
7623.92	0.00221392
7622	0.00249019
7620.07	0.00269445
7618.14	0.00263881
7616.21	0.00257784
7614.28	0.00254831
7612.36	0.00242571
7610.43	0.00253208
7608.5	0.00266675
7606.57	0.00257171
7604.64	0.00225352
7602.72	0.00230151
7600.79	0.00248829
7598.86	0.00243801
7596.93	0.00268688
7595	0.00280849
7593.08	0.00257128
7591.15	0.00241318
7589.22	0.00255974
7587.29	0.00253555
7585.36	0.0024709
7583.44	0.00238057
7581.51	0.00226554
7579.58	0.00234489
7577.65	0.00243797
7575.72	0.00248856
7573.8	0.00241415
7571.87	0.00235908
7569.94	0.00242635
7568.01	0.00255431
7566.08	0.00240422
7564.16	0.00231481
7562.23	0.00232833
7560.3	0.00225215
7558.37	0.00208159
7556.44	0.00197623
7554.52	0.00221765
7552.59	0.00240182
7550.66	0.00245337
7548.73	0.00256634
7546.8	0.00262591
7544.88	0.00246283
7542.95	0.00235218
7541.02	0.00232063
7539.09	0.00242651
7537.16	0.00238596
7535.23	0.00214409
7533.31	0.00205712
7531.38	0.0021971
7529.45	0.00218425
7527.52	0.00220306
7525.59	0.00229935
7523.67	0.00211429
7521.74	0.00207713
7519.81	0.00231877
7517.88	0.00240272
7515.95	0.00241905
7514.03	0.00228283
7512.1	0.002099
7510.17	0.00212001
7508.24	0.00233369
7506.31	0.00248839
7504.39	0.00234362
7502.46	0.00206608
7500.53	0.0019761
7498.6	0.00214205
7496.67	0.00211718
7494.75	0.00200682
7492.82	0.00203428
7490.89	0.00221202
7488.96	0.00225222
7487.03	0.00219194
7485.11	0.00228456
7483.18	0.00220876
7481.25	0.00198492
7479.32	0.00195696
7477.39	0.00197174
7475.47	0.00194864
7473.54	0.00188334
7471.61	0.00222694
7469.68	0.00240892
7467.75	0.00220839
7465.83	0.00195972
7463.9	0.00200582
7461.97	0.00211692
7460.04	0.00220289
7458.11	0.00226954
7456.19	0.00201438
7454.26	0.00197853
7452.33	0.00209298
7450.4	0.00214009
7448.47	0.00197723
7446.54	0.00178671
7444.62	0.00193559
7442.69	0.00204144
7440.76	0.00198924
7438.83	0.0019984
7436.91	0.00201324
7434.98	0.00190986
7433.05	0.00175674
7431.12	0.0017228
7429.19	0.00199594
7427.26	0.00200263
7425.34	0.00192611
7423.41	0.00203535
7421.48	0.00202223
7419.55	0.00204201
7417.62	0.00212964
7415.7	0.00207417
7413.77	0.00205962
7411.84	0.00188091
7409.91	0.0019959
7407.98	0.00211582
7406.06	0.00200186
7404.13	0.0019284
7402.2	0.0019709
7400.27	0.00210813
7398.34	0.00209567
7396.42	0.00203405
7394.49	0.00200416
7392.56	0.00184421
7390.63	0.00169433
7388.7	0.00159904
7386.78	0.00166586
7384.85	0.00187499
7382.92	0.00182587
7380.99	0.00175757
7379.06	0.00178578
7377.14	0.00180608
7375.21	0.00198565
7373.28	0.00209704
7371.35	0.00192844
7369.42	0.00175151
7367.5	0.00180887
7365.57	0.00188926
7363.64	0.00175308
7361.71	0.00175867
7359.78	0.00179716
7357.86	0.0019061
7355.93	0.0019086
7354	0.0017732
7352.07	0.00177553
7350.14	0.00195829
7348.22	0.00198532
7346.29	0.00187206
7344.36	0.00194438
7342.43	0.0019721
7340.5	0.00185609
7338.58	0.00195153
7336.65	0.00171053
7334.72	0.00148801
7332.79	0.00186554
7330.86	0.00202776
7328.94	0.00190923
7327.01	0.00170348
7325.08	0.00156708
7323.15	0.00165012
7321.22	0.00172257
7319.29	0.00169413
7317.37	0.00168834
7315.44	0.00167534
7313.51	0.0015315
7311.58	0.00160243
7309.65	0.00191023
7307.73	0.00183765
7305.8	0.00187595
7303.87	0.00212204
7301.94	0.00211279
7300.01	0.00191745
7298.09	0.00178681
7296.16	0.00178279
7294.23	0.00171289
7292.3	0.00166203
7290.37	0.00169796
7288.45	0.0017097
7286.52	0.00173062
7284.59	0.0017952
7282.66	0.00187213
7280.73	0.0018465
7278.81	0.00166739
7276.88	0.00155441
7274.95	0.00159565
7273.02	0.00161826
7271.09	0.00170368
7269.17	0.00170175
7267.24	0.00165881
7265.31	0.0016453
7263.38	0.00163908
7261.45	0.00154234
7259.53	0.00159365
7257.6	0.00182744
7255.67	0.00178382
7253.74	0.00157892
7251.81	0.00149735
7249.89	0.00162984
7247.96	0.00165458
7246.03	0.00145899
7244.1	0.00154387
7242.17	0.00165721
7240.25	0.00155245
7238.32	0.00148462
7236.39	0.00161058
7234.46	0.00179709
7232.53	0.00184045
7230.61	0.00166333
7228.68	0.0016173
7226.75	0.00153915
7224.82	0.00148844
7222.89	0.00148425
7220.97	0.0016466
7219.04	0.00160799
7217.11	0.00136119
7215.18	0.00137395
7213.25	0.00158547
7211.33	0.00149669
7209.4	0.00138014
7207.47	0.00132224
7205.54	0.00122656
7203.61	0.00145476
7201.69	0.00156439
7199.76	0.00154254
7197.83	0.00143605
7195.9	0.00139998
7193.97	0.00148332
7192.04	0.00162448
7190.12	0.00177873
7188.19	0.00164607
7186.26	0.00151112
7184.33	0.00146404
7182.4	0.00143748
7180.48	0.00151587
7178.55	0.00142438
7176.62	0.0013706
7174.69	0.00148834
7172.76	0.00150932
7170.84	0.00140164
7168.91	0.00143226
7166.98	0.00157776
7165.05	0.00152751
7163.12	0.00148788
7161.2	0.00153027
7159.27	0.00148971
7157.34	0.00134653
7155.41	0.00138974
7153.48	0.00138216
7151.56	0.00146191
7149.63	0.00142674
7147.7	0.00141663
7145.77	0.00142907
7143.84	0.00140566
7141.92	0.00138858
7139.99	0.00138835
7138.06	0.00142897
7136.13	0.00131639
7134.2	0.0012667
7132.28	0.00131213
7130.35	0.00132579
7128.42	0.00135095
7126.49	0.0014923
7124.56	0.00145756
7122.64	0.00124165
7120.71	0.00122444
7118.78	0.00123095
7116.85	0.00121208
7114.92	0.00140417
7113	0.00159608
7111.07	0.00166303
7109.14	0.00159904
7107.21	0.00150919
7105.28	0.00144951
7103.36	0.00149656
7101.43	0.00161667
7099.5	0.00133028
7097.57	0.00116071
7095.64	0.00129661
7093.71	0.00143276
7091.79	0.00126222
7089.86	0.0011632
7087.93	0.0012452
7086	0.00140374
7084.08	0.00150726
7082.15	0.00135248
7080.22	0.00127627
7078.29	0.00128405
7076.36	0.00143415
7074.43	0.00157982
7072.51	0.00152286
7070.58	0.00144868
7068.65	0.00154071
7066.72	0.00156795
7064.79	0.00138781
7062.87	0.00120423
7060.94	0.00109374
7059.01	0.00115098
7057.08	0.00125185
7055.15	0.0012562
7053.23	0.00118879
7051.3	0.00130412
7049.37	0.00117357
7047.44	0.00101024
7045.51	0.00112025
7043.59	0.00115217
7041.66	0.00114553
7039.73	0.00131672
7037.8	0.00145895
7035.87	0.00138163
7033.95	0.00128272
7032.02	0.00133679
7030.09	0.00142524
7028.16	0.00142691
7026.23	0.00132898
7024.31	0.00131991
7022.38	0.00127082
7020.45	0.00117852
7018.52	0.00122766
7016.59	0.00131286
7014.67	0.00144888
7012.74	0.0013592
7010.81	0.00126454
7008.88	0.00137399
7006.95	0.00148189
7005.03	0.00141271
7003.1	0.00132769
7001.17	0.00133327
6999.24	0.00130881
6997.31	0.00129994
6995.39	0.00130279
6993.46	0.00116417
6991.53	0.00133374
6989.6	0.00130964
6987.67	0.0013588
6985.75	0.00144685
6983.82	0.0014288
6981.89	0.00132898
6979.96	0.0012886
6978.03	0.00136651
6976.1	0.00144596
6974.18	0.00144622
6972.25	0.00142255
6970.32	0.00144453
6968.39	0.00141863
6966.46	0.00133736
6964.54	0.00143492
6962.61	0.00148086
6960.68	0.00137066
6958.75	0.00134916
6956.82	0.00133397
6954.9	0.00129143
6952.97	0.00137219
6951.04	0.00136727
6949.11	0.00142325
6947.18	0.00143465
6945.26	0.00129907
6943.33	0.00136388
6941.4	0.00147734
6939.47	0.00145044
6937.54	0.00144705
6935.62	0.00142152
6933.69	0.00138492
6931.76	0.00137588
6929.83	0.00138602
6927.9	0.00141161
6925.98	0.0016183
6924.05	0.00161983
6922.12	0.00148199
6920.19	0.0013221
6918.26	0.00137003
6916.34	0.00142205
6914.41	0.00151218
6912.48	0.00161297
6910.55	0.00156216
6908.62	0.00150949
6906.7	0.0015871
6904.77	0.00160659
6902.84	0.00162019
6900.91	0.00154184
6898.98	0.00155185
6897.06	0.00174014
6895.13	0.00162834
6893.2	0.0013123
6891.27	0.0014935
6889.34	0.0016168
6887.42	0.00154221
6885.49	0.00156326
6883.56	0.00157483
6881.63	0.00140616
6879.7	0.00137794
6877.78	0.00149114
6875.85	0.00150839
6873.92	0.00152997
6871.99	0.00157646
6870.06	0.00147109
6868.14	0.00135072
6866.21	0.00133862
6864.28	0.0015043
6862.35	0.00164826
6860.42	0.00156243
6858.5	0.00147431
6856.57	0.00150344
6854.64	0.00143213
6852.71	0.00157683
6850.78	0.00175228
6848.85	0.00168851
6846.93	0.00160207
6845	0.00173125
6843.07	0.00177217
6841.14	0.00162565
6839.21	0.00157154
6837.29	0.0014932
6835.36	0.0015181
6833.43	0.00183922
6831.5	0.00177301
6829.57	0.00166998
6827.65	0.00184258
6825.72	0.00194132
6823.79	0.00192171
6821.86	0.00183935
6819.93	0.00195469
6818.01	0.00200858
6816.08	0.00189342
6814.15	0.00189592
6812.22	0.00188797
6810.29	0.0017742
6808.37	0.00168289
6806.44	0.00171748
6804.51	0.00185046
6802.58	0.00202273
6800.65	0.00208712
6798.73	0.00209005
6796.8	0.00203821
6794.87	0.00201288
6792.94	0.00204251
6791.01	0.00207117
6789.09	0.00207909
6787.16	0.00200229
6785.23	0.00193526
6783.3	0.00195629
6781.37	0.0019286
6779.45	0.0019531
6777.52	0.00208482
6775.59	0.00215031
6773.66	0.00222391
6771.73	0.00227723
6769.81	0.00214825
6767.88	0.00219324
6765.95	0.00226894
6764.02	0.0021985
6762.09	0.00237644
6760.17	0.00254721
6758.24	0.00247439
6756.31	0.00253701
6754.38	0.00263931
6752.45	0.00252085
6750.53	0.00250925
6748.6	0.00258564
6746.67	0.00255441
6744.74	0.00246317
6742.81	0.00244151
6740.88	0.00260008
6738.96	0.00260561
6737.03	0.00247303
6735.1	0.00249689
6733.17	0.00267468
6731.25	0.0028303
6729.32	0.00267158
6727.39	0.00269388
6725.46	0.00287076
6723.53	0.0027351
6721.6	0.00267641
6719.68	0.00287499
6717.75	0.00286749
6715.82	0.00287563
6713.89	0.00293343
6711.96	0.00287553
6710.04	0.00291842
6708.11	0.0029795
6706.18	0.00296139
6704.25	0.00303926
6702.32	0.00310954
6700.4	0.00306499
6698.47	0.00312319
6696.54	0.00306315
6694.61	0.00299318
6692.68	0.00308094
6690.76	0.00309786
6688.83	0.00306662
6686.9	0.00315703
6684.97	0.00331409
6683.04	0.00338304
6681.12	0.00316517
6679.19	0.00306212
6677.26	0.00326428
6675.33	0.00343901
6673.4	0.00329539
6671.48	0.00327857
6669.55	0.00335633
6667.62	0.00328114
6665.69	0.00319584
6663.76	0.00330875
6661.84	0.00340839
6659.91	0.00337533
6657.98	0.00333592
6656.05	0.00328855
6654.12	0.00325917
6652.2	0.00324698
6650.27	0.00333559
6648.34	0.00343223
6646.41	0.00353507
6644.48	0.00359992
6642.56	0.00350484
6640.63	0.00340475
6638.7	0.00334177
6636.77	0.0032824
6634.84	0.00333011
6632.92	0.00329422
6630.99	0.00319167
6629.06	0.00316203
6627.13	0.00316113
6625.2	0.00316253
6623.27	0.00331062
6621.35	0.00343577
6619.42	0.00341423
6617.49	0.00338104
6615.56	0.00328654
6613.63	0.00332928
6611.71	0.00323921
6609.78	0.00315856
6607.85	0.0032802
6605.92	0.00335529
6603.99	0.00333846
6602.07	0.00336801
6600.14	0.00342225
6598.21	0.00329553
6596.28	0.00317215
6594.35	0.0031367
6592.43	0.00322729
6590.5	0.00331472
6588.57	0.00320933
6586.64	0.00326521
6584.71	0.00329242
6582.79	0.00326975
6580.86	0.00327276
6578.93	0.00325877
6577	0.00316137
6575.07	0.00320055
6573.15	0.00318536
6571.22	0.00317505
6569.29	0.00326571
6567.36	0.00313667
6565.43	0.00300012
6563.51	0.00304947
6561.58	0.00315546
6559.65	0.00314681
6557.72	0.00311468
6555.79	0.00329559
6553.87	0.0032811
6551.94	0.00319982
6550.01	0.00326671
6548.08	0.00326424
6546.15	0.00315719
6544.23	0.00297543
6542.3	0.00299412
6540.37	0.00319241
6538.44	0.00320659
6536.51	0.00316617
6534.59	0.00316771
6532.66	0.00300293
6530.73	0.00287172
6528.8	0.00281483
6526.87	0.00295869
6524.95	0.00302825
6523.02	0.00300196
6521.09	0.00299605
6519.16	0.00294678
6517.23	0.00276517
6515.31	0.00263788
6513.38	0.00271249
6511.45	0.00291552
6509.52	0.00300059
6507.59	0.00295438
6505.67	0.00280382
6503.74	0.00274833
6501.81	0.00280202
6499.88	0.00292586
6497.95	0.00281183
6496.02	0.00270069
6494.1	0.00268118
6492.17	0.00270195
6490.24	0.00280622
6488.31	0.00283594
6486.38	0.00281416
6484.46	0.00279038
6482.53	0.00277654
6480.6	0.00284921
6478.67	0.00291609
6476.74	0.00285908
6474.82	0.00273483
6472.89	0.00270175
6470.96	0.00273126
6469.03	0.00288713
6467.1	0.0029358
6465.18	0.00273803
6463.25	0.00262108
6461.32	0.00279365
6459.39	0.0029307
6457.46	0.00296252
6455.54	0.00275117
6453.61	0.00257628
6451.68	0.00256218
6449.75	0.00256118
6447.82	0.00257571
6445.9	0.00264274
6443.97	0.00259568
6442.04	0.00256344
6440.11	0.00257641
6438.18	0.00259258
6436.26	0.00265455
6434.33	0.00266675
6432.4	0.00258851
6430.47	0.00252795
6428.54	0.00257831
6426.62	0.00263618
6424.69	0.00271059
6422.76	0.00264974
6420.83	0.00255081
6418.9	0.00259871
6416.98	0.00268418
6415.05	0.00261731
6413.12	0.00257248
6411.19	0.00254831
6409.26	0.00256431
6407.34	0.00257234
6405.41	0.00250972
6403.48	0.00247083
6401.55	0.00252142
6399.62	0.00258621
6397.7	0.00263108
6395.77	0.00256654
6393.84	0.00250975
6391.91	0.00262471
6389.98	0.00253855
6388.06	0.00249452
6386.13	0.00246926
6384.2	0.00233413
6382.27	0.00235974
6380.34	0.00251322
6378.42	0.00251938
6376.49	0.00257198
6374.56	0.00263438
6372.63	0.00255764
6370.7	0.00252475
6368.77	0.00242051
6366.85	0.00230554
6364.92	0.00225915
6362.99	0.00233846
6361.06	0.00240689
6359.13	0.00220343
6357.21	0.00212614
6355.28	0.00225775
6353.35	0.00232686
6351.42	0.00227054
6349.49	0.00215927
6347.57	0.00216956
6345.64	0.00217679
6343.71	0.00217875
6341.78	0.00212338
6339.85	0.00200609
6337.93	0.00206594
6336	0.00220116
6334.07	0.0022016
6332.14	0.00211039
6330.21	0.00193792
6328.29	0.00181686
6326.36	0.0018287
6324.43	0.00199567
6322.5	0.00208785
6320.57	0.00193186
6318.65	0.00196681
6316.72	0.0019723
6314.79	0.0019297
6312.86	0.00190614
6310.93	0.00184996
6309.01	0.00184684
6307.08	0.00184035
6305.15	0.00173881
6303.22	0.00162575
6301.29	0.00179137
6299.37	0.00188188
6297.44	0.00184218
6295.51	0.00177716
6293.58	0.00168229
6291.65	0.00161188
6289.73	0.00163665
6287.8	0.00167494
6285.87	0.00163655
6283.94	0.0016002
6282.01	0.0016776
6280.08	0.00170511
6278.16	0.00175817
6276.23	0.00170727
6274.3	0.00155701
6272.37	0.00157107
6270.45	0.00151049
6268.52	0.00139184
6266.59	0.00143621
6264.66	0.00144542
6262.73	0.00137615
6260.8	0.00140656
6258.88	0.00154341
6256.95	0.00150949
6255.02	0.00143678
6253.09	0.00137834
6251.17	0.00124869
6249.24	0.00125232
6247.31	0.00148608
6245.38	0.00157347
6243.45	0.00147764
6241.52	0.00138851
6239.6	0.00136864
6237.67	0.00139745
6235.74	0.00138123
6233.81	0.00141467
6231.88	0.00136225
6229.96	0.00121487
6228.03	0.00122497
6226.1	0.00127581
6224.17	0.00125278
6222.24	0.00119061
6220.32	0.00125261
6218.39	0.00125006
6216.46	0.00118021
6214.53	0.00118337
6212.6	0.00121799
6210.68	0.00112965
6208.75	0.00110626
6206.82	0.00111221
6204.89	0.00109068
6202.96	0.00114922
6201.04	0.00120593
6199.11	0.00116287
6197.18	0.00120101
6195.25	0.00126032
6193.32	0.00122467
6191.4	0.00121613
6189.47	0.00123657
6187.54	0.00121819
6185.61	0.00117157
6183.68	0.00129439
6181.76	0.00134075
6179.83	0.00126062
6177.9	0.00121211
6175.97	0.00112639
6174.04	0.00109849
6172.12	0.00119101
6170.19	0.00126199
6168.26	0.00118158
6166.33	0.00115011
6164.4	0.00123414
6162.48	0.00128246
6160.55	0.00124637
6158.62	0.00113719
6156.69	0.00125252
6154.76	0.00135271
6152.83	0.00126488
6150.91	0.00110424
6148.98	0.00107813
6147.05	0.0012163
6145.12	0.00119357
6143.19	0.00117978
6141.27	0.00132081
6139.34	0.00141078
6137.41	0.00134261
6135.48	0.00131878
6133.55	0.00128618
6131.63	0.00128299
6129.7	0.0013231
6127.77	0.00137232
6125.84	0.00139829
6123.91	0.00134989
6121.99	0.00137033
6120.06	0.00135291
6118.13	0.00125384
6116.2	0.00129837
6114.27	0.00141637
6112.35	0.00143957
6110.42	0.00147701
6108.49	0.00143592
6106.56	0.00142362
6104.63	0.00151178
6102.71	0.00142717
6100.78	0.00122361
6098.85	0.00132041
6096.92	0.00144615
6094.99	0.00146304
6093.07	0.00147185
6091.14	0.00153034
6089.21	0.00150038
6087.28	0.00152026
6085.35	0.00153017
6083.43	0.00144333
6081.5	0.00141507
6079.57	0.00144579
6077.64	0.00150793
6075.71	0.00158075
6073.79	0.00162804
6071.86	0.00157998
6069.93	0.00162924
6068	0.00164999
6066.07	0.00158268
6064.15	0.00149227
6062.22	0.00151787
6060.29	0.00148655
6058.36	0.00146956
6056.43	0.00149473
6054.51	0.00151178
6052.58	0.00150008
6050.65	0.00154061
6048.72	0.0015451
6046.79	0.00157453
6044.87	0.00155817
6042.94	0.00143608
6041.01	0.00137874
6039.08	0.00136591
6037.15	0.00142099
6035.23	0.00145699
6033.3	0.00136987
6031.37	0.00135723
6029.44	0.00142222
6027.51	0.0014538
6025.58	0.00143668
6023.66	0.00142325
6021.73	0.00136651
6019.8	0.00134969
6017.87	0.00132699
6015.94	0.00126896
6014.02	0.00125388
6012.09	0.00123477
6010.16	0.00113603
6008.23	0.00107348
6006.3	0.00112869
6004.38	0.00112267
6002.45	0.000959959
6000.52	0.000949067
5998.59	0.00101901
5996.66	0.00111218
5994.74	0.00105205
5992.81	0.000938774
5990.88	0.000896969
5988.95	0.000876916
5987.02	0.000906831
5985.1	0.000898198
5983.17	0.000757475
5981.24	0.000732117
5979.31	0.000882261
5977.38	0.00102226
5975.46	0.00106673
5973.53	0.000884087
5971.6	0.000653563
5969.67	0.000733743
5967.74	0.000764246
5965.82	0.000670355
5963.89	0.000718244
5961.96	0.000781838
5960.03	0.000788344
5958.1	0.000744132
5956.18	0.000635844
5954.25	0.000570479
5952.32	0.000552862
5950.39	0.000520284
5948.46	0.000619551
5946.54	0.000716452
5944.61	0.000621874
5942.68	0.000600074
5940.75	0.00062934
5938.82	0.000576252
5936.9	0.00052735
5934.97	0.000500679
5933.04	0.000550739
5931.11	0.000463262
5929.18	0.000397492
5927.25	0.000529208
5925.33	0.000639328
5923.4	0.000602994
5921.47	0.000448436
5919.54	0.000355243
5917.62	0.000355972
5915.69	0.000390793
5913.76	0.00041633
5911.83	0.000391191
5909.9	0.000296717
5907.97	0.000273608
5906.05	0.000307328
5904.12	0.000425749
5902.19	0.000443892
5900.26	0.000444621
5898.33	0.000392816
5896.41	0.000349838
5894.48	0.000306167
5892.55	0.000316313
5890.62	0.000353485
5888.69	0.000302652
5886.77	0.000409266
5884.84	0.000400543
5882.91	0.00029191
5880.98	0.000304874
5879.05	0.000338066
5877.13	0.000314655
5875.2	0.000214496
5873.27	0.000238896
5871.34	0.000282361
5869.41	0.000253152
5867.49	0.000305471
5865.56	0.000322613
5863.63	0.000248809
5861.7	0.000192949
5859.77	9.51714e-05
5857.85	4.48989e-05
5855.92	0.000177138
5853.99	0.000293468
5852.06	0.000323807
5850.13	0.0002813
5848.21	0.000228254
5846.28	0.000206275
5844.35	0.00016537
5842.42	0.000105379
5840.49	0.000101468
5838.57	0.000126458
5836.64	0.000123508
5834.71	0.000151482
5832.78	0.000177237
5830.85	0.000183601
5828.93	0.000155294
5827	0.000118271
5825.07	0.000108329
5823.14	0.000163912
5821.21	0.000230177
5819.29	0.000179823
5817.36	0.000185192
5815.43	0.000259782
5813.5	0.00028939
5811.57	0.000248112
5809.65	0.000233492
5807.72	0.000272381
5805.79	0.000210054
5803.86	0.00014946
5801.93	0.000160929
5800	0.000189104
5798.08	0.000213635
5796.15	0.00012848
5794.22	0.000128712
5792.29	0.000134578
5790.36	2.22998e-05
5788.44	8.81786e-05
5786.51	0.000138788
5784.58	0.000137661
5782.65	0.000136335
5780.72	0.000167889
5778.8	0.000185259
5776.87	0.000133683
5774.94	0.000113665
5773.01	0.000102164
5771.08	-1.07022e-05
5769.16	-6.95097e-05
5767.23	0.000103623
5765.3	9.70936e-05
5763.37	4.60919e-05
5761.44	0.000128612
5759.52	2.08087e-05
5757.59	1.55733e-05
5755.66	0.000107401
5753.73	-4.3074e-06
5751.8	-5.24811e-05
5749.88	7.35307e-05
5747.95	3.45933e-05
5746.02	-3.61477e-05
5744.09	-3.00184e-05
5742.16	1.22598e-05
5740.24	7.68778e-05
5738.31	0.000114327
5736.38	0.000155228
5734.45	0.000185756
5732.52	9.27189e-05
5730.6	-2.58438e-05
5728.67	3.23732e-05
5726.74	0.000161393
5724.81	0.000140279
5722.88	5.13277e-05
5720.96	4.18172e-05
5719.03	0.000214198
5717.1	0.000204187
5715.17	1.90525e-05
5713.24	-9.73369e-05
5711.32	-5.22492e-05
5709.39	3.51222e-06
5707.46	-6.92496e-06
5705.53	-3.91295e-05
5703.6	6.52127e-05
5701.68	0.000116449
5699.75	0.000136335
5697.82	6.54778e-05
5695.89	-0.000101146
5693.96	-0.000175873
5692.03	-4.56232e-05
5690.11	4.96045e-05
5688.18	0.000125364
5686.25	0.000126093
5684.32	4.87429e-05
5682.4	-7.30544e-05
5680.47	-6.24863e-05
5678.54	-9.17803e-06
5676.61	4.99359e-05
5674.68	7.27022e-05
5672.75	7.23708e-05
5670.83	0.000114659
5668.9	6.47487e-05
5666.97	-1.99794e-05
5665.04	-6.06642e-05
5663.11	-0.000154046
5661.19	-0.000161035
5659.26	5.46083e-05
5657.33	0.000135573
5655.4	0.000100308
5653.47	2.19684e-05
5651.55	-6.66274e-05
5649.62	3.68466e-05
5647.69	0.000202927
5645.76	0.000172994
5643.83	6.93551e-05
5641.91	-9.9401e-06
5639.98	-4.208e-06
5638.05	-2.33589e-05
5636.12	1.56064e-05
5634.19	6.81621e-05
5632.27	4.96708e-05
5630.34	0.000101468
5628.41	0.000131463
5626.48	0.000121785
5624.55	0.00017558
5622.63	0.000133551
5620.7	0.000143461
5618.77	0.000108594
5616.84	-3.3199e-05
5614.91	-9.75688e-05
5612.99	-5.18185e-05
5611.06	-1.19282e-06
5609.13	-3.14772e-06
5607.2	3.37649e-05
5605.27	2.05432e-06
5603.35	-6.05648e-05
5601.42	-9.01236e-06
5599.49	4.53297e-05
5597.56	5.7985e-06
5595.63	-2.48498e-05
5593.71	-5.79842e-06
5591.78	-1.50095e-05
5589.85	-5.37401e-05
5587.92	-9.24673e-05
5585.99	-0.000124964
5584.07	-8.06076e-05
5582.14	4.29107e-05
5580.21	8.18156e-05
5578.28	4.74837e-05
5576.35	-1.94824e-05
5574.43	-5.321e-05
5572.5	-0.000122281
5570.57	-8.59743e-05
5568.64	5.02672e-05
5566.71	5.98111e-05
5564.79	4.45676e-05
5562.86	-4.31715e-05
5560.93	-0.00011115
5559	-8.75313e-05
5557.07	-0.00011549
5555.14	-6.18237e-05
5553.22	-8.0972e-05
5551.29	-8.13365e-05
5549.36	-2.1636e-05
5547.43	-2.40215e-05
5545.5	-5.13575e-06
5543.58	1.27237e-05
5541.65	2.38903e-05
5539.72	8.68121e-06
5537.79	2.0411e-05
5535.86	-3.39611e-05
5533.94	-0.00010277
5532.01	-0.000118902
5530.08	-9.75357e-05
5528.15	-4.51925e-05
5526.22	7.81702e-05
5524.3	0.000113399
5522.37	7.12772e-05
5520.44	-1.44462e-05
5518.51	-6.80851e-05
5516.58	-4.28071e-05
5514.66	-7.33526e-05
5512.73	-0.000139074
5510.8	-0.000244195
5508.87	-0.00028678
5506.94	-0.000320718
5505.02	-0.000268502
5503.09	-0.000152953
5501.16	-6.22875e-05
5499.23	-1.09672e-05
5497.3	3.32679e-05
5495.38	-1.53739e-05
5493.45	-5.02283e-05
5491.52	-8.19327e-05
5489.59	-0.000185445
5487.66	-0.000162128
5485.74	-0.000109958
5483.81	-7.95807e-05
5481.88	-0.000135663
5479.95	-0.000155702
5478.02	-0.000228929
5476.1	-0.000216609
5474.17	-0.000211841
5472.24	-0.000158617
5470.31	-0.000162061
5468.38	-0.000224955
5466.46	-0.000149078
5464.53	-5.20836e-05
5462.6	2.1372e-05
5460.67	-1.216e-05
5458.74	-2.50155e-05
5456.82	-1.02052e-05
5454.89	-1.15968e-05
5452.96	-3.18738e-05
5451.03	-0.000155172
5449.1	-0.000132251
5447.17	-2.9654e-05
5445.25	-1.62685e-05
5443.32	-1.53739e-05
5441.39	-3.40273e-05
5439.46	-9.80326e-05
5437.54	-0.000195447
5435.61	-0.000136126
5433.68	-2.91901e-05
5431.75	-2.51149e-05
5429.82	-0.000150336
5427.89	-0.000224723
5425.97	-0.000132913
5424.04	-4.07861e-05
5422.11	-9.35273e-05
5420.18	-0.000149906
5418.25	-9.60781e-05
5416.33	-0.000125792
5414.4	-0.000104989
5412.47	-6.27845e-05
5410.54	-6.79857e-05
5408.61	-7.79574e-05
5406.69	7.52149e-06
5404.76	1.99472e-05
5402.83	-9.40242e-05
5400.9	-0.00014772
5398.97	-0.000162128
5397.05	-3.91958e-05
5395.12	4.65227e-05
5393.19	5.72263e-05
5391.26	4.34058e-06
5389.33	-8.58418e-05
5387.41	-8.46492e-05
5385.48	-4.84061e-05
5383.55	-8.34898e-05
5381.62	-0.000138048
5379.69	-0.000120293
5377.77	-0.000173157
5375.84	-0.000247077
5373.91	-0.000227306
5371.98	-7.57378e-05
5370.05	-0.00013298
5368.13	-0.000241083
5366.2	-0.00020005
5364.27	-0.000170309
5362.34	-0.000145666
5360.41	-0.000127382
5358.49	-0.000175409
5356.56	-0.000115291
5354.63	-4.97008e-06
5352.7	-6.27513e-05
5350.77	-0.000114297
5348.85	-1.06028e-05
5346.92	-3.61477e-05
5344.99	-0.000163453
5343.06	-0.000132582
5341.13	-3.43255e-05
5339.21	-0.000110687
5337.28	-9.72044e-05
5335.35	-8.35891e-05
5333.42	-0.000113668
5331.49	-0.000114927
5329.56	-0.000169315
5327.64	-0.000187068
5325.71	-0.000174482
5323.78	-0.000201441
5321.85	-0.000205846
5319.92	-0.000145202
5318	-3.05816e-05
5316.07	1.46455e-05
5314.14	-1.34522e-05
5312.21	-3.03829e-05
5310.28	3.84041e-05
5308.36	2.36915e-05
5306.43	9.64211e-06
5304.5	3.73437e-05
5302.57	4.8376e-06
5300.64	5.35479e-05
5298.72	6.30255e-05
5296.79	5.47077e-05
5294.86	0.000130833
5292.93	8.75158e-05
5291	4.14858e-05
5289.08	9.68947e-05
5287.15	0.000133319
5285.22	0.000114526
5283.29	0.00012848
5281.36	0.000223911
5279.44	0.000252323
5277.51	0.000217115
5275.58	0.000323575
5273.65	0.000358658
5271.72	0.000293866
5269.8	0.000297579
5267.87	0.000279808
5265.94	0.000417822
5264.01	0.000466546
5262.08	0.000367811
5260.16	0.000361908
5258.23	0.000471853
5256.3	0.000539061
5254.37	0.000588495
5252.44	0.00059732
5250.52	0.000584646
5248.59	0.000560857
5246.66	0.000581394
5244.73	0.000654824
5242.8	0.00068718
5240.88	0.000733046
5238.95	0.000743003
5237.02	0.000774934
5235.09	0.000869977
5233.16	0.000902116
5231.24	0.000928845
5229.31	0.000983072
5227.38	0.000994563
5225.45	0.00106899
5223.52	0.00122155
5221.6	0.00126052
5219.67	0.00112795
5217.74	0.00123583
5215.81	0.0012689
5213.88	0.00116274
5211.96	0.00118536
5210.03	0.0013246
5208.1	0.00139061
5206.17	0.0014181
5204.24	0.00152262
5202.31	0.00153376
5200.39	0.00153838
5198.46	0.0015596
5196.53	0.00160064
5194.6	0.00178279
5192.67	0.0018891
5190.75	0.00186461
5188.82	0.0018477
5186.89	0.0018663
5184.96	0.00190078
5183.03	0.00206611
5181.11	0.00215591
5179.18	0.00209884
5177.25	0.0021663
5175.32	0.00228163
5173.39	0.0023838
5171.47	0.00242495
5169.54	0.00238876
5167.61	0.00238783
5165.68	0.00252605
5163.75	0.00273996
5161.83	0.00285952
5159.9	0.00293333
5157.97	0.00290114
5156.04	0.00288016
5154.11	0.00290024
5152.19	0.00294871
5150.26	0.00305234
5148.33	0.00315936
5146.4	0.00314842
5144.47	0.00316093
5142.55	0.00325209
5140.62	0.00327379
5138.69	0.00332504
5136.76	0.00345761
5134.83	0.00351894
5132.91	0.00357229
5130.98	0.00367055
5129.05	0.0037683
5127.12	0.00374063
5125.19	0.00381874
5123.27	0.00388419
5121.34	0.00392184
5119.41	0.00406737
5117.48	0.00410888
5115.55	0.0040354
5113.62	0.00406389
5111.7	0.00409222
5109.77	0.00414651
5107.84	0.004254
5105.91	0.00437588
5103.99	0.00439503
5102.06	0.00437608
5100.13	0.00445421
5098.2	0.00464356
5096.27	0.00471496
5094.34	0.00465511
5092.42	0.00475673
5090.49	0.00490724
5088.56	0.00490519
5086.63	0.00489645
5084.71	0.00494883
5082.78	0.00504298
5080.85	0.0051573
5078.92	0.00513339
5076.99	0.00510292
5075.06	0.00514741
5073.14	0.00518295
5071.21	0.00527554
5069.28	0.00536218
5067.35	0.0055292
5065.42	0.00565379
5063.5	0.00561737
5061.57	0.00566087
5059.64	0.0058089
5057.71	0.00588577
5055.78	0.00589461
5053.86	0.00604174
5051.93	0.00625057
5050	0.00638831
5048.07	0.00638098
5046.14	0.00638542
5044.22	0.00648893
5042.29	0.00668987
5040.36	0.00690971
5038.43	0.00706965
5036.5	0.00726685
5034.58	0.00745786
5032.65	0.00761402
5030.72	0.0077038
5028.79	0.00787682
5026.86	0.00829412
5024.94	0.00857824
5023.01	0.00874133
5021.08	0.00890158
5019.15	0.00897403
5017.22	0.00903691
5015.3	0.00905298
5013.37	0.00898312
5011.44	0.00866892
5009.51	0.00851309
5007.58	0.00838819
5005.66	0.00813281
5003.73	0.00795895
5001.8	0.0077917
4999.87	0.00757306
4997.94	0.00734533
4996.02	0.00719364
4994.09	0.00705231
4992.16	0.0069692
4990.23	0.00694789
4988.3	0.0068743
4986.38	0.00676757
4984.45	0.00662163
4982.52	0.00659098
4980.59	0.00667553
4978.66	0.00669236
4976.73	0.00661342
4974.81	0.00655149
4972.88	0.00647914
4970.95	0.00643821
4969.02	0.00645305
4967.09	0.00643872
4965.17	0.00639299
4963.24	0.00633868
4961.31	0.00629387
4959.38	0.00628358
4957.45	0.00627457
4955.53	0.00634188
4953.6	0.0064175
4951.67	0.00646798
4949.74	0.00643226
4947.81	0.00628224
4945.89	0.00624822
4943.96	0.00624372
4942.03	0.00619185
4940.1	0.00625622
4938.17	0.0062342
4936.25	0.00613569
4934.32	0.00599676
4932.39	0.00599609
4930.46	0.00604836
4928.53	0.00599219
4926.61	0.00594432
4924.68	0.00590173
4922.75	0.00584678
4920.82	0.00587348
4918.89	0.00592071
4916.97	0.00587738
4915.04	0.00582727
4913.11	0.0058181
4911.18	0.00575813
4909.25	0.00574061
4907.33	0.00570576
4905.4	0.00560596
4903.47	0.00553773
4901.54	0.00552172
4899.61	0.00556333
4897.69	0.00549987
4895.76	0.00547578
4893.83	0.00547397
4891.9	0.00538355
4889.97	0.00530375
4888.05	0.00525394
4886.12	0.00530781
4884.19	0.00531233
4882.26	0.00529986
4880.33	0.00529174
4878.41	0.00525123
4876.48	0.00522054
4874.55	0.00523231
4872.62	0.00521906
4870.69	0.00518275
4868.77	0.00514674
4866.84	0.00505856
4864.91	0.00502595
4862.98	0.00499524
4861.05	0.00489852
4859.12	0.00482263
4857.2	0.00480136
4855.27	0.00478313
4853.34	0.00463106
4851.41	0.00463411
4849.48	0.00473308
4847.56	0.00466378
4845.63	0.00455133
4843.7	0.00451209
4841.77	0.00440735
4839.84	0.00432816
4837.92	0.00437334
4835.99	0.00437873
4834.06	0.00436748
4832.13	0.00423972
4830.2	0.00414383
4828.28	0.00414166
4826.35	0.00410249
4824.42	0.00403667
4822.49	0.00394859
4820.56	0.00394708
4818.64	0.00382395
4816.71	0.00368819
4814.78	0.00360272
4812.85	0.00354616
4810.92	0.00352402
4809	0.00349529
4807.07	0.00344425
4805.14	0.0034658
4803.21	0.00331926
4801.28	0.00322178
4799.36	0.00322365
4797.43	0.00309021
4795.5	0.00296352
4793.57	0.0029693
4791.64	0.00300369
4789.72	0.00290791
4787.79	0.00266568
4785.86	0.00253435
4783.93	0.00253878
4782	0.00260178
4780.08	0.00252698
4778.15	0.00232447
4776.22	0.00223403
4774.29	0.00216976
4772.36	0.00212437
4770.44	0.00210679
4768.51	0.00205819
4766.58	0.00201774
4764.65	0.00194374
4762.72	0.00188367
4760.79	0.00177563
4758.87	0.00166915
4756.94	0.0014813
4755.01	0.00145759
4753.08	0.00153466
4751.16	0.0014416
4749.23	0.00130133
4747.3	0.00126498
4745.37	0.00133264
4743.44	0.00123657
4741.51	0.00102807
4739.59	0.000859187
4737.66	0.000662921
4735.73	0.000650975
4733.8	0.000789772
4731.88	0.000747252
4729.95	0.000697003
4728.02	0.000560857
4726.09	0.000464788
4724.16	0.000545032
4722.23	0.000615039
4720.31	0.000454406
4718.38	0.000285079
4716.45	0.000236144
4714.52	0.000196861
4712.59	0.000164044
4710.67	0.000150687
4708.74	7.72092e-05
4706.81	4.71854e-05
4704.88	-1.78257e-05
4702.95	-3.41279e-06
4701.03	-1.92173e-05
4699.1	-0.00011549
4697.17	-0.000170209
4695.24	-0.0002129
4693.31	-0.000300753
4691.39	-0.00035631
4689.46	-0.000440724
4687.53	-0.000534785
4685.6	-0.000496098
4683.67	-0.000432283
4681.75	-0.000480741
4679.82	-0.000557751
4677.89	-0.00063101
4675.96	-0.000680371
4674.03	-0.000749011
4672.11	-0.000749574
4670.18	-0.000800079
4668.25	-0.00083874
4666.32	-0.00084327
4664.39	-0.000902957
4662.47	-0.000924449
4660.54	-0.000939592
4658.61	-0.000951759
4656.68	-0.000961115
4654.75	-0.00101427
4652.83	-0.00107176
4650.9	-0.0011362
4648.97	-0.00112999
4647.04	-0.0010548
4645.11	-0.00113944
4643.19	-0.00116019
4641.26	-0.00115871
4639.33	-0.00124055
4637.4	-0.00134372
4635.47	-0.00132893
4633.54	-0.00132764
4631.62	-0.00138333
4629.69	-0.0013313
4627.76	-0.00124673
4625.83	-0.0012355
4623.9	-0.00131964
4621.98	-0.00141695
4620.05	-0.00143013
4618.12	-0.00143214
4616.19	-0.00147652
4614.26	-0.00150469
4612.34	-0.00152024
4610.41	-0.00147226
4608.48	-0.00146625
4606.55	-0.00151047
4604.62	-0.0015559
4602.7	-0.00155362
4600.77	-0.00152837
4598.84	-0.00158855
4596.91	-0.00164642
4594.98	-0.00162916
4593.06	-0.00158677
4591.13	-0.00153738
4589.2	-0.00155468
4587.27	-0.00158888
4585.34	-0.00159311
4583.42	-0.00156201
4581.49	-0.00153325
4579.56	-0.00144528
4577.63	-0.00137672
4575.7	-0.00150043
4573.78	-0.00157779
4571.85	-0.00149406
4569.92	-0.00141877
4567.99	-0.00139902
4566.06	-0.0013358
4564.14	-0.00130369
4562.21	-0.00129391
4560.28	-0.00122955
4558.35	-0.00109592
4556.42	-0.00105668
4554.5	-0.00100922
4552.57	-0.00092144
4550.64	-0.000792737
4548.71	-0.000835267
4546.78	-0.000896807
4544.86	-0.000789231
4542.93	-0.00069764
4541	-0.000652978
4539.07	-0.000661183
4537.14	-0.000635179
4535.22	-0.000549479
4533.29	-0.000447179
4531.36	-0.000445259
4529.43	-0.000556825
4527.5	-0.000636601
4525.58	-0.000619628
4523.65	-0.000620985
4521.72	-0.00071504
4519.79	-0.000697441
4517.86	-0.000714577
4515.94	-0.000764458
4514.01	-0.000889731
4512.08	-0.00100406
4510.15	-0.00100085
4508.22	-0.000929607
4506.29	-0.00106802
4504.37	-0.00125975
4502.44	-0.00123973
4500.51	-0.0013137
4498.58	-0.00135126
4496.65	-0.00144931
4494.73	-0.00163335
4492.8	-0.00176062
4490.87	-0.0017487
4488.94	-0.00167388
4487.01	-0.00163299
4485.09	-0.00173883
4483.16	-0.00170276
4481.23	-0.00178253
4479.3	-0.00193442
4477.37	-0.00203186
4475.45	-0.00200204
4473.52	-0.00204281
4471.59	-0.00207756
4469.66	-0.00205352
4467.73	-0.00204323
4465.81	-0.00203911
4463.88	-0.00199733
4461.95	-0.00210358
4460.02	-0.0021627
4458.09	-0.00213978
4456.17	-0.00224769
4454.24	-0.00228299
4452.31	-0.00217259
4450.38	-0.00199465
4448.45	-0.00206972
4446.53	-0.00216906
4444.6	-0.00213019
4442.67	-0.00202902
4440.74	-0.00202866
4438.81	-0.00211202
4436.89	-0.00213401
4434.96	-0.00213263
4433.03	-0.0020799
4431.1	-0.00205695
4429.17	-0.00212989
4427.25	-0.00215858
4425.32	-0.0021537
4423.39	-0.00209583
4421.46	-0.0021296
4419.53	-0.00212521
4417.61	-0.00217533
4415.68	-0.00223615
4413.75	-0.00218815
4411.82	-0.0020896
4409.89	-0.00207192
4407.96	-0.00217935
4406.04	-0.00223364
4404.11	-0.00222675
4402.18	-0.00219883
4400.25	-0.00211806
4398.33	-0.00210856
4396.4	-0.00217658
4394.47	-0.00226341
4392.54	-0.00227448
4390.61	-0.0022253
4388.68	-0.0021925
4386.76	-0.00211433
4384.83	-0.00210563
4382.9	-0.00220918
4380.97	-0.00219108
4379.04	-0.00216797
4377.12	-0.00223529
4375.19	-0.00226466
4373.26	-0.00222247
4371.33	-0.00221469
4369.4	-0.00223226
4367.48	-0.00223071
4365.55	-0.00214635
4363.62	-0.00216385
4361.69	-0.00218116
4359.76	-0.00209781
4357.84	-0.00211393
4355.91	-0.00213392
4353.98	-0.00212623
4352.05	-0.00208145
4350.12	-0.00215802
4348.2	-0.00229469
4346.27	-0.00229973
4344.34	-0.00226654
4342.41	-0.00221261
4340.48	-0.00214704
4338.56	-0.0021501
4336.63	-0.00215515
4334.7	-0.00215314
4332.77	-0.00213078
4330.84	-0.00213988
4328.92	-0.00222263
4326.99	-0.00223252
4325.06	-0.00216999
4323.13	-0.00224591
4321.2	-0.0022968
4319.28	-0.00215976
4317.35	-0.00205504
4315.42	-0.00212247
4313.49	-0.00218436
4311.56	-0.00213464
4309.64	-0.00203116
4307.71	-0.00201969
4305.78	-0.00208887
4303.85	-0.00216989
4301.92	-0.00213289
4300	-0.00215868
4298.07	-0.00219161
4296.14	-0.00208178
4294.21	-0.00203374
4292.28	-0.00207822
4290.35	-0.00206569
4288.43	-0.00206704
4286.5	-0.00201345
4284.57	-0.00194046
4282.64	-0.00198921
4280.71	-0.00206817
4278.79	-0.0020622
4276.86	-0.00204775
4274.93	-0.00203456
4273	-0.00195072
4271.07	-0.00188125
4269.15	-0.00197566
4267.22	-0.00194254
4265.29	-0.00185505
4263.36	-0.0019463
4261.43	-0.00195306
4259.51	-0.00198928
4257.58	-0.00203215
4255.65	-0.00202437
4253.72	-0.00201467
4251.79	-0.00201009
4249.87	-0.00192542
4247.94	-0.00190084
4246.01	-0.00197975
4244.08	-0.00187821
4242.15	-0.00190289
4240.23	-0.00200155
4238.3	-0.00198166
4236.37	-0.0020001
4234.44	-0.00198248
4232.51	-0.00187283
4230.59	-0.00183994
4228.66	-0.00178253
4226.73	-0.00178391
4224.8	-0.00188398
4222.87	-0.00200412
4220.95	-0.00199723
4219.02	-0.00184265
4217.09	-0.00185238
4215.16	-0.00189134
4213.23	-0.00192489
4211.31	-0.00190817
4209.38	-0.00184476
4207.45	-0.00193607
4205.52	-0.00199264
4203.59	-0.00197635
4201.67	-0.0019308
4199.74	-0.00188428
4197.81	-0.0018305
4195.88	-0.00184687
4193.95	-0.00189286
4192.03	-0.00190892
4190.1	-0.00196098
4188.17	-0.00195804
4186.24	-0.00201814
4184.31	-0.00200676
4182.39	-0.0019718
4180.46	-0.00191038
4178.53	-0.00185855
4176.6	-0.00185964
4174.67	-0.00188712
4172.75	-0.001876
4170.82	-0.00179906
4168.89	-0.00184294
4166.96	-0.00199874
4165.03	-0.00204854
4163.1	-0.00197536
4161.18	-0.00195672
4159.25	-0.00196975
4157.32	-0.0018795
4155.39	-0.00184007
4153.46	-0.00183819
4151.54	-0.00186676
4149.61	-0.00194821
4147.68	-0.0019717
4145.75	-0.00197279
4143.82	-0.00188474
4141.9	-0.00194904
4139.97	-0.00209722
4138.04	-0.00207605
4136.11	-0.00193043
4134.18	-0.00184367
4132.26	-0.0017656
4130.33	-0.00175969
4128.4	-0.00180645
4126.47	-0.00186327
4124.54	-0.00197579
4122.62	-0.00198608
4120.69	-0.00187801
4118.76	-0.00187943
4116.83	-0.00195293
4114.9	-0.0019586
4112.98	-0.00188712
4111.05	-0.00183935
4109.12	-0.00185541
4107.19	-0.00190332
4105.26	-0.00190688
4103.34	-0.00187438
4101.41	-0.00192384
4099.48	-0.00192687
4097.55	-0.00187495
4095.62	-0.00181932
4093.7	-0.00187821
4091.77	-0.001987
4089.84	-0.00191038
4087.91	-0.00184621
4085.98	-0.00193475
4084.06	-0.0019047
4082.13	-0.00182862
4080.2	-0.00183087
4078.27	-0.00187155
4076.34	-0.00183888
4074.42	-0.00187
4072.49	-0.00193964
4070.56	-0.00192176
4068.63	-0.00186106
4066.7	-0.00184241
4064.78	-0.00193409
4062.85	-0.0018924
4060.92	-0.00189474
4058.99	-0.00195491
4057.06	-0.00188956
4055.14	-0.00182945
4053.21	-0.00184631
4051.28	-0.00182971
4049.35	-0.00185
4047.42	-0.00180985
4045.5	-0.00166547
4043.57	-0.00159423
4041.64	-0.00167728
4039.71	-0.00177477
4037.78	-0.0018697
4035.85	-0.00190078
4033.93	-0.00183846
4032	-0.0017222
4030.07	-0.00178137
4028.14	-0.00190665
4026.21	-0.00191737
4024.29	-0.00189279
4022.36	-0.00187023
4020.43	-0.00178329
4018.5	-0.00164602
4016.57	-0.0016683
4014.65	-0.00171207
4012.72	-0.0017619
4010.79	-0.00181371
4008.86	-0.00175972
4006.93	-0.00172596
4005.01	-0.00170316
4003.08	-0.00174926
4001.15	-0.00174177
3999.22	-0.00161166
3997.29	-0.00171867
3995.37	-0.00179576
3993.44	-0.00174933
3991.51	-0.00176055
3989.58	-0.00180939
3987.65	-0.00170105
3985.73	-0.00167547
3983.8	-0.00169015
3981.87	-0.00165408
3979.94	-0.00172752
3978.01	-0.00186363
3976.09	-0.00179665
3974.16	-0.00173751
3972.23	-0.00181684
3970.3	-0.00178457
3968.37	-0.00169791
3966.45	-0.00180071
3964.52	-0.00188415
3962.59	-0.00181909
3960.66	-0.00180236
3958.73	-0.0018181
3956.81	-0.0017851
3954.88	-0.00169867
3952.95	-0.0016586
3951.02	-0.00170712
3949.09	-0.00174342
3947.17	-0.00172148
3945.24	-0.0017127
3943.31	-0.00168649
3941.38	-0.00173709
3939.45	-0.00181767
3937.53	-0.00186511
3935.6	-0.00176814
3933.67	-0.00175807
3931.74	-0.00181269
3929.81	-0.00187732
3927.88	-0.00187109
3925.96	-0.00181414
3924.03	-0.00179196
3922.1	-0.00178979
3920.17	-0.00176273
3918.24	-0.00176144
3916.32	-0.00174147
3914.39	-0.00174029
3912.46	-0.00174029
3910.53	-0.00170042
3908.6	-0.00174788
3906.68	-0.00175375
3904.75	-0.00183103
3902.82	-0.00188837
3900.89	-0.00180058
3898.96	-0.00167692
3897.04	-0.0016556
3895.11	-0.0016784
3893.18	-0.00175616
3891.25	-0.001831
3889.32	-0.00188402
3887.4	-0.00191417
3885.47	-0.00189827
3883.54	-0.00187696
3881.61	-0.00188755
3879.68	-0.00186564
3877.76	-0.00189662
3875.83	-0.00185881
3873.9	-0.00190295
3871.97	-0.00184855
3870.04	-0.00179144
3868.12	-0.00180246
3866.19	-0.00175019
3864.26	-0.00176405
3862.33	-0.0018377
3860.4	-0.00187805
3858.48	-0.00189748
3856.55	-0.00189702
3854.62	-0.00182562
3852.69	-0.00172075
3850.76	-0.00179599
3848.84	-0.00181345
3846.91	-0.0017292
3844.98	-0.00169718
3843.05	-0.00178942
3841.12	-0.00193786
3839.2	-0.00190794
3837.27	-0.00171847
3835.34	-0.00159136
3833.41	-0.00162226
3831.48	-0.00172039
3829.56	-0.00172893
3827.63	-0.00170606
3825.7	-0.00168098
3823.77	-0.00168362
3821.84	-0.00168527
3819.92	-0.00172161
3817.99	-0.00173204
3816.06	-0.00164418
3814.13	-0.00155141
3812.2	-0.00156531
3810.27	-0.00154735
3808.35	-0.00152553
3806.42	-0.00153877
3804.49	-0.0015942
3802.56	-0.00160275
3800.64	-0.00156864
3798.71	-0.00152691
3796.78	-0.00150753
3794.85	-0.00153645
3792.92	-0.00150185
3790.99	-0.00141685
3789.07	-0.00139208
3787.14	-0.0013573
3785.21	-0.00134822
3783.28	-0.00133768
3781.35	-0.00129784
3779.43	-0.00128152
3777.5	-0.00129203
3775.57	-0.00133305
3773.64	-0.00129959
3771.71	-0.0012983
3769.79	-0.00124994
3767.86	-0.00110335
3765.93	-0.00100333
3764	-0.00100141
3762.07	-0.00102822
3760.15	-0.00107949
3758.22	-0.00112834
3756.29	-0.00109526
3754.36	-0.00101675
3752.43	-0.000913538
3750.51	-0.000904081
3748.58	-0.000895418
3746.65	-0.000983728
3744.72	-0.000902627
3742.79	-0.000748383
3740.87	-0.000669818
3738.94	-0.000744116
3737.01	-0.000692711
3735.08	-0.000510263
3733.15	-0.000413879
3731.23	-0.00024807
3729.3	-0.000217139
3727.37	-0.00027476
3725.44	-0.000275853
3723.51	-0.000196738
3721.59	-2.30938e-05
3719.66	7.69772e-05
3717.73	0.000120194
3715.8	0.000191855
3713.87	0.000284847
3711.95	0.000430658
3710.02	0.000497362
3708.09	0.000508375
3706.16	0.000661561
3704.23	0.000798535
3702.31	0.0008724
3700.38	0.000944319
3698.45	0.00106351
3696.52	0.00125311
3694.59	0.00150746
3692.67	0.00163476
3690.74	0.00173252
3688.81	0.00179856
3686.88	0.00189123
3684.95	0.00193679
3683.02	0.00208362
3681.1	0.00233076
3679.17	0.00242738
3677.24	0.00243994
3675.31	0.00254335
3673.38	0.00281476
3671.46	0.00319688
3669.53	0.00343076
3667.6	0.00351416
3665.67	0.0037154
3663.74	0.00394384
3661.82	0.00422556
3659.89	0.00447436
3657.96	0.0047024
3656.03	0.0048164
3654.1	0.00506423
3652.18	0.0053761
3650.25	0.00563308
3648.32	0.00594308
3646.39	0.00632661
3644.46	0.006644
3642.54	0.00694294
3640.61	0.00730074
3638.68	0.00767763
3636.75	0.00806442
3634.82	0.00845504
3632.9	0.00887327
3630.97	0.00929349
3629.04	0.00964602
3627.11	0.0101622
3625.18	0.0107316
3623.26	0.0112201
3621.33	0.0118018
3619.4	0.012376
3617.47	0.0130292
3615.54	0.0137041
3613.62	0.0141432
3611.69	0.0146724
3609.76	0.0153353
3607.83	0.0160669
3605.9	0.0168167
3603.98	0.0176488
3602.05	0.0185094
3600.12	0.0192435
3598.19	0.0201235
3596.26	0.0211183
3594.34	0.0220613
3592.41	0.023102
3590.48	0.0241551
3588.55	0.0252732
3586.62	0.0263607
3584.7	0.0275649
3582.77	0.0290318
3580.84	0.0304694
3578.91	0.0317438
3576.98	0.03315
3575.05	0.0347276
3573.13	0.0362716
3571.2	0.0377836
3569.27	0.0394009
3567.34	0.0411647
3565.42	0.0429551
3563.49	0.0448541
3561.56	0.0469431
3559.63	0.0490767
3557.7	0.0511594
3555.77	0.0533421
3553.85	0.0557369
3551.92	0.0582065
3549.99	0.06069
3548.06	0.0632825
3546.13	0.0659197
3544.21	0.0688141
3542.28	0.0719109
3540.35	0.0748191
3538.42	0.0779787
3536.49	0.0813981
3534.57	0.0848914
3532.64	0.0885176
3530.71	0.0923364
3528.78	0.0962954
3526.85	0.100466
3524.93	0.104728
3523	0.109004
3521.07	0.113627
3519.14	0.118485
3517.21	0.123663
3515.29	0.12891
3513.36	0.134264
3511.43	0.140115
3509.5	0.146231
3507.57	0.152432
3505.65	0.158863
3503.72	0.16564
3501.79	0.17272
3499.86	0.180157
3497.93	0.187965
3496.01	0.195997
3494.08	0.204308
3492.15	0.212947
3490.22	0.22175
3488.29	0.230907
3486.37	0.240464
3484.44	0.250469
3482.51	0.260615
3480.58	0.270754
3478.65	0.281279
3476.73	0.292202
3474.8	0.303266
3472.87	0.314617
3470.94	0.326115
3469.01	0.337686
3467.09	0.34938
3465.16	0.361059
3463.23	0.372807
3461.3	0.384588
3459.37	0.395967
3457.44	0.407187
3455.52	0.417933
3453.59	0.428306
3451.66	0.438044
3449.73	0.446641
3447.81	0.454545
3445.88	0.461844
3443.95	0.468282
3442.02	0.473457
3440.09	0.477598
3438.16	0.480824
3436.24	0.482663
3434.31	0.483721
3432.38	0.484179
3430.45	0.483632
3428.52	0.481968
3426.6	0.479758
3424.67	0.476913
3422.74	0.473794
3420.81	0.470189
3418.88	0.46573
3416.96	0.461148
3415.03	0.456328
3413.1	0.451468
3411.17	0.446834
3409.24	0.442378
3407.32	0.438293
3405.39	0.435053
3403.46	0.431749
3401.53	0.428742
3399.6	0.425898
3397.68	0.422911
3395.75	0.420197
3393.82	0.41792
3391.89	0.415478
3389.96	0.413043
3388.04	0.410852
3386.11	0.408779
3384.18	0.406704
3382.25	0.405192
3380.32	0.403812
3378.4	0.402187
3376.47	0.40074
3374.54	0.399577
3372.61	0.398311
3370.68	0.397319
3368.76	0.396214
3366.83	0.394822
3364.9	0.393663
3362.97	0.392774
3361.04	0.391935
3359.12	0.39105
3357.19	0.390137
3355.26	0.389224
3353.33	0.388488
3351.4	0.38782
3349.48	0.386975
3347.55	0.386261
3345.62	0.385675
3343.69	0.384907
3341.76	0.384138
3339.83	0.383257
3337.91	0.382551
3335.98	0.381808
3334.05	0.380994
3332.12	0.380162
3330.19	0.379348
3328.27	0.378351
3326.34	0.377269
3324.41	0.376408
3322.48	0.375298
3320.55	0.374199
3318.63	0.37302
3316.7	0.371881
3314.77	0.370361
3312.84	0.368636
3310.91	0.367236
3308.99	0.366116
3307.06	0.364942
3305.13	0.363429
3303.2	0.361748
3301.27	0.360078
3299.35	0.358359
3297.42	0.356934
3295.49	0.355357
3293.56	0.353636
3291.63	0.352274
3289.71	0.350903
3287.78	0.349462
3285.85	0.34814
3283.92	0.346902
3281.99	0.345582
3280.07	0.343913
3278.14	0.342243
3276.21	0.341023
3274.28	0.3397
3272.35	0.338426
3270.43	0.337436
3268.5	0.336072
3266.57	0.334827
3264.64	0.333744
3262.71	0.332625
3260.79	0.331864
3258.86	0.331024
3256.93	0.330216
3255	0.329347
3253.07	0.328951
3251.15	0.328881
3249.22	0.329001
3247.29	0.329483
3245.36	0.330234
3243.43	0.331367
3241.51	0.332964
3239.58	0.335222
3237.65	0.33764
3235.72	0.340866
3233.79	0.344948
3231.87	0.349673
3229.94	0.355281
3228.01	0.3611
3226.08	0.367546
3224.15	0.375191
3222.22	0.383222
3220.3	0.391659
3218.37	0.40026
3216.44	0.408262
3214.51	0.415981
3212.58	0.423716
3210.66	0.430625
3208.73	0.436763
3206.8	0.442435
3204.87	0.447038
3202.94	0.450909
3201.02	0.45453
3199.09	0.457663
3197.16	0.459934
3195.23	0.461674
3193.3	0.463161
3191.38	0.46433
3189.45	0.465345
3187.52	0.466253
3185.59	0.466831
3183.66	0.467377
3181.74	0.468083
3179.81	0.468224
3177.88	0.468245
3175.95	0.46831
3174.02	0.468659
3172.1	0.468787
3170.17	0.468725
3168.24	0.469028
3166.31	0.469363
3164.38	0.469496
3162.46	0.469735
3160.53	0.470429
3158.6	0.471389
3156.67	0.472513
3154.74	0.473779
3152.82	0.475311
3150.89	0.476703
3148.96	0.478429
3147.03	0.480821
3145.1	0.482854
3143.18	0.48465
3141.25	0.48675
3139.32	0.488964
3137.39	0.49105
3135.46	0.493025
3133.54	0.495089
3131.61	0.49709
3129.68	0.499185
3127.75	0.501078
3125.82	0.502198
3123.9	0.503163
3121.97	0.503744
3120.04	0.503526
3118.11	0.502482
3116.18	0.501039
3114.26	0.498996
3112.33	0.496176
3110.4	0.492708
3108.47	0.488279
3106.54	0.483161
3104.61	0.477553
3102.69	0.471031
3100.76	0.463653
3098.83	0.455236
3096.9	0.446824
3094.98	0.437979
3093.05	0.428393
3091.12	0.418373
3089.19	0.408451
3087.26	0.398227
3085.33	0.387398
3083.41	0.376776
3081.48	0.366508
3079.55	0.356039
3077.62	0.34524
3075.69	0.334746
3073.77	0.324326
3071.84	0.313947
3069.91	0.30375
3067.98	0.293616
3066.05	0.283797
3064.13	0.273831
3062.2	0.263987
3060.27	0.254562
3058.34	0.24537
3056.41	0.236217
3054.49	0.227324
3052.56	0.218518
3050.63	0.210164
3048.7	0.202029
3046.77	0.194102
3044.85	0.186444
3042.92	0.179278
3040.99	0.172529
3039.06	0.165795
3037.13	0.159405
3035.21	0.153333
3033.28	0.14774
3031.35	0.142377
3029.42	0.13727
3027.49	0.13274
3025.57	0.128308
3023.64	0.123783
3021.71	0.119762
3019.78	0.116042
3017.85	0.112607
3015.93	0.109292
3014	0.105987
3012.07	0.103007
3010.14	0.100316
3008.21	0.097952
3006.29	0.0953385
3004.36	0.0928852
3002.43	0.090999
3000.5	0.0890871
2998.57	0.0870334
2996.65	0.0851609
2994.72	0.0834477
2992.79	0.0818361
2990.86	0.0803064
2988.93	0.0787199
2987	0.0774323
2985.08	0.076271
2983.15	0.0750622
2981.22	0.0737948
2979.29	0.0726407
2977.36	0.0716605
2975.44	0.0706071
2973.51	0.0696752
2971.58	0.0687011
2969.65	0.0678092
2967.72	0.0670983
2965.8	0.0662261
2963.87	0.0653849
2961.94	0.0646165
2960.01	0.0637552
2958.08	0.0628617
2956.16	0.0621953
2954.23	0.0615163
2952.3	0.0607594
2950.37	0.0601898
2948.44	0.0595915
2946.52	0.0589537
2944.59	0.0584786
2942.66	0.057882
2940.73	0.0571635
2938.8	0.0566098
2936.88	0.0562299
2934.95	0.055836
2933.02	0.0553468
2931.09	0.0548497
2929.16	0.0544233
2927.24	0.0539697
2925.31	0.0535319
2923.38	0.0531821
2921.45	0.0528277
2919.52	0.0522934
2917.6	0.0517596
2915.67	0.0515201
2913.74	0.0512546
2911.81	0.050813
2909.88	0.0503548
2907.96	0.049815
2906.03	0.0493624
2904.1	0.0490409
2902.17	0.0487238
2900.24	0.0484246
2898.32	0.0480149
2896.39	0.0475738
2894.46	0.0472049
2892.53	0.0467106
2890.6	0.0463061
2888.68	0.0459621
2886.75	0.0456527
2884.82	0.0451981
2882.89	0.0447251
2880.96	0.0443443
2879.04	0.0440293
2877.11	0.0436864
2875.18	0.0432191
2873.25	0.0427517
2871.32	0.0423955
2869.39	0.0421555
2867.47	0.0416086
2865.54	0.0412432
2863.61	0.040925
2861.68	0.0405511
2859.75	0.0400168
2857.83	0.0393942
2855.9	0.0390496
2853.97	0.0387832
2852.04	0.0383533
2850.11	0.0379874
2848.19	0.0374861
2846.26	0.0370809
2844.33	0.0369671
2842.4	0.0366962
2840.47	0.0363342
2838.55	0.0360065
2836.62	0.0355796
2834.69	0.0351072
2832.76	0.0345635
2830.83	0.0341322
2828.91	0.0337639
2826.98	0.0334781
2825.05	0.0330709
2823.12	0.0325759
2821.19	0.0322879
2819.27	0.0319134
2817.34	0.031452
2815.41	0.0311556
2813.48	0.0308177
2811.55	0.0303208
2809.63	0.0299844
2807.7	0.0296701
2805.77	0.0292012
2803.84	0.0287014
2801.91	0.0284117
2799.99	0.0279725
2798.06	0.0275459
2796.13	0.0270631
2794.2	0.0266953
2792.27	0.026359
2790.35	0.0259839
2788.42	0.0255053
2786.49	0.025184
2784.56	0.0250276
2782.63	0.0247356
2780.71	0.024365
2778.78	0.023909
2776.85	0.023585
2774.92	0.0235284
2772.99	0.0232158
2771.06	0.0227145
2769.14	0.0221595
2767.21	0.0218712
2765.28	0.0217421
2763.35	0.0215581
2761.43	0.0213107
2759.5	0.0208591
2757.57	0.0205372
2755.64	0.0203213
2753.71	0.0202106
2751.78	0.0199585
2749.86	0.0195304
2747.93	0.0193002
2746	0.0189596
2744.07	0.0186262
2742.15	0.0182123
2740.22	0.0180342
2738.29	0.0179244
2736.36	0.0176058
2734.43	0.0172244
2732.5	0.0169679
2730.58	0.0168174
2728.65	0.0166276
2726.72	0.0166037
2724.79	0.016442
2722.86	0.0162258
2720.94	0.0159336
2719.01	0.0157649
2717.08	0.0157338
2715.15	0.0154998
2713.22	0.0152255
2711.3	0.0149978
2709.37	0.0148948
2707.44	0.0146368
2705.51	0.0144252
2703.58	0.0143731
2701.66	0.0144064
2699.73	0.0144644
2697.8	0.0143147
2695.87	0.0140171
2693.94	0.0138144
2692.02	0.013595
2690.09	0.0135747
2688.16	0.0135352
2686.23	0.0134184
2684.3	0.0132759
2682.38	0.0131762
2680.45	0.0131509
2678.52	0.0129349
2676.59	0.0127085
2674.66	0.012702
2672.74	0.0125559
2670.81	0.0125601
2668.88	0.0129431
2666.95	0.0129449
2665.02	0.0126789
2663.1	0.0128351
2661.17	0.0128711
2659.24	0.012609
2657.31	0.0122743
2655.38	0.01229
2653.46	0.0124118
2651.53	0.0124589
2649.6	0.0123766
2647.67	0.01214
2645.74	0.0121318
2643.81	0.0124708
2641.89	0.0124822
2639.96	0.0120994
2638.03	0.0122465
2636.1	0.0124871
2634.17	0.0122282
2632.25	0.0121789
2630.32	0.0123449
2628.39	0.0123039
2626.46	0.0122512
2624.53	0.0123566
2622.61	0.0125117
2620.68	0.012538
2618.75	0.0125471
2616.82	0.0127001
2614.89	0.0126729
2612.97	0.0125599
2611.04	0.0126333
2609.11	0.0126457
2607.18	0.0126857
2605.25	0.0125947
2603.33	0.0126305
2601.4	0.0127888
2599.47	0.0129103
2597.54	0.0129405
2595.61	0.0128689
2593.69	0.0129554
2591.76	0.0130459
2589.83	0.0131641
2587.9	0.0130504
2585.97	0.012929
2584.05	0.0128104
2582.12	0.0128966
2580.19	0.0129334
2578.26	0.0129603
2576.33	0.013192
2574.41	0.0132017
2572.48	0.0132163
2570.55	0.0133407
2568.62	0.0133741
2566.69	0.0132324
2564.77	0.0134455
2562.84	0.0136421
2560.91	0.0137434
2558.98	0.014163
2557.05	0.0143547
2555.13	0.014301
2553.2	0.0139201
2551.27	0.0137843
2549.34	0.0138655
2547.41	0.014079
2545.49	0.014166
2543.56	0.0142024
2541.63	0.0143423
2539.7	0.0145328
2537.77	0.01456
2535.85	0.0145494
2533.92	0.014528
2531.99	0.0147276
2530.06	0.0148316
2528.13	0.0148592
2526.21	0.014816
2524.28	0.0150187
2522.35	0.0153054
2520.42	0.0154664
2518.49	0.0152284
2516.56	0.0151364
2514.64	0.0151924
2512.71	0.015396
2510.78	0.0154782
2508.85	0.0157495
2506.92	0.0161625
2505	0.0161851
2503.07	0.015777
2501.14	0.0156506
2499.21	0.0157868
2497.28	0.0162716
2495.36	0.0164785
2493.43	0.0164321
2491.5	0.0167172
2489.57	0.0169934
2487.64	0.0167376
2485.72	0.0164844
2483.79	0.016537
2481.86	0.0167949
2479.93	0.0170599
2478	0.0172147
2476.08	0.0174345
2474.15	0.0176454
2472.22	0.0179371
2470.29	0.0178252
2468.36	0.0174155
2466.44	0.017656
2464.51	0.0178872
2462.58	0.017933
2460.65	0.0180241
2458.72	0.0182299
2456.8	0.0181886
2454.87	0.0186212
2452.94	0.0187769
2451.01	0.0186256
2449.08	0.0184914
2447.16	0.0184739
2445.23	0.0185449
2443.3	0.0189766
2441.37	0.0193657
2439.44	0.0192843
2437.52	0.0190903
2435.59	0.0196007
2433.66	0.0200943
2431.73	0.0200855
2429.8	0.020012
2427.88	0.0202463
2425.95	0.0205615
2424.02	0.0207309
2422.09	0.0209438
2420.16	0.0210106
2418.24	0.0208802
2416.31	0.0209568
2414.38	0.0215046
2412.45	0.0216602
2410.52	0.0213955
2408.6	0.0213814
2406.67	0.0214874
2404.74	0.0216189
2402.81	0.021934
2400.88	0.0224019
2398.95	0.0222749
2397.03	0.022099
2395.1	0.0219377
2393.17	0.0218815
2391.24	0.0221255
2389.31	0.0227026
2387.39	0.0224788
2385.46	0.0220741
2383.53	0.022423
2381.6	0.0230628
2379.67	0.0231068
2377.75	0.0230284
2375.82	0.0233289
2373.89	0.0236448
2371.96	0.0238283
2370.03	0.0241238
2368.11	0.0243689
2366.18	0.0244309
2364.25	0.0240675
2362.32	0.0242061
2360.39	0.0245556
2358.47	0.024959
2356.54	0.0250597
2354.61	0.0253683
2352.68	0.0260761
2350.75	0.0263357
2348.83	0.0264218
2346.9	0.0262107
2344.97	0.0264562
2343.04	0.0271448
2341.11	0.0270836
2339.19	0.0264949
2337.26	0.0260581
2335.33	0.0263394
2333.4	0.0270546
2331.47	0.0274157
2329.55	0.0275737
2327.62	0.0276321
2325.69	0.0278966
2323.76	0.0281241
2321.83	0.0279738
2319.91	0.0279327
2317.98	0.0281783
2316.05	0.0287655
2314.12	0.0293738
2312.19	0.0293745
2310.27	0.0293141
2308.34	0.0296811
2306.41	0.030379
2304.48	0.0303119
2302.55	0.0297817
2300.63	0.0296201
2298.7	0.0299247
2296.77	0.0305441
2294.84	0.0312685
2292.91	0.0319173
2290.98	0.0315866
2289.06	0.031659
2287.13	0.0318007
2285.2	0.0321135
2283.27	0.0322028
2281.35	0.0319072
2279.42	0.0321222
2277.49	0.0323618
2275.56	0.0326534
2273.63	0.0326743
2271.7	0.0323548
2269.78	0.0318445
2267.85	0.031555
2265.92	0.0322471
2263.99	0.0327846
2262.06	0.0330523
2260.14	0.0326349
2258.21	0.0322738
2256.28	0.0323913
2254.35	0.0327486
2252.42	0.0328107
2250.5	0.0330034
2248.57	0.0326165
2246.64	0.0325734
2244.71	0.0327456
2242.78	0.032533
2240.86	0.032748
2238.93	0.0325093
2237	0.0321407
2235.07	0.0319085
2233.14	0.0314564
2231.22	0.0311135
2229.29	0.0314419
2227.36	0.0314692
2225.43	0.0314516
2223.5	0.0315824
2221.58	0.0306573
2219.65	0.0300856
2217.72	0.0300643
2215.79	0.0300626
2213.86	0.029289
2211.94	0.0295649
2210.01	0.0297885
2208.08	0.0288895
2206.15	0.0286367
2204.22	0.0290135
2202.3	0.0287522
2200.37	0.0282883
2198.44	0.0278934
2196.51	0.0279219
2194.58	0.0280853
2192.66	0.0277288
2190.73	0.0272784
2188.8	0.0268647
2186.87	0.0265094
2184.94	0.0260837
2183.02	0.0253888
2181.09	0.0247355
2179.16	0.0242017
2177.23	0.0242318
2175.3	0.0241754
2173.38	0.023782
2171.45	0.0239891
2169.52	0.0235885
2167.59	0.023325
2165.66	0.0234348
2163.73	0.0230475
2161.81	0.023001
2159.88	0.0228385
2157.95	0.0224635
2156.02	0.022552
2154.09	0.0232328
2152.17	0.0217077
2150.24	0.0206544
2148.31	0.020083
2146.38	0.0199244
2144.45	0.0206434
2142.53	0.0208893
2140.6	0.0210533
2138.67	0.0206134
2136.74	0.0197754
2134.81	0.0188398
2132.89	0.0183445
2130.96	0.0177409
2129.03	0.0182722
2127.1	0.0190877
2125.17	0.0189904
2123.25	0.0193138
2121.32	0.0192704
2119.39	0.0191504
2117.46	0.0182609
2115.53	0.0176847
2113.61	0.0168508
2111.68	0.0166844
2109.75	0.0169213
2107.82	0.0163593
2105.89	0.0161111
2103.97	0.0162808
2102.04	0.0171892
2100.11	0.016865
2098.18	0.0152175
2096.25	0.0148137
2094.33	0.0150099
2092.4	0.0148133
2090.47	0.014461
2088.54	0.0144253
2086.61	0.014509
2084.69	0.0141328
2082.76	0.0136998
2080.83	0.0143119
2078.9	0.0161317
2076.97	0.0161799
2075.05	0.0143434
2073.12	0.0131646
2071.19	0.0142927
2069.26	0.0142156
2067.33	0.0127255
2065.41	0.011763
2063.48	0.0131059
2061.55	0.0127165
2059.62	0.0107668
2057.69	0.0118031
2055.77	0.0117264
2053.84	0.0124376
2051.91	0.0144653
2049.98	0.0146547
2048.05	0.0138095
2046.12	0.0129384
2044.2	0.0120558
2042.27	0.011761
2040.34	0.0110271
2038.41	0.0116585
2036.48	0.0136467
2034.56	0.0144796
2032.63	0.0118108
2030.7	0.0105514
2028.77	0.0123733
2026.84	0.0129943
2024.92	0.0108191
2022.99	0.00765884
2021.06	0.0092656
2019.13	0.0113847
2017.2	0.0122848
2015.28	0.0115611
2013.35	0.00880828
2011.42	0.0101597
2009.49	0.011203
2007.56	0.00876128
2005.64	0.00785465
2003.71	0.00986876
2001.78	0.00953065
