nAHe0415.spa, Mon Oct 23 01:04:37 2006 (GMT-10:00)
9999.26	-0.0111388
9997.33	-0.0107395
9995.4	-0.0103498
9993.48	-0.010726
9991.55	-0.0112881
9989.62	-0.0111669
9987.69	-0.0104189
9985.76	-0.0107605
9983.84	-0.0110864
9981.91	-0.0100874
9979.98	-0.0100613
9978.05	-0.0100082
9976.12	-0.00956855
9974.2	-0.0105599
9972.27	-0.0115158
9970.34	-0.0100266
9968.41	-0.00921759
9966.48	-0.00944505
9964.56	-0.00962132
9962.63	-0.0102768
9960.7	-0.0106541
9958.77	-0.0103876
9956.84	-0.0102905
9954.92	-0.00959147
9952.99	-0.00978245
9951.06	-0.0105728
9949.13	-0.0102141
9947.2	-0.0102129
9945.28	-0.0109094
9943.35	-0.0110022
9941.42	-0.0100401
9939.49	-0.00979551
9937.56	-0.0100368
9935.64	-0.00962991
9933.71	-0.00985074
9931.78	-0.0102636
9929.85	-0.00999673
9927.92	-0.00942028
9926	-0.0100225
9924.07	-0.0104408
9922.14	-0.0104425
9920.21	-0.0105369
9918.28	-0.0101917
9916.36	-0.0104149
9914.43	-0.0106619
9912.5	-0.0100744
9910.57	-0.0100823
9908.64	-0.010412
9906.71	-0.0103102
9904.79	-0.010171
9902.86	-0.0102472
9900.93	-0.0112194
9899	-0.0107885
9897.08	-0.0101359
9895.15	-0.0100076
9893.22	-0.0100675
9891.29	-0.0102862
9889.36	-0.0102699
9887.43	-0.00972692
9885.51	-0.00966753
9883.58	-0.00955005
9881.65	-0.0100114
9879.72	-0.0107994
9877.79	-0.0106734
9875.87	-0.00972294
9873.94	-0.00975456
9872.01	-0.0103246
9870.08	-0.0102066
9868.15	-0.00989304
9866.23	-0.00986765
9864.3	-0.0103704
9862.37	-0.0102326
9860.44	-0.00970094
9858.51	-0.00953601
9856.59	-0.00993543
9854.66	-0.0101317
9852.73	-0.0102594
9850.8	-0.010323
9848.87	-0.00992526
9846.95	-0.00986415
9845.02	-0.0106333
9843.09	-0.0103952
9841.16	-0.0101012
9839.23	-0.0102177
9837.31	-0.00995224
9835.38	-0.00976285
9833.45	-0.0105594
9831.52	-0.0110661
9829.59	-0.0100563
9827.67	-0.00982664
9825.74	-0.0107246
9823.81	-0.0102689
9821.88	-0.00988779
9819.95	-0.00990408
9818.03	-0.0101358
9816.1	-0.0106166
9814.17	-0.0104874
9812.24	-0.011262
9810.31	-0.0115628
9808.39	-0.0112639
9806.46	-0.0108912
9804.53	-0.01024
9802.6	-0.0102875
9800.67	-0.0099558
9798.75	-0.00973791
9796.82	-0.0100058
9794.89	-0.0102203
9792.96	-0.0100501
9791.03	-0.00956181
9789.11	-0.00939109
9787.18	-0.0092748
9785.25	-0.00917233
9783.32	-0.0092063
9781.39	-0.0102218
9779.46	-0.0110836
9777.54	-0.0105944
9775.61	-0.00981206
9773.68	-0.0099321
9771.75	-0.00995493
9769.83	-0.00984931
9767.9	-0.0093012
9765.97	-0.00932163
9764.04	-0.00986224
9762.11	-0.00955815
9760.18	-0.00953705
9758.26	-0.00985854
9756.33	-0.0102406
9754.4	-0.0098694
9752.47	-0.0100204
9750.54	-0.0110918
9748.62	-0.0109091
9746.69	-0.0100971
9744.76	-0.00941674
9742.83	-0.00939379
9740.9	-0.00953031
9738.98	-0.00911322
9737.05	-0.00891545
9735.12	-0.00948512
9733.19	-0.00971568
9731.26	-0.010104
9729.34	-0.0104771
9727.41	-0.00983707
9725.48	-0.00905313
9723.55	-0.0088789
9721.62	-0.00940903
9719.7	-0.00974079
9717.77	-0.00967806
9715.84	-0.00984186
9713.91	-0.0102655
9711.98	-0.0096686
9710.06	-0.00892827
9708.13	-0.00968428
9706.2	-0.00997507
9704.27	-0.00987082
9702.34	-0.0100264
9700.42	-0.0101686
9698.49	-0.0103614
9696.56	-0.00999547
9694.63	-0.00972222
9692.7	-0.0104362
9690.78	-0.0103859
9688.85	-0.00939489
9686.92	-0.00918242
9684.99	-0.00978793
9683.06	-0.00948898
9681.14	-0.00918586
9679.21	-0.0096975
9677.28	-0.0097126
9675.35	-0.00955319
9673.42	-0.0092856
9671.5	-0.00893113
9669.57	-0.00900506
9667.64	-0.00906834
9665.71	-0.00982
9663.78	-0.00974571
9661.86	-0.00940371
9659.93	-0.00964225
9658	-0.00928252
9656.07	-0.00923903
9654.14	-0.00917953
9652.21	-0.00918686
9650.29	-0.00992876
9648.36	-0.00962819
9646.43	-0.00905085
9644.5	-0.00914641
9642.57	-0.00935387
9640.65	-0.00966021
9638.72	-0.00984348
9636.79	-0.00982123
9634.86	-0.00961587
9632.93	-0.00927912
9631.01	-0.00922488
9629.08	-0.00989051
9627.15	-0.0100414
9625.22	-0.00969122
9623.29	-0.00955867
9621.37	-0.00975637
9619.44	-0.00927928
9617.51	-0.00888675
9615.58	-0.00944171
9613.65	-0.00966056
9611.73	-0.00970544
9609.8	-0.0100609
9607.87	-0.0098783
9605.94	-0.00906484
9604.01	-0.0088724
9602.09	-0.0095223
9600.16	-0.00959076
9598.23	-0.00980124
9596.3	-0.00996196
9594.37	-0.00977361
9592.45	-0.00976175
9590.52	-0.00976201
9588.59	-0.00991986
9586.66	-0.00971066
9584.73	-0.00915559
9582.81	-0.00938416
9580.88	-0.00978741
9578.95	-0.00975825
9577.02	-0.00948541
9575.09	-0.00958019
9573.17	-0.00989346
9571.24	-0.00985171
9569.31	-0.00933363
9567.38	-0.0090858
9565.45	-0.00932283
9563.53	-0.00880432
9561.6	-0.00878172
9559.67	-0.00965538
9557.74	-0.010405
9555.81	-0.00997805
9553.88	-0.00947568
9551.96	-0.00973664
9550.03	-0.00942799
9548.1	-0.00908356
9546.17	-0.00906179
9544.25	-0.00910348
9542.32	-0.00907834
9540.39	-0.00895764
9538.46	-0.00883598
9536.53	-0.00889837
9534.6	-0.00945046
9532.68	-0.0100128
9530.75	-0.0104357
9528.82	-0.0105289
9526.89	-0.0107817
9524.96	-0.0108637
9523.04	-0.00995062
9521.11	-0.00971037
9519.18	-0.00936013
9517.25	-0.00873743
9515.32	-0.00946972
9513.4	-0.0098406
9511.47	-0.0099603
9509.54	-0.00980924
9507.61	-0.00901383
9505.68	-0.00957769
9503.76	-0.00992795
9501.83	-0.00952337
9499.9	-0.00960712
9497.97	-0.00940436
9496.04	-0.00952826
9494.12	-0.00932867
9492.19	-0.00922479
9490.26	-0.00927603
9488.33	-0.00900977
9486.4	-0.00921136
9484.48	-0.00911753
9482.55	-0.0086943
9480.62	-0.00936477
9478.69	-0.00980108
9476.76	-0.0101578
9474.84	-0.00961727
9472.91	-0.00875763
9470.98	-0.00853936
9469.05	-0.00888578
9467.12	-0.00917927
9465.2	-0.00931768
9463.27	-0.00938837
9461.34	-0.00937404
9459.41	-0.00937553
9457.48	-0.0092436
9455.56	-0.00910501
9453.63	-0.00905381
9451.7	-0.00913145
9449.77	-0.00901428
9447.84	-0.00905598
9445.92	-0.00960855
9443.99	-0.00976425
9442.06	-0.00990823
9440.13	-0.0100788
9438.2	-0.00987072
9436.28	-0.00977247
9434.35	-0.00977643
9432.42	-0.00963127
9430.49	-0.00964906
9428.56	-0.00952139
9426.63	-0.00949925
9424.71	-0.0094325
9422.78	-0.00911792
9420.85	-0.00933211
9418.92	-0.00977442
9417	-0.0103807
9415.07	-0.0107947
9413.14	-0.0104285
9411.21	-0.00979036
9409.28	-0.00939544
9407.35	-0.00886042
9405.43	-0.00903943
9403.5	-0.00886929
9401.57	-0.00866208
9399.64	-0.00894323
9397.71	-0.00887321
9395.79	-0.00885179
9393.86	-0.00931356
9391.93	-0.0088986
9390	-0.00894142
9388.07	-0.00962456
9386.15	-0.00947367
9384.22	-0.00878909
9382.29	-0.0092412
9380.36	-0.00999304
9378.43	-0.00964125
9376.51	-0.00938513
9374.58	-0.00959503
9372.65	-0.00984977
9370.72	-0.0101739
9368.79	-0.0100618
9366.87	-0.00957254
9364.94	-0.00956369
9363.01	-0.0098818
9361.08	-0.0100762
9359.15	-0.0100996
9357.23	-0.00946216
9355.3	-0.00900305
9353.37	-0.00909703
9351.44	-0.00934018
9349.51	-0.00929562
9347.59	-0.00915566
9345.66	-0.0087525
9343.73	-0.00912487
9341.8	-0.00967787
9339.87	-0.0097415
9337.95	-0.00963042
9336.02	-0.00905231
9334.09	-0.00841211
9332.16	-0.00872749
9330.23	-0.00938597
9328.31	-0.00995211
9326.38	-0.0100609
9324.45	-0.00985544
9322.52	-0.00921707
9320.59	-0.00912428
9318.67	-0.00902804
9316.74	-0.00895693
9314.81	-0.00901473
9312.88	-0.00884594
9310.95	-0.00892574
9309.03	-0.00888178
9307.1	-0.00971811
9305.17	-0.0101757
9303.24	-0.00957173
9301.31	-0.00945844
9299.38	-0.0101228
9297.46	-0.0106192
9295.53	-0.0102857
9293.6	-0.00957705
9291.67	-0.00943801
9289.74	-0.00902554
9287.82	-0.00898783
9285.89	-0.00933795
9283.96	-0.00918638
9282.03	-0.00904605
9280.1	-0.00888308
9278.18	-0.00902301
9276.25	-0.00895466
9274.32	-0.00878692
9272.39	-0.00912753
9270.46	-0.00900867
9268.54	-0.00896203
9266.61	-0.00885549
9264.68	-0.00877114
9262.75	-0.00910044
9260.82	-0.00917379
9258.9	-0.00914154
9256.97	-0.00923549
9255.04	-0.00927678
9253.11	-0.00951125
9251.18	-0.0094491
9249.26	-0.00906666
9247.33	-0.00913162
9245.4	-0.00948107
9243.47	-0.0096859
9241.54	-0.0095718
9239.62	-0.00937738
9237.69	-0.00943055
9235.76	-0.00958184
9233.83	-0.00972206
9231.9	-0.00960106
9229.98	-0.00945425
9228.05	-0.00912162
9226.12	-0.00946061
9224.19	-0.00964779
9222.26	-0.00937611
9220.34	-0.0092759
9218.41	-0.00913077
9216.48	-0.00890788
9214.55	-0.00862372
9212.62	-0.00857386
9210.7	-0.00895151
9208.77	-0.00909962
9206.84	-0.00918803
9204.91	-0.00940322
9202.98	-0.00959675
9201.05	-0.00901035
9199.13	-0.0085184
9197.2	-0.00862782
9195.27	-0.00889198
9193.34	-0.00908989
9191.42	-0.00950729
9189.49	-0.00899416
9187.56	-0.0085223
9185.63	-0.00901886
9183.7	-0.0096603
9181.77	-0.00960116
9179.85	-0.00927075
9177.92	-0.00903518
9175.99	-0.00917405
9174.06	-0.00946657
9172.13	-0.00937657
9170.21	-0.00927383
9168.28	-0.00941976
9166.35	-0.00984507
9164.42	-0.00942936
9162.49	-0.00868751
9160.57	-0.00912016
9158.64	-0.00952904
9156.71	-0.00860251
9154.78	-0.00829725
9152.85	-0.00884413
9150.93	-0.00917025
9149	-0.00926822
9147.07	-0.00949086
9145.14	-0.00918777
9143.21	-0.00921694
9141.29	-0.00969572
9139.36	-0.00983807
9137.43	-0.00946576
9135.5	-0.00872658
9133.57	-0.00861047
9131.65	-0.00925489
9129.72	-0.00971811
9127.79	-0.00934207
9125.86	-0.00884166
9123.93	-0.00877422
9122.01	-0.00899533
9120.08	-0.00905085
9118.15	-0.00924431
9116.22	-0.00976308
9114.29	-0.00958904
9112.37	-0.00921784
9110.44	-0.00877893
9108.51	-0.00853731
9106.58	-0.00862561
9104.65	-0.00899964
9102.73	-0.00918184
9100.8	-0.00924983
9098.87	-0.00907026
9096.94	-0.00922855
9095.01	-0.00921512
9093.08	-0.00932452
9091.16	-0.00946132
9089.23	-0.00917074
9087.3	-0.00873603
9085.37	-0.00882861
9083.45	-0.00907097
9081.52	-0.00903528
9079.59	-0.0089791
9077.66	-0.00871794
9075.73	-0.00845416
9073.8	-0.00871755
9071.88	-0.00932037
9069.95	-0.00957711
9068.02	-0.00947293
9066.09	-0.00972676
9064.17	-0.00948872
9062.24	-0.0092266
9060.31	-0.00867468
9058.38	-0.00861109
9056.45	-0.00880896
9054.52	-0.00875545
9052.6	-0.00870278
9050.67	-0.0091113
9048.74	-0.00941687
9046.81	-0.00945215
9044.88	-0.0089999
9042.96	-0.00879919
9041.03	-0.00884023
9039.1	-0.00898335
9037.17	-0.0093504
9035.24	-0.00948288
9033.32	-0.00914956
9031.39	-0.0092399
9029.46	-0.00956496
9027.53	-0.00973288
9025.6	-0.00951916
9023.68	-0.00905815
9021.75	-0.00882581
9019.82	-0.00885503
9017.89	-0.00880296
9015.96	-0.00917775
9014.04	-0.00995095
9012.11	-0.0098384
9010.18	-0.0094916
9008.25	-0.00908032
9006.32	-0.00884159
9004.4	-0.00852883
9002.47	-0.00899224
9000.54	-0.00959173
8998.61	-0.00931405
8996.68	-0.00894125
8994.76	-0.00906971
8992.83	-0.00967427
8990.9	-0.00996429
8988.97	-0.00947964
8987.04	-0.00922651
8985.12	-0.00946158
8983.19	-0.00930993
8981.26	-0.00866247
8979.33	-0.00853981
8977.4	-0.00872272
8975.48	-0.00884854
8973.55	-0.00917885
8971.62	-0.00959468
8969.69	-0.00923037
8967.76	-0.0090159
8965.83	-0.00948846
8963.91	-0.00977348
8961.98	-0.00921794
8960.05	-0.00880984
8958.12	-0.00886302
8956.2	-0.00910838
8954.27	-0.00934346
8952.34	-0.00930759
8950.41	-0.0093922
8948.48	-0.00939677
8946.55	-0.00919147
8944.63	-0.00904569
8942.7	-0.00919352
8940.77	-0.00903498
8938.84	-0.00918206
8936.92	-0.0089085
8934.99	-0.00876574
8933.06	-0.00914767
8931.13	-0.00916234
8929.2	-0.00952629
8927.27	-0.00955796
8925.35	-0.00934596
8923.42	-0.00951728
8921.49	-0.00950843
8919.56	-0.00927678
8917.63	-0.00885244
8915.71	-0.00831191
8913.78	-0.00865812
8911.85	-0.00921616
8909.92	-0.00915196
8907.99	-0.00931544
8906.07	-0.00934414
8904.14	-0.00895972
8902.21	-0.00878068
8900.28	-0.00872613
8898.35	-0.00937099
8896.43	-0.0097542
8894.5	-0.0094645
8892.57	-0.00902265
8890.64	-0.00897757
8888.71	-0.0090759
8886.79	-0.00886036
8884.86	-0.00879098
8882.93	-0.00951293
8881	-0.00982107
8879.07	-0.00955183
8877.15	-0.00973493
8875.22	-0.00988044
8873.29	-0.00955841
8871.36	-0.00910942
8869.43	-0.00896907
8867.51	-0.00922407
8865.58	-0.00896242
8863.65	-0.00895609
8861.72	-0.0088636
8859.79	-0.0086424
8857.87	-0.00867365
8855.94	-0.00870054
8854.01	-0.00854092
8852.08	-0.00856544
8850.15	-0.00867092
8848.22	-0.00919945
8846.3	-0.00970748
8844.37	-0.00933869
8842.44	-0.00880857
8840.51	-0.0088912
8838.58	-0.00882913
8836.66	-0.0089939
8834.73	-0.00902995
8832.8	-0.00886218
8830.87	-0.0091189
8828.94	-0.00887289
8827.02	-0.00869365
8825.09	-0.00894031
8823.16	-0.0089998
8821.23	-0.00888389
8819.3	-0.00895145
8817.38	-0.00935886
8815.45	-0.0094871
8813.52	-0.00926264
8811.59	-0.00923903
8809.66	-0.00936895
8807.74	-0.00911682
8805.81	-0.00872009
8803.88	-0.00880091
8801.95	-0.00924626
8800.02	-0.00958388
8798.1	-0.00949526
8796.17	-0.00914235
8794.24	-0.00904517
8792.31	-0.0091189
8790.38	-0.00914712
8788.46	-0.00955857
8786.53	-0.00974743
8784.6	-0.0098267
8782.67	-0.00939272
8780.74	-0.00893281
8778.82	-0.00888909
8776.89	-0.0092304
8774.96	-0.00921064
8773.03	-0.00914596
8771.1	-0.00928544
8769.18	-0.00906851
8767.25	-0.00906377
8765.32	-0.00917908
8763.39	-0.00891311
8761.46	-0.00896631
8759.54	-0.00907159
8757.61	-0.00950142
8755.68	-0.0099741
8753.75	-0.00971934
8751.82	-0.00940076
8749.9	-0.00949802
8747.97	-0.00927373
8746.04	-0.00935202
8744.11	-0.00956716
8742.18	-0.00976139
8740.25	-0.0094218
8738.33	-0.00915251
8736.4	-0.00937696
8734.47	-0.00934356
8732.54	-0.00960003
8730.62	-0.00935481
8728.69	-0.00916935
8726.76	-0.00937595
8724.83	-0.00936107
8722.9	-0.0094264
8720.97	-0.00932274
8719.05	-0.00897397
8717.12	-0.00895203
8715.19	-0.00935491
8713.26	-0.00950755
8711.33	-0.0095257
8709.41	-0.00947351
8707.48	-0.00933046
8705.55	-0.00912188
8703.62	-0.00912143
8701.69	-0.00921171
8699.77	-0.00900334
8697.84	-0.00910387
8695.91	-0.00959967
8693.98	-0.00960181
8692.05	-0.00925768
8690.13	-0.00918531
8688.2	-0.00943928
8686.27	-0.00912234
8684.34	-0.0087864
8682.41	-0.00910297
8680.49	-0.00979101
8678.56	-0.00960129
8676.63	-0.00915332
8674.7	-0.00904436
8672.77	-0.00888263
8670.85	-0.00887864
8668.92	-0.0089792
8666.99	-0.00896014
8665.06	-0.00908593
8663.13	-0.00930568
8661.21	-0.00937423
8659.28	-0.00939019
8657.35	-0.00913772
8655.42	-0.00914385
8653.49	-0.00930234
8651.57	-0.00911384
8649.64	-0.00899929
8647.71	-0.00944476
8645.78	-0.00970152
8643.85	-0.00949744
8641.93	-0.00942521
8640	-0.00950638
8638.07	-0.00945542
8636.14	-0.0090651
8634.21	-0.00888299
8632.29	-0.0089753
8630.36	-0.00896988
8628.43	-0.00882922
8626.5	-0.00867384
8624.57	-0.00894742
8622.65	-0.0091238
8620.72	-0.00911163
8618.79	-0.00920377
8616.86	-0.0094788
8614.93	-0.00952664
8613	-0.0096279
8611.08	-0.00965006
8609.15	-0.0093421
8607.22	-0.0090749
8605.29	-0.0092037
8603.37	-0.00924146
8601.44	-0.00912477
8599.51	-0.0089395
8597.58	-0.00913016
8595.65	-0.00941603
8593.72	-0.00932747
8591.8	-0.009182
8589.87	-0.00907629
8587.94	-0.0090502
8586.01	-0.00908807
8584.08	-0.00895067
8582.16	-0.0090478
8580.23	-0.00917236
8578.3	-0.00908376
8576.37	-0.00904384
8574.44	-0.0093335
8572.52	-0.00930659
8570.59	-0.00907701
8568.66	-0.0093456
8566.73	-0.00975903
8564.8	-0.00956541
8562.88	-0.00923487
8560.95	-0.00905601
8559.02	-0.00874032
8557.09	-0.00874961
8555.16	-0.00885419
8553.24	-0.00922372
8551.31	-0.00956175
8549.38	-0.00971493
8547.45	-0.00940679
8545.52	-0.00895729
8543.6	-0.00884591
8541.67	-0.00901749
8539.74	-0.00942261
8537.81	-0.00967301
8535.88	-0.00932377
8533.96	-0.00894463
8532.03	-0.00895274
8530.1	-0.00900886
8528.17	-0.00900623
8526.24	-0.00918054
8524.32	-0.00934424
8522.39	-0.00916458
8520.46	-0.00925891
8518.53	-0.00934109
8516.6	-0.00947539
8514.68	-0.0095938
8512.75	-0.00924175
8510.82	-0.00894382
8508.89	-0.00899994
8506.96	-0.00937874
8505.04	-0.0095068
8503.11	-0.00908187
8501.18	-0.00878
8499.25	-0.00903992
8497.32	-0.00955501
8495.39	-0.00944469
8493.47	-0.00910251
8491.54	-0.00917856
8489.61	-0.0093338
8487.68	-0.00911899
8485.75	-0.0089186
8483.83	-0.00926922
8481.9	-0.00942336
8479.97	-0.00931012
8478.04	-0.00917035
8476.11	-0.00931784
8474.19	-0.00958855
8472.26	-0.00938377
8470.33	-0.00897848
8468.4	-0.00870992
8466.47	-0.00908067
8464.55	-0.00935319
8462.62	-0.00925434
8460.69	-0.0092965
8458.76	-0.00932371
8456.83	-0.00914008
8454.91	-0.00920523
8452.98	-0.00927675
8451.05	-0.00908645
8449.12	-0.00902489
8447.19	-0.00921499
8445.27	-0.00923147
8443.34	-0.00933526
8441.41	-0.00944683
8439.48	-0.00925901
8437.55	-0.00887649
8435.63	-0.0090184
8433.7	-0.00936
8431.77	-0.00951851
8429.84	-0.00946946
8427.91	-0.00929974
8425.99	-0.00934262
8424.06	-0.00963081
8422.13	-0.00947743
8420.2	-0.00918388
8418.27	-0.00922112
8416.35	-0.00935922
8414.42	-0.00942702
8412.49	-0.00957144
8410.56	-0.00946259
8408.63	-0.00943966
8406.71	-0.00915812
8404.78	-0.00924571
8402.85	-0.00961062
8400.92	-0.00979664
8398.99	-0.009837
8397.07	-0.00942585
8395.14	-0.00919472
8393.21	-0.00940692
8391.28	-0.00963635
8389.35	-0.00951728
8387.43	-0.00928901
8385.5	-0.00921707
8383.57	-0.00927201
8381.64	-0.00960197
8379.71	-0.00963613
8377.79	-0.00931849
8375.86	-0.00934589
8373.93	-0.00939936
8372	-0.00966779
8370.07	-0.00980205
8368.14	-0.00939602
8366.22	-0.00930847
8364.29	-0.00942731
8362.36	-0.00954084
8360.43	-0.00953728
8358.5	-0.0091662
8356.58	-0.00914261
8354.65	-0.00957468
8352.72	-0.00984481
8350.79	-0.00935838
8348.86	-0.00938675
8346.94	-0.00974387
8345.01	-0.00951481
8343.08	-0.00951669
8341.15	-0.00946978
8339.22	-0.00969666
8337.3	-0.00966798
8335.37	-0.00921723
8333.44	-0.00908836
8331.51	-0.00905608
8329.58	-0.00924558
8327.66	-0.00923705
8325.73	-0.00920065
8323.8	-0.00919199
8321.87	-0.00915757
8319.94	-0.00924464
8318.02	-0.00947225
8316.09	-0.00954697
8314.16	-0.00943169
8312.23	-0.00941178
8310.3	-0.00957325
8308.38	-0.00968509
8306.45	-0.00952104
8304.52	-0.00932462
8302.59	-0.00952149
8300.66	-0.00973638
8298.74	-0.00955938
8296.81	-0.00951809
8294.88	-0.0093875
8292.95	-0.0093801
8291.02	-0.00963564
8289.1	-0.00983211
8287.17	-0.00948402
8285.24	-0.00917444
8283.31	-0.00919371
8281.38	-0.0095659
8279.46	-0.0095505
8277.53	-0.00931596
8275.6	-0.00925495
8273.67	-0.00916633
8271.74	-0.00923614
8269.82	-0.00930065
8267.89	-0.00931849
8265.96	-0.00924353
8264.03	-0.00927464
8262.1	-0.00949591
8260.17	-0.00966844
8258.25	-0.00966815
8256.32	-0.00965327
8254.39	-0.00954758
8252.46	-0.00961837
8250.54	-0.00968069
8248.61	-0.00988297
8246.68	-0.0099569
8244.75	-0.00986425
8242.82	-0.00961623
8240.89	-0.00940578
8238.97	-0.0093108
8237.04	-0.00935974
8235.11	-0.00932261
8233.18	-0.00963331
8231.25	-0.00993291
8229.33	-0.00981699
8227.4	-0.00963629
8225.47	-0.00958868
8223.54	-0.00950869
8221.61	-0.00955452
8219.69	-0.00969229
8217.76	-0.00966319
8215.83	-0.00962991
8213.9	-0.00954732
8211.97	-0.00933769
8210.05	-0.00954528
8208.12	-0.00996581
8206.19	-0.0101259
8204.26	-0.00974296
8202.33	-0.00935932
8200.41	-0.00934554
8198.48	-0.00946051
8196.55	-0.00983059
8194.62	-0.0101233
8192.69	-0.00994677
8190.77	-0.00992549
8188.84	-0.00963554
8186.91	-0.00943133
8184.98	-0.00960939
8183.05	-0.00955796
8181.13	-0.00923101
8179.2	-0.0092302
8177.27	-0.00949287
8175.34	-0.00975644
8173.41	-0.00975735
8171.49	-0.00938017
8169.56	-0.00925434
8167.63	-0.0097103
8165.7	-0.00984475
8163.77	-0.00952502
8161.85	-0.00926361
8159.92	-0.0093049
8157.99	-0.00963522
8156.06	-0.0101548
8154.13	-0.010142
8152.21	-0.0100833
8150.28	-0.0101244
8148.35	-0.00973846
8146.42	-0.00963499
8144.49	-0.00974711
8142.56	-0.00972009
8140.64	-0.00987798
8138.71	-0.00971341
8136.78	-0.00965035
8134.85	-0.00974377
8132.92	-0.00955491
8131	-0.00957397
8129.07	-0.00953484
8127.14	-0.00947919
8125.21	-0.0098359
8123.28	-0.00992931
8121.36	-0.00983464
8119.43	-0.00979282
8117.5	-0.00979829
8115.57	-0.00953076
8113.64	-0.00957011
8111.72	-0.00972404
8109.79	-0.00973635
8107.86	-0.00970819
8105.93	-0.00967874
8104	-0.0095844
8102.08	-0.00948392
8100.15	-0.00946009
8098.22	-0.00963574
8096.29	-0.00978229
8094.36	-0.0099401
8092.44	-0.00982359
8090.51	-0.00962028
8088.58	-0.00948181
8086.65	-0.00949718
8084.72	-0.00950648
8082.8	-0.00978773
8080.87	-0.00999142
8078.94	-0.00967177
8077.01	-0.00947737
8075.08	-0.00976033
8073.16	-0.009827
8071.23	-0.00963979
8069.3	-0.00946216
8067.37	-0.00950168
8065.44	-0.00971147
8063.52	-0.00968561
8061.59	-0.00960793
8059.66	-0.00985113
8057.73	-0.0100786
8055.8	-0.0100601
8053.88	-0.00982907
8051.95	-0.00968438
8050.02	-0.00945477
8048.09	-0.0093254
8046.16	-0.00965061
8044.24	-0.00997102
8042.31	-0.00967245
8040.38	-0.00962281
8038.45	-0.00982483
8036.52	-0.00979998
8034.6	-0.0098096
8032.67	-0.00970171
8030.74	-0.00954713
8028.81	-0.00961555
8026.88	-0.00977056
8024.96	-0.00968525
8023.03	-0.0097371
8021.1	-0.00967838
8019.17	-0.00941512
8017.24	-0.00978822
8015.31	-0.00990337
8013.39	-0.00958687
8011.46	-0.00955183
8009.53	-0.00995509
8007.6	-0.00984627
8005.67	-0.00980034
8003.75	-0.00983535
8001.82	-0.00964222
7999.89	-0.00965573
7997.96	-0.00977176
7996.03	-0.00992802
7994.11	-0.00995396
7992.18	-0.00976888
7990.25	-0.00973855
7988.32	-0.00995247
7986.39	-0.00992944
7984.47	-0.00977452
7982.54	-0.00976706
7980.61	-0.0100252
7978.68	-0.0100909
7976.75	-0.00976033
7974.83	-0.00961668
7972.9	-0.00974772
7970.97	-0.0100048
7969.04	-0.0100887
7967.11	-0.0100669
7965.19	-0.0099444
7963.26	-0.0098405
7961.33	-0.00986156
7959.4	-0.00988572
7957.47	-0.00989275
7955.55	-0.00978974
7953.62	-0.00981167
7951.69	-0.009982
7949.76	-0.0098977
7947.83	-0.00961879
7945.91	-0.00960745
7943.98	-0.00971208
7942.05	-0.00962537
7940.12	-0.0096219
7938.19	-0.00956155
7936.27	-0.00962385
7934.34	-0.00973007
7932.41	-0.00982904
7930.48	-0.00990875
7928.55	-0.00981384
7926.63	-0.00993695
7924.7	-0.00991186
7922.77	-0.0096883
7920.84	-0.00975232
7918.91	-0.00983095
7916.99	-0.00971451
7915.06	-0.00949864
7913.13	-0.00942611
7911.2	-0.00982816
7909.27	-0.0100225
7907.35	-0.00998954
7905.42	-0.00999974
7903.49	-0.00999576
7901.56	-0.0101217
7899.63	-0.0102131
7897.71	-0.0100557
7895.78	-0.00994395
7893.85	-0.0101776
7891.92	-0.0101919
7889.99	-0.0100719
7888.06	-0.0100413
7886.14	-0.0100683
7884.21	-0.0099683
7882.28	-0.00973953
7880.35	-0.00976561
7878.42	-0.00999838
7876.5	-0.00992624
7874.57	-0.00974202
7872.64	-0.00971918
7870.71	-0.00968921
7868.78	-0.00982483
7866.86	-0.0099159
7864.93	-0.00976538
7863	-0.00968652
7861.07	-0.0098072
7859.14	-0.00986117
7857.22	-0.00975022
7855.29	-0.00968046
7853.36	-0.00971007
7851.43	-0.00984688
7849.5	-0.0101116
7847.58	-0.0100739
7845.65	-0.00973467
7843.72	-0.00965311
7841.79	-0.00982068
7839.86	-0.00986094
7837.94	-0.0099536
7836.01	-0.00991267
7834.08	-0.00969614
7832.15	-0.00962433
7830.22	-0.0096534
7828.3	-0.00994725
7826.37	-0.00999793
7824.44	-0.00988478
7822.51	-0.00997222
7820.58	-0.0100507
7818.66	-0.00998378
7816.73	-0.00990884
7814.8	-0.00983483
7812.87	-0.00988779
7810.94	-0.00990742
7809.02	-0.00999712
7807.09	-0.0099434
7805.16	-0.00977244
7803.23	-0.00981397
7801.3	-0.0096732
7799.38	-0.00956865
7797.45	-0.00958333
7795.52	-0.00979668
7793.59	-0.0098645
7791.66	-0.00982129
7789.74	-0.00984209
7787.81	-0.00989809
7785.88	-0.00983762
7783.95	-0.00988702
7782.02	-0.00974717
7780.09	-0.00966186
7778.17	-0.00976849
7776.24	-0.00994648
7774.31	-0.00982366
7772.38	-0.00962819
7770.46	-0.00971053
7768.53	-0.00972488
7766.6	-0.00963188
7764.67	-0.00969497
7762.74	-0.009686
7760.81	-0.00975174
7758.89	-0.0101034
7756.96	-0.0101041
7755.03	-0.0099115
7753.1	-0.00986062
7751.17	-0.00987011
7749.25	-0.00989301
7747.32	-0.00981666
7745.39	-0.00998864
7743.46	-0.00997293
7741.53	-0.00973846
7739.61	-0.00966555
7737.68	-0.00990645
7735.75	-0.0101991
7733.82	-0.0102479
7731.89	-0.0102308
7729.97	-0.0102811
7728.04	-0.0103481
7726.11	-0.0102886
7724.18	-0.00996749
7722.25	-0.00963545
7720.33	-0.00956535
7718.4	-0.0094632
7716.47	-0.00967573
7714.54	-0.0098362
7712.61	-0.00975151
7710.69	-0.00979606
7708.76	-0.0100911
7706.83	-0.0101257
7704.9	-0.00986486
7702.97	-0.00964724
7701.05	-0.00978579
7699.12	-0.0100334
7697.19	-0.00998569
7695.26	-0.00997999
7693.33	-0.0101636
7691.41	-0.0100737
7689.48	-0.00981621
7687.55	-0.0097694
7685.62	-0.00990949
7683.69	-0.0100383
7681.77	-0.00992802
7679.84	-0.00982512
7677.91	-0.0100608
7675.98	-0.0101495
7674.05	-0.0100949
7672.12	-0.00994295
7670.2	-0.00974643
7668.27	-0.00979755
7666.34	-0.00985495
7664.41	-0.00988316
7662.48	-0.00981035
7660.56	-0.00982625
7658.63	-0.0100502
7656.7	-0.0101313
7654.77	-0.0100401
7652.84	-0.00976914
7650.92	-0.00970246
7648.99	-0.00982845
7647.06	-0.0100183
7645.13	-0.0100052
7643.2	-0.00991995
7641.28	-0.00995988
7639.35	-0.0101123
7637.42	-0.010145
7635.49	-0.0100168
7633.56	-0.0100569
7631.64	-0.0101256
7629.71	-0.0100534
7627.78	-0.0100754
7625.85	-0.0101169
7623.92	-0.0100767
7622	-0.00992649
7620.07	-0.00992896
7618.14	-0.0101835
7616.21	-0.0101004
7614.28	-0.0099513
7612.36	-0.0100654
7610.43	-0.00993255
7608.5	-0.00998255
7606.57	-0.0100072
7604.64	-0.0100368
7602.72	-0.00990114
7600.79	-0.00994599
7598.86	-0.0100145
7596.93	-0.00976165
7595	-0.00977303
7593.08	-0.010083
7591.15	-0.00998589
7589.22	-0.00989139
7587.29	-0.0100979
7585.36	-0.0100704
7583.44	-0.0101237
7581.51	-0.0101771
7579.58	-0.0101139
7577.65	-0.010101
7575.72	-0.0100286
7573.8	-0.00998009
7571.87	-0.0100055
7569.94	-0.00993984
7568.01	-0.00975508
7566.08	-0.00989492
7564.16	-0.0100671
7562.23	-0.0102114
7560.3	-0.0102516
7558.37	-0.0102355
7556.44	-0.0102552
7554.52	-0.0102274
7552.59	-0.0101247
7550.66	-0.00996484
7548.73	-0.0100884
7546.8	-0.0100156
7544.88	-0.00997452
7542.95	-0.0101764
7541.02	-0.0101934
7539.09	-0.0101055
7537.16	-0.0101143
7535.23	-0.0101792
7533.31	-0.0101154
7531.38	-0.0101191
7529.45	-0.0101091
7527.52	-0.00989356
7525.59	-0.00982285
7523.67	-0.0101936
7521.74	-0.0101915
7519.81	-0.00992426
7517.88	-0.00992335
7515.95	-0.00981329
7514.03	-0.0100636
7512.1	-0.0103767
7510.17	-0.0101359
7508.24	-0.00980834
7506.31	-0.00968185
7504.39	-0.00995441
7502.46	-0.0102108
7500.53	-0.0101356
7498.6	-0.0100227
7496.67	-0.0100827
7494.75	-0.0101482
7492.82	-0.0101425
7490.89	-0.0100514
7488.96	-0.0101327
7487.03	-0.0101326
7485.11	-0.0100205
7483.18	-0.0100207
7481.25	-0.0100266
7479.32	-0.0100578
7477.39	-0.0101063
7475.47	-0.0101389
7473.54	-0.0102296
7471.61	-0.0100103
7469.68	-0.00998019
7467.75	-0.0100701
7465.83	-0.0101569
7463.9	-0.00999142
7461.97	-0.0098635
7460.04	-0.00985858
7458.11	-0.00985715
7456.19	-0.00997105
7454.26	-0.00997445
7452.33	-0.0099273
7450.4	-0.00992021
7448.47	-0.00992866
7446.54	-0.0100673
7444.62	-0.00999722
7442.69	-0.010025
7440.76	-0.0100811
7438.83	-0.00999521
7436.91	-0.0100377
7434.98	-0.0102687
7433.05	-0.0103829
7431.12	-0.0102003
7429.19	-0.010017
7427.26	-0.0102211
7425.34	-0.0102329
7423.41	-0.0101136
7421.48	-0.00996481
7419.55	-0.00984724
7417.62	-0.0100059
7415.7	-0.0101035
7413.77	-0.00999505
7411.84	-0.0100505
7409.91	-0.0100626
7407.98	-0.0100722
7406.06	-0.0102212
7404.13	-0.0102196
7402.2	-0.0100398
7400.27	-0.0098531
7398.34	-0.00990742
7396.42	-0.0100871
7394.49	-0.00999469
7392.56	-0.00998261
7390.63	-0.0101493
7388.7	-0.0102336
7386.78	-0.0101821
7384.85	-0.00999906
7382.92	-0.00995807
7380.99	-0.0100094
7379.06	-0.0100573
7377.14	-0.0102445
7375.21	-0.0102351
7373.28	-0.0100205
7371.35	-0.00995826
7369.42	-0.0100875
7367.5	-0.0100171
7365.57	-0.00994563
7363.64	-0.0100271
7361.71	-0.00999479
7359.78	-0.0100006
7357.86	-0.00994385
7355.93	-0.0100446
7354	-0.0101523
7352.07	-0.0101085
7350.14	-0.0101035
7348.22	-0.0101539
7346.29	-0.0101179
7344.36	-0.0100084
7342.43	-0.00995493
7340.5	-0.00993864
7338.58	-0.0100092
7336.65	-0.010261
7334.72	-0.010405
7332.79	-0.0101017
7330.86	-0.0099059
7328.94	-0.0100737
7327.01	-0.0101495
7325.08	-0.0100885
7323.15	-0.0100468
7321.22	-0.0100756
7319.29	-0.0101101
7317.37	-0.0101037
7315.44	-0.00999893
7313.51	-0.0100027
7311.58	-0.0100928
7309.65	-0.010029
7307.73	-0.0100495
7305.8	-0.0100948
7303.87	-0.0100419
7301.94	-0.00992666
7300.01	-0.00976949
7298.09	-0.00981439
7296.16	-0.0098637
7294.23	-0.00990884
7292.3	-0.010045
7290.37	-0.0100452
7288.45	-0.00998893
7286.52	-0.00991759
7284.59	-0.00996076
7282.66	-0.0100111
7280.73	-0.0100039
7278.81	-0.00996004
7276.88	-0.0100003
7274.95	-0.0100987
7273.02	-0.010093
7271.09	-0.00990599
7269.17	-0.0099389
7267.24	-0.00998478
7265.31	-0.00987685
7263.38	-0.009844
7261.45	-0.00999055
7259.53	-0.00991759
7257.6	-0.00982026
7255.67	-0.0098097
7253.74	-0.00986081
7251.81	-0.0100662
7249.89	-0.010132
7247.96	-0.0100054
7246.03	-0.00999029
7244.1	-0.00993673
7242.17	-0.00996147
7240.25	-0.010026
7238.32	-0.0100099
7236.39	-0.00993504
7234.46	-0.00982959
7232.53	-0.00979784
7230.61	-0.00988125
7228.68	-0.00988961
7226.75	-0.00997264
7224.82	-0.00979172
7222.89	-0.0098051
7220.97	-0.00994933
7219.04	-0.00990373
7217.11	-0.00999456
7215.18	-0.00996076
7213.25	-0.00993514
7211.33	-0.0100801
7209.4	-0.0101031
7207.47	-0.0100542
7205.54	-0.0101353
7203.61	-0.0101046
7201.69	-0.0099239
7199.76	-0.00985903
7197.83	-0.00999955
7195.9	-0.0101483
7193.97	-0.0100281
7192.04	-0.0097994
7190.12	-0.00962132
7188.19	-0.00980811
7186.26	-0.00990878
7184.33	-0.00983687
7182.4	-0.00987801
7180.48	-0.00991516
7178.55	-0.00999188
7176.62	-0.0100092
7174.69	-0.00987655
7172.76	-0.00984766
7170.84	-0.00986143
7168.91	-0.00987568
7166.98	-0.00986324
7165.05	-0.00984753
7163.12	-0.00980199
7161.2	-0.00979152
7159.27	-0.00986444
7157.34	-0.0100625
7155.41	-0.0100323
7153.48	-0.00999084
7151.56	-0.00992539
7149.63	-0.0098887
7147.7	-0.00983726
7145.77	-0.00975521
7143.84	-0.00977183
7141.92	-0.00988523
7139.99	-0.00996552
7138.06	-0.00993142
7136.13	-0.0100186
7134.2	-0.010159
7132.28	-0.0102073
7130.35	-0.0100755
7128.42	-0.00996561
7126.49	-0.00998368
7124.56	-0.00987765
7122.64	-0.00991186
7120.71	-0.0101167
7118.78	-0.0100465
7116.85	-0.00997649
7114.92	-0.00998067
7113	-0.00981287
7111.07	-0.00959406
7109.14	-0.00948298
7107.21	-0.00956084
7105.28	-0.00971387
7103.36	-0.00978686
7101.43	-0.00965599
7099.5	-0.00982168
7097.57	-0.00997578
7095.64	-0.00985544
7093.71	-0.00978129
7091.79	-0.00987286
7089.86	-0.00986263
7087.93	-0.0097578
7086	-0.00967239
7084.08	-0.00964135
7082.15	-0.00961114
7080.22	-0.00972521
7078.29	-0.00972537
7076.36	-0.00974824
7074.43	-0.00968163
7072.51	-0.00960703
7070.58	-0.00962884
7068.65	-0.00967757
7066.72	-0.00969689
7064.79	-0.00969193
7062.87	-0.00980332
7060.94	-0.00990165
7059.01	-0.00982311
7057.08	-0.0098267
7055.15	-0.0097935
7053.23	-0.00971506
7051.3	-0.00972478
7049.37	-0.0098645
7047.44	-0.0100282
7045.51	-0.00998032
7043.59	-0.00977192
7041.66	-0.00973214
7039.73	-0.00973152
7037.8	-0.00965509
7035.87	-0.00964131
7033.95	-0.00969355
7032.02	-0.00971983
7030.09	-0.0096721
7028.16	-0.00964387
7026.23	-0.00975168
7024.31	-0.0096325
7022.38	-0.0095574
7020.45	-0.00968065
7018.52	-0.00958878
7016.59	-0.00943853
7014.67	-0.00950927
7012.74	-0.00961711
7010.81	-0.00969569
7008.88	-0.0095882
7006.95	-0.00942822
7005.03	-0.00955138
7003.1	-0.00969459
7001.17	-0.00960012
6999.24	-0.00951368
6997.31	-0.0094869
6995.39	-0.00958667
6993.46	-0.00973765
6991.53	-0.00961241
6989.6	-0.00946781
6987.67	-0.00944326
6985.75	-0.00955056
6983.82	-0.0094787
6981.89	-0.00937274
6979.96	-0.00940102
6978.03	-0.00942368
6976.1	-0.00938792
6974.18	-0.0093909
6972.25	-0.00930996
6970.32	-0.00934589
6968.39	-0.00942585
6966.46	-0.00933046
6964.54	-0.00924425
6962.61	-0.00922774
6960.68	-0.00936418
6958.75	-0.00944181
6956.82	-0.00944693
6954.9	-0.00954353
6952.97	-0.00944009
6951.04	-0.00933642
6949.11	-0.00926371
6947.18	-0.00927049
6945.26	-0.00934044
6943.33	-0.00938814
6941.4	-0.0093681
6939.47	-0.00916007
6937.54	-0.00904641
6935.62	-0.00907889
6933.69	-0.00908372
6931.76	-0.0091455
6929.83	-0.00925975
6927.9	-0.00931288
6925.98	-0.00927081
6924.05	-0.00921651
6922.12	-0.00912441
6920.19	-0.00909586
6918.26	-0.00916487
6916.34	-0.00922281
6914.41	-0.00928067
6912.48	-0.00916808
6910.55	-0.00902499
6908.62	-0.00901795
6906.7	-0.0090516
6904.77	-0.00910683
6902.84	-0.00904381
6900.91	-0.00916841
6898.98	-0.00921233
6897.06	-0.00895394
6895.13	-0.00898809
6893.2	-0.00913963
6891.27	-0.00897348
6889.34	-0.00890659
6887.42	-0.00889769
6885.49	-0.0088739
6883.56	-0.00895937
6881.63	-0.00915488
6879.7	-0.00926822
6877.78	-0.00919783
6875.85	-0.00893346
6873.92	-0.00889243
6871.99	-0.00898478
6870.06	-0.00900526
6868.14	-0.00902807
6866.21	-0.00896225
6864.28	-0.00896044
6862.35	-0.00888701
6860.42	-0.00886016
6858.5	-0.00898695
6856.57	-0.00902479
6854.64	-0.0089259
6852.71	-0.00880127
6850.78	-0.00879422
6848.85	-0.008688
6846.93	-0.00863584
6845	-0.00866686
6843.07	-0.00853682
6841.14	-0.00858997
6839.21	-0.00878821
6837.29	-0.00882455
6835.36	-0.00871457
6833.43	-0.00846264
6831.5	-0.00841185
6829.57	-0.00850381
6827.65	-0.0085096
6825.72	-0.0085119
6823.79	-0.00849309
6821.86	-0.00845046
6819.93	-0.00835849
6818.01	-0.00843197
6816.08	-0.00865205
6814.15	-0.00855479
6812.22	-0.00837786
6810.29	-0.00833362
6808.37	-0.00837301
6806.44	-0.00840906
6804.51	-0.00843421
6802.58	-0.00850297
6800.65	-0.00850326
6798.73	-0.00826646
6796.8	-0.00817676
6794.87	-0.00821057
6792.94	-0.00817838
6791.01	-0.00818037
6789.09	-0.00813436
6787.16	-0.00809514
6785.23	-0.00812385
6783.3	-0.00817689
6781.37	-0.00811888
6779.45	-0.00805282
6777.52	-0.00803171
6775.59	-0.00810242
6773.66	-0.00801844
6771.73	-0.00798273
6769.81	-0.00806395
6767.88	-0.00802664
6765.95	-0.00798699
6764.02	-0.00801926
6762.09	-0.00781217
6760.17	-0.00763295
6758.24	-0.00776478
6756.31	-0.00777285
6754.38	-0.00759915
6752.45	-0.00752406
6750.53	-0.0074713
6748.6	-0.00747026
6746.67	-0.00755653
6744.74	-0.0076082
6742.81	-0.00763278
6740.88	-0.00759117
6738.96	-0.00753491
6737.03	-0.00754552
6735.1	-0.00749667
6733.17	-0.00738838
6731.25	-0.00736684
6729.32	-0.0074771
6727.39	-0.00746554
6725.46	-0.0073243
6723.53	-0.00733498
6721.6	-0.00740079
6719.68	-0.00735697
6717.75	-0.00726503
6715.82	-0.00720005
6713.89	-0.00714944
6711.96	-0.00715439
6710.04	-0.0071776
6708.11	-0.0072243
6706.18	-0.00713591
6704.25	-0.00706048
6702.32	-0.00704209
6700.4	-0.00699939
6698.47	-0.00695664
6696.54	-0.0068845
6694.61	-0.00690991
6692.68	-0.00695674
6690.76	-0.00698817
6688.83	-0.00696244
6686.9	-0.00694637
6684.97	-0.00690815
6683.04	-0.00684657
6681.12	-0.00685346
6679.19	-0.00684586
6677.26	-0.00677932
6675.33	-0.00671727
6673.4	-0.00676483
6671.48	-0.0068316
6669.55	-0.00686611
6667.62	-0.00686024
6665.69	-0.00681402
6663.76	-0.00676601
6661.84	-0.00679227
6659.91	-0.00680623
6657.98	-0.00679217
6656.05	-0.00689758
6654.12	-0.00699114
6652.2	-0.00693163
6650.27	-0.00676839
6648.34	-0.00678124
6646.41	-0.00685926
6644.48	-0.00674333
6642.56	-0.00664754
6640.63	-0.00670754
6638.7	-0.0068046
6636.77	-0.00671152
6634.84	-0.00656325
6632.92	-0.00657748
6630.99	-0.00652418
6629.06	-0.00653769
6627.13	-0.00665227
6625.2	-0.00670898
6623.27	-0.00667537
6621.35	-0.00662907
6619.42	-0.00660557
6617.49	-0.00660107
6615.56	-0.00664157
6613.63	-0.00670239
6611.71	-0.00682674
6609.78	-0.0069359
6607.85	-0.00690365
6605.92	-0.00687837
6603.99	-0.00674389
6602.07	-0.00659405
6600.14	-0.00662741
6598.21	-0.00677781
6596.28	-0.00681223
6594.35	-0.00671583
6592.43	-0.00671733
6590.5	-0.00673322
6588.57	-0.00674999
6586.64	-0.00670268
6584.71	-0.00667658
6582.79	-0.00671824
6580.86	-0.0066587
6578.93	-0.00662672
6577	-0.00665589
6575.07	-0.0065872
6573.15	-0.0066662
6571.22	-0.00680965
6569.29	-0.00669733
6567.36	-0.00663674
6565.43	-0.00677008
6563.51	-0.00673746
6561.58	-0.00668301
6559.65	-0.0066849
6557.72	-0.0066556
6555.79	-0.00648729
6553.87	-0.00652734
6551.94	-0.00669975
6550.01	-0.00666983
6548.08	-0.00649441
6546.15	-0.00650933
6544.23	-0.00670546
6542.3	-0.00684074
6540.37	-0.00674624
6538.44	-0.00665814
6536.51	-0.00669939
6534.59	-0.00670966
6532.66	-0.00677579
6530.73	-0.00686686
6528.8	-0.00693062
6526.87	-0.00676607
6524.95	-0.00661132
6523.02	-0.0066276
6521.09	-0.00664483
6519.16	-0.00674333
6517.23	-0.00683248
6515.31	-0.00682691
6513.38	-0.0067678
6511.45	-0.00677217
6509.52	-0.00682753
6507.59	-0.00685822
6505.67	-0.00698569
6503.74	-0.00692801
6501.81	-0.00679827
6499.88	-0.00670402
6497.95	-0.00678303
6496.02	-0.00687319
6494.1	-0.00691911
6492.17	-0.0068574
6490.24	-0.00678375
6488.31	-0.0068058
6486.38	-0.00688705
6484.46	-0.00697509
6482.53	-0.00698227
6480.6	-0.00693688
6478.67	-0.006871
6476.74	-0.00685072
6474.82	-0.00689168
6472.89	-0.00687104
6470.96	-0.00694708
6469.03	-0.00692211
6467.1	-0.00682837
6465.18	-0.00690701
6463.25	-0.00697327
6461.32	-0.00692674
6459.39	-0.00690397
6457.46	-0.0067449
6455.54	-0.00675749
6453.61	-0.00694676
6451.68	-0.00701728
6449.75	-0.00705852
6447.82	-0.00708079
6445.9	-0.00706918
6443.97	-0.00704447
6442.04	-0.00690945
6440.11	-0.00691822
6438.18	-0.00694963
6436.26	-0.00685205
6434.33	-0.00685424
6432.4	-0.00695093
6430.47	-0.00689331
6428.54	-0.00681908
6426.62	-0.00679129
6424.69	-0.00685336
6422.76	-0.00699084
6420.83	-0.00704412
6418.9	-0.00689083
6416.98	-0.00685088
6415.05	-0.00698308
6413.12	-0.00701233
6411.19	-0.00698279
6409.26	-0.00696316
6407.34	-0.00687942
6405.41	-0.00699149
6403.48	-0.00712017
6401.55	-0.00695207
6399.62	-0.00687462
6397.7	-0.00689158
6395.77	-0.00693985
6393.84	-0.00698282
6391.91	-0.00687374
6389.98	-0.00689188
6388.06	-0.00699016
6386.13	-0.00697235
6384.2	-0.00703577
6382.27	-0.0070698
6380.34	-0.00692573
6378.42	-0.00692543
6376.49	-0.00699665
6374.56	-0.00700943
6372.63	-0.007089
6370.7	-0.00717945
6368.77	-0.00719089
6366.85	-0.00712607
6364.92	-0.00709028
6362.99	-0.00708985
6361.06	-0.00716137
6359.13	-0.00723658
6357.21	-0.0072154
6355.28	-0.00712779
6353.35	-0.00709393
6351.42	-0.00715006
6349.49	-0.00719621
6347.57	-0.00721459
6345.64	-0.00723241
6343.71	-0.00721986
6341.78	-0.00722782
6339.85	-0.00722032
6337.93	-0.00717685
6336	-0.00711283
6334.07	-0.00726855
6332.14	-0.00734739
6330.21	-0.00731977
6328.29	-0.00741948
6326.36	-0.00739952
6324.43	-0.00727559
6322.5	-0.00718754
6320.57	-0.00725942
6318.65	-0.00734485
6316.72	-0.00738694
6314.79	-0.00734495
6312.86	-0.00722681
6310.93	-0.00725561
6309.01	-0.0073444
6307.08	-0.00747316
6305.15	-0.00754777
6303.22	-0.00757004
6301.29	-0.00740085
6299.37	-0.00727549
6297.44	-0.00728927
6295.51	-0.00735062
6293.58	-0.00737733
6291.65	-0.00742945
6289.73	-0.0074629
6287.8	-0.00747078
6285.87	-0.00753585
6283.94	-0.00755816
6282.01	-0.00755816
6280.08	-0.00747873
6278.16	-0.00740486
6276.23	-0.0074886
6274.3	-0.00753012
6272.37	-0.00744574
6270.45	-0.00741626
6268.52	-0.00753885
6266.59	-0.00756522
6264.66	-0.00753982
6262.73	-0.00763796
6260.8	-0.00755275
6258.88	-0.00747801
6256.95	-0.00752852
6255.02	-0.00755809
6253.09	-0.00758531
6251.17	-0.00767862
6249.24	-0.00762855
6247.31	-0.00754523
6245.38	-0.0075533
6243.45	-0.00760387
6241.52	-0.0076362
6239.6	-0.00756766
6237.67	-0.00752247
6235.74	-0.00755184
6233.81	-0.00757086
6231.88	-0.00763441
6229.96	-0.00767748
6228.03	-0.00754165
6226.1	-0.00745209
6224.17	-0.00756613
6222.24	-0.00773734
6220.32	-0.00768715
6218.39	-0.00761563
6216.46	-0.00766319
6214.53	-0.00767817
6212.6	-0.00768422
6210.68	-0.00772956
6208.75	-0.00770063
6206.82	-0.00770186
6204.89	-0.00772383
6202.96	-0.00760898
6201.04	-0.00746997
6199.11	-0.00751566
6197.18	-0.0075409
6195.25	-0.00752589
6193.32	-0.00741932
6191.4	-0.00731133
6189.47	-0.0074117
6187.54	-0.00749104
6185.61	-0.00741694
6183.68	-0.00743088
6181.76	-0.00754604
6179.83	-0.00761289
6177.9	-0.00761543
6175.97	-0.00761579
6174.04	-0.00765088
6172.12	-0.00759153
6170.19	-0.00748371
6168.26	-0.00746772
6166.33	-0.00742899
6164.4	-0.00745977
6162.48	-0.00747521
6160.55	-0.0074599
6158.62	-0.00754858
6156.69	-0.00749908
6154.76	-0.00746293
6152.83	-0.0074771
6150.91	-0.00750752
6148.98	-0.00751022
6147.05	-0.0074414
6145.12	-0.00745105
6143.19	-0.00746971
6141.27	-0.0074087
6139.34	-0.00734088
6137.41	-0.00739007
6135.48	-0.00732475
6133.55	-0.00730631
6131.63	-0.00734704
6129.7	-0.0073901
6127.77	-0.00735078
6125.84	-0.00722879
6123.91	-0.00719389
6121.99	-0.0072414
6120.06	-0.00736717
6118.13	-0.00747785
6116.2	-0.0074345
6114.27	-0.00736997
6112.35	-0.00731599
6110.42	-0.00726917
6108.49	-0.00731097
6106.56	-0.00726386
6104.63	-0.00728158
6102.71	-0.007383
6100.78	-0.00742727
6098.85	-0.00731889
6096.92	-0.00732202
6094.99	-0.00725949
6093.07	-0.0071744
6091.14	-0.00713083
6089.21	-0.00721054
6087.28	-0.00724046
6085.35	-0.00723551
6083.43	-0.00724356
6081.5	-0.00723802
6079.57	-0.00726213
6077.64	-0.00719986
6075.71	-0.00712789
6073.79	-0.00713682
6071.86	-0.00724147
6069.93	-0.00723459
6068	-0.00716681
6066.07	-0.00720282
6064.15	-0.00724255
6062.22	-0.00733599
6060.29	-0.00740121
6058.36	-0.00733251
6056.43	-0.00722808
6054.51	-0.00719865
6052.58	-0.00725173
6050.65	-0.0071833
6048.72	-0.00717538
6046.79	-0.00722104
6044.87	-0.00723225
6042.94	-0.007224
6041.01	-0.00716968
6039.08	-0.00719855
6037.15	-0.00725714
6035.23	-0.00723326
6033.3	-0.00730266
6031.37	-0.00727862
6029.44	-0.00725617
6027.51	-0.0072472
6025.58	-0.00733762
6023.66	-0.0073974
6021.73	-0.00732114
6019.8	-0.00722628
6017.87	-0.00731306
6015.94	-0.00745883
6014.02	-0.0073814
6012.09	-0.0072794
6010.16	-0.00741372
6008.23	-0.00750915
6006.3	-0.00743206
6004.38	-0.00734609
6002.45	-0.00739906
6000.52	-0.00741779
5998.59	-0.00737678
5996.66	-0.00733228
5994.74	-0.00740854
5992.81	-0.00757551
5990.88	-0.00766492
5988.95	-0.00762575
5987.02	-0.00750661
5985.1	-0.00743395
5983.17	-0.00744697
5981.24	-0.00743535
5979.31	-0.0074087
5977.38	-0.00739417
5975.46	-0.0074015
5973.53	-0.0074143
5971.6	-0.00752335
5969.67	-0.00751266
5967.74	-0.00743062
5965.82	-0.00743522
5963.89	-0.0074574
5961.96	-0.00748827
5960.03	-0.00756766
5958.1	-0.00758069
5956.18	-0.00758984
5954.25	-0.0076196
5952.32	-0.0075731
5950.39	-0.00758466
5948.46	-0.00763887
5946.54	-0.00755835
5944.61	-0.00748896
5942.68	-0.00747557
5940.75	-0.00748827
5938.82	-0.00757724
5936.9	-0.00758049
5934.97	-0.00758378
5933.04	-0.00758323
5931.11	-0.00763506
5929.18	-0.00766436
5927.25	-0.00756864
5925.33	-0.0075124
5923.4	-0.00756597
5921.47	-0.00771573
5919.54	-0.00770079
5917.62	-0.00761504
5915.69	-0.00764183
5913.76	-0.00765811
5911.83	-0.00770489
5909.9	-0.00774066
5907.97	-0.00777302
5906.05	-0.00781363
5904.12	-0.00769454
5902.19	-0.00753106
5900.26	-0.00748117
5898.33	-0.00759293
5896.41	-0.00768748
5894.48	-0.007681
5892.55	-0.00762113
5890.62	-0.00764183
5888.69	-0.00761009
5886.77	-0.00750758
5884.84	-0.00762113
5882.91	-0.00768201
5880.98	-0.00761527
5879.05	-0.00752654
5877.13	-0.00756379
5875.2	-0.00764255
5873.27	-0.00758769
5871.34	-0.00758486
5869.41	-0.00762871
5867.49	-0.00757574
5865.56	-0.00752273
5863.63	-0.00759589
5861.7	-0.00768061
5859.77	-0.00778639
5857.85	-0.0077555
5855.92	-0.00759534
5853.99	-0.00754152
5852.06	-0.00750889
5850.13	-0.00756415
5848.21	-0.00762305
5846.28	-0.00759016
5844.35	-0.00759407
5842.42	-0.00767455
5840.49	-0.00773533
5838.57	-0.00774317
5836.64	-0.00767338
5834.71	-0.00768588
5832.78	-0.00769779
5830.85	-0.0076278
5828.93	-0.00756757
5827	-0.00765189
5825.07	-0.00767699
5823.14	-0.0075154
5821.21	-0.00741978
5819.29	-0.00752536
5817.36	-0.0075605
5815.43	-0.00747352
5813.5	-0.00745841
5811.57	-0.00746782
5809.65	-0.00753448
5807.72	-0.00763441
5805.79	-0.00761354
5803.86	-0.00754904
5801.93	-0.00756187
5800	-0.00751201
5798.08	-0.00752598
5796.15	-0.00758694
5794.22	-0.00763216
5792.29	-0.00758593
5790.36	-0.007573
5788.44	-0.00749674
5786.51	-0.00752468
5784.58	-0.00756532
5782.65	-0.00758443
5780.72	-0.00765958
5778.8	-0.00758902
5776.87	-0.00750218
5774.94	-0.00751061
5773.01	-0.00747479
5771.08	-0.00747759
5769.16	-0.00757327
5767.23	-0.00755724
5765.3	-0.00762103
5763.37	-0.00765919
5761.44	-0.00761064
5759.52	-0.00759635
5757.59	-0.00748156
5755.66	-0.00736613
5753.73	-0.00747476
5751.8	-0.00762562
5749.88	-0.00762656
5747.95	-0.00760983
5746.02	-0.00756939
5744.09	-0.0074742
5742.16	-0.00740095
5740.24	-0.00735942
5738.31	-0.00743108
5736.38	-0.0075057
5734.45	-0.00747769
5732.52	-0.00749583
5730.6	-0.00760039
5728.67	-0.00760596
5726.74	-0.00744942
5724.81	-0.00738137
5722.88	-0.00746228
5720.96	-0.00757681
5719.03	-0.00745036
5717.1	-0.0074202
5715.17	-0.00753132
5713.24	-0.00763422
5711.32	-0.00758658
5709.39	-0.00746065
5707.46	-0.0074344
5705.53	-0.00751423
5703.6	-0.00741616
5701.68	-0.00732097
5699.75	-0.00735378
5697.82	-0.00741948
5695.89	-0.00755529
5693.96	-0.00759905
5692.03	-0.00751051
5690.11	-0.0074202
5688.18	-0.00740531
5686.25	-0.00745486
5684.32	-0.00746968
5682.4	-0.00745215
5680.47	-0.0074288
5678.54	-0.00742512
5676.61	-0.00741896
5674.68	-0.00741414
5672.75	-0.00742717
5670.83	-0.00741616
5668.9	-0.00730875
5666.97	-0.00724095
5665.04	-0.00738336
5663.11	-0.00747443
5661.19	-0.00743098
5659.26	-0.00737508
5657.33	-0.00737391
5655.4	-0.00727989
5653.47	-0.00726933
5651.55	-0.00733332
5649.62	-0.00720742
5647.69	-0.00717078
5645.76	-0.00730703
5643.83	-0.00730256
5641.91	-0.00728562
5639.98	-0.00734264
5638.05	-0.00736554
5636.12	-0.00734384
5634.19	-0.00735616
5632.27	-0.00742483
5630.34	-0.0073845
5628.41	-0.00730713
5626.48	-0.00726034
5624.55	-0.00720683
5622.63	-0.0073127
5620.7	-0.00727985
5618.77	-0.00721009
5616.84	-0.00736873
5614.91	-0.00736538
5612.99	-0.00728236
5611.06	-0.00727542
5609.13	-0.00718949
5607.2	-0.00716172
5605.27	-0.00726493
5603.35	-0.00740909
5601.42	-0.00738854
5599.49	-0.00733821
5597.56	-0.00732609
5595.63	-0.00726747
5593.71	-0.00723938
5591.78	-0.00719777
5589.85	-0.00724626
5587.92	-0.00731488
5585.99	-0.00733127
5584.07	-0.00727562
5582.14	-0.00716808
5580.21	-0.00715429
5578.28	-0.0071714
5576.35	-0.00716889
5574.43	-0.00714996
5572.5	-0.00722729
5570.57	-0.00718099
5568.64	-0.00709399
5566.71	-0.00721439
5564.79	-0.00723114
5562.86	-0.00719484
5560.93	-0.00723964
5559	-0.00727875
5557.07	-0.00730908
5555.14	-0.0072214
5553.22	-0.00725607
5551.29	-0.00728438
5549.36	-0.00720439
5547.43	-0.00719458
5545.5	-0.0072735
5543.58	-0.0072403
5541.65	-0.00721882
5539.72	-0.0072022
5537.79	-0.00716329
5535.86	-0.0071774
5533.94	-0.00716841
5532.01	-0.00710553
5530.08	-0.00710677
5528.15	-0.00716247
5526.22	-0.0071963
5524.3	-0.0071791
5522.37	-0.00705634
5520.44	-0.00706935
5518.51	-0.00717593
5516.58	-0.00723521
5514.66	-0.00720781
5512.73	-0.00717991
5510.8	-0.00720761
5508.87	-0.00727614
5506.94	-0.00727304
5505.02	-0.00721263
5503.09	-0.00720119
5501.16	-0.00717294
5499.23	-0.00710957
5497.3	-0.00710107
5495.38	-0.00708633
5493.45	-0.00703407
5491.52	-0.00703662
5489.59	-0.00708343
5487.66	-0.00711257
5485.74	-0.00714716
5483.81	-0.00712776
5481.88	-0.00706449
5479.95	-0.00708721
5478.02	-0.00718825
5476.1	-0.00715012
5474.17	-0.00707284
5472.24	-0.00701764
5470.31	-0.00701921
5468.38	-0.00708659
5466.46	-0.0070938
5464.53	-0.00703658
5462.6	-0.00699863
5460.67	-0.0070938
5458.74	-0.00714334
5456.82	-0.00706449
5454.89	-0.00706863
5452.96	-0.00708493
5451.03	-0.00710833
5449.1	-0.0070788
5447.17	-0.00699818
5445.25	-0.00693404
5443.32	-0.00697046
5441.39	-0.00698921
5439.46	-0.00696332
5437.54	-0.00702752
5435.61	-0.00702615
5433.68	-0.00698132
5431.75	-0.00689373
5429.82	-0.00690554
5427.89	-0.00695455
5425.97	-0.00695687
5424.04	-0.00694611
5422.11	-0.00691686
5420.18	-0.00696058
5418.25	-0.00697066
5416.33	-0.00693877
5414.4	-0.00691451
5412.47	-0.00694523
5410.54	-0.00695934
5408.61	-0.00692471
5406.69	-0.00686366
5404.76	-0.00690906
5402.83	-0.00699267
5400.9	-0.00699704
5398.97	-0.00696153
5397.05	-0.00683946
5395.12	-0.00687589
5393.19	-0.00688532
5391.26	-0.00687593
5389.33	-0.00693404
5387.41	-0.00693831
5385.48	-0.00690753
5383.55	-0.00685809
5381.62	-0.00689168
5379.69	-0.00697174
5377.77	-0.00698191
5375.84	-0.00697187
5373.91	-0.00690737
5371.98	-0.00676203
5370.05	-0.00680254
5368.13	-0.00683568
5366.2	-0.00682453
5364.27	-0.00692618
5362.34	-0.00697092
5360.41	-0.00695018
5358.49	-0.00692846
5356.56	-0.00680835
5354.63	-0.00672725
5352.7	-0.0068376
5350.77	-0.00685646
5348.85	-0.00673257
5346.92	-0.006674
5344.99	-0.00678476
5343.06	-0.00674735
5341.13	-0.00665942
5339.21	-0.0066449
5337.28	-0.00666451
5335.35	-0.00673462
5333.42	-0.00677843
5331.49	-0.00671841
5329.56	-0.00669893
5327.64	-0.00675009
5325.71	-0.006803
5323.78	-0.00681454
5321.85	-0.00680753
5319.92	-0.00674777
5318	-0.0066695
5316.07	-0.00665129
5314.14	-0.00669893
5312.21	-0.00671061
5310.28	-0.00657542
5308.36	-0.00657682
5306.43	-0.00654621
5304.5	-0.00643451
5302.57	-0.0064838
5300.64	-0.0064791
5298.72	-0.00646758
5296.79	-0.00650531
5294.86	-0.00638214
5292.93	-0.00637407
5291	-0.00647959
5289.08	-0.0064649
5287.15	-0.00643232
5285.22	-0.00641018
5283.29	-0.00636428
5281.36	-0.00625527
5279.44	-0.00620961
5277.51	-0.00624864
5275.58	-0.00613719
5273.65	-0.00606309
5271.72	-0.00613693
5269.8	-0.00616019
5267.87	-0.00610779
5265.94	-0.005998
5264.01	-0.00598329
5262.08	-0.00607253
5260.16	-0.00610726
5258.23	-0.0059996
5256.3	-0.0059092
5254.37	-0.00584784
5252.44	-0.00589642
5250.52	-0.00592917
5248.59	-0.00585464
5246.66	-0.00575198
5244.73	-0.00572739
5242.8	-0.00568615
5240.88	-0.00558084
5238.95	-0.00558921
5237.02	-0.00554852
5235.09	-0.00543679
5233.16	-0.00537893
5231.24	-0.00538319
5229.31	-0.00532843
5227.38	-0.00528572
5225.45	-0.00525282
5223.52	-0.0051102
5221.6	-0.00502842
5219.67	-0.00509612
5217.74	-0.00506599
5215.81	-0.00511681
5213.88	-0.0051844
5211.96	-0.00508184
5210.03	-0.00493166
5208.1	-0.00484651
5206.17	-0.00477622
5204.24	-0.00474128
5202.31	-0.00466
5200.39	-0.00456718
5198.46	-0.00458623
5196.53	-0.00457745
5194.6	-0.0044576
5192.67	-0.00438688
5190.75	-0.00432229
5188.82	-0.00419085
5186.89	-0.00405986
5184.96	-0.00402733
5183.03	-0.0040059
5181.11	-0.00395464
5179.18	-0.00394539
5177.25	-0.00385193
5175.32	-0.00378056
5173.39	-0.00373697
5171.47	-0.00375494
5169.54	-0.00367846
5167.61	-0.00348231
5165.68	-0.00339447
5163.75	-0.00334311
5161.83	-0.00323969
5159.9	-0.00321085
5157.97	-0.00321881
5156.04	-0.00315411
5154.11	-0.00303893
5152.19	-0.00300932
5150.26	-0.00293228
5148.33	-0.0027728
5146.4	-0.0027273
5144.47	-0.00274155
5142.55	-0.00272726
5140.62	-0.00268027
5138.69	-0.00261632
5136.76	-0.00247263
5134.83	-0.0023837
5132.91	-0.00230889
5130.98	-0.00232814
5129.05	-0.00222745
5127.12	-0.00209286
5125.19	-0.00207275
5123.27	-0.00200175
5121.34	-0.00187339
5119.41	-0.00181434
5117.48	-0.00179599
5115.55	-0.00179731
5113.62	-0.00177933
5111.7	-0.00176098
5109.77	-0.00167986
5107.84	-0.00160727
5105.91	-0.00151083
5103.99	-0.00143023
5102.06	-0.00138564
5100.13	-0.00128152
5098.2	-0.00111059
5096.27	-0.00102224
5094.34	-0.000995993
5092.42	-0.000928582
5090.49	-0.000892707
5088.56	-0.000889037
5086.63	-0.000901073
5084.71	-0.000908644
5082.78	-0.00082829
5080.85	-0.000698467
5078.92	-0.000731017
5076.99	-0.000702139
5075.06	-0.000493351
5073.14	-0.000388522
5071.21	-0.000371605
5069.28	-0.000323765
5067.35	-0.00025264
5065.42	-0.000157193
5063.5	-0.000142917
5061.57	-4.83399e-05
5059.64	7.76069e-05
5057.71	7.89987e-05
5055.78	0.000133783
5053.86	0.000320989
5051.93	0.00040837
5050	0.000464158
5048.07	0.000548549
5046.14	0.000665244
5044.22	0.000795348
5042.29	0.000865993
5040.36	0.000949632
5038.43	0.00115609
5036.5	0.00133909
5034.58	0.00155721
5032.65	0.00177507
5030.72	0.00186477
5028.79	0.00205592
5026.86	0.00239376
5024.94	0.00257774
5023.01	0.00274173
5021.08	0.00295769
5019.15	0.00304764
5017.22	0.0030482
5015.3	0.00304807
5013.37	0.00296399
5011.44	0.00269485
5009.51	0.00258491
5007.58	0.00251952
5005.66	0.0022706
5003.73	0.00207583
5001.8	0.00194664
4999.87	0.00174449
4997.94	0.00154327
4996.02	0.00143479
4994.09	0.00126431
4992.16	0.00118673
4990.23	0.0011542
4988.3	0.00101539
4986.38	0.000962151
4984.45	0.000971416
4982.52	0.000827283
4980.59	0.000807797
4978.66	0.000888005
4976.73	0.000838039
4974.81	0.000748048
4972.88	0.000684824
4970.95	0.000616432
4969.02	0.000601932
4967.09	0.000545895
4965.17	0.000450061
4963.24	0.000474606
4961.31	0.000483496
4959.38	0.000378788
4957.45	0.000366451
4955.53	0.000388869
4953.6	0.000468138
4951.67	0.000488438
4949.74	0.000455899
4947.81	0.000485221
4945.89	0.000489666
4943.96	0.000414738
4942.03	0.000371658
4940.1	0.000389201
4938.17	0.000314954
4936.25	0.000235382
4934.32	0.000127419
4932.39	0.000102595
4930.46	0.00021811
4928.53	0.00018864
4926.61	0.00012669
4924.68	8.25045e-06
4922.75	-6.11943e-05
4920.82	5.21561e-05
4918.89	9.02334e-05
4916.97	1.94833e-05
4915.04	-3.17744e-05
4913.11	-8.50468e-05
4911.18	-0.000143745
4909.25	-0.000179417
4907.33	-0.000167195
4905.4	-0.000240453
4903.47	-0.000328632
4901.54	-0.000394679
4899.61	-0.000352105
4897.69	-0.000368625
4895.76	-0.000366705
4893.83	-0.000388422
4891.9	-0.000445689
4889.97	-0.000535778
4888.05	-0.000614103
4886.12	-0.00058204
4884.19	-0.000566421
4882.26	-0.000637428
4880.33	-0.00063498
4878.41	-0.000602059
4876.48	-0.000636436
4874.55	-0.000652614
4872.62	-0.000665583
4870.69	-0.000732903
4868.77	-0.000747622
4866.84	-0.000783741
4864.91	-0.000921639
4862.98	-0.000972984
4861.05	-0.000985017
4859.12	-0.00102059
4857.2	-0.00101183
4855.27	-0.00102568
4853.34	-0.00117117
4851.41	-0.00119909
4849.48	-0.00114988
4847.56	-0.00119149
4845.63	-0.00123312
4843.7	-0.00129216
4841.77	-0.00146005
4839.84	-0.0015112
4837.92	-0.00150591
4835.99	-0.00155752
4834.06	-0.00156838
4832.13	-0.0016484
4830.2	-0.00166887
4828.28	-0.00169544
4826.35	-0.00174586
4824.42	-0.00187
4822.49	-0.00192486
4820.56	-0.00185825
4818.64	-0.00200303
4816.71	-0.00216194
4814.78	-0.00227831
4812.85	-0.00232438
4810.92	-0.00227155
4809	-0.00227804
4807.07	-0.00232985
4805.14	-0.00231898
4803.21	-0.00245062
4801.28	-0.00258658
4799.36	-0.00261787
4797.43	-0.00270201
4795.5	-0.00278034
4793.57	-0.00279255
4791.64	-0.00284884
4789.72	-0.00294972
4787.79	-0.0030567
4785.86	-0.00313539
4783.93	-0.00316451
4782	-0.00313053
4780.08	-0.00322115
4778.15	-0.00334058
4776.22	-0.00334999
4774.29	-0.00342971
4772.36	-0.00356033
4770.44	-0.00358948
4768.51	-0.0036069
4766.58	-0.0036321
4764.65	-0.00370799
4762.72	-0.00373283
4760.79	-0.0038001
4758.87	-0.00395753
4756.94	-0.00403649
4755.01	-0.00405455
4753.08	-0.00402247
4751.16	-0.00412124
4749.23	-0.00420792
4747.3	-0.00426334
4745.37	-0.00432656
4743.44	-0.00432482
4741.51	-0.00443326
4739.59	-0.00450597
4737.66	-0.00463475
4735.73	-0.00475256
4733.8	-0.00466206
4731.88	-0.00469576
4729.95	-0.00489693
4728.02	-0.00494909
4726.09	-0.00491368
4724.16	-0.00503124
4722.23	-0.00500992
4720.31	-0.00500304
4718.38	-0.00511619
4716.45	-0.00517998
4714.52	-0.00508574
4712.59	-0.00504352
4710.67	-0.00507974
4708.74	-0.00523046
4706.81	-0.00535383
4704.88	-0.0054307
4702.95	-0.00546044
4701.03	-0.00553566
4699.1	-0.00548518
4697.17	-0.00546761
4695.24	-0.00558646
4693.31	-0.00567827
4691.39	-0.00569233
4689.46	-0.00569907
4687.53	-0.00571307
4685.6	-0.00568615
4683.67	-0.00569181
4681.75	-0.00570394
4679.82	-0.0057165
4677.89	-0.00586337
4675.96	-0.00597309
4674.03	-0.0059928
4672.11	-0.00599162
4670.18	-0.00601525
4668.25	-0.0060458
4666.32	-0.00604646
4664.39	-0.00612981
4662.47	-0.00611759
4660.54	-0.00609818
4658.61	-0.00613356
4656.68	-0.0061087
4654.75	-0.00611314
4652.83	-0.00621324
4650.9	-0.00627412
4648.97	-0.00631588
4647.04	-0.00630723
4645.11	-0.00625899
4643.19	-0.00625746
4641.26	-0.00632101
4639.33	-0.00627196
4637.4	-0.00631108
4635.47	-0.00630958
4633.54	-0.00636784
4631.62	-0.00646526
4629.69	-0.0064619
4627.76	-0.00638452
4625.83	-0.00638753
4623.9	-0.00648249
4621.98	-0.00652437
4620.05	-0.006495
4618.12	-0.00652228
4616.19	-0.00662688
4614.26	-0.00661882
4612.34	-0.00658616
4610.41	-0.00656951
4608.48	-0.00665625
4606.55	-0.00667612
4604.62	-0.00661938
4602.7	-0.00657712
4600.77	-0.0065044
4598.84	-0.00651729
4596.91	-0.00665909
4594.98	-0.00663021
4593.06	-0.00659507
4591.13	-0.00656361
4589.2	-0.00655871
4587.27	-0.00656658
4585.34	-0.00663403
4583.42	-0.00659562
4581.49	-0.00649869
4579.56	-0.00645416
4577.63	-0.00642726
4575.7	-0.00656282
4573.78	-0.00656778
4571.85	-0.00645654
4569.92	-0.00642442
4567.99	-0.00640147
4566.06	-0.00639288
4564.14	-0.00635354
4562.21	-0.00630877
4560.28	-0.00630762
4558.35	-0.0061857
4556.42	-0.00613941
4554.5	-0.00611497
4552.57	-0.00598329
4550.64	-0.00588112
4548.71	-0.00589148
4546.78	-0.00596584
4544.86	-0.00589779
4542.93	-0.00575035
4541	-0.00563265
4539.07	-0.00559255
4537.14	-0.00554688
4535.22	-0.00547252
4533.29	-0.00546172
4531.36	-0.00552421
4529.43	-0.00562182
4527.5	-0.00565008
4525.58	-0.00567945
4523.65	-0.00566951
4521.72	-0.00564083
4519.79	-0.00568691
4517.86	-0.00577945
4515.94	-0.00586379
4514.01	-0.00596113
4512.08	-0.00609874
4510.15	-0.00614856
4508.22	-0.00604009
4506.29	-0.0060409
4504.37	-0.00623038
4502.44	-0.00629662
4500.51	-0.00632509
4498.58	-0.00633202
4496.65	-0.00640055
4494.73	-0.00654882
4492.8	-0.00665175
4490.87	-0.00656968
4488.94	-0.00652689
4487.01	-0.0066217
4485.09	-0.0067679
4483.16	-0.00668519
4481.23	-0.00671599
4479.3	-0.00674405
4477.37	-0.0067478
4475.45	-0.00679439
4473.52	-0.00686243
4471.59	-0.00695074
4469.66	-0.0069297
4467.73	-0.00683689
4465.81	-0.006792
4463.88	-0.00675713
4461.95	-0.00689465
4460.02	-0.00694777
4458.09	-0.00688053
4456.17	-0.00697692
4454.24	-0.00710788
4452.31	-0.00706918
4450.38	-0.0069732
4448.45	-0.00690795
4446.53	-0.0069041
4444.6	-0.00691115
4442.67	-0.00681477
4440.74	-0.00678303
4438.81	-0.0068577
4436.89	-0.00686024
4434.96	-0.00689719
4433.03	-0.00693036
4431.1	-0.00688017
4429.17	-0.00686285
4427.25	-0.00688721
4425.32	-0.00692481
4423.39	-0.00689311
4421.46	-0.00688852
4419.53	-0.00692879
4417.61	-0.00694157
4415.68	-0.00698559
4413.75	-0.00699286
4411.82	-0.00685942
4409.89	-0.0068817
4407.96	-0.00696234
4406.04	-0.00695592
4404.11	-0.00702553
4402.18	-0.00702462
4400.25	-0.00691187
4398.33	-0.00691177
4396.4	-0.0069778
4394.47	-0.00697529
4392.54	-0.00697147
4390.61	-0.00697213
4388.68	-0.00694477
4386.76	-0.00685972
4384.83	-0.00681161
4382.9	-0.0068924
4380.97	-0.00692458
4379.04	-0.00692018
4377.12	-0.00699097
4375.19	-0.00698406
4373.26	-0.00688793
4371.33	-0.00692954
4369.4	-0.00695954
4367.48	-0.00691161
4365.55	-0.0069027
4363.62	-0.00691767
4361.69	-0.00691252
4359.76	-0.00682192
4357.84	-0.00669159
4355.91	-0.00666399
4353.98	-0.00677543
4352.05	-0.00682498
4350.12	-0.00690834
4348.2	-0.00693486
4346.27	-0.00692996
4344.34	-0.00698911
4342.41	-0.00692846
4340.48	-0.00681954
4338.56	-0.00674333
4336.63	-0.00674516
4334.7	-0.00674379
4332.77	-0.00671165
4330.84	-0.0067572
4328.92	-0.00682932
4326.99	-0.00680006
4325.06	-0.00678261
4323.13	-0.00683304
4321.2	-0.00680965
4319.28	-0.00679158
4317.35	-0.00674115
4315.42	-0.00675159
4313.49	-0.0067388
4311.56	-0.00671443
4309.64	-0.00675423
4307.71	-0.00675593
4305.78	-0.00671074
4303.85	-0.00673456
4301.92	-0.00673286
4300	-0.00675547
4298.07	-0.00678802
4296.14	-0.00671293
4294.21	-0.00663556
4292.28	-0.00669531
4290.35	-0.00669622
4288.43	-0.00668973
4286.5	-0.0066325
4284.57	-0.00657496
4282.64	-0.00658501
4280.71	-0.00659781
4278.79	-0.00651501
4276.86	-0.00651223
4274.93	-0.00655381
4273	-0.00653596
4271.07	-0.00646944
4269.15	-0.00645181
4267.22	-0.00636793
4265.29	-0.00640467
4263.36	-0.00654621
4261.43	-0.00645808
4259.51	-0.00647205
4257.58	-0.00647424
4255.65	-0.00650205
4253.72	-0.00654921
4251.79	-0.00642037
4249.87	-0.00637727
4247.94	-0.00640973
4246.01	-0.00640676
4244.08	-0.00640872
4242.15	-0.00640042
4240.23	-0.00635896
4238.3	-0.00633763
4236.37	-0.00639334
4234.44	-0.00643376
4232.51	-0.00636758
4230.59	-0.00634387
4228.66	-0.0062443
4226.73	-0.0061969
4224.8	-0.00627487
4222.87	-0.00631187
4220.95	-0.00627529
4219.02	-0.00619994
4217.09	-0.0062116
4215.16	-0.00625524
4213.23	-0.00621533
4211.31	-0.0062327
4209.38	-0.00629799
4207.45	-0.00631406
4205.52	-0.00634283
4203.59	-0.00642155
4201.67	-0.00639017
4199.74	-0.00633701
4197.81	-0.00637326
4195.88	-0.00635314
4193.95	-0.00628248
4192.03	-0.00632304
4190.1	-0.00635625
4188.17	-0.00630867
4186.24	-0.00625978
4184.31	-0.00629348
4182.39	-0.00636872
4180.46	-0.00631406
4178.53	-0.00625256
4176.6	-0.00625057
4174.67	-0.00630201
4172.75	-0.00626994
4170.82	-0.00618475
4168.89	-0.00624054
4166.96	-0.00633019
4165.03	-0.00628186
4163.1	-0.00618759
4161.18	-0.00616564
4159.25	-0.0062764
4157.32	-0.00621634
4155.39	-0.0061384
4153.46	-0.00616362
4151.54	-0.0061773
4149.61	-0.00623319
4147.68	-0.00620321
4145.75	-0.00617152
4143.82	-0.00611778
4141.9	-0.00615182
4139.97	-0.00623613
4138.04	-0.00626206
4136.11	-0.00622072
4134.18	-0.00613876
4132.26	-0.00606962
4130.33	-0.00599345
4128.4	-0.00606397
4126.47	-0.00616597
4124.54	-0.00624257
4122.62	-0.00621951
4120.69	-0.00607443
4118.76	-0.00610671
4116.83	-0.00614549
4114.9	-0.00611527
4112.98	-0.00608067
4111.05	-0.00609547
4109.12	-0.00613438
4107.19	-0.00612762
4105.26	-0.00609785
4103.34	-0.00613974
4101.41	-0.00620808
4099.48	-0.00608449
4097.55	-0.00603038
4095.62	-0.00604544
4093.7	-0.0060442
4091.77	-0.00606694
4089.84	-0.00606561
4087.91	-0.00602666
4085.98	-0.00608877
4084.06	-0.00611746
4082.13	-0.00609981
4080.2	-0.00609168
4078.27	-0.00600852
4076.34	-0.00585598
4074.42	-0.00585297
4072.49	-0.00595107
4070.56	-0.00603777
4068.63	-0.00604522
4066.7	-0.00601071
4064.78	-0.00609877
4062.85	-0.00599989
4060.92	-0.00592279
4058.99	-0.00598172
4057.06	-0.00587952
4055.14	-0.00585869
4053.21	-0.00599862
4051.28	-0.00593132
4049.35	-0.00585225
4047.42	-0.0058598
4045.5	-0.00591567
4043.57	-0.00585219
4041.64	-0.00578585
4039.71	-0.00577369
4037.78	-0.00588942
4035.85	-0.00596094
4033.93	-0.00593538
4032	-0.00595277
4030.07	-0.00599633
4028.14	-0.00594842
4026.21	-0.00589795
4024.29	-0.00593633
4022.36	-0.00589629
4020.43	-0.00580959
4018.5	-0.00568733
4016.57	-0.00567343
4014.65	-0.00572974
4012.72	-0.00576826
4010.79	-0.00576607
4008.86	-0.00575754
4006.93	-0.00573354
4005.01	-0.00573727
4003.08	-0.00580639
4001.15	-0.00578932
3999.22	-0.00571706
3997.29	-0.00570221
3995.37	-0.00567922
3993.44	-0.00571787
3991.51	-0.00580841
3989.58	-0.00578723
3987.65	-0.00572713
3985.73	-0.00568534
3983.8	-0.00565028
3981.87	-0.00564181
3979.94	-0.00569999
3978.01	-0.00572441
3976.09	-0.00567255
3974.16	-0.00566019
3972.23	-0.00572592
3970.3	-0.00570515
3968.37	-0.00564419
3966.45	-0.00564043
3964.52	-0.005725
3962.59	-0.00571228
3960.66	-0.00579344
3958.73	-0.00581103
3956.81	-0.00570035
3954.88	-0.00564943
3952.95	-0.00561999
3951.02	-0.00560972
3949.09	-0.00562984
3947.17	-0.00569243
3945.24	-0.00569014
3943.31	-0.0056388
3941.38	-0.00573001
3939.45	-0.00583708
3937.53	-0.00582283
3935.6	-0.00567595
3933.67	-0.0057063
3931.74	-0.00573184
3929.81	-0.005727
3927.88	-0.00572677
3925.96	-0.00573596
3924.03	-0.00572733
3922.1	-0.00571621
3920.17	-0.00573239
3918.24	-0.00578945
3916.32	-0.00575927
3914.39	-0.00568615
3912.46	-0.0056367
3910.53	-0.00560112
3908.6	-0.00567899
3906.68	-0.0056318
3904.75	-0.00568037
3902.82	-0.0056908
3900.89	-0.00565636
3898.96	-0.00557377
3897.04	-0.00550864
3895.11	-0.00559114
3893.18	-0.00567579
3891.25	-0.00556514
3889.32	-0.00553612
3887.4	-0.00565901
3885.47	-0.00572912
3883.54	-0.00573184
3881.61	-0.00566182
3879.68	-0.00559781
3877.76	-0.005628
3875.83	-0.00564861
3873.9	-0.00566751
3871.97	-0.00560059
3870.04	-0.00551469
3868.12	-0.00553425
3866.19	-0.00560828
3864.26	-0.00561718
3862.33	-0.0055178
3860.4	-0.00555542
3858.48	-0.00561973
3856.55	-0.00559104
3854.62	-0.00552451
3852.69	-0.00555104
3850.76	-0.00553314
3848.84	-0.00543423
3846.91	-0.00536483
3844.98	-0.00542399
3843.05	-0.0055055
3841.12	-0.00555149
3839.2	-0.00553085
3837.27	-0.00545828
3835.34	-0.00542291
3833.41	-0.00539889
3831.48	-0.00539382
3829.56	-0.00544925
3827.63	-0.00547278
3825.7	-0.00543273
3823.77	-0.00532362
3821.84	-0.00524735
3819.92	-0.00528343
3817.99	-0.00534025
3816.06	-0.00538155
3814.13	-0.00528673
3812.2	-0.00511436
3810.27	-0.00503953
3808.35	-0.00511108
3806.42	-0.00519808
3804.49	-0.00526568
3802.56	-0.00528955
3800.64	-0.00524008
3798.71	-0.0050464
3796.78	-0.00496684
3794.85	-0.00501739
3792.92	-0.00504925
3790.99	-0.00509982
3789.07	-0.00508017
3787.14	-0.00498293
3785.21	-0.0049427
3783.28	-0.00491797
3781.35	-0.00491328
3779.43	-0.00489946
3777.5	-0.00489104
3775.57	-0.00493241
3773.64	-0.00491967
3771.71	-0.00484005
3769.79	-0.00476423
3767.86	-0.00474148
3765.93	-0.00470651
3764	-0.00469559
3762.07	-0.00465442
3760.15	-0.00459653
3758.22	-0.00455863
3756.29	-0.00454056
3754.36	-0.00451036
3752.43	-0.00445041
3750.51	-0.00445868
3748.58	-0.0043552
3746.65	-0.00436861
3744.72	-0.00435703
3742.79	-0.00427288
3740.87	-0.00412502
3738.94	-0.0041432
3737.01	-0.00419741
3735.08	-0.00414264
3733.15	-0.00399276
3731.23	-0.00383081
3729.3	-0.00385265
3727.37	-0.00384487
3725.44	-0.00367994
3723.51	-0.00351251
3721.59	-0.00342803
3719.66	-0.00338523
3717.73	-0.00335755
3715.8	-0.00329688
3713.87	-0.00314497
3711.95	-0.00285879
3710.02	-0.00279229
3708.09	-0.00273691
3706.16	-0.00260726
3704.23	-0.0025152
3702.31	-0.00245333
3700.38	-0.00235276
3698.45	-0.00215307
3696.52	-0.00194125
3694.59	-0.00179932
3692.67	-0.00165962
3690.74	-0.00144479
3688.81	-0.00133305
3686.88	-0.00130666
3684.95	-0.00119714
3683.02	-0.00104088
3681.1	-0.000887449
3679.17	-0.00075093
3677.24	-0.000562914
3675.31	-0.000390541
3673.38	-0.000187333
3671.46	0.000191458
3669.53	0.000348345
3667.6	0.000428237
3665.67	0.000747882
3663.74	0.00107919
3661.82	0.00133869
3659.89	0.0015892
3657.96	0.00191073
3656.03	0.00213393
3654.1	0.00249892
3652.18	0.00285185
3650.25	0.00314595
3648.32	0.00349208
3646.39	0.00396855
3644.46	0.00437538
3642.54	0.0046876
3640.61	0.00509598
3638.68	0.00552494
3636.75	0.00588588
3634.82	0.00631549
3632.9	0.00683545
3630.97	0.00736366
3629.04	0.00792166
3627.11	0.00850809
3625.18	0.00928814
3623.26	0.0100133
3621.33	0.0105743
3619.4	0.0111011
3617.47	0.0117949
3615.54	0.0125355
3613.62	0.0132225
3611.69	0.0139202
3609.76	0.0147344
3607.83	0.0156373
3605.9	0.0165324
3603.98	0.0174657
3602.05	0.0185249
3600.12	0.0195395
3598.19	0.020516
3596.26	0.0216927
3594.34	0.0229326
3592.41	0.0242416
3590.48	0.0254402
3588.55	0.0266656
3586.62	0.0279302
3584.7	0.0294502
3582.77	0.0311843
3580.84	0.0329065
3578.91	0.0345524
3576.98	0.0362267
3575.05	0.0380826
3573.13	0.0399273
3571.2	0.0417684
3569.27	0.0437728
3567.34	0.045894
3565.42	0.0481089
3563.49	0.0505033
3561.56	0.0529735
3559.63	0.0554439
3557.7	0.0579805
3555.77	0.0606211
3553.85	0.0633818
3551.92	0.0662976
3549.99	0.0692627
3548.06	0.0723451
3546.13	0.0756146
3544.21	0.0790999
3542.28	0.082662
3540.35	0.0862733
3538.42	0.0901875
3536.49	0.0942046
3534.57	0.0983456
3532.64	0.102664
3530.71	0.107135
3528.78	0.112026
3526.85	0.117059
3524.93	0.122137
3523	0.127423
3521.07	0.132968
3519.14	0.138762
3517.21	0.144949
3515.29	0.151049
3513.36	0.157373
3511.43	0.164219
3509.5	0.171237
3507.57	0.178537
3505.65	0.186142
3503.72	0.194151
3501.79	0.202339
3499.86	0.210638
3497.93	0.219421
3496.01	0.228469
3494.08	0.237809
3492.15	0.247398
3490.22	0.257289
3488.29	0.267436
3486.37	0.277737
3484.44	0.288232
3482.51	0.298769
3480.58	0.309466
3478.65	0.320481
3476.73	0.331679
3474.8	0.342637
3472.87	0.353728
3470.94	0.364864
3469.01	0.375695
3467.09	0.38638
3465.16	0.397019
3463.23	0.407244
3461.3	0.416942
3459.37	0.426128
3457.44	0.434678
3455.52	0.442589
3453.59	0.449896
3451.66	0.45672
3449.73	0.462561
3447.81	0.467321
3445.88	0.471068
3443.95	0.473694
3442.02	0.475773
3440.09	0.47724
3438.16	0.477652
3436.24	0.477282
3434.31	0.476467
3432.38	0.475311
3430.45	0.473249
3428.52	0.470436
3426.6	0.467306
3424.67	0.464203
3422.74	0.460871
3420.81	0.45689
3418.88	0.45252
3416.96	0.448255
3415.03	0.443893
3413.1	0.439431
3411.17	0.43534
3409.24	0.431305
3407.32	0.427495
3405.39	0.423968
3403.46	0.420717
3401.53	0.417805
3399.6	0.415174
3397.68	0.412654
3395.75	0.410294
3393.82	0.408204
3391.89	0.406167
3389.96	0.404187
3388.04	0.40225
3386.11	0.400516
3384.18	0.39888
3382.25	0.39742
3380.32	0.396177
3378.4	0.394999
3376.47	0.394032
3374.54	0.39292
3372.61	0.391517
3370.68	0.390461
3368.76	0.389879
3366.83	0.388869
3364.9	0.387807
3362.97	0.387163
3361.04	0.386204
3359.12	0.385163
3357.19	0.384365
3355.26	0.383611
3353.33	0.383045
3351.4	0.382322
3349.48	0.381617
3347.55	0.380665
3345.62	0.379716
3343.69	0.379057
3341.76	0.378488
3339.83	0.37789
3337.91	0.377184
3335.98	0.376122
3334.05	0.375037
3332.12	0.374043
3330.19	0.373151
3328.27	0.372331
3326.34	0.371246
3324.41	0.370321
3322.48	0.369397
3320.55	0.368475
3318.63	0.367435
3316.7	0.366253
3314.77	0.364873
3312.84	0.363479
3310.91	0.362405
3308.99	0.361415
3307.06	0.36037
3305.13	0.359389
3303.2	0.35817
3301.27	0.356883
3299.35	0.35549
3297.42	0.35417
3295.49	0.352946
3293.56	0.3517
3291.63	0.350644
3289.71	0.349693
3287.78	0.348579
3285.85	0.347688
3283.92	0.34679
3281.99	0.345952
3280.07	0.345002
3278.14	0.343926
3276.21	0.343233
3274.28	0.342399
3272.35	0.341685
3270.43	0.341174
3268.5	0.340681
3266.57	0.340359
3264.64	0.340025
3262.71	0.339649
3260.79	0.340031
3258.86	0.340657
3256.93	0.340806
3255	0.341418
3253.07	0.342463
3251.15	0.34356
3249.22	0.345136
3247.29	0.347307
3245.36	0.34993
3243.43	0.352855
3241.51	0.356128
3239.58	0.359975
3237.65	0.364147
3235.72	0.368471
3233.79	0.373198
3231.87	0.378777
3229.94	0.384595
3228.01	0.390487
3226.08	0.396583
3224.15	0.40259
3222.22	0.40787
3220.3	0.413013
3218.37	0.418532
3216.44	0.423452
3214.51	0.427754
3212.58	0.431812
3210.66	0.435379
3208.73	0.438539
3206.8	0.441342
3204.87	0.44364
3202.94	0.445654
3201.02	0.447376
3199.09	0.449222
3197.16	0.450526
3195.23	0.451421
3193.3	0.45221
3191.38	0.453264
3189.45	0.454241
3187.52	0.454614
3185.59	0.455003
3183.66	0.455489
3181.74	0.455828
3179.81	0.456316
3177.88	0.456642
3175.95	0.457127
3174.02	0.458102
3172.1	0.45878
3170.17	0.459553
3168.24	0.46047
3166.31	0.461207
3164.38	0.461637
3162.46	0.462509
3160.53	0.463674
3158.6	0.464987
3156.67	0.466512
3154.74	0.468009
3152.82	0.469509
3150.89	0.470864
3148.96	0.472292
3147.03	0.474094
3145.1	0.475631
3143.18	0.476761
3141.25	0.477969
3139.32	0.47933
3137.39	0.480372
3135.46	0.481086
3133.54	0.481742
3131.61	0.482199
3129.68	0.48228
3127.75	0.482215
3125.82	0.48143
3123.9	0.479945
3121.97	0.478165
3120.04	0.475776
3118.11	0.473189
3116.18	0.470435
3114.26	0.466605
3112.33	0.46233
3110.4	0.457746
3108.47	0.452682
3106.54	0.447194
3104.61	0.441342
3102.69	0.434801
3100.76	0.428063
3098.83	0.420829
3096.9	0.413344
3094.98	0.405672
3093.05	0.397955
3091.12	0.390047
3089.19	0.381796
3087.26	0.373624
3085.33	0.365359
3083.41	0.356802
3081.48	0.348328
3079.55	0.339811
3077.62	0.330893
3075.69	0.322175
3073.77	0.313908
3071.84	0.305422
3069.91	0.296834
3067.98	0.288484
3066.05	0.280403
3064.13	0.272179
3062.2	0.264053
3060.27	0.256242
3058.34	0.248504
3056.41	0.241035
3054.49	0.233756
3052.56	0.226551
3050.63	0.219564
3048.7	0.212645
3046.77	0.205927
3044.85	0.199563
3042.92	0.19343
3040.99	0.187607
3039.06	0.181902
3037.13	0.176216
3035.21	0.170802
3033.28	0.165861
3031.35	0.161086
3029.42	0.156415
3027.49	0.151942
3025.57	0.147573
3023.64	0.143457
3021.71	0.139672
3019.78	0.13624
3017.85	0.132967
3015.93	0.129539
3014	0.126119
3012.07	0.123033
3010.14	0.120253
3008.21	0.117544
3006.29	0.114739
3004.36	0.112127
3002.43	0.109842
3000.5	0.107583
2998.57	0.105116
2996.65	0.102905
2994.72	0.100805
2992.79	0.0987404
2990.86	0.0968561
2988.93	0.0949978
2987	0.0932221
2985.08	0.0916962
2983.15	0.0901091
2981.22	0.0884084
2979.29	0.0867341
2977.36	0.0851892
2975.44	0.0838401
2973.51	0.0823688
2971.58	0.0808351
2969.65	0.0795069
2967.72	0.0783502
2965.8	0.0770022
2963.87	0.075681
2961.94	0.0747191
2960.01	0.0736121
2958.08	0.072371
2956.16	0.0714768
2954.23	0.0702758
2952.3	0.0691092
2950.37	0.0681866
2948.44	0.0670855
2946.52	0.066014
2944.59	0.0651812
2942.66	0.064289
2940.73	0.063325
2938.8	0.0624433
2936.88	0.0615604
2934.95	0.060697
2933.02	0.0597743
2931.09	0.0590295
2929.16	0.0583125
2927.24	0.0574157
2925.31	0.0567856
2923.38	0.056304
2921.45	0.0555996
2919.52	0.0547983
2917.6	0.0540295
2915.67	0.0533865
2913.74	0.0528084
2911.81	0.0521381
2909.88	0.051568
2907.96	0.0508579
2906.03	0.0501101
2904.1	0.049642
2902.17	0.0490143
2900.24	0.0483605
2898.32	0.047767
2896.39	0.0472737
2894.46	0.0466896
2892.53	0.045965
2890.6	0.0452632
2888.68	0.0446984
2886.75	0.0440858
2884.82	0.0435277
2882.89	0.0429329
2880.96	0.0424025
2879.04	0.0419408
2877.11	0.04144
2875.18	0.0407791
2873.25	0.0399897
2871.32	0.039635
2869.39	0.0393191
2867.47	0.0387992
2865.54	0.0383225
2863.61	0.037775
2861.68	0.0371833
2859.75	0.0365434
2857.83	0.0359042
2855.9	0.0355549
2853.97	0.0351573
2852.04	0.0347308
2850.11	0.0343006
2848.19	0.0337331
2846.26	0.0332778
2844.33	0.0328023
2842.4	0.0322148
2840.47	0.0318246
2838.55	0.0314451
2836.62	0.0308977
2834.69	0.0305156
2832.76	0.0299041
2830.83	0.0294688
2828.91	0.0293029
2826.98	0.0289997
2825.05	0.0284632
2823.12	0.0279891
2821.19	0.0276596
2819.27	0.0273331
2817.34	0.0269299
2815.41	0.0264501
2813.48	0.0259732
2811.55	0.0255489
2809.63	0.0251772
2807.7	0.0248688
2805.77	0.0244391
2803.84	0.0240244
2801.91	0.0238557
2799.99	0.0233945
2798.06	0.0228697
2796.13	0.0225901
2794.2	0.0221079
2792.27	0.0216096
2790.35	0.0213425
2788.42	0.0210968
2786.49	0.0206532
2784.56	0.0204589
2782.63	0.0202295
2780.71	0.0199172
2778.78	0.019603
2776.85	0.01925
2774.92	0.01902
2772.99	0.0186933
2771.06	0.0183869
2769.14	0.0179955
2767.21	0.0176347
2765.28	0.0174315
2763.35	0.0172516
2761.43	0.0170267
2759.5	0.0166216
2757.57	0.0164347
2755.64	0.0163802
2753.71	0.0162967
2751.78	0.0158914
2749.86	0.0153451
2747.93	0.0150695
2746	0.0149381
2744.07	0.0146611
2742.15	0.0144583
2740.22	0.0143833
2738.29	0.0141677
2736.36	0.0137621
2734.43	0.0135464
2732.5	0.0134366
2730.58	0.0131062
2728.65	0.0130152
2726.72	0.0130442
2724.79	0.0126749
2722.86	0.0123887
2720.94	0.0122929
2719.01	0.0122514
2717.08	0.0122947
2715.15	0.0121708
2713.22	0.0119233
2711.3	0.0116966
2709.37	0.0116168
2707.44	0.0114156
2705.51	0.0111924
2703.58	0.0112095
2701.66	0.0113206
2699.73	0.0112
2697.8	0.011083
2695.87	0.0109567
2693.94	0.0106814
2692.02	0.0104492
2690.09	0.0105296
2688.16	0.010373
2686.23	0.0101405
2684.3	0.010316
2682.38	0.0102999
2680.45	0.010043
2678.52	0.00986493
2676.59	0.00978867
2674.66	0.00991279
2672.74	0.00976522
2670.81	0.00971443
2668.88	0.00983036
2666.95	0.00977783
2665.02	0.00949509
2663.1	0.00970972
2661.17	0.00976526
2659.24	0.009458
2657.31	0.00927102
2655.38	0.0093265
2653.46	0.00942756
2651.53	0.00963677
2649.6	0.00972351
2647.67	0.00935358
2645.74	0.00938547
2643.81	0.00977793
2641.89	0.00971036
2639.96	0.00949885
2638.03	0.00971514
2636.1	0.0096921
2634.17	0.00936374
2632.25	0.00946363
2630.32	0.00964284
2628.39	0.00946417
2626.46	0.00949068
2624.53	0.00971778
2622.61	0.00971477
2620.68	0.0097107
2618.75	0.00974015
2616.82	0.0096262
2614.89	0.00974889
2612.97	0.00985713
2611.04	0.0100393
2609.11	0.00994459
2607.18	0.00996446
2605.25	0.00989605
2603.33	0.00982405
2601.4	0.00995541
2599.47	0.0102215
2597.54	0.0102717
2595.61	0.0101665
2593.69	0.0102465
2591.76	0.0101911
2589.83	0.0101085
2587.9	0.0100269
2585.97	0.00996388
2584.05	0.0101659
2582.12	0.0105152
2580.19	0.0106996
2578.26	0.0106412
2576.33	0.0105581
2574.41	0.0105526
2572.48	0.0106204
2570.55	0.0106954
2568.62	0.010716
2566.69	0.010665
2564.77	0.0106113
2562.84	0.0109013
2560.91	0.0112664
2558.98	0.0112211
2557.05	0.0112817
2555.13	0.0115344
2553.2	0.0113828
2551.27	0.0112951
2549.34	0.0112795
2547.41	0.0112776
2545.49	0.0113337
2543.56	0.0113151
2541.63	0.0112956
2539.7	0.0115799
2537.77	0.0118691
2535.85	0.0117239
2533.92	0.0116277
2531.99	0.0119759
2530.06	0.0122832
2528.13	0.0125362
2526.21	0.0124753
2524.28	0.0123942
2522.35	0.012492
2520.42	0.012439
2518.49	0.0122496
2516.56	0.012287
2514.64	0.0125688
2512.71	0.0129814
2510.78	0.0130922
2508.85	0.0131308
2506.92	0.0131531
2505	0.0132172
2503.07	0.0130157
2501.14	0.0128859
2499.21	0.0132327
2497.28	0.0137227
2495.36	0.0137329
2493.43	0.013576
2491.5	0.0139093
2489.57	0.0140408
2487.64	0.0138527
2485.72	0.0138305
2483.79	0.0139318
2481.86	0.0139687
2479.93	0.0139317
2478	0.0141231
2476.08	0.0146269
2474.15	0.0150374
2472.22	0.0153683
2470.29	0.0152719
2468.36	0.0149827
2466.44	0.0149629
2464.51	0.014959
2462.58	0.0150708
2460.65	0.015157
2458.72	0.0152168
2456.8	0.0154478
2454.87	0.0155394
2452.94	0.0156005
2451.01	0.0156279
2449.08	0.0157655
2447.16	0.0159365
2445.23	0.0160677
2443.3	0.0162301
2441.37	0.0162646
2439.44	0.0162613
2437.52	0.0164737
2435.59	0.016745
2433.66	0.0168451
2431.73	0.0171313
2429.8	0.0173103
2427.88	0.0173209
2425.95	0.0174145
2424.02	0.0174323
2422.09	0.0177209
2420.16	0.0177287
2418.24	0.017733
2416.31	0.0176607
2414.38	0.0180654
2412.45	0.0184769
2410.52	0.018118
2408.6	0.0179077
2406.67	0.0181939
2404.74	0.0185282
2402.81	0.0188794
2400.88	0.0188918
2398.95	0.0187508
2397.03	0.0189432
2395.1	0.0190667
2393.17	0.0189375
2391.24	0.019063
2389.31	0.0195069
2387.39	0.0194604
2385.46	0.0190518
2383.53	0.0190717
2381.6	0.0196326
2379.67	0.0199134
2377.75	0.0197717
2375.82	0.0201976
2373.89	0.0205931
2371.96	0.0209133
2370.03	0.0211179
2368.11	0.0210802
2366.18	0.0208189
2364.25	0.020942
2362.32	0.021226
2360.39	0.0214119
2358.47	0.0215827
2356.54	0.0216512
2354.61	0.0220237
2352.68	0.0227566
2350.75	0.0229485
2348.83	0.0229147
2346.9	0.0229154
2344.97	0.0229558
2343.04	0.0230461
2341.11	0.0232613
2339.19	0.0229888
2337.26	0.0230338
2335.33	0.0233277
2333.4	0.0236893
2331.47	0.0241061
2329.55	0.0244721
2327.62	0.0243171
2325.69	0.0245698
2323.76	0.0245106
2321.83	0.0244278
2319.91	0.0247778
2317.98	0.0252171
2316.05	0.0254513
2314.12	0.0257457
2312.19	0.0260418
2310.27	0.0263517
2308.34	0.0265582
2306.41	0.0272618
2304.48	0.0273105
2302.55	0.0265176
2300.63	0.0264467
2298.7	0.0270703
2296.77	0.0275526
2294.84	0.0280039
2292.91	0.0282215
2290.98	0.0277379
2289.06	0.0276548
2287.13	0.0280159
2285.2	0.0285759
2283.27	0.0286182
2281.35	0.0283996
2279.42	0.0287863
2277.49	0.0292248
2275.56	0.0293378
2273.63	0.0297948
2271.7	0.0296843
2269.78	0.0294794
2267.85	0.0292152
2265.92	0.0294339
2263.99	0.0299515
2262.06	0.030398
2260.14	0.0296962
2258.21	0.0295781
2256.28	0.0302697
2254.35	0.0301168
2252.42	0.0299738
2250.5	0.030354
2248.57	0.0301617
2246.64	0.0299906
2244.71	0.0302821
2242.78	0.0301905
2240.86	0.0304317
2238.93	0.0299198
2237	0.0295007
2235.07	0.0294228
2233.14	0.0295498
2231.22	0.0287653
2229.29	0.0277579
2227.36	0.0276838
2225.43	0.0286498
2223.5	0.029136
2221.58	0.0281081
2219.65	0.0277641
2217.72	0.0275102
2215.79	0.0271107
2213.86	0.0269658
2211.94	0.0274571
2210.01	0.0275194
2208.08	0.0270631
2206.15	0.0262408
2204.22	0.02575
2202.3	0.0254991
2200.37	0.0256166
2198.44	0.0259031
2196.51	0.0260103
2194.58	0.0261027
2192.66	0.0257717
2190.73	0.0252603
2188.8	0.0246572
2186.87	0.0245671
2184.94	0.0242654
2183.02	0.023674
2181.09	0.0225761
2179.16	0.0219554
2177.23	0.0216917
2175.3	0.0215645
2173.38	0.0214158
2171.45	0.021915
2169.52	0.0211973
2167.59	0.020301
2165.66	0.0202831
2163.73	0.0206127
2161.81	0.0209192
2159.88	0.0204052
2157.95	0.0204022
2156.02	0.0211026
2154.09	0.0207454
2152.17	0.019395
2150.24	0.0187397
2148.31	0.018435
2146.38	0.0182692
2144.45	0.0187061
2142.53	0.0184262
2140.6	0.0176992
2138.67	0.017292
2136.74	0.017352
2134.81	0.0167258
2132.89	0.015664
2130.96	0.0157537
2129.03	0.0163651
2127.1	0.0167825
2125.17	0.0163676
2123.25	0.0159434
2121.32	0.015753
2119.39	0.0154385
2117.46	0.0149378
2115.53	0.0146451
2113.61	0.0143246
2111.68	0.0135355
2109.75	0.0129256
2107.82	0.0127167
2105.89	0.0127679
2103.97	0.0138223
2102.04	0.0146785
2100.11	0.0132781
2098.18	0.0117961
2096.25	0.0117652
2094.33	0.0120675
2092.4	0.012112
2090.47	0.0129445
2088.54	0.0127144
2086.61	0.0123286
2084.69	0.0101293
2082.76	0.00841244
2080.83	0.0100502
2078.9	0.011546
2076.97	0.0111602
2075.05	0.0111908
2073.12	0.0114814
2071.19	0.0116702
2069.26	0.0112626
2067.33	0.00905944
2065.41	0.00695132
2063.48	0.00932464
2061.55	0.0114611
2059.62	0.0103999
2057.69	0.0102977
2055.77	0.00969373
2053.84	0.011774
2051.91	0.0114212
2049.98	0.00871057
2048.05	0.0085308
2046.12	0.00901465
2044.2	0.00874133
2042.27	0.00851292
2040.34	0.00902429
2038.41	0.00915046
2036.48	0.00875499
2034.56	0.00910972
2032.63	0.00832306
2030.7	0.00806307
2028.77	0.00886742
2026.84	0.00851495
2024.92	0.00800326
2022.99	0.00493133
2021.06	0.00526273
2019.13	0.00693496
2017.2	0.00720927
2015.28	0.00805929
2013.35	0.00787769
2011.42	0.00842369
2009.49	0.00806861
2007.56	0.00686531
2005.64	0.00711731
2003.71	0.00682387
2001.78	0.00751669
