nAHe0638.spa, Mon Oct 23 08:26:32 2006 (GMT-10:00)
9999.26	-0.0281075
9997.33	-0.0272303
9995.4	-0.0262277
9993.48	-0.0265464
9991.55	-0.0268668
9989.62	-0.0265623
9987.69	-0.0263315
9985.76	-0.0268198
9983.84	-0.0269724
9981.91	-0.026528
9979.98	-0.0269305
9978.05	-0.0270801
9976.12	-0.0265936
9974.2	-0.0268442
9972.27	-0.0272962
9970.34	-0.026744
9968.41	-0.0259908
9966.48	-0.0254827
9964.56	-0.0261935
9962.63	-0.0267328
9960.7	-0.0266146
9958.77	-0.0263543
9956.84	-0.0261686
9954.92	-0.0255081
9952.99	-0.0255169
9951.06	-0.0261814
9949.13	-0.0264577
9947.2	-0.0266849
9945.28	-0.0265696
9943.35	-0.0259781
9941.42	-0.0259217
9939.49	-0.0258711
9937.56	-0.0259769
9935.64	-0.0262739
9933.71	-0.026724
9931.78	-0.0259639
9929.85	-0.0252804
9927.92	-0.0255152
9926	-0.0262401
9924.07	-0.0260881
9922.14	-0.0260496
9920.21	-0.0266012
9918.28	-0.0272077
9916.36	-0.0270693
9914.43	-0.0264441
9912.5	-0.0254813
9910.57	-0.0251101
9908.64	-0.0259009
9906.71	-0.0257233
9904.79	-0.0254269
9902.86	-0.0267077
9900.93	-0.0272021
9899	-0.0263224
9897.08	-0.0254853
9895.15	-0.0253582
9893.22	-0.0253964
9891.29	-0.02583
9889.36	-0.0264508
9887.43	-0.0261799
9885.51	-0.025886
9883.58	-0.0260641
9881.65	-0.0261328
9879.72	-0.0257792
9877.79	-0.0255502
9875.87	-0.0256276
9873.94	-0.0260094
9872.01	-0.0257826
9870.08	-0.0263472
9868.15	-0.026468
9866.23	-0.0253893
9864.3	-0.0250148
9862.37	-0.0250768
9860.44	-0.0249727
9858.51	-0.0253988
9856.59	-0.0258562
9854.66	-0.0261091
9852.73	-0.0263319
9850.8	-0.0258138
9848.87	-0.0254204
9846.95	-0.025442
9845.02	-0.0258353
9843.09	-0.0256977
9841.16	-0.0255495
9839.23	-0.0254972
9837.31	-0.0251972
9835.38	-0.0252965
9833.45	-0.0256298
9831.52	-0.0256849
9829.59	-0.0250185
9827.67	-0.0252447
9825.74	-0.0261227
9823.81	-0.0256563
9821.88	-0.0251177
9819.95	-0.0250165
9818.03	-0.0252606
9816.1	-0.0259124
9814.17	-0.0256118
9812.24	-0.0253939
9810.31	-0.0256458
9808.39	-0.0258028
9806.46	-0.0251224
9804.53	-0.0247108
9802.6	-0.0251533
9800.67	-0.024816
9798.75	-0.024249
9796.82	-0.0247144
9794.89	-0.025009
9792.96	-0.0244352
9791.03	-0.0242292
9789.11	-0.0241524
9787.18	-0.0249089
9785.25	-0.0246926
9783.32	-0.024086
9781.39	-0.0246333
9779.46	-0.0252695
9777.54	-0.0246291
9775.61	-0.024234
9773.68	-0.024266
9771.75	-0.0243016
9769.83	-0.0245201
9767.9	-0.0239697
9765.97	-0.023936
9764.04	-0.024886
9762.11	-0.0248924
9760.18	-0.0245714
9758.26	-0.0246316
9756.33	-0.0249188
9754.4	-0.025209
9752.47	-0.0255688
9750.54	-0.0254518
9748.62	-0.0247473
9746.69	-0.0243308
9744.76	-0.0240832
9742.83	-0.0237828
9740.9	-0.0234203
9738.98	-0.0234958
9737.05	-0.0237494
9735.12	-0.0238928
9733.19	-0.0238508
9731.26	-0.0238646
9729.34	-0.0241575
9727.41	-0.0245514
9725.48	-0.0238974
9723.55	-0.0236309
9721.62	-0.0241948
9719.7	-0.0242297
9717.77	-0.0241507
9715.84	-0.0245823
9713.91	-0.0249637
9711.98	-0.0241404
9710.06	-0.023923
9708.13	-0.024326
9706.2	-0.024328
9704.27	-0.0241332
9702.34	-0.0240192
9700.42	-0.024248
9698.49	-0.0241159
9696.56	-0.024017
9694.63	-0.0239807
9692.7	-0.0242886
9690.78	-0.0245452
9688.85	-0.0238115
9686.92	-0.0234943
9684.99	-0.0238639
9683.06	-0.0237322
9681.14	-0.0238268
9679.21	-0.0237396
9677.28	-0.0236589
9675.35	-0.0237327
9673.42	-0.0235798
9671.5	-0.0232798
9669.57	-0.0235027
9667.64	-0.0235843
9665.71	-0.0237594
9663.78	-0.0233193
9661.86	-0.022952
9659.93	-0.0233395
9658	-0.023754
9656.07	-0.0238372
9654.14	-0.0230573
9652.21	-0.0227005
9650.29	-0.0234083
9648.36	-0.0235586
9646.43	-0.0236524
9644.5	-0.0232037
9642.57	-0.022841
9640.65	-0.0229988
9638.72	-0.0237371
9636.79	-0.0235558
9634.86	-0.0234057
9632.93	-0.0230024
9631.01	-0.0224259
9629.08	-0.0231881
9627.15	-0.0236563
9625.22	-0.023778
9623.29	-0.0237
9621.37	-0.0236285
9619.44	-0.0231695
9617.51	-0.0227886
9615.58	-0.022598
9613.65	-0.0231471
9611.73	-0.0239573
9609.8	-0.024187
9607.87	-0.0235046
9605.94	-0.0224644
9604.01	-0.0218077
9602.09	-0.0223336
9600.16	-0.0228408
9598.23	-0.0228638
9596.3	-0.0225898
9594.37	-0.0226834
9592.45	-0.0226661
9590.52	-0.0229768
9588.59	-0.0233683
9586.66	-0.023671
9584.73	-0.02359
9582.81	-0.0232999
9580.88	-0.0229847
9578.95	-0.0228832
9577.02	-0.0228845
9575.09	-0.0232682
9573.17	-0.0233503
9571.24	-0.0224449
9569.31	-0.0222129
9567.38	-0.0220967
9565.45	-0.0216425
9563.53	-0.021656
9561.6	-0.0220611
9559.67	-0.0224756
9557.74	-0.0229525
9555.81	-0.0229509
9553.88	-0.0230501
9551.96	-0.0226638
9550.03	-0.022334
9548.1	-0.0226749
9546.17	-0.0225455
9544.25	-0.022342
9542.32	-0.022408
9540.39	-0.0221903
9538.46	-0.0217457
9536.53	-0.021428
9534.6	-0.0217067
9532.68	-0.0225198
9530.75	-0.0237607
9528.82	-0.0239413
9526.89	-0.0237405
9524.96	-0.0234816
9523.04	-0.0229706
9521.11	-0.0226758
9519.18	-0.022548
9517.25	-0.0225044
9515.32	-0.0225512
9513.4	-0.0222231
9511.47	-0.0222315
9509.54	-0.022446
9507.61	-0.0221608
9505.68	-0.0221348
9503.76	-0.0225802
9501.83	-0.0224936
9499.9	-0.0224544
9497.97	-0.0228393
9496.04	-0.0229386
9494.12	-0.0224804
9492.19	-0.0226455
9490.26	-0.0229853
9488.33	-0.0230692
9486.4	-0.0227147
9484.48	-0.0219422
9482.55	-0.0214143
9480.62	-0.0218908
9478.69	-0.0220815
9476.76	-0.0222299
9474.84	-0.0220485
9472.91	-0.0212586
9470.98	-0.0210428
9469.05	-0.0216412
9467.12	-0.0221706
9465.2	-0.0218634
9463.27	-0.0215954
9461.34	-0.0219107
9459.41	-0.0221228
9457.48	-0.022072
9455.56	-0.0216715
9453.63	-0.0219003
9451.7	-0.0223078
9449.77	-0.0219306
9447.84	-0.0215932
9445.92	-0.0221714
9443.99	-0.022195
9442.06	-0.0221562
9440.13	-0.0224688
9438.2	-0.0222469
9436.28	-0.0217375
9434.35	-0.0216323
9432.42	-0.0218094
9430.49	-0.0218058
9428.56	-0.0215343
9426.63	-0.021199
9424.71	-0.021161
9422.78	-0.0215385
9420.85	-0.0222127
9418.92	-0.0222023
9417	-0.0221896
9415.07	-0.0222768
9413.14	-0.0216806
9411.21	-0.0216335
9409.28	-0.0215965
9407.35	-0.0217835
9405.43	-0.0213052
9403.5	-0.0206072
9401.57	-0.0209215
9399.64	-0.0212714
9397.71	-0.0209688
9395.79	-0.0208694
9393.86	-0.0212854
9391.93	-0.0216048
9390	-0.0215861
9388.07	-0.0215292
9386.15	-0.0215316
9384.22	-0.0212556
9382.29	-0.0214012
9380.36	-0.0213734
9378.43	-0.0210124
9376.51	-0.0207725
9374.58	-0.0207918
9372.65	-0.0212147
9370.72	-0.0216258
9368.79	-0.0219317
9366.87	-0.0213292
9364.94	-0.0209786
9363.01	-0.0210272
9361.08	-0.0213694
9359.15	-0.0216534
9357.23	-0.0209799
9355.3	-0.0204596
9353.37	-0.0207583
9351.44	-0.0214304
9349.51	-0.0212963
9347.59	-0.0210271
9345.66	-0.0207321
9343.73	-0.0209187
9341.8	-0.021522
9339.87	-0.0217797
9337.95	-0.0215158
9336.02	-0.0211181
9334.09	-0.0204803
9332.16	-0.0202103
9330.23	-0.0208789
9328.31	-0.0208519
9326.38	-0.0208321
9324.45	-0.0212333
9322.52	-0.0208316
9320.59	-0.0206015
9318.67	-0.0205453
9316.74	-0.020661
9314.81	-0.0207457
9312.88	-0.0203608
9310.95	-0.0202855
9309.03	-0.0202751
9307.1	-0.0208787
9305.17	-0.0212401
9303.24	-0.0209026
9301.31	-0.0205767
9299.38	-0.0207314
9297.46	-0.0209869
9295.53	-0.0205672
9293.6	-0.0203103
9291.67	-0.0205642
9289.74	-0.0203478
9287.82	-0.0200154
9285.89	-0.0199073
9283.96	-0.0200059
9282.03	-0.0201534
9280.1	-0.020156
9278.18	-0.0206259
9276.25	-0.020562
9274.32	-0.0201057
9272.39	-0.020694
9270.46	-0.0209542
9268.54	-0.0204505
9266.61	-0.0199515
9264.68	-0.0196185
9262.75	-0.0195031
9260.82	-0.020179
9258.9	-0.0202909
9256.97	-0.019826
9255.04	-0.0201168
9253.11	-0.0204201
9251.18	-0.0206271
9249.26	-0.0204803
9247.33	-0.0205967
9245.4	-0.020999
9243.47	-0.0204979
9241.54	-0.0202236
9239.62	-0.0202657
9237.69	-0.0202296
9235.76	-0.0199922
9233.83	-0.0200205
9231.9	-0.0200173
9229.98	-0.0200834
9228.05	-0.0200396
9226.12	-0.0202493
9224.19	-0.0201156
9222.26	-0.0198065
9220.34	-0.0196442
9218.41	-0.0195125
9216.48	-0.0193506
9214.55	-0.0192836
9212.62	-0.0192147
9210.7	-0.0193608
9208.77	-0.0196084
9206.84	-0.0195582
9204.91	-0.0196636
9202.98	-0.0200395
9201.05	-0.0193709
9199.13	-0.0192666
9197.2	-0.0196553
9195.27	-0.0198001
9193.34	-0.0198084
9191.42	-0.0198847
9189.49	-0.0195505
9187.56	-0.0194414
9185.63	-0.0193394
9183.7	-0.0192121
9181.77	-0.019403
9179.85	-0.0196375
9177.92	-0.0194615
9175.99	-0.0193182
9174.06	-0.0193358
9172.13	-0.0198104
9170.21	-0.0196431
9168.28	-0.0190222
9166.35	-0.0192469
9164.42	-0.0194453
9162.49	-0.0193517
9160.57	-0.0191755
9158.64	-0.0190887
9156.71	-0.0188784
9154.78	-0.0187728
9152.85	-0.0191978
9150.93	-0.0194504
9149	-0.0194556
9147.07	-0.0190075
9145.14	-0.0186583
9143.21	-0.0185841
9141.29	-0.0190165
9139.36	-0.0193556
9137.43	-0.0189968
9135.5	-0.0183722
9133.57	-0.0183646
9131.65	-0.01892
9129.72	-0.0191023
9127.79	-0.0185762
9125.86	-0.0183385
9123.93	-0.0183139
9122.01	-0.0185299
9120.08	-0.0187875
9118.15	-0.019033
9116.22	-0.0193338
9114.29	-0.0194602
9112.37	-0.0192292
9110.44	-0.0187506
9108.51	-0.0182746
9106.58	-0.0183481
9104.65	-0.0188085
9102.73	-0.0186607
9100.8	-0.0184857
9098.87	-0.0186582
9096.94	-0.0186923
9095.01	-0.018781
9093.08	-0.0189997
9091.16	-0.0189924
9089.23	-0.0191491
9087.3	-0.018503
9085.37	-0.0180019
9083.45	-0.0182347
9081.52	-0.0182494
9079.59	-0.0182567
9077.66	-0.0180914
9075.73	-0.0180166
9073.8	-0.0186405
9071.88	-0.0190461
9069.95	-0.0188123
9068.02	-0.0184128
9066.09	-0.0184045
9064.17	-0.01845
9062.24	-0.0182416
9060.31	-0.0177615
9058.38	-0.0179221
9056.45	-0.0182834
9054.52	-0.0183342
9052.6	-0.018007
9050.67	-0.0181361
9048.74	-0.0186078
9046.81	-0.0185783
9044.88	-0.0180407
9042.96	-0.0177427
9041.03	-0.0181646
9039.1	-0.0184892
9037.17	-0.0183347
9035.24	-0.0183186
9033.32	-0.0179479
9031.39	-0.0177058
9029.46	-0.0183219
9027.53	-0.0184667
9025.6	-0.0179266
9023.68	-0.01798
9021.75	-0.0181932
9019.82	-0.0183089
9017.89	-0.0178614
9015.96	-0.0175923
9014.04	-0.0182796
9012.11	-0.0185068
9010.18	-0.0183903
9008.25	-0.018122
9006.32	-0.0180237
9004.4	-0.0178022
9002.47	-0.0179785
9000.54	-0.0182634
8998.61	-0.0179843
8996.68	-0.0178725
8994.76	-0.0180259
8992.83	-0.018015
8990.9	-0.0179277
8988.97	-0.0177684
8987.04	-0.017928
8985.12	-0.0183913
8983.19	-0.0181143
8981.26	-0.017491
8979.33	-0.0171822
8977.4	-0.017143
8975.48	-0.0171136
8973.55	-0.0171051
8971.62	-0.0174083
8969.69	-0.0177466
8967.76	-0.0177706
8965.83	-0.0180162
8963.91	-0.0183053
8961.98	-0.0179899
8960.05	-0.0172006
8958.12	-0.0170834
8956.2	-0.0173822
8954.27	-0.0177282
8952.34	-0.0177926
8950.41	-0.0177198
8948.48	-0.0176587
8946.55	-0.0175889
8944.63	-0.017807
8942.7	-0.0181603
8940.77	-0.0176599
8938.84	-0.0174871
8936.92	-0.0175804
8934.99	-0.0174338
8933.06	-0.0172811
8931.13	-0.0170131
8929.2	-0.0171939
8927.27	-0.0173322
8925.35	-0.0171599
8923.42	-0.0173293
8921.49	-0.0175505
8919.56	-0.0173937
8917.63	-0.0174242
8915.71	-0.017367
8913.78	-0.0172695
8911.85	-0.0171553
8909.92	-0.0171366
8907.99	-0.0174866
8906.07	-0.0174171
8904.14	-0.0169527
8902.21	-0.0170737
8900.28	-0.0172596
8898.35	-0.0172986
8896.43	-0.0173751
8894.5	-0.0175891
8892.57	-0.0173767
8890.64	-0.0169837
8888.71	-0.0169673
8886.79	-0.0173996
8884.86	-0.0175488
8882.93	-0.0175126
8881	-0.0177195
8879.07	-0.0175892
8877.15	-0.0176271
8875.22	-0.0179228
8873.29	-0.0177713
8871.36	-0.017425
8869.43	-0.0171437
8867.51	-0.0171604
8865.58	-0.0173646
8863.65	-0.0169673
8861.72	-0.0167063
8859.79	-0.0168252
8857.87	-0.016957
8855.94	-0.0169654
8854.01	-0.0165472
8852.08	-0.0161318
8850.15	-0.0160558
8848.22	-0.0168115
8846.3	-0.0174704
8844.37	-0.0169573
8842.44	-0.0165547
8840.51	-0.016913
8838.58	-0.0168562
8836.66	-0.0167259
8834.73	-0.0166269
8832.8	-0.0166095
8830.87	-0.0166111
8828.94	-0.0164345
8827.02	-0.0165453
8825.09	-0.0166378
8823.16	-0.0164095
8821.23	-0.016356
8819.3	-0.016227
8817.38	-0.0164049
8815.45	-0.016625
8813.52	-0.0166458
8811.59	-0.0168202
8809.66	-0.017169
8807.74	-0.0167043
8805.81	-0.0161136
8803.88	-0.0162499
8801.95	-0.0166968
8800.02	-0.0168144
8798.1	-0.0166854
8796.17	-0.016273
8794.24	-0.0161884
8792.31	-0.0164222
8790.38	-0.0166136
8788.46	-0.016651
8786.53	-0.0164044
8784.6	-0.0160873
8782.67	-0.0160798
8780.74	-0.0158794
8778.82	-0.0157975
8776.89	-0.0163909
8774.96	-0.0165653
8773.03	-0.0163098
8771.1	-0.0162117
8769.18	-0.0160656
8767.25	-0.0159379
8765.32	-0.0158624
8763.39	-0.0161448
8761.46	-0.0161508
8759.54	-0.0160829
8757.61	-0.0162824
8755.68	-0.0162838
8753.75	-0.0164496
8751.82	-0.0164231
8749.9	-0.0163247
8747.97	-0.0161996
8746.04	-0.0161111
8744.11	-0.0162702
8742.18	-0.0162601
8740.25	-0.0158781
8738.33	-0.0159647
8736.4	-0.0160856
8734.47	-0.0157116
8732.54	-0.015815
8730.62	-0.0158723
8728.69	-0.0157917
8726.76	-0.0160591
8724.83	-0.0162609
8722.9	-0.0161258
8720.97	-0.0156829
8719.05	-0.0153524
8717.12	-0.0153987
8715.19	-0.0161302
8713.26	-0.0164589
8711.33	-0.0161169
8709.41	-0.0158704
8707.48	-0.0158206
8705.55	-0.0157865
8703.62	-0.015686
8701.69	-0.015679
8699.77	-0.0158512
8697.84	-0.0162456
8695.91	-0.0161538
8693.98	-0.0158769
8692.05	-0.0157344
8690.13	-0.0158143
8688.2	-0.0158767
8686.27	-0.0154015
8684.34	-0.0150175
8682.41	-0.0152886
8680.49	-0.0159004
8678.56	-0.0160624
8676.63	-0.0158758
8674.7	-0.0157424
8672.77	-0.0154295
8670.85	-0.0152968
8668.92	-0.0154773
8666.99	-0.0152782
8665.06	-0.0152521
8663.13	-0.0152684
8661.21	-0.0154733
8659.28	-0.0158233
8657.35	-0.015443
8655.42	-0.0152223
8653.49	-0.0153379
8651.57	-0.0152441
8649.64	-0.0153773
8647.71	-0.0156896
8645.78	-0.0158698
8643.85	-0.0156403
8641.93	-0.0154647
8640	-0.0155704
8638.07	-0.0156557
8636.14	-0.0154611
8634.21	-0.0151117
8632.29	-0.0150811
8630.36	-0.015212
8628.43	-0.0151405
8626.5	-0.0150053
8624.57	-0.0149217
8622.65	-0.0148934
8620.72	-0.0152523
8618.79	-0.015425
8616.86	-0.0151658
8614.93	-0.0149695
8613	-0.0149036
8611.08	-0.0151006
8609.15	-0.0151531
8607.22	-0.0150529
8605.29	-0.0151067
8603.37	-0.0151166
8601.44	-0.0148638
8599.51	-0.0144171
8597.58	-0.0147217
8595.65	-0.0150756
8593.72	-0.0153416
8591.8	-0.0155105
8589.87	-0.0151353
8587.94	-0.0149757
8586.01	-0.0148706
8584.08	-0.0148828
8582.16	-0.0150917
8580.23	-0.0150704
8578.3	-0.0149878
8576.37	-0.0148147
8574.44	-0.0147623
8572.52	-0.0146106
8570.59	-0.0147474
8568.66	-0.01503
8566.73	-0.0148878
8564.8	-0.0147969
8562.88	-0.0148079
8560.95	-0.0146074
8559.02	-0.014427
8557.09	-0.0148898
8555.16	-0.0149872
8553.24	-0.0147281
8551.31	-0.0144208
8549.38	-0.0142687
8547.45	-0.0142329
8545.52	-0.0143755
8543.6	-0.0142487
8541.67	-0.0142584
8539.74	-0.0147743
8537.81	-0.0148689
8535.88	-0.0145788
8533.96	-0.0144764
8532.03	-0.014352
8530.1	-0.0144002
8528.17	-0.0144686
8526.24	-0.0142245
8524.32	-0.0142019
8522.39	-0.0142733
8520.46	-0.0143708
8518.53	-0.0143255
8516.6	-0.014327
8514.68	-0.0144874
8512.75	-0.0145538
8510.82	-0.014557
8508.89	-0.0143176
8506.96	-0.0143736
8505.04	-0.0145282
8503.11	-0.0143108
8501.18	-0.0141864
8499.25	-0.0144266
8497.32	-0.0146614
8495.39	-0.0147574
8493.47	-0.0146375
8491.54	-0.0145804
8489.61	-0.0145364
8487.68	-0.0141636
8485.75	-0.0137755
8483.83	-0.013817
8481.9	-0.0139364
8479.97	-0.0140004
8478.04	-0.0142617
8476.11	-0.0143222
8474.19	-0.0143153
8472.26	-0.0142444
8470.33	-0.0138927
8468.4	-0.0135464
8466.47	-0.0137713
8464.55	-0.0139574
8462.62	-0.0137677
8460.69	-0.0136579
8458.76	-0.0138661
8456.83	-0.0139618
8454.91	-0.0140724
8452.98	-0.0140577
8451.05	-0.0139195
8449.12	-0.0136153
8447.19	-0.0136652
8445.27	-0.0138704
8443.34	-0.0139875
8441.41	-0.0139554
8439.48	-0.0139277
8437.55	-0.0138668
8435.63	-0.0137355
8433.7	-0.0137591
8431.77	-0.0138954
8429.84	-0.014052
8427.91	-0.0139993
8425.99	-0.0138941
8424.06	-0.0139042
8422.13	-0.0137286
8420.2	-0.0137295
8418.27	-0.0139197
8416.35	-0.0138783
8414.42	-0.0139286
8412.49	-0.0141532
8410.56	-0.0139037
8408.63	-0.0136341
8406.71	-0.0133522
8404.78	-0.0133857
8402.85	-0.0138278
8400.92	-0.0139788
8398.99	-0.0138222
8397.07	-0.0137636
8395.14	-0.0136366
8393.21	-0.0137957
8391.28	-0.0138223
8389.35	-0.0136321
8387.43	-0.0133977
8385.5	-0.0132359
8383.57	-0.0134369
8381.64	-0.0137346
8379.71	-0.0139505
8377.79	-0.0137605
8375.86	-0.0135469
8373.93	-0.013617
8372	-0.0135946
8370.07	-0.0135859
8368.14	-0.0134524
8366.22	-0.0134569
8364.29	-0.0134755
8362.36	-0.0133503
8360.43	-0.0133133
8358.5	-0.0130309
8356.58	-0.0130268
8354.65	-0.0133934
8352.72	-0.0138866
8350.79	-0.0136235
8348.86	-0.0134565
8346.94	-0.0137419
8345.01	-0.0136646
8343.08	-0.0134924
8341.15	-0.0132834
8339.22	-0.0135288
8337.3	-0.0134425
8335.37	-0.0132118
8333.44	-0.0133
8331.51	-0.013197
8329.58	-0.013269
8327.66	-0.0133329
8325.73	-0.0132853
8323.8	-0.013249
8321.87	-0.0132535
8319.94	-0.0131175
8318.02	-0.013201
8316.09	-0.0131593
8314.16	-0.0128723
8312.23	-0.0128995
8310.3	-0.013038
8308.38	-0.0131621
8306.45	-0.0131969
8304.52	-0.0129959
8302.59	-0.0130209
8300.66	-0.013066
8298.74	-0.013095
8296.81	-0.0129223
8294.88	-0.0123997
8292.95	-0.0125256
8291.02	-0.0129576
8289.1	-0.013134
8287.17	-0.0128944
8285.24	-0.012566
8283.31	-0.0124034
8281.38	-0.0125516
8279.46	-0.0126529
8277.53	-0.0126622
8275.6	-0.012737
8273.67	-0.0127997
8271.74	-0.01284
8269.82	-0.0128691
8267.89	-0.0127877
8265.96	-0.0126274
8264.03	-0.0125417
8262.1	-0.0126157
8260.17	-0.0126694
8258.25	-0.0127877
8256.32	-0.0128455
8254.39	-0.0128633
8252.46	-0.0129274
8250.54	-0.012707
8248.61	-0.0127414
8246.68	-0.0130921
8244.75	-0.0130991
8242.82	-0.0127061
8240.89	-0.0125294
8238.97	-0.0126968
8237.04	-0.0128124
8235.11	-0.0127818
8233.18	-0.0129843
8231.25	-0.0132354
8229.33	-0.0128813
8227.4	-0.0126886
8225.47	-0.0125437
8223.54	-0.0124597
8221.61	-0.012486
8219.69	-0.0125219
8217.76	-0.0125711
8215.83	-0.0127475
8213.9	-0.0127113
8211.97	-0.0124619
8210.05	-0.0127148
8208.12	-0.0129658
8206.19	-0.0128524
8204.26	-0.0124069
8202.33	-0.0121731
8200.41	-0.012414
8198.48	-0.0126576
8196.55	-0.0127791
8194.62	-0.012698
8192.69	-0.0124989
8190.77	-0.0125447
8188.84	-0.0125476
8186.91	-0.012366
8184.98	-0.0124301
8183.05	-0.0123437
8181.13	-0.0121462
8179.2	-0.0120803
8177.27	-0.012339
8175.34	-0.0125571
8173.41	-0.0123768
8171.49	-0.0121664
8169.56	-0.0121478
8167.63	-0.0124965
8165.7	-0.0126759
8163.77	-0.012415
8161.85	-0.0119139
8159.92	-0.0119671
8157.99	-0.0124102
8156.06	-0.0127658
8154.13	-0.012689
8152.21	-0.0127802
8150.28	-0.0129478
8148.35	-0.0126199
8146.42	-0.0124214
8144.49	-0.0124005
8142.56	-0.0122643
8140.64	-0.0120884
8138.71	-0.0120209
8136.78	-0.0120278
8134.85	-0.0119908
8132.92	-0.0119775
8131	-0.0122302
8129.07	-0.0120725
8127.14	-0.0119893
8125.21	-0.0122151
8123.28	-0.0123237
8121.36	-0.0121171
8119.43	-0.011971
8117.5	-0.0118966
8115.57	-0.0117994
8113.64	-0.011933
8111.72	-0.0120256
8109.79	-0.0120983
8107.86	-0.0121168
8105.93	-0.0122678
8104	-0.0121957
8102.08	-0.0119518
8100.15	-0.0114778
8098.22	-0.0115196
8096.29	-0.0117615
8094.36	-0.0118877
8092.44	-0.0118607
8090.51	-0.011875
8088.58	-0.0116435
8086.65	-0.0115969
8084.72	-0.0117259
8082.8	-0.0118117
8080.87	-0.0117669
8078.94	-0.0114908
8077.01	-0.0113924
8075.08	-0.0118515
8073.16	-0.0122143
8071.23	-0.0119
8069.3	-0.011615
8067.37	-0.0116376
8065.44	-0.0116526
8063.52	-0.0116056
8061.59	-0.0114186
8059.66	-0.0112999
8057.73	-0.011329
8055.8	-0.0115607
8053.88	-0.0117002
8051.95	-0.0115449
8050.02	-0.0113945
8048.09	-0.0113562
8046.16	-0.0117172
8044.24	-0.0119592
8042.31	-0.0115241
8040.38	-0.0114003
8038.45	-0.0113239
8036.52	-0.0111974
8034.6	-0.0112524
8032.67	-0.0113131
8030.74	-0.0113912
8028.81	-0.0114419
8026.88	-0.0113826
8024.96	-0.0112215
8023.03	-0.0113019
8021.1	-0.0113057
8019.17	-0.0114306
8017.24	-0.0114335
8015.31	-0.0113521
8013.39	-0.0113425
8011.46	-0.0112817
8009.53	-0.0113465
8007.6	-0.0113083
8005.67	-0.0113781
8003.75	-0.0112918
8001.82	-0.0111342
7999.89	-0.0113714
7997.96	-0.0116535
7996.03	-0.0115788
7994.11	-0.0113122
7992.18	-0.0111239
7990.25	-0.0109187
7988.32	-0.0111025
7986.39	-0.0112709
7984.47	-0.0110532
7982.54	-0.0108665
7980.61	-0.0109467
7978.68	-0.0112506
7976.75	-0.0113908
7974.83	-0.0111606
7972.9	-0.0111509
7970.97	-0.0113171
7969.04	-0.0113305
7967.11	-0.0112518
7965.19	-0.0111327
7963.26	-0.0111656
7961.33	-0.011163
7959.4	-0.0108758
7957.47	-0.0107031
7955.55	-0.0107684
7953.62	-0.0108675
7951.69	-0.0109509
7949.76	-0.0109288
7947.83	-0.0110384
7945.91	-0.011022
7943.98	-0.0110666
7942.05	-0.0109581
7940.12	-0.0107114
7938.19	-0.0107103
7936.27	-0.0107214
7934.34	-0.0106677
7932.41	-0.0106676
7930.48	-0.0107217
7928.55	-0.0106668
7926.63	-0.0108193
7924.7	-0.0109082
7922.77	-0.010638
7920.84	-0.0106755
7918.91	-0.0109291
7916.99	-0.0109909
7915.06	-0.010739
7913.13	-0.0104159
7911.2	-0.0105778
7909.27	-0.0108956
7907.35	-0.0109261
7905.42	-0.0109447
7903.49	-0.0109746
7901.56	-0.011035
7899.63	-0.0109845
7897.71	-0.0107184
7895.78	-0.010757
7893.85	-0.0108614
7891.92	-0.010789
7889.99	-0.0107389
7888.06	-0.0109208
7886.14	-0.0108799
7884.21	-0.0106512
7882.28	-0.0105836
7880.35	-0.0105601
7878.42	-0.0107421
7876.5	-0.0109438
7874.57	-0.0107611
7872.64	-0.0104425
7870.71	-0.0103678
7868.78	-0.0105271
7866.86	-0.0105268
7864.93	-0.0103123
7863	-0.0103977
7861.07	-0.010533
7859.14	-0.0103225
7857.22	-0.010272
7855.29	-0.0105829
7853.36	-0.0105157
7851.43	-0.0102644
7849.5	-0.010449
7847.58	-0.0105411
7845.65	-0.0103866
7843.72	-0.0102511
7841.79	-0.0101861
7839.86	-0.010325
7837.94	-0.010582
7836.01	-0.0104372
7834.08	-0.0103622
7832.15	-0.0104034
7830.22	-0.0102106
7828.3	-0.0102788
7826.37	-0.0103804
7824.44	-0.0104266
7822.51	-0.0102514
7820.58	-0.0102537
7818.66	-0.0103622
7816.73	-0.0103073
7814.8	-0.0100791
7812.87	-0.0101372
7810.94	-0.0102136
7809.02	-0.0101648
7807.09	-0.0101227
7805.16	-0.00990276
7803.23	-0.00982891
7801.3	-0.00998119
7799.38	-0.0101952
7797.45	-0.0101768
7795.52	-0.0101033
7793.59	-0.0100737
7791.66	-0.0101384
7789.74	-0.0101313
7787.81	-0.0100037
7785.88	-0.00977111
7783.95	-0.00992701
7782.02	-0.0100462
7780.09	-0.0099013
7778.17	-0.00996484
7776.24	-0.0100974
7774.31	-0.0099424
7772.38	-0.00990305
7770.46	-0.010019
7768.53	-0.0099014
7766.6	-0.00991769
7764.67	-0.0100047
7762.74	-0.00988491
7760.81	-0.0097588
7758.89	-0.00991581
7756.96	-0.0100055
7755.03	-0.00989942
7753.1	-0.00983438
7751.17	-0.0100141
7749.25	-0.0100987
7747.32	-0.00992112
7745.39	-0.00976412
7743.46	-0.00974879
7741.53	-0.00960142
7739.61	-0.00953219
7737.68	-0.00973269
7735.75	-0.00985077
7733.82	-0.00986434
7731.89	-0.00986677
7729.97	-0.00988225
7728.04	-0.0098532
7726.11	-0.00969057
7724.18	-0.00955572
7722.25	-0.00953439
7720.33	-0.00956505
7718.4	-0.00977983
7716.47	-0.00998436
7714.54	-0.00979062
7712.61	-0.00965726
7710.69	-0.00973415
7708.76	-0.00982862
7706.83	-0.00976823
7704.9	-0.00940656
7702.97	-0.00927234
7701.05	-0.00955264
7699.12	-0.00979784
7697.19	-0.00957047
7695.26	-0.00950791
7693.33	-0.00976587
7691.41	-0.0096919
7689.48	-0.00940134
7687.55	-0.00947322
7685.62	-0.00944647
7683.69	-0.00936768
7681.77	-0.00939589
7679.84	-0.00934544
7677.91	-0.00955267
7675.98	-0.0096998
7674.05	-0.00963529
7672.12	-0.00940958
7670.2	-0.00926702
7668.27	-0.00935958
7666.34	-0.00950022
7664.41	-0.00947763
7662.48	-0.00935698
7660.56	-0.00923208
7658.63	-0.00936603
7656.7	-0.0094988
7654.77	-0.00945973
7652.84	-0.00929948
7650.92	-0.00921801
7648.99	-0.00931696
7647.06	-0.00948359
7645.13	-0.00945604
7643.2	-0.00932838
7641.28	-0.00919089
7639.35	-0.00922216
7637.42	-0.00941723
7635.49	-0.00913749
7633.56	-0.00901834
7631.64	-0.00925109
7629.71	-0.00932588
7627.78	-0.00929631
7625.85	-0.00931833
7623.92	-0.00936337
7622	-0.00925135
7620.07	-0.00918171
7618.14	-0.00937355
7616.21	-0.00934346
7614.28	-0.00934887
7612.36	-0.00936515
7610.43	-0.00913243
7608.5	-0.00907727
7606.57	-0.00906653
7604.64	-0.00915981
7602.72	-0.0091371
7600.79	-0.00899273
7598.86	-0.0091261
7596.93	-0.00897926
7595	-0.00884861
7593.08	-0.00896479
7591.15	-0.00896605
7589.22	-0.00895141
7587.29	-0.00879893
7585.36	-0.00891869
7583.44	-0.00914803
7581.51	-0.00919819
7579.58	-0.00917353
7577.65	-0.00898845
7575.72	-0.00887451
7573.8	-0.0088601
7571.87	-0.00894846
7569.94	-0.00885094
7568.01	-0.00874571
7566.08	-0.00895531
7564.16	-0.00892798
7562.23	-0.00894528
7560.3	-0.00904634
7558.37	-0.00903352
7556.44	-0.00891951
7554.52	-0.00884124
7552.59	-0.0089755
7550.66	-0.00883257
7548.73	-0.00869817
7546.8	-0.00878461
7544.88	-0.00878016
7542.95	-0.00875178
7541.02	-0.00880127
7539.09	-0.00876428
7537.16	-0.00874113
7535.23	-0.00878847
7533.31	-0.00880163
7531.38	-0.00878305
7529.45	-0.00877649
7527.52	-0.00858539
7525.59	-0.00849403
7523.67	-0.00875341
7521.74	-0.00875646
7519.81	-0.00859439
7517.88	-0.00845455
7515.95	-0.00843554
7514.03	-0.00884718
7512.1	-0.00903083
7510.17	-0.00876188
7508.24	-0.00838133
7506.31	-0.00822553
7504.39	-0.00842693
7502.46	-0.00868888
7500.53	-0.00868923
7498.6	-0.00852964
7496.67	-0.00849494
7494.75	-0.0085814
7492.82	-0.00856931
7490.89	-0.00847385
7488.96	-0.00864068
7487.03	-0.00870599
7485.11	-0.00852006
7483.18	-0.00833879
7481.25	-0.00845852
7479.32	-0.00851951
7477.39	-0.00845091
7475.47	-0.00847431
7473.54	-0.00840698
7471.61	-0.00819494
7469.68	-0.00815338
7467.75	-0.00827209
7465.83	-0.00840642
7463.9	-0.00836671
7461.97	-0.00828018
7460.04	-0.00812909
7458.11	-0.00800026
7456.19	-0.0081591
7454.26	-0.00839261
7452.33	-0.00834275
7450.4	-0.00819874
7448.47	-0.00818899
7446.54	-0.00827631
7444.62	-0.00829517
7442.69	-0.00822085
7440.76	-0.00812125
7438.83	-0.00825121
7436.91	-0.00836356
7434.98	-0.00827586
7433.05	-0.00812249
7431.12	-0.0081008
7429.19	-0.0080711
7427.26	-0.00821077
7425.34	-0.00817689
7423.41	-0.00815611
7421.48	-0.0081338
7419.55	-0.00796086
7417.62	-0.00791249
7415.7	-0.00803422
7413.77	-0.00811745
7411.84	-0.00813901
7409.91	-0.0080619
7407.98	-0.00801464
7406.06	-0.00806765
7404.13	-0.00804752
7402.2	-0.00788411
7400.27	-0.00779674
7398.34	-0.00793129
7396.42	-0.00791877
7394.49	-0.00782717
7392.56	-0.00794375
7390.63	-0.0081646
7388.7	-0.00812756
7386.78	-0.00799486
7384.85	-0.00789589
7382.92	-0.00780042
7380.99	-0.00787806
7379.06	-0.0078806
7377.14	-0.00775821
7375.21	-0.00773712
7373.28	-0.00777952
7371.35	-0.00775277
7369.42	-0.00781562
7367.5	-0.00790133
7365.57	-0.00789807
7363.64	-0.00789101
7361.71	-0.00769561
7359.78	-0.00762015
7357.86	-0.00769109
7355.93	-0.00767156
7354	-0.00766524
7352.07	-0.0077252
7350.14	-0.00779664
7348.22	-0.00787129
7346.29	-0.0077018
7344.36	-0.00752598
7342.43	-0.00749211
7340.5	-0.00751514
7338.58	-0.00766046
7336.65	-0.00782115
7334.72	-0.00792072
7332.79	-0.00762536
7330.86	-0.00732358
7328.94	-0.00753465
7327.01	-0.00774808
7325.08	-0.00779436
7323.15	-0.00773282
7321.22	-0.00765694
7319.29	-0.00771537
7317.37	-0.00769851
7315.44	-0.0076252
7313.51	-0.00758922
7311.58	-0.00747557
7309.65	-0.00741906
7307.73	-0.00750814
7305.8	-0.00731853
7303.87	-0.00715041
7301.94	-0.0071937
7300.01	-0.00712841
7298.09	-0.00715169
7296.16	-0.00723195
7294.23	-0.0073861
7292.3	-0.0074174
7290.37	-0.00735759
7288.45	-0.00735678
7286.52	-0.00743632
7284.59	-0.00744111
7282.66	-0.00747143
7280.73	-0.00735632
7278.81	-0.00729813
7276.88	-0.00731351
7274.95	-0.0073241
7273.02	-0.00744609
7271.09	-0.00738753
7269.17	-0.00736694
7267.24	-0.00735433
7265.31	-0.00720579
7263.38	-0.00721768
7261.45	-0.00717483
7259.53	-0.0071054
7257.6	-0.00711127
7255.67	-0.00717007
7253.74	-0.00728982
7251.81	-0.0074231
7249.89	-0.00737678
7247.96	-0.00718056
7246.03	-0.00707329
7244.1	-0.00704239
7242.17	-0.00712714
7240.25	-0.00722338
7238.32	-0.00723652
7236.39	-0.00703766
7234.46	-0.00693036
7232.53	-0.00686976
7230.61	-0.0069761
7228.68	-0.00709891
7226.75	-0.00719604
7224.82	-0.00710996
7222.89	-0.00713291
7220.97	-0.00713047
7219.04	-0.00712887
7217.11	-0.00732078
7215.18	-0.00734599
7213.25	-0.0072184
7211.33	-0.00728269
7209.4	-0.00731915
7207.47	-0.00721732
7205.54	-0.00741206
7203.61	-0.00732205
7201.69	-0.00692592
7199.76	-0.00682227
7197.83	-0.00714898
7195.9	-0.00734241
7193.97	-0.00721426
7192.04	-0.00691822
7190.12	-0.00681057
7188.19	-0.00694438
7186.26	-0.00694024
7184.33	-0.00686774
7182.4	-0.00690417
7180.48	-0.00681314
7178.55	-0.00696277
7176.62	-0.00701774
7174.69	-0.00693521
7172.76	-0.00696081
7170.84	-0.00700483
7168.91	-0.00698905
7166.98	-0.00695093
7165.05	-0.00688662
7163.12	-0.00678411
7161.2	-0.00671488
7159.27	-0.00665752
7157.34	-0.00690146
7155.41	-0.00687906
7153.48	-0.00674128
7151.56	-0.00672072
7149.63	-0.00675103
7147.7	-0.00661853
7145.77	-0.00651873
7143.84	-0.00665958
7141.92	-0.00680509
7139.99	-0.00690238
7138.06	-0.0068242
7136.13	-0.00680499
7134.2	-0.00679716
7132.28	-0.0068316
7130.35	-0.00682968
7128.42	-0.00667328
7126.49	-0.00659931
7124.56	-0.00664033
7122.64	-0.00674193
7120.71	-0.00672131
7118.78	-0.0066926
7116.85	-0.00668017
7114.92	-0.00661716
7113	-0.00656785
7111.07	-0.00642716
7109.14	-0.00631948
7107.21	-0.00642961
7105.28	-0.00661311
7103.36	-0.00654902
7101.43	-0.00637799
7099.5	-0.0064616
7097.57	-0.00661484
7095.64	-0.00661383
7093.71	-0.00667204
7091.79	-0.00681911
7089.86	-0.00683294
7087.93	-0.0065201
7086	-0.00642899
7084.08	-0.00652121
7082.15	-0.0066045
7080.22	-0.00658237
7078.29	-0.00651272
7076.36	-0.006454
7074.43	-0.00623434
7072.51	-0.00618188
7070.58	-0.00621787
7068.65	-0.00631951
7066.72	-0.00621987
7064.79	-0.00615679
7062.87	-0.00634563
7060.94	-0.00646732
7059.01	-0.00630615
7057.08	-0.00633558
7055.15	-0.00641789
7053.23	-0.00648429
7051.3	-0.00650874
7049.37	-0.00650711
7047.44	-0.00652245
7045.51	-0.00650231
7043.59	-0.00643287
7041.66	-0.00646177
7039.73	-0.00640819
7037.8	-0.00625119
7035.87	-0.00622362
7033.95	-0.00622715
7032.02	-0.00624012
7030.09	-0.00617178
7028.16	-0.00620954
7026.23	-0.00635416
7024.31	-0.00623192
7022.38	-0.00624257
7020.45	-0.00641273
7018.52	-0.00637966
7016.59	-0.00625968
7014.67	-0.00619935
7012.74	-0.00625462
7010.81	-0.00622258
7008.88	-0.00611559
7006.95	-0.00612716
7005.03	-0.0061384
7003.1	-0.00617087
7001.17	-0.00613921
6999.24	-0.00613431
6997.31	-0.00608537
6995.39	-0.00608152
6993.46	-0.00632438
6991.53	-0.00619808
6989.6	-0.0060479
6987.67	-0.00600561
6985.75	-0.00590001
6983.82	-0.00580694
6981.89	-0.00596466
6979.96	-0.00596751
6978.03	-0.00587968
6976.1	-0.00584902
6974.18	-0.00601806
6972.25	-0.00615842
6970.32	-0.00609713
6968.39	-0.00613131
6966.46	-0.00615663
6964.54	-0.00601525
6962.61	-0.00594567
6960.68	-0.00603401
6958.75	-0.00610906
6956.82	-0.00606283
6954.9	-0.0060412
6952.97	-0.00614509
6951.04	-0.00620647
6949.11	-0.00596992
6947.18	-0.00599528
6945.26	-0.00614738
6943.33	-0.00602221
6941.4	-0.00593433
6939.47	-0.00587625
6937.54	-0.00576866
6935.62	-0.00582639
6933.69	-0.00583136
6931.76	-0.00583427
6929.83	-0.00599156
6927.9	-0.00601241
6925.98	-0.00584591
6924.05	-0.00577382
6922.12	-0.0057439
6920.19	-0.00579059
6918.26	-0.00576915
6916.34	-0.00568108
6914.41	-0.00567788
6912.48	-0.00572422
6910.55	-0.00567219
6908.62	-0.00560609
6906.7	-0.0056371
6904.77	-0.00568295
6902.84	-0.00567935
6900.91	-0.00568671
6898.98	-0.00567409
6897.06	-0.00552222
6895.13	-0.00556975
6893.2	-0.00580485
6891.27	-0.00572723
6889.34	-0.00566987
6887.42	-0.00566179
6885.49	-0.00562509
6883.56	-0.00551616
6881.63	-0.00565809
6879.7	-0.00584679
6877.78	-0.0057905
6875.85	-0.00559968
6873.92	-0.00558211
6871.99	-0.00565669
6870.06	-0.00566807
6868.14	-0.00568216
6866.21	-0.00564527
6864.28	-0.00566807
6862.35	-0.00556497
6860.42	-0.00561456
6858.5	-0.00576002
6856.57	-0.00577009
6854.64	-0.00567664
6852.71	-0.00555123
6850.78	-0.00552722
6848.85	-0.00552817
6846.93	-0.00560792
6845	-0.00549908
6843.07	-0.00534709
6841.14	-0.00548551
6839.21	-0.00556877
6837.29	-0.00551227
6835.36	-0.00549987
6833.43	-0.00531757
6831.5	-0.0054466
6829.57	-0.00566182
6827.65	-0.00561211
6825.72	-0.00551243
6823.79	-0.00542762
6821.86	-0.005343
6819.93	-0.00519972
6818.01	-0.00513931
6816.08	-0.00530735
6814.15	-0.00544971
6812.22	-0.00541863
6810.29	-0.00546254
6808.37	-0.00545701
6806.44	-0.00545436
6804.51	-0.00548515
6802.58	-0.00547546
6800.65	-0.0054289
6798.73	-0.00536725
6796.8	-0.0053483
6794.87	-0.00527665
6792.94	-0.00527842
6791.01	-0.00536551
6789.09	-0.0053391
6787.16	-0.00543427
6785.23	-0.00543453
6783.3	-0.00536784
6781.37	-0.00541434
6779.45	-0.00533874
6777.52	-0.00515614
6775.59	-0.00520604
6773.66	-0.00535501
6771.73	-0.00536129
6769.81	-0.00537608
6767.88	-0.00534336
6765.95	-0.00529881
6764.02	-0.00527351
6762.09	-0.00510021
6760.17	-0.00504005
6758.24	-0.005127
6756.31	-0.00501529
6754.38	-0.00491849
6752.45	-0.00508371
6750.53	-0.00509602
6748.6	-0.00507909
6746.67	-0.00519143
6744.74	-0.00518407
6742.81	-0.00516429
6740.88	-0.00524696
6738.96	-0.00529043
6737.03	-0.00527662
6735.1	-0.00518331
6733.17	-0.00509147
6731.25	-0.00509622
6729.32	-0.0052759
6727.39	-0.00523082
6725.46	-0.00506389
6723.53	-0.00512464
6721.6	-0.00521258
6719.68	-0.00516259
6717.75	-0.00520581
6715.82	-0.00514059
6713.89	-0.00502878
6711.96	-0.00512513
6710.04	-0.00514795
6708.11	-0.00499374
6706.18	-0.00480352
6704.25	-0.00480401
6702.32	-0.00489546
6700.4	-0.00491115
6698.47	-0.00480745
6696.54	-0.00487656
6694.61	-0.00500324
6692.68	-0.00495397
6690.76	-0.00500346
6688.83	-0.00501784
6686.9	-0.00493926
6684.97	-0.00487597
6683.04	-0.00490054
6681.12	-0.00491849
6679.19	-0.00489346
6677.26	-0.00482111
6675.33	-0.00468822
6673.4	-0.00482786
6671.48	-0.00481574
6669.55	-0.00470087
6667.62	-0.00481994
6665.69	-0.00489612
6663.76	-0.00483904
6661.84	-0.00481037
6659.91	-0.00481237
6657.98	-0.00477999
6656.05	-0.00471097
6654.12	-0.00473902
6652.2	-0.00485342
6650.27	-0.00482193
6648.34	-0.00485388
6646.41	-0.00484104
6644.48	-0.00469396
6642.56	-0.00464813
6640.63	-0.00473247
6638.7	-0.00486643
6636.77	-0.00473771
6634.84	-0.0046576
6632.92	-0.00474289
6630.99	-0.00473437
6629.06	-0.00459459
6627.13	-0.00454384
6625.2	-0.00465567
6623.27	-0.004568
6621.35	-0.00443201
6619.42	-0.00455341
6617.49	-0.00457574
6615.56	-0.0045905
6613.63	-0.00458558
6611.71	-0.00467553
6609.78	-0.00473765
6607.85	-0.00464223
6605.92	-0.00456682
6603.99	-0.00452948
6602.07	-0.00452466
6600.14	-0.00458558
6598.21	-0.00468511
6596.28	-0.00473565
6594.35	-0.00469055
6592.43	-0.00461272
6590.5	-0.00457446
6588.57	-0.00465377
6586.64	-0.00462148
6584.71	-0.00459702
6582.79	-0.00451564
6580.86	-0.00441243
6578.93	-0.00447921
6577	-0.00456918
6575.07	-0.00446668
6573.15	-0.00453705
6571.22	-0.00463695
6569.29	-0.00452692
6567.36	-0.0044004
6565.43	-0.00436874
6563.51	-0.00438642
6561.58	-0.00438252
6559.65	-0.00446589
6557.72	-0.00443172
6555.79	-0.00425051
6553.87	-0.00428309
6551.94	-0.00445287
6550.01	-0.00447675
6548.08	-0.00438118
6546.15	-0.00423423
6544.23	-0.00431133
6542.3	-0.00451564
6540.37	-0.0044716
6538.44	-0.00432531
6536.51	-0.00421208
6534.59	-0.00410519
6532.66	-0.00411714
6530.73	-0.00430169
6528.8	-0.00443664
6526.87	-0.00432656
6524.95	-0.00426622
6523.02	-0.00425569
6521.09	-0.00411294
6519.16	-0.00410999
6517.23	-0.00423728
6515.31	-0.00426179
6513.38	-0.00427246
6511.45	-0.00431665
6509.52	-0.00439311
6507.59	-0.00437648
6505.67	-0.00437999
6503.74	-0.00433423
6501.81	-0.00426406
6499.88	-0.00415095
6497.95	-0.00405474
6496.02	-0.00406814
6494.1	-0.00411432
6492.17	-0.00406807
6490.24	-0.00398472
6488.31	-0.00403406
6486.38	-0.00422094
6484.46	-0.00430103
6482.53	-0.00427994
6480.6	-0.00426763
6478.67	-0.00417658
6476.74	-0.00411419
6474.82	-0.00410109
6472.89	-0.00406896
6470.96	-0.00403945
6469.03	-0.00399037
6467.1	-0.0039662
6465.18	-0.00406669
6463.25	-0.00401735
6461.32	-0.00389406
6459.39	-0.00394496
6457.46	-0.00388441
6455.54	-0.00386707
6453.61	-0.00398692
6451.68	-0.00403085
6449.75	-0.00409223
6447.82	-0.00410142
6445.9	-0.00405596
6443.97	-0.00408777
6442.04	-0.00404811
6440.11	-0.00404526
6438.18	-0.004075
6436.26	-0.0041393
6434.33	-0.00413362
6432.4	-0.00410536
6430.47	-0.00402231
6428.54	-0.00404023
6426.62	-0.00393419
6424.69	-0.00379892
6422.76	-0.00389452
6420.83	-0.00401798
6418.9	-0.00389915
6416.98	-0.00376289
6415.05	-0.00388339
6413.12	-0.003953
6411.19	-0.00390894
6409.26	-0.003896
6407.34	-0.00398955
6405.41	-0.00396732
6403.48	-0.00395862
6401.55	-0.0038717
6399.62	-0.00375803
6397.7	-0.00371148
6395.77	-0.00378384
6393.84	-0.00384733
6391.91	-0.00374498
6389.98	-0.00377379
6388.06	-0.00383019
6386.13	-0.00387991
6384.2	-0.00397615
6382.27	-0.00395169
6380.34	-0.0037915
6378.42	-0.00381771
6376.49	-0.00383347
6374.56	-0.00375421
6372.63	-0.00379255
6370.7	-0.00391058
6368.77	-0.00401427
6366.85	-0.00406771
6364.92	-0.00398406
6362.99	-0.00388011
6361.06	-0.00384323
6359.13	-0.00394979
6357.21	-0.00394023
6355.28	-0.00383712
6353.35	-0.00382493
6351.42	-0.00384116
6349.49	-0.00379961
6347.57	-0.00375238
6345.64	-0.00370428
6343.71	-0.00367609
6341.78	-0.00377566
6339.85	-0.00377054
6337.93	-0.0036959
6336	-0.00355113
6334.07	-0.00353065
6332.14	-0.00366788
6330.21	-0.00371969
6328.29	-0.0037709
6326.36	-0.00374032
6324.43	-0.00357486
6322.5	-0.00348523
6320.57	-0.00357459
6318.65	-0.00356046
6316.72	-0.00352556
6314.79	-0.00363322
6312.86	-0.00360335
6310.93	-0.0036318
6309.01	-0.00368329
6307.08	-0.00365099
6305.15	-0.00357785
6303.22	-0.00361922
6301.29	-0.00356611
6299.37	-0.00347961
6297.44	-0.00352977
6295.51	-0.00361721
6293.58	-0.00362842
6291.65	-0.00363463
6289.73	-0.00359451
6287.8	-0.00349463
6285.87	-0.00355139
6283.94	-0.0035976
6282.01	-0.00352171
6280.08	-0.00346347
6278.16	-0.00342997
6276.23	-0.00355077
6274.3	-0.00363673
6272.37	-0.00348411
6270.45	-0.00345884
6268.52	-0.00358491
6266.59	-0.00353982
6264.66	-0.0035202
6262.73	-0.00361564
6260.8	-0.00359628
6258.88	-0.00347261
6256.95	-0.00344302
6255.02	-0.00347169
6253.09	-0.00348894
6251.17	-0.00351034
6249.24	-0.00347711
6247.31	-0.00332348
6245.38	-0.00330218
6243.45	-0.00333453
6241.52	-0.00329415
6239.6	-0.00336721
6237.67	-0.00343471
6235.74	-0.00333154
6233.81	-0.00326933
6231.88	-0.00334995
6229.96	-0.00346094
6228.03	-0.00347846
6226.1	-0.00343415
6224.17	-0.00340423
6222.24	-0.00346028
6220.32	-0.00345515
6218.39	-0.00329031
6216.46	-0.0031551
6214.53	-0.00323953
6212.6	-0.00329507
6210.68	-0.00325134
6208.75	-0.00330967
6206.82	-0.00330981
6204.89	-0.00325226
6202.96	-0.00320881
6201.04	-0.00313217
6199.11	-0.00322654
6197.18	-0.00329537
6195.25	-0.00320391
6193.32	-0.00311967
6191.4	-0.00308345
6189.47	-0.00322226
6187.54	-0.00332539
6185.61	-0.00326933
6183.68	-0.00320473
6181.76	-0.00316414
6179.83	-0.00315289
6177.9	-0.00325124
6175.97	-0.00334985
6174.04	-0.0033611
6172.12	-0.00321943
6170.19	-0.00308967
6168.26	-0.00319293
6166.33	-0.00323608
6164.4	-0.00314289
6162.48	-0.00306197
6160.55	-0.0031302
6158.62	-0.00328577
6156.69	-0.00319503
6154.76	-0.00319339
6152.83	-0.00327294
6150.91	-0.00333341
6148.98	-0.00327462
6147.05	-0.00305525
6145.12	-0.00308276
6143.19	-0.00315303
6141.27	-0.0031449
6139.34	-0.00310404
6137.41	-0.0031553
6135.48	-0.00307891
6133.55	-0.00293403
6131.63	-0.00297029
6129.7	-0.0030335
6127.77	-0.00301449
6125.84	-0.00296118
6123.91	-0.00290868
6121.99	-0.00295058
6120.06	-0.00308931
6118.13	-0.00320325
6116.2	-0.00311289
6114.27	-0.00307677
6112.35	-0.00309602
6110.42	-0.00307522
6108.49	-0.00313727
6106.56	-0.00313217
6104.63	-0.00299639
6102.71	-0.00295506
6100.78	-0.00309151
6098.85	-0.00311947
6096.92	-0.00306812
6094.99	-0.00295594
6093.07	-0.00292162
6091.14	-0.00289976
6089.21	-0.00304417
6087.28	-0.00303337
6085.35	-0.00290529
6083.43	-0.00291892
6081.5	-0.00303749
6079.57	-0.00310112
6077.64	-0.00303321
6075.71	-0.00296345
6073.79	-0.00300669
6071.86	-0.00298767
6069.93	-0.00294972
6068	-0.00293304
6066.07	-0.00294044
6064.15	-0.00295743
6062.22	-0.0029388
6060.29	-0.00293268
6058.36	-0.00295278
6056.43	-0.00293834
6054.51	-0.00288209
6052.58	-0.00284252
6050.65	-0.00283133
6048.72	-0.00280348
6046.79	-0.00278435
6044.87	-0.00289387
6042.94	-0.00298971
6041.01	-0.00285961
6039.08	-0.00279871
6037.15	-0.00276045
6035.23	-0.00275588
6033.3	-0.00284486
6031.37	-0.00285118
6029.44	-0.00276671
6027.51	-0.00267184
6025.58	-0.00268235
6023.66	-0.00268459
6021.73	-0.00272802
6019.8	-0.00280621
6017.87	-0.00283755
6015.94	-0.00288308
6014.02	-0.00287426
6012.09	-0.00274629
6010.16	-0.00270142
6008.23	-0.00270471
6006.3	-0.00268083
6004.38	-0.00267257
6002.45	-0.00280674
6000.52	-0.00278564
5998.59	-0.0026403
5996.66	-0.00261395
5994.74	-0.00274541
5992.81	-0.00280463
5990.88	-0.0026946
5988.95	-0.00260114
5987.02	-0.00257778
5985.1	-0.00264283
5983.17	-0.00275904
5981.24	-0.00284855
5979.31	-0.00273879
5977.38	-0.00256754
5975.46	-0.00258045
5973.53	-0.00263496
5971.6	-0.00273303
5969.67	-0.0026066
5967.74	-0.00250508
5965.82	-0.00265143
5963.89	-0.00274577
5961.96	-0.00264731
5960.03	-0.00262152
5958.1	-0.00271824
5956.18	-0.00270517
5954.25	-0.00265884
5952.32	-0.00262851
5950.39	-0.00263545
5948.46	-0.00261513
5946.54	-0.00260957
5944.61	-0.00262676
5942.68	-0.00252063
5940.75	-0.00247909
5938.82	-0.00259366
5936.9	-0.00260222
5934.97	-0.00260038
5933.04	-0.00253223
5931.11	-0.00260298
5929.18	-0.0026455
5927.25	-0.00248502
5925.33	-0.00241728
5923.4	-0.00241343
5921.47	-0.00246305
5919.54	-0.00257551
5917.62	-0.00257222
5915.69	-0.00250321
5913.76	-0.00249451
5911.83	-0.00257011
5909.9	-0.00254073
5907.97	-0.00248604
5906.05	-0.00252142
5904.12	-0.00248775
5902.19	-0.00237438
5900.26	-0.00228714
5898.33	-0.00233536
5896.41	-0.00243273
5894.48	-0.00250762
5892.55	-0.00251777
5890.62	-0.00246614
5888.69	-0.00242664
5886.77	-0.00233424
5884.84	-0.0023894
5882.91	-0.00245244
5880.98	-0.00243369
5879.05	-0.00235174
5877.13	-0.00231631
5875.2	-0.00235991
5873.27	-0.00230847
5871.34	-0.0022729
5869.41	-0.00228905
5867.49	-0.00234709
5865.56	-0.00229054
5863.63	-0.00228005
5861.7	-0.00230616
5859.77	-0.00237794
5857.85	-0.00242107
5855.92	-0.00233622
5853.99	-0.00230194
5852.06	-0.00224287
5850.13	-0.00216946
5848.21	-0.00217961
5846.28	-0.00222487
5844.35	-0.00225349
5842.42	-0.00223724
5840.49	-0.00232283
5838.57	-0.0024753
5836.64	-0.0024753
5834.71	-0.00238377
5832.78	-0.00226268
5830.85	-0.00220315
5828.93	-0.00224924
5827	-0.00227804
5825.07	-0.0022491
5823.14	-0.00219646
5821.21	-0.00221297
5819.29	-0.00222168
5817.36	-0.00221321
5815.43	-0.00211558
5813.5	-0.00207816
5811.57	-0.00220332
5809.65	-0.00225853
5807.72	-0.00211581
5805.79	-0.00209877
5803.86	-0.00218172
5801.93	-0.00222814
5800	-0.00219708
5798.08	-0.00214463
5796.15	-0.00213804
5794.22	-0.00223648
5792.29	-0.00216906
5790.36	-0.00213725
5788.44	-0.00212386
5786.51	-0.00210058
5784.58	-0.00213309
5782.65	-0.00214318
5780.72	-0.00217055
5778.8	-0.00212429
5776.87	-0.00206147
5774.94	-0.00206507
5773.01	-0.00207143
5771.08	-0.0021016
5769.16	-0.00217477
5767.23	-0.00211845
5765.3	-0.00223051
5763.37	-0.00226624
5761.44	-0.00216352
5759.52	-0.00219702
5757.59	-0.00213355
5755.66	-0.00200798
5753.73	-0.00210553
5751.8	-0.00221096
5749.88	-0.00211074
5747.95	-0.00207189
5746.02	-0.0020653
5744.09	-0.00204086
5742.16	-0.00194383
5740.24	-0.00185202
5738.31	-0.00192288
5736.38	-0.00200247
5734.45	-0.00197757
5732.52	-0.00193053
5730.6	-0.00196022
5728.67	-0.00197655
5726.74	-0.00193696
5724.81	-0.00192466
5722.88	-0.00194386
5720.96	-0.00205669
5719.03	-0.00194366
5717.1	-0.00185706
5715.17	-0.00195758
5713.24	-0.00208802
5711.32	-0.00203674
5709.39	-0.0019181
5707.46	-0.0018182
5705.53	-0.00186175
5703.6	-0.00184608
5701.68	-0.0017983
5699.75	-0.00184232
5697.82	-0.00195154
5695.89	-0.00204729
5693.96	-0.00212181
5692.03	-0.00201283
5690.11	-0.00188656
5688.18	-0.00192374
5686.25	-0.001911
5684.32	-0.00191737
5682.4	-0.00194392
5680.47	-0.00188418
5678.54	-0.0018759
5676.61	-0.0018214
5674.68	-0.00178124
5672.75	-0.0017752
5670.83	-0.00179117
5668.9	-0.00181084
5666.97	-0.00176953
5665.04	-0.0018179
5663.11	-0.00193706
5661.19	-0.001956
5659.26	-0.00181189
5657.33	-0.00174365
5655.4	-0.00174025
5653.47	-0.00174002
5651.55	-0.00176712
5649.62	-0.00169748
5647.69	-0.00163137
5645.76	-0.0017161
5643.83	-0.00178527
5641.91	-0.00178107
5639.98	-0.00178995
5638.05	-0.0017553
5636.12	-0.00167613
5634.19	-0.00174722
5632.27	-0.00188108
5630.34	-0.00181031
5628.41	-0.00168791
5626.48	-0.00168986
5624.55	-0.00174451
5622.63	-0.00177933
5620.7	-0.00162942
5618.77	-0.00156931
5616.84	-0.00170068
5614.91	-0.00177619
5612.99	-0.00171398
5611.06	-0.00168336
5609.13	-0.00171349
5607.2	-0.00170946
5605.27	-0.00173844
5603.35	-0.00175411
5601.42	-0.00171322
5599.49	-0.00178962
5597.56	-0.00188448
5595.63	-0.00173916
5593.71	-0.00159506
5591.78	-0.00153028
5589.85	-0.0015244
5587.92	-0.00158687
5585.99	-0.00161136
5584.07	-0.00163345
5582.14	-0.00160321
5580.21	-0.00149937
5578.28	-0.00148947
5576.35	-0.00158944
5574.43	-0.0016246
5572.5	-0.00164523
5570.57	-0.00162648
5568.64	-0.00161341
5566.71	-0.00164731
5564.79	-0.00162189
5562.86	-0.00164087
5560.93	-0.00159819
5559	-0.00156412
5557.07	-0.00161018
5555.14	-0.00157505
5553.22	-0.00161777
5551.29	-0.00164751
5549.36	-0.00167362
5547.43	-0.00165814
5545.5	-0.00164206
5543.58	-0.00161084
5541.65	-0.00156072
5539.72	-0.00142461
5537.79	-0.00135968
5535.86	-0.00142015
5533.94	-0.00155376
5532.01	-0.00151298
5530.08	-0.00141325
5528.15	-0.00148399
5526.22	-0.00151483
5524.3	-0.00148022
5522.37	-0.00148901
5520.44	-0.0015178
5518.51	-0.0015282
5516.58	-0.00154596
5514.66	-0.00149895
5512.73	-0.00151938
5510.8	-0.0016726
5508.87	-0.00174742
5506.94	-0.00177253
5505.02	-0.00170253
5503.09	-0.00153616
5501.16	-0.00150317
5499.23	-0.00152094
5497.3	-0.00146365
5495.38	-0.00142507
5493.45	-0.00141589
5491.52	-0.00140133
5489.59	-0.00143062
5487.66	-0.00145021
5485.74	-0.00143274
5483.81	-0.00148557
5481.88	-0.00155293
5479.95	-0.00147464
5478.02	-0.00149601
5476.1	-0.00153573
5474.17	-0.00146939
5472.24	-0.0013504
5470.31	-0.00140503
5468.38	-0.00153213
5466.46	-0.00146315
5464.53	-0.00138501
5462.6	-0.00131621
5460.67	-0.00140797
5458.74	-0.00145592
5456.82	-0.00142124
5454.89	-0.00136612
5452.96	-0.00137768
5451.03	-0.00146573
5449.1	-0.00139241
5447.17	-0.00128601
5445.25	-0.00129579
5443.32	-0.00137236
5441.39	-0.00142342
5439.46	-0.00140268
5437.54	-0.00136645
5435.61	-0.00132483
5433.68	-0.00131172
5431.75	-0.00126305
5429.82	-0.00129883
5427.89	-0.00129804
5425.97	-0.0011788
5424.04	-0.00124019
5422.11	-0.00130204
5420.18	-0.00133708
5418.25	-0.00128707
5416.33	-0.00122357
5414.4	-0.00123091
5412.47	-0.00131912
5410.54	-0.00140483
5408.61	-0.00137491
5406.69	-0.00126388
5404.76	-0.00125866
5402.83	-0.00129536
5400.9	-0.00125922
5398.97	-0.00125886
5397.05	-0.00123018
5395.12	-0.00127069
5393.19	-0.00129517
5391.26	-0.00119826
5389.33	-0.00122737
5387.41	-0.00129259
5385.48	-0.00121733
5383.55	-0.00117447
5381.62	-0.00123718
5379.69	-0.00127581
5377.77	-0.00134947
5375.84	-0.0013462
5373.91	-0.00129718
5371.98	-0.0011943
5370.05	-0.00120999
5368.13	-0.00127534
5366.2	-0.00130676
5364.27	-0.00138207
5362.34	-0.0014363
5360.41	-0.00137718
5358.49	-0.00125132
5356.56	-0.0011944
5354.63	-0.00116026
5352.7	-0.00121472
5350.77	-0.00126728
5348.85	-0.00117982
5346.92	-0.00113491
5344.99	-0.00116294
5343.06	-0.00113862
5341.13	-0.00107341
5339.21	-0.00108709
5337.28	-0.00114334
5335.35	-0.00119853
5333.42	-0.00119615
5331.49	-0.00113224
5329.56	-0.00118736
5327.64	-0.00127515
5325.71	-0.00131756
5323.78	-0.00127187
5321.85	-0.00128829
5319.92	-0.00126021
5318	-0.00117193
5316.07	-0.0011746
5314.14	-0.00125469
5312.21	-0.00128205
5310.28	-0.00116363
5308.36	-0.0010939
5306.43	-0.00106825
5304.5	-0.00106002
5302.57	-0.00108114
5300.64	-0.00103467
5298.72	-0.0010624
5296.79	-0.00113171
5294.86	-0.00108894
5292.93	-0.00114797
5291	-0.00115088
5289.08	-0.00116082
5287.15	-0.00116436
5285.22	-0.001125
5283.29	-0.00108699
5281.36	-0.00103292
5279.44	-0.00103586
5277.51	-0.00112665
5275.58	-0.00106838
5273.65	-0.00104006
5271.72	-0.00109664
5269.8	-0.00113868
5267.87	-0.00110993
5265.94	-0.00100558
5264.01	-0.000992356
5262.08	-0.00110722
5260.16	-0.00111585
5258.23	-0.000993414
5256.3	-0.000989579
5254.37	-0.00105939
5252.44	-0.00118382
5250.52	-0.00115537
5248.59	-0.00107873
5246.66	-0.00105797
5244.73	-0.0010937
5242.8	-0.00103487
5240.88	-0.000934203
5238.95	-0.000977711
5237.02	-0.00108322
5235.09	-0.00107817
5233.16	-0.00102145
5231.24	-0.00100013
5229.31	-0.000992588
5227.38	-0.00102198
5225.45	-0.00100178
5223.52	-0.000891484
5221.6	-0.000780268
5219.67	-0.000841187
5217.74	-0.000953015
5215.81	-0.00103533
5213.88	-0.0010857
5211.96	-0.000988389
5210.03	-0.000875909
5208.1	-0.000898758
5206.17	-0.000902131
5204.24	-0.000884077
5202.31	-0.000948552
5200.39	-0.000913736
5198.46	-0.000930963
5196.53	-0.000951924
5194.6	-0.000819757
5192.67	-0.000813242
5190.75	-0.000865592
5188.82	-0.000791348
5186.89	-0.000728801
5184.96	-0.000822998
5183.03	-0.000834639
5181.11	-0.000785758
5179.18	-0.000837318
5177.25	-0.000840327
5175.32	-0.000872139
5173.39	-0.000848595
5171.47	-0.000877893
5169.54	-0.000892112
5167.61	-0.000892211
5165.68	-0.000939823
5163.75	-0.000851273
5161.83	-0.000701146
5159.9	-0.000703793
5157.97	-0.000809439
5156.04	-0.000813341
5154.11	-0.000797896
5152.19	-0.00086007
5150.26	-0.000892608
5148.33	-0.000813044
5146.4	-0.000749739
5144.47	-0.000778482
5142.55	-0.00080342
5140.62	-0.000828025
5138.69	-0.000868237
5136.76	-0.000772727
5134.83	-0.000692975
5132.91	-0.000745538
5130.98	-0.000824354
5129.05	-0.000775571
5127.12	-0.000772363
5125.19	-0.000783278
5123.27	-0.000820286
5121.34	-0.000711798
5119.41	-0.000605665
5117.48	-0.000708391
5115.55	-0.000776696
5113.62	-0.000744943
5111.7	-0.000758207
5109.77	-0.000771172
5107.84	-0.000777324
5105.91	-0.000716396
5103.99	-0.000682786
5102.06	-0.000710409
5100.13	-0.000707928
5098.2	-0.00056758
5096.27	-0.000552159
5094.34	-0.000638454
5092.42	-0.000682092
5090.49	-0.000633127
5088.56	-0.000618404
5086.63	-0.000649868
5084.71	-0.000653342
5082.78	-0.00062201
5080.85	-0.000638719
5078.92	-0.000676401
5076.99	-0.000624393
5075.06	-0.000641663
5073.14	-0.000708391
5071.21	-0.000701246
5069.28	-0.000612481
5067.35	-0.000640936
5065.42	-0.000674681
5063.5	-0.000707829
5061.57	-0.000679081
5059.64	-0.000662804
5057.71	-0.000698401
5055.78	-0.000726485
5053.86	-0.000660356
5051.93	-0.000562715
5050	-0.000558976
5048.07	-0.000648644
5046.14	-0.00067478
5044.22	-0.000665286
5042.29	-0.000622474
5040.36	-0.000568638
5038.43	-0.000578367
5036.5	-0.000584588
5034.58	-0.000627834
5032.65	-0.000655724
5030.72	-0.000654004
5028.79	-0.000675806
5026.86	-0.000630216
5024.94	-0.000621382
5023.01	-0.000573106
5021.08	-0.000452806
5019.15	-0.000446682
5017.22	-0.000479715
5015.3	-0.000408351
5013.37	-0.000386403
5011.44	-0.000556924
5009.51	-0.000519132
5007.58	-0.000428212
5005.66	-0.000414971
5003.73	-0.000336809
5001.8	-0.000339789
4999.87	-0.000425365
4997.94	-0.000492292
4996.02	-0.000495734
4994.09	-0.000574032
4992.16	-0.000552887
4990.23	-0.000433641
4988.3	-0.000433641
4986.38	-0.000422055
4984.45	-0.000444498
4982.52	-0.000496925
4980.59	-0.000451283
4978.66	-0.000380709
4976.73	-0.000431522
4974.81	-0.000452971
4972.88	-0.000488088
4970.95	-0.000483024
4969.02	-0.000429238
4967.09	-0.000441386
4965.17	-0.00046866
4963.24	-0.000396665
4961.31	-0.000445358
4959.38	-0.000527273
4957.45	-0.000538856
4955.53	-0.000544515
4953.6	-0.00054832
4951.67	-0.000467336
4949.74	-0.000380775
4947.81	-0.000387661
4945.89	-0.000342636
4943.96	-0.000309494
4942.03	-0.000325122
4940.1	-0.000325221
4938.17	-0.00031009
4936.25	-0.000327903
4934.32	-0.000471275
4932.39	-0.000426391
4930.46	-0.000248136
4928.53	-0.000303004
4926.61	-0.000381868
4924.68	-0.000381967
4922.75	-0.000383457
4920.82	-0.000221312
4918.89	-0.00014815
4916.97	-0.000191373
4915.04	-0.000200978
4913.11	-0.000210913
4911.18	-0.000264362
4909.25	-0.000326446
4907.33	-0.000320917
4905.4	-0.000461444
4903.47	-0.000573106
4901.54	-0.000475478
4899.61	-0.000289164
4897.69	-0.000260587
4895.76	-0.000228962
4893.83	-0.000172727
4891.9	-0.000206972
4889.97	-0.000303898
4888.05	-0.000354787
4886.12	-0.000310355
4884.19	-0.000303898
4882.26	-0.000299197
4880.33	-0.000274263
4878.41	-0.00032489
4876.48	-0.000324857
4874.55	-0.000245388
4872.62	-0.000160836
4870.69	-0.000104724
4868.77	-0.000122645
4866.84	-0.000174548
4864.91	-0.000186273
4862.98	-0.00021194
4861.05	-0.000247507
4859.12	-0.000263071
4857.2	-0.000285025
4855.27	-0.000271879
4853.34	-0.000263071
4851.41	-0.00022214
4849.48	-0.00015027
4847.56	-0.000144507
4845.63	-0.000159412
4843.7	-0.000236181
4841.77	-0.000361408
4839.84	-0.000383357
4837.92	-0.000289363
4835.99	-0.000162591
4834.06	-0.00010065
4832.13	-0.000166036
4830.2	-0.000230154
4828.28	-0.000244659
4826.35	-0.000195513
4824.42	-0.000160306
4822.49	-0.000118438
4820.56	-3.25695e-05
4818.64	-0.000153218
4816.71	-0.0002938
4814.78	-0.000326645
4812.85	-0.000267177
4810.92	-0.000214954
4809	-0.000283833
4807.07	-0.000294694
4805.14	-0.00016014
4803.21	-0.000194155
4801.28	-0.000185345
4799.36	-0.000140035
4797.43	-0.000195447
4795.5	-0.000194553
4793.57	-0.000190115
4791.64	-0.000174681
4789.72	-0.000174913
4787.79	-0.000206012
4785.86	-0.000201044
4783.93	-0.000207866
4782	-0.000187465
4780.08	-0.00020419
4778.15	-0.000212768
4776.22	-0.000204753
4774.29	-0.000217702
4772.36	-0.000192797
4770.44	-9.75357e-05
4768.51	-9.48855e-05
4766.58	-0.00016958
4764.65	-0.000233002
4762.72	-0.000170408
4760.79	-4.21776e-05
4758.87	-0.000101246
4756.94	-0.000178589
4755.01	-8.20653e-05
4753.08	-4.21445e-05
4751.16	-8.08727e-05
4749.23	-7.22262e-05
4747.3	-2.21661e-05
4745.37	6.2197e-05
4743.44	-3.56176e-05
4741.51	-0.000141095
4739.59	-0.00020578
4737.66	-0.000267475
4735.73	-0.000227737
4733.8	-0.000150171
4731.88	-9.47199e-05
4729.95	7.54196e-05
4728.02	-5.79842e-06
4726.09	-0.000111084
4724.16	-0.000117776
4722.23	-0.000113999
4720.31	-0.000133874
4718.38	-0.000145037
4716.45	-8.54774e-05
4714.52	3.69129e-05
4712.59	5.30145e-07
4710.67	-2.56781e-05
4708.74	-1.37835e-05
4706.81	1.93838e-05
4704.88	1.6733e-05
4702.95	2.55133e-06
4701.03	-5.91071e-05
4699.1	-7.19612e-05
4697.17	-1.86872e-05
4695.24	7.03493e-05
4693.31	8.48646e-05
4691.39	2.99211e-05
4689.46	-7.6831e-05
4687.53	-0.000175211
4685.6	-0.000104989
4683.67	-1.6567e-07
4681.75	6.25616e-05
4679.82	4.41368e-05
4677.89	-0.000112277
4675.96	-0.000160306
4674.03	-2.05426e-05
4672.11	9.56354e-05
4670.18	8.55274e-05
4668.25	2.06761e-05
4666.32	1.3287e-05
4664.39	-2.21661e-05
4662.47	-1.01389e-05
4660.54	2.60441e-05
4658.61	1.6965e-05
4656.68	4.3474e-05
4654.75	0.000134943
4652.83	7.95621e-05
4650.9	4.04254e-05
4648.97	7.07801e-05
4647.04	0.000135473
4645.11	0.00012722
4643.19	8.37709e-05
4641.26	0.000112339
4639.33	0.000125298
4637.4	4.98365e-05
4635.47	6.46162e-05
4633.54	4.50646e-05
4631.62	2.90595e-05
4629.69	7.44254e-05
4627.76	0.000103854
4625.83	7.1244e-05
4623.9	1.84561e-05
4621.98	9.29841e-05
4620.05	0.000136169
4618.12	3.34004e-05
4616.19	-2.55125e-05
4614.26	1.59709e-05
4612.34	3.14775e-06
4610.41	4.04254e-05
4608.48	7.69772e-05
4606.55	7.9065e-05
4604.62	0.000121056
4602.7	0.000185524
4600.77	0.000184331
4598.84	0.000124801
4596.91	2.71376e-05
4594.98	5.56025e-05
4593.06	0.000148731
4591.13	0.000189701
4589.2	0.000180253
4587.27	0.00013723
4585.34	5.39787e-05
4583.42	0.000101369
4581.49	0.000168453
4579.56	0.000171072
4577.63	0.000188507
4575.7	9.09625e-05
4573.78	6.66377e-05
4571.85	0.000124602
4569.92	0.000155857
4567.99	0.000154896
4566.06	0.000158542
4564.14	0.000153007
4562.21	0.000152907
4560.28	0.000116084
4558.35	0.000120194
4556.42	0.000145748
4554.5	0.000164741
4552.57	0.000175613
4550.64	0.000227923
4548.71	0.000173027
4546.78	4.37391e-05
4544.86	6.09046e-05
4542.93	0.00011963
4541	0.000132192
4539.07	0.000176773
4537.14	0.000274238
4535.22	0.00028372
4533.29	0.000233061
4531.36	0.00014008
4529.43	0.000120061
4527.5	0.000193712
4525.58	0.000164509
4523.65	0.00015125
4521.72	0.00015715
4519.79	0.000233359
4517.86	0.00029181
4515.94	0.000312135
4514.01	0.000272911
4512.08	0.000195071
4510.15	0.000209424
4508.22	0.000261772
4506.29	0.000238332
4504.37	0.000242344
4502.44	0.000292672
4500.51	0.000280736
4498.58	0.000341116
4496.65	0.00035836
4494.73	0.000213369
4492.8	0.000171304
4490.87	0.000309615
4488.94	0.000369469
4487.01	0.000250234
4485.09	0.000203325
4483.16	0.000296485
4481.23	0.000290219
4479.3	0.000293501
4477.37	0.000336043
4475.45	0.000417723
4473.52	0.0003442
4471.59	0.000245162
4469.66	0.00026827
4467.73	0.00030179
4465.81	0.000357531
4463.88	0.000483861
4461.95	0.000372288
4460.02	0.000283024
4458.09	0.0003125
4456.17	0.00020422
4454.24	0.000156785
4452.31	0.000285676
4450.38	0.000403561
4448.45	0.000383895
4446.53	0.000335811
4444.6	0.00037388
4442.67	0.000479582
4440.74	0.000478089
4438.81	0.000377428
4436.89	0.000360151
4434.96	0.000346057
4433.03	0.000333224
4431.1	0.000397393
4429.17	0.000460874
4427.25	0.00047036
4425.32	0.000387344
4423.39	0.000372222
4421.46	0.000387875
4419.53	0.000384359
4417.61	0.000364362
4415.68	0.000316877
4413.75	0.000429132
4411.82	0.000534947
4409.89	0.000493414
4407.96	0.000413776
4406.04	0.000409
4404.11	0.000416363
4402.18	0.000489301
4400.25	0.000529473
4398.33	0.000479316
4396.4	0.000365722
4394.47	0.000365158
4392.54	0.000410725
4390.61	0.000472483
4388.68	0.000523071
4386.76	0.000601169
4384.83	0.000602065
4382.9	0.000497527
4380.97	0.00044545
4379.04	0.000485818
4377.12	0.000443925
4375.19	0.000356304
4373.26	0.000420111
4371.33	0.00047245
4369.4	0.000391821
4367.48	0.000399382
4365.55	0.000450028
4363.62	0.000448535
4361.69	0.00048469
4359.76	0.000552331
4357.84	0.000604421
4355.91	0.000602762
4353.98	0.000542876
4352.05	0.000549412
4350.12	0.000482434
4348.2	0.000448436
4346.27	0.000506152
4344.34	0.000535876
4342.41	0.000526421
4340.48	0.000485519
4338.56	0.000472682
4336.63	0.000519156
4334.7	0.000617361
4332.77	0.000598614
4330.84	0.000522241
4328.92	0.000448502
4326.99	0.000499551
4325.06	0.000502138
4323.13	0.000388471
4321.2	0.000381109
4319.28	0.000434339
4317.35	0.000460642
4315.42	0.000464722
4313.49	0.000454008
4311.56	0.000490628
4309.64	0.000552795
4307.71	0.000591348
4305.78	0.000584513
4303.85	0.000459414
4301.92	0.000479549
4300	0.000565038
4298.07	0.000614076
4296.14	0.000604919
4294.21	0.000524132
4292.28	0.000438452
4290.35	0.00052944
4288.43	0.000620713
4286.5	0.000614475
4284.57	0.00064102
4282.64	0.0006455
4280.71	0.000626121
4278.79	0.000621542
4276.86	0.000532393
4274.93	0.000506418
4273	0.000539193
4271.07	0.000585011
4269.15	0.000578906
4267.22	0.000679879
4265.29	0.000671118
4263.36	0.000557241
4261.43	0.000612351
4259.51	0.000629473
4257.58	0.000574593
4255.65	0.000484922
4253.72	0.00053299
4251.79	0.000584812
4249.87	0.000659636
4247.94	0.000691594
4246.01	0.000662722
4244.08	0.000720136
4242.15	0.000717215
4240.23	0.000707524
4238.3	0.000758935
4236.37	0.000696672
4234.44	0.000654294
4232.51	0.000768295
4230.59	0.000685023
4228.66	0.000599908
4226.73	0.000634782
4224.8	0.000674603
4222.87	0.000664083
4220.95	0.000625424
4219.02	0.000616897
4217.09	0.00067155
4215.16	0.000817755
4213.23	0.000845907
4211.31	0.00074931
4209.38	0.000762686
4207.45	0.000761524
4205.52	0.000713033
4203.59	0.000647358
4201.67	0.00061547
4199.74	0.000634417
4197.81	0.000701849
4195.88	0.000762952
4193.95	0.000763018
4192.03	0.000731055
4190.1	0.000687645
4188.17	0.000648685
4186.24	0.000589656
4184.31	0.000582191
4182.39	0.000558137
4180.46	0.000716352
4178.53	0.00083442
4176.6	0.000745559
4174.67	0.000732017
4172.75	0.00076408
4170.82	0.000741344
4168.89	0.000748745
4166.96	0.000631032
4165.03	0.00059523
4163.1	0.000691162
4161.18	0.000743501
4159.25	0.000747551
4157.32	0.000795448
4155.39	0.000834918
4153.46	0.000871305
4151.54	0.000886909
4149.61	0.000859751
4147.68	0.000798535
4145.75	0.000757242
4143.82	0.000860282
4141.9	0.000824826
4139.97	0.000642978
4138.04	0.00062423
4136.11	0.000707955
4134.18	0.000798137
4132.26	0.000848762
4130.33	0.000861677
4128.4	0.000816959
4126.47	0.000823664
4124.54	0.000735204
4122.62	0.000692158
4120.69	0.000806934
4118.76	0.000813141
4116.83	0.000763715
4114.9	0.000803813
4112.98	0.000841027
4111.05	0.000777556
4109.12	0.000752164
4107.19	0.000728898
4105.26	0.000736033
4103.34	0.00077271
4101.41	0.000672446
4099.48	0.00071768
4097.55	0.000821971
4095.62	0.000814768
4093.7	0.000828943
4091.77	0.000842421
4089.84	0.000788046
4087.91	0.000790203
4085.98	0.000763848
4084.06	0.000770254
4082.13	0.000777988
4080.2	0.000728997
4078.27	0.000762752
4076.34	0.000880435
4074.42	0.000846903
4072.49	0.000772776
4070.56	0.000816527
4068.63	0.000903178
4066.7	0.000914567
4064.78	0.000762686
4062.85	0.000761657
4060.92	0.000795149
4058.99	0.000775034
4057.06	0.000828246
4055.14	0.000884685
4053.21	0.000860149
4051.28	0.000926056
4049.35	0.000990312
4047.42	0.00095531
4045.5	0.000905469
4043.57	0.000968759
4041.64	0.000953085
4039.71	0.000886212
4037.78	0.000844645
4035.85	0.000879505
4033.93	0.000840097
4032	0.000770918
4030.07	0.000751567
4028.14	0.000793921
4026.21	0.000875123
4024.29	0.000870109
4022.36	0.000932797
4020.43	0.000979785
4018.5	0.00102671
4016.57	0.00108603
4014.65	0.00110948
4012.72	0.00101097
4010.79	0.000898198
4008.86	0.000933992
4006.93	0.0010776
4005.01	0.00115267
4003.08	0.00110786
4001.15	0.00111118
3999.22	0.00109756
3997.29	0.000910251
3995.37	0.000868416
3993.44	0.000953451
3991.51	0.000975833
3989.58	0.00102977
3987.65	0.00105398
3985.73	0.000993102
3983.8	0.000984068
3981.87	0.000994762
3979.94	0.0010126
3978.01	0.0010117
3976.09	0.00102445
3974.16	0.00100944
3972.23	0.000957469
3970.3	0.00107152
3968.37	0.00112121
3966.45	0.00103893
3964.52	0.000956937
3962.59	0.000990511
3960.66	0.00100097
3958.73	0.00098274
3956.81	0.00103491
3954.88	0.00105418
3952.95	0.00106949
3951.02	0.00101515
3949.09	0.00100881
3947.17	0.00105381
3945.24	0.00109148
3943.31	0.00102485
3941.38	0.00089272
3939.45	0.000894778
3937.53	0.000933095
3935.6	0.00100104
3933.67	0.0010203
3931.74	0.000991839
3929.81	0.000919282
3927.88	0.000885847
3925.96	0.000886378
3924.03	0.000916593
3922.1	0.000990179
3920.17	0.00103249
3918.24	0.00094133
3916.32	0.000842554
3914.39	0.000854605
3912.46	0.000939371
3910.53	0.00104747
3908.6	0.00098905
3906.68	0.000955609
3904.75	0.000921241
3902.82	0.000952089
3900.89	0.00106647
3898.96	0.0011253
3897.04	0.00103193
3895.11	0.000984467
3893.18	0.000975999
3891.25	0.00100775
3889.32	0.00106351
3887.4	0.000982176
3885.47	0.000943522
3883.54	0.000963579
3881.61	0.000952288
3879.68	0.000958233
3877.76	0.000972213
3875.83	0.000968427
3873.9	0.000812876
3871.97	0.000869047
3870.04	0.00108055
3868.12	0.00110909
3866.19	0.00108414
3864.26	0.00105265
3862.33	0.00102518
3860.4	0.00100237
3858.48	0.000984102
3856.55	0.000987157
3854.62	0.00117098
3852.69	0.00116214
3850.76	0.00102415
3848.84	0.00105155
3846.91	0.00111218
3844.98	0.00116094
3843.05	0.00113839
3841.12	0.00103545
3839.2	0.00101117
3837.27	0.00107305
3835.34	0.00110002
3833.41	0.00115775
3831.48	0.00118766
3829.56	0.00112513
3827.63	0.00106278
3825.7	0.000974438
3823.77	0.00101549
3821.84	0.00108347
3819.92	0.00104574
3817.99	0.00107055
3816.06	0.00109982
3814.13	0.00112357
3812.2	0.00115114
3810.27	0.00112131
3808.35	0.00109201
3806.42	0.00108849
3804.49	0.00103704
3802.56	0.0010128
3800.64	0.00104036
3798.71	0.00109198
3796.78	0.0011329
3794.85	0.00106059
3792.92	0.000993301
3790.99	0.00106391
3789.07	0.00112061
3787.14	0.00112191
3785.21	0.0010582
3783.28	0.00103873
3781.35	0.00110547
3779.43	0.00116134
3777.5	0.00106109
3775.57	0.00102894
3773.64	0.00108427
3771.71	0.00104073
3769.79	0.0010205
3767.86	0.00103143
3765.93	0.00108467
3764	0.00111998
3762.07	0.00113354
3760.15	0.00112772
3758.22	0.00107696
3756.29	0.00108278
3754.36	0.00109135
3752.43	0.00105398
3750.51	0.000973375
3748.58	0.000963048
3746.65	0.00100898
3744.72	0.00102914
3742.79	0.00104189
3740.87	0.00116805
3738.94	0.00115589
3737.01	0.00110769
3735.08	0.00117224
3733.15	0.00120513
3731.23	0.00122224
3729.3	0.00109713
3727.37	0.00102515
3725.44	0.0010944
3723.51	0.0011941
3721.59	0.00116579
3719.66	0.00108427
3717.73	0.00108663
3715.8	0.0010582
3713.87	0.00110241
3711.95	0.00117583
3710.02	0.00113975
3708.09	0.00109583
3706.16	0.00114091
3704.23	0.00109673
3702.31	0.00101535
3700.38	0.00107577
3698.45	0.00115981
3696.52	0.0012356
3694.59	0.00135587
3692.67	0.00139606
3690.74	0.00137282
3688.81	0.0014066
3686.88	0.00139483
3684.95	0.00129791
3683.02	0.0013332
3681.1	0.00148406
3679.17	0.00139942
3677.24	0.00133942
3675.31	0.00132852
3673.38	0.00142777
3671.46	0.00153183
3669.53	0.00142179
3667.6	0.00128541
3665.67	0.00129562
3663.74	0.00148861
3661.82	0.00165874
3659.89	0.00158178
3657.96	0.00142475
3656.03	0.00138728
3654.1	0.00148994
3652.18	0.00144406
3650.25	0.00131709
3648.32	0.00135584
3646.39	0.0015053
3644.46	0.00161324
3642.54	0.00159512
3640.61	0.00153915
3638.68	0.00155282
3636.75	0.00153217
3634.82	0.00143934
3632.9	0.00138489
3630.97	0.00147923
3629.04	0.00151218
3627.11	0.00158378
3625.18	0.00168778
3623.26	0.00170351
3621.33	0.00173325
3619.4	0.00172231
3617.47	0.00175012
3615.54	0.00173525
3613.62	0.00161733
3611.69	0.00144875
3609.76	0.00144133
3607.83	0.00145127
3605.9	0.00146687
3603.98	0.00154962
3602.05	0.001492
3600.12	0.00143332
3598.19	0.00142987
3596.26	0.00136534
3594.34	0.00138878
3592.41	0.00146936
3590.48	0.00142923
3588.55	0.00148831
3586.62	0.0015064
3584.7	0.00139194
3582.77	0.00154457
3580.84	0.00166948
3578.91	0.00161028
3576.98	0.00152525
3575.05	0.0015594
3573.13	0.00160479
3571.2	0.00152479
3569.27	0.0014309
3567.34	0.00142947
3565.42	0.00147135
3563.49	0.00152502
3561.56	0.00157031
3559.63	0.00149443
3557.7	0.00157107
3555.77	0.00174083
3553.85	0.00174306
3551.92	0.00162475
3549.99	0.00153403
3548.06	0.00146148
3546.13	0.00138801
3544.21	0.00147714
3542.28	0.00157829
3540.35	0.00147554
3538.42	0.00144473
3536.49	0.00147182
3534.57	0.00164583
3532.64	0.00186068
3530.71	0.00185875
3528.78	0.00195093
3526.85	0.00197969
3524.93	0.00187529
3523	0.00188544
3521.07	0.00194857
3519.14	0.00201191
3517.21	0.00202786
3515.29	0.00173584
3513.36	0.00151115
3511.43	0.00157895
3509.5	0.00172204
3507.57	0.00173621
3505.65	0.00167238
3503.72	0.00164583
3501.79	0.00173345
3499.86	0.00169909
3497.93	0.00160143
3496.01	0.00162016
3494.08	0.00181546
3492.15	0.00191782
3490.22	0.001846
3488.29	0.00183446
3486.37	0.00182697
3484.44	0.00176299
3482.51	0.00170175
3480.58	0.00163083
3478.65	0.0017413
3476.73	0.00182474
3474.8	0.00175521
3472.87	0.00184507
3470.94	0.0017773
3469.01	0.00161101
3467.09	0.00162448
3465.16	0.00176329
3463.23	0.00188723
3461.3	0.00188354
3459.37	0.00189006
3457.44	0.0018668
3455.52	0.00178076
3453.59	0.0017269
3451.66	0.00180059
3449.73	0.00183792
3447.81	0.00183423
3445.88	0.0018319
3443.95	0.00196864
3442.02	0.00204826
3440.09	0.00208062
3438.16	0.00199311
3436.24	0.00188221
3434.31	0.00203428
3432.38	0.00214535
3430.45	0.00202916
3428.52	0.00195879
3426.6	0.00188181
3424.67	0.00202546
3422.74	0.00219707
3420.81	0.00226274
3418.88	0.00225132
3416.96	0.00208802
3415.03	0.00194138
3413.1	0.00195157
3411.17	0.002098
3409.24	0.0021337
3407.32	0.00204427
3405.39	0.00194774
3403.46	0.00184933
3401.53	0.00192065
3399.6	0.00210819
3397.68	0.00211948
3395.75	0.00201761
3393.82	0.00209874
3391.89	0.00220373
3389.96	0.00218261
3388.04	0.00208422
3386.11	0.00205812
3384.18	0.00201178
3382.25	0.00195613
3380.32	0.00199584
3378.4	0.00193419
3376.47	0.00191992
3374.54	0.0020482
3372.61	0.00207437
3370.68	0.00217905
3368.76	0.00220919
3366.83	0.0020766
3364.9	0.00207593
3362.97	0.00224612
3361.04	0.00221955
3359.12	0.00211658
3357.19	0.00215001
3355.26	0.00205186
3353.33	0.00199244
3351.4	0.00209447
3349.48	0.0020997
3347.55	0.00203075
3345.62	0.001996
3343.69	0.00202716
3341.76	0.0020488
3339.83	0.00207114
3337.91	0.00208991
3335.98	0.00204544
3334.05	0.00200709
3332.12	0.00192125
3330.19	0.00194834
3328.27	0.00187013
3326.34	0.00176958
3324.41	0.00200409
3322.48	0.0020766
3320.55	0.00203279
3318.63	0.00205869
3316.7	0.00204217
3314.77	0.00191892
3312.84	0.00178645
3310.91	0.001889
3308.99	0.00199743
3307.06	0.00191409
3305.13	0.00194308
3303.2	0.00200862
3301.27	0.0019979
3299.35	0.00197723
3297.42	0.00193869
3295.49	0.00195599
3293.56	0.00199893
3291.63	0.0020215
3289.71	0.00199297
3287.78	0.00195147
3285.85	0.00211442
3283.92	0.00215001
3281.99	0.00209098
3280.07	0.0019946
3278.14	0.0017736
3276.21	0.00170707
3274.28	0.00178279
3272.35	0.0017574
3270.43	0.00183998
3268.5	0.00194904
3266.57	0.00208828
3264.64	0.00211845
3262.71	0.00208535
3260.79	0.00219187
3258.86	0.00217329
3256.93	0.00207853
3255	0.00204021
3253.07	0.00207839
3251.15	0.00187309
3249.22	0.00174439
3247.29	0.00169619
3245.36	0.00175451
3243.43	0.00196505
3241.51	0.00201501
3239.58	0.00211049
3237.65	0.00207816
3235.72	0.00201631
3233.79	0.00192704
3231.87	0.00192784
3229.94	0.00194108
3228.01	0.00190614
3226.08	0.00195669
3224.15	0.00214742
3222.22	0.00215474
3220.3	0.00206964
3218.37	0.00200269
3216.44	0.00185762
3214.51	0.00198332
3212.58	0.00211565
3210.66	0.00207863
3208.73	0.00200685
3206.8	0.0020008
3204.87	0.0020205
3202.94	0.00199088
3201.02	0.00202207
3199.09	0.00209884
3197.16	0.00201827
3195.23	0.00203142
3193.3	0.00196148
3191.38	0.00192577
3189.45	0.0018907
3187.52	0.00194764
3185.59	0.00211575
3183.66	0.00210966
3181.74	0.00213183
3179.81	0.00214059
3177.88	0.00197011
3175.95	0.00188926
3174.02	0.00200293
3172.1	0.00206947
3170.17	0.00214415
3168.24	0.00223377
3166.31	0.00226015
3164.38	0.00206927
3162.46	0.00185153
3160.53	0.00185536
3158.6	0.00193928
3156.67	0.00208575
3154.74	0.00206924
3152.82	0.00198492
3150.89	0.00204241
3148.96	0.00200442
3147.03	0.00193755
3145.1	0.00196997
3143.18	0.00193872
3141.25	0.00196119
3139.32	0.00201767
3137.39	0.00207044
3135.46	0.00198851
3133.54	0.00198285
3131.61	0.00201684
3129.68	0.0020496
3127.75	0.00198046
3125.82	0.00188274
3123.9	0.00187625
3121.97	0.00190244
3120.04	0.002047
3118.11	0.00205223
3116.18	0.00201434
3114.26	0.002047
3112.33	0.0019311
3110.4	0.00182504
3108.47	0.00190268
3106.54	0.0020211
3104.61	0.00207383
3102.69	0.0020738
3100.76	0.00205695
3098.83	0.00198179
3096.9	0.00210526
3094.98	0.00222627
3093.05	0.00224296
3091.12	0.00218638
3089.19	0.00208958
3087.26	0.00214156
3085.33	0.00211342
3083.41	0.00213739
3081.48	0.00219124
3079.55	0.0021017
3077.62	0.00193283
3075.69	0.00197413
3073.77	0.00207829
3071.84	0.00198399
3069.91	0.00197982
3067.98	0.00194987
3066.05	0.00189146
3064.13	0.0018856
3062.2	0.0017945
3060.27	0.00186697
3058.34	0.00194478
3056.41	0.00195932
3054.49	0.00213773
3052.56	0.00213227
3050.63	0.00193146
3048.7	0.00194168
3046.77	0.00210257
3044.85	0.00211325
3042.92	0.00204517
3040.99	0.00218348
3039.06	0.00218098
3037.13	0.00205898
3035.21	0.00205765
3033.28	0.00219324
3031.35	0.00200509
3029.42	0.00183609
3027.49	0.00195273
3025.57	0.002021
3023.64	0.00201677
3021.71	0.00207999
3019.78	0.00219703
3017.85	0.00225898
3015.93	0.00211935
3014	0.00208555
3012.07	0.00209554
3010.14	0.00196758
3008.21	0.00199071
3006.29	0.00203974
3004.36	0.00201221
3002.43	0.0021662
3000.5	0.00223527
2998.57	0.00203725
2996.65	0.00200539
2994.72	0.00193419
2992.79	0.00195852
2990.86	0.00203848
2988.93	0.00196322
2987	0.00199707
2985.08	0.00217722
2983.15	0.00226964
2981.22	0.00222268
2979.29	0.00214612
2977.36	0.00224083
2975.44	0.00238193
2973.51	0.00253741
2971.58	0.00245593
2969.65	0.00234862
2967.72	0.00251249
2965.8	0.00264014
2963.87	0.00260341
2961.94	0.00269859
2960.01	0.00281336
2958.08	0.00257244
2956.16	0.00241155
2954.23	0.00236824
2952.3	0.00234352
2950.37	0.00238287
2948.44	0.00222431
2946.52	0.00220439
2944.59	0.00248229
2942.66	0.00239606
2940.73	0.00215987
2938.8	0.00214255
2936.88	0.00222824
2934.95	0.00225355
2933.02	0.00222334
2931.09	0.00229712
2929.16	0.00226248
2927.24	0.00213416
2925.31	0.00213187
2923.38	0.00224156
2921.45	0.00218351
2919.52	0.00208149
2917.6	0.00203195
2915.67	0.00209261
2913.74	0.00216603
2911.81	0.00213789
2909.88	0.00211006
2907.96	0.00204174
2906.03	0.00192005
2904.1	0.00193895
2902.17	0.0020501
2900.24	0.00212334
2898.32	0.00204034
2896.39	0.00209494
2894.46	0.00216623
2892.53	0.00214439
2890.6	0.00221858
2888.68	0.00226584
2886.75	0.00228839
2884.82	0.00216796
2882.89	0.00199184
2880.96	0.0020716
2879.04	0.00215924
2877.11	0.00212967
2875.18	0.00207067
2873.25	0.00194541
2871.32	0.00200542
2869.39	0.00228389
2867.47	0.00233053
2865.54	0.00230784
2863.61	0.00230601
2861.68	0.00216483
2859.75	0.00198655
2857.83	0.00184907
2855.9	0.00195403
2853.97	0.00197829
2852.04	0.00196052
2850.11	0.001994
2848.19	0.0018669
2846.26	0.00194844
2844.33	0.00208429
2842.4	0.001952
2840.47	0.0020475
2838.55	0.00215507
2836.62	0.00212261
2834.69	0.00218002
2832.76	0.00215374
2830.83	0.00208582
2828.91	0.00212138
2826.98	0.00220356
2825.05	0.00218991
2823.12	0.0022373
2821.19	0.00234066
2819.27	0.00225828
2817.34	0.00212351
2815.41	0.00212361
2813.48	0.0021615
2811.55	0.00214192
2809.63	0.00226521
2807.7	0.00243311
2805.77	0.00239563
2803.84	0.00219087
2801.91	0.00217276
2799.99	0.00202623
2798.06	0.00193616
2796.13	0.00202386
2794.2	0.00205892
2792.27	0.00204723
2790.35	0.00200912
2788.42	0.00190461
2786.49	0.00194714
2784.56	0.00221965
2782.63	0.00232137
2780.71	0.00212374
2778.78	0.00193632
2776.85	0.00205073
2774.92	0.00234818
2772.99	0.00233649
2771.06	0.00209707
2769.14	0.00196069
2767.21	0.00206102
2765.28	0.0020458
2763.35	0.00216786
2761.43	0.00223823
2759.5	0.00211608
2757.57	0.00225189
2755.64	0.00228393
2753.71	0.00230161
2751.78	0.00238207
2749.86	0.0023297
2747.93	0.00234279
2746	0.00233286
2744.07	0.00234682
2742.15	0.00213393
2740.22	0.0021293
2738.29	0.00225648
2736.36	0.00205093
2734.43	0.00207117
2732.5	0.00219976
2730.58	0.0021999
2728.65	0.00218315
2726.72	0.00221558
2724.79	0.0021
2722.86	0.00195247
2720.94	0.00194468
2719.01	0.00218165
2717.08	0.00236601
2715.15	0.00229475
2713.22	0.00234599
2711.3	0.00244341
2709.37	0.00244824
2707.44	0.0022304
2705.51	0.00215507
2703.58	0.00232267
2701.66	0.00259758
2699.73	0.00262304
2697.8	0.00265855
2695.87	0.00256664
2693.94	0.00233266
2692.02	0.00229712
2690.09	0.00264404
2688.16	0.00266045
2686.23	0.00251202
2684.3	0.00258848
2682.38	0.00262181
2680.45	0.00250672
2678.52	0.0022772
2676.59	0.00220516
2674.66	0.00241895
2672.74	0.00241049
2670.81	0.00232663
2668.88	0.00245477
2666.95	0.00239386
2665.02	0.00211106
2663.1	0.00226834
2661.17	0.00244664
2659.24	0.00251648
2657.31	0.0024447
2655.38	0.00260968
2653.46	0.00229535
2651.53	0.00220196
2649.6	0.00263498
2647.67	0.00232517
2645.74	0.00192963
2643.81	0.00204121
2641.89	0.00208499
2639.96	0.00220023
2638.03	0.00244047
2636.1	0.00256678
2634.17	0.0024506
2632.25	0.00248366
2630.32	0.00247643
2628.39	0.0022722
2626.46	0.00239336
2624.53	0.00248043
2622.61	0.00233689
2620.68	0.00243478
2618.75	0.00259464
2616.82	0.00263581
2614.89	0.00277548
2612.97	0.00284021
2611.04	0.00270195
2609.11	0.00251065
2607.18	0.00267485
2605.25	0.00261174
2603.33	0.00251582
2601.4	0.00260974
2599.47	0.00275037
2597.54	0.00278134
2595.61	0.00272212
2593.69	0.00292273
2591.76	0.00298858
2589.83	0.00278098
2587.9	0.00263484
2585.97	0.00264641
2584.05	0.00266451
2582.12	0.00254915
2580.19	0.0024695
2578.26	0.00247553
2576.33	0.00276674
2574.41	0.0028374
2572.48	0.00281269
2570.55	0.00269312
2568.62	0.00256474
2566.69	0.00240592
2564.77	0.00266545
2562.84	0.00274513
2560.91	0.00281513
2558.98	0.00296809
2557.05	0.00301607
2555.13	0.00287196
2553.2	0.00259631
2551.27	0.00265835
2549.34	0.00282983
2547.41	0.00282767
2545.49	0.00267665
2543.56	0.00253438
2541.63	0.00241168
2539.7	0.00243214
2537.77	0.00249442
2535.85	0.00254595
2533.92	0.00253498
2531.99	0.0024587
2530.06	0.00247096
2528.13	0.00255754
2526.21	0.00260151
2524.28	0.00268042
2522.35	0.00263068
2520.42	0.00249709
2518.49	0.00240905
2516.56	0.00266461
2514.64	0.00287556
2512.71	0.00272119
2510.78	0.00258968
2508.85	0.00270195
2506.92	0.00282967
2505	0.00285842
2503.07	0.00265284
2501.14	0.00252792
2499.21	0.00264974
2497.28	0.00285208
2495.36	0.00283003
2493.43	0.00261604
2491.5	0.00262051
2489.57	0.00273583
2487.64	0.00269308
2485.72	0.00259101
2483.79	0.00254711
2481.86	0.00236524
2479.93	0.002383
2478	0.00228389
2476.08	0.00258068
2474.15	0.00314077
2472.22	0.00346289
2470.29	0.00306769
2468.36	0.00226751
2466.44	0.00212025
2464.51	0.0023845
2462.58	0.00256134
2460.65	0.00251972
2458.72	0.00241885
2456.8	0.00249542
2454.87	0.00281609
2452.94	0.00293867
2451.01	0.00269739
2449.08	0.00244794
2447.16	0.00234036
2445.23	0.00222015
2443.3	0.00256511
2441.37	0.00277801
2439.44	0.00245847
2437.52	0.00248029
2435.59	0.00300323
2433.66	0.00303973
2431.73	0.00272046
2429.8	0.00250689
2427.88	0.00255211
2425.95	0.00257104
2424.02	0.00279305
2422.09	0.00301637
2420.16	0.00301981
2418.24	0.00267281
2416.31	0.00248413
2414.38	0.00295575
2412.45	0.00321561
2410.52	0.00305554
2408.6	0.00309061
2406.67	0.00323503
2404.74	0.00340154
2402.81	0.00338397
2400.88	0.0030103
2398.95	0.00275467
2397.03	0.00267161
2395.1	0.00247033
2393.17	0.00245154
2391.24	0.00225172
2389.31	0.00242901
2387.39	0.00252712
2385.46	0.0021626
2383.53	0.00225262
2381.6	0.00308197
2379.67	0.00319161
2377.75	0.00254975
2375.82	0.00259891
2373.89	0.00274006
2371.96	0.00261604
2370.03	0.00263201
2368.11	0.0024564
2366.18	0.00241785
2364.25	0.00257581
2362.32	0.00284384
2360.39	0.00271942
2358.47	0.00264754
2356.54	0.00287042
2354.61	0.00313053
2352.68	0.00345177
2350.75	0.00355795
2348.83	0.00298644
2346.9	0.00253401
2344.97	0.00247486
2343.04	0.00223074
2341.11	0.00190341
2339.19	0.00200809
2337.26	0.00219161
2335.33	0.00220063
2333.4	0.0023218
2331.47	0.00257898
2329.55	0.00279585
2327.62	0.00291305
2325.69	0.00295558
2323.76	0.0030158
2321.83	0.00291645
2319.91	0.00242191
2317.98	0.00224756
2316.05	0.00257498
2314.12	0.00293473
2312.19	0.00259808
2310.27	0.00233336
2308.34	0.00263671
2306.41	0.00312709
2304.48	0.00287806
2302.55	0.0023763
2300.63	0.00236671
2298.7	0.00208462
2296.77	0.00191752
2294.84	0.00273046
2292.91	0.00330961
2290.98	0.00275443
2289.06	0.00314918
2287.13	0.00309025
2285.2	0.00257998
2283.27	0.00296329
2281.35	0.00335576
2279.42	0.00292653
2277.49	0.0022695
2275.56	0.00212834
2273.63	0.00243624
2271.7	0.00259214
2269.78	0.00253465
2267.85	0.00273333
2265.92	0.00259091
2263.99	0.0024695
2262.06	0.00302782
2260.14	0.00291836
2258.21	0.00268998
2256.28	0.00297467
2254.35	0.002828
2252.42	0.00269352
2250.5	0.00271559
2248.57	0.00214878
2246.64	0.00180997
2244.71	0.0019744
2242.78	0.00238483
2240.86	0.00308855
2238.93	0.00270182
2237	0.00231687
2235.07	0.00242804
2233.14	0.00211868
2231.22	0.00166383
2229.29	0.00160506
2227.36	0.00187772
2225.43	0.00241548
2223.5	0.00317331
2221.58	0.00248243
2219.65	0.00193742
2217.72	0.00211272
2215.79	0.00249512
2213.86	0.00198721
2211.94	0.00224059
2210.01	0.00254595
2208.08	0.00270685
2206.15	0.00309515
2204.22	0.00285225
2202.3	0.00230568
2200.37	0.00246493
2198.44	0.00296539
2196.51	0.00304029
2194.58	0.00270055
2192.66	0.00229552
2190.73	0.0024466
2188.8	0.00295308
2186.87	0.00339743
2184.94	0.00331736
2183.02	0.00285358
2181.09	0.0024456
2179.16	0.0022763
2177.23	0.00228449
2175.3	0.00192634
2173.38	0.0012688
2171.45	0.00242095
2169.52	0.00245294
2167.59	0.00172969
2165.66	0.00191599
2163.73	0.00129688
2161.81	0.00153782
2159.88	0.0019065
2157.95	0.0017907
2156.02	0.00204727
2154.09	0.00313593
2152.17	0.00398062
2150.24	0.00313186
2148.31	0.00212288
2146.38	0.00227623
2144.45	0.0021982
2142.53	0.00231657
2140.6	0.00298471
2138.67	0.00320609
2136.74	0.00287756
2134.81	0.00161507
2132.89	0.000957867
2130.96	0.00123843
2129.03	0.00214891
2127.1	0.00228006
2125.17	0.00238313
2123.25	0.00225428
2121.32	0.00189253
2119.39	0.00171855
2117.46	0.00128498
2115.53	0.00127202
2113.61	0.00167068
2111.68	0.00199124
2109.75	0.00191978
2107.82	0.00125604
2105.89	0.00101213
2103.97	0.00105411
2102.04	7.60824e-05
2100.11	-0.000161697
2098.18	-0.000760158
2096.25	-0.000234294
2094.33	0.00143339
2092.4	0.00063007
2090.47	-0.00100155
2088.54	-0.00126692
2086.61	-0.000628098
2084.69	-0.00168827
2082.76	-0.0022935
2080.83	-0.00191744
2078.9	-0.000400439
2076.97	0.000319662
2075.05	-0.000426391
2073.12	0.000675333
2071.19	0.00175597
2069.26	0.00140284
2067.33	0.000357929
2065.41	-0.00216514
2063.48	-0.00184357
2061.55	-0.000820319
2059.62	-0.00151922
2057.69	-0.0015006
2055.77	-0.00224683
2053.84	-0.000191009
2051.91	0.00129007
2049.98	-0.000850248
2048.05	-0.0016717
2046.12	-0.00178741
2044.2	-0.00259297
2042.27	-0.00200603
2040.34	-0.00175118
2038.41	-0.000742561
2036.48	-0.0003037
2034.56	0.00113177
2032.63	-0.000636734
2030.7	-0.000836094
2028.77	-0.000845354
2026.84	-0.00172798
2024.92	-0.00103497
2022.99	-0.00280519
2021.06	-0.00306098
2019.13	-0.00178998
2017.2	-0.00100581
2015.28	-0.00224821
2013.35	-0.00382845
2011.42	-0.00237718
2009.49	-0.00165081
2007.56	-0.00400068
2005.64	-0.00488462
2003.71	-0.00252238
2001.78	-0.00144756
