nAHh0019.spa, Wed Oct 25 11:57:23 2006 (GMT-10:00)
9999.26	-0.00346439
9997.33	-0.00271557
9995.4	-0.00301511
9993.48	-0.00361028
9991.55	-0.00355379
9989.62	-0.00385682
9987.69	-0.00415689
9985.76	-0.00411987
9983.84	-0.00297645
9981.91	-0.00208647
9979.98	-0.00265604
9978.05	-0.00369252
9976.12	-0.00290256
9974.2	-0.00275772
9972.27	-0.00349897
9970.34	-0.00415997
9968.41	-0.00324765
9966.48	-0.00243672
9964.56	-0.00284881
9962.63	-0.00265083
9960.7	-0.00321141
9958.77	-0.003843
9956.84	-0.00294791
9954.92	-0.00197671
9952.99	-0.00252748
9951.06	-0.00368569
9949.13	-0.00314595
9947.2	-0.00140371
9945.28	-0.00194867
9943.35	-0.00318381
9941.42	-0.00306272
9939.49	-0.00251147
9937.56	-0.00249701
9935.64	-0.00314336
9933.71	-0.00372656
9931.78	-0.0035158
9929.85	-0.00396532
9927.92	-0.00413989
9926	-0.00305943
9924.07	-0.00276068
9922.14	-0.00327705
9920.21	-0.00350942
9918.28	-0.00290908
9916.36	-0.00286402
9914.43	-0.00354015
9912.5	-0.00387791
9910.57	-0.00387502
9908.64	-0.00301692
9906.71	-0.00218621
9904.79	-0.00227155
9902.86	-0.00227419
9900.93	-0.00240812
9899	-0.00330941
9897.08	-0.00329172
9895.15	-0.00288877
9893.22	-0.00351432
9891.29	-0.00269661
9889.36	-0.00222402
9887.43	-0.00234966
9885.51	-0.00253187
9883.58	-0.00278123
9881.65	-0.00306637
9879.72	-0.00252179
9877.79	-0.0027589
9875.87	-0.00405402
9873.94	-0.00295032
9872.01	-0.0016853
9870.08	-0.00234617
9868.15	-0.00294301
9866.23	-0.00289206
9864.3	-0.00179335
9862.37	-0.0013684
9860.44	-0.00186812
9858.51	-0.00298049
9856.59	-0.00295713
9854.66	-0.00263315
9852.73	-0.00239164
9850.8	-0.0028993
9848.87	-0.00304137
9846.95	-0.00275515
9845.02	-0.00243833
9843.09	-0.00148405
9841.16	-0.0015521
9839.23	-0.00260031
9837.31	-0.00256062
9835.38	-0.0024387
9833.45	-0.00314572
9831.52	-0.00354876
9829.59	-0.00292303
9827.67	-0.00274514
9825.74	-0.00270813
9823.81	-0.00193459
9821.88	-0.00208251
9819.95	-0.00265531
9818.03	-0.00201576
9816.1	-0.00190464
9814.17	-0.00275456
9812.24	-0.00302472
9810.31	-0.00273563
9808.39	-0.00270751
9806.46	-0.00211324
9804.53	-0.00206731
9802.6	-0.00270165
9800.67	-0.00301373
9798.75	-0.00302123
9796.82	-0.00230774
9794.89	-0.00238041
9792.96	-0.00258487
9791.03	-0.00215271
9789.11	-0.00257426
9787.18	-0.00255733
9785.25	-0.00206401
9783.32	-0.00217401
9781.39	-0.00178253
9779.46	-0.000996456
9777.54	-0.00117906
9775.61	-0.00188893
9773.68	-0.00176091
9771.75	-0.00140301
9769.83	-0.00181443
9767.9	-0.00258332
9765.97	-0.00302669
9764.04	-0.00297487
9762.11	-0.00231404
9760.18	-0.0020832
9758.26	-0.00230903
9756.33	-0.00205643
9754.4	-0.00207456
9752.47	-0.00243422
9750.54	-0.00236594
9748.62	-0.00207624
9746.69	-0.0019963
9744.76	-0.00232053
9742.83	-0.00203911
9740.9	-0.00167025
9738.98	-0.00204554
9737.05	-0.00217816
9735.12	-0.0021985
9733.19	-0.0017556
9731.26	-0.00178711
9729.34	-0.00206414
9727.41	-0.00176642
9725.48	-0.00176606
9723.55	-0.00174672
9721.62	-0.00150829
9719.7	-0.0018467
9717.77	-0.00177583
9715.84	-0.0018117
9713.91	-0.00186198
9711.98	-0.00188629
9710.06	-0.00254333
9708.13	-0.0026672
9706.2	-0.00185878
9704.27	-0.00152454
9702.34	-0.000932285
9700.42	-0.00113723
9698.49	-0.00191747
9696.56	-0.002565
9694.63	-0.00224802
9692.7	-0.00185492
9690.78	-0.00200428
9688.85	-0.00184964
9686.92	-0.00160595
9684.99	-0.00131069
9683.06	-0.00119687
9681.14	-0.00207245
9679.21	-0.00261092
9677.28	-0.00189177
9675.35	-0.00171524
9673.42	-0.00255285
9671.5	-0.0024098
9669.57	-0.00184898
9667.64	-0.00186511
9665.71	-0.00183753
9663.78	-0.00151938
9661.86	-0.00143832
9659.93	-0.00185852
9658	-0.00208225
9656.07	-0.00240987
9654.14	-0.00258556
9652.21	-0.00198746
9650.29	-0.0016851
9648.36	-0.00170415
9646.43	-0.000953213
9644.5	-0.000992885
9642.57	-0.00140681
9640.65	-0.00207473
9638.72	-0.0028074
9636.79	-0.00186383
9634.86	-0.00120662
9632.93	-0.00126183
9631.01	-0.00143987
9629.08	-0.00171956
9627.15	-0.00200771
9625.22	-0.00157086
9623.29	-0.00144562
9621.37	-0.0015557
9619.44	-0.00179701
9617.51	-0.00189718
9615.58	-0.00155834
9613.65	-0.000914365
9611.73	-0.000761944
9609.8	-0.000683679
9607.87	-0.000505927
9605.94	-0.000805668
9604.01	-0.00155105
9602.09	-0.00154104
9600.16	-0.000939096
9598.23	-0.000844296
9596.3	-0.000996951
9594.37	-0.00087376
9592.45	-0.00107192
9590.52	-0.000985645
9588.59	-0.00139023
9586.66	-0.00166438
9584.73	-0.00132929
9582.81	-0.00136704
9580.88	-0.00117364
9578.95	-0.00118772
9577.02	-0.000775902
9575.09	-0.000640373
9573.17	-0.000841452
9571.24	-0.00103824
9569.31	-0.00113786
9567.38	-0.000897898
9565.45	-0.000965512
9563.53	-0.0012692
9561.6	-0.00142197
9559.67	-0.00174497
9557.74	-0.00170161
9555.81	-0.00131343
9553.88	-0.0008563
9551.96	-0.000693968
9550.03	-0.000834639
9548.1	-0.00123378
9546.17	-0.00111813
9544.25	-0.00122159
9542.32	-0.00149234
9540.39	-0.00155626
9538.46	-0.00129166
9536.53	-0.00132691
9534.6	-0.00146223
9532.68	-0.00161688
9530.75	-0.00176916
9528.82	-0.0018181
9526.89	-0.00199113
9524.96	-0.00161163
9523.04	-0.00134254
9521.11	-0.00114156
9519.18	-0.00121415
9517.25	-0.00109555
9515.32	-0.00142673
9513.4	-0.0017688
9511.47	-0.00146543
9509.54	-0.00122939
9507.61	-0.00117708
9505.68	-0.000732572
9503.76	-0.0014725
9501.83	-0.00186409
9499.9	-0.00161476
9497.97	-0.00162295
9496.04	-0.00126196
9494.12	-0.0012536
9492.19	-0.00131829
9490.26	-0.00123775
9488.33	-0.00126305
9486.4	-0.00135089
9484.48	-0.00126434
9482.55	-0.00142448
9480.62	-0.0014117
9478.69	-0.000931095
9476.76	-0.000452408
9474.84	-0.000123142
9472.91	-0.00056576
9470.98	-0.000884804
9469.05	-0.000857953
9467.12	-0.000994439
9465.2	-0.000984885
9463.27	-0.0010935
9461.34	-0.00166929
9459.41	-0.000939427
9457.48	-6.93109e-05
9455.56	-0.000518536
9453.63	-0.00114922
9451.7	-0.000928516
9449.77	-0.000512612
9447.84	-0.000649339
9445.92	-0.000899849
9443.99	-0.000923755
9442.06	-0.00118485
9440.13	-0.00126728
9438.2	-0.000990241
9436.28	-0.000297177
9434.35	0.000124337
9432.42	-0.000798822
9430.49	-0.00114099
9428.56	-0.00091949
9426.63	-0.00107377
9424.71	-0.00119687
9422.78	-0.00102697
9420.85	-0.000890558
9418.92	-0.000924813
9417	-0.000376836
9415.07	-0.000208761
9413.14	-0.000682786
9411.21	-0.00125816
9409.28	-0.00118835
9407.35	-0.000647222
9405.43	-0.000605467
9403.5	-0.000920878
9401.57	-0.00116327
9399.64	-0.000784171
9397.71	-0.000630811
9395.79	-0.000289098
9393.86	-0.000232174
9391.93	-0.000750004
9390	-0.00122017
9388.07	-0.00130901
9386.15	-0.000490306
9384.22	-3.84669e-05
9382.29	-0.000125229
9380.36	-0.00102217
9378.43	-0.00132965
9376.51	-0.000653508
9374.58	-0.000436322
9372.65	-0.000542893
9370.72	-0.000693075
9368.79	-0.00107754
9366.87	-0.00125261
9364.94	-0.00127065
9363.01	-0.000963859
9361.08	-0.000564833
9359.15	-0.000716826
9357.23	-0.00110616
9355.3	-0.00168841
9353.37	-0.000947692
9351.44	7.63807e-05
9349.51	0.000387443
9347.59	0.000230177
9345.66	-0.000106645
9343.73	-0.00023999
9341.8	-0.000672167
9339.87	-0.00110094
9337.95	-0.000748912
9336.02	-0.000660985
9334.09	-0.00153315
9332.16	-0.00114632
9330.23	-0.000657478
9328.31	-0.000662473
9326.38	-0.000739254
9324.45	-0.000605037
9322.52	-0.00053826
9320.59	-0.000266349
9318.67	-0.000175972
9316.74	9.58011e-05
9314.81	-6.84827e-05
9312.88	-0.00038786
9310.95	-0.000882655
9309.03	-0.00121947
9307.1	-0.000865394
9305.17	-0.000527339
9303.24	-0.00033277
9301.31	-0.000410734
9299.38	-0.000370016
9297.46	0.000431089
9295.53	0.000449994
9293.6	-0.000370843
9291.67	-0.000536539
9289.74	-0.000441386
9287.82	-0.000871676
9285.89	-0.000705745
9283.96	8.3539e-05
9282.03	-9.92251e-05
9280.1	-0.000698004
9278.18	-0.00058568
9276.25	-0.000134271
9274.32	-0.000460485
9272.39	-0.000384946
9270.46	-0.000385675
9268.54	-0.00079277
9266.61	-0.000741371
9264.68	-0.000342703
9262.75	0.000101203
9260.82	-0.000164811
9258.9	-0.000523103
9256.97	-0.0007072
9255.04	-0.000836723
9253.11	-0.000885168
9251.18	-0.000753874
9249.26	-0.00098234
9247.33	-0.00106736
9245.4	-0.000597195
9243.47	-0.000224591
9241.54	-0.000310885
9239.62	-0.000483091
9237.69	-0.000577904
9235.76	-0.000425299
9233.83	-0.000471142
9231.9	-0.000751492
9229.98	-0.0011206
9228.05	-0.000794424
9226.12	-0.000140333
9224.19	-0.000164645
9222.26	-0.000317871
9220.34	-0.000305024
9218.41	-0.000212933
9216.48	-0.000264164
9214.55	-0.000288998
9212.62	-0.000419572
9210.7	-0.000247441
9208.77	-0.000207138
9206.84	-0.000184021
9204.91	-0.000297078
9202.98	-0.00070591
9201.05	-0.000697309
9199.13	-0.0001924
9197.2	-8.89889e-05
9195.27	-0.000320818
9193.34	-0.000517477
9191.42	6.40528e-05
9189.49	7.68778e-05
9187.56	-0.000136656
9185.63	5.8353e-05
9183.7	-0.000260587
9181.77	-0.000871908
9179.85	-0.000851372
9177.92	-0.00135664
9175.99	-0.00105539
9174.06	-0.000259296
9172.13	-0.000397956
9170.21	-0.000259925
9168.28	-9.98545e-05
9166.35	-0.000198461
9164.42	2.94572e-05
9162.49	-9.62768e-05
9160.57	4.10864e-06
9158.64	-4.63189e-05
9156.71	-0.000358429
9154.78	-0.000386039
9152.85	-0.000315785
9150.93	-9.96889e-05
9149	-0.000253037
9147.07	-0.000489578
9145.14	-0.000283502
9143.21	-0.000245686
9141.29	-0.000337736
9139.36	0.000266745
9137.43	0.000522042
9135.5	-0.000159014
9133.57	-0.000666675
9131.65	-0.000368923
9129.72	-4.21776e-05
9127.79	9.33155e-05
9125.86	5.19573e-05
9123.93	-1.74613e-05
9122.01	-0.00011814
9120.08	-0.00021608
9118.15	0.000289158
9116.22	0.000536805
9114.29	8.05232e-05
9112.37	-0.000484481
9110.44	-0.000501492
9108.51	-0.000116716
9106.58	7.40278e-05
9104.65	6.51464e-05
9102.73	-0.00016756
9100.8	-0.00012715
9098.87	0.000169945
9096.94	-0.000181835
9095.01	-0.000440095
9093.08	-9.76682e-05
9091.16	-4.3074e-06
9089.23	0.000249836
9087.3	0.000298441
9085.37	-0.000203627
9083.45	-0.000834804
9081.52	-0.000996918
9079.59	-0.000612945
9077.66	-0.00020578
9075.73	0.000197491
9073.8	3.73105e-05
9071.88	-0.000519364
9069.95	-0.000671075
9068.02	-0.000271449
9066.09	-0.000104558
9064.17	0.000151548
9062.24	0.00022726
9060.31	0.000104683
9058.38	0.000205778
9056.45	0.000257196
9054.52	2.15045e-05
9052.6	-0.000104923
9050.67	-0.000117411
9048.74	-0.000153384
9046.81	-1.59372e-05
9044.88	1.90856e-05
9042.96	-0.000107672
9041.03	-0.000131787
9039.1	5.56688e-05
9037.17	0.000346024
9035.24	0.000690565
9033.32	0.000560791
9031.39	-0.000124136
9029.46	-0.000373161
9027.53	-0.000131986
9025.6	0.000191027
9023.68	3.0882e-05
9021.75	3.75756e-05
9019.82	0.000325697
9017.89	0.000166597
9015.96	2.57128e-05
9014.04	0.000199015
9012.11	0.000528047
9010.18	0.000589424
9008.25	0.00039454
9006.32	0.000275895
9004.4	0.000275995
9002.47	-6.89183e-06
9000.54	-0.000116616
8998.61	0.000128579
8996.68	0.000246256
8994.76	0.00048207
8992.83	0.00019643
8990.9	-0.00023383
8988.97	-7.16299e-05
8987.04	-0.000351244
8985.12	-0.000456347
8983.19	-0.000203462
8981.26	-0.00031009
8979.33	-9.4488e-05
8977.4	0.000316976
8975.48	0.000502968
8973.55	0.000763715
8971.62	0.000729229
8969.69	0.000156785
8967.76	-0.00046631
8965.83	-0.000468759
8963.91	-2.08739e-05
8961.98	0.000216718
8960.05	0.000379153
8958.12	0.00046376
8956.2	8.7085e-05
8954.27	0.000121188
8952.34	-0.00010161
8950.41	0.000169812
8948.48	0.000636806
8946.55	0.00050864
8944.63	9.368e-05
8942.7	-8.60737e-05
8940.77	0.000357365
8938.84	0.000361344
8936.92	-3.30665e-05
8934.99	2.3327e-05
8933.06	-0.000155172
8931.13	-0.000203263
8929.2	0.000407806
8927.27	0.000142069
8925.35	-0.000419937
8923.42	-0.000172163
8921.49	1.6236e-05
8919.56	0.000247184
8917.63	0.000276293
8915.71	4.67878e-05
8913.78	-9.64756e-05
8911.85	-0.000180444
8909.92	-0.000281548
8907.99	-6.62676e-06
8906.07	0.000239459
8904.14	0.000274834
8902.21	0.000604089
8900.28	0.00039454
8898.35	9.85187e-05
8896.43	0.000246388
8894.5	0.000311472
8892.57	-0.000188525
8890.64	-0.000364586
8888.71	-0.000238665
8886.79	4.51972e-05
8884.86	0.000351595
8882.93	0.000310909
8881	-0.000290488
8879.07	-0.000364785
8877.15	0.000128546
8875.22	-5.37401e-05
8873.29	1.79259e-05
8871.36	0.000341282
8869.43	0.000111908
8867.51	0.000106009
8865.58	-0.000123042
8863.65	-0.00033873
8861.72	-9.43224e-05
8859.79	0.000624429
8857.87	0.000260412
8855.94	-6.53354e-05
8854.01	-9.684e-05
8852.08	-0.000155636
8850.15	0.000138125
8848.22	0.000187645
8846.3	-3.80031e-05
8844.37	-0.000267011
8842.44	-0.000199289
8840.51	-0.000340981
8838.58	-0.000431357
8836.66	-0.000395209
8834.73	-0.000344391
8832.8	3.55874e-05
8830.87	2.81648e-05
8828.94	-0.000145368
8827.02	3.41957e-05
8825.09	0.000229481
8823.16	0.000256798
8821.23	0.000436595
8819.3	0.000614475
8817.38	0.000264987
8815.45	0.000338231
8813.52	0.000458055
8811.59	0.000348378
8809.66	0.00050174
8807.74	0.00060744
8805.81	0.000669061
8803.88	0.000451122
8801.95	0.000192253
8800.02	0.000116747
8798.1	-0.000222703
8796.17	-0.000526677
8794.24	-0.000417189
8792.31	-3.50875e-05
8790.38	1.70975e-05
8788.46	-0.000191009
8786.53	3.45933e-05
8784.6	0.000201469
8782.67	0.00015072
8780.74	0.000150952
8778.82	7.7872e-05
8776.89	-2.75012e-06
8774.96	-0.000122777
8773.03	-9.50512e-05
8771.1	8.77478e-05
8769.18	7.01173e-05
8767.25	0.000254876
8765.32	0.000531696
8763.39	0.00089418
8761.46	0.000583584
8759.54	-0.000161035
8757.61	-0.000632929
8755.68	-0.00059243
8753.75	0.000135407
8751.82	0.000386117
8749.9	-1.05034e-05
8747.97	-0.000558777
8746.04	-0.000281482
8744.11	1.47449e-05
8742.18	-3.33978e-05
8740.25	-1.58378e-05
8738.33	-6.27513e-05
8736.4	-6.95097e-05
8734.47	9.65965e-05
8732.54	0.00050456
8730.62	0.000612948
8728.69	0.000342774
8726.76	0.000346057
8724.83	0.000461637
8722.9	0.000300398
8720.97	9.31829e-05
8719.05	0.000208894
8717.12	4.40705e-05
8715.19	-0.000431357
8713.26	-0.00045221
8711.33	-0.00018677
8709.41	-4.37016e-05
8707.48	0.000265352
8705.55	0.000447573
8703.62	1.68984e-06
8701.69	-0.000132251
8699.77	0.000152543
8697.84	0.000309814
8695.91	0.000346057
8693.98	0.000258821
8692.05	-4.24426e-05
8690.13	-0.000509137
8688.2	-0.000546467
8686.27	4.77133e-06
8684.34	0.000230575
8682.41	0.00032951
8680.49	0.000442698
8678.56	0.00029128
8676.63	0.000283223
8674.7	0.000116283
8672.77	0.000152907
8670.85	-8.18996e-05
8668.92	-0.000232969
8666.99	4.57252e-06
8665.06	-0.000230618
8663.13	-0.000259495
8661.21	-1.83227e-05
8659.28	0.000306167
8657.35	0.000308488
8655.42	-0.000109693
8653.49	-0.00036644
8651.57	-0.000417686
8649.64	-0.000231711
8647.71	-0.000218464
8645.78	5.55031e-05
8643.85	0.000399416
8641.93	0.000161989
8640	-0.000254229
8638.07	-0.000164976
8636.14	4.94388e-05
8634.21	0.000145417
8632.29	0.000287069
8630.36	4.45013e-05
8628.43	-0.000227373
8626.5	-0.000132052
8624.57	0.000368706
8622.65	0.000162984
8620.72	-3.26027e-05
8618.79	-2.61088e-05
8616.86	-0.000357071
8614.93	-0.000560498
8613	-0.000154874
8611.08	0.000330804
8609.15	7.08464e-05
8607.22	4.41036e-05
8605.29	0.000248212
8603.37	0.000186552
8601.44	-0.000309428
8599.51	-0.000188293
8597.58	4.38385e-05
8595.65	6.0275e-05
8593.72	0.000157482
8591.8	-5.79807e-05
8589.87	-0.000137749
8587.94	3.89011e-05
8586.01	9.95129e-05
8584.08	0.000176806
8582.16	-9.62768e-05
8580.23	-0.000236678
8578.3	1.21604e-05
8576.37	-0.000300786
8574.44	-0.000470249
8572.52	-1.50095e-05
8570.59	-6.09292e-05
8568.66	-0.000391998
8566.73	-0.000775406
8564.8	-0.000654202
8562.88	0.000160332
8560.95	0.000538165
8559.02	0.000129673
8557.09	4.62576e-05
8555.16	4.73819e-06
8553.24	-0.000124235
8551.31	6.56059e-06
8549.38	-3.15756e-05
8547.45	-0.000286912
8545.52	-0.000295323
8543.6	-8.75976e-05
8541.67	-1.34191e-05
8539.74	-8.68025e-05
8537.81	-0.000223067
8535.88	-0.000316778
8533.96	-0.000298468
8532.03	-0.000109627
8530.1	0.000244698
8528.17	3.80395e-05
8526.24	-2.85606e-05
8524.32	0.000295855
8522.39	0.000120061
8520.46	-0.000232042
8518.53	-0.000263998
8516.6	-0.000111813
8514.68	0.000339956
8512.75	0.000206507
8510.82	-0.000283767
8508.89	-0.000348132
8506.96	-5.85439e-05
8505.04	-9.91257e-05
8503.11	-5.81795e-05
8501.18	2.9424e-05
8499.25	-0.00036452
8497.32	-0.000513903
8495.39	-0.000580187
8493.47	-0.000450489
8491.54	-0.000303369
8489.61	-0.000180642
8487.68	7.41934e-05
8485.75	0.000217679
8483.83	0.000110085
8481.9	-0.000141559
8479.97	-0.000521283
8478.04	-0.000426755
8476.11	-0.000260389
8474.19	-0.000403153
8472.26	-0.000715768
8470.33	-0.000525618
8468.4	-0.000112641
8466.47	0.000180452
8464.55	0.00017021
8462.62	-0.000240718
8460.69	-0.000596533
8458.76	-0.000511818
8456.83	-0.00038061
8454.91	-0.000110157
8452.98	-0.000157656
8451.05	-0.000354025
8449.12	-0.000248898
8447.19	-0.000483587
8445.27	-0.000522574
8443.34	-0.000366142
8441.41	-0.000236778
8439.48	-0.000234095
8437.55	-0.000439797
8435.63	-0.000399976
8433.7	-0.000370546
8431.77	-0.00031946
8429.84	-6.90458e-05
8427.91	-3.17744e-05
8425.99	-0.000172462
8424.06	-0.000335783
8422.13	-0.000526677
8420.2	-0.000391435
8418.27	-0.000340021
8416.35	-0.000380941
8414.42	-0.000447708
8412.49	-0.000580352
8410.56	-0.00043566
8408.63	-0.00023234
8406.71	-0.000283767
8404.78	-0.000634418
8402.85	-0.000500599
8400.92	-8.39204e-05
8398.99	3.8636e-05
8397.07	-0.000105917
8395.14	-0.000252276
8393.21	-0.000556924
8391.28	-0.000832258
8389.35	-0.000858681
8387.43	-0.000679346
8385.5	-0.000299859
8383.57	-0.000148084
8381.64	-0.000269495
8379.71	-9.40574e-05
8377.79	-4.9897e-05
8375.86	-0.000273932
8373.93	-0.000439102
8372	-0.000435229
8370.07	-0.000359455
8368.14	-0.000347305
8366.22	-0.000404875
8364.29	-0.000354654
8362.36	-0.000279363
8360.43	-0.000329261
8358.5	-0.000254892
8356.58	-0.000203263
8354.65	-0.000253401
8352.72	-0.000506093
8350.79	-0.000325884
8348.86	-0.000213828
8346.94	-0.000439698
8345.01	-0.000741933
8343.08	-0.000655824
8341.15	-0.000388422
8339.22	-0.000521283
8337.3	-0.000650894
8335.37	-0.000450687
8333.44	-0.00059875
8331.51	-0.000575587
8329.58	-0.000315686
8327.66	-0.000222935
8325.73	-0.000517345
8323.8	-0.000855771
8321.87	-0.000809439
8319.94	-0.000555931
8318.02	-0.000593952
8316.09	-0.000568142
8314.16	-0.000341511
8312.23	-0.0001351
8310.3	-0.00028029
8308.38	-0.000508409
8306.45	-0.000558248
8304.52	-0.000492159
8302.59	-0.000423181
8300.66	-0.000605202
8298.74	-0.000725758
8296.81	-0.000649835
8294.88	-0.000660819
8292.95	-0.00066694
8291.02	-0.000642027
8289.1	-0.000536142
8287.17	-0.000401399
8285.24	-0.000537333
8283.31	-0.000549214
8281.38	-0.000761415
8279.46	-0.000680537
8277.53	-0.000512811
8275.6	-0.000606559
8273.67	-0.000409642
8271.74	-0.00037859
8269.82	-0.000711401
8267.89	-0.000993282
8265.96	-0.000861888
8264.03	-0.000858317
8262.1	-0.00100756
8260.17	-0.00112279
8258.25	-0.00124184
8256.32	-0.000857722
8254.39	-0.000547493
8252.46	-0.000682191
8250.54	-0.000709516
8248.61	-0.000748085
8246.68	-0.000691851
8244.75	-0.00057797
8242.82	-0.000694861
8240.89	-0.0009141
8238.97	-0.000910529
8237.04	-0.000874619
8235.11	-0.00070548
8233.18	-0.000541139
8231.25	-0.000686094
8229.33	-0.000775571
8227.4	-0.000994737
8225.47	-0.00114684
8223.54	-0.00124082
8221.61	-0.0010591
8219.69	-0.000685697
8217.76	-0.000420234
8215.83	-0.0006189
8213.9	-0.000715205
8211.97	-0.00103364
8210.05	-0.00114995
8208.12	-0.000914298
8206.19	-0.000991431
8204.26	-0.00103807
8202.33	-0.000759199
8200.41	-0.000902131
8198.48	-0.000749541
8196.55	-0.000504372
8194.62	-0.000543356
8192.69	-0.000791381
8190.77	-0.00109436
8188.84	-0.0010861
8186.91	-0.00118841
8184.98	-0.00129639
8183.05	-0.00113647
8181.13	-0.000889632
8179.2	-0.000639281
8177.27	-0.000715933
8175.34	-0.00141718
8173.41	-0.00145159
8171.49	-0.00117642
8169.56	-0.00108891
8167.63	-0.000992687
8165.7	-0.00087333
8163.77	-0.000905173
8161.85	-0.00118174
8159.92	-0.00112189
8157.99	-0.000918398
8156.06	-0.000702602
8154.13	-0.000538624
8152.21	-0.000774182
8150.28	-0.00120523
8148.35	-0.00136268
8146.42	-0.00139363
8144.49	-0.00112021
8142.56	-0.0010117
8140.64	-0.00114476
8138.71	-0.00105414
8136.78	-0.000988455
8134.85	-0.000958437
8132.92	-0.00106696
8131	-0.000970141
8129.07	-0.000936583
8127.14	-0.00109681
8125.21	-0.00118534
8123.28	-0.00127782
8121.36	-0.00116624
8119.43	-0.000977381
8117.5	-0.0010155
8115.57	-0.00112292
8113.64	-0.00116528
8111.72	-0.00106984
8109.79	-0.00118081
8107.86	-0.00126408
8105.93	-0.0012088
8104	-0.00111948
8102.08	-0.00114179
8100.15	-0.00123137
8098.22	-0.00113224
8096.29	-0.00113237
8094.36	-0.00142933
8092.44	-0.00165431
8090.51	-0.00118029
8088.58	-0.000958007
8086.65	-0.00113363
8084.72	-0.000914662
8082.8	-0.000789231
8080.87	-0.00111499
8078.94	-0.00148709
8077.01	-0.00135433
8075.08	-0.00110745
8073.16	-0.00125278
8071.23	-0.00149251
8069.3	-0.00175438
8067.37	-0.00151968
8065.44	-0.00129635
8063.52	-0.00148973
8061.59	-0.0014827
8059.66	-0.00147903
8057.73	-0.00171847
8055.8	-0.00157551
8053.88	-0.00104026
8051.95	-0.00118861
8050.02	-0.00151711
8048.09	-0.00142491
8046.16	-0.00133345
8044.24	-0.00130653
8042.31	-0.00110471
8040.38	-0.00106957
8038.45	-0.00142702
8036.52	-0.00166319
8034.6	-0.00170643
8032.67	-0.0016353
8030.74	-0.00158723
8028.81	-0.00121862
8026.88	-0.00117886
8024.96	-0.00160136
8023.03	-0.00158274
8021.1	-0.00153523
8019.17	-0.00173732
8017.24	-0.00169606
8015.31	-0.00145324
8013.39	-0.00132153
8011.46	-0.00124716
8009.53	-0.00128846
8007.6	-0.00134121
8005.67	-0.00112976
8003.75	-0.00103824
8001.82	-0.00127818
7999.89	-0.0015179
7997.96	-0.001719
7996.03	-0.00174854
7994.11	-0.00168108
7992.18	-0.00171441
7990.25	-0.00185231
7988.32	-0.00184479
7986.39	-0.00171369
7984.47	-0.00141768
7982.54	-0.00132747
7980.61	-0.00157789
7978.68	-0.00178107
7976.75	-0.00161873
7974.83	-0.00147167
7972.9	-0.00136592
7970.97	-0.00145262
7969.04	-0.00154032
7967.11	-0.00163256
7965.19	-0.0015314
7963.26	-0.0014969
7961.33	-0.00157736
7959.4	-0.0015669
7957.47	-0.00159274
7955.55	-0.0013205
7953.62	-0.00133438
7951.69	-0.00165583
7949.76	-0.00176276
7947.83	-0.00171808
7945.91	-0.00173141
7943.98	-0.00162972
7942.05	-0.00166692
7940.12	-0.00152764
7938.19	-0.00164586
7936.27	-0.00175428
7934.34	-0.00148452
7932.41	-0.00143594
7930.48	-0.00153794
7928.55	-0.0016175
7926.63	-0.00174415
7924.7	-0.00186082
7922.77	-0.00201774
7920.84	-0.00208208
7918.91	-0.00211001
7916.99	-0.0018052
7915.06	-0.00160704
7913.13	-0.00171289
7911.2	-0.00167613
7909.27	-0.00175679
7907.35	-0.00178748
7905.42	-0.00173481
7903.49	-0.00175497
7901.56	-0.00158423
7899.63	-0.00168801
7897.71	-0.00182526
7895.78	-0.00180906
7893.85	-0.00161575
7891.92	-0.00181816
7889.99	-0.00203736
7888.06	-0.00200148
7886.14	-0.00182232
7884.21	-0.00159681
7882.28	-0.00185716
7880.35	-0.00221396
7878.42	-0.00210183
7876.5	-0.00202114
7874.57	-0.00201042
7872.64	-0.00203463
7870.71	-0.00204046
7868.78	-0.00204327
7866.86	-0.00205448
7864.93	-0.00201906
7863	-0.00202087
7861.07	-0.00176375
7859.14	-0.00187778
7857.22	-0.00208841
7855.29	-0.00216909
7853.36	-0.00197556
7851.43	-0.00188831
7849.5	-0.00193861
7847.58	-0.00189781
7845.65	-0.00189408
7843.72	-0.00172352
7841.79	-0.0015833
7839.86	-0.00172725
7837.94	-0.00206579
7836.01	-0.00207849
7834.08	-0.00197965
7832.15	-0.00187999
7830.22	-0.00188049
7828.3	-0.00212531
7826.37	-0.00220345
7824.44	-0.00215416
7822.51	-0.00222689
7820.58	-0.00232152
7818.66	-0.00215953
7816.73	-0.00197984
7814.8	-0.00218538
7812.87	-0.00212772
7810.94	-0.00190041
7809.02	-0.00198661
7807.09	-0.00208943
7805.16	-0.00209194
7803.23	-0.00222428
7801.3	-0.00258144
7799.38	-0.0026649
7797.45	-0.00240667
7795.52	-0.00193726
7793.59	-0.00191598
7791.66	-0.00208627
7789.74	-0.00216999
7787.81	-0.00225332
7785.88	-0.00237108
7783.95	-0.00231532
7782.02	-0.00234014
7780.09	-0.00243369
7778.17	-0.00231209
7776.24	-0.00205926
7774.31	-0.00212844
7772.38	-0.00232557
7770.46	-0.00225049
7768.53	-0.00224709
7766.6	-0.00263648
7764.67	-0.00259932
7762.74	-0.00222807
7760.81	-0.00230688
7758.89	-0.00251806
7756.96	-0.00256286
7755.03	-0.00239504
7753.1	-0.00230926
7751.17	-0.00229947
7749.25	-0.00227326
7747.32	-0.00243237
7745.39	-0.00244466
7743.46	-0.00239066
7741.53	-0.00231193
7739.61	-0.00237856
7737.68	-0.0024529
7735.75	-0.00260957
7733.82	-0.00256655
7731.89	-0.0024074
7729.97	-0.002401
7728.04	-0.00239935
7726.11	-0.00234561
7724.18	-0.00241263
7722.25	-0.00239942
7720.33	-0.00224225
7718.4	-0.00211182
7716.47	-0.00238459
7714.54	-0.00264102
7712.61	-0.00259702
7710.69	-0.00258556
7708.76	-0.00247046
7706.83	-0.00223879
7704.9	-0.00235797
7702.97	-0.00240749
7701.05	-0.0024474
7699.12	-0.00245969
7697.19	-0.00234436
7695.26	-0.0022939
7693.33	-0.00239267
7691.41	-0.0025822
7689.48	-0.00262271
7687.55	-0.00266437
7685.62	-0.00270059
7683.69	-0.00254531
7681.77	-0.00258628
7679.84	-0.00265712
7677.91	-0.00257367
7675.98	-0.00255084
7674.05	-0.00245764
7672.12	-0.00250637
7670.2	-0.00284134
7668.27	-0.00292735
7666.34	-0.00266618
7664.41	-0.00244483
7662.48	-0.00244578
7660.56	-0.00260815
7658.63	-0.00271357
7656.7	-0.00270504
7654.77	-0.00267669
7652.84	-0.00277431
7650.92	-0.00276378
7648.99	-0.00263186
7647.06	-0.00268903
7645.13	-0.00284249
7643.2	-0.00271366
7641.28	-0.00240529
7639.35	-0.00232686
7637.42	-0.00261678
7635.49	-0.00290503
7633.56	-0.00300494
7631.64	-0.00294554
7629.71	-0.00259191
7627.78	-0.00271248
7625.85	-0.0029825
7623.92	-0.00300425
7622	-0.00299287
7620.07	-0.00297316
7618.14	-0.00291303
7616.21	-0.00293018
7614.28	-0.00302752
7612.36	-0.00306025
7610.43	-0.00285062
7608.5	-0.00272364
7606.57	-0.0028096
7604.64	-0.00281912
7602.72	-0.00281688
7600.79	-0.00296654
7598.86	-0.00298392
7596.93	-0.00313941
7595	-0.00295614
7593.08	-0.0028553
7591.15	-0.00296924
7589.22	-0.00277237
7587.29	-0.00274221
7585.36	-0.00285029
7583.44	-0.00300896
7581.51	-0.00323433
7579.58	-0.00310082
7577.65	-0.00286004
7575.72	-0.0029435
7573.8	-0.00300916
7571.87	-0.00296045
7569.94	-0.0029388
7568.01	-0.00313128
7566.08	-0.00322447
7564.16	-0.00312131
7562.23	-0.00310671
7560.3	-0.00315648
7558.37	-0.00308111
7556.44	-0.00304163
7554.52	-0.00318217
7552.59	-0.00307496
7550.66	-0.00321549
7548.73	-0.00337803
7546.8	-0.00322608
7544.88	-0.00310825
7542.95	-0.00324466
7541.02	-0.00322394
7539.09	-0.00314914
7537.16	-0.00316993
7535.23	-0.00313181
7533.31	-0.00312543
7531.38	-0.00330228
7529.45	-0.00346482
7527.52	-0.00334611
7525.59	-0.00310786
7523.67	-0.00314526
7521.74	-0.00312151
7519.81	-0.00307993
7517.88	-0.00317687
7515.95	-0.00308029
7514.03	-0.00293373
7512.1	-0.00299876
7510.17	-0.00305923
7508.24	-0.00313362
7506.31	-0.00339151
7504.39	-0.00347435
7502.46	-0.00333236
7500.53	-0.00327153
7498.6	-0.00331161
7496.67	-0.00323177
7494.75	-0.00327222
7492.82	-0.00327107
7490.89	-0.00336403
7488.96	-0.00357732
7487.03	-0.00343076
7485.11	-0.00316007
7483.18	-0.00293218
7481.25	-0.003031
7479.32	-0.00312414
7477.39	-0.00313704
7475.47	-0.00305808
7473.54	-0.00314359
7471.61	-0.00323779
7469.68	-0.00328455
7467.75	-0.00331536
7465.83	-0.00314618
7463.9	-0.00320657
7461.97	-0.00354318
7460.04	-0.00362126
7458.11	-0.00337793
7456.19	-0.0034567
7454.26	-0.003639
7452.33	-0.00355494
7450.4	-0.00331928
7448.47	-0.0033125
7446.54	-0.00357065
7444.62	-0.00347678
7442.69	-0.0034425
7440.76	-0.00326173
7438.83	-0.00315793
7436.91	-0.00341472
7434.98	-0.0035062
7433.05	-0.00353818
7431.12	-0.00359852
7429.19	-0.00351225
7427.26	-0.00346686
7425.34	-0.00340989
7423.41	-0.0034593
7421.48	-0.00358015
7419.55	-0.00361656
7417.62	-0.0035882
7415.7	-0.00361347
7413.77	-0.00370763
7411.84	-0.00358041
7409.91	-0.00333976
7407.98	-0.00341482
7406.06	-0.00353276
7404.13	-0.00350538
7402.2	-0.00351231
7400.27	-0.0035066
7398.34	-0.00366275
7396.42	-0.00379836
7394.49	-0.00379091
7392.56	-0.00371286
7390.63	-0.00362651
7388.7	-0.00360161
7386.78	-0.00349397
7384.85	-0.00358097
7382.92	-0.00368749
7380.99	-0.00349217
7379.06	-0.00349506
7377.14	-0.00354272
7375.21	-0.00351024
7373.28	-0.00355612
7371.35	-0.00376417
7369.42	-0.00382703
7367.5	-0.00363236
7365.57	-0.0037374
7363.64	-0.00356243
7361.71	-0.00331625
7359.78	-0.00329132
7357.86	-0.00341883
7355.93	-0.00352139
7354	-0.00350604
7352.07	-0.00368276
7350.14	-0.00389052
7348.22	-0.00372619
7346.29	-0.00357666
7344.36	-0.00356217
7342.43	-0.00378177
7340.5	-0.00404519
7338.58	-0.00390014
7336.65	-0.00363601
7334.72	-0.00364606
7332.79	-0.0037325
7330.86	-0.0036918
7328.94	-0.00367021
7327.01	-0.00373073
7325.08	-0.0036916
7323.15	-0.00363453
7321.22	-0.00370146
7319.29	-0.00374535
7317.37	-0.00393317
7315.44	-0.00403012
7313.51	-0.00405248
7311.58	-0.00402756
7309.65	-0.0038044
7307.73	-0.00346028
7305.8	-0.00348139
7303.87	-0.00364672
7301.94	-0.00354699
7300.01	-0.00359822
7298.09	-0.00390845
7296.16	-0.00411468
7294.23	-0.00407572
7292.3	-0.00386001
7290.37	-0.00370941
7288.45	-0.0037279
7286.52	-0.00376207
7284.59	-0.00368122
7282.66	-0.0037281
7280.73	-0.00384178
7278.81	-0.00378542
7276.88	-0.00378529
7274.95	-0.00376515
7273.02	-0.00373595
7271.09	-0.0038272
7269.17	-0.00378036
7267.24	-0.00368749
7265.31	-0.00371772
7263.38	-0.00392171
7261.45	-0.0040189
7259.53	-0.00397329
7257.6	-0.00407372
7255.67	-0.00409505
7253.74	-0.00397014
7251.81	-0.0039291
7249.89	-0.00402894
7247.96	-0.00393869
7246.03	-0.00384342
7244.1	-0.00376111
7242.17	-0.00359201
7240.25	-0.00368877
7238.32	-0.00391665
7236.39	-0.00390762
7234.46	-0.0036851
7232.53	-0.00366505
7230.61	-0.00380036
7228.68	-0.0037415
7226.75	-0.00360683
7224.82	-0.00364521
7222.89	-0.00371305
7220.97	-0.00367662
7219.04	-0.00372636
7217.11	-0.00386149
7215.18	-0.0038002
7213.25	-0.00365717
7211.33	-0.00363052
7209.4	-0.00374479
7207.47	-0.00370336
7205.54	-0.00366433
7203.61	-0.00376798
7201.69	-0.00392135
7199.76	-0.00380867
7197.83	-0.00379462
7195.9	-0.00393994
7193.97	-0.00392194
7192.04	-0.00388181
7190.12	-0.00386461
7188.19	-0.00388621
7186.26	-0.00390053
7184.33	-0.00385613
7182.4	-0.00393682
7180.48	-0.00397467
7178.55	-0.00404811
7176.62	-0.00396791
7174.69	-0.00396384
7172.76	-0.00384651
7170.84	-0.00378762
7168.91	-0.00391248
7166.98	-0.00392536
7165.05	-0.00388375
7163.12	-0.00392798
7161.2	-0.00382782
7159.27	-0.00382611
7157.34	-0.00377865
7155.41	-0.00377369
7153.48	-0.00385823
7151.56	-0.00384342
7149.63	-0.00383689
7147.7	-0.00391022
7145.77	-0.0038091
7143.84	-0.00382493
7141.92	-0.00391002
7139.99	-0.00388493
7138.06	-0.00390309
7136.13	-0.0038653
7134.2	-0.00379291
7132.28	-0.00369406
7130.35	-0.00361669
7128.42	-0.00377445
7126.49	-0.00413582
7124.56	-0.00408136
7122.64	-0.00391278
7120.71	-0.00397694
7118.78	-0.00394542
7116.85	-0.0039247
7114.92	-0.00382671
7113	-0.00377547
7111.07	-0.00378059
7109.14	-0.00378414
7107.21	-0.00382079
7105.28	-0.00383183
7103.36	-0.00377379
7101.43	-0.00387324
7099.5	-0.00399792
7097.57	-0.00388585
7095.64	-0.0037122
7093.71	-0.00374889
7091.79	-0.00390822
7089.86	-0.00388615
7087.93	-0.00385016
7086	-0.00377557
7084.08	-0.00367425
7082.15	-0.00376496
7080.22	-0.00380841
7078.29	-0.00362579
7076.36	-0.00347363
7074.43	-0.00359037
7072.51	-0.00370316
7070.58	-0.00371532
7068.65	-0.0037165
7066.72	-0.00372373
7064.79	-0.00372054
7062.87	-0.00366933
7060.94	-0.00372087
7059.01	-0.0037145
7057.08	-0.00368986
7055.15	-0.00369853
7053.23	-0.00364978
7051.3	-0.00371916
7049.37	-0.00372123
7047.44	-0.0035558
7045.51	-0.00361383
7043.59	-0.00365152
7041.66	-0.00381386
7039.73	-0.00392496
7037.8	-0.00384753
7035.87	-0.0038268
7033.95	-0.00376322
7032.02	-0.00373611
7030.09	-0.00371834
7028.16	-0.00384178
7026.23	-0.00387538
7024.31	-0.00379642
7022.38	-0.00379041
7020.45	-0.00369144
7018.52	-0.0035575
7016.59	-0.00361435
7014.67	-0.00368559
7012.74	-0.00363052
7010.81	-0.00367287
7008.88	-0.00362244
7006.95	-0.00359503
7005.03	-0.00368549
7003.1	-0.00364623
7001.17	-0.00366223
6999.24	-0.00381166
6997.31	-0.00376423
6995.39	-0.0035902
6993.46	-0.00359894
6991.53	-0.00373776
6989.6	-0.00380312
6987.67	-0.00371243
6985.75	-0.00375129
6983.82	-0.00382391
6981.89	-0.00374525
6979.96	-0.00369406
6978.03	-0.00370803
6976.1	-0.00365208
6974.18	-0.00360105
6972.25	-0.00351981
6970.32	-0.00343415
6968.39	-0.00339792
6966.46	-0.00355734
6964.54	-0.00361794
6962.61	-0.00344414
6960.68	-0.00341137
6958.75	-0.00347152
6956.82	-0.00345078
6954.9	-0.00346587
6952.97	-0.00341015
6951.04	-0.00354666
6949.11	-0.00353953
6947.18	-0.00341847
6945.26	-0.00350732
6943.33	-0.00351623
6941.4	-0.00354025
6939.47	-0.00365493
6937.54	-0.00363417
6935.62	-0.00351616
6933.69	-0.00344661
6931.76	-0.00326475
6929.83	-0.00319269
6927.9	-0.00324466
6925.98	-0.00330787
6924.05	-0.00325874
6922.12	-0.00326669
6920.19	-0.00335709
6918.26	-0.0033514
6916.34	-0.00320269
6914.41	-0.00316464
6912.48	-0.00320345
6910.55	-0.00328541
6908.62	-0.00337774
6906.7	-0.00339444
6904.77	-0.00346202
6902.84	-0.00343954
6900.91	-0.00337086
6898.98	-0.00333131
6897.06	-0.00312678
6895.13	-0.00303492
6893.2	-0.00312872
6891.27	-0.00310852
6889.34	-0.00314697
6887.42	-0.00339736
6885.49	-0.00343264
6883.56	-0.00337497
6881.63	-0.00337224
6879.7	-0.00328458
6877.78	-0.00313868
6875.85	-0.00309144
6873.92	-0.00311483
6871.99	-0.00311154
6870.06	-0.00323723
6868.14	-0.00331059
6866.21	-0.00327692
6864.28	-0.00322427
6862.35	-0.00310194
6860.42	-0.00300402
6858.5	-0.00297839
6856.57	-0.0030289
6854.64	-0.00318049
6852.71	-0.00322246
6850.78	-0.00306904
6848.85	-0.00296134
6846.93	-0.00301047
6845	-0.00308602
6843.07	-0.00302163
6841.14	-0.00282699
6839.21	-0.00291448
6837.29	-0.00305927
6835.36	-0.00302587
6833.43	-0.00311398
6831.5	-0.00313316
6829.57	-0.00298543
6827.65	-0.00298003
6825.72	-0.00282258
6823.79	-0.00262719
6821.86	-0.00265027
6819.93	-0.0028578
6818.01	-0.00298247
6816.08	-0.00296473
6814.15	-0.00294025
6812.22	-0.00281862
6810.29	-0.0027219
6808.37	-0.00268423
6806.44	-0.00268153
6804.51	-0.00270586
6802.58	-0.00275077
6800.65	-0.00270764
6798.73	-0.00273266
6796.8	-0.00293515
6794.87	-0.0029257
6792.94	-0.00294795
6791.01	-0.00294854
6789.09	-0.00270069
6787.16	-0.00266078
6785.23	-0.00266865
6783.3	-0.00271659
6781.37	-0.00279012
6779.45	-0.00272539
6777.52	-0.00274053
6775.59	-0.00270741
6773.66	-0.00262034
6771.73	-0.00260756
6769.81	-0.00262014
6767.88	-0.00266664
6765.95	-0.00260298
6764.02	-0.00263674
6762.09	-0.00269289
6760.17	-0.00277372
6758.24	-0.00276414
6756.31	-0.00274659
6754.38	-0.0027966
6752.45	-0.0028788
6750.53	-0.00278801
6748.6	-0.00263226
6746.67	-0.0027188
6744.74	-0.00266954
6742.81	-0.00256355
6740.88	-0.00250479
6738.96	-0.00257709
6737.03	-0.0027911
6735.1	-0.00279104
6733.17	-0.00269052
6731.25	-0.00271258
6729.32	-0.00277477
6727.39	-0.00272624
6725.46	-0.00264201
6723.53	-0.00289124
6721.6	-0.00301225
6719.68	-0.00287956
6717.75	-0.0027402
6715.82	-0.0027562
6713.89	-0.00286764
6711.96	-0.00296345
6710.04	-0.00294173
6708.11	-0.00296292
6706.18	-0.00292415
6704.25	-0.00291968
6702.32	-0.00283801
6700.4	-0.00284763
6698.47	-0.00298184
6696.54	-0.00304186
6694.61	-0.00302577
6692.68	-0.0029515
6690.76	-0.00302771
6688.83	-0.00311654
6686.9	-0.00307019
6684.97	-0.00309069
6683.04	-0.00307677
6681.12	-0.00304298
6679.19	-0.00308203
6677.26	-0.00304854
6675.33	-0.00300751
6673.4	-0.0029462
6671.48	-0.00300767
6669.55	-0.00295252
6667.62	-0.00293192
6665.69	-0.00295265
6663.76	-0.00294811
6661.84	-0.00309197
6659.91	-0.0031203
6657.98	-0.00298596
6656.05	-0.00309753
6654.12	-0.00317072
6652.2	-0.00304762
6650.27	-0.00295825
6648.34	-0.00305835
6646.41	-0.00313089
6644.48	-0.00312733
6642.56	-0.0030951
6640.63	-0.00320786
6638.7	-0.00328449
6636.77	-0.00320648
6634.84	-0.00305769
6632.92	-0.00310174
6630.99	-0.00316382
6629.06	-0.00313645
6627.13	-0.00313372
6625.2	-0.00319388
6623.27	-0.00331954
6621.35	-0.00341653
6619.42	-0.00338924
6617.49	-0.00330313
6615.56	-0.00326482
6613.63	-0.00329958
6611.71	-0.00330941
6609.78	-0.00324256
6607.85	-0.00318921
6605.92	-0.00330606
6603.99	-0.00333124
6602.07	-0.0032094
6600.14	-0.00318872
6598.21	-0.00334183
6596.28	-0.00353953
6594.35	-0.0035742
6592.43	-0.00352267
6590.5	-0.00343172
6588.57	-0.00332062
6586.64	-0.00332075
6584.71	-0.00342038
6582.79	-0.0034873
6580.86	-0.0035674
6578.93	-0.00355925
6577	-0.00348664
6575.07	-0.00349618
6573.15	-0.00362625
6571.22	-0.00356802
6569.29	-0.00330869
6567.36	-0.00335199
6565.43	-0.00352139
6563.51	-0.00348595
6561.58	-0.00347981
6559.65	-0.00348125
6557.72	-0.00348793
6555.79	-0.00346926
6553.87	-0.00344851
6551.94	-0.0035411
6550.01	-0.00353115
6548.08	-0.00342373
6546.15	-0.00337159
6544.23	-0.00351951
6542.3	-0.00362441
6540.37	-0.00360299
6538.44	-0.00352546
6536.51	-0.00358419
6534.59	-0.00357469
6532.66	-0.00351754
6530.73	-0.00361166
6528.8	-0.00375996
6526.87	-0.00381925
6524.95	-0.00362589
6523.02	-0.00371949
6521.09	-0.00389157
6519.16	-0.00386152
6517.23	-0.00389104
6515.31	-0.00385321
6513.38	-0.00375819
6511.45	-0.00376732
6509.52	-0.00371916
6507.59	-0.00373477
6505.67	-0.0038071
6503.74	-0.00380795
6501.81	-0.00385137
6499.88	-0.00390946
6497.95	-0.00389827
6496.02	-0.00389787
6494.1	-0.0039093
6492.17	-0.00393202
6490.24	-0.00384644
6488.31	-0.00381367
6486.38	-0.00384103
6484.46	-0.00399956
6482.53	-0.0040814
6480.6	-0.00401341
6478.67	-0.00409515
6476.74	-0.00412722
6474.82	-0.00412285
6472.89	-0.004207
6470.96	-0.00420929
6469.03	-0.00419079
6467.1	-0.00393609
6465.18	-0.0038157
6463.25	-0.00409548
6461.32	-0.00443684
6459.39	-0.00449265
6457.46	-0.00421011
6455.54	-0.00400396
6453.61	-0.00406699
6451.68	-0.00418993
6449.75	-0.00428804
6447.82	-0.00418934
6445.9	-0.00399381
6443.97	-0.00402067
6442.04	-0.00420319
6440.11	-0.00428886
6438.18	-0.00430445
6436.26	-0.00426941
6434.33	-0.00427712
6432.4	-0.00428381
6430.47	-0.0042967
6428.54	-0.00440751
6426.62	-0.00450069
6424.69	-0.00437904
6422.76	-0.00428118
6420.83	-0.00432984
6418.9	-0.00432925
6416.98	-0.00430271
6415.05	-0.00432784
6413.12	-0.00434381
6411.19	-0.00427114
6409.26	-0.00438665
6407.34	-0.00445294
6405.41	-0.00443064
6403.48	-0.0044996
6401.55	-0.00447865
6399.62	-0.0043591
6397.7	-0.00420962
6395.77	-0.00422075
6393.84	-0.00436369
6391.91	-0.00444192
6389.98	-0.00451856
6388.06	-0.00441712
6386.13	-0.00434381
6384.2	-0.00453751
6382.27	-0.00471998
6380.34	-0.00473034
6378.42	-0.00455627
6376.49	-0.00440732
6374.56	-0.00435536
6372.63	-0.00446763
6370.7	-0.00449941
6368.77	-0.00448137
6366.85	-0.00449183
6364.92	-0.00448809
6362.99	-0.00451928
6361.06	-0.00447737
6359.13	-0.00452899
6357.21	-0.00460368
6355.28	-0.00456282
6353.35	-0.00447062
6351.42	-0.00447163
6349.49	-0.00455279
6347.57	-0.00464357
6345.64	-0.00468035
6343.71	-0.00465167
6341.78	-0.00467757
6339.85	-0.004664
6337.93	-0.00468589
6336	-0.00480909
6334.07	-0.00487728
6332.14	-0.00488494
6330.21	-0.00470975
6328.29	-0.0045824
6326.36	-0.00461145
6324.43	-0.00476432
6322.5	-0.00478235
6320.57	-0.00469766
6318.65	-0.0046954
6316.72	-0.00466724
6314.79	-0.00475393
6312.86	-0.00488963
6310.93	-0.00480401
6309.01	-0.00477694
6307.08	-0.00483039
6305.15	-0.00477733
6303.22	-0.00483203
6301.29	-0.00486745
6299.37	-0.00486879
6297.44	-0.00488219
6295.51	-0.00486735
6293.58	-0.0049297
6291.65	-0.00498083
6289.73	-0.00487062
6287.8	-0.00473781
6285.87	-0.0048355
6283.94	-0.00484461
6282.01	-0.0047189
6280.08	-0.0047461
6278.16	-0.00479556
6276.23	-0.00479483
6274.3	-0.00485061
6272.37	-0.00481466
6270.45	-0.00480683
6268.52	-0.00477484
6266.59	-0.00475731
6264.66	-0.00481856
6262.73	-0.00484749
6260.8	-0.00473008
6258.88	-0.00480008
6256.95	-0.00485123
6255.02	-0.0047695
6253.09	-0.00483711
6251.17	-0.00491515
6249.24	-0.00494771
6247.31	-0.0049429
6245.38	-0.00490614
6243.45	-0.00486014
6241.52	-0.00498411
6239.6	-0.00517389
6237.67	-0.00514923
6235.74	-0.00491721
6233.81	-0.00486096
6231.88	-0.00493487
6229.96	-0.00498303
6228.03	-0.00498555
6226.1	-0.00488999
6224.17	-0.00472146
6222.24	-0.00483504
6220.32	-0.00499741
6218.39	-0.0050146
6216.46	-0.00496825
6214.53	-0.00497644
6212.6	-0.00493215
6210.68	-0.00497621
6208.75	-0.00496655
6206.82	-0.00496252
6204.89	-0.00502204
6202.96	-0.0049993
6201.04	-0.0049486
6199.11	-0.00499131
6197.18	-0.00501211
6195.25	-0.00508164
6193.32	-0.00505453
6191.4	-0.00495983
6189.47	-0.004895
6187.54	-0.00490313
6185.61	-0.00499318
6183.68	-0.00495924
6181.76	-0.00488802
6179.83	-0.00490765
6177.9	-0.00487963
6175.97	-0.00490788
6174.04	-0.00504254
6172.12	-0.00505449
6170.19	-0.0050145
6168.26	-0.00513004
6166.33	-0.00514569
6164.4	-0.00504408
6162.48	-0.00503687
6160.55	-0.00513964
6158.62	-0.00513915
6156.69	-0.00506887
6154.76	-0.00495472
6152.83	-0.00493461
6150.91	-0.00507447
6148.98	-0.00512805
6147.05	-0.00511619
6145.12	-0.00507791
6143.19	-0.00509327
6141.27	-0.00516239
6139.34	-0.00508917
6137.41	-0.00508973
6135.48	-0.00506052
6133.55	-0.00510712
6131.63	-0.00517421
6129.7	-0.00495361
6127.77	-0.00485116
6125.84	-0.00493097
6123.91	-0.00501214
6121.99	-0.00509412
6120.06	-0.0052244
6118.13	-0.00511829
6116.2	-0.00498253
6114.27	-0.00496471
6112.35	-0.00505682
6110.42	-0.00518875
6108.49	-0.00527999
6106.56	-0.00521458
6104.63	-0.005069
6102.71	-0.00500595
6100.78	-0.0050144
6098.85	-0.00511259
6096.92	-0.00512448
6094.99	-0.00505024
6093.07	-0.0050296
6091.14	-0.00504653
6089.21	-0.00516989
6087.28	-0.00529825
6085.35	-0.00521344
6083.43	-0.00509458
6081.5	-0.00504424
6079.57	-0.00504863
6077.64	-0.00518106
6075.71	-0.00521026
6073.79	-0.00509834
6071.86	-0.00508619
6069.93	-0.00511999
6068	-0.00516203
6066.07	-0.00518299
6064.15	-0.00524719
6062.22	-0.0053192
6060.29	-0.00535157
6058.36	-0.00528199
6056.43	-0.00519716
6054.51	-0.0052298
6052.58	-0.00522761
6050.65	-0.00512166
6048.72	-0.00515558
6046.79	-0.00524244
6044.87	-0.00518796
6042.94	-0.00518967
6041.01	-0.0051565
6039.08	-0.00514619
6037.15	-0.00530362
6035.23	-0.00528683
6033.3	-0.00517313
6031.37	-0.0052264
6029.44	-0.00526254
6027.51	-0.00521298
6025.58	-0.0051914
6023.66	-0.0052426
6021.73	-0.00534175
6019.8	-0.00532863
6017.87	-0.00525472
6015.94	-0.00521998
6014.02	-0.00515679
6012.09	-0.00520325
6010.16	-0.00528251
6008.23	-0.00524801
6006.3	-0.00522899
6004.38	-0.00526572
6002.45	-0.0052245
6000.52	-0.00522578
5998.59	-0.00530824
5996.66	-0.00532751
5994.74	-0.00523982
5992.81	-0.00516324
5990.88	-0.00524051
5988.95	-0.00535884
5987.02	-0.00536375
5985.1	-0.00528408
5983.17	-0.00521596
5981.24	-0.00511527
5979.31	-0.00513358
5977.38	-0.00525455
5975.46	-0.0053462
5973.53	-0.00531491
5971.6	-0.00521504
5969.67	-0.00521232
5967.74	-0.00525678
5965.82	-0.00530025
5963.89	-0.00527397
5961.96	-0.0051954
5960.03	-0.00523223
5958.1	-0.00536365
5956.18	-0.00541244
5954.25	-0.00531946
5952.32	-0.00532015
5950.39	-0.00536397
5948.46	-0.0053012
5946.54	-0.00536754
5944.61	-0.00537081
5942.68	-0.00532833
5940.75	-0.00535537
5938.82	-0.00538247
5936.9	-0.00529711
5934.97	-0.00517294
5933.04	-0.00528624
5931.11	-0.00529465
5929.18	-0.00521222
5927.25	-0.00528765
5925.33	-0.00542563
5923.4	-0.00544706
5921.47	-0.00531036
5919.54	-0.00520879
5917.62	-0.00531144
5915.69	-0.00541627
5913.76	-0.00536934
5911.83	-0.00537546
5909.9	-0.00542491
5907.97	-0.00536234
5906.05	-0.00530611
5904.12	-0.00537088
5902.19	-0.00537239
5900.26	-0.00534417
5898.33	-0.00535206
5896.41	-0.00531815
5894.48	-0.00526797
5892.55	-0.00532162
5890.62	-0.00545819
5888.69	-0.00540583
5886.77	-0.00538571
5884.84	-0.00538891
5882.91	-0.00540125
5880.98	-0.00538129
5879.05	-0.00533625
5877.13	-0.0053987
5875.2	-0.0054218
5873.27	-0.00535416
5871.34	-0.00531298
5869.41	-0.00538544
5867.49	-0.00544016
5865.56	-0.0053177
5863.63	-0.0053158
5861.7	-0.00548626
5859.77	-0.00553232
5857.85	-0.00543865
5855.92	-0.00537988
5853.99	-0.00534273
5852.06	-0.00529289
5850.13	-0.0053012
5848.21	-0.00533357
5846.28	-0.00539752
5844.35	-0.00543096
5842.42	-0.00536538
5840.49	-0.00535537
5838.57	-0.00543636
5836.64	-0.00550668
5834.71	-0.00543227
5832.78	-0.00539454
5830.85	-0.00549077
5828.93	-0.00546565
5827	-0.00544281
5825.07	-0.00552244
5823.14	-0.00543846
5821.21	-0.00523933
5819.29	-0.00526133
5817.36	-0.00530408
5815.43	-0.00536892
5813.5	-0.00548508
5811.57	-0.0055018
5809.65	-0.00539611
5807.72	-0.00532143
5805.79	-0.00529102
5803.86	-0.00536011
5801.93	-0.00552009
5800	-0.00550697
5798.08	-0.00535452
5796.15	-0.00525599
5794.22	-0.00524133
5792.29	-0.00528964
5790.36	-0.00532198
5788.44	-0.00539065
5786.51	-0.00533138
5784.58	-0.00528945
5782.65	-0.00535399
5780.72	-0.00540046
5778.8	-0.00531933
5776.87	-0.00532981
5774.94	-0.00536993
5773.01	-0.00540815
5771.08	-0.00537363
5769.16	-0.00529256
5767.23	-0.0053358
5765.3	-0.00536807
5763.37	-0.00533383
5761.44	-0.00529508
5759.52	-0.00525907
5757.59	-0.00535229
5755.66	-0.00542654
5753.73	-0.00531874
5751.8	-0.00517552
5749.88	-0.00522286
5747.95	-0.00523527
5746.02	-0.00528071
5744.09	-0.00533298
5742.16	-0.00531442
5740.24	-0.00529819
5738.31	-0.00525442
5736.38	-0.00526771
5734.45	-0.00530454
5732.52	-0.00530483
5730.6	-0.00527671
5728.67	-0.00530915
5726.74	-0.00532097
5724.81	-0.00526009
5722.88	-0.00534581
5720.96	-0.00542007
5719.03	-0.00543538
5717.1	-0.00540851
5715.17	-0.00532837
5713.24	-0.00525881
5711.32	-0.00531527
5709.39	-0.00529583
5707.46	-0.00522951
5705.53	-0.00526208
5703.6	-0.00535848
5701.68	-0.00535684
5699.75	-0.00534453
5697.82	-0.00527108
5695.89	-0.00527243
5693.96	-0.0052687
5692.03	-0.00522368
5690.11	-0.00525819
5688.18	-0.00530706
5686.25	-0.00526287
5684.32	-0.00521815
5682.4	-0.00519621
5680.47	-0.00523933
5678.54	-0.00525
5676.61	-0.00527678
5674.68	-0.00520496
5672.75	-0.00520839
5670.83	-0.00523468
5668.9	-0.0052135
5666.97	-0.00522427
5665.04	-0.00523573
5663.11	-0.00521288
5661.19	-0.00513319
5659.26	-0.00510208
5657.33	-0.00517267
5655.4	-0.00522444
5653.47	-0.00519032
5651.55	-0.00529243
5649.62	-0.00537926
5647.69	-0.00522064
5645.76	-0.00517523
5643.83	-0.00512127
5641.91	-0.00514311
5639.98	-0.00517451
5638.05	-0.00514176
5636.12	-0.00512595
5634.19	-0.0050787
5632.27	-0.00515329
5630.34	-0.005108
5628.41	-0.00495882
5626.48	-0.00499485
5624.55	-0.00503242
5622.63	-0.00506255
5620.7	-0.0051546
5618.77	-0.00519104
5616.84	-0.00520522
5614.91	-0.00512955
5612.99	-0.00506723
5611.06	-0.00500484
5609.13	-0.00504526
5607.2	-0.00518597
5605.27	-0.00521979
5603.35	-0.00516786
5601.42	-0.00510676
5599.49	-0.00509916
5597.56	-0.0051603
5595.63	-0.00520967
5593.71	-0.00523252
5591.78	-0.00522496
5589.85	-0.00518721
5587.92	-0.00519694
5585.99	-0.00510945
5584.07	-0.00504758
5582.14	-0.00508397
5580.21	-0.0051084
5578.28	-0.00512258
5576.35	-0.00513342
5574.43	-0.00516233
5572.5	-0.00515784
5570.57	-0.005134
5568.64	-0.00515892
5566.71	-0.00514255
5564.79	-0.00518649
5562.86	-0.00524107
5560.93	-0.00515447
5559	-0.00512791
5557.07	-0.00524951
5555.14	-0.00527927
5553.22	-0.0052465
5551.29	-0.0052849
5549.36	-0.00526781
5547.43	-0.00518279
5545.5	-0.00512592
5543.58	-0.00514831
5541.65	-0.00517529
5539.72	-0.00520224
5537.79	-0.00516534
5535.86	-0.00512713
5533.94	-0.00515077
5532.01	-0.00521445
5530.08	-0.00516943
5528.15	-0.00511482
5526.22	-0.00505043
5524.3	-0.00498348
5522.37	-0.00501414
5520.44	-0.00512968
5518.51	-0.00509848
5516.58	-0.00505613
5514.66	-0.00504758
5512.73	-0.00506137
5510.8	-0.00500229
5508.87	-0.00496881
5506.94	-0.00504699
5505.02	-0.00509121
5503.09	-0.00510728
5501.16	-0.00516459
5499.23	-0.00516452
5497.3	-0.00513551
5495.38	-0.00516256
5493.45	-0.00519232
5491.52	-0.0052024
5489.59	-0.00519134
5487.66	-0.00513548
5485.74	-0.00499108
5483.81	-0.00498289
5481.88	-0.00503779
5479.95	-0.00500536
5478.02	-0.00496547
5476.1	-0.00493241
5474.17	-0.00501385
5472.24	-0.0051934
5470.31	-0.00514019
5468.38	-0.00502561
5466.46	-0.00500386
5464.53	-0.00503068
5462.6	-0.00498319
5460.67	-0.00497189
5458.74	-0.00498814
5456.82	-0.00494716
5454.89	-0.00506055
5452.96	-0.00520136
5451.03	-0.00509438
5449.1	-0.00503953
5447.17	-0.00506838
5445.25	-0.00509929
5443.32	-0.00511475
5441.39	-0.00506124
5439.46	-0.00510922
5437.54	-0.00519569
5435.61	-0.0050277
5433.68	-0.00484015
5431.75	-0.00484959
5429.82	-0.00489648
5427.89	-0.00494205
5425.97	-0.00513895
5424.04	-0.00520041
5422.11	-0.00508027
5420.18	-0.00491413
5418.25	-0.00490139
5416.33	-0.00488881
5414.4	-0.00490824
5412.47	-0.00495341
5410.54	-0.00497284
5408.61	-0.00500546
5406.69	-0.00504025
5404.76	-0.00505544
5402.83	-0.00497965
5400.9	-0.00499292
5398.97	-0.0050295
5397.05	-0.00498584
5395.12	-0.00499849
5393.19	-0.00493579
5391.26	-0.00491214
5389.33	-0.00498712
5387.41	-0.00491915
5385.48	-0.00495974
5383.55	-0.00502158
5381.62	-0.00509471
5379.69	-0.00503242
5377.77	-0.00491374
5375.84	-0.0048295
5373.91	-0.00478861
5371.98	-0.00481836
5370.05	-0.00479854
5368.13	-0.00479162
5366.2	-0.00475239
5364.27	-0.00470612
5362.34	-0.00471126
5360.41	-0.00470657
5358.49	-0.00474492
5356.56	-0.00473191
5354.63	-0.00467288
5352.7	-0.00463062
5350.77	-0.00455112
5348.85	-0.00453308
5346.92	-0.00452784
5344.99	-0.0044331
5343.06	-0.00430878
5341.13	-0.00429021
5339.21	-0.00424765
5337.28	-0.00417218
5335.35	-0.00407939
5333.42	-0.00397897
5331.49	-0.00393038
5329.56	-0.00397224
5327.64	-0.00395471
5325.71	-0.00388421
5323.78	-0.00377698
5321.85	-0.00372862
5319.92	-0.00382868
5318	-0.00388658
5316.07	-0.00395359
5314.14	-0.00404105
5312.21	-0.0040295
5310.28	-0.00401318
5308.36	-0.00395432
5306.43	-0.00394493
5304.5	-0.00393143
5302.57	-0.00390293
5300.64	-0.00389626
5298.72	-0.00382812
5296.79	-0.00378322
5294.86	-0.00382598
5292.93	-0.00383777
5291	-0.00377327
5289.08	-0.00374436
5287.15	-0.00375037
5285.22	-0.00367593
5283.29	-0.00362323
5281.36	-0.00354521
5279.44	-0.00350074
5277.51	-0.0035552
5275.58	-0.00351534
5273.65	-0.00334348
5271.72	-0.00325587
5269.8	-0.00320927
5267.87	-0.00316115
5265.94	-0.00307193
5264.01	-0.00298931
5262.08	-0.00292481
5260.16	-0.00286145
5258.23	-0.00273563
5256.3	-0.00267319
5254.37	-0.00269371
5252.44	-0.00254349
5250.52	-0.0024129
5248.59	-0.00239461
5246.66	-0.00224683
5244.73	-0.00215736
5242.8	-0.00205286
5240.88	-0.00193964
5238.95	-0.00184832
5237.02	-0.00176606
5235.09	-0.00158819
5233.16	-0.00145351
5231.24	-0.00141576
5229.31	-0.00135832
5227.38	-0.00128013
5225.45	-0.00107949
5223.52	-0.000815524
5221.6	-0.000724038
5219.67	-0.000709681
5217.74	-0.000569631
5215.81	-0.000391435
5213.88	-0.000261216
5211.96	-0.000135464
5210.03	-3.18738e-05
5208.1	3.78739e-05
5206.17	0.000238929
5204.24	0.0004758
5202.31	0.000555582
5200.39	0.000597254
5198.46	0.000674503
5196.53	0.000815996
5194.6	0.000985729
5192.67	0.00109307
5190.75	0.00116035
5188.82	0.00121929
5186.89	0.00130598
5184.96	0.00144931
5183.03	0.00160945
5181.11	0.00165388
5179.18	0.00173056
5177.25	0.00187156
5175.32	0.00191466
5173.39	0.00206887
5171.47	0.00220516
5169.54	0.00223656
5167.61	0.00227673
5165.68	0.00246067
5163.75	0.00260841
5161.83	0.00259491
5159.9	0.00264204
5157.97	0.00280029
5156.04	0.00285318
5154.11	0.00293977
5152.19	0.00306572
5150.26	0.00311978
5148.33	0.00317181
5146.4	0.00329349
5144.47	0.00331005
5142.55	0.00334224
5140.62	0.00335082
5138.69	0.0033988
5136.76	0.00341226
5134.83	0.00345464
5132.91	0.00357556
5130.98	0.00368896
5129.05	0.00377248
5127.12	0.00381857
5125.19	0.00382252
5123.27	0.00387577
5121.34	0.00382796
5119.41	0.00375075
5117.48	0.00375383
5115.55	0.00372709
5113.62	0.00374872
5111.7	0.00389392
5109.77	0.00399644
5107.84	0.00393906
5105.91	0.0039301
5103.99	0.00405429
5102.06	0.00406352
5100.13	0.0040463
5098.2	0.0041156
5096.27	0.00408546
5094.34	0.00400055
5092.42	0.00402138
5090.49	0.00416431
5088.56	0.00423875
5086.63	0.00421911
5084.71	0.00417541
5082.78	0.00411768
5080.85	0.00412303
5078.92	0.00409767
5076.99	0.00402918
5075.06	0.00418548
5073.14	0.0043552
5071.21	0.00439891
5069.28	0.00437578
5067.35	0.00434057
5065.42	0.00438515
5063.5	0.00436926
5061.57	0.00438887
5059.64	0.00434526
5057.71	0.00435671
5055.78	0.00438254
5053.86	0.0043468
5051.93	0.00433221
5050	0.0042615
5048.07	0.00425136
5046.14	0.00431949
5044.22	0.00434493
5042.29	0.00432578
5040.36	0.00447255
5038.43	0.00461847
5036.5	0.00458629
5034.58	0.00462631
5032.65	0.00465015
5030.72	0.00467711
5028.79	0.00473476
5026.86	0.00488536
5024.94	0.00487989
5023.01	0.0048557
5021.08	0.00484139
5019.15	0.00482156
5017.22	0.00478799
5015.3	0.00467464
5013.37	0.00460859
5011.44	0.00457558
5009.51	0.0044841
5007.58	0.00437431
5005.66	0.00423721
5003.73	0.00415808
5001.8	0.0040762
4999.87	0.00399396
4997.94	0.00404623
4996.02	0.0040274
4994.09	0.00392348
4992.16	0.00386791
4990.23	0.00375507
4988.3	0.00366587
4986.38	0.00361181
4984.45	0.00361388
4982.52	0.00366717
4980.59	0.0035611
4978.66	0.00349716
4976.73	0.0034655
4974.81	0.00338438
4972.88	0.00333202
4970.95	0.00333976
4969.02	0.00326144
4967.09	0.00320182
4965.17	0.00321467
4963.24	0.00324198
4961.31	0.00317355
4959.38	0.00316984
4957.45	0.00315756
4955.53	0.00306399
4953.6	0.0029694
4951.67	0.0029761
4949.74	0.00293834
4947.81	0.00282323
4945.89	0.00280405
4943.96	0.00290505
4942.03	0.00285672
4940.1	0.00278034
4938.17	0.00271189
4936.25	0.00259931
4934.32	0.00262251
4932.39	0.00258644
4930.46	0.00251195
4928.53	0.00242768
4926.61	0.00244577
4924.68	0.00242125
4922.75	0.00238706
4920.82	0.00233559
4918.89	0.00230698
4916.97	0.00232123
4915.04	0.00219484
4913.11	0.0020986
4911.18	0.0020703
4909.25	0.00203578
4907.33	0.00199883
4905.4	0.00196262
4903.47	0.0019288
4901.54	0.0018112
4899.61	0.0017575
4897.69	0.001661
4895.76	0.00148638
4893.83	0.00147122
4891.9	0.00160383
4889.97	0.00159458
4888.05	0.00147182
4886.12	0.00141128
4884.19	0.00137355
4882.26	0.00136461
4880.33	0.00138339
4878.41	0.00127169
4876.48	0.00108766
4874.55	0.000985264
4872.62	0.000957867
4870.69	0.000950728
4868.77	0.000868582
4866.84	0.000704935
4864.91	0.000713896
4862.98	0.000744431
4861.05	0.000688906
4859.12	0.000604952
4857.2	0.000486879
4855.27	0.000393479
4853.34	0.00037504
4851.41	0.000409299
4849.48	0.000410426
4847.56	0.000365158
4845.63	0.000304144
4843.7	0.000290451
4841.77	0.000190728
4839.84	0.000148168
4837.92	0.000116382
4835.99	2.05436e-05
4834.06	-2.57775e-05
4832.13	-6.46728e-05
4830.2	-8.87901e-05
4828.28	-9.60781e-05
4826.35	-0.000104293
4824.42	-0.000191406
4822.49	-0.000263799
4820.56	-0.000230485
4818.64	-0.000288005
4816.71	-0.000421062
4814.78	-0.000557785
4812.85	-0.000607121
4810.92	-0.000595276
4809	-0.000542661
4807.07	-0.000592893
4805.14	-0.000727809
4803.21	-0.000822866
4801.28	-0.000905569
4799.36	-0.000953213
4797.43	-0.000971562
4795.5	-0.00107559
4793.57	-0.00110686
4791.64	-0.00123362
4789.72	-0.00128975
4787.79	-0.00113802
4785.86	-0.00111776
4783.93	-0.00124931
4782	-0.00128033
4780.08	-0.0012657
4778.15	-0.0013316
4776.22	-0.0013503
4774.29	-0.00139637
4772.36	-0.00148712
4770.44	-0.00158958
4768.51	-0.00176896
4766.58	-0.00181684
4764.65	-0.00176484
4762.72	-0.00177787
4760.79	-0.00183671
4758.87	-0.00189969
4756.94	-0.00189923
4755.01	-0.0018985
4753.08	-0.00196365
4751.16	-0.00208544
4749.23	-0.00213227
4747.3	-0.00212185
4745.37	-0.00202417
4743.44	-0.00203433
4741.51	-0.00213072
4739.59	-0.00215561
4737.66	-0.00226173
4735.73	-0.00234765
4733.8	-0.00241356
4731.88	-0.00249507
4729.95	-0.00243824
4728.02	-0.00237052
4726.09	-0.00245188
4724.16	-0.00255044
4722.23	-0.00249912
4720.31	-0.00252182
4718.38	-0.00271245
4716.45	-0.00268429
4714.52	-0.00270323
4712.59	-0.00275291
4710.67	-0.00278617
4708.74	-0.00296404
4706.81	-0.00294643
4704.88	-0.00275107
4702.95	-0.00283903
4701.03	-0.00300132
4699.1	-0.00307177
4697.17	-0.00315263
4695.24	-0.00318233
4693.31	-0.00315276
4691.39	-0.00309964
4689.46	-0.00309819
4687.53	-0.00309463
4685.6	-0.00310802
4683.67	-0.00317678
4681.75	-0.00330602
4679.82	-0.00330576
4677.89	-0.00329616
4675.96	-0.00327031
4674.03	-0.00325058
4672.11	-0.00330037
4670.18	-0.00339493
4668.25	-0.0033636
4666.32	-0.00334259
4664.39	-0.00336504
4662.47	-0.00337234
4660.54	-0.00342971
4658.61	-0.00338083
4656.68	-0.00332345
4654.75	-0.00350291
4652.83	-0.00356506
4650.9	-0.0035882
4648.97	-0.00366239
4647.04	-0.00367981
4645.11	-0.00375477
4643.19	-0.00391183
4641.26	-0.0039183
4639.33	-0.00389777
4637.4	-0.00391094
4635.47	-0.00380874
4633.54	-0.00370264
4631.62	-0.00372228
4629.69	-0.00374679
4627.76	-0.00371276
4625.83	-0.00371092
4623.9	-0.00383347
4621.98	-0.0038584
4620.05	-0.0037956
4618.12	-0.00380713
4616.19	-0.00386799
4614.26	-0.00387288
4612.34	-0.00390162
4610.41	-0.00395855
4608.48	-0.00398889
4606.55	-0.00400179
4604.62	-0.0039006
4602.7	-0.00391127
4600.77	-0.00393357
4598.84	-0.00391748
4596.91	-0.00396666
4594.98	-0.00391104
4593.06	-0.00391009
4591.13	-0.00403012
4589.2	-0.00402911
4587.27	-0.00391074
4585.34	-0.00394479
4583.42	-0.00400714
4581.49	-0.00398597
4579.56	-0.00398817
4577.63	-0.00398124
4575.7	-0.00403718
4573.78	-0.00408386
4571.85	-0.00412019
4569.92	-0.00411901
4567.99	-0.00405658
4566.06	-0.00401233
4564.14	-0.00393655
4562.21	-0.00382592
4560.28	-0.00382802
4558.35	-0.00397845
4556.42	-0.00397851
4554.5	-0.00391859
4552.57	-0.00391734
4550.64	-0.00393238
4548.71	-0.00390388
4546.78	-0.0038715
4544.86	-0.0038782
4542.93	-0.00389498
4541	-0.00381669
4539.07	-0.00372215
4537.14	-0.00374843
4535.22	-0.00382411
4533.29	-0.00379399
4531.36	-0.00373986
4529.43	-0.00380326
4527.5	-0.00386175
4525.58	-0.00391968
4523.65	-0.0038113
4521.72	-0.00371864
4519.79	-0.00368703
4517.86	-0.0037418
4515.94	-0.00383137
4514.01	-0.00379892
4512.08	-0.00373825
4510.15	-0.00382099
4508.22	-0.00402402
4506.29	-0.00402284
4504.37	-0.00406489
4502.44	-0.00411228
4500.51	-0.00404844
4498.58	-0.0041328
4496.65	-0.00425812
4494.73	-0.00424283
4492.8	-0.0042718
4490.87	-0.00430454
4488.94	-0.00431465
4487.01	-0.00441742
4485.09	-0.00445005
4483.16	-0.00439974
4481.23	-0.00442962
4479.3	-0.0043983
4477.37	-0.00431829
4475.45	-0.00423617
4473.52	-0.00427302
4471.59	-0.00441125
4469.66	-0.00448773
4467.73	-0.00439416
4465.81	-0.00446809
4463.88	-0.00455679
4461.95	-0.00449606
4460.02	-0.00448131
4458.09	-0.00454889
4456.17	-0.00449223
4454.24	-0.00452794
4452.31	-0.00456161
4450.38	-0.00447534
4448.45	-0.00451607
4446.53	-0.00456073
4444.6	-0.00454112
4442.67	-0.00454643
4440.74	-0.00449439
4438.81	-0.00446589
4436.89	-0.00446927
4434.96	-0.00445192
4433.03	-0.00451446
4431.1	-0.00457735
4429.17	-0.0045077
4427.25	-0.00442919
4425.32	-0.00448773
4423.39	-0.00455404
4421.46	-0.00452984
4419.53	-0.00447488
4417.61	-0.00448757
4415.68	-0.00452476
4413.75	-0.00453456
4411.82	-0.00449367
4409.89	-0.00440131
4407.96	-0.00429411
4406.04	-0.00427164
4404.11	-0.00427899
4402.18	-0.00429893
4400.25	-0.00441808
4398.33	-0.00450088
4396.4	-0.00446845
4394.47	-0.0043999
4392.54	-0.00445632
4390.61	-0.00447462
4388.68	-0.00434181
4386.76	-0.00427774
4384.83	-0.00428712
4382.9	-0.00430215
4380.97	-0.00440384
4379.04	-0.00451164
4377.12	-0.00447134
4375.19	-0.0044936
4373.26	-0.00451161
4371.33	-0.00449393
4369.4	-0.00448445
4367.48	-0.00443647
4365.55	-0.00432036
4363.62	-0.00425822
4361.69	-0.00432961
4359.76	-0.00444759
4357.84	-0.00440604
4355.91	-0.00433778
4353.98	-0.0043304
4352.05	-0.00432131
4350.12	-0.00427994
4348.2	-0.00433899
4346.27	-0.00434781
4344.34	-0.00422203
4342.41	-0.00410871
4340.48	-0.00413227
4338.56	-0.0041542
4336.63	-0.00415666
4334.7	-0.00421914
4332.77	-0.00416217
4330.84	-0.00419499
4328.92	-0.00426442
4326.99	-0.00422731
4325.06	-0.00413198
4323.13	-0.0041455
4321.2	-0.00422393
4319.28	-0.00421612
4317.35	-0.00412433
4315.42	-0.00412223
4313.49	-0.00409942
4311.56	-0.00404014
4309.64	-0.00404811
4307.71	-0.00406453
4305.78	-0.00401972
4303.85	-0.00401082
4301.92	-0.00407027
4300	-0.004103
4298.07	-0.0040811
4296.14	-0.00408924
4294.21	-0.00409515
4292.28	-0.00407756
4290.35	-0.0040033
4288.43	-0.0039664
4286.5	-0.00400964
4284.57	-0.0040448
4282.64	-0.00399884
4280.71	-0.00387745
4278.79	-0.00389981
4276.86	-0.00396518
4274.93	-0.00391711
4273	-0.00391038
4271.07	-0.00382408
4269.15	-0.00378716
4267.22	-0.0038073
4265.29	-0.00381554
4263.36	-0.00386989
4261.43	-0.00388254
4259.51	-0.00388592
4257.58	-0.00380394
4255.65	-0.00370208
4253.72	-0.00378003
4251.79	-0.00383922
4249.87	-0.00378036
4247.94	-0.00374515
4246.01	-0.00379012
4244.08	-0.00366998
4242.15	-0.00355796
4240.23	-0.00352592
4238.3	-0.00363558
4236.37	-0.00370001
4234.44	-0.00371443
4232.51	-0.00370034
4230.59	-0.0035951
4228.66	-0.00363407
4226.73	-0.00375576
4224.8	-0.00361008
4222.87	-0.00346975
4220.95	-0.00349943
4219.02	-0.00352234
4217.09	-0.0035201
4215.16	-0.00358537
4213.23	-0.00356766
4211.31	-0.00343698
4209.38	-0.00346104
4207.45	-0.00355882
4205.52	-0.00354958
4203.59	-0.00351212
4201.67	-0.00347774
4199.74	-0.00341991
4197.81	-0.00341554
4195.88	-0.00343379
4193.95	-0.00331007
4192.03	-0.00326614
4190.1	-0.00331618
4188.17	-0.00333105
4186.24	-0.00337063
4184.31	-0.00331408
4182.39	-0.00318964
4180.46	-0.00312095
4178.53	-0.00309335
4176.6	-0.00324637
4174.67	-0.00333601
4172.75	-0.00334466
4170.82	-0.00334131
4168.89	-0.00329008
4166.96	-0.00327926
4165.03	-0.00328892
4163.1	-0.00317602
4161.18	-0.00319704
4159.25	-0.00326097
4157.32	-0.00327985
4155.39	-0.00318398
4153.46	-0.00316701
4151.54	-0.00323239
4149.61	-0.00320457
4147.68	-0.00311829
4145.75	-0.00312316
4143.82	-0.00313191
4141.9	-0.00316408
4139.97	-0.0031974
4138.04	-0.00316276
4136.11	-0.00313467
4134.18	-0.00310066
4132.26	-0.00307259
4130.33	-0.00304693
4128.4	-0.00313184
4126.47	-0.00307358
4124.54	-0.00297454
4122.62	-0.00305594
4120.69	-0.00315102
4118.76	-0.00314388
4116.83	-0.00310579
4114.9	-0.00308355
4112.98	-0.00300942
4111.05	-0.00290194
4109.12	-0.00290523
4107.19	-0.0028994
4105.26	-0.00288969
4103.34	-0.00287353
4101.41	-0.0029025
4099.48	-0.00302972
4097.55	-0.00298895
4095.62	-0.0028967
4093.7	-0.00286135
4091.77	-0.00291217
4089.84	-0.00296371
4087.91	-0.0029332
4085.98	-0.00292076
4084.06	-0.00290049
4082.13	-0.00283996
4080.2	-0.00273533
4078.27	-0.00275515
4076.34	-0.0028574
4074.42	-0.00283722
4072.49	-0.0027376
4070.56	-0.00277155
4068.63	-0.00274093
4066.7	-0.00264329
4064.78	-0.00268831
4062.85	-0.0027784
4060.92	-0.00282211
4058.99	-0.00287077
4057.06	-0.00284361
4055.14	-0.00274787
4053.21	-0.00269848
4051.28	-0.00277454
4049.35	-0.00279229
4047.42	-0.00277092
4045.5	-0.00283838
4043.57	-0.0028072
4041.64	-0.00270807
4039.71	-0.00269756
4037.78	-0.0027381
4035.85	-0.00276542
4033.93	-0.00277082
4032	-0.00259409
4030.07	-0.00253233
4028.14	-0.00256181
4026.21	-0.00258734
4024.29	-0.00257752
4022.36	-0.00260937
4020.43	-0.0026671
4018.5	-0.00270698
4016.57	-0.00275617
4014.65	-0.00274942
4012.72	-0.00265686
4010.79	-0.00258263
4008.86	-0.00260993
4006.93	-0.00267102
4005.01	-0.00272381
4003.08	-0.00276598
4001.15	-0.00265265
3999.22	-0.00255193
3997.29	-0.00256767
3995.37	-0.00255463
3993.44	-0.00257927
3991.51	-0.00260525
3989.58	-0.00256418
3987.65	-0.00270095
3985.73	-0.00284756
3983.8	-0.00278337
3981.87	-0.00281645
3979.94	-0.0029127
3978.01	-0.002834
3976.09	-0.0026839
3974.16	-0.00270714
3972.23	-0.00278781
3970.3	-0.00279413
3968.37	-0.00279044
3966.45	-0.00277721
3964.52	-0.00292126
3962.59	-0.00300761
3960.66	-0.00299125
3958.73	-0.00295074
3956.81	-0.00289792
3954.88	-0.00289328
3952.95	-0.00287284
3951.02	-0.00290164
3949.09	-0.00298638
3947.17	-0.00293255
3945.24	-0.00290378
3943.31	-0.00301291
3941.38	-0.00306348
3939.45	-0.00300814
3937.53	-0.00303074
3935.6	-0.00305223
3933.67	-0.00309006
3931.74	-0.00318217
3929.81	-0.00317668
3927.88	-0.00314043
3925.96	-0.00308108
3924.03	-0.00306756
3922.1	-0.00328314
3920.17	-0.00329544
3918.24	-0.00316079
3916.32	-0.00315566
3914.39	-0.00307799
3912.46	-0.00305571
3910.53	-0.00316543
3908.6	-0.00325042
3906.68	-0.00328869
3904.75	-0.00339089
3902.82	-0.00330648
3900.89	-0.00322986
3898.96	-0.00329609
3897.04	-0.00324328
3895.11	-0.0032169
3893.18	-0.00320937
3891.25	-0.00322338
3889.32	-0.00329488
3887.4	-0.00327011
3885.47	-0.00319589
3883.54	-0.00320345
3881.61	-0.00320782
3879.68	-0.00315355
3877.76	-0.00321102
3875.83	-0.00315684
3873.9	-0.00306759
3871.97	-0.00309473
3870.04	-0.00316451
3868.12	-0.00323506
3866.19	-0.00323058
3864.26	-0.00320611
3862.33	-0.00318243
3860.4	-0.00307348
3858.48	-0.00308802
3856.55	-0.00313043
3854.62	-0.0031449
3852.69	-0.00310457
3850.76	-0.00305213
3848.84	-0.00305223
3846.91	-0.00303531
3844.98	-0.00309434
3843.05	-0.0030723
3841.12	-0.00294821
3839.2	-0.00291556
3837.27	-0.00294123
3835.34	-0.00293794
3833.41	-0.00291253
3831.48	-0.002881
3829.56	-0.00284068
3827.63	-0.00277346
3825.7	-0.00275258
3823.77	-0.00276621
3821.84	-0.00272344
3819.92	-0.00270468
3817.99	-0.00268538
3816.06	-0.00257139
3814.13	-0.00255539
3812.2	-0.00255683
3810.27	-0.00257459
3808.35	-0.0025791
3806.42	-0.00248884
3804.49	-0.00238202
3802.56	-0.00230916
3800.64	-0.00227705
3798.71	-0.00226816
3796.78	-0.00223605
3794.85	-0.0022045
3792.92	-0.00214262
3790.99	-0.00210348
3789.07	-0.00206342
3787.14	-0.00206246
3785.21	-0.002117
3783.28	-0.00203004
3781.35	-0.0019399
3779.43	-0.00190404
3777.5	-0.00172395
3775.57	-0.00162952
3773.64	-0.00161952
3771.71	-0.00154725
3769.79	-0.00151608
3767.86	-0.00147629
3765.93	-0.00138815
3764	-0.00132727
3762.07	-0.00123636
3760.15	-0.00112437
3758.22	-0.00107176
3756.29	-0.00102634
3754.36	-0.0010512
3752.43	-0.000959892
3750.51	-0.000828091
3748.58	-0.000784005
3746.65	-0.00080256
3744.72	-0.000671207
3742.79	-0.000589187
3740.87	-0.000509402
3738.94	-0.000375147
3737.01	-0.000296448
3735.08	-0.000138975
3733.15	1.32207e-05
3731.23	3.6449e-05
3729.3	0.000390395
3727.37	0.00118692
3725.44	0.00220992
3723.51	0.00337419
3721.59	0.00400991
3719.66	0.00416461
3717.73	0.00420897
3715.8	0.00404804
3713.87	0.00412794
3711.95	0.00458629
3710.02	0.00537999
3708.09	0.00638327
3706.16	0.00754494
3704.23	0.0088307
3702.31	0.0100574
3700.38	0.0109575
3698.45	0.0115042
3696.52	0.0116741
3694.59	0.0117711
3692.67	0.0116974
3690.74	0.0112192
3688.81	0.0106923
3686.88	0.0102136
3684.95	0.00984232
3683.02	0.00959317
3681.1	0.00951791
3679.17	0.00979931
3677.24	0.0101468
3675.31	0.0105524
3673.38	0.0112086
3671.46	0.01192
3669.53	0.0126823
3667.6	0.0137129
3665.67	0.0147179
3663.74	0.0156735
3661.82	0.016708
3659.89	0.0177395
3657.96	0.0188484
3656.03	0.0200451
3654.1	0.021273
3652.18	0.0227598
3650.25	0.0243113
3648.32	0.0257714
3646.39	0.0272627
3644.46	0.028852
3642.54	0.0305884
3640.61	0.0324249
3638.68	0.0343764
3636.75	0.0364466
3634.82	0.0385518
3632.9	0.0406283
3630.97	0.0427313
3629.04	0.0452386
3627.11	0.0479462
3625.18	0.0505419
3623.26	0.0532504
3621.33	0.0562692
3619.4	0.0593693
3617.47	0.0626849
3615.54	0.0662092
3613.62	0.0699374
3611.69	0.0738503
3609.76	0.0777151
3607.83	0.0816859
3605.9	0.0859938
3603.98	0.0906644
3602.05	0.0954263
3600.12	0.100325
3598.19	0.105462
3596.26	0.110692
3594.34	0.116173
3592.41	0.122054
3590.48	0.127906
3588.55	0.133977
3586.62	0.140278
3584.7	0.146858
3582.77	0.153496
3580.84	0.160209
3578.91	0.167256
3576.98	0.174383
3575.05	0.181467
3573.13	0.188843
3571.2	0.196413
3569.27	0.20396
3567.34	0.211698
3565.42	0.219513
3563.49	0.227495
3561.56	0.235618
3559.63	0.243753
3557.7	0.252178
3555.77	0.260597
3553.85	0.269025
3551.92	0.277589
3549.99	0.286274
3548.06	0.295106
3546.13	0.303991
3544.21	0.31308
3542.28	0.322062
3540.35	0.330768
3538.42	0.339333
3536.49	0.347934
3534.57	0.356557
3532.64	0.365194
3530.71	0.373308
3528.78	0.381053
3526.85	0.388865
3524.93	0.396451
3523	0.40336
3521.07	0.409983
3519.14	0.416482
3517.21	0.422466
3515.29	0.428061
3513.36	0.433266
3511.43	0.438205
3509.5	0.442526
3507.57	0.44621
3505.65	0.449781
3503.72	0.453058
3501.79	0.455923
3499.86	0.458277
3497.93	0.460075
3496.01	0.461401
3494.08	0.462744
3492.15	0.463937
3490.22	0.464731
3488.29	0.465064
3486.37	0.465124
3484.44	0.464936
3482.51	0.464302
3480.58	0.463774
3478.65	0.463485
3476.73	0.462687
3474.8	0.461699
3472.87	0.46047
3470.94	0.459198
3469.01	0.458248
3467.09	0.457321
3465.16	0.455964
3463.23	0.454365
3461.3	0.452861
3459.37	0.451368
3457.44	0.449929
3455.52	0.448617
3453.59	0.447015
3451.66	0.445605
3449.73	0.444421
3447.81	0.443511
3445.88	0.442324
3443.95	0.440846
3442.02	0.439401
3440.09	0.438294
3438.16	0.437326
3436.24	0.436107
3434.31	0.435086
3432.38	0.43442
3430.45	0.433542
3428.52	0.432561
3426.6	0.431505
3424.67	0.430589
3422.74	0.429901
3420.81	0.429228
3418.88	0.428493
3416.96	0.427743
3415.03	0.426951
3413.1	0.42624
3411.17	0.425668
3409.24	0.425018
3407.32	0.424614
3405.39	0.424412
3403.46	0.423962
3401.53	0.423587
3399.6	0.423241
3397.68	0.42276
3395.75	0.422481
3393.82	0.422357
3391.89	0.422332
3389.96	0.422295
3388.04	0.422225
3386.11	0.422208
3384.18	0.422139
3382.25	0.422098
3380.32	0.421914
3378.4	0.421963
3376.47	0.422218
3374.54	0.422508
3372.61	0.422573
3370.68	0.422543
3368.76	0.422796
3366.83	0.423046
3364.9	0.423135
3362.97	0.423212
3361.04	0.423174
3359.12	0.423096
3357.19	0.423611
3355.26	0.424241
3353.33	0.424712
3351.4	0.424854
3349.48	0.42498
3347.55	0.425337
3345.62	0.425698
3343.69	0.425961
3341.76	0.426503
3339.83	0.426998
3337.91	0.427101
3335.98	0.427578
3334.05	0.428203
3332.12	0.428689
3330.19	0.428932
3328.27	0.429242
3326.34	0.429992
3324.41	0.430926
3322.48	0.431594
3320.55	0.432136
3318.63	0.432759
3316.7	0.433522
3314.77	0.4341
3312.84	0.434716
3310.91	0.435616
3308.99	0.436342
3307.06	0.43699
3305.13	0.437753
3303.2	0.438077
3301.27	0.438735
3299.35	0.439726
3297.42	0.440331
3295.49	0.441185
3293.56	0.442291
3291.63	0.443247
3289.71	0.444008
3287.78	0.444756
3285.85	0.445681
3283.92	0.446604
3281.99	0.447477
3280.07	0.448426
3278.14	0.449353
3276.21	0.45036
3274.28	0.45109
3272.35	0.451747
3270.43	0.452269
3268.5	0.452942
3266.57	0.453787
3264.64	0.454567
3262.71	0.455312
3260.79	0.455988
3258.86	0.456402
3256.93	0.45696
3255	0.457653
3253.07	0.457979
3251.15	0.458374
3249.22	0.459198
3247.29	0.459898
3245.36	0.460079
3243.43	0.460464
3241.51	0.460719
3239.58	0.460974
3237.65	0.461109
3235.72	0.461122
3233.79	0.46131
3231.87	0.461705
3229.94	0.46197
3228.01	0.462181
3226.08	0.462122
3224.15	0.461908
3222.22	0.461867
3220.3	0.461866
3218.37	0.461311
3216.44	0.460903
3214.51	0.46061
3212.58	0.460124
3210.66	0.459911
3208.73	0.459366
3206.8	0.458535
3204.87	0.457783
3202.94	0.457091
3201.02	0.456155
3199.09	0.455397
3197.16	0.454769
3195.23	0.453648
3193.3	0.452273
3191.38	0.451173
3189.45	0.450044
3187.52	0.448657
3185.59	0.447103
3183.66	0.445576
3181.74	0.444158
3179.81	0.442497
3177.88	0.440643
3175.95	0.438712
3174.02	0.436715
3172.1	0.434895
3170.17	0.432869
3168.24	0.430573
3166.31	0.428278
3164.38	0.426017
3162.46	0.423382
3160.53	0.420533
3158.6	0.417989
3156.67	0.415321
3154.74	0.412404
3152.82	0.409485
3150.89	0.406598
3148.96	0.403729
3147.03	0.400596
3145.1	0.397076
3143.18	0.393536
3141.25	0.38989
3139.32	0.386088
3137.39	0.38212
3135.46	0.378251
3133.54	0.37454
3131.61	0.370564
3129.68	0.366141
3127.75	0.361852
3125.82	0.357557
3123.9	0.353145
3121.97	0.348783
3120.04	0.344159
3118.11	0.339032
3116.18	0.334049
3114.26	0.329111
3112.33	0.323955
3110.4	0.318429
3108.47	0.312795
3106.54	0.307275
3104.61	0.301574
3102.69	0.295676
3100.76	0.289748
3098.83	0.283818
3096.9	0.277941
3094.98	0.271815
3093.05	0.265449
3091.12	0.25909
3089.19	0.252675
3087.26	0.246138
3085.33	0.23965
3083.41	0.232917
3081.48	0.226071
3079.55	0.21949
3077.62	0.212799
3075.69	0.205988
3073.77	0.199357
3071.84	0.192757
3069.91	0.186201
3067.98	0.179875
3066.05	0.173632
3064.13	0.167183
3062.2	0.160887
3060.27	0.154757
3058.34	0.148871
3056.41	0.143269
3054.49	0.137503
3052.56	0.131852
3050.63	0.126639
3048.7	0.121396
3046.77	0.116513
3044.85	0.111898
3042.92	0.107157
3040.99	0.102672
3039.06	0.0983824
3037.13	0.0941085
3035.21	0.0902303
3033.28	0.0866159
3031.35	0.0829611
3029.42	0.0793507
3027.49	0.0761175
3025.57	0.0730624
3023.64	0.070085
3021.71	0.0674021
3019.78	0.0647827
3017.85	0.0620216
3015.93	0.0594456
3014	0.0572897
3012.07	0.0552349
3010.14	0.0529804
3008.21	0.050937
3006.29	0.049091
3004.36	0.047144
3002.43	0.0455088
3000.5	0.0439137
2998.57	0.0422201
2996.65	0.0408086
2994.72	0.0393714
2992.79	0.0379715
2990.86	0.0366552
2988.93	0.0356156
2987	0.0345971
2985.08	0.0333844
2983.15	0.0322775
2981.22	0.0313684
2979.29	0.030395
2977.36	0.0293793
2975.44	0.0286152
2973.51	0.0278795
2971.58	0.0270398
2969.65	0.0262305
2967.72	0.0254338
2965.8	0.0247149
2963.87	0.0240092
2961.94	0.0233448
2960.01	0.0229369
2958.08	0.0224785
2956.16	0.0219954
2954.23	0.0215043
2952.3	0.0208342
2950.37	0.0203658
2948.44	0.0200822
2946.52	0.0197259
2944.59	0.0193502
2942.66	0.0188201
2940.73	0.0183274
2938.8	0.0182423
2936.88	0.0180296
2934.95	0.0176005
2933.02	0.0172139
2931.09	0.0168345
2929.16	0.0164875
2927.24	0.0160996
2925.31	0.0157637
2923.38	0.0156239
2921.45	0.0155124
2919.52	0.0153066
2917.6	0.0150785
2915.67	0.0147252
2913.74	0.0146176
2911.81	0.0143259
2909.88	0.013971
2907.96	0.0139127
2906.03	0.0137364
2904.1	0.0134079
2902.17	0.0132099
2900.24	0.0133327
2898.32	0.013261
2896.39	0.0128941
2894.46	0.0125841
2892.53	0.01231
2890.6	0.0121198
2888.68	0.0120962
2886.75	0.0121198
2884.82	0.0119086
2882.89	0.0117253
2880.96	0.0114637
2879.04	0.0112631
2877.11	0.0111545
2875.18	0.0110047
2873.25	0.0110825
2871.32	0.0109264
2869.39	0.0105978
2867.47	0.0104978
2865.54	0.0104463
2863.61	0.0103349
2861.68	0.0102403
2859.75	0.0100402
2857.83	0.00981931
2855.9	0.00980979
2853.97	0.00981389
2852.04	0.00960842
2850.11	0.00934918
2848.19	0.00911947
2846.26	0.00905017
2844.33	0.00917693
2842.4	0.00904209
2840.47	0.00870452
2838.55	0.00856885
2836.62	0.00862799
2834.69	0.00879756
2832.76	0.00866733
2830.83	0.00851397
2828.91	0.00836998
2826.98	0.00831766
2825.05	0.00828409
2823.12	0.00813933
2821.19	0.00800792
2819.27	0.00788424
2817.34	0.00776539
2815.41	0.00764491
2813.48	0.00752731
2811.55	0.00762471
2809.63	0.00755633
2807.7	0.00724522
2805.77	0.00710963
2803.84	0.00706339
2801.91	0.00694584
2799.99	0.00692402
2798.06	0.00687214
2796.13	0.00661043
2794.2	0.00654961
2792.27	0.00677558
2790.35	0.00690961
2788.42	0.00655946
2786.49	0.00638054
2784.56	0.00642678
2782.63	0.00642338
2780.71	0.00621051
2778.78	0.00602111
2776.85	0.00607561
2774.92	0.0061245
2772.99	0.00606321
2771.06	0.00582358
2769.14	0.0057348
2767.21	0.00559304
2765.28	0.00547685
2763.35	0.0054641
2761.43	0.00545447
2759.5	0.00546313
2757.57	0.00530083
2755.64	0.00527323
2753.71	0.00513265
2751.78	0.00494963
2749.86	0.00494155
2747.93	0.00505692
2746	0.0051967
2744.07	0.00510523
2742.15	0.00476534
2740.22	0.00464958
2738.29	0.00459801
2736.36	0.00439523
2734.43	0.00430289
2732.5	0.00431618
2730.58	0.00433823
2728.65	0.00435604
2726.72	0.0042952
2724.79	0.00415701
2722.86	0.00420603
2720.94	0.00429466
2719.01	0.00421228
2717.08	0.00395323
2715.15	0.00370474
2713.22	0.00366066
2711.3	0.00367727
2709.37	0.00382405
2707.44	0.00376676
2705.51	0.00357703
2703.58	0.00361746
2701.66	0.00373144
2699.73	0.0036371
2697.8	0.00347004
2695.87	0.00358204
2693.94	0.00355304
2692.02	0.0032787
2690.09	0.00322001
2688.16	0.00344973
2686.23	0.00357663
2684.3	0.00347177
2682.38	0.00343537
2680.45	0.00345581
2678.52	0.0031358
2676.59	0.00319481
2674.66	0.00343183
2672.74	0.00338
2670.81	0.00345184
2668.88	0.00352839
2666.95	0.00343216
2665.02	0.00315776
2663.1	0.00296603
2661.17	0.00305701
2659.24	0.00304233
2657.31	0.00328267
2655.38	0.00352886
2653.46	0.00338104
2651.53	0.00327289
2649.6	0.00310253
2647.67	0.00316103
2645.74	0.00311491
2643.81	0.00315486
2641.89	0.00341226
2639.96	0.00329716
2638.03	0.00282436
2636.1	0.00286489
2634.17	0.00309388
2632.25	0.00320786
2630.32	0.00336487
2628.39	0.00330661
2626.46	0.00338681
2624.53	0.0034149
2622.61	0.00347321
2620.68	0.00349726
2618.75	0.00340738
2616.82	0.00333816
2614.89	0.00317308
2612.97	0.00315499
2611.04	0.00349569
2609.11	0.0036369
2607.18	0.00358395
2605.25	0.00333803
2603.33	0.00336197
2601.4	0.00343975
2599.47	0.00329422
2597.54	0.00326845
2595.61	0.00344826
2593.69	0.00343734
2591.76	0.00363583
2589.83	0.0038391
2587.9	0.00386126
2585.97	0.00368716
2584.05	0.00364706
2582.12	0.00388994
2580.19	0.00407647
2578.26	0.00391127
2576.33	0.00401175
2574.41	0.00426946
2572.48	0.00419348
2570.55	0.00420549
2568.62	0.00431849
2566.69	0.00416929
2564.77	0.00423453
2562.84	0.00453891
2560.91	0.00452384
2558.98	0.00461271
2557.05	0.00464513
2555.13	0.00451249
2553.2	0.00472106
2551.27	0.00480806
2549.34	0.00471885
2547.41	0.00469634
2545.49	0.0048365
2543.56	0.00499907
2541.63	0.00473111
2539.7	0.00468247
2537.77	0.00483509
2535.85	0.00487554
2533.92	0.00506708
2531.99	0.00512323
2530.06	0.00512273
2528.13	0.00538737
2526.21	0.00552212
2524.28	0.00559948
2522.35	0.0057393
2520.42	0.00592514
2518.49	0.00586791
2516.56	0.00557813
2514.64	0.00529509
2512.71	0.00506621
2510.78	0.00540532
2508.85	0.00596981
2506.92	0.00594103
2505	0.00590751
2503.07	0.00601917
2501.14	0.0060747
2499.21	0.00613116
2497.28	0.00624748
2495.36	0.0062013
2493.43	0.00620832
2491.5	0.00632904
2489.57	0.006206
2487.64	0.00631098
2485.72	0.00661211
2483.79	0.00647329
2481.86	0.00635176
2479.93	0.00664367
2478	0.00681522
2476.08	0.00692574
2474.15	0.00718128
2472.22	0.0072908
2470.29	0.00684693
2468.36	0.00669165
2466.44	0.00752097
2464.51	0.00799914
2462.58	0.00799337
2460.65	0.0078337
2458.72	0.00788512
2456.8	0.007974
2454.87	0.00782321
2452.94	0.00778829
2451.01	0.00782395
2449.08	0.00817026
2447.16	0.008526
2445.23	0.00834377
2443.3	0.00832955
2441.37	0.00870729
2439.44	0.00894578
2437.52	0.00854975
2435.59	0.0082956
2433.66	0.00847906
2431.73	0.00892434
2429.8	0.00891453
2427.88	0.0088003
2425.95	0.0088332
2424.02	0.00899155
2422.09	0.00909165
2420.16	0.00930636
2418.24	0.00950193
2416.31	0.0097022
2414.38	0.0100914
2412.45	0.0100766
2410.52	0.0100311
2408.6	0.00971788
2406.67	0.00967428
2404.74	0.00990835
2402.81	0.00989615
2400.88	0.00971954
2398.95	0.00986002
2397.03	0.0100468
2395.1	0.0102784
2393.17	0.0106167
2391.24	0.010492
2389.31	0.0104761
2387.39	0.0105464
2385.46	0.0108812
2383.53	0.0112281
2381.6	0.0110894
2379.67	0.0113022
2377.75	0.0118048
2375.82	0.0118068
2373.89	0.0117491
2371.96	0.0117479
2370.03	0.0115041
2368.11	0.0114586
2366.18	0.0115116
2364.25	0.0114046
2362.32	0.0116908
2360.39	0.0120311
2358.47	0.0121596
2356.54	0.0121028
2354.61	0.0129385
2352.68	0.0132171
2350.75	0.0129274
2348.83	0.0135459
2346.9	0.0144117
2344.97	0.0146658
2343.04	0.0144538
2341.11	0.0139313
2339.19	0.0137358
2337.26	0.0139324
2335.33	0.0138828
2333.4	0.01355
2331.47	0.0137887
2329.55	0.0139915
2327.62	0.0138457
2325.69	0.0142975
2323.76	0.0148229
2321.83	0.0151688
2319.91	0.0154056
2317.98	0.015306
2316.05	0.0153172
2314.12	0.015365
2312.19	0.0154122
2310.27	0.0155373
2308.34	0.015771
2306.41	0.0155357
2304.48	0.0153152
2302.55	0.0157781
2300.63	0.0159507
2298.7	0.0157806
2296.77	0.0163563
2294.84	0.0169284
2292.91	0.017265
2290.98	0.0174919
2289.06	0.0176209
2287.13	0.0179704
2285.2	0.017761
2283.27	0.0173005
2281.35	0.0172044
2279.42	0.0174354
2277.49	0.0177767
2275.56	0.0182262
2273.63	0.0188015
2271.7	0.0187583
2269.78	0.0182337
2267.85	0.0179115
2265.92	0.0181125
2263.99	0.0187485
2262.06	0.0195922
2260.14	0.019959
2258.21	0.0194114
2256.28	0.0196818
2254.35	0.0195772
2252.42	0.0196808
2250.5	0.0200894
2248.57	0.0200469
2246.64	0.0202485
2244.71	0.0204914
2242.78	0.0201747
2240.86	0.0201374
2238.93	0.0208142
2237	0.0212315
2235.07	0.0212518
2233.14	0.021273
2231.22	0.0211968
2229.29	0.0217701
2227.36	0.0216854
2225.43	0.0213373
2223.5	0.0211969
2221.58	0.0211283
2219.65	0.0219649
2217.72	0.0226001
2215.79	0.0222999
2213.86	0.0218879
2211.94	0.0214017
2210.01	0.0215378
2208.08	0.0222907
2206.15	0.0229223
2204.22	0.0228123
2202.3	0.0224058
2200.37	0.0220441
2198.44	0.0219358
2196.51	0.0222354
2194.58	0.0220919
2192.66	0.0224244
2190.73	0.0229788
2188.8	0.0223271
2186.87	0.0216626
2184.94	0.0220237
2183.02	0.0215686
2181.09	0.0207339
2179.16	0.0208837
2177.23	0.0208767
2175.3	0.0210587
2173.38	0.0207734
2171.45	0.0202454
2169.52	0.0202162
2167.59	0.0195619
2165.66	0.0190431
2163.73	0.0198977
2161.81	0.0197796
2159.88	0.0190962
2157.95	0.0192968
2156.02	0.0189842
2154.09	0.0185357
2152.17	0.0183916
2150.24	0.0179494
2148.31	0.0176426
2146.38	0.0173334
2144.45	0.0173957
2142.53	0.0177774
2140.6	0.0177073
2138.67	0.017927
2136.74	0.0185149
2134.81	0.0179441
2132.89	0.016991
2130.96	0.0161452
2129.03	0.0155513
2127.1	0.0152655
2125.17	0.0149397
2123.25	0.0146031
2121.32	0.0145473
2119.39	0.015559
2117.46	0.0153616
2115.53	0.0142243
2113.61	0.0139411
2111.68	0.0140387
2109.75	0.0139227
2107.82	0.0145453
2105.89	0.0140056
2103.97	0.0133107
2102.04	0.0124945
2100.11	0.0115696
2098.18	0.0115926
2096.25	0.0120992
2094.33	0.0121432
2092.4	0.011681
2090.47	0.0118845
2088.54	0.0118909
2086.61	0.0117232
2084.69	0.00981497
2082.76	0.00854854
2080.83	0.009957
2078.9	0.0113712
2076.97	0.0115048
2075.05	0.0121126
2073.12	0.0116737
2071.19	0.011826
2069.26	0.0112895
2067.33	0.0110914
2065.41	0.0101939
2063.48	0.0125705
2061.55	0.0131647
2059.62	0.0104592
2057.69	0.00834123
2055.77	0.0085483
2053.84	0.0106613
2051.91	0.0112427
2049.98	0.00926195
2048.05	0.00670178
2046.12	0.00687399
2044.2	0.00889776
2042.27	0.00897788
2040.34	0.00904503
2038.41	0.00792547
2036.48	0.0086072
2034.56	0.00894899
2032.63	0.00882363
2030.7	0.0102664
2028.77	0.0102715
2026.84	0.00946518
2024.92	0.00845399
2022.99	0.0080732
2021.06	0.00859308
2019.13	0.00891399
2017.2	0.00923267
2015.28	0.00949698
2013.35	0.0105136
2011.42	0.00983304
2009.49	0.00911981
2007.56	0.00784159
2005.64	0.0063126
2003.71	0.00631808
2001.78	0.00799472
