mAHk0677.spa, Tue Oct 31 09:34:23 2006 (GMT-10:00)
7999.41	-0.0280638
7997.48	-0.0320328
7995.55	-0.0310655
7993.62	-0.0299178
7991.7	-0.0303066
7989.77	-0.0289684
7987.84	-0.0272473
7985.91	-0.027628
7983.98	-0.0293047
7982.06	-0.0282085
7980.13	-0.0281224
7978.2	-0.0290475
7976.27	-0.0276078
7974.34	-0.0266401
7972.42	-0.025867
7970.49	-0.0268678
7968.56	-0.0239953
7966.63	-0.0238662
7964.7	-0.0286717
7962.78	-0.0313887
7960.85	-0.0315479
7958.92	-0.0317576
7956.99	-0.0302575
7955.06	-0.0300294
7953.14	-0.028823
7951.21	-0.0298365
7949.28	-0.02926
7947.35	-0.0277922
7945.42	-0.0273185
7943.5	-0.0265024
7941.57	-0.0252762
7939.64	-0.0279971
7937.71	-0.0299805
7935.78	-0.0310215
7933.86	-0.0300242
7931.93	-0.029485
7930	-0.0299159
7928.07	-0.0300129
7926.14	-0.0291741
7924.22	-0.0300342
7922.29	-0.0297224
7920.36	-0.0264118
7918.43	-0.0246834
7916.5	-0.026207
7914.58	-0.0275466
7912.65	-0.0283518
7910.72	-0.0298302
7908.79	-0.02809
7906.86	-0.0257108
7904.94	-0.0252499
7903.01	-0.0255759
7901.08	-0.0274495
7899.15	-0.0270685
7897.22	-0.0268641
7895.3	-0.0284939
7893.37	-0.0296565
7891.44	-0.0298559
7889.51	-0.0293117
7887.58	-0.0295699
7885.66	-0.029411
7883.73	-0.026413
7881.8	-0.0249299
7879.87	-0.0262329
7877.94	-0.0282749
7876.02	-0.0270166
7874.09	-0.0243503
7872.16	-0.0249533
7870.23	-0.0262236
7868.3	-0.0257958
7866.38	-0.0248392
7864.45	-0.026993
7862.52	-0.0287656
7860.59	-0.0277519
7858.66	-0.0249381
7856.74	-0.0256213
7854.81	-0.028023
7852.88	-0.0286697
7850.95	-0.0277381
7849.02	-0.028611
7847.1	-0.0278485
7845.17	-0.0247885
7843.24	-0.024746
7841.31	-0.0251083
7839.38	-0.0236512
7837.46	-0.0245372
7835.53	-0.0270884
7833.6	-0.0278769
7831.67	-0.0266457
7829.74	-0.0278445
7827.82	-0.0283074
7825.89	-0.027285
7823.96	-0.0304441
7822.03	-0.0311951
7820.1	-0.0260838
7818.18	-0.0246974
7816.25	-0.0269489
7814.32	-0.0285058
7812.39	-0.0275679
7810.46	-0.0258713
7808.54	-0.0287193
7806.61	-0.0305057
7804.68	-0.0275013
7802.75	-0.025707
7800.82	-0.0262041
7798.9	-0.0263725
7796.97	-0.0254118
7795.04	-0.0235513
7793.11	-0.0264146
7791.18	-0.0303945
7789.26	-0.0277664
7787.33	-0.0262015
7785.4	-0.0288728
7783.47	-0.0270031
7781.54	-0.0261575
7779.62	-0.0262096
7777.69	-0.0231481
7775.76	-0.0229338
7773.83	-0.0223615
7771.9	-0.0211672
7769.98	-0.0222253
7768.05	-0.0232109
7766.12	-0.0231643
7764.19	-0.0229657
7762.26	-0.0218627
7760.34	-0.021192
7758.41	-0.023505
7756.48	-0.0247459
7754.55	-0.0248992
7752.62	-0.0266914
7750.7	-0.0253657
7748.77	-0.0245076
7746.84	-0.0252813
7744.91	-0.0262267
7742.98	-0.0253939
7741.06	-0.0254846
7739.13	-0.0265696
7737.2	-0.0292205
7735.27	-0.0305547
7733.34	-0.0294729
7731.42	-0.0269429
7729.49	-0.0258569
7727.56	-0.0265125
7725.63	-0.0264809
7723.7	-0.0250711
7721.78	-0.0236057
7719.85	-0.0274184
7717.92	-0.0275478
7715.99	-0.0259524
7714.06	-0.0277463
7712.14	-0.0284142
7710.21	-0.0269271
7708.28	-0.025756
7706.35	-0.0254792
7704.42	-0.0272641
7702.5	-0.0268131
7700.57	-0.0250849
7698.64	-0.024522
7696.71	-0.0259645
7694.78	-0.0265475
7692.86	-0.0270605
7690.93	-0.0284012
7689	-0.0286147
7687.07	-0.0272279
7685.14	-0.0253187
7683.22	-0.0258256
7681.29	-0.0278268
7679.36	-0.0279573
7677.43	-0.0268969
7675.5	-0.0258449
7673.58	-0.0232241
7671.65	-0.0222721
7669.72	-0.0234532
7667.79	-0.0245777
7665.86	-0.0253529
7663.94	-0.0271628
7662.01	-0.0283975
7660.08	-0.0268254
7658.15	-0.0238922
7656.22	-0.0247216
7654.29	-0.0247803
7652.37	-0.0265127
7650.44	-0.026161
7648.51	-0.0244625
7646.58	-0.0263579
7644.66	-0.0287969
7642.73	-0.0283875
7640.8	-0.0270463
7638.87	-0.0276975
7636.94	-0.0277577
7635.02	-0.0274306
7633.09	-0.0273618
7631.16	-0.0265601
7629.23	-0.025366
7627.3	-0.025787
7625.38	-0.0241962
7623.45	-0.0250463
7621.52	-0.025715
7619.59	-0.0255626
7617.66	-0.0252335
7615.73	-0.0265232
7613.81	-0.0255411
7611.88	-0.0240382
7609.95	-0.0236849
7608.02	-0.0249505
7606.09	-0.0243983
7604.17	-0.0235743
7602.24	-0.0254034
7600.31	-0.0249339
7598.38	-0.0227905
7596.46	-0.0236492
7594.53	-0.0254813
7592.6	-0.0273644
7590.67	-0.0268332
7588.74	-0.0249818
7586.81	-0.0257843
7584.89	-0.0263709
7582.96	-0.0263246
7581.03	-0.0257012
7579.1	-0.0260823
7577.17	-0.0271145
7575.25	-0.0262727
7573.32	-0.0251713
7571.39	-0.0255954
7569.46	-0.0253167
7567.53	-0.0258421
7565.61	-0.0269764
7563.68	-0.0272231
7561.75	-0.0274749
7559.82	-0.0265509
7557.89	-0.0258483
7555.97	-0.0258782
7554.04	-0.025721
7552.11	-0.0235294
7550.18	-0.0249419
7548.25	-0.0270552
7546.33	-0.0266124
7544.4	-0.0264745
7542.47	-0.0248371
7540.54	-0.0239459
7538.61	-0.0257488
7536.69	-0.0267772
7534.76	-0.0266168
7532.83	-0.027299
7530.9	-0.0280282
7528.97	-0.0289242
7527.05	-0.0286014
7525.12	-0.0275412
7523.19	-0.0291702
7521.26	-0.0288457
7519.33	-0.0265438
7517.41	-0.0247711
7515.48	-0.0237533
7513.55	-0.0241303
7511.62	-0.023381
7509.69	-0.0236582
7507.77	-0.02561
7505.84	-0.025311
7503.91	-0.0251459
7501.98	-0.0252824
7500.05	-0.024731
7498.13	-0.0250194
7496.2	-0.0247217
7494.27	-0.0243332
7492.34	-0.0246567
7490.41	-0.0241851
7488.49	-0.0227279
7486.56	-0.0231171
7484.63	-0.0255088
7482.7	-0.0277044
7480.77	-0.0270202
7478.85	-0.0251053
7476.92	-0.0236801
7474.99	-0.0232415
7473.06	-0.0248888
7471.13	-0.026614
7469.21	-0.0260964
7467.28	-0.0256574
7465.35	-0.0253347
7463.42	-0.0242704
7461.49	-0.0239801
7459.57	-0.0239055
7457.64	-0.0236134
7455.71	-0.0252056
7453.78	-0.0261717
7451.85	-0.0255318
7449.93	-0.025105
7448	-0.0258017
7446.07	-0.0245299
7444.14	-0.0220869
7442.21	-0.0238969
7440.29	-0.0244697
7438.36	-0.0232945
7436.43	-0.0232867
7434.5	-0.0244143
7432.57	-0.0246578
7430.65	-0.0240252
7428.72	-0.0237586
7426.79	-0.0231077
7424.86	-0.0228913
7422.93	-0.0248336
7421.01	-0.0256211
7419.08	-0.0244393
7417.15	-0.0241728
7415.22	-0.0245575
7413.29	-0.0252629
7411.37	-0.0240003
7409.44	-0.0227256
7407.51	-0.0233562
7405.58	-0.0235998
7403.65	-0.0252883
7401.73	-0.0257524
7399.8	-0.026573
7397.87	-0.0261205
7395.94	-0.0238997
7394.01	-0.0226931
7392.09	-0.0234109
7390.16	-0.0251638
7388.23	-0.0243102
7386.3	-0.0233206
7384.37	-0.0245421
7382.45	-0.0251015
7380.52	-0.0249789
7378.59	-0.0238465
7376.66	-0.0235843
7374.73	-0.0246017
7372.81	-0.024413
7370.88	-0.0241388
7368.95	-0.025128
7367.02	-0.0253832
7365.09	-0.0240053
7363.17	-0.0237878
7361.24	-0.0247477
7359.31	-0.0251001
7357.38	-0.023495
7355.45	-0.0237761
7353.53	-0.0255907
7351.6	-0.0247549
7349.67	-0.0213671
7347.74	-0.0205235
7345.81	-0.0229553
7343.89	-0.0241966
7341.96	-0.0235936
7340.03	-0.023094
7338.1	-0.0249462
7336.17	-0.0245749
7334.25	-0.0225964
7332.32	-0.0214469
7330.39	-0.0220408
7328.46	-0.021887
7326.53	-0.0225009
7324.61	-0.022397
7322.68	-0.0218498
7320.75	-0.0228734
7318.82	-0.0225756
7316.89	-0.0222535
7314.97	-0.0229178
7313.04	-0.0240267
7311.11	-0.024668
7309.18	-0.0231184
7307.25	-0.0233553
7305.33	-0.0231724
7303.4	-0.0219281
7301.47	-0.0222505
7299.54	-0.0221407
7297.61	-0.0220321
7295.69	-0.0216343
7293.76	-0.0221588
7291.83	-0.0226976
7289.9	-0.0228872
7287.97	-0.0243939
7286.05	-0.024564
7284.12	-0.0228248
7282.19	-0.0229555
7280.26	-0.023335
7278.33	-0.0228243
7276.41	-0.0222955
7274.48	-0.0220372
7272.55	-0.0228561
7270.62	-0.0233746
7268.69	-0.0235789
7266.77	-0.0234122
7264.84	-0.0227281
7262.91	-0.0216508
7260.98	-0.0205755
7259.05	-0.0211163
7257.13	-0.0222796
7255.2	-0.0223109
7253.27	-0.0214774
7251.34	-0.0214155
7249.41	-0.02136
7247.49	-0.0219306
7245.56	-0.0224084
7243.63	-0.0212072
7241.7	-0.020705
7239.77	-0.0211331
7237.85	-0.0216235
7235.92	-0.0231802
7233.99	-0.0250265
7232.06	-0.0250403
7230.13	-0.0239572
7228.21	-0.0230419
7226.28	-0.0219805
7224.35	-0.0207432
7222.42	-0.0212515
7220.49	-0.0222718
7218.57	-0.0221116
7216.64	-0.0216368
7214.71	-0.0212559
7212.78	-0.0208301
7210.85	-0.0207818
7208.93	-0.0222247
7207	-0.0228864
7205.07	-0.0224258
7203.14	-0.0216865
7201.21	-0.020445
7199.29	-0.0196948
7197.36	-0.021676
7195.43	-0.0224597
7193.5	-0.0222358
7191.57	-0.0232284
7189.65	-0.0235004
7187.72	-0.0223338
7185.79	-0.0219584
7183.86	-0.0212142
7181.93	-0.021612
7180	-0.0221336
7178.08	-0.0216385
7176.15	-0.0202717
7174.22	-0.020107
7172.29	-0.0211007
7170.37	-0.0215988
7168.44	-0.0211628
7166.51	-0.0212899
7164.58	-0.0224996
7162.65	-0.0235312
7160.73	-0.02305
7158.8	-0.0217631
7156.87	-0.0204259
7154.94	-0.0203043
7153.01	-0.0203228
7151.08	-0.0210574
7149.16	-0.02136
7147.23	-0.0208989
7145.3	-0.0221295
7143.37	-0.0233589
7141.44	-0.022426
7139.52	-0.0219982
7137.59	-0.0221278
7135.66	-0.0214314
7133.73	-0.0216034
7131.8	-0.0217351
7129.88	-0.0209355
7127.95	-0.0209856
7126.02	-0.0209622
7124.09	-0.0201096
7122.17	-0.0203251
7120.24	-0.0204404
7118.31	-0.0207107
7116.38	-0.0212685
7114.45	-0.0217279
7112.52	-0.0212559
7110.6	-0.0207525
7108.67	-0.0209723
7106.74	-0.0203167
7104.81	-0.0208987
7102.88	-0.0216718
7100.96	-0.0221774
7099.03	-0.0213047
7097.1	-0.0211921
7095.17	-0.023232
7093.24	-0.0231213
7091.32	-0.0216789
7089.39	-0.0207729
7087.46	-0.0210453
7085.53	-0.0211325
7083.6	-0.0200714
7081.68	-0.019421
7079.75	-0.019942
7077.82	-0.019711
7075.89	-0.0199182
7073.96	-0.0212054
7072.04	-0.021948
7070.11	-0.0215011
7068.18	-0.0205369
7066.25	-0.0198641
7064.32	-0.0209725
7062.4	-0.0214536
7060.47	-0.0195575
7058.54	-0.0182673
7056.61	-0.0192928
7054.68	-0.0193178
7052.76	-0.0189087
7050.83	-0.0195605
7048.9	-0.0200416
7046.97	-0.0199598
7045.04	-0.021169
7043.12	-0.0223541
7041.19	-0.0225907
7039.26	-0.0216133
7037.33	-0.0201772
7035.4	-0.0197538
7033.48	-0.0200964
7031.55	-0.0198431
7029.62	-0.0200031
7027.69	-0.0210611
7025.76	-0.0212918
7023.84	-0.0213023
7021.91	-0.0210789
7019.98	-0.0205562
7018.05	-0.0199388
7016.12	-0.0196852
7014.2	-0.0196385
7012.27	-0.0198803
7010.34	-0.0203536
7008.41	-0.0204913
7006.48	-0.0203194
7004.56	-0.0204474
7002.63	-0.0197272
7000.7	-0.0188059
6998.77	-0.0186593
6996.84	-0.0186797
6994.92	-0.0199265
6992.99	-0.0208638
6991.06	-0.0203444
6989.13	-0.0197196
6987.2	-0.0195908
6985.28	-0.0203836
6983.35	-0.0203074
6981.42	-0.0194912
6979.49	-0.0183997
6977.56	-0.0199514
6975.64	-0.0202785
6973.71	-0.0200782
6971.78	-0.0196521
6969.85	-0.0187831
6967.92	-0.0180327
6966	-0.0178161
6964.07	-0.0183008
6962.14	-0.0181416
6960.21	-0.0193356
6958.28	-0.019728
6956.36	-0.0195672
6954.43	-0.0198782
6952.5	-0.020227
6950.57	-0.0203301
6948.64	-0.0198464
6946.72	-0.0206774
6944.79	-0.0212635
6942.86	-0.0207559
6940.93	-0.0206162
6939	-0.0203834
6937.08	-0.0205003
6935.15	-0.0205438
6933.22	-0.0198695
6931.29	-0.0190621
6929.36	-0.018316
6927.44	-0.017634
6925.51	-0.0176982
6923.58	-0.018599
6921.65	-0.0202122
6919.72	-0.0218251
6917.8	-0.0208617
6915.87	-0.0192232
6913.94	-0.0195971
6912.01	-0.0198937
6910.08	-0.0189527
6908.16	-0.0196008
6906.23	-0.0202079
6904.3	-0.0196992
6902.37	-0.0187811
6900.44	-0.017641
6898.52	-0.0188151
6896.59	-0.0202334
6894.66	-0.0197867
6892.73	-0.018449
6890.8	-0.0183838
6888.88	-0.0189213
6886.95	-0.0189656
6885.02	-0.0183403
6883.09	-0.0177505
6881.16	-0.0184763
6879.24	-0.0194755
6877.31	-0.0197494
6875.38	-0.0193854
6873.45	-0.0188352
6871.52	-0.0186351
6869.6	-0.0186945
6867.67	-0.0180976
6865.74	-0.0188746
6863.81	-0.0202978
6861.88	-0.0198423
6859.96	-0.0204063
6858.03	-0.020294
6856.1	-0.0198378
6854.17	-0.0200167
6852.24	-0.0195537
6850.32	-0.0186508
6848.39	-0.0183452
6846.46	-0.0178227
6844.53	-0.01825
6842.6	-0.0188612
6840.68	-0.0194061
6838.75	-0.0189997
6836.82	-0.018521
6834.89	-0.0190378
6832.96	-0.0196028
6831.04	-0.019644
6829.11	-0.0188306
6827.18	-0.0184291
6825.25	-0.0182723
6823.32	-0.0189484
6821.4	-0.0209058
6819.47	-0.0209068
6817.54	-0.0191447
6815.61	-0.0184695
6813.68	-0.0184321
6811.76	-0.0197361
6809.83	-0.0200873
6807.9	-0.0187777
6805.97	-0.0184398
6804.04	-0.0189332
6802.12	-0.0187573
6800.19	-0.0178643
6798.26	-0.018183
6796.33	-0.0191928
6794.4	-0.0185584
6792.48	-0.0178597
6790.55	-0.0176548
6788.62	-0.01841
6786.69	-0.0193367
6784.76	-0.0189738
6782.84	-0.0182807
6780.91	-0.0182985
6778.98	-0.0182818
6777.05	-0.0189835
6775.12	-0.0194929
6773.2	-0.0190059
6771.27	-0.017912
6769.34	-0.0172259
6767.41	-0.017716
6765.48	-0.0181304
6763.56	-0.0180728
6761.63	-0.0176379
6759.7	-0.0177067
6757.77	-0.0175623
6755.84	-0.017114
6753.92	-0.0184208
6751.99	-0.0194853
6750.06	-0.0184627
6748.13	-0.018378
6746.2	-0.0180337
6744.28	-0.0174148
6742.35	-0.0173726
6740.42	-0.0175261
6738.49	-0.0179949
6736.56	-0.0181123
6734.64	-0.0176166
6732.71	-0.018214
6730.78	-0.0178469
6728.85	-0.0174234
6726.92	-0.0177733
6725	-0.0180209
6723.07	-0.0181966
6721.14	-0.0180692
6719.21	-0.0182464
6717.28	-0.0183373
6715.35	-0.0185373
6713.43	-0.0186554
6711.5	-0.018363
6709.57	-0.017547
6707.64	-0.0166969
6705.71	-0.0163908
6703.79	-0.0170524
6701.86	-0.0178685
6699.93	-0.0176006
6698	-0.0167725
6696.08	-0.0171374
6694.15	-0.0171125
6692.22	-0.0173802
6690.29	-0.0172288
6688.36	-0.0171925
6686.44	-0.0175186
6684.51	-0.0179274
6682.58	-0.0182385
6680.65	-0.0178297
6678.72	-0.0173376
6676.79	-0.017266
6674.87	-0.017833
6672.94	-0.0179708
6671.01	-0.0182598
6669.08	-0.0183746
6667.15	-0.017587
6665.23	-0.0171567
6663.3	-0.0169745
6661.37	-0.0170097
6659.44	-0.0171493
6657.51	-0.0179481
6655.59	-0.0180568
6653.66	-0.0178167
6651.73	-0.0175404
6649.8	-0.0174312
6647.88	-0.0175694
6645.95	-0.0173803
6644.02	-0.0175351
6642.09	-0.0175732
6640.16	-0.0178462
6638.23	-0.0176514
6636.31	-0.0175785
6634.38	-0.0177182
6632.45	-0.0180774
6630.52	-0.0181228
6628.59	-0.0174449
6626.67	-0.0174385
6624.74	-0.0180315
6622.81	-0.0179408
6620.88	-0.0165126
6618.95	-0.0151809
6617.03	-0.0155462
6615.1	-0.0160526
6613.17	-0.016636
6611.24	-0.017066
6609.31	-0.0169763
6607.39	-0.0174512
6605.46	-0.016875
6603.53	-0.0166212
6601.6	-0.016874
6599.67	-0.0174029
6597.75	-0.0172682
6595.82	-0.0169748
6593.89	-0.0174692
6591.96	-0.0179623
6590.03	-0.0177352
6588.11	-0.0173673
6586.18	-0.0169978
6584.25	-0.0174472
6582.32	-0.017718
6580.39	-0.0167211
6578.47	-0.0161231
6576.54	-0.0168086
6574.61	-0.0163743
6572.68	-0.0165121
6570.75	-0.0170512
6568.83	-0.0164485
6566.9	-0.0165147
6564.97	-0.016961
6563.04	-0.0165151
6561.11	-0.0160145
6559.19	-0.0157507
6557.26	-0.0157648
6555.33	-0.0172272
6553.4	-0.0178777
6551.47	-0.0173964
6549.55	-0.0175114
6547.62	-0.0174667
6545.69	-0.0170292
6543.76	-0.0168722
6541.83	-0.0163608
6539.91	-0.0165695
6537.98	-0.0176661
6536.05	-0.0174362
6534.12	-0.0166405
6532.19	-0.0165315
6530.27	-0.0164138
6528.34	-0.0166111
6526.41	-0.0166858
6524.48	-0.0161147
6522.55	-0.0167334
6520.63	-0.0173041
6518.7	-0.0170098
6516.77	-0.0160125
6514.84	-0.0158045
6512.91	-0.0162334
6510.99	-0.0161987
6509.06	-0.0158693
6507.13	-0.0157931
6505.2	-0.015798
6503.27	-0.0156585
6501.35	-0.0158215
6499.42	-0.0163257
6497.49	-0.0163081
6495.56	-0.0158749
6493.63	-0.0156739
6491.71	-0.0157835
6489.78	-0.0167057
6487.85	-0.0164125
6485.92	-0.0155166
6483.99	-0.0159641
6482.07	-0.0167918
6480.14	-0.0163094
6478.21	-0.0162782
6476.28	-0.0166527
6474.35	-0.0165541
6472.43	-0.0161205
6470.5	-0.0153318
6468.57	-0.0151151
6466.64	-0.0164291
6464.71	-0.0171055
6462.79	-0.0172499
6460.86	-0.0159183
6458.93	-0.0150176
6457	-0.0151086
6455.07	-0.0157642
6453.15	-0.0155342
6451.22	-0.0158838
6449.29	-0.01628
6447.36	-0.0161772
6445.43	-0.0168342
6443.51	-0.0169551
6441.58	-0.0162047
6439.65	-0.0164705
6437.72	-0.0163341
6435.79	-0.0156618
6433.87	-0.015935
6431.94	-0.0162792
6430.01	-0.0158855
6428.08	-0.0156354
6426.15	-0.0158388
6424.23	-0.0162659
6422.3	-0.0168039
6420.37	-0.0161471
6418.44	-0.0151918
6416.51	-0.0158372
6414.59	-0.0162547
6412.66	-0.015229
6410.73	-0.0146939
6408.8	-0.0150021
6406.87	-0.0154229
6404.95	-0.0156751
6403.02	-0.0158939
6401.09	-0.0155236
6399.16	-0.0156022
6397.23	-0.0157728
6395.31	-0.0154035
6393.38	-0.0153575
6391.45	-0.015579
6389.52	-0.0156189
6387.59	-0.0150286
6385.67	-0.0150183
6383.74	-0.0153262
6381.81	-0.0158264
6379.88	-0.015863
6377.95	-0.0154638
6376.03	-0.0151389
6374.1	-0.0148676
6372.17	-0.0148483
6370.24	-0.0146109
6368.31	-0.0147966
6366.39	-0.0154488
6364.46	-0.0161325
6362.53	-0.0158676
6360.6	-0.0154242
6358.67	-0.0153169
6356.75	-0.0149804
6354.82	-0.0155145
6352.89	-0.0160214
6350.96	-0.0153158
6349.03	-0.0142586
6347.11	-0.0139664
6345.18	-0.0147532
6343.25	-0.0148482
6341.32	-0.0151047
6339.39	-0.0153503
6337.47	-0.0151626
6335.54	-0.0145948
6333.61	-0.0143525
6331.68	-0.0140345
6329.75	-0.0144925
6327.83	-0.0145423
6325.9	-0.0146326
6323.97	-0.0148361
6322.04	-0.0148754
6320.11	-0.0147577
6318.19	-0.0145222
6316.26	-0.0143741
6314.33	-0.0146758
6312.4	-0.0147928
6310.47	-0.0149896
6308.55	-0.0149634
6306.62	-0.0142661
6304.69	-0.0141822
6302.76	-0.0145134
6300.83	-0.0147993
6298.91	-0.0145361
6296.98	-0.0149312
6295.05	-0.0150544
6293.12	-0.0148012
6291.19	-0.0143978
6289.27	-0.0139447
6287.34	-0.0138707
6285.41	-0.01431
6283.48	-0.0147291
6281.55	-0.0146543
6279.62	-0.0139284
6277.7	-0.0138589
6275.77	-0.0145348
6273.84	-0.0148526
6271.91	-0.0145904
6269.99	-0.0145428
6268.06	-0.0142653
6266.13	-0.0141186
6264.2	-0.0144291
6262.27	-0.0147965
6260.34	-0.014913
6258.42	-0.0143585
6256.49	-0.0147571
6254.56	-0.0151923
6252.63	-0.0146261
6250.71	-0.0148363
6248.78	-0.0150583
6246.85	-0.0150018
6244.92	-0.0143691
6242.99	-0.0139367
6241.06	-0.0138624
6239.14	-0.0141563
6237.21	-0.0144287
6235.28	-0.0144598
6233.35	-0.0139516
6231.42	-0.0138144
6229.5	-0.0143912
6227.57	-0.0145096
6225.64	-0.0144957
6223.71	-0.0138821
6221.79	-0.0139942
6219.86	-0.0147734
6217.93	-0.0146212
6216	-0.0140044
6214.07	-0.0138948
6212.15	-0.0140543
6210.22	-0.0144281
6208.29	-0.0145581
6206.36	-0.0147113
6204.43	-0.0144974
6202.5	-0.0140621
6200.58	-0.0143546
6198.65	-0.0146542
6196.72	-0.0142402
6194.79	-0.0136036
6192.86	-0.013561
6190.94	-0.0138949
6189.01	-0.0138982
6187.08	-0.0140321
6185.15	-0.0142224
6183.22	-0.0141256
6181.3	-0.0141843
6179.37	-0.0140302
6177.44	-0.0141705
6175.51	-0.014422
6173.58	-0.0144332
6171.66	-0.014012
6169.73	-0.0138731
6167.8	-0.0138746
6165.87	-0.014258
6163.94	-0.0146448
6162.02	-0.0142019
6160.09	-0.0135158
6158.16	-0.0131627
6156.23	-0.0133113
6154.3	-0.0134082
6152.38	-0.0134137
6150.45	-0.0134196
6148.52	-0.0131129
6146.59	-0.0130487
6144.66	-0.0137568
6142.74	-0.0139226
6140.81	-0.0139875
6138.88	-0.0137756
6136.95	-0.0133865
6135.02	-0.0134907
6133.1	-0.0139756
6131.17	-0.0142449
6129.24	-0.0142123
6127.31	-0.0141918
6125.38	-0.0142145
6123.46	-0.0139768
6121.53	-0.0136591
6119.6	-0.0138596
6117.67	-0.0141396
6115.74	-0.0142364
6113.82	-0.0139364
6111.89	-0.013406
6109.96	-0.013395
6108.03	-0.013757
6106.1	-0.0132521
6104.18	-0.0129657
6102.25	-0.0134439
6100.32	-0.0136629
6098.39	-0.0136637
6096.46	-0.0137887
6094.54	-0.0135206
6092.61	-0.0136233
6090.68	-0.0137415
6088.75	-0.013739
6086.82	-0.0133899
6084.9	-0.0130675
6082.97	-0.0131874
6081.04	-0.0136072
6079.11	-0.0140286
6077.18	-0.014008
6075.26	-0.0138922
6073.33	-0.013755
6071.4	-0.0135867
6069.47	-0.013338
6067.54	-0.013239
6065.62	-0.0129003
6063.69	-0.0130877
6061.76	-0.0134569
6059.83	-0.0135462
6057.9	-0.0132276
6055.98	-0.0129594
6054.05	-0.013373
6052.12	-0.013415
6050.19	-0.0133831
6048.26	-0.0133802
6046.34	-0.0131125
6044.41	-0.0135102
6042.48	-0.0135432
6040.55	-0.0132502
6038.62	-0.0130044
6036.7	-0.0127943
6034.77	-0.0131718
6032.84	-0.0134659
6030.91	-0.0136228
6028.98	-0.0133251
6027.06	-0.0131283
6025.13	-0.0131123
6023.2	-0.0131004
6021.27	-0.0128369
6019.34	-0.0128472
6017.42	-0.0131505
6015.49	-0.013327
6013.56	-0.0132059
6011.63	-0.0129867
6009.7	-0.0128957
6007.78	-0.0132865
6005.85	-0.0130049
6003.92	-0.012449
6001.99	-0.0125094
6000.06	-0.0124589
5998.14	-0.0129125
5996.21	-0.0132519
5994.28	-0.01277
5992.35	-0.0126021
5990.42	-0.0126792
5988.5	-0.0123363
5986.57	-0.0123061
5984.64	-0.0124962
5982.71	-0.0128181
5980.78	-0.0130888
5978.86	-0.0133269
5976.93	-0.0131137
5975	-0.0128968
5973.07	-0.0132281
5971.14	-0.0131611
5969.22	-0.0131157
5967.29	-0.0136467
5965.36	-0.0137432
5963.43	-0.0130827
5961.5	-0.0129979
5959.58	-0.0132004
5957.65	-0.0130803
5955.72	-0.0125169
5953.79	-0.0125023
5951.86	-0.0127353
5949.94	-0.0122
5948.01	-0.0119106
5946.08	-0.0122301
5944.15	-0.0126203
5942.22	-0.0128491
5940.3	-0.0127407
5938.37	-0.0124858
5936.44	-0.0124214
5934.51	-0.0126842
5932.58	-0.0125358
5930.66	-0.0122384
5928.73	-0.0121699
5926.8	-0.0120442
5924.87	-0.0119973
5922.94	-0.0120971
5921.02	-0.0123041
5919.09	-0.0123376
5917.16	-0.0122515
5915.23	-0.0121844
5913.3	-0.0125635
5911.38	-0.0128088
5909.45	-0.0126856
5907.52	-0.0126988
5905.59	-0.0124484
5903.66	-0.0119046
5901.74	-0.0117908
5899.81	-0.0119526
5897.88	-0.0116156
5895.95	-0.0114466
5894.02	-0.0119462
5892.1	-0.0121187
5890.17	-0.0123829
5888.24	-0.0126557
5886.31	-0.0128035
5884.38	-0.012395
5882.46	-0.0117255
5880.53	-0.0116411
5878.6	-0.0118131
5876.67	-0.0120938
5874.74	-0.0122795
5872.82	-0.0118847
5870.89	-0.0117908
5868.96	-0.0121699
5867.03	-0.0125182
5865.1	-0.0123537
5863.18	-0.0122898
5861.25	-0.012196
5859.32	-0.0121785
5857.39	-0.0124318
5855.46	-0.01233
5853.54	-0.0118692
5851.61	-0.0117763
5849.68	-0.0120376
5847.75	-0.012051
5845.82	-0.0120769
5843.9	-0.0118393
5841.97	-0.0114703
5840.04	-0.0118567
5838.11	-0.0121986
5836.18	-0.0115222
5834.25	-0.0113367
5832.33	-0.0117708
5830.4	-0.0117901
5828.47	-0.0118582
5826.54	-0.0117381
5824.62	-0.0119589
5822.69	-0.012359
5820.76	-0.0126742
5818.83	-0.0124031
5816.9	-0.0118893
5814.98	-0.0116663
5813.05	-0.0117991
5811.12	-0.0119521
5809.19	-0.0121138
5807.26	-0.0124229
5805.33	-0.0120489
5803.41	-0.011658
5801.48	-0.0117852
5799.55	-0.0115222
5797.62	-0.011466
5795.7	-0.0115934
5793.77	-0.0113834
5791.84	-0.0117005
5789.91	-0.0122054
5787.98	-0.0121595
5786.06	-0.0117483
5784.13	-0.011684
5782.2	-0.0115371
5780.27	-0.0111922
5778.34	-0.0110022
5776.42	-0.0116027
5774.49	-0.0119301
5772.56	-0.0115239
5770.63	-0.0109727
5768.7	-0.0106008
5766.77	-0.0104793
5764.85	-0.0107433
5762.92	-0.0110968
5760.99	-0.011332
5759.06	-0.0115589
5757.13	-0.011395
5755.21	-0.0111262
5753.28	-0.0112496
5751.35	-0.0113053
5749.42	-0.010873
5747.49	-0.0109182
5745.57	-0.0110914
5743.64	-0.0111428
5741.71	-0.011326
5739.78	-0.011521
5737.85	-0.0116309
5735.93	-0.0116085
5734	-0.0111545
5732.07	-0.0109586
5730.14	-0.0110604
5728.21	-0.0110441
5726.29	-0.0108727
5724.36	-0.0112796
5722.43	-0.0113474
5720.5	-0.0109778
5718.57	-0.0112204
5716.65	-0.0113574
5714.72	-0.0114172
5712.79	-0.0110859
5710.86	-0.0109279
5708.93	-0.0107329
5707.01	-0.0106269
5705.08	-0.0104608
5703.15	-0.0104315
5701.22	-0.0105133
5699.29	-0.0107519
5697.37	-0.0109838
5695.44	-0.0112145
5693.51	-0.0112765
5691.58	-0.0112144
5689.65	-0.0112956
5687.73	-0.0112175
5685.8	-0.010996
5683.87	-0.0109753
5681.94	-0.010962
5680.01	-0.0110845
5678.09	-0.0111951
5676.16	-0.0111622
5674.23	-0.0108555
5672.3	-0.0105825
5670.37	-0.0108111
5668.45	-0.0113287
5666.52	-0.0113393
5664.59	-0.011076
5662.66	-0.0109774
5660.73	-0.0107021
5658.81	-0.010414
5656.88	-0.0107847
5654.95	-0.010894
5653.02	-0.0106844
5651.09	-0.0106505
5649.17	-0.0106308
5647.24	-0.0108689
5645.31	-0.011029
5643.38	-0.0111148
5641.45	-0.0111732
5639.53	-0.0109892
5637.6	-0.01093
5635.67	-0.0107354
5633.74	-0.0105506
5631.81	-0.0104965
5629.89	-0.010819
5627.96	-0.01101
5626.03	-0.0109806
5624.1	-0.0108556
5622.17	-0.010728
5620.25	-0.0107256
5618.32	-0.0106375
5616.39	-0.0104646
5614.46	-0.0102475
5612.53	-0.0103346
5610.61	-0.0106994
5608.68	-0.010656
5606.75	-0.0105062
5604.82	-0.0105875
5602.89	-0.010584
5600.97	-0.0105751
5599.04	-0.0104455
5597.11	-0.0103509
5595.18	-0.010542
5593.25	-0.0106908
5591.33	-0.010536
5589.4	-0.0103534
5587.47	-0.0104347
5585.54	-0.0105351
5583.61	-0.0107571
5581.69	-0.0106218
5579.76	-0.0103313
5577.83	-0.0103541
5575.9	-0.010368
5573.97	-0.0100126
5572.05	-0.00972135
5570.12	-0.0100988
5568.19	-0.0108517
5566.26	-0.0107178
5564.33	-0.0103588
5562.41	-0.0102319
5560.48	-0.0104148
5558.55	-0.0104619
5556.62	-0.0103483
5554.69	-0.0101731
5552.77	-0.0101685
5550.84	-0.0102345
5548.91	-0.010309
5546.98	-0.0101413
5545.05	-0.00988374
5543.13	-0.00988144
5541.2	-0.00998462
5539.27	-0.010394
5537.34	-0.0103539
5535.41	-0.0101139
5533.49	-0.00991066
5531.56	-0.0098635
5529.63	-0.00993799
5527.7	-0.0100017
5525.77	-0.0101847
5523.85	-0.0102741
5521.92	-0.0103335
5519.99	-0.0102285
5518.06	-0.01027
5516.13	-0.0100875
5514.21	-0.0100962
5512.28	-0.0103527
5510.35	-0.00997105
5508.42	-0.00966866
5506.49	-0.0100234
5504.57	-0.0100735
5502.64	-0.00974306
5500.71	-0.00970039
5498.78	-0.00994181
5496.85	-0.00993145
5494.93	-0.0101036
5493	-0.0100309
5491.07	-0.00974238
5489.14	-0.00960349
5487.21	-0.0097624
5485.29	-0.00989725
5483.36	-0.0102897
5481.43	-0.0102666
5479.5	-0.0100274
5477.57	-0.00997478
5475.65	-0.00987315
5473.72	-0.00984105
5471.79	-0.00967897
5469.86	-0.00968895
5467.93	-0.00995295
5466.01	-0.00987448
5464.08	-0.00956924
5462.15	-0.00948496
5460.22	-0.00942961
5458.29	-0.00939521
5456.37	-0.00963431
5454.44	-0.00978372
5452.51	-0.00981601
5450.58	-0.00973062
5448.65	-0.0098303
5446.73	-0.00979165
5444.8	-0.0097197
5442.87	-0.00968415
5440.94	-0.00971911
5439.01	-0.00981203
5437.09	-0.00993676
5435.16	-0.00978569
5433.23	-0.00970632
5431.3	-0.00964922
5429.37	-0.0095774
5427.45	-0.00964935
5425.52	-0.00973036
5423.59	-0.00974384
5421.66	-0.00987244
5419.73	-0.00983205
5417.81	-0.00941246
5415.88	-0.00931982
5413.95	-0.00944848
5412.02	-0.00911744
5410.09	-0.00908752
5408.17	-0.00938253
5406.24	-0.0095069
5404.31	-0.00938604
5402.38	-0.00915287
5400.45	-0.00921651
5398.53	-0.00949458
5396.6	-0.00955141
5394.67	-0.00933487
5392.74	-0.0089826
5390.81	-0.00918281
5388.88	-0.0094844
5386.96	-0.00953588
5385.03	-0.00930616
5383.1	-0.0091721
5381.17	-0.00922271
5379.25	-0.00921856
5377.32	-0.00947812
5375.39	-0.00972313
5373.46	-0.00938633
5371.53	-0.00916899
5369.6	-0.00940137
5367.68	-0.00953446
5365.75	-0.0094728
5363.82	-0.00929712
5361.89	-0.00910991
5359.96	-0.00885357
5358.04	-0.00876574
5356.11	-0.00908486
5354.18	-0.00944677
5352.25	-0.00916043
5350.33	-0.00879117
5348.4	-0.00890526
5346.47	-0.00898848
5344.54	-0.00876763
5342.61	-0.00872775
5340.69	-0.0088899
5338.76	-0.00921866
5336.83	-0.00934722
5334.9	-0.0092966
5332.97	-0.00899747
5331.04	-0.00905283
5329.12	-0.00906516
5327.19	-0.00891977
5325.26	-0.00900406
5323.33	-0.00905572
5321.4	-0.00894609
5319.48	-0.00902564
5317.55	-0.00892519
5315.62	-0.00872178
5313.69	-0.00899
5311.76	-0.0093228
5309.84	-0.00931064
5307.91	-0.0091153
5305.98	-0.00899656
5304.05	-0.00894934
5302.12	-0.00907412
5300.2	-0.00923559
5298.27	-0.00937443
5296.34	-0.00895979
5294.41	-0.00860215
5292.48	-0.00902982
5290.56	-0.00919352
5288.63	-0.0090136
5286.7	-0.00903226
5284.77	-0.0088451
5282.84	-0.00872811
5280.92	-0.00869375
5278.99	-0.00878925
5277.06	-0.00880341
5275.13	-0.00883241
5273.21	-0.00893096
5271.28	-0.00891019
5269.35	-0.00875425
5267.42	-0.00892376
5265.49	-0.00904092
5263.56	-0.00884017
5261.64	-0.00848513
5259.71	-0.00849439
5257.78	-0.00867975
5255.85	-0.00880003
5253.92	-0.00887649
5252	-0.00890035
5250.07	-0.00866
5248.14	-0.00850398
5246.21	-0.00873266
5244.28	-0.00883094
5242.36	-0.00883166
5240.43	-0.00848217
5238.5	-0.00849192
5236.57	-0.00869157
5234.64	-0.00870365
5232.72	-0.00856317
5230.79	-0.00864682
5228.86	-0.00859475
5226.93	-0.00854686
5225	-0.00868709
5223.08	-0.00870586
5221.15	-0.00851921
5219.22	-0.00824621
5217.29	-0.00826575
5215.36	-0.00839547
5213.44	-0.00841533
5211.51	-0.00838878
5209.58	-0.00847197
5207.65	-0.00859033
5205.72	-0.00842706
5203.8	-0.00853711
5201.87	-0.00882682
5199.94	-0.00881552
5198.01	-0.00878568
5196.08	-0.00854335
5194.16	-0.00838969
5192.23	-0.00831782
5190.3	-0.00820306
5188.37	-0.00816583
5186.44	-0.00818398
5184.52	-0.00825421
5182.59	-0.00838231
5180.66	-0.0084606
5178.73	-0.00822069
5176.8	-0.00785314
5174.88	-0.00801861
5172.95	-0.00829136
5171.02	-0.00848302
5169.09	-0.00855661
5167.16	-0.00835218
5165.24	-0.00819097
5163.31	-0.00820875
5161.38	-0.00830518
5159.45	-0.00832436
5157.52	-0.00829725
5155.6	-0.0084308
5153.67	-0.0083136
5151.74	-0.00816655
5149.81	-0.00801031
5147.88	-0.00794034
5145.96	-0.00807435
5144.03	-0.00816496
5142.1	-0.00826087
5140.17	-0.0083434
5138.24	-0.0084334
5136.32	-0.00835917
5134.39	-0.00828974
5132.46	-0.00818687
5130.53	-0.00818824
5128.6	-0.0081233
5126.68	-0.0078739
5124.75	-0.00793445
5122.82	-0.00804544
5120.89	-0.0079512
5118.96	-0.00777467
5117.04	-0.00783892
5115.11	-0.00795654
5113.18	-0.00790012
5111.25	-0.00783687
5109.32	-0.00778288
5107.4	-0.00792127
5105.47	-0.00804128
5103.54	-0.00779
5101.61	-0.00776478
5099.68	-0.0081578
5097.76	-0.00805647
5095.83	-0.007699
5093.9	-0.00770828
5091.97	-0.0077931
5090.04	-0.00773721
5088.12	-0.00763503
5086.19	-0.00774711
5084.26	-0.00773425
5082.33	-0.00793256
5080.4	-0.00804215
5078.48	-0.00779004
5076.55	-0.00782232
5074.62	-0.00814671
5072.69	-0.00820001
5070.76	-0.00814119
5068.84	-0.00790338
5066.91	-0.0076224
5064.98	-0.00756298
5063.05	-0.00767266
5061.12	-0.008024
5059.2	-0.0082029
5057.27	-0.00793806
5055.34	-0.00763978
5053.41	-0.00758603
5051.48	-0.00800511
5049.56	-0.00789788
5047.63	-0.00760384
5045.7	-0.00768507
5043.77	-0.00790256
5041.84	-0.00776859
5039.92	-0.00758225
5037.99	-0.00761787
5036.06	-0.00769102
5034.13	-0.00750364
5032.2	-0.00712336
5030.28	-0.0070387
5028.35	-0.00732821
5026.42	-0.00749479
5024.49	-0.00758424
5022.56	-0.0075322
5020.64	-0.00739414
5018.71	-0.00746365
5016.78	-0.00753347
5014.85	-0.00749306
5012.92	-0.00761318
5011	-0.00762712
5009.07	-0.00785792
5007.14	-0.00772885
5005.21	-0.00745704
5003.28	-0.00744961
5001.36	-0.00759163
4999.43	-0.00757418
4997.5	-0.00736065
4995.57	-0.00708747
4993.64	-0.00710136
4991.72	-0.00737717
4989.79	-0.00763028
4987.86	-0.00752957
4985.93	-0.00746427
4984	-0.00751465
4982.08	-0.00748091
4980.15	-0.00747541
4978.22	-0.00747775
4976.29	-0.00758043
4974.36	-0.00760094
4972.44	-0.00742952
4970.51	-0.00728477
4968.58	-0.00707319
4966.65	-0.00718656
4964.72	-0.00735124
4962.8	-0.00734739
4960.87	-0.00737
4958.94	-0.00743548
4957.01	-0.00743932
4955.08	-0.00753412
4953.16	-0.0075152
4951.23	-0.00735635
4949.3	-0.00747652
4947.37	-0.00750452
4945.44	-0.00738085
4943.52	-0.00730608
4941.59	-0.00742202
4939.66	-0.00737932
4937.73	-0.00712313
4935.8	-0.00718871
4933.88	-0.00730048
4931.95	-0.00722211
4930.02	-0.00727751
4928.09	-0.00751774
4926.16	-0.00739476
4924.24	-0.00711603
4922.31	-0.00710296
4920.38	-0.00709725
4918.45	-0.00718643
4916.52	-0.00743893
4914.6	-0.00728891
4912.67	-0.00699074
4910.74	-0.00693371
4908.81	-0.0070151
4906.88	-0.00715002
4904.96	-0.00706547
4903.03	-0.00704213
4901.1	-0.00696394
4899.17	-0.00680851
4897.24	-0.00681686
4895.32	-0.00691686
4893.39	-0.00689057
4891.46	-0.00683522
4889.53	-0.00676229
4887.6	-0.00671727
4885.67	-0.00690733
4883.75	-0.00697888
4881.82	-0.00696036
4879.89	-0.0070238
4877.96	-0.00713917
4876.04	-0.00696293
4874.11	-0.00689892
4872.18	-0.00713549
4870.25	-0.00714465
4868.32	-0.00701334
4866.4	-0.00698833
4864.47	-0.00694213
4862.54	-0.00687345
4860.61	-0.00676238
4858.68	-0.00674053
4856.75	-0.00668862
4854.83	-0.0067418
4852.9	-0.00680871
4850.97	-0.00685479
4849.04	-0.00667756
4847.12	-0.00650567
4845.19	-0.00665961
4843.26	-0.00679954
4841.33	-0.00667766
4839.4	-0.00659931
4837.47	-0.00659931
4835.55	-0.00672986
4833.62	-0.00675116
4831.69	-0.00670438
4829.76	-0.00680277
4827.83	-0.00685926
4825.91	-0.00680205
4823.98	-0.00675687
4822.05	-0.00682635
4820.12	-0.00680659
4818.19	-0.00653214
4816.27	-0.00661412
4814.34	-0.00675058
4812.41	-0.00673528
4810.48	-0.00664065
4808.55	-0.0066849
4806.63	-0.00683624
4804.7	-0.00657059
4802.77	-0.00632166
4800.84	-0.00649487
4798.91	-0.00659725
4796.99	-0.00651739
4795.06	-0.00641244
4793.13	-0.00642723
4791.2	-0.0064315
4789.27	-0.00644528
4787.35	-0.00659673
4785.42	-0.00652692
4783.49	-0.0064207
4781.56	-0.00647107
4779.63	-0.00658368
4777.71	-0.00655182
4775.78	-0.00645925
4773.85	-0.0065858
4771.92	-0.00658674
4769.99	-0.00647179
4768.07	-0.0064255
4766.14	-0.00626226
4764.21	-0.00626915
4762.28	-0.0065155
4760.35	-0.00651566
4758.43	-0.00649255
4756.5	-0.00640411
4754.57	-0.00612843
4752.64	-0.00606724
4750.71	-0.00621915
4748.79	-0.00638442
4746.86	-0.00657261
4744.93	-0.00674669
4743	-0.00671374
4741.07	-0.00650975
4739.15	-0.00638606
4737.22	-0.00627732
4735.29	-0.00623747
4733.36	-0.00630152
4731.43	-0.00649245
4729.51	-0.00631285
4727.58	-0.00616519
4725.65	-0.00635951
4723.72	-0.00635086
4721.79	-0.00636013
4719.87	-0.00666741
4717.94	-0.00657033
4716.01	-0.00645844
4714.08	-0.006623
4712.15	-0.00671182
4710.23	-0.00643578
4708.3	-0.00618776
4706.37	-0.00615058
4704.44	-0.00633492
4702.51	-0.00623682
4700.59	-0.00600705
4698.66	-0.00608959
4696.73	-0.00606515
4694.8	-0.00610053
4692.87	-0.00622888
4690.95	-0.00610517
4689.02	-0.00612543
4687.09	-0.0061695
4685.16	-0.00621164
4683.23	-0.00619331
4681.31	-0.00618358
4679.38	-0.00614983
4677.45	-0.00605636
4675.52	-0.00601894
4673.59	-0.00607988
4671.67	-0.00594652
4669.74	-0.00604884
4667.81	-0.00599009
4665.88	-0.00590812
4663.95	-0.00594054
4662.03	-0.00597502
4660.1	-0.00605038
4658.17	-0.00611171
4656.24	-0.00600577
4654.31	-0.00603558
4652.39	-0.00590456
4650.46	-0.00574848
4648.53	-0.00578981
4646.6	-0.00574953
4644.67	-0.00565244
4642.75	-0.00577379
4640.82	-0.00595404
4638.89	-0.00609929
4636.96	-0.00606668
4635.03	-0.00602947
4633.11	-0.00599309
4631.18	-0.0058226
4629.25	-0.00579452
4627.32	-0.0059711
4625.39	-0.00608367
4623.47	-0.00590511
4621.54	-0.00589079
4619.61	-0.0058649
4617.68	-0.00577271
4615.75	-0.00568952
4613.83	-0.00577045
4611.9	-0.00573955
4609.97	-0.00571987
4608.04	-0.00582855
4606.11	-0.00585281
4604.19	-0.00574583
4602.26	-0.00561394
4600.33	-0.00562464
4598.4	-0.00578291
4596.47	-0.00577219
4594.55	-0.00552362
4592.62	-0.00567987
4590.69	-0.00566526
4588.76	-0.00560423
4586.83	-0.00578844
4584.91	-0.00590446
4582.98	-0.00570731
4581.05	-0.00559023
4579.12	-0.00575643
4577.19	-0.00582787
4575.27	-0.00558012
4573.34	-0.00538626
4571.41	-0.00544205
4569.48	-0.00565316
4567.55	-0.00562235
4565.63	-0.00558358
4563.7	-0.00561976
4561.77	-0.00567824
4559.84	-0.00569233
4557.91	-0.00554822
4555.99	-0.00545678
4554.06	-0.00557184
4552.13	-0.00551116
4550.2	-0.00551858
4548.27	-0.0055248
4546.35	-0.00557361
4544.42	-0.00553308
4542.49	-0.00557367
4540.56	-0.00568377
4538.63	-0.00566097
4536.71	-0.00564547
4534.78	-0.0056718
4532.85	-0.00564746
4530.92	-0.00562163
4528.99	-0.00578278
4527.07	-0.00567618
4525.14	-0.00527956
4523.21	-0.00529698
4521.28	-0.00550242
4519.35	-0.00556262
4517.43	-0.00550916
4515.5	-0.00545652
4513.57	-0.00548691
4511.64	-0.00552421
4509.71	-0.00541643
4507.79	-0.00544644
4505.86	-0.00538747
4503.93	-0.00538099
4502	-0.00553052
4500.07	-0.00546997
4498.15	-0.00550177
4496.22	-0.00542488
4494.29	-0.00545037
4492.36	-0.00539127
4490.43	-0.00537998
4488.51	-0.00537772
4486.58	-0.00511239
4484.65	-0.00526454
4482.72	-0.00547252
4480.79	-0.0054198
4478.87	-0.00524264
4476.94	-0.005404
4475.01	-0.00545809
4473.08	-0.00529272
4471.15	-0.00513492
4469.23	-0.00513138
4467.3	-0.00538446
4465.37	-0.00540645
4463.44	-0.00531563
4461.51	-0.00532153
4459.58	-0.00517998
4457.66	-0.00515951
4455.73	-0.0052867
4453.8	-0.0053588
4451.87	-0.00531056
4449.95	-0.00530005
4448.02	-0.00531266
4446.09	-0.00542357
4444.16	-0.00534781
4442.23	-0.00523468
4440.3	-0.00516259
4438.38	-0.00512929
4436.45	-0.00538793
4434.52	-0.00538047
4432.59	-0.00521907
4430.67	-0.00506733
4428.74	-0.00502633
4426.81	-0.00518826
4424.88	-0.00523688
4422.95	-0.0052376
4421.02	-0.00516079
4419.1	-0.00492278
4417.17	-0.00488154
4415.24	-0.00508452
4413.31	-0.00514596
4411.38	-0.00505279
4409.46	-0.00508056
4407.53	-0.00501119
4405.6	-0.00488262
4403.67	-0.00493513
4401.75	-0.00494463
4399.82	-0.00496943
4397.89	-0.00493687
4395.96	-0.00501267
4394.03	-0.00517241
4392.1	-0.00523432
4390.18	-0.00521095
4388.25	-0.00497857
4386.32	-0.00504952
4384.39	-0.00511541
4382.46	-0.00496845
4380.54	-0.00496599
4378.61	-0.00505351
4376.68	-0.00506062
4374.75	-0.00491004
4372.82	-0.00496763
4370.9	-0.00499449
4368.97	-0.00490804
4367.04	-0.00488265
4365.11	-0.00478127
4363.18	-0.00461974
4361.26	-0.00460525
4359.33	-0.00472109
4357.4	-0.00475974
4355.47	-0.00480044
4353.54	-0.00468612
4351.62	-0.00466426
4349.69	-0.00483219
4347.76	-0.00496629
4345.83	-0.00483311
4343.9	-0.0047265
4341.98	-0.00465377
4340.05	-0.00476311
4338.12	-0.0049123
4336.19	-0.00494814
4334.26	-0.00494555
4332.34	-0.00483196
4330.41	-0.00477969
4328.48	-0.0048159
4326.55	-0.00489448
4324.62	-0.00474299
4322.7	-0.0046422
4320.77	-0.00450826
4318.84	-0.00442008
4316.91	-0.0045283
4314.98	-0.00461335
4313.06	-0.00474446
4311.13	-0.00485395
4309.2	-0.00474758
4307.27	-0.00463049
4305.34	-0.00469278
4303.42	-0.00471497
4301.49	-0.0046517
4299.56	-0.00472926
4297.63	-0.00474876
4295.7	-0.00467825
4293.78	-0.00467242
4291.85	-0.00466209
4289.92	-0.00467308
4287.99	-0.00471841
4286.06	-0.0046536
4284.14	-0.00461574
4282.21	-0.00454059
4280.28	-0.0046895
4278.35	-0.00470775
4276.42	-0.00456591
4274.5	-0.00450741
4272.57	-0.00458948
4270.64	-0.00470195
4268.71	-0.00468317
4266.78	-0.0046025
4264.86	-0.00439321
4262.93	-0.00429972
4261	-0.00438491
4259.07	-0.00434263
4257.14	-0.00445458
4255.22	-0.00456781
4253.29	-0.00459223
4251.36	-0.00446616
4249.43	-0.00438898
4247.5	-0.00448455
4245.58	-0.0045302
4243.65	-0.00459177
4241.72	-0.00457538
4239.79	-0.00438318
4237.86	-0.00429808
4235.94	-0.00421409
4234.01	-0.00429995
4232.08	-0.00447563
4230.15	-0.0042722
4228.22	-0.00416217
4226.3	-0.00423735
4224.37	-0.00432433
4222.44	-0.00430523
4220.51	-0.00412357
4218.58	-0.00415203
4216.66	-0.00420417
4214.73	-0.0042696
4212.8	-0.00440512
4210.87	-0.00433384
4208.94	-0.00421514
4207.02	-0.00425064
4205.09	-0.00431544
4203.16	-0.00416417
4201.23	-0.00405537
4199.3	-0.00408199
4197.38	-0.00438068
4195.45	-0.00452538
4193.52	-0.0042674
4191.59	-0.00419088
4189.66	-0.0042617
4187.74	-0.00440004
4185.81	-0.00445087
4183.88	-0.00426166
4181.95	-0.00419495
4180.02	-0.00426324
4178.1	-0.00429076
4176.17	-0.00425047
4174.24	-0.0042594
4172.31	-0.00424959
4170.38	-0.00423692
4168.46	-0.00433417
4166.53	-0.00427174
4164.6	-0.00410624
4162.67	-0.00406377
4160.74	-0.00414028
4158.82	-0.00414008
4156.89	-0.00410861
4154.96	-0.00411468
4153.03	-0.00418813
4151.1	-0.00414645
4149.18	-0.00412899
4147.25	-0.00423489
4145.32	-0.00424992
4143.39	-0.00420355
4141.46	-0.00418367
4139.54	-0.00423837
4137.61	-0.0042134
4135.68	-0.00411537
4133.75	-0.00408905
4131.82	-0.00410145
4129.9	-0.00402674
4127.97	-0.00394676
4126.04	-0.00396581
4124.11	-0.00407857
4122.18	-0.00414445
4120.26	-0.00411996
4118.33	-0.00407096
4116.4	-0.00396584
4114.47	-0.00396495
4112.54	-0.00409459
4110.62	-0.00406203
4108.69	-0.00399286
4106.76	-0.00398472
4104.83	-0.00394788
4102.9	-0.00396184
4100.98	-0.00404325
4099.05	-0.00397497
4097.12	-0.00377264
4095.19	-0.00381396
4093.26	-0.00393921
4091.34	-0.00397461
4089.41	-0.00398994
4087.48	-0.00412479
4085.55	-0.00404998
4083.62	-0.00397631
4081.7	-0.00412259
4079.77	-0.00408094
4077.84	-0.00392917
4075.91	-0.00390375
4073.98	-0.00397343
4072.06	-0.00398561
4070.13	-0.00387068
4068.2	-0.00398433
4066.27	-0.00404883
4064.34	-0.00401092
4062.42	-0.00401006
4060.49	-0.00398479
4058.56	-0.00397651
4056.63	-0.00395816
4054.7	-0.00384733
4052.78	-0.00376614
4050.85	-0.00378861
4048.92	-0.00389544
4046.99	-0.0037731
4045.06	-0.00367327
4043.14	-0.00374006
4041.21	-0.00383167
4039.28	-0.00383055
4037.35	-0.00371276
4035.42	-0.00373175
4033.5	-0.00387955
4031.57	-0.00383511
4029.64	-0.00365628
4027.71	-0.00355221
4025.78	-0.00358836
4023.86	-0.00369942
4021.93	-0.00370993
4020	-0.00368171
4018.07	-0.00376266
4016.14	-0.00381521
4014.22	-0.00372849
4012.29	-0.00365217
4010.36	-0.00351304
4008.43	-0.00348618
4006.5	-0.00360131
4004.58	-0.0036528
4002.65	-0.00365562
4000.72	-0.00356161
3998.79	-0.00352336
3996.86	-0.00360601
3994.94	-0.00370951
3993.01	-0.00364334
3991.08	-0.00362543
3989.15	-0.00365162
3987.22	-0.00358938
3985.29	-0.00350975
3983.37	-0.00352116
3981.44	-0.00352526
3979.51	-0.00365388
3977.58	-0.00373979
3975.66	-0.00370018
3973.73	-0.0036364
3971.8	-0.00359556
3969.87	-0.00366588
3967.94	-0.00361587
3966.01	-0.00348037
3964.09	-0.00357722
3962.16	-0.00376735
3960.23	-0.00360716
3958.3	-0.00345838
3956.38	-0.00348977
3954.45	-0.00363052
3952.52	-0.00372389
3950.59	-0.00362842
3948.66	-0.00351435
3946.73	-0.00344348
3944.81	-0.00351514
3942.88	-0.00348007
3940.95	-0.00356901
3939.02	-0.00348628
3937.09	-0.00339809
3935.17	-0.00347277
3933.24	-0.00352372
3931.31	-0.00347514
3929.38	-0.00339766
3927.45	-0.00332029
3925.53	-0.00341666
3923.6	-0.00342685
3921.67	-0.00338415
3919.74	-0.00339049
3917.81	-0.00346364
3915.89	-0.00352983
3913.96	-0.00341926
3912.03	-0.00348365
3910.1	-0.00349726
3908.17	-0.00346633
3906.25	-0.0035857
3904.32	-0.00362004
3902.39	-0.00351327
3900.46	-0.00342166
3898.53	-0.00337224
3896.61	-0.00339519
3894.68	-0.00342422
3892.75	-0.00350321
3890.82	-0.00364288
3888.89	-0.00363164
3886.97	-0.00352181
3885.04	-0.00347304
3883.11	-0.00344102
3881.18	-0.00344776
3879.25	-0.00357778
3877.33	-0.00353499
3875.4	-0.00344181
3873.47	-0.00336376
3871.54	-0.00318151
3869.61	-0.00327436
3867.69	-0.00338102
3865.76	-0.00339976
3863.83	-0.00340029
3861.9	-0.00328235
3859.97	-0.00316655
3858.05	-0.00311191
3856.12	-0.0030488
3854.19	-0.00319467
3852.26	-0.00324318
3850.33	-0.00316872
3848.41	-0.00318372
3846.48	-0.00329863
3844.55	-0.00330405
3842.62	-0.00332585
3840.69	-0.00339473
3838.77	-0.00334496
3836.84	-0.00329682
3834.91	-0.00326143
3832.98	-0.00321105
3831.05	-0.00311141
3829.13	-0.00304746
3827.2	-0.00300534
3825.27	-0.00319339
3823.34	-0.00335383
3821.41	-0.00334127
3819.49	-0.00330806
3817.56	-0.00330494
3815.63	-0.0033369
3813.7	-0.0032273
3811.77	-0.00309681
3809.85	-0.00309565
3807.92	-0.00301876
3805.99	-0.00309937
3804.06	-0.00329004
3802.13	-0.00332661
3800.21	-0.00330612
3798.28	-0.00319799
3796.35	-0.00305055
3794.42	-0.00299234
3792.49	-0.00303749
3790.57	-0.00310296
3788.64	-0.00323397
3786.71	-0.00334002
3784.78	-0.00323552
3782.85	-0.00315901
3780.93	-0.00313931
3779	-0.00313536
3777.07	-0.00304637
3775.14	-0.00308075
3773.21	-0.00315556
3771.29	-0.00309664
3769.36	-0.00303235
3767.43	-0.00298569
3765.5	-0.00289364
3763.57	-0.00298346
3761.65	-0.00311345
3759.72	-0.00311546
3757.79	-0.00308483
3755.86	-0.00306391
3753.93	-0.00313878
3752.01	-0.00326502
3750.08	-0.00314562
3748.15	-0.00305196
3746.22	-0.00313842
3744.29	-0.00305558
3742.37	-0.0029201
3740.44	-0.00298931
3738.51	-0.00320253
3736.58	-0.00344815
3734.65	-0.0033464
3732.73	-0.00333295
3730.8	-0.00352622
3728.87	-0.00362172
3726.94	-0.00368201
3725.01	-0.00369669
3723.09	-0.00356684
3721.16	-0.00336705
3719.23	-0.00326492
3717.3	-0.00318335
3715.37	-0.00317201
3713.45	-0.00324298
3711.52	-0.00342452
3709.59	-0.00334666
3707.66	-0.00324308
3705.73	-0.00321559
3703.81	-0.00319066
3701.88	-0.00317332
3699.95	-0.00313385
3698.02	-0.00305818
3696.09	-0.00304581
3694.17	-0.00311747
3692.24	-0.00315
3690.31	-0.00305696
3688.38	-0.00296318
3686.45	-0.00288788
3684.53	-0.00293255
3682.6	-0.00308118
3680.67	-0.00312322
3678.74	-0.00318763
3676.81	-0.00323042
3674.89	-0.00305404
3672.96	-0.00295252
3671.03	-0.00300113
3669.1	-0.00297131
3667.17	-0.0029597
3665.25	-0.00312276
3663.32	-0.00314115
3661.39	-0.00302706
3659.46	-0.00293574
3657.53	-0.00284608
3655.61	-0.00275571
3653.68	-0.00285112
3651.75	-0.00292563
3649.82	-0.00295176
3647.89	-0.00280868
3645.97	-0.00283663
3644.04	-0.00286958
3642.11	-0.00286099
3640.18	-0.00292126
3638.25	-0.00288262
3636.33	-0.00282422
3634.4	-0.00287916
3632.47	-0.00287962
3630.54	-0.002807
3628.61	-0.00279137
3626.69	-0.00282653
3624.76	-0.00293679
3622.83	-0.00283795
3620.9	-0.00272226
3618.97	-0.00264286
3617.05	-0.00260917
3615.12	-0.00266141
3613.19	-0.00277273
3611.26	-0.00280529
3609.33	-0.00280654
3607.41	-0.00269766
3605.48	-0.0026702
3603.55	-0.00275683
3601.62	-0.00273322
3599.69	-0.00264313
3597.77	-0.00261622
3595.84	-0.00258816
3593.91	-0.00267659
3591.98	-0.00270728
3590.05	-0.00253763
3588.12	-0.00253747
3586.2	-0.00268116
3584.27	-0.00271212
3582.34	-0.0026887
3580.41	-0.00266052
3578.49	-0.00268307
3576.56	-0.00253625
3574.63	-0.00249536
3572.7	-0.00256464
3570.77	-0.00264369
3568.85	-0.00264458
3566.92	-0.00244275
3564.99	-0.00238499
3563.06	-0.00257686
3561.13	-0.00259629
3559.21	-0.00254168
3557.28	-0.00253875
3555.35	-0.0025597
3553.42	-0.00252966
3551.49	-0.00248235
3549.56	-0.00254906
3547.64	-0.00257179
3545.71	-0.00258002
3543.78	-0.00261296
3541.85	-0.00244044
3539.93	-0.00238884
3538	-0.00239992
3536.07	-0.00218601
3534.14	-0.00216837
3532.21	-0.0024271
3530.28	-0.00241132
3528.36	-0.00208897
3526.43	-0.0020653
3524.5	-0.0022431
3522.57	-0.00237537
3520.65	-0.00233892
3518.72	-0.00228256
3516.79	-0.00232073
3514.86	-0.00228371
3512.93	-0.00216919
3511	-0.00220335
3509.08	-0.00232821
3507.15	-0.00242259
3505.22	-0.00236884
3503.29	-0.00240357
3501.37	-0.00243955
3499.44	-0.00228549
3497.51	-0.00230527
3495.58	-0.00233005
3493.65	-0.0022436
3491.72	-0.0021958
3489.8	-0.00225019
3487.87	-0.00225902
3485.94	-0.00233503
3484.01	-0.00234152
3482.08	-0.00225069
3480.16	-0.00229034
3478.23	-0.00229894
3476.3	-0.00220213
3474.37	-0.00217836
3472.44	-0.00216023
3470.52	-0.00217813
3468.59	-0.00217374
3466.66	-0.00227083
3464.73	-0.00223704
3462.81	-0.00216544
3460.88	-0.00216606
3458.95	-0.00211311
3457.02	-0.00201619
3455.09	-0.00199432
3453.16	-0.00210032
3451.24	-0.00218235
3449.31	-0.00202242
3447.38	-0.00195629
3445.45	-0.00198258
3443.52	-0.00193357
3441.6	-0.00201537
3439.67	-0.0020184
3437.74	-0.00191843
3435.81	-0.00195352
3433.88	-0.00208182
3431.96	-0.00210506
3430.03	-0.00204195
3428.1	-0.00194482
3426.17	-0.00193693
3424.24	-0.00196408
3422.32	-0.00189883
3420.39	-0.00191166
3418.46	-0.00196223
3416.53	-0.00195695
3414.6	-0.00201392
3412.68	-0.00204083
3410.75	-0.00196352
3408.82	-0.00192255
3406.89	-0.00204528
3404.96	-0.00204591
3403.04	-0.00195042
3401.11	-0.00198773
3399.18	-0.0020156
3397.25	-0.00197236
3395.32	-0.00182311
3393.4	-0.00177266
3391.47	-0.00178137
3389.54	-0.00175438
3387.61	-0.001726
3385.68	-0.0017193
3383.76	-0.00179071
3381.83	-0.00180259
3379.9	-0.00188685
3377.97	-0.00200346
3376.04	-0.00196428
3374.12	-0.00188639
3372.19	-0.00189088
3370.26	-0.00191305
3368.33	-0.00179757
3366.4	-0.00167956
3364.48	-0.00170425
3362.55	-0.00171755
3360.62	-0.00173494
3358.69	-0.00176157
3356.76	-0.00169867
3354.84	-0.00166494
3352.91	-0.00162932
3350.98	-0.00169646
3349.05	-0.00180727
3347.12	-0.00188461
3345.2	-0.0019553
3343.27	-0.00184291
3341.34	-0.00168428
3339.41	-0.00174497
3337.48	-0.00174814
3335.56	-0.00168372
3333.63	-0.00181572
3331.7	-0.00195389
3329.77	-0.00181427
3327.84	-0.00176101
3325.92	-0.00185053
3323.99	-0.0017489
3322.06	-0.00162823
3320.13	-0.00163239
3318.2	-0.00170606
3316.28	-0.00179903
3314.35	-0.00189616
3312.42	-0.00185495
3310.49	-0.00170725
3308.56	-0.00169775
3306.64	-0.00176995
3304.71	-0.00178787
3302.78	-0.00184971
3300.85	-0.0017618
3298.92	-0.0014902
3297	-0.00147507
3295.07	-0.00159047
3293.14	-0.00163761
3291.21	-0.00178035
3289.28	-0.00181599
3287.36	-0.00178008
3285.43	-0.00170181
3283.5	-0.00168913
3281.57	-0.00164371
3279.64	-0.0015625
3277.72	-0.00151912
3275.79	-0.00154157
3273.86	-0.00172276
3271.93	-0.00178114
3270	-0.00169537
3268.08	-0.00167045
3266.15	-0.00171692
3264.22	-0.00163556
3262.29	-0.00148785
3260.36	-0.00153702
3258.44	-0.00163249
3256.51	-0.00171715
3254.58	-0.00168223
3252.65	-0.00158759
3250.72	-0.00164335
3248.8	-0.00165025
3246.87	-0.00154335
3244.94	-0.00154203
3243.01	-0.00156359
3241.08	-0.00145572
3239.16	-0.001497
3237.23	-0.00155871
3235.3	-0.00159898
3233.37	-0.00160021
3231.44	-0.00161311
3229.52	-0.001591
3227.59	-0.00155128
3225.66	-0.00149977
3223.73	-0.00146857
3221.8	-0.00154055
3219.88	-0.00156241
3217.95	-0.00153124
3216.02	-0.00156907
3214.09	-0.00150139
3212.16	-0.00138594
3210.24	-0.00137745
3208.31	-0.00149069
3206.38	-0.00153847
3204.45	-0.00157155
3202.52	-0.00144571
3200.6	-0.00137989
3198.67	-0.00153652
3196.74	-0.00156835
3194.81	-0.00157485
3192.88	-0.00161506
3190.96	-0.0015284
3189.03	-0.00153084
3187.1	-0.00149287
3185.17	-0.0014719
3183.24	-0.00149663
3181.32	-0.00154111
3179.39	-0.00151463
3177.46	-0.00147306
3175.53	-0.00151707
3173.6	-0.001696
3171.68	-0.00167058
3169.75	-0.00153362
3167.82	-0.00161173
3165.89	-0.0015734
3163.96	-0.00151021
3162.04	-0.00146378
3160.11	-0.00138191
3158.18	-0.00142851
3156.25	-0.00147345
3154.32	-0.00147923
3152.4	-0.00137553
3150.47	-0.00129893
3148.54	-0.00140222
3146.61	-0.00152001
3144.68	-0.00152041
3142.76	-0.00140242
3140.83	-0.00132318
3138.9	-0.00126157
3136.97	-0.00119578
3135.04	-0.00133732
3133.12	-0.00146315
3131.19	-0.0015173
3129.26	-0.00142838
3127.33	-0.00138571
3125.4	-0.00126471
3123.48	-0.00117685
3121.55	-0.00129391
3119.62	-0.00144264
3117.69	-0.00140565
3115.76	-0.00140721
3113.84	-0.00147507
3111.91	-0.0012615
3109.98	-0.00109188
3108.05	-0.00118597
3106.12	-0.00124452
3104.2	-0.00115805
3102.27	-0.00128149
3100.34	-0.00140939
3098.41	-0.0014824
3096.48	-0.00149545
3094.56	-0.00143062
3092.63	-0.00122205
3090.7	-0.00116694
3088.77	-0.00122357
3086.84	-0.00129929
3084.92	-0.00133794
3082.99	-0.00137824
3081.06	-0.00131865
3079.13	-0.00116822
3077.2	-0.00111317
3075.28	-0.00127095
3073.35	-0.00132694
3071.42	-0.00140556
3069.49	-0.0014471
3067.56	-0.00128165
3065.63	-0.00127792
3063.71	-0.00125469
3061.78	-0.00119962
3059.85	-0.00123249
3057.92	-0.00126619
3055.99	-0.00121082
3054.07	-0.0012879
3052.14	-0.00140787
3050.21	-0.00128314
3048.28	-0.00116859
3046.35	-0.00119836
3044.43	-0.00122945
3042.5	-0.0012728
3040.57	-0.00129094
3038.64	-0.00121947
3036.71	-0.00113329
3034.79	-0.00113329
3032.86	-0.00116366
3030.93	-0.00107506
3029	-0.00111466
3027.07	-0.00123312
3025.15	-0.00135271
3023.22	-0.0013759
3021.29	-0.00129645
3019.36	-0.00122816
3017.43	-0.0012581
3015.51	-0.00121558
3013.58	-0.00109489
3011.65	-0.00110077
3009.72	-0.00116918
3007.79	-0.00121297
3005.87	-0.00120533
3003.94	-0.00114063
3002.01	-0.00108812
3000.08	-0.00110811
2998.15	-0.0011554
2996.23	-0.00119595
2994.3	-0.00117652
2992.37	-0.00114136
2990.44	-0.00108508
2988.51	-0.00098667
2986.59	-0.000883514
2984.66	-0.000918233
2982.73	-0.000904908
2980.8	-0.000785461
2978.87	-0.000734755
2976.95	-0.000743884
2975.02	-0.000731282
2973.09	-0.000745174
2971.16	-0.000848495
2969.23	-0.000862947
2967.31	-0.000827
2965.38	-0.000830406
2963.45	-0.000683415
2961.52	-0.000672101
2959.59	-0.00082905
2957.67	-0.000911223
2955.74	-0.000941576
2953.81	-0.00100353
2951.88	-0.00109023
2949.95	-0.00102558
2948.03	-0.000960024
2946.1	-0.00092316
2944.17	-0.000880671
2942.24	-0.000788702
2940.31	-0.000767137
2938.39	-0.000804147
2936.46	-0.000842609
2934.53	-0.000922432
2932.6	-0.000946601
2930.67	-0.000929673
2928.75	-0.000994604
2926.82	-0.000959363
2924.89	-0.000918101
2922.96	-0.000933112
2921.03	-0.000916183
2919.11	-0.000817475
2917.18	-0.000923094
2915.25	-0.000935129
2913.32	-0.000839897
2911.39	-0.000868072
2909.47	-0.000881233
2907.54	-0.000946304
2905.61	-0.00102042
2903.68	-0.00101649
2901.75	-0.00104485
2899.83	-0.000909603
2897.9	-0.000793564
2895.97	-0.000728702
2894.04	-0.000756983
2892.11	-0.000824056
2890.19	-0.000855572
2888.26	-0.00089727
2886.33	-0.000861921
2884.4	-0.000795052
2882.47	-0.000756189
2880.55	-0.000743984
2878.62	-0.000708589
2876.69	-0.000725658
2874.76	-0.000755792
2872.83	-0.000798525
2870.91	-0.000844825
2868.98	-0.000849587
2867.05	-0.000768592
2865.12	-0.000704984
2863.19	-0.000818897
2861.27	-0.000823263
2859.34	-0.000774943
2857.41	-0.000853853
2855.48	-0.000791381
2853.55	-0.000705381
2851.63	-0.000766906
2849.7	-0.000830208
2847.77	-0.000784667
2845.84	-0.000793134
2843.91	-0.000829679
2841.99	-0.000800278
2840.06	-0.000706538
2838.13	-0.000714081
2836.2	-0.000705579
2834.27	-0.000659165
2832.35	-0.000667502
2830.42	-0.000714544
2828.49	-0.000779342
2826.56	-0.000801931
2824.63	-0.000893534
2822.71	-0.000854316
2820.78	-0.00067134
2818.85	-0.000643913
2816.92	-0.000607948
2814.99	-0.000703065
2813.07	-0.000726948
2811.14	-0.000670083
2809.21	-0.000595739
2807.28	-0.000555931
2805.35	-0.000567249
2803.43	-0.0006144
2801.5	-0.000676699
2799.57	-0.000757744
2797.64	-0.000659066
2795.71	-0.000537333
2793.79	-0.000540047
2791.86	-0.000619
2789.93	-0.000614665
2788	-0.000600404
2786.07	-0.000628562
2784.15	-0.000777688
2782.22	-0.000752683
2780.29	-0.000705844
2778.36	-0.000716959
2776.43	-0.000770709
2774.51	-0.00069582
2772.58	-0.000596202
2770.65	-0.00047796
2768.72	-0.000482197
2766.79	-0.000542165
2764.87	-0.000563906
2762.94	-0.000560266
2761.01	-0.00060593
2759.08	-0.000590974
2757.15	-0.000575488
2755.23	-0.000514995
2753.3	-0.000458664
2751.37	-0.000466178
2749.44	-0.000503081
2747.51	-0.00058472
2745.59	-0.000603382
2743.66	-0.000523467
2741.73	-0.000522838
2739.8	-0.00046962
2737.87	-0.000343166
2735.95	-0.000375743
2734.02	-0.000466376
2732.09	-0.000622672
2730.16	-0.000637561
2728.23	-0.00050232
2726.31	-0.000389349
2724.38	-0.000409675
2722.45	-0.000470811
2720.52	-0.00047892
2718.59	-0.000420201
2716.67	-0.000387297
2714.74	-0.000378027
2712.81	-0.000347238
2710.88	-0.000361772
2708.95	-0.000420532
2707.02	-0.000454063
2705.1	-0.000416891
2703.17	-0.000281813
2701.24	-0.000344623
2699.31	-0.000445226
2697.39	-0.000420764
2695.46	-0.000510792
2693.53	-0.000622374
2691.6	-0.000533528
2689.67	-0.000364884
2687.75	-0.000267839
2685.82	-0.000263137
2683.89	-0.000280786
2681.96	-0.000266482
2680.03	-0.000394017
2678.11	-0.000436951
2676.18	-0.000404676
2674.25	-0.000336644
2672.32	-0.00033234
2670.39	-0.000324394
2668.46	-0.000444299
2666.54	-0.000531211
2664.61	-0.000412025
2662.68	-0.000311613
2660.75	-0.000390077
2658.83	-0.000413515
2656.9	-0.000351278
2654.97	-0.000260852
2653.04	-0.000212569
2651.11	-0.000279594
2649.19	-0.00025158
2647.26	-0.00017319
2645.33	-0.000155503
2643.4	-0.000105817
2641.47	-0.000159677
2639.55	-0.000121916
2637.62	-7.91169e-05
2635.69	-0.000201508
2633.76	-0.00027168
2631.83	-0.000312739
2629.9	-0.000307044
2627.98	-0.000323467
2626.05	-0.00028976
2624.12	-0.000282806
2622.19	-0.000306316
2620.27	-0.000324195
2618.34	-0.00041325
2616.41	-0.000480741
2614.48	-0.000461312
2612.55	-0.000269561
2610.62	-0.000225419
2608.7	-0.000314295
2606.77	-0.000303236
2604.84	-0.000303369
2602.91	-0.000294793
2600.98	-0.000238864
2599.06	-0.000204753
2597.13	-0.000264793
2595.2	-0.000276846
2593.27	-0.000179616
2591.34	-0.000146229
2589.42	-0.000242109
2587.49	-0.000348497
2585.56	-0.000341776
2583.63	-0.000268137
2581.71	-0.00028072
2579.78	-0.000342239
2577.85	-0.000305984
2575.92	-0.000298832
2573.99	-0.00028423
2572.06	-0.000163817
2570.14	-7.10667e-05
2568.21	-6.83833e-05
2566.28	-0.000137749
2564.35	-0.000119266
2562.42	-6.46066e-05
2560.5	-5.9836e-05
2558.57	-4.42648e-05
2556.64	4.26787e-05
2554.71	-8.21716e-06
2552.78	-0.000134238
2550.86	-7.3717e-05
2548.93	-4.22438e-05
2547	-5.61586e-05
2545.07	-0.000120194
2543.15	-9.93245e-05
2541.22	-3.99578e-05
2539.29	-0.000162724
2537.36	-0.000194917
2535.43	-4.91681e-05
2533.5	7.45248e-05
2531.58	1.27237e-05
2529.65	-3.8997e-05
2527.72	-4.49274e-05
2525.79	-0.00013457
2523.86	-0.000170806
2521.94	-0.000147951
2520.01	-0.000179516
2518.08	-9.22354e-05
2516.15	-2.88919e-05
2514.22	2.80986e-05
2512.3	9.86512e-05
2510.37	3.47921e-05
2508.44	1.49106e-05
2506.51	-3.79037e-05
2504.58	-8.41192e-05
2502.66	-7.72286e-05
2500.73	-5.22824e-05
2498.8	-5.96372e-05
2496.87	-0.000196209
2494.94	-0.000205647
2493.02	-0.000125229
2491.09	-5.00958e-05
2489.16	-8.85583e-05
2487.23	-0.000109229
2485.3	-1.5573e-06
2483.38	5.54036e-05
2481.45	6.22924e-06
2479.52	9.27763e-06
2477.59	-3.46237e-05
2475.66	-0.000195248
2473.74	-0.00013712
2471.81	-6.5998e-05
2469.88	-9.45211e-05
2467.95	-5.46677e-05
2466.02	-7.16299e-05
2464.1	-0.000173389
2462.17	-0.00018985
2460.24	-0.000114463
2458.31	1.93507e-05
2456.38	0.000111709
2454.46	7.17743e-05
2452.53	-5.45683e-05
2450.6	-0.000123208
2448.67	-0.000131953
2446.74	-0.000191373
2444.82	-0.000101213
2442.89	0.000108958
2440.96	0.000251494
2439.03	0.000210187
2437.1	0.000128612
2435.18	0.00010412
2433.25	8.62233e-05
2431.32	8.29424e-05
2429.39	0.00016431
2427.46	0.000155426
2425.54	9.30835e-05
2423.61	0.00011615
2421.68	0.000125861
2419.75	0.000117244
2417.82	1.64679e-05
2415.9	1.15308e-05
2413.97	4.46338e-05
2412.04	2.58785e-05
2410.11	0.000167525
2408.18	0.000128546
2406.26	2.91258e-05
2404.33	0.000165834
2402.4	0.000175712
2400.47	4.69535e-05
2398.54	0.00012964
2396.62	0.000251196
2394.69	0.000249107
2392.76	0.000212309
2390.83	4.86435e-05
2388.9	-7.93157e-05
2386.98	-8.72663e-05
2385.05	7.194e-05
2383.12	0.000173094
2381.19	0.000103026
2379.26	2.46193e-05
2377.34	7.09458e-05
2375.41	0.000191623
2373.48	0.000123376
2371.55	6.7897e-05
2369.62	0.000110582
2367.7	0.000180916
2365.77	0.00016779
2363.84	0.000147538
2361.91	9.30172e-05
2359.98	7.18405e-05
2358.06	6.49476e-05
2356.13	0.000235713
2354.2	0.000296021
2352.27	0.00020359
2350.34	0.000210485
2348.42	0.000322514
2346.49	0.000334484
2344.56	0.000228155
2342.63	0.000254876
2340.7	0.000199745
2338.78	0.000158376
2336.85	0.000110549
2334.92	-3.57833e-05
2332.99	7.01504e-05
2331.06	0.000249273
2329.14	0.000326195
2327.21	0.000260711
2325.28	0.00018506
2323.35	0.000214066
2321.42	0.000248643
2319.5	0.000287831
2317.57	0.000350401
2315.64	0.000431023
2313.71	0.000383232
2311.78	0.000394574
2309.86	0.000455733
2307.93	0.000302155
2306	0.00028929
2304.07	0.000352159
2302.14	0.000345029
2300.22	0.000373979
2298.29	0.000401638
2296.36	0.00040648
2294.43	0.000395336
2292.5	0.000397658
2290.58	0.00031953
2288.65	0.00031313
2286.72	0.000357033
2284.79	0.00031943
2282.86	0.00027006
2280.94	0.00034241
2279.01	0.000358824
2277.08	0.00035521
2275.15	0.000423195
2273.22	0.00045759
2271.3	0.000482998
2269.37	0.000439348
2267.44	0.000400709
2265.51	0.000431686
2263.58	0.000412251
2261.66	0.000347384
2259.73	0.000246156
2257.8	0.000339624
2255.87	0.00039653
2253.94	0.00028309
2252.02	0.000305272
2250.09	0.000490594
2248.16	0.000546061
2246.23	0.000652435
2244.3	0.000683762
2242.38	0.000542611
2240.45	0.00042628
2238.52	0.000413942
2236.59	0.000424257
2234.66	0.000312931
2232.74	0.000360582
2230.81	0.000450326
2228.88	0.000474308
2226.95	0.000452946
2225.02	0.000504892
2223.1	0.000489898
2221.17	0.000425451
2219.24	0.000411554
2217.31	0.000419182
2215.38	0.00051083
2213.46	0.000557108
2211.53	0.000446644
2209.6	0.0003894
2207.67	0.000312997
2205.74	0.00030494
2203.81	0.000305338
2201.89	0.000336938
2199.96	0.000479283
2198.03	0.000532426
2196.1	0.000470692
2194.18	0.000534284
2192.25	0.000496134
2190.32	0.000481671
2188.39	0.000528578
2186.46	0.0005308
2184.54	0.00043079
2182.61	0.000442731
2180.68	0.000452913
2178.75	0.000541682
2176.82	0.000526388
2174.9	0.000401505
2172.97	0.000344366
2171.04	0.000382867
2169.11	0.000459912
2167.18	0.000514014
2165.25	0.000488671
2163.33	0.00056172
2161.4	0.000686251
2159.47	0.000601601
2157.54	0.000600837
2155.62	0.000631961
2153.69	0.000490727
2151.76	0.000510863
2149.83	0.000467475
2147.9	0.000337701
2145.98	0.000354281
2144.05	0.000463461
2142.12	0.000533554
2140.19	0.000527582
2138.26	0.000538663
2136.33	0.000516602
2134.41	0.000573067
2132.48	0.000606378
2130.55	0.000536705
2128.62	0.000434571
2126.69	0.000449862
2124.77	0.000642878
2122.84	0.00072986
2120.91	0.000703243
2118.98	0.000747551
2117.05	0.000753326
2115.13	0.00078612
2113.2	0.000804643
2111.27	0.000615138
2109.34	0.000585077
2107.41	0.000688142
2105.49	0.000686583
2103.56	0.000572702
2101.63	0.000597685
2099.7	0.000751666
2097.77	0.000667966
2095.85	0.000642679
2093.92	0.000800261
2091.99	0.000729329
2090.06	0.000515474
2088.13	0.000455069
2086.21	0.000552928
2084.28	0.000656384
2082.35	0.00074058
2080.42	0.000854439
2078.49	0.000757939
2076.57	0.000514047
2074.64	0.000576849
2072.71	0.000717182
2070.78	0.000712801
2068.85	0.000749774
2066.93	0.000786751
2065	0.000851152
2063.07	0.000792859
2061.14	0.000564905
2059.21	0.000542345
2057.29	0.000653431
2055.36	0.000669061
2053.43	0.00073829
2051.5	0.00076169
2049.57	0.000762221
2047.65	0.000822868
2045.72	0.000974704
2043.79	0.000876617
2041.86	0.000709051
2039.93	0.000699459
2038.01	0.0005379
2036.08	0.000533753
2034.15	0.000590154
2032.22	0.000506849
2030.29	0.00061766
2028.37	0.000698231
2026.44	0.000654891
2024.51	0.000530303
2022.58	0.000558767
2020.65	0.000578375
2018.73	0.000521047
2016.8	0.000545862
2014.87	0.000562284
2012.94	0.0005589
2011.01	0.000516237
2009.09	0.000600439
2007.16	0.000599278
2005.23	0.00057101
2003.3	0.000696871
2001.37	0.000835748
1999.45	0.00082798
1997.52	0.000771515
1995.59	0.000689603
1993.66	0.000755616
1991.73	0.000726541
1989.81	0.000727371
1987.88	0.000845276
1985.95	0.000898165
1984.02	0.000777523
1982.09	0.000685952
1980.17	0.000626851
1978.24	0.000614773
1976.31	0.000668496
1974.38	0.000757541
1972.45	0.000834852
1970.53	0.000758006
1968.6	0.000595827
1966.67	0.000650411
1964.74	0.000792792
1962.81	0.000781639
1960.89	0.000728898
1958.96	0.000672213
1957.03	0.000583186
1955.1	0.000637304
1953.17	0.000850688
1951.25	0.00091905
1949.32	0.000834354
1947.39	0.000800062
1945.46	0.000742107
1943.53	0.000835184
1941.61	0.000827648
1939.68	0.00079505
1937.75	0.000759035
1935.82	0.000645433
1933.89	0.000740879
1931.97	0.000993434
1930.04	0.0010495
1928.11	0.000917954
1926.18	0.000926986
1924.25	0.000803348
1922.33	0.000595429
1920.4	0.000678021
1918.47	0.000782336
1916.54	0.000882925
1914.61	0.000705699
1912.69	0.000592012
1910.76	0.000827715
1908.83	0.000887308
1906.9	0.000908823
1904.97	0.000872002
1903.05	0.000702313
1901.12	0.000732482
1899.19	0.000653033
1897.26	0.000709814
1895.33	0.000897501
1893.41	0.000928314
1891.48	0.000910981
1889.55	0.000824063
1887.62	0.000750604
1885.69	0.00072216
1883.77	0.000744431
1881.84	0.00081749
1879.91	0.000837109
1877.98	0.000811183
1876.05	0.000797207
1874.13	0.000857493
1872.2	0.00085268
1870.27	0.000750471
1868.34	0.000771183
1866.41	0.000768096
1864.49	0.000689503
1862.56	0.000749708
1860.63	0.000920145
1858.7	0.00101396
1856.77	0.000969125
1854.85	0.000825889
1852.92	0.000628743
1850.99	0.000621277
1849.06	0.000736266
1847.13	0.000697966
1845.21	0.00071227
1843.28	0.000662158
1841.35	0.000652203
1839.42	0.000748314
1837.49	0.000739817
1835.57	0.000847434
1833.64	0.0010193
1831.71	0.00103767
1829.78	0.000831499
1827.85	0.000567128
1825.93	0.000576749
1824	0.000658807
1822.07	0.000689868
1820.14	0.000849526
1818.21	0.000888237
1816.29	0.000753691
1814.36	0.0006826
1812.43	0.000580631
1810.5	0.000612683
1808.57	0.000706163
1806.65	0.000622106
1804.72	0.000677622
1802.79	0.000726807
1800.86	0.000645234
1798.93	0.000668961
1797.01	0.000831267
1795.08	0.00101349
1793.15	0.00101396
1791.22	0.000839035
1789.29	0.000828212
1787.37	0.000780876
1785.44	0.000663817
1783.51	0.000618888
1781.58	0.000633819
1779.65	0.000719538
1777.73	0.000835848
1775.8	0.000825656
1773.87	0.000686052
1771.94	0.000613612
1770.01	0.000835516
1768.08	0.000867586
1766.16	0.000834653
1764.23	0.000916493
1762.3	0.000788378
1760.37	0.000763748
1758.45	0.00075087
1756.52	0.000835616
1754.59	0.000806535
1752.66	0.000712602
1750.73	0.000779116
1748.81	0.000739153
1746.88	0.000803116
1744.95	0.00082061
1743.02	0.000822005
1741.09	0.000913637
1739.17	0.000826088
1737.24	0.000828212
1735.31	0.000856697
1733.38	0.000863204
1731.45	0.000791962
1729.52	0.000740846
1727.6	0.000938641
1725.67	0.00101293
1723.74	0.000784228
1721.81	0.000656019
1719.89	0.000740647
1717.96	0.000678253
1716.03	0.000859618
1714.1	0.000946145
1712.17	0.000958033
1710.24	0.000924196
1708.32	0.00081188
1706.39	0.000877048
1704.46	0.000970519
1702.53	0.00101529
1700.6	0.000928347
1698.68	0.000744431
1696.75	0.000693419
1694.82	0.0008151
1692.89	0.000848397
1690.96	0.000722193
1689.04	0.000566398
1687.11	0.000810054
1685.18	0.000963512
1683.25	0.000886942
1681.33	0.000885415
1679.4	0.000909188
1677.47	0.000840296
1675.54	0.000583418
1673.61	0.000602662
1671.68	0.000807265
1669.76	0.00110772
1667.83	0.00102721
1665.9	0.000718775
1663.97	0.000823498
1662.04	0.000922437
1660.12	0.000885847
1658.19	0.000946843
1656.26	0.000890528
1654.33	0.000770752
1652.4	0.000748579
1650.48	0.000722392
1648.55	0.000694249
1646.62	0.000697767
1644.69	0.00074921
1642.76	0.000838537
1640.84	0.000743136
1638.91	0.000579935
1636.98	0.000621774
1635.05	0.000689437
1633.12	0.000790203
1631.2	0.000849625
1629.27	0.000704869
1627.34	0.000729097
1625.41	0.000969722
1623.48	0.000952853
1621.56	0.000768893
1619.63	0.000690864
1617.7	0.000816594
1615.77	0.00100625
1613.84	0.00109673
1611.92	0.00122876
1609.99	0.00110164
1608.06	0.000933627
1606.13	0.000878874
1604.2	0.000948835
1602.28	0.00108082
1600.35	0.00108916
1598.42	0.000916061
1596.49	0.000882128
1594.56	0.000951824
1592.64	0.00104305
1590.71	0.000899891
1588.78	0.00101409
1586.85	0.0010869
1584.92	0.00100612
1583	0.000817523
1581.07	0.000708387
1579.14	0.000718011
1577.21	0.000721795
1575.28	0.000691826
1573.36	0.000731055
1571.43	0.000873562
1569.5	0.000876351
1567.57	0.000757242
1565.64	0.000685355
1563.72	0.000710942
1561.79	0.000628344
1559.86	0.00058866
1557.93	0.000661694
1556	0.000894014
1554.08	0.000938342
1552.15	0.000933593
1550.22	0.000968427
1548.29	0.000776859
1546.36	0.000699327
1544.44	0.000768461
1542.51	0.000724085
1540.58	0.000742041
1538.65	0.000915862
1536.72	0.000811183
1534.8	0.000839732
1532.87	0.000851252
1530.94	0.000851352
1529.01	0.000742638
1527.08	0.000594334
1525.16	0.000550108
1523.23	0.000857195
1521.3	0.000904407
1519.37	0.000663353
1517.44	0.000520848
1515.52	0.000703541
1513.59	0.000886345
1511.66	0.000977593
1509.73	0.000944817
1507.8	0.000957269
1505.88	0.000999279
1503.95	0.00117809
1502.02	0.00110384
1500.09	0.00113965
1498.16	0.00107607
1496.24	0.000814403
1494.31	0.000873927
1492.38	0.00121131
1490.45	0.00116201
1488.52	0.000870674
1486.6	0.00081676
1484.67	0.000874758
1482.74	0.000816361
1480.81	0.000819747
1478.88	0.000778785
1476.96	0.00070852
1475.03	0.000917522
1473.1	0.00120144
1471.17	0.00106627
1469.24	0.000957834
1467.32	0.00095438
1465.39	0.000750704
1463.46	0.000570578
1461.53	0.000769424
1459.6	0.000831433
1457.68	0.000907329
1455.75	0.00109474
1453.82	0.00110174
1451.89	0.00088837
1449.96	0.000910649
1448.04	0.00104063
1446.11	0.00095624
1444.18	0.000960623
1442.25	0.00100937
1440.32	0.000973408
1438.4	0.000966767
1436.47	0.000952089
1434.54	0.000855535
1432.61	0.00094216
1430.68	0.00121885
1428.76	0.00125348
1426.83	0.00101117
1424.9	0.000751434
1422.97	0.000939371
1421.04	0.00112669
1419.12	0.00103126
1417.19	0.0010493
1415.26	0.00101728
1413.33	0.000897633
1411.4	0.00107966
1409.48	0.00105072
1407.55	0.000873662
1405.62	0.000768495
1403.69	0.000880999
1401.76	0.000818785
1399.84	0.000929808
1397.91	0.000950462
1395.98	0.000754687
1394.05	0.000702114
1392.12	0.000709814
1390.2	0.000676063
1388.27	0.0007361
1386.34	0.000682534
1384.41	0.000892056
1382.48	0.00100117
1380.56	0.00107328
1378.63	0.0010661
1376.7	0.000828611
1374.77	0.000785091
1372.84	0.000916725
1370.92	0.000721098
1368.99	0.000649615
1367.06	0.000785689
1365.13	0.000837773
1363.2	0.000798502
1361.28	0.000850654
1359.35	0.000926853
1357.42	0.000865196
1355.49	0.000539094
1353.56	0.000688972
1351.64	0.000892421
1349.71	0.000814701
1347.78	0.000865627
1345.85	0.000793888
1343.92	0.000702479
1342	0.000722824
1340.07	0.00079173
1338.14	0.000752961
1336.21	0.000685056
1334.28	0.000845675
1332.36	0.00119576
1330.43	0.00121121
1328.5	0.00103966
1326.57	0.0011334
1324.64	0.00098108
1322.72	0.00080949
1320.79	0.000885316
1318.86	0.000912675
1316.93	0.000710279
1315	0.000755218
1313.08	0.000919315
1311.15	0.00113373
1309.22	0.00129415
1307.29	0.00136411
1305.36	0.00148183
1303.44	0.00139772
1301.51	0.0009493
1299.58	0.000862341
1297.65	0.00101715
1295.72	0.00100785
1293.8	0.000976165
1291.87	0.000945514
1289.94	0.000752231
1288.01	0.000706395
1286.08	0.000635014
1284.15	0.000595462
1282.23	0.000981246
1280.3	0.00126308
1278.37	0.00132802
1276.44	0.00130263
1274.52	0.00103425
1272.59	0.000869445
1270.66	0.000834088
1268.73	0.00101525
1266.8	0.00141813
1264.88	0.00128904
1262.95	0.000875056
1261.02	0.000860747
1259.09	0.00120078
1257.16	0.00142362
1255.24	0.00144213
1253.31	0.00117011
1251.38	0.00106036
1249.45	0.000985696
1247.52	0.000802353
1245.59	0.000754288
1243.67	0.000659503
1241.74	0.000706429
1239.81	0.000915962
1237.88	0.000841093
1235.96	0.000485984
1234.03	0.00060452
1232.1	0.000688375
1230.17	0.000630733
1228.24	0.000557672
1226.31	0.000425318
1224.39	0.000443029
1222.46	0.000810419
1220.53	0.000920378
1218.6	0.000760827
1216.68	0.000551668
1214.75	0.000290451
1212.82	0.000399449
1210.89	0.000869678
1208.96	0.000676428
1207.03	0.000354613
1205.11	0.000556578
1203.18	0.000392252
1201.25	0.000335844
1199.32	3.81058e-05
1197.39	-7.91896e-06
1195.47	0.000341514
1193.54	0.000268038
1191.61	0.000445583
1189.68	0.000570678
1187.75	0.000434306
1185.83	0.000345394
1183.9	0.00025902
1181.97	0.000430658
1180.04	0.000342907
1178.11	5.34154e-05
1176.19	0.000182806
1174.26	0.000628378
1172.33	0.000572934
1170.4	0.000529009
1168.47	0.000456661
1166.55	7.56516e-05
1164.62	-0.000162393
1162.69	0.000514147
1160.76	0.000725612
1158.83	3.9365e-05
1156.91	-0.000337372
1154.98	-8.70344e-05
1153.05	0.000427076
1151.12	0.000238597
1149.19	-0.00017107
1147.27	0.000167724
1145.34	0.000544535
1143.41	0.000390196
1141.48	0.000375836
1139.55	0.00029433
1137.63	0.000478122
1135.7	0.00101017
1133.77	0.000817523
1131.84	-7.67317e-05
1129.91	-0.00049302
1127.99	-0.000248434
1126.06	0.000227061
1124.13	0.000743966
1122.2	0.000619883
1120.27	0.000588694
1118.35	0.000600771
1116.42	0.00096235
1114.49	0.000798867
1112.56	0.000565303
1110.63	0.000269961
1108.71	0.000299304
1106.78	0.000442598
1104.85	0.000527085
1102.92	0.000448601
1100.99	0.000821971
1099.07	0.00123394
1097.14	0.00114633
1095.21	0.000348776
1093.28	0.000276989
1091.35	0.000529772
1089.43	0.000364661
1087.5	0.000497594
1085.57	0.000941231
1083.64	0.000936383
1081.71	0.000714394
1079.79	0.000704205
1077.86	0.000499783
1075.93	-0.000214854
1074	-0.000555832
1072.07	-7.72286e-05
1070.15	0.000219336
1068.22	0.000159669
1066.29	0.000147604
1064.36	0.00105122
1062.43	0.00113151
1060.51	0.000793655
1058.58	-0.000113767
1056.65	-0.000243831
1054.72	0.00112928
1052.79	0.00162435
1050.87	0.000586537
1048.94	0.000588826
1047.01	0.0010581
1045.08	0.000956838
1043.15	0.000795913
1041.23	0.00101572
1039.3	0.00129907
1037.37	0.00161258
1035.44	0.00187852
1033.51	0.0019311
1031.59	0.00161371
1029.66	0.00134693
1027.73	0.00122683
1025.8	0.00143286
1023.87	0.00160692
1021.95	0.00163509
1020.02	0.0016775
1018.09	0.00139755
1016.16	0.001547
1014.23	0.00211405
1012.31	0.00213017
1010.38	0.0014302
1008.45	0.000814369
1006.52	0.00105737
1004.59	0.0011932
1002.67	0.000855037
1000.74	0.00128093
998.81	0.00128375
996.882	0.000968029
994.954	0.000900456
993.026	0.001125
991.098	0.00137246
989.17	0.00137442
987.242	0.000903411
985.314	0.000805738
983.386	-2.75998e-05
981.458	-0.00106154
979.53	0.000142069
977.602	0.000934988
975.673	0.000672844
973.746	0.000273342
971.817	0.000404822
969.89	8.08214e-05
967.962	-0.00057155
966.034	-0.000174648
964.106	0.000480146
962.178	0.000462068
960.25	4.20823e-05
958.322	-0.000164546
956.394	-8.91545e-05
954.465	0.000136169
952.538	0.000213137
950.609	0.000306432
948.682	-0.000220352
946.754	-0.000194685
944.826	0.000275995
942.898	-2.25306e-05
940.97	4.12538e-05
939.042	0.000554753
937.113	0.00075316
935.186	0.000558104
933.257	0.000428867
931.33	0.000334053
929.401	0.000706163
927.474	0.000848762
925.546	0.000545928
923.618	0.00074224
921.69	0.000330572
919.761	0.000294695
917.833	0.000431586
915.905	0.000471488
913.978	0.000570379
912.049	0.000640655
910.122	0.000944585
908.193	0.00103844
906.266	0.000349672
904.338	-0.0005235
902.409	2.44536e-05
900.481	0.000835449
898.553	0.000348047
896.625	0.000153305
894.697	0.000590718
892.77	6.89574e-05
890.841	-0.000310223
888.914	0.000361046
886.985	0.000874492
885.058	0.00106959
883.129	0.000636939
881.201	0.000608834
879.273	0.000774005
877.345	4.85772e-05
875.417	5.61658e-05
873.489	9.30504e-05
871.562	8.54867e-06
869.633	6.59749e-05
867.706	0.000108064
865.777	0.000156951
863.849	1.27237e-05
861.921	0.000480875
859.993	0.000675001
858.065	0.000489367
856.137	0.00106345
854.209	0.00140217
852.281	0.00122058
850.354	0.000629307
848.425	0.000772876
846.497	0.00111613
844.569	0.00102329
842.641	0.00104551
840.713	0.00119467
838.785	0.000783133
836.857	-0.00021045
834.929	1.3784e-05
833.001	0.00109723
831.073	0.00174696
829.145	0.00194148
827.217	0.00138655
825.289	0.00162578
823.361	0.0022791
821.433	0.0020737
819.505	0.00169835
817.577	0.00129788
815.649	0.000940467
813.721	0.000750903
811.793	0.00123474
809.865	0.00129253
807.937	0.00138389
806.009	0.001124
804.081	0.00116001
802.153	0.00139995
800.225	0.000871139
798.297	0.00145224
796.369	0.00180631
794.441	0.00148279
792.513	0.00263204
790.585	0.00216626
788.657	0.00108617
786.729	0.00115417
784.801	0.000665443
782.873	-0.000162426
780.945	0.000138821
779.017	0.000577911
777.089	0.00105923
775.161	0.000858855
773.232	-3.1675e-05
771.305	-2.72353e-05
769.377	0.000974106
767.449	0.00118706
765.521	0.00108969
763.593	0.000564971
761.665	0.0002381
759.737	0.000148864
757.809	0.000117509
755.881	0.000559729
753.953	0.000201833
752.024	-0.000449396
750.097	-0.000400803
748.169	-0.000325056
746.241	-0.000366374
744.313	-0.000462371
742.385	-0.000622937
740.457	-0.0011635
738.529	-0.000780499
736.601	8.38299e-06
734.672	-0.000456016
732.745	-0.00122522
730.816	-0.00111033
728.889	-0.00139677
726.961	-0.00135644
725.033	-0.000221875
723.105	0.000643442
721.177	0.000442067
719.249	2.22004e-05
717.32	0.000324636
715.393	0.00101459
713.464	0.000540355
711.537	-0.000524195
709.608	-0.00110775
707.681	-0.000555931
705.752	-0.000491828
703.825	-0.00117672
701.897	-0.00086999
699.968	-0.00024201
698.041	-0.000580584
696.112	-0.000292773
694.185	0.000400875
692.256	0.000370862
690.329	-0.000724931
688.4	-0.000102438
686.473	0.000302354
684.544	-0.000359058
682.617	-0.000757115
680.688	-0.00143904
678.76	-0.0015351
676.833	-0.000787511
674.904	-0.00080332
672.977	-0.00125744
671.048	-0.00113637
669.121	-0.00182196
667.192	-0.002111
665.265	-7.81956e-06
663.336	0.000677523
661.408	0.000150554
659.48	-0.000456546
657.552	-0.00040994
655.625	-0.0001612
653.696	-0.000963297
651.769	-0.00148455
649.84	-0.000909405
647.913	-0.00110378
645.984	-0.00166418
644.056	-0.000436686
642.128	0.000140312
640.2	-0.000706836
638.272	-0.000775208
636.344	-0.000476703
634.417	-0.000335915
632.488	-0.000656188
630.561	-0.00088573
628.632	-0.001507
626.704	-0.00172864
624.776	-0.00174062
622.848	-0.00144631
620.92	-0.000702767
618.992	-0.000442114
617.064	-0.000315752
615.136	0.000983238
613.208	0.00083784
611.28	0.000696804
609.353	0.000313594
607.424	0.000119299
605.496	-0.00100674
603.568	-0.00308631
601.64	-0.00234663
599.712	-0.000563675
597.784	-0.000851538
595.856	-0.00224429
593.928	-0.00318368
592	-0.00199175
590.072	-0.00218894
588.144	-0.00185264
586.216	-0.00141005
584.288	-0.00128509
582.36	-0.0013462
580.432	-0.000929409
578.504	-0.00184166
576.576	-0.00215423
574.648	-0.000673755
572.72	2.4785e-05
570.792	-0.000580187
568.864	-0.000913935
566.936	-0.00272921
565.008	-0.00268485
563.08	-0.00247698
561.152	-0.00275699
559.224	-0.00249645
557.296	-0.00327225
555.368	-0.00495852
553.44	-0.00384408
551.512	-0.00237342
549.583	-0.00264695
547.656	-0.00272865
545.728	-0.00265485
543.8	-0.00408284
541.872	-0.00335081
539.944	-0.00106838
538.016	-0.00250176
536.088	-0.00395333
534.16	-0.00447547
532.231	-0.00585444
530.304	-0.00452548
528.375	-0.00204112
526.448	-0.000893335
524.52	-0.0023255
522.592	-0.00452082
520.664	-0.00357049
518.736	-0.000498911
516.808	-0.0033919
514.879	-0.00591792
512.952	-0.00529501
511.023	-0.00529056
509.096	-0.00460286
507.167	-0.00357449
505.24	-0.0023113
503.312	-0.0023953
501.384	-0.00328577
499.456	-0.00586615
497.527	-0.00851112
495.6	-0.00819276
493.671	-0.00640274
491.744	-0.00715094
489.815	-0.00653603
487.888	-0.0044997
485.959	-0.00592126
484.032	-0.00477789
482.104	-0.000588492
480.176	0.00166862
478.248	-0.00494961
476.319	-0.0111542
474.392	-0.0120615
472.463	-0.0116418
470.536	-0.0100932
468.607	-0.00968373
466.68	-0.0100883
464.751	-0.00599662
462.824	-0.00283838
460.895	-0.0055846
458.967	-0.00735626
457.04	-0.012239
455.111	-0.00910108
453.184	-0.00359158
451.255	-0.00785294
449.328	-0.00704356
447.399	-0.0119555
445.472	-0.0176936
443.543	-0.0126449
441.615	-0.00636836
439.687	-0.0093802
437.759	-0.0155983
435.832	-0.0207759
433.903	-0.0205639
431.976	-0.0171628
430.047	-0.0144525
428.12	-0.00358363
426.191	-0.000912447
424.263	-0.0114171
422.335	-0.0165437
420.407	-0.00718682
418.479	0.000813672
416.551	0.00632076
414.624	0.00679463
412.695	-0.00332075
410.768	-0.0070018
408.839	-0.0138104
406.912	-0.0199414
404.983	-0.013165
403.055	-0.0075067
401.127	-0.0112256
