mAHk0076.spa, Mon Oct 30 13:43:08 2006 (GMT-10:00)
7999.41	0.00770471
7997.48	0.004849
7995.55	0.0057724
7993.62	0.00866382
7991.7	0.00837352
7989.77	0.00630883
7987.84	0.00541884
7985.91	0.00851498
7983.98	0.00956665
7982.06	0.00673146
7980.13	0.00497778
7978.2	0.00401787
7976.27	0.00504157
7974.34	0.00803269
7972.42	0.0097538
7970.49	0.00863948
7968.56	0.00761918
7966.63	0.0063286
7964.7	0.00473419
7962.78	0.00562653
7960.85	0.00843102
7958.92	0.00564912
7956.99	0.00337626
7955.06	0.00576861
7953.14	0.00915249
7951.21	0.0106723
7949.28	0.00962359
7947.35	0.0083332
7945.42	0.00830324
7943.5	0.00654786
7941.57	0.00588148
7939.64	0.00294848
7937.71	0.00298891
7935.78	0.00468529
7933.86	0.00244974
7931.93	0.00289554
7930	0.00292726
7928.07	0.00224682
7926.14	0.00400366
7924.22	0.00478973
7922.29	0.00470374
7920.36	0.00715008
7918.43	0.00745577
7916.5	0.00508267
7914.58	0.0039415
7912.65	0.00197473
7910.72	0.00243917
7908.79	0.00584591
7906.86	0.00808765
7904.94	0.00722645
7903.01	0.00628926
7901.08	0.00580316
7899.15	0.00415685
7897.22	0.00448163
7895.3	0.0057218
7893.37	0.00336918
7891.44	0.00456021
7889.51	0.00799449
7887.58	0.0050405
7885.66	0.00337877
7883.73	0.00494041
7881.8	0.00491307
7879.87	0.00594946
7877.94	0.00553414
7876.02	0.00425611
7874.09	0.00553444
7872.16	0.00674909
7870.23	0.00756247
7868.3	0.00669313
7866.38	0.00463438
7864.45	0.00356581
7862.52	0.00250982
7860.59	0.00546498
7858.66	0.0088497
7856.74	0.00676454
7854.81	0.00434827
7852.88	0.00496086
7850.95	0.00398711
7849.02	0.00395554
7847.1	0.00385273
7845.17	0.00430761
7843.24	0.00550561
7841.31	0.00349666
7839.38	0.00414838
7837.46	0.00630856
7835.53	0.00701833
7833.6	0.00757481
7831.67	0.0076209
7829.74	0.00580776
7827.82	0.00396928
7825.89	0.00497845
7823.96	0.00612454
7822.03	0.00606325
7820.1	0.0058305
7818.18	0.00610101
7816.25	0.00576827
7814.32	0.0031049
7812.39	0.00125245
7810.46	0.00399577
7808.54	0.00458204
7806.61	0.00341807
7804.68	0.00550534
7802.75	0.00632776
7800.82	0.00427187
7798.9	0.0028917
7796.97	0.00360145
7795.04	0.00692617
7793.11	0.00661174
7791.18	0.00227513
7789.26	0.00402439
7787.33	0.00681566
7785.4	0.0046314
7783.47	0.00490117
7781.54	0.00494346
7779.62	0.00756186
7777.69	0.00943244
7775.76	0.00793492
7773.83	0.00841075
7771.9	0.00942347
7769.98	0.00760442
7768.05	0.00777675
7766.12	0.00910698
7764.19	0.00843572
7762.26	0.00769486
7760.34	0.00781882
7758.41	0.0072374
7756.48	0.00542941
7754.55	0.00494182
7752.62	0.00574433
7750.7	0.00492708
7748.77	0.00646411
7746.84	0.00760253
7744.91	0.00775864
7742.98	0.00706642
7741.06	0.00622002
7739.13	0.00611483
7737.2	0.00373588
7735.27	0.00292996
7733.34	0.00385818
7731.42	0.00172846
7729.49	0.00257281
7727.56	0.00490543
7725.63	0.00537754
7723.7	0.0043628
7721.78	0.0016788
7719.85	0.000211878
7717.92	0.00322131
7715.99	0.00469155
7714.06	0.00365695
7712.14	0.0024524
7710.21	0.00176352
7708.28	0.00254575
7706.35	0.00369227
7704.42	0.00324688
7702.5	0.00433134
7700.57	0.00481821
7698.64	0.00514523
7696.71	0.00424162
7694.78	0.00257794
7692.86	0.00433716
7690.93	0.00487587
7689	0.00176725
7687.07	0.00168754
7685.14	0.00223107
7683.22	0.00212088
7681.29	0.00341737
7679.36	0.00399764
7677.43	0.00345968
7675.5	0.00236987
7673.58	0.00247633
7671.65	0.00499638
7669.72	0.00510865
7667.79	0.00435142
7665.86	0.00284554
7663.94	0.00176845
7662.01	0.000319928
7660.08	0.00152824
7658.15	0.00473576
7656.22	0.00486358
7654.29	0.00369237
7652.37	0.00262601
7650.44	0.00329219
7648.51	0.00458462
7646.58	0.00419974
7644.66	0.00190494
7642.73	0.000462566
7640.8	0.000162884
7638.87	0.00131765
7636.94	0.00324264
7635.02	0.00505082
7633.09	0.00430724
7631.16	0.00239799
7629.23	0.00178229
7627.3	0.00288153
7625.38	0.0045651
7623.45	0.00445294
7621.52	0.00352004
7619.59	0.00473037
7617.66	0.00578439
7615.73	0.00335462
7613.81	0.00303622
7611.88	0.00363202
7609.95	0.00250659
7608.02	0.00176299
7606.09	0.00337469
7604.17	0.00376172
7602.24	0.00235292
7600.31	0.0030133
7598.38	0.0042274
7596.46	0.00463374
7594.53	0.00445511
7592.6	0.00280662
7590.67	0.00220003
7588.74	0.00277007
7586.81	0.00259171
7584.89	0.00204817
7582.96	0.000713398
7581.03	0.0017411
7579.1	0.0024513
7577.17	0.00325319
7575.25	0.0030477
7573.32	0.00290114
7571.39	0.00206781
7569.46	0.00204071
7567.53	0.00200313
7565.61	0.0022401
7563.68	0.00159256
7561.75	0.000273707
7559.82	0.000624363
7557.89	0.00156968
7555.97	0.00150507
7554.04	0.00212427
7552.11	0.00457417
7550.18	0.00472752
7548.25	0.00225861
7546.33	0.00249259
7544.4	0.00300252
7542.47	0.00489501
7540.54	0.00604628
7538.61	0.0039948
7536.69	0.00275797
7534.76	0.00315666
7532.83	0.00156588
7530.9	0.00117875
7528.97	0.00113892
7527.05	0.00107992
7525.12	0.00186401
7523.19	0.00157796
7521.26	0.000514877
7519.33	0.00121583
7517.41	0.00271762
7515.48	0.00520545
7513.55	0.00459429
7511.62	0.00360907
7509.69	0.00300242
7507.77	0.000253118
7505.84	-0.000256978
7503.91	0.000388471
7501.98	0.000800826
7500.05	-7.25244e-05
7498.13	-0.00149399
7496.2	0.000620016
7494.27	0.00273783
7492.34	0.00317175
7490.41	0.00314077
7488.49	0.00360055
7486.56	0.00228936
7484.63	-0.000492126
7482.7	-0.000450919
7480.77	0.000546094
7478.85	0.00264068
7476.92	0.00383629
7474.99	0.00251005
7473.06	0.000844147
7471.13	-0.000964256
7469.21	0.000687545
7467.28	0.00201444
7465.35	0.00267455
7463.42	0.00326411
7461.49	0.00297807
7459.57	0.00309652
7457.64	0.00324882
7455.71	0.00122337
7453.78	0.000102927
7451.85	0.000584812
7449.93	0.00114589
7448	0.00128774
7446.07	0.0034997
7444.14	0.00482803
7442.21	0.0037813
7440.29	0.00358889
7438.36	0.00239253
7436.43	0.00191446
7434.5	0.000918651
7432.57	0.000949267
7430.65	0.0029699
7428.72	0.00240169
7426.79	0.00198362
7424.86	0.00282396
7422.93	0.00265511
7421.01	0.00249892
7419.08	0.0022296
7417.15	0.00214708
7415.22	0.00195363
7413.29	0.00270505
7411.37	0.00475258
7409.44	0.0045806
7407.51	0.00325713
7405.58	0.00268542
7403.65	0.00265825
7401.73	0.00320025
7399.8	0.00163343
7397.87	0.00131419
7395.94	0.00233872
7394.01	0.00366002
7392.09	0.00347605
7390.16	0.00214225
7388.23	0.00202763
7386.3	0.00210796
7384.37	0.00175803
7382.45	0.00100522
7380.52	0.000913139
7378.59	0.00129801
7376.66	0.000789573
7374.73	0.00118922
7372.81	0.0019511
7370.88	0.00344723
7368.95	0.00390602
7367.02	0.00189679
7365.09	-0.000723938
7363.17	7.17743e-05
7361.24	0.00281646
7359.31	0.00417311
7357.38	0.0042004
7355.45	0.00239792
7353.53	2.8927e-05
7351.6	0.000893218
7349.67	0.0030786
7347.74	0.00303469
7345.81	0.00198988
7343.89	0.00108524
7341.96	0.000611687
7340.03	0.000122978
7338.1	-0.000114032
7336.17	0.000474009
7334.25	0.00206328
7332.32	0.0027444
7330.39	0.00252665
7328.46	0.00280729
7326.53	0.00143881
7324.61	0.00151717
7322.68	0.0023766
7320.75	0.00108959
7318.82	0.000877181
7316.89	0.00215584
7314.97	0.00212541
7313.04	0.00172839
7311.11	0.000378556
7309.18	0.000724351
7307.25	0.00212551
7305.33	0.00326201
7303.4	0.00416347
7301.47	0.00301781
7299.54	0.00288103
7297.61	0.00171203
7295.69	0.000631795
7293.76	-0.00113805
7291.83	0.00174017
7289.9	0.00341583
7287.97	0.000298077
7286.05	-0.00064699
7284.12	0.000913803
7282.19	0.00131559
7280.26	0.000738755
7278.33	0.00188544
7276.41	0.00212694
7274.48	0.001174
7272.55	0.000734274
7270.62	0.00107457
7268.69	0.00104053
7266.77	0.00145377
7264.84	0.00213446
7262.91	0.00303639
7260.98	0.00309685
7259.05	0.00174752
7257.13	0.000567825
7255.2	0.000339458
7253.27	0.00074536
7251.34	0.00117752
7249.41	0.00270005
7247.49	0.00288743
7245.56	0.00130147
7243.63	0.000881962
7241.7	0.000779847
7239.77	0.000527085
7237.85	-0.000188724
7235.92	0.000467906
7233.99	-0.000188889
7232.06	-0.00108845
7230.13	-0.00173553
7228.21	-0.000508376
7226.28	0.00267818
7224.35	0.00352542
7222.42	0.00275584
7220.49	0.00181676
7218.57	0.00110527
7216.64	0.00214392
7214.71	0.00286999
7212.78	0.00215681
7210.85	0.000452084
7208.93	-0.000700981
7207	-2.38227e-05
7205.07	0.00122158
7203.14	0.00132832
7201.21	0.00166729
7199.29	0.00126212
7197.36	-0.000267641
7195.43	0.000611654
7193.5	0.00186045
7191.57	0.00142109
7189.65	0.000191888
7187.72	0.000738921
7185.79	0.00138851
7183.86	0.00308364
7181.93	0.00320539
7180	0.00155305
7178.08	0.000878708
7176.15	0.000668563
7174.22	0.00198552
7172.29	0.00348053
7170.37	0.00167959
7168.44	0.000565701
7166.51	0.00100632
7164.58	0.000872533
7162.65	0.000351562
7160.73	-0.000182596
7158.8	0.0001898
7156.87	0.00127794
7154.94	0.00344192
7153.01	0.00368482
7151.08	0.00148083
7149.16	0.000700389
7147.23	0.00120739
7145.3	0.000303448
7143.37	0.000166365
7141.44	0.000942692
7139.52	0.000909354
7137.59	-0.000486996
7135.66	-0.000553251
7133.73	3.28371e-05
7131.8	0.000495239
7129.88	0.00126717
7127.95	0.000978921
7126.02	0.000738423
7124.09	0.000864598
7122.17	-0.000283833
7120.24	-0.000388786
7118.31	0.000743302
7116.38	0.000175381
7114.45	-0.00140361
7112.52	-2.78325e-06
7110.6	0.000461371
7108.67	0.000639892
7106.74	0.000828578
7104.81	-0.000763995
7102.88	-0.00157072
7100.96	-0.000519165
7099.03	0.000462532
7097.1	-1.33197e-05
7095.17	-0.00223051
7093.24	-0.00147345
7091.32	0.000207668
7089.39	0.000144952
7087.46	3.01199e-05
7085.53	0.000411156
7083.6	0.00119629
7081.68	0.00155115
7079.75	0.000775698
7077.82	0.00148874
7075.89	0.00108929
7073.96	0.000126856
7072.04	-0.000370281
7070.11	-0.000314957
7068.18	0.00149486
7066.25	0.00160616
7064.32	-5.98028e-05
7062.4	0.000424024
7060.47	0.00189875
7058.54	0.00279015
7056.61	0.00286028
7054.68	0.00305341
7052.76	0.00170627
7050.83	0.00114041
7048.9	0.00168774
7046.97	0.0022819
7045.04	0.00120301
7043.12	-1.12986e-05
7041.19	0.000241283
7039.26	0.000709747
7037.33	0.00143701
7035.4	0.0016035
7033.48	0.00151444
7031.55	0.00152761
7029.62	0.00019033
7027.69	-0.000871743
7025.76	-0.000200812
7023.84	0.00019759
7021.91	0.00042094
7019.98	0.00139356
7018.05	0.00183213
7016.12	0.0017767
7014.2	0.00134367
7012.27	0.000402898
7010.34	0.0003189
7008.41	0.00140809
7006.48	0.00153526
7004.56	0.000895774
7002.63	0.000806303
7000.7	0.000564374
6998.77	0.00076106
6996.84	0.0013012
6994.92	-5.86469e-06
6992.99	-0.000654269
6991.06	-0.000405537
6989.13	0.000377627
6987.2	0.000664083
6985.28	0.000227061
6983.35	0.000117807
6981.42	0.000558999
6979.49	0.00135155
6977.56	0.000874392
6975.64	-0.000477497
6973.71	-0.000806991
6971.78	0.00059878
6969.85	0.00148326
6967.92	0.00174509
6966	0.00197643
6964.07	0.00176742
6962.14	0.00184411
6960.21	0.00115583
6958.28	0.00103953
6956.36	0.00152738
6954.43	0.00230505
6952.5	0.00178887
6950.57	0.001532
6948.64	0.00183752
6946.72	0.00185898
6944.79	0.00116194
6942.86	0.000402832
6940.93	-0.000584786
6939	-0.000164248
6937.08	0.000234984
6935.15	5.06649e-05
6933.22	0.000298044
6931.29	0.000234818
6929.36	0.00175005
6927.44	0.00258284
6925.51	0.00212894
6923.58	0.00170018
6921.65	0.000900356
6919.72	-0.00129702
6917.8	-0.0012762
6915.87	7.47237e-05
6913.94	-0.00011761
6912.01	-6.98409e-05
6910.08	0.00147275
6908.16	0.001368
6906.23	0.00107404
6904.3	0.00166705
6902.37	0.00203964
6900.44	0.00171445
6898.52	0.000838039
6896.59	0.000365854
6894.66	0.000645732
6892.73	0.00146042
6890.8	0.001322
6888.88	0.000691096
6886.95	0.000334982
6885.02	0.000762221
6883.09	0.000782369
6881.16	0.000573067
6879.24	0.0011549
6877.31	0.00155268
6875.38	0.0017102
6873.45	0.00145586
6871.52	0.00139556
6869.6	0.00104332
6867.67	0.000929742
6865.74	0.000514678
6863.81	-0.000174184
6861.88	0.000237702
6859.96	-0.000315586
6858.03	-0.000552887
6856.1	0.000724251
6854.17	0.000712668
6852.24	-0.00011062
6850.32	0.000405518
6848.39	0.0011638
6846.46	0.00117742
6844.53	0.000510995
6842.6	0.00120766
6840.68	0.0014065
6838.75	0.00128186
6836.82	0.00103857
6834.89	7.22714e-05
6832.96	6.17e-05
6831.04	-0.000351244
6829.11	-0.000686425
6827.18	-0.000332307
6825.25	-0.000544051
6823.32	-0.000128574
6821.4	0.000103059
6819.47	-0.000128574
6817.54	-0.000499209
6815.61	-0.000391733
6813.68	0.000713664
6811.76	0.000528578
6809.83	0.000576384
6807.9	0.00124504
6805.97	0.000901784
6804.04	0.000747152
6802.12	0.00111254
6800.19	0.00171539
6798.26	0.00153878
6796.33	0.00109773
6794.4	0.00139154
6792.48	0.00129349
6790.55	0.00184777
6788.62	0.00201624
6786.69	0.00123371
6784.76	0.00117958
6782.84	0.000793954
6780.91	0.000141837
6778.98	0.00102824
6777.05	0.00172214
6775.12	0.00184031
6773.2	0.00133124
6771.27	0.001812
6769.34	0.00250392
6767.41	0.0019992
6765.48	0.00175537
6763.56	0.0020732
6761.63	0.00257058
6759.7	0.00189406
6757.77	0.00190973
6755.84	0.00250465
6753.92	0.00160114
6751.99	0.000542544
6750.06	0.000313594
6748.13	0.00111726
6746.2	0.00208589
6744.28	0.00220136
6742.35	0.00189053
6740.42	0.00126205
6738.49	8.38372e-05
6736.56	0.000779316
6734.64	0.00213849
6732.71	0.00131689
6730.78	0.000632658
6728.85	0.0011041
6726.92	0.00100904
6725	0.000745891
6723.07	0.00113114
6721.14	0.00136947
6719.21	0.00072382
6717.28	0.000841591
6715.35	0.000580167
6713.43	0.000386681
6711.5	0.00157536
6709.57	0.00243974
6707.64	0.00225458
6705.71	0.0018902
6703.79	0.00150454
6701.86	0.000406082
6699.93	0.000107069
6698	0.000827051
6696.08	0.00125062
6694.15	0.00163546
6692.22	0.00202976
6690.29	0.00176762
6688.36	0.00107577
6686.44	0.000460874
6684.51	0.000436926
6682.58	0.000683032
6680.65	0.000278117
6678.72	0.000560227
6676.79	0.00127571
6674.87	0.00132935
6672.94	0.00105099
6671.01	0.000389566
6669.08	0.000218939
6667.15	0.000467508
6665.23	0.000788411
6663.3	0.00193369
6661.37	0.00284611
6659.44	0.00177633
6657.51	0.000601601
6655.59	0.000123442
6653.66	-2.53799e-05
6651.73	0.000160067
6649.8	0.000557905
6647.88	0.000989282
6645.95	0.00120676
6644.02	0.001031
6642.09	0.000952322
6640.16	0.00074068
6638.23	0.000240388
6636.31	0.000410161
6634.38	0.000894911
6632.45	0.00127548
6630.52	0.00115284
6628.59	0.00098191
6626.67	0.000344333
6624.74	0.000288727
6622.81	0.000945415
6620.88	0.00102449
6618.95	0.000869379
6617.03	0.00069093
6615.1	0.000688673
6613.17	2.83968e-05
6611.24	-0.000650034
6609.31	-0.000438506
6607.39	-5.09572e-05
6605.46	0.000610493
6603.53	0.00109344
6601.6	0.00105155
6599.67	0.000628046
6597.75	0.000224077
6595.82	0.000416065
6593.89	0.00025766
6591.96	-0.000517146
6590.03	-0.000630811
6588.11	0.000549843
6586.18	0.000803581
6584.25	0.000160067
6582.32	0.000281996
6580.39	0.000581295
6578.47	0.000641982
6576.54	0.00105866
6574.61	0.00189665
6572.68	0.000810253
6570.75	0.000118271
6568.83	0.000940334
6566.9	0.00112437
6564.97	0.00068041
6563.04	0.00088515
6561.11	0.00077437
6559.19	0.00104066
6557.26	0.0016458
6555.33	0.000750903
6553.4	0.000297845
6551.47	0.000443096
6549.55	1.21604e-05
6547.62	0.000360383
6545.69	-4.85718e-05
6543.76	9.55691e-05
6541.83	9.75244e-05
6539.91	-0.000426325
6537.98	-0.000978009
6536.05	-0.00074921
6534.12	-9.97883e-05
6532.19	0.000126027
6530.27	9.97781e-05
6528.34	-2.85606e-05
6526.41	-3.80362e-05
6524.48	0.000285378
6522.55	-0.000112277
6520.63	-0.000182861
6518.7	0.000272016
6516.77	0.000922868
6514.84	0.000343537
6512.91	-5.65893e-05
6510.99	-0.000472201
6509.06	-0.000912182
6507.13	-0.000580849
6505.2	2.53814e-05
6503.27	0.000459381
6501.35	-0.000293237
6499.42	-0.000820022
6497.49	-0.00066201
6495.56	0.000220961
6493.63	0.000821473
6491.71	0.00055389
6489.78	4.42362e-05
6487.85	0.000399946
6485.92	0.000597884
6483.99	3.22406e-05
6482.07	-0.000296382
6480.14	-0.000130462
6478.21	0.000278946
6476.28	-0.000121452
6474.35	-0.000320089
6472.43	0.000131197
6470.5	0.000811415
6468.57	0.00161171
6466.64	0.000559165
6464.71	-0.000180344
6462.79	-0.000679743
6460.86	-0.000656221
6458.93	-0.000678056
6457	-0.000438275
6455.07	-0.000613672
6453.15	-0.000156629
6451.22	3.01199e-05
6449.29	-0.000198361
6447.36	-0.00031956
6445.43	-7.07023e-05
6443.51	-0.000119067
6441.58	-0.000522441
6439.65	-0.00118607
6437.72	-0.00119449
6435.79	-0.000233333
6433.87	-9.92251e-05
6431.94	-0.00110851
6430.01	-0.000630083
6428.08	-0.000307872
6426.15	-0.000801567
6424.23	-0.00107645
6422.3	-0.00106148
6420.37	-0.000771139
6418.44	-0.000199587
6416.51	-0.000456347
6414.59	-0.00118293
6412.66	-0.00087948
6410.73	0.000171768
6408.8	8.35058e-05
6406.87	-0.000239063
6404.95	-0.00033469
6403.02	-0.000647916
6401.09	-0.000548188
6399.16	-0.000459227
6397.23	-0.000446881
6395.31	-0.000653971
6393.38	-0.000626179
6391.45	-0.000794655
6389.52	-0.0011563
6387.59	-0.000929309
6385.67	-0.00091086
6383.74	-0.000658967
6381.81	-0.000347967
6379.88	-0.000304792
6377.95	-0.000363792
6376.03	-0.000687352
6374.1	-0.000531311
6372.17	-0.000603746
6370.24	-0.00081774
6368.31	-0.00130299
6366.39	-0.00153371
6364.46	-0.00183892
6362.53	-0.00187346
6360.6	-0.00218245
6358.67	-0.00217833
6356.75	-0.00162886
6354.82	-0.00153266
6352.89	-0.00180836
6350.96	-0.00129913
6349.03	-0.000849157
6347.11	-0.000287276
6345.18	-0.000241149
6343.25	-0.000853489
6341.32	-0.0011208
6339.39	-0.000561524
6337.47	-0.000231512
6335.54	-0.000450952
6333.61	-0.000523368
6331.68	-0.00053922
6329.75	-0.00103331
6327.83	-0.000836954
6325.9	-0.000841352
6323.97	-0.00116185
6322.04	-0.000988687
6320.11	-0.000702503
6318.19	-0.00104551
6316.26	-0.00100879
6314.33	-0.000753444
6312.4	-0.00100426
6310.47	-0.00129474
6308.55	-0.0016417
6306.62	-0.000948783
6304.69	-0.00105338
6302.76	-0.00167943
6300.83	-0.00186238
6298.91	-0.00195052
6296.98	-0.00187871
6295.05	-0.00126249
6293.12	-0.000971298
6291.19	-0.000767567
6289.27	-0.000843436
6287.34	-0.000678717
6285.41	-0.000990241
6283.48	-0.00125773
6281.55	-0.00140823
6279.62	-0.000883514
6277.7	-0.000539815
6275.77	-0.00113439
6273.84	-0.00143756
6271.91	-0.00153187
6269.99	-0.00151113
6268.06	-0.00138921
6266.13	-0.00129213
6264.2	-0.00142144
6262.27	-0.00174154
6260.34	-0.00189217
6258.42	-0.00124478
6256.49	-0.00105963
6254.56	-0.00149561
6252.63	-0.0014471
6250.71	-0.00146893
6248.78	-0.00148759
6246.85	-0.00195903
6244.92	-0.00187775
6242.99	-0.00149878
6241.06	-0.00182159
6239.14	-0.00201494
6237.21	-0.00161321
6235.28	-0.00157247
6233.35	-0.00143703
6231.42	-0.00156406
6229.5	-0.0020928
6227.57	-0.00219023
6225.64	-0.00162529
6223.71	-0.00138993
6221.79	-0.00156019
6219.86	-0.00184631
6217.93	-0.00207591
6216	-0.00195016
6214.07	-0.0019084
6212.15	-0.00179154
6210.22	-0.00160337
6208.29	-0.00200933
6206.36	-0.00213949
6204.43	-0.00223061
6202.5	-0.00209946
6200.58	-0.00202793
6198.65	-0.00239695
6196.72	-0.00242552
6194.79	-0.00159063
6192.86	-0.00146361
6190.94	-0.00164348
6189.01	-0.00168619
6187.08	-0.00173379
6185.15	-0.00215271
6183.22	-0.00199136
6181.3	-0.00147088
6179.37	-0.00184733
6177.44	-0.00229396
6175.51	-0.00204023
6173.58	-0.00191288
6171.66	-0.00173725
6169.73	-0.0015494
6167.8	-0.00128103
6165.87	-0.00160826
6163.94	-0.00179912
6162.02	-0.0013431
6160.09	-0.000678916
6158.16	-0.000930334
6156.23	-0.00135198
6154.3	-0.00106498
6152.38	-0.00139938
6150.45	-0.00166665
6148.52	-0.00132493
6146.59	-0.00151866
6144.66	-0.00216504
6142.74	-0.00241603
6140.81	-0.00241201
6138.88	-0.00163394
6136.95	-0.00133976
6135.02	-0.00159984
6133.1	-0.00195181
6131.17	-0.00204224
6129.24	-0.00234215
6127.31	-0.00253809
6125.38	-0.00207888
6123.46	-0.00146526
6121.53	-0.00154223
6119.6	-0.00148392
6117.67	-0.00148442
6115.74	-0.00167035
6113.82	-0.00192047
6111.89	-0.00167778
6109.96	-0.00137956
6108.03	-0.00142085
6106.1	-0.00140859
6104.18	-0.00157736
6102.25	-0.00174312
6100.32	-0.00156898
6098.39	-0.00167042
6096.46	-0.0018981
6094.54	-0.00220589
6092.61	-0.00256747
6090.68	-0.00230306
6088.75	-0.00202922
6086.82	-0.00206249
6084.9	-0.00167471
6082.97	-0.0021386
6081.04	-0.00263707
6079.11	-0.00216692
6077.18	-0.00191417
6075.26	-0.00230589
6073.33	-0.00243422
6071.4	-0.00243267
6069.47	-0.00216837
6067.54	-0.00204412
6065.62	-0.00163751
6063.69	-0.00155415
6061.76	-0.00193551
6059.83	-0.00185726
6057.9	-0.00167897
6055.98	-0.00178797
6054.05	-0.00176302
6052.12	-0.0014794
6050.19	-0.00184571
6048.26	-0.00197536
6046.34	-0.00179335
6044.41	-0.00235579
6042.48	-0.00272427
6040.55	-0.00226806
6038.62	-0.0019937
6036.7	-0.00209708
6034.77	-0.00205323
6032.84	-0.0022819
6030.91	-0.00274501
6028.98	-0.00267833
6027.06	-0.00238937
6025.13	-0.00189012
6023.2	-0.00140598
6021.27	-0.00138144
6019.34	-0.00191717
6017.42	-0.00252169
6015.49	-0.00277082
6013.56	-0.00244034
6011.63	-0.00204775
6009.7	-0.00169114
6007.78	-0.00187465
6005.85	-0.00208686
6003.92	-0.00189075
6001.99	-0.00205507
6000.06	-0.00205514
5998.14	-0.00204386
5996.21	-0.00199
5994.28	-0.00156369
5992.35	-0.00142517
5990.42	-0.0019177
5988.5	-0.00202054
5986.57	-0.00184433
5984.64	-0.0016621
5982.71	-0.00186412
5980.78	-0.00189141
5978.86	-0.00228559
5976.93	-0.00220124
5975	-0.0016652
5973.07	-0.00176524
5971.14	-0.00227346
5969.22	-0.00266213
5967.29	-0.00267026
5965.36	-0.00256945
5963.43	-0.00236877
5961.5	-0.00272828
5959.58	-0.00277705
5957.65	-0.00228731
5955.72	-0.00186633
5953.79	-0.0019177
5951.86	-0.00198357
5949.94	-0.00193327
5948.01	-0.0023523
5946.08	-0.00274774
5944.15	-0.00272894
5942.22	-0.00272374
5940.3	-0.00246604
5938.37	-0.00227139
5936.44	-0.0025818
5934.51	-0.00244367
5932.58	-0.00195422
5930.66	-0.00206071
5928.73	-0.00217048
5926.8	-0.00233388
5924.87	-0.00241903
5922.94	-0.00210167
5921.02	-0.0022668
5919.09	-0.00235151
5917.16	-0.00221096
5915.23	-0.00231259
5913.3	-0.00253618
5911.38	-0.00258111
5909.45	-0.00263763
5907.52	-0.00260285
5905.59	-0.00297079
5903.66	-0.00276928
5901.74	-0.00222603
5899.81	-0.00248584
5897.88	-0.00256764
5895.95	-0.00221406
5894.02	-0.00229518
5892.1	-0.00244018
5890.17	-0.00241023
5888.24	-0.00228315
5886.31	-0.00272364
5884.38	-0.00264333
5882.46	-0.00212577
5880.53	-0.00190883
5878.6	-0.00196728
5876.67	-0.00208254
5874.74	-0.00252014
5872.82	-0.00261849
5870.89	-0.00262383
5868.96	-0.00278281
5867.03	-0.00294854
5865.1	-0.00279532
5863.18	-0.00282988
5861.25	-0.00274037
5859.32	-0.00236255
5857.39	-0.00247415
5855.46	-0.00281095
5853.54	-0.00253717
5851.61	-0.00233437
5849.68	-0.00233638
5847.75	-0.00256481
5845.82	-0.00258128
5843.9	-0.00224729
5841.97	-0.00203199
5840.04	-0.00231743
5838.11	-0.00260334
5836.18	-0.0023057
5834.25	-0.00193037
5832.33	-0.00211295
5830.4	-0.00271521
5828.47	-0.00279927
5826.54	-0.00266187
5824.62	-0.00270777
5822.69	-0.00284644
5820.76	-0.00315822
5818.83	-0.00284898
5816.9	-0.00261895
5814.98	-0.00287926
5813.05	-0.00307348
5811.12	-0.00312599
5809.19	-0.00312589
5807.26	-0.00294545
5805.33	-0.0025179
5803.41	-0.00250334
5801.48	-0.0028126
5799.55	-0.0027621
5797.62	-0.00273283
5795.7	-0.00249253
5793.77	-0.00239873
5791.84	-0.00296193
5789.91	-0.00284779
5787.98	-0.00238087
5786.06	-0.00263848
5784.13	-0.00277593
5782.2	-0.0025792
5780.27	-0.0022135
5778.34	-0.0020559
5776.42	-0.00269717
5774.49	-0.00285365
5772.56	-0.00258309
5770.63	-0.00261256
5768.7	-0.00213372
5766.77	-0.00205626
5764.85	-0.00228941
5762.92	-0.00245234
5760.99	-0.00257268
5759.06	-0.00258062
5757.13	-0.0025261
5755.21	-0.00260944
5753.28	-0.00297839
5751.35	-0.00301705
5749.42	-0.0023461
5747.49	-0.00198918
5745.57	-0.00218393
5743.64	-0.00278959
5741.71	-0.0029958
5739.78	-0.0029568
5737.85	-0.00286695
5735.93	-0.00275719
5734	-0.00269108
5732.07	-0.00243751
5730.14	-0.00270323
5728.21	-0.00287406
5726.29	-0.00262594
5724.36	-0.00268436
5722.43	-0.00259676
5720.5	-0.00238423
5718.57	-0.0022787
5716.65	-0.00210793
5714.72	-0.00223272
5712.79	-0.00244018
5710.86	-0.00218749
5708.93	-0.00203031
5707.01	-0.00216613
5705.08	-0.00234149
5703.15	-0.00247906
5701.22	-0.00264632
5699.29	-0.00278653
5697.37	-0.00256784
5695.44	-0.00248532
5693.51	-0.00259435
5691.58	-0.00234445
5689.65	-0.0023985
5687.73	-0.00238881
5685.8	-0.00216764
5683.87	-0.00256122
5681.94	-0.002783
5680.01	-0.00239636
5678.09	-0.00248426
5676.16	-0.00270214
5674.23	-0.00247257
5672.3	-0.00255492
5670.37	-0.00275755
5668.45	-0.00276444
5666.52	-0.00260377
5664.59	-0.00256929
5662.66	-0.00266964
5660.73	-0.0024952
5658.81	-0.00233094
5656.88	-0.00243478
5654.95	-0.00229845
5653.02	-0.00202892
5651.09	-0.00230497
5649.17	-0.00224782
5647.24	-0.00224086
5645.31	-0.00255272
5643.38	-0.00296391
5641.45	-0.0030182
5639.53	-0.00293959
5637.6	-0.00263865
5635.67	-0.00235724
5633.74	-0.00217889
5631.81	-0.0024271
5629.89	-0.00280447
5627.96	-0.00276842
5626.03	-0.0026399
5624.1	-0.00271594
5622.17	-0.00282942
5620.25	-0.00290029
5618.32	-0.00252136
5616.39	-0.00234057
5614.46	-0.00248723
5612.53	-0.00260967
5610.61	-0.00279937
5608.68	-0.0028043
5606.75	-0.00265805
5604.82	-0.00269707
5602.89	-0.00267405
5600.97	-0.00245198
5599.04	-0.00218574
5597.11	-0.0023488
5595.18	-0.0026176
5593.25	-0.00268795
5591.33	-0.00250864
5589.4	-0.00249994
5587.47	-0.0027515
5585.54	-0.0028285
5583.61	-0.00264194
5581.69	-0.00242278
5579.76	-0.00219161
5577.83	-0.00219263
5575.9	-0.0025538
5573.97	-0.00268861
5572.05	-0.00230497
5570.12	-0.00243817
5568.19	-0.00275535
5566.26	-0.00250406
5564.33	-0.00228526
5562.41	-0.00232603
5560.48	-0.00254623
5558.55	-0.00244871
5556.62	-0.00211357
5554.69	-0.00212778
5552.77	-0.00235164
5550.84	-0.00224426
5548.91	-0.00232985
5546.98	-0.00245408
5545.05	-0.00238067
5543.13	-0.0025571
5541.2	-0.0026812
5539.27	-0.00270823
5537.34	-0.00254596
5535.41	-0.00256955
5533.49	-0.00264533
5531.56	-0.00267441
5529.63	-0.00266825
5527.7	-0.00248064
5525.77	-0.00251329
5523.85	-0.00266196
5521.92	-0.00289674
5519.99	-0.00296986
5518.06	-0.00257736
5516.13	-0.00233243
5514.21	-0.00272901
5512.28	-0.00309134
5510.35	-0.00276101
5508.42	-0.00233305
5506.49	-0.00245306
5504.57	-0.0024698
5502.64	-0.00220483
5500.71	-0.00204399
5498.78	-0.0022816
5496.85	-0.00254689
5494.93	-0.00281546
5493	-0.0025818
5491.07	-0.002554
5489.14	-0.00291885
5487.21	-0.002944
5485.29	-0.00282834
5483.36	-0.00311875
5481.43	-0.00311691
5479.5	-0.00272654
5477.57	-0.00245135
5475.65	-0.00245543
5473.72	-0.00265739
5471.79	-0.00249616
5469.86	-0.00225718
5467.93	-0.00244858
5466.01	-0.00238334
5464.08	-0.00236851
5462.15	-0.00229139
5460.22	-0.00224867
5458.29	-0.00246993
5456.37	-0.00246314
5454.44	-0.00246542
5452.51	-0.0026317
5450.58	-0.0026672
5448.65	-0.00277053
5446.73	-0.00254092
5444.8	-0.00230965
5442.87	-0.00243942
5440.94	-0.00275627
5439.01	-0.0027108
5437.09	-0.00255851
5435.16	-0.00239652
5433.23	-0.00230029
5431.3	-0.00244548
5429.37	-0.00257772
5427.45	-0.00257742
5425.52	-0.00264086
5423.59	-0.00260644
5421.66	-0.00268083
5419.73	-0.00264349
5417.81	-0.00234864
5415.88	-0.00231898
5413.95	-0.0024984
5412.02	-0.00225807
5410.09	-0.00225645
5408.17	-0.00251734
5406.24	-0.00279667
5404.31	-0.00270375
5402.38	-0.00239356
5400.45	-0.00254086
5398.53	-0.00274728
5396.6	-0.00267919
5394.67	-0.00241501
5392.74	-0.00231806
5390.81	-0.00265403
5388.88	-0.00289015
5386.96	-0.0030108
5385.03	-0.00270988
5383.1	-0.00232649
5381.17	-0.00259913
5379.25	-0.00279357
5377.32	-0.00278172
5375.39	-0.00277444
5373.46	-0.00256309
5371.53	-0.00251885
5369.6	-0.00275502
5367.68	-0.00285493
5365.75	-0.00275775
5363.82	-0.00252353
5361.89	-0.00246038
5359.96	-0.00211789
5358.04	-0.00205854
5356.11	-0.00263825
5354.18	-0.00283143
5352.25	-0.00252956
5350.33	-0.00239685
5348.4	-0.00211479
5346.47	-0.002132
5344.54	-0.00228912
5342.61	-0.0023577
5340.69	-0.00210727
5338.76	-0.0020621
5336.83	-0.00228905
5334.9	-0.00241125
5332.97	-0.00231641
5331.04	-0.00221334
5329.12	-0.00227748
5327.19	-0.00242927
5325.26	-0.00244002
5323.33	-0.00235754
5321.4	-0.00200643
5319.48	-0.0019395
5317.55	-0.00216405
5315.62	-0.00216389
5313.69	-0.00196381
5311.76	-0.00210018
5309.84	-0.00213362
5307.91	-0.00207786
5305.98	-0.00235131
5304.05	-0.00234024
5302.12	-0.00234534
5300.2	-0.00230444
5298.27	-0.0021382
5296.34	-0.00202849
5294.41	-0.00188243
5292.48	-0.00184621
5290.56	-0.00198476
5288.63	-0.0022403
5286.7	-0.00228071
5284.77	-0.001956
5282.84	-0.0016582
5280.92	-0.00149409
5278.99	-0.00137887
5277.06	-0.00135763
5275.13	-0.00146507
5273.21	-0.00171884
5271.28	-0.00173725
5269.35	-0.00181711
5267.42	-0.00197453
5265.49	-0.00200814
5263.56	-0.00183737
5261.64	-0.0013173
5259.71	-0.00105149
5257.78	-0.00107661
5255.85	-0.0012881
5253.92	-0.0011788
5252	-0.000946667
5250.07	-0.000878058
5248.14	-0.000764723
5246.21	-0.000968984
5244.28	-0.00121746
5242.36	-0.00134158
5240.43	-0.00101593
5238.5	-0.000671737
5236.57	-0.00032691
5234.64	-0.000426193
5232.72	-0.000758174
5230.79	-0.000703627
5228.86	-0.000413614
5226.93	-0.000395109
5225	-0.000561524
5223.08	-0.00058707
5221.15	-0.000401366
5219.22	-0.000297574
5217.29	-0.000121817
5215.36	-0.00011708
5213.44	-1.38829e-05
5211.51	0.000143726
5209.58	0.000252455
5207.65	0.000336474
5205.72	0.000401803
5203.8	0.000482534
5201.87	0.000644703
5199.94	0.000798037
5198.01	0.000816029
5196.08	0.0011549
5194.16	0.00122999
5192.23	0.00129827
5190.3	0.00156419
5188.37	0.00164713
5186.44	0.00157796
5184.52	0.0016466
5182.59	0.0017094
5180.66	0.00150484
5178.73	0.00164973
5176.8	0.00207803
5174.88	0.00218821
5172.95	0.00213873
5171.02	0.0021973
5169.09	0.00242918
5167.16	0.00262068
5165.24	0.00274597
5163.31	0.00290488
5161.38	0.00305574
5159.45	0.00316197
5157.52	0.0028841
5155.6	0.00287186
5153.67	0.00323176
5151.74	0.00324378
5149.81	0.00339857
5147.88	0.00355171
5145.96	0.00364038
5144.03	0.0037037
5142.1	0.00350401
5140.17	0.00329195
5138.24	0.00361719
5136.32	0.00381463
5134.39	0.00382001
5132.46	0.00404252
5130.53	0.00399279
5128.6	0.00393571
5126.68	0.00428348
5124.75	0.00453563
5122.82	0.0044362
5120.89	0.00424353
5118.96	0.00419525
5117.04	0.00435764
5115.11	0.00442629
5113.18	0.00431273
5111.25	0.00443299
5109.32	0.00460146
5107.4	0.00456121
5105.47	0.00453811
5103.54	0.00491917
5101.61	0.00487895
5099.68	0.00448273
5097.76	0.00454882
5095.83	0.00493921
5093.9	0.00495704
5091.97	0.0048937
5090.04	0.00505692
5088.12	0.00526202
5086.19	0.00515512
5084.26	0.00516357
5082.33	0.00511881
5080.4	0.00510945
5078.48	0.00516659
5076.55	0.00510238
5074.62	0.00503191
5072.69	0.0050418
5070.76	0.00504351
5068.84	0.00534789
5066.91	0.00583449
5064.98	0.00599256
5063.05	0.00593834
5061.12	0.00568229
5059.2	0.00570831
5057.27	0.00576095
5055.34	0.00572593
5053.41	0.0058491
5051.48	0.00575729
5049.56	0.00587664
5047.63	0.00621767
5045.7	0.00656162
5043.77	0.00648732
5041.84	0.0065037
5039.92	0.00671271
5037.99	0.00671177
5036.06	0.00692352
5034.13	0.00739884
5032.2	0.00784962
5030.28	0.00812259
5028.35	0.00843609
5026.42	0.00850099
5024.49	0.00869999
5022.56	0.00884192
5020.64	0.00886312
5018.71	0.00897683
5016.78	0.00896516
5014.85	0.00891409
5012.92	0.00885842
5011	0.008499
5009.07	0.00797565
5007.14	0.00778758
5005.21	0.007494
5003.28	0.00708201
5001.36	0.00681219
4999.43	0.00647736
4997.5	0.00628073
4995.57	0.0063596
4993.64	0.00629202
4991.72	0.0060274
4989.79	0.00578133
4987.86	0.00560861
4985.93	0.00547048
4984	0.00540351
4982.08	0.00532686
4980.15	0.00545796
4978.22	0.00550028
4976.29	0.00530787
4974.36	0.0051853
4972.44	0.0051683
4970.51	0.00530945
4968.58	0.00531438
4966.65	0.00519975
4964.72	0.00504194
4962.8	0.00485111
4960.87	0.00476497
4958.94	0.00469811
4957.01	0.00475442
4955.08	0.00467454
4953.16	0.00473757
4951.23	0.00507499
4949.3	0.00497832
4947.37	0.00469152
4945.44	0.00455093
4943.52	0.00446599
4941.59	0.00431036
4939.66	0.00453161
4937.73	0.00474109
4935.8	0.00451882
4933.88	0.00439653
4931.95	0.00445618
4930.02	0.00424387
4928.09	0.00389262
4926.16	0.00390756
4924.24	0.00423564
4922.31	0.00438214
4920.38	0.00418655
4918.45	0.00394177
4916.52	0.00379795
4914.6	0.0038161
4912.67	0.003974
4910.74	0.00393632
4908.81	0.00394397
4906.88	0.0038059
4904.96	0.00370925
4903.03	0.00370062
4901.1	0.0038403
4899.17	0.00382318
4897.24	0.00358134
4895.32	0.0035024
4893.39	0.00343864
4891.46	0.00322882
4889.53	0.00330631
4887.6	0.00347822
4885.67	0.00345815
4883.75	0.00348346
4881.82	0.00338594
4879.89	0.00321404
4877.96	0.00299615
4876.04	0.00290581
4874.11	0.00286599
4872.18	0.00273903
4870.25	0.00269278
4868.32	0.00281703
4866.4	0.00279238
4864.47	0.00250252
4862.54	0.00241508
4860.61	0.00258718
4858.68	0.00242448
4856.75	0.00233
4854.83	0.00233533
4852.9	0.00220316
4850.97	0.00221329
4849.04	0.00219916
4847.12	0.00234592
4845.19	0.00230901
4843.26	0.00207913
4841.33	0.00191196
4839.4	0.00196195
4837.47	0.00198438
4835.55	0.00181606
4833.62	0.0018086
4831.69	0.0018854
4829.76	0.00159887
4827.83	0.00138529
4825.91	0.00138133
4823.98	0.00143133
4822.05	0.00124899
4820.12	0.00116765
4818.19	0.00136089
4816.27	0.00127106
4814.34	0.00119543
4812.41	0.00123989
4810.48	0.00101622
4808.55	0.000853941
4806.63	0.000904739
4804.7	0.000996157
4802.77	0.000950894
4800.84	0.000804411
4798.91	0.000836877
4796.99	0.000917157
4795.06	0.000816228
4793.13	0.000660864
4791.2	0.000445484
4789.27	0.000242012
4787.35	0.000274702
4785.42	0.000502702
4783.49	0.000436329
4781.56	0.000172331
4779.63	0.000151449
4777.71	0.000235349
4775.78	0.000338265
4773.85	0.000154067
4771.92	2.32939e-05
4769.99	-3.45906e-05
4768.07	-0.000158551
4766.14	-0.000197302
4764.21	-0.000259958
4762.28	-0.00034949
4760.35	-0.000351807
4758.43	-0.000473757
4756.5	-0.000474386
4754.57	-0.000304561
4752.64	-0.000339557
4750.71	-0.000479417
4748.79	-0.000660522
4746.86	-0.000759298
4744.93	-0.0009751
4743	-0.0011286
4741.07	-0.0010747
4739.15	-0.000932979
4737.22	-0.00068315
4735.29	-0.000603184
4733.36	-0.000680107
4731.43	-0.000857523
4729.51	-0.000734755
4727.58	-0.000699459
4725.65	-0.00107605
4723.72	-0.000915092
4721.79	-0.000704918
4719.87	-0.00104799
4717.94	-0.00118495
4716.01	-0.00154131
4714.08	-0.00181701
4712.15	-0.00179648
4710.23	-0.00164751
4708.3	-0.00146975
4706.37	-0.00149039
4704.44	-0.00177431
4702.51	-0.00182542
4700.59	-0.00161199
4698.66	-0.00153203
4696.73	-0.00159753
4694.8	-0.00170652
4692.87	-0.00183377
4690.95	-0.00203281
4689.02	-0.00214638
4687.09	-0.00209893
4685.16	-0.00206767
4683.23	-0.00199083
4681.31	-0.00194712
4679.38	-0.00188484
4677.45	-0.00188557
4675.52	-0.00201586
4673.59	-0.00222652
4671.67	-0.00223641
4669.74	-0.00217859
4667.81	-0.00209108
4665.88	-0.00210843
4663.95	-0.00220061
4662.03	-0.00226598
4660.1	-0.00228226
4658.17	-0.00242684
4656.24	-0.00240532
4654.31	-0.00237365
4652.39	-0.00237563
4650.46	-0.00235823
4648.53	-0.00246743
4646.6	-0.0024983
4644.67	-0.00242417
4642.75	-0.00253325
4640.82	-0.00282705
4638.89	-0.00284641
4636.96	-0.0025792
4635.03	-0.0025176
4633.11	-0.00254231
4631.18	-0.00249141
4629.25	-0.00250571
4627.32	-0.00261843
4625.39	-0.00270178
4623.47	-0.00268357
4621.54	-0.00276246
4619.61	-0.00284792
4617.68	-0.00279752
4615.75	-0.00269506
4613.83	-0.00268393
4611.9	-0.00276984
4609.97	-0.00286675
4608.04	-0.00285332
4606.11	-0.002831
4604.19	-0.00287149
4602.26	-0.00282274
4600.33	-0.00276697
4598.4	-0.00286053
4596.47	-0.00272124
4594.55	-0.00253417
4592.62	-0.00274593
4590.69	-0.00274998
4588.76	-0.00270365
4586.83	-0.00283476
4584.91	-0.00294663
4582.98	-0.00282113
4581.05	-0.00270046
4579.12	-0.00272993
4577.19	-0.00265307
4575.27	-0.00251826
4573.34	-0.00247421
4571.41	-0.00243349
4569.48	-0.00249757
4567.55	-0.00244723
4565.63	-0.00248182
4563.7	-0.0023233
4561.77	-0.00217272
4559.84	-0.00219804
4557.91	-0.00224854
4555.99	-0.00231588
4554.06	-0.0022852
4552.13	-0.0020957
4550.2	-0.00203103
4548.27	-0.00189965
4546.35	-0.00179556
4544.42	-0.00176695
4542.49	-0.00172854
4540.56	-0.00185218
4538.63	-0.00185291
4536.71	-0.00173553
4534.78	-0.0015866
4532.85	-0.0015179
4530.92	-0.00128819
4528.99	-0.00143445
4527.07	-0.00154094
4525.14	-0.00158736
4523.21	-0.00159763
4521.28	-0.0016518
4519.35	-0.0016924
4517.43	-0.00153949
4515.5	-0.00155646
4513.57	-0.00174606
4511.64	-0.00182618
4509.71	-0.00191549
4507.79	-0.00205982
4505.86	-0.00211192
4503.93	-0.00229014
4502	-0.00243708
4500.07	-0.00249757
4498.15	-0.00273974
4496.22	-0.0027376
4494.29	-0.00275489
4492.36	-0.00272519
4490.43	-0.00272269
4488.51	-0.00288594
4486.58	-0.00294808
4484.65	-0.00295259
4482.72	-0.00319246
4480.79	-0.00337836
4478.87	-0.00337994
4476.94	-0.003499
4475.01	-0.00351268
4473.08	-0.00325509
4471.15	-0.00319141
4469.23	-0.00333226
4467.3	-0.00352336
4465.37	-0.0035345
4463.44	-0.00344779
4461.51	-0.00353039
4459.58	-0.00344365
4457.66	-0.00341041
4455.73	-0.00355441
4453.8	-0.00360847
4451.87	-0.00351432
4449.95	-0.00356063
4448.02	-0.00351498
4446.09	-0.00352937
4444.16	-0.00362372
4442.23	-0.00356164
4440.3	-0.00344565
4438.38	-0.00347682
4436.45	-0.00355156
4434.52	-0.00339033
4432.59	-0.00341472
4430.67	-0.00357407
4428.74	-0.00348257
4426.81	-0.00348037
4424.88	-0.00344082
4422.95	-0.00342202
4421.02	-0.00353486
4419.1	-0.00347281
4417.17	-0.00329287
4415.24	-0.00329195
4413.31	-0.00335735
4411.38	-0.00333289
4409.46	-0.00342439
4407.53	-0.00351261
4405.6	-0.00350666
4403.67	-0.00353808
4401.75	-0.00343208
4399.82	-0.00342347
4397.89	-0.00350301
4395.96	-0.00354308
4394.03	-0.00358606
4392.1	-0.0036275
4390.18	-0.00376558
4388.25	-0.00366266
4386.32	-0.00357844
4384.39	-0.0035368
4382.46	-0.00355997
4380.54	-0.00362687
4378.61	-0.00365891
4376.68	-0.00358547
4374.75	-0.00355451
4372.82	-0.00371897
4370.9	-0.00360693
4368.97	-0.00351169
4367.04	-0.00357778
4365.11	-0.00350377
4363.18	-0.00337418
4361.26	-0.00328028
4359.33	-0.00330806
4357.4	-0.00330339
4355.47	-0.00341955
4353.54	-0.00338776
4351.62	-0.0033245
4349.69	-0.0033993
4347.76	-0.00349095
4345.83	-0.00347452
4343.9	-0.0033541
4341.98	-0.00328074
4340.05	-0.00340476
4338.12	-0.00336889
4336.19	-0.00328248
4334.26	-0.00345151
4332.34	-0.00356355
4330.41	-0.00354903
4328.48	-0.00358064
4326.55	-0.00360519
4324.62	-0.00340723
4322.7	-0.00328998
4320.77	-0.00315447
4318.84	-0.00309927
4316.91	-0.00333072
4314.98	-0.00350285
4313.06	-0.00347928
4311.13	-0.00350893
4309.2	-0.00356565
4307.27	-0.00355402
4305.34	-0.00352602
4303.42	-0.00344651
4301.49	-0.00328192
4299.56	-0.00314829
4297.63	-0.0033105
4295.7	-0.00341025
4293.78	-0.00334795
4291.85	-0.00334762
4289.92	-0.00346485
4287.99	-0.00349263
4286.06	-0.0035157
4284.14	-0.00341955
4282.21	-0.00335949
4280.28	-0.00346515
4278.35	-0.00341216
4276.42	-0.00318444
4274.5	-0.00303706
4272.57	-0.00329843
4270.64	-0.00345834
4268.71	-0.00335189
4266.78	-0.0032494
4264.86	-0.00319684
4262.93	-0.00325097
4261	-0.00321493
4259.07	-0.00307993
4257.14	-0.00321009
4255.22	-0.00326459
4253.29	-0.00329715
4251.36	-0.00328666
4249.43	-0.00305733
4247.5	-0.00298796
4245.58	-0.00311918
4243.65	-0.00331944
4241.72	-0.00343661
4239.79	-0.00329419
4237.86	-0.00321128
4235.94	-0.0031349
4234.01	-0.00308368
4232.08	-0.00316993
4230.15	-0.00295384
4228.22	-0.00283739
4226.3	-0.00305522
4224.37	-0.00319477
4222.44	-0.00292939
4220.51	-0.00279314
4218.58	-0.0028867
4216.66	-0.0029309
4214.73	-0.00295147
4212.8	-0.00298523
4210.87	-0.00299573
4208.94	-0.00295943
4207.02	-0.00293567
4205.09	-0.00307305
4203.16	-0.00318536
4201.23	-0.00308931
4199.3	-0.00296302
4197.38	-0.00310825
4195.45	-0.00318546
4193.52	-0.00300478
4191.59	-0.00300797
4189.66	-0.00305742
4187.74	-0.00323742
4185.81	-0.0032439
4183.88	-0.00306664
4181.95	-0.00304591
4180.02	-0.00303383
4178.1	-0.00294466
4176.17	-0.0029022
4174.24	-0.00311164
4172.31	-0.0031152
4170.38	-0.00306262
4168.46	-0.00319283
4166.53	-0.00305713
4164.6	-0.00288732
4162.67	-0.00287524
4160.74	-0.00290852
4158.82	-0.00290276
4156.89	-0.00293176
4154.96	-0.00286968
4153.03	-0.00291336
4151.1	-0.00298082
4149.18	-0.00300277
4147.25	-0.00298365
4145.32	-0.00309003
4143.39	-0.0031447
4141.46	-0.00320575
4139.54	-0.00317483
4137.61	-0.00301225
4135.68	-0.00294884
4133.75	-0.00292925
4131.82	-0.00290694
4129.9	-0.00278215
4127.97	-0.00279808
4126.04	-0.00287827
4124.11	-0.00293373
4122.18	-0.00302706
4120.26	-0.00305631
4118.33	-0.00295588
4116.4	-0.00296819
4114.47	-0.00305019
4112.54	-0.00305232
4110.62	-0.00300741
4108.69	-0.00291602
4106.76	-0.00280628
4104.83	-0.00272035
4102.9	-0.00274218
4100.98	-0.00285595
4099.05	-0.00284322
4097.12	-0.00278992
4095.19	-0.00291237
4093.26	-0.00305101
4091.34	-0.00300093
4089.41	-0.00273102
4087.48	-0.00274541
4085.55	-0.00284351
4083.62	-0.00288522
4081.7	-0.00301669
4079.77	-0.00303624
4077.84	-0.00287827
4075.91	-0.00280197
4073.98	-0.00287719
4072.06	-0.00287801
4070.13	-0.00286254
4068.2	-0.00300873
4066.27	-0.00298694
4064.34	-0.00293067
4062.42	-0.00290934
4060.49	-0.00285648
4058.56	-0.00287508
4056.63	-0.00291777
4054.7	-0.00289249
4052.78	-0.00272335
4050.85	-0.00270188
4048.92	-0.00282751
4046.99	-0.00274063
4045.06	-0.00262851
4043.14	-0.00275581
4041.21	-0.00294153
4039.28	-0.0029491
4037.35	-0.00273658
4035.42	-0.00268857
4033.5	-0.00286435
4031.57	-0.00288173
4029.64	-0.0026453
4027.71	-0.00251895
4025.78	-0.00257953
4023.86	-0.00281836
4021.93	-0.0028448
4020	-0.00274336
4018.07	-0.00272693
4016.14	-0.00271722
4014.22	-0.0025905
4012.29	-0.00255993
4010.36	-0.002593
4008.43	-0.00266697
4006.5	-0.00272588
4004.58	-0.00269529
4002.65	-0.00263568
4000.72	-0.00253262
3998.79	-0.00252673
3996.86	-0.00270293
3994.94	-0.00279502
3993.01	-0.00267935
3991.08	-0.00258282
3989.15	-0.0027186
3987.22	-0.00274656
3985.29	-0.00273553
3983.37	-0.00271409
3981.44	-0.00265353
3979.51	-0.00274481
3977.58	-0.00287123
3975.66	-0.00278617
3973.73	-0.00278442
3971.8	-0.00276806
3969.87	-0.00282284
3967.94	-0.00278268
3966.01	-0.00274475
3964.09	-0.00283153
3962.16	-0.00284651
3960.23	-0.00279805
3958.3	-0.0029101
3956.38	-0.00292257
3954.45	-0.00283568
3952.52	-0.00286234
3950.59	-0.00296878
3948.66	-0.00288999
3946.73	-0.00275785
3944.81	-0.00271604
3942.88	-0.00276279
3940.95	-0.00296239
3939.02	-0.00295743
3937.09	-0.00295578
3935.17	-0.00298889
3933.24	-0.00298155
3931.31	-0.00280302
3929.38	-0.00279726
3927.45	-0.0027806
3925.53	-0.00282534
3923.6	-0.00297441
3921.67	-0.00295594
3919.74	-0.00299918
3917.81	-0.003097
3915.89	-0.00309542
3913.96	-0.00293952
3912.03	-0.00287472
3910.1	-0.00294327
3908.17	-0.00296522
3906.25	-0.00307944
3904.32	-0.00311618
3902.39	-0.00305835
3900.46	-0.00302798
3898.53	-0.00306071
3896.61	-0.00308838
3894.68	-0.00309161
3892.75	-0.00316039
3890.82	-0.00318802
3888.89	-0.00315102
3886.97	-0.00304765
3885.04	-0.00305907
3883.11	-0.00300284
3881.18	-0.00285826
3879.25	-0.00283545
3877.33	-0.00285497
3875.4	-0.00283081
3873.47	-0.00294219
3871.54	-0.00293715
3869.61	-0.00300925
3867.69	-0.00314891
3865.76	-0.00317092
3863.83	-0.00309105
3861.9	-0.00290342
3859.97	-0.00274659
3858.05	-0.00275502
3856.12	-0.00282007
3854.19	-0.00297135
3852.26	-0.00293182
3850.33	-0.00289799
3848.41	-0.00289545
3846.48	-0.00285112
3844.55	-0.00277474
3842.62	-0.00284746
3840.69	-0.00289782
3838.77	-0.00293495
3836.84	-0.0028863
3834.91	-0.00279314
3832.98	-0.00271999
3831.05	-0.00273513
3829.13	-0.00272015
3827.2	-0.0025788
3825.27	-0.00259985
3823.34	-0.0027165
3821.41	-0.00273754
3819.49	-0.00270306
3817.56	-0.00262683
3815.63	-0.00272881
3813.7	-0.00255203
3811.77	-0.00232053
3809.85	-0.00228437
3807.92	-0.00227109
3805.99	-0.00238479
3804.06	-0.00268373
3802.13	-0.00266141
3800.21	-0.00249026
3798.28	-0.00234762
3796.35	-0.00225158
3794.42	-0.00229291
3792.49	-0.00233335
3790.57	-0.00218851
3788.64	-0.00213484
3786.71	-0.00217186
3784.78	-0.00201293
3782.85	-0.00188455
3780.93	-0.00190662
3779	-0.00186376
3777.07	-0.00173497
3775.14	-0.00183136
3773.21	-0.00193083
3771.29	-0.00176055
3769.36	-0.00165758
3767.43	-0.00169537
3765.5	-0.00159809
3763.57	-0.00149739
3761.65	-0.00155138
3759.72	-0.00158149
3757.79	-0.00149399
3755.86	-0.00144492
3753.93	-0.00151721
3752.01	-0.00149142
3750.08	-0.00128314
3748.15	-0.00124287
3746.22	-0.00124776
3744.29	-0.00115478
3742.37	-0.00114916
3740.44	-0.00109592
3738.51	-0.00113412
3736.58	-0.0012801
3734.65	-0.00122321
3732.73	-0.00104558
3730.8	-0.000988489
3728.87	-0.000929309
3726.94	-0.00102964
3725.01	-0.001144
3723.09	-0.00101067
3721.16	-0.000692413
3719.23	-0.000540841
3717.3	-0.000454361
3715.37	-0.000365315
3713.45	-0.000215053
3711.52	-0.00016958
3709.59	8.00924e-05
3707.66	0.000302752
3705.73	0.000444754
3703.81	0.000719439
3701.88	0.00106278
3699.95	0.0014913
3698.02	0.00177637
3696.09	0.00174609
3694.17	0.00153513
3692.24	0.00150045
3690.31	0.00164417
3688.38	0.00175557
3686.45	0.00183928
3684.53	0.00197746
3682.6	0.00210263
3680.67	0.00227883
3678.74	0.00253711
3676.81	0.00274583
3674.89	0.00309125
3672.96	0.00332344
3671.03	0.0035931
3669.1	0.00407443
3667.17	0.00447915
3665.25	0.00475971
3663.32	0.00511368
3661.39	0.00555293
3659.46	0.00602662
3657.53	0.00643993
3655.61	0.00684956
3653.68	0.00736912
3651.75	0.00792878
3649.82	0.0084017
3647.89	0.00897081
3645.97	0.00952492
3644.04	0.0101038
3642.11	0.0108036
3640.18	0.0115033
3638.25	0.0121961
3636.33	0.012917
3634.4	0.013668
3632.47	0.0144387
3630.54	0.015264
3628.61	0.0162122
3626.69	0.0172173
3624.76	0.0182337
3622.83	0.0192466
3620.9	0.0202261
3618.97	0.0212879
3617.05	0.0224061
3615.12	0.0236382
3613.19	0.024873
3611.26	0.0261925
3609.33	0.0276498
3607.41	0.0291389
3605.48	0.0306175
3603.55	0.0321164
3601.62	0.0338365
3599.69	0.0354995
3597.77	0.037331
3595.84	0.0394338
3593.91	0.0413989
3591.98	0.0433668
3590.05	0.0454793
3588.12	0.0477725
3586.2	0.050188
3584.27	0.052627
3582.34	0.0551299
3580.41	0.0578034
3578.49	0.0606591
3576.56	0.0638288
3574.63	0.0669209
3572.7	0.0700548
3570.77	0.0736184
3568.85	0.0771731
3566.92	0.0807807
3564.99	0.0846254
3563.06	0.0885553
3561.13	0.0927643
3559.21	0.0971438
3557.28	0.101669
3555.35	0.106345
3553.42	0.111373
3551.49	0.116763
3549.56	0.122171
3547.64	0.127935
3545.71	0.133866
3543.78	0.139912
3541.85	0.146315
3539.93	0.153055
3538	0.15996
3536.07	0.167191
3534.14	0.174638
3532.21	0.182401
3530.28	0.190326
3528.36	0.198518
3526.43	0.20698
3524.5	0.215525
3522.57	0.224211
3520.65	0.233228
3518.72	0.242482
3516.79	0.251905
3514.86	0.261462
3512.93	0.270963
3511	0.280457
3509.08	0.289908
3507.15	0.29942
3505.22	0.308916
3503.29	0.318251
3501.37	0.327655
3499.44	0.336879
3497.51	0.345714
3495.58	0.354294
3493.65	0.362649
3491.72	0.370647
3489.8	0.378256
3487.87	0.385168
3485.94	0.391779
3484.01	0.398125
3482.08	0.403722
3480.16	0.408873
3478.23	0.413571
3476.3	0.417912
3474.37	0.42164
3472.44	0.424914
3470.52	0.427552
3468.59	0.429728
3466.66	0.431193
3464.73	0.432351
3462.81	0.433451
3460.88	0.434185
3458.95	0.434536
3457.02	0.434507
3455.09	0.434047
3453.16	0.433267
3451.24	0.432384
3449.31	0.431663
3447.38	0.43062
3445.45	0.429222
3443.52	0.427786
3441.6	0.426301
3439.67	0.42468
3437.74	0.423069
3435.81	0.421137
3433.88	0.419315
3431.96	0.417659
3430.03	0.415808
3428.1	0.413809
3426.17	0.412014
3424.24	0.410076
3422.32	0.407567
3420.39	0.405253
3418.46	0.403229
3416.53	0.40119
3414.6	0.399084
3412.68	0.397164
3410.75	0.395604
3408.82	0.394052
3406.89	0.392673
3404.96	0.39142
3403.04	0.390057
3401.11	0.388757
3399.18	0.387527
3397.25	0.386408
3395.32	0.385356
3393.4	0.384446
3391.47	0.383649
3389.54	0.382682
3387.61	0.381745
3385.68	0.381223
3383.76	0.380716
3381.83	0.380185
3379.9	0.379929
3377.97	0.379648
3376.04	0.379071
3374.12	0.37844
3372.19	0.378091
3370.26	0.377744
3368.33	0.377627
3366.4	0.37735
3364.48	0.376884
3362.55	0.376744
3360.62	0.376568
3358.69	0.376146
3356.76	0.375839
3354.84	0.37556
3352.91	0.375242
3350.98	0.375139
3349.05	0.37488
3347.12	0.374563
3345.2	0.374376
3343.27	0.374195
3341.34	0.374126
3339.41	0.374052
3337.48	0.373865
3335.56	0.373604
3333.63	0.373357
3331.7	0.373363
3329.77	0.373545
3327.84	0.373532
3325.92	0.373436
3323.99	0.373657
3322.06	0.373746
3320.13	0.37367
3318.2	0.373825
3316.28	0.374022
3314.35	0.374469
3312.42	0.374983
3310.49	0.375309
3308.56	0.375758
3306.64	0.376351
3304.71	0.37683
3302.78	0.377391
3300.85	0.37813
3298.92	0.378847
3297	0.379568
3295.07	0.380343
3293.14	0.381062
3291.21	0.381875
3289.28	0.383092
3287.36	0.384231
3285.43	0.385009
3283.5	0.386149
3281.57	0.387533
3279.64	0.388802
3277.72	0.389924
3275.79	0.391419
3273.86	0.39292
3271.93	0.394281
3270	0.395665
3268.08	0.397115
3266.15	0.398786
3264.22	0.400551
3262.29	0.402266
3260.36	0.40382
3258.44	0.405262
3256.51	0.406929
3254.58	0.408545
3252.65	0.41013
3250.72	0.411753
3248.8	0.413233
3246.87	0.414775
3244.94	0.41615
3243.01	0.417724
3241.08	0.419387
3239.16	0.420682
3237.23	0.421765
3235.3	0.423031
3233.37	0.424395
3231.44	0.425587
3229.52	0.426777
3227.59	0.428014
3225.66	0.42909
3223.73	0.430111
3221.8	0.431032
3219.88	0.432033
3217.95	0.43281
3216.02	0.433309
3214.09	0.434169
3212.16	0.43506
3210.24	0.435817
3208.31	0.436523
3206.38	0.43687
3204.45	0.437346
3202.52	0.438101
3200.6	0.438576
3198.67	0.438707
3196.74	0.439126
3194.81	0.439687
3192.88	0.440025
3190.96	0.440239
3189.03	0.44023
3187.1	0.440222
3185.17	0.440221
3183.24	0.440076
3181.32	0.439955
3179.39	0.439914
3177.46	0.440024
3175.53	0.439893
3173.6	0.439449
3171.68	0.439018
3169.75	0.438631
3167.82	0.438074
3165.89	0.437533
3163.96	0.436823
3162.04	0.436162
3160.11	0.435498
3158.18	0.434519
3156.25	0.433315
3154.32	0.432172
3152.4	0.43104
3150.47	0.429664
3148.54	0.42803
3146.61	0.426578
3144.68	0.424985
3142.76	0.422887
3140.83	0.420605
3138.9	0.418645
3136.97	0.416686
3135.04	0.414439
3133.12	0.412107
3131.19	0.409481
3129.26	0.406757
3127.33	0.403683
3125.4	0.400617
3123.48	0.397377
3121.55	0.393702
3119.62	0.390143
3117.69	0.386359
3115.76	0.382231
3113.84	0.378057
3111.91	0.373884
3109.98	0.369517
3108.05	0.364738
3106.12	0.359682
3104.2	0.354564
3102.27	0.349261
3100.34	0.343516
3098.41	0.337599
3096.48	0.33143
3094.56	0.325025
3092.63	0.318706
3090.7	0.312177
3088.77	0.30504
3086.84	0.297726
3084.92	0.290372
3082.99	0.283052
3081.06	0.275558
3079.13	0.267711
3077.2	0.259836
3075.28	0.251962
3073.35	0.244141
3071.42	0.236179
3069.49	0.228121
3067.56	0.220311
3065.63	0.212511
3063.71	0.204713
3061.78	0.197284
3059.85	0.190148
3057.92	0.183171
3055.99	0.17618
3054.07	0.169342
3052.14	0.162844
3050.21	0.156686
3048.28	0.15083
3046.35	0.145143
3044.43	0.139629
3042.5	0.134362
3040.57	0.129465
3038.64	0.124867
3036.71	0.120403
3034.79	0.116047
3032.86	0.112026
3030.93	0.108311
3029	0.104665
3027.07	0.101146
3025.15	0.097909
3023.22	0.0948718
3021.29	0.0920442
3019.36	0.0894021
3017.43	0.086964
3015.51	0.0847468
3013.58	0.0825805
3011.65	0.080396
3009.72	0.0783676
3007.79	0.0764192
3005.87	0.074546
3003.94	0.072868
3002.01	0.0714383
3000.08	0.0700328
2998.15	0.0686144
2996.23	0.0671823
2994.3	0.0658914
2992.37	0.0647675
2990.44	0.0637462
2988.51	0.0627722
2986.59	0.0617892
2984.66	0.060819
2982.73	0.0599049
2980.8	0.059115
2978.87	0.0584702
2976.95	0.0577578
2975.02	0.0569583
2973.09	0.0561277
2971.16	0.0553877
2969.23	0.0549036
2967.31	0.054383
2965.38	0.0536561
2963.45	0.0529987
2961.52	0.0524858
2959.59	0.0520239
2957.67	0.0515346
2955.74	0.0509996
2953.81	0.0505787
2951.88	0.0501365
2949.95	0.0497638
2948.03	0.049488
2946.1	0.0491113
2944.17	0.04868
2942.24	0.0482999
2940.31	0.0480115
2938.39	0.0477285
2936.46	0.0472739
2934.53	0.0467672
2932.6	0.0465236
2930.67	0.0462269
2928.75	0.0459272
2926.82	0.0456291
2924.89	0.0452737
2922.96	0.0449335
2921.03	0.0447028
2919.11	0.044477
2917.18	0.0441042
2915.25	0.0438576
2913.32	0.0437432
2911.39	0.0434657
2909.47	0.0431075
2907.54	0.0427687
2905.61	0.0424639
2903.68	0.042155
2901.75	0.0418033
2899.83	0.0416162
2897.9	0.0413678
2895.97	0.0412528
2894.04	0.040996
2892.11	0.0405836
2890.19	0.0402586
2888.26	0.0399677
2886.33	0.0397511
2884.4	0.0395082
2882.47	0.0391725
2880.55	0.0388408
2878.62	0.0386011
2876.69	0.0382809
2874.76	0.0379277
2872.83	0.0376297
2870.91	0.0372552
2868.98	0.0369152
2867.05	0.0367246
2865.12	0.0365374
2863.19	0.0361646
2861.27	0.0357726
2859.34	0.0354521
2857.41	0.0351702
2855.48	0.0349017
2853.55	0.034541
2851.63	0.0342183
2849.7	0.0339139
2847.77	0.0336077
2845.84	0.0332744
2843.91	0.0329646
2841.99	0.0326099
2840.06	0.032339
2838.13	0.0321866
2836.2	0.0318641
2834.27	0.0314461
2832.35	0.0311426
2830.42	0.0308739
2828.49	0.0304913
2826.56	0.0300929
2824.63	0.0297576
2822.71	0.0294335
2820.78	0.0291311
2818.85	0.0288781
2816.92	0.0286151
2814.99	0.0282458
2813.07	0.0280059
2811.14	0.0277626
2809.21	0.0274525
2807.28	0.0271343
2805.35	0.0267492
2803.43	0.0263832
2801.5	0.0260284
2799.57	0.0257022
2797.64	0.0255276
2795.71	0.025129
2793.79	0.0247783
2791.86	0.0245952
2789.93	0.0243389
2788	0.0239489
2786.07	0.0235757
2784.15	0.0231984
2782.22	0.0228914
2780.29	0.0226008
2778.36	0.0223762
2776.43	0.0220966
2774.51	0.0218458
2772.58	0.0216519
2770.65	0.0213743
2768.72	0.0209464
2766.79	0.0206155
2764.87	0.0204381
2762.94	0.020114
2761.01	0.0197298
2759.08	0.0194846
2757.15	0.0192343
2755.23	0.0189691
2753.3	0.0188036
2751.37	0.0186161
2749.44	0.0183355
2747.51	0.0179499
2745.59	0.0176228
2743.66	0.0173505
2741.73	0.0171336
2739.8	0.0169916
2737.87	0.0168474
2735.95	0.0166605
2734.02	0.0163967
2732.09	0.0160033
2730.16	0.0157642
2728.23	0.0156611
2726.31	0.0155599
2724.38	0.015252
2722.45	0.014992
2720.52	0.0147379
2718.59	0.01448
2716.67	0.0143193
2714.74	0.0142553
2712.81	0.0141277
2710.88	0.0138983
2708.95	0.0135697
2707.02	0.0133023
2705.1	0.0132731
2703.17	0.0131731
2701.24	0.0129685
2699.31	0.0128525
2697.39	0.0127764
2695.46	0.012583
2693.53	0.0122726
2691.6	0.0121103
2689.67	0.0121064
2687.75	0.0119911
2685.82	0.0118427
2683.89	0.0117536
2681.96	0.0116316
2680.03	0.0112954
2678.11	0.0111149
2676.18	0.0110805
2674.25	0.0109845
2672.32	0.010799
2670.39	0.0106276
2668.46	0.0105528
2666.54	0.010627
2664.61	0.0105982
2662.68	0.0105651
2660.75	0.0105127
2658.83	0.0103897
2656.9	0.0102415
2654.97	0.0100339
2653.04	0.0100306
2651.11	0.0101097
2649.19	0.0101166
2647.26	0.0100934
2645.33	0.0100461
2643.4	0.00994829
2641.47	0.00974252
2639.55	0.00973571
2637.62	0.00976309
2635.69	0.00951727
2633.76	0.00947717
2631.83	0.00952956
2629.9	0.00951087
2627.98	0.00944449
2626.05	0.00936106
2624.12	0.00931282
2622.19	0.00924306
2620.27	0.00915107
2618.34	0.0090428
2616.41	0.0090612
2614.48	0.00907815
2612.55	0.00916149
2610.62	0.00913899
2608.7	0.00911832
2606.77	0.00924113
2604.84	0.00926198
2602.91	0.00919632
2600.98	0.0091193
2599.06	0.00906858
2597.13	0.0090903
2595.2	0.00916085
2593.27	0.00924536
2591.34	0.00921967
2589.42	0.00914501
2587.49	0.00917591
2585.56	0.00926046
2583.63	0.00925548
2581.71	0.00914315
2579.78	0.0091282
2577.85	0.00921788
2575.92	0.0092417
2573.99	0.00928347
2572.06	0.00934813
2570.14	0.00935477
2568.21	0.0093675
2566.28	0.00941151
2564.35	0.00943555
2562.42	0.00940992
2560.5	0.00943714
2558.57	0.0095611
2556.64	0.00976766
2554.71	0.0097313
2552.78	0.00953996
2550.86	0.00959887
2548.93	0.00973571
2547	0.00980789
2545.07	0.00973642
2543.15	0.00974008
2541.22	0.00979653
2539.29	0.00977427
2537.36	0.00991473
2535.43	0.0101175
2533.5	0.0100902
2531.58	0.00999619
2529.65	0.0101104
2527.72	0.0102169
2525.79	0.0102432
2523.86	0.0102061
2521.94	0.0102259
2520.01	0.0103143
2518.08	0.0103353
2516.15	0.0103388
2514.22	0.0103817
2512.3	0.0105768
2510.37	0.0106987
2508.44	0.0107094
2506.51	0.0107459
2504.58	0.010786
2502.66	0.0107988
2500.73	0.010854
2498.8	0.0109692
2496.87	0.0109296
2494.94	0.010948
2493.02	0.011184
2491.09	0.0113125
2489.16	0.0114287
2487.23	0.0115066
2485.3	0.0115218
2483.38	0.0116304
2481.45	0.0116918
2479.52	0.0117926
2477.59	0.0118783
2475.66	0.0117998
2473.74	0.0120011
2471.81	0.0121767
2469.88	0.0121744
2467.95	0.0123182
2466.02	0.0123599
2464.1	0.0123204
2462.17	0.0124628
2460.24	0.0125775
2458.31	0.0126355
2456.38	0.0127448
2454.46	0.0128352
2452.53	0.0128076
2450.6	0.0127717
2448.67	0.0129944
2446.74	0.0131098
2444.82	0.0131351
2442.89	0.0132701
2440.96	0.0135215
2439.03	0.0135909
2437.1	0.0136156
2435.18	0.0137328
2433.25	0.0138756
2431.32	0.0139458
2429.39	0.0140775
2427.46	0.0141877
2425.54	0.0141519
2423.61	0.0142159
2421.68	0.0144703
2419.75	0.0146101
2417.82	0.014607
2415.9	0.0146916
2413.97	0.0147539
2412.04	0.0147827
2410.11	0.0150073
2408.18	0.0150625
2406.26	0.0150166
2404.33	0.0152266
2402.4	0.0153851
2400.47	0.0154875
2398.54	0.0155756
2396.62	0.0155958
2394.69	0.015682
2392.76	0.0157947
2390.83	0.015866
2388.9	0.0159066
2386.98	0.0158831
2385.05	0.0161778
2383.12	0.0164708
2381.19	0.0164374
2379.26	0.0163671
2377.34	0.016422
2375.41	0.0166344
2373.48	0.0167229
2371.55	0.0167988
2369.62	0.0170109
2367.7	0.0172219
2365.77	0.0173499
2363.84	0.0173279
2361.91	0.0174084
2359.98	0.017595
2358.06	0.0176697
2356.13	0.0178176
2354.2	0.0180293
2352.27	0.0181948
2350.34	0.0184169
2348.42	0.0186043
2346.49	0.0186775
2344.56	0.0190269
2342.63	0.0194766
2340.7	0.0193883
2338.78	0.0191506
2336.85	0.0191518
2334.92	0.0191618
2332.99	0.0193381
2331.06	0.0196134
2329.14	0.0198834
2327.21	0.0200614
2325.28	0.0201918
2323.35	0.0203312
2321.42	0.0204256
2319.5	0.0205729
2317.57	0.0207665
2315.64	0.0210543
2313.71	0.0212512
2311.78	0.0211827
2309.86	0.0212572
2307.93	0.0214625
2306	0.0216677
2304.07	0.0218554
2302.14	0.0219058
2300.22	0.022081
2298.29	0.0223387
2296.36	0.0225767
2294.43	0.0227993
2292.5	0.0229278
2290.58	0.0229643
2288.65	0.0230433
2286.72	0.0233419
2284.79	0.0236245
2282.86	0.0237389
2280.94	0.023852
2279.01	0.0241448
2277.08	0.0244148
2275.15	0.0244679
2273.22	0.0245589
2271.3	0.0246603
2269.37	0.0248069
2267.44	0.0249962
2265.51	0.0251633
2263.58	0.0252928
2261.66	0.0254951
2259.73	0.0255804
2257.8	0.0256666
2255.87	0.0258916
2253.94	0.0259942
2252.02	0.0260446
2250.09	0.0260961
2248.16	0.0261908
2246.23	0.0264128
2244.3	0.0263466
2242.38	0.0262294
2240.45	0.0263434
2238.52	0.0264555
2236.59	0.0265255
2234.66	0.0266158
2232.74	0.0267048
2230.81	0.0267204
2228.88	0.0266245
2226.95	0.0264609
2225.02	0.0265289
2223.1	0.0265958
2221.17	0.0265019
2219.24	0.0264731
2217.31	0.0263622
2215.38	0.026098
2213.46	0.0258672
2211.53	0.0258319
2209.6	0.0258659
2207.67	0.0255859
2205.74	0.0251409
2203.81	0.0250545
2201.89	0.0250477
2199.96	0.0249352
2198.03	0.0246996
2196.1	0.0244844
2194.18	0.0243722
2192.25	0.0241164
2190.32	0.0238639
2188.39	0.0237827
2186.46	0.0235382
2184.54	0.0231084
2182.61	0.0226745
2180.68	0.0224317
2178.75	0.0222904
2176.82	0.0220815
2174.9	0.0218167
2172.97	0.02146
2171.04	0.0211936
2169.11	0.0210128
2167.18	0.0206959
2165.25	0.0203593
2163.33	0.0201871
2161.4	0.0200847
2159.47	0.0196432
2157.54	0.0193357
2155.62	0.0191646
2153.69	0.0187655
2151.76	0.0184132
2149.83	0.0181516
2147.9	0.0179337
2145.98	0.0177629
2144.05	0.0175948
2142.12	0.0173768
2140.19	0.0171155
2138.26	0.0168885
2136.33	0.0166807
2134.41	0.0165241
2132.48	0.0163083
2130.55	0.016001
2128.62	0.0156689
2126.69	0.0153968
2124.77	0.0153074
2122.84	0.0151195
2120.91	0.0149349
2118.98	0.0149115
2117.05	0.0147292
2115.13	0.0144353
2113.2	0.0143005
2111.27	0.014052
2109.34	0.013945
2107.41	0.0137163
2105.49	0.0134033
2103.56	0.0132404
2101.63	0.0131291
2099.7	0.0129647
2097.77	0.0128532
2095.85	0.0128102
2093.92	0.0128092
2091.99	0.0125808
2090.06	0.0122961
2088.13	0.0121766
2086.21	0.0121559
2084.28	0.012019
2082.35	0.0118217
2080.42	0.0118586
2078.49	0.0117689
2076.57	0.0114853
2074.64	0.0112822
2072.71	0.011314
2070.78	0.0113512
2068.85	0.0111612
2066.93	0.0111262
2065	0.0112034
2063.07	0.0111399
2061.14	0.0109144
2059.21	0.0107281
2057.29	0.0105926
2055.36	0.0104137
2053.43	0.0104625
2051.5	0.0105783
2049.57	0.0104614
2047.65	0.0104391
2045.72	0.0104756
2043.79	0.0103932
2041.86	0.0102673
2039.93	0.010161
2038.01	0.0100239
2036.08	0.00996008
2034.15	0.0100294
2032.22	0.00990205
2030.29	0.00989994
2028.37	0.00998978
2026.44	0.00984788
2024.51	0.00962566
2022.58	0.00961689
2020.65	0.00965612
2018.73	0.00967902
2016.8	0.00967621
2014.87	0.00974015
2012.94	0.0097434
2011.01	0.0095214
2009.09	0.00942343
2007.16	0.00946261
2005.23	0.00955781
2003.3	0.00959111
2001.37	0.00960503
1999.45	0.00947067
1997.52	0.00935612
1995.59	0.00932582
1993.66	0.00948093
1991.73	0.00943501
1989.81	0.00941876
1987.88	0.00952553
1985.95	0.00953756
1984.02	0.00948523
1982.09	0.00942103
1980.17	0.00943135
1978.24	0.00943809
1976.31	0.00934326
1974.38	0.00934624
1972.45	0.00956279
1970.53	0.00976593
1968.6	0.00969396
1966.67	0.00955761
1964.74	0.00966333
1962.81	0.0096716
1960.89	0.00953329
1958.96	0.00946979
1957.03	0.00941574
1955.1	0.00943345
1953.17	0.00958545
1951.25	0.00969637
1949.32	0.00979996
1947.39	0.00985222
1945.46	0.00982212
1943.53	0.00984775
1941.61	0.00986764
1939.68	0.00982765
1937.75	0.00990859
1935.82	0.00995185
1933.89	0.0100122
1931.97	0.0101801
1930.04	0.0102648
1928.11	0.0102018
1926.18	0.0102674
1924.25	0.0101883
1922.33	0.0101835
1920.4	0.0103578
1918.47	0.0104375
1916.54	0.0104708
1914.61	0.0105639
1912.69	0.0104827
1910.76	0.0105386
1908.83	0.0105344
1906.9	0.0106695
1904.97	0.0109537
1903.05	0.0108935
1901.12	0.0108173
1899.19	0.0109448
1897.26	0.0111003
1895.33	0.0111655
1893.41	0.0112781
1891.48	0.0113375
1889.55	0.0113287
1887.62	0.0114509
1885.69	0.011506
1883.77	0.0115646
1881.84	0.0118548
1879.91	0.0120477
1877.98	0.0120431
1876.05	0.0121159
1874.13	0.0122535
1872.2	0.0122859
1870.27	0.0122844
1868.34	0.0124149
1866.41	0.0125203
1864.49	0.0126639
1862.56	0.0127568
1860.63	0.0128923
1858.7	0.0131166
1856.77	0.0132645
1854.85	0.0133985
1852.92	0.0133029
1850.99	0.0133105
1849.06	0.0136141
1847.13	0.0138984
1845.21	0.0141131
1843.28	0.0140878
1841.35	0.0142443
1839.42	0.0145024
1837.49	0.0146189
1835.57	0.0148518
1833.64	0.0151021
1831.71	0.0152007
1829.78	0.0152024
1827.85	0.0152075
1825.93	0.015481
1824	0.0157461
1822.07	0.0159334
1820.14	0.0160041
1818.21	0.0161988
1816.29	0.0165299
1814.36	0.0168402
1812.43	0.0169157
1810.5	0.0171136
1808.57	0.0174666
1806.65	0.0177143
1804.72	0.0179999
1802.79	0.018134
1800.86	0.0183168
1798.93	0.0186897
1797.01	0.0192276
1795.08	0.0196612
1793.15	0.0198774
1791.22	0.0200916
1789.29	0.020437
1787.37	0.0207719
1785.44	0.0209815
1783.51	0.0212713
1781.58	0.0215822
1779.65	0.0220242
1777.73	0.0224233
1775.8	0.0228742
1773.87	0.0232713
1771.94	0.0236178
1770.01	0.0242716
1768.08	0.0248715
1766.16	0.0253455
1764.23	0.025857
1762.3	0.026403
1760.37	0.0270156
1758.45	0.0277258
1756.52	0.0284847
1754.59	0.0291483
1752.66	0.0297361
1750.73	0.0304276
1748.81	0.0311256
1746.88	0.0320484
1744.95	0.0329509
1743.02	0.0337473
1741.09	0.0346853
1739.17	0.0356106
1737.24	0.0365575
1735.31	0.0375991
1733.38	0.0385725
1731.45	0.0394752
1729.52	0.0403818
1727.6	0.0414655
1725.67	0.0425079
1723.74	0.0435036
1721.81	0.0445753
1719.89	0.0455995
1717.96	0.0467414
1716.03	0.0478914
1714.1	0.0488369
1712.17	0.0498256
1710.24	0.0508923
1708.32	0.0517852
1706.39	0.0525556
1704.46	0.0532764
1702.53	0.0539952
1700.6	0.0545679
1698.68	0.0550605
1696.75	0.0556347
1694.82	0.0560867
1692.89	0.0565147
1690.96	0.0568869
1689.04	0.0572675
1687.11	0.057754
1685.18	0.0579299
1683.25	0.0580344
1681.33	0.0581037
1679.4	0.0582935
1677.47	0.0584128
1675.54	0.0583258
1673.61	0.0582923
1671.68	0.0582521
1669.76	0.0585132
1667.83	0.0586312
1665.9	0.0584296
1663.97	0.0585172
1662.04	0.0587417
1660.12	0.0589342
1658.19	0.0591539
1656.26	0.0592578
1654.33	0.0594391
1652.4	0.0598575
1650.48	0.0601652
1648.55	0.0604649
1646.62	0.0607657
1644.69	0.0611631
1642.76	0.0615539
1640.84	0.0616523
1638.91	0.0616677
1636.98	0.0615549
1635.05	0.0614374
1633.12	0.0614905
1631.2	0.0612823
1629.27	0.0604953
1627.34	0.059908
1625.41	0.0593185
1623.48	0.0581578
1621.56	0.0570531
1619.63	0.0561127
1617.7	0.055403
1615.77	0.054909
1613.84	0.054198
1611.92	0.0536125
1609.99	0.0530547
1608.06	0.0525267
1606.13	0.0522837
1604.2	0.051973
1602.28	0.0516668
1600.35	0.0514259
1598.42	0.0509664
1596.49	0.0506358
1594.56	0.0503257
1592.64	0.0500401
1590.71	0.0496895
1588.78	0.0494596
1586.85	0.0493182
1584.92	0.0491802
1583	0.0487591
1581.07	0.0483285
1579.14	0.0480153
1577.21	0.0477286
1575.28	0.0475916
1573.36	0.0474459
1571.43	0.0473334
1569.5	0.0471971
1567.57	0.0469325
1565.64	0.0466692
1563.72	0.0465323
1561.79	0.0462674
1559.86	0.0460531
1557.93	0.0457742
1556	0.0456158
1554.08	0.0454747
1552.15	0.0453966
1550.22	0.0451986
1548.29	0.0448306
1546.36	0.0445995
1544.44	0.0445404
1542.51	0.044397
1540.58	0.0441463
1538.65	0.0438786
1536.72	0.0435879
1534.8	0.0434602
1532.87	0.0434083
1530.94	0.0433986
1529.01	0.0432753
1527.08	0.0429521
1525.16	0.042723
1523.23	0.0425153
1521.3	0.0423031
1519.37	0.042327
1517.44	0.0421836
1515.52	0.0418083
1513.59	0.0415249
1511.66	0.0413467
1509.73	0.0412089
1507.8	0.0409686
1505.88	0.0408598
1503.95	0.0408576
1502.02	0.0406503
1500.09	0.040523
1498.16	0.0403514
1496.24	0.0400511
1494.31	0.0399077
1492.38	0.0400874
1490.45	0.0401337
1488.52	0.0397901
1486.6	0.0393393
1484.67	0.0391023
1482.74	0.0390638
1480.81	0.0389903
1478.88	0.0388613
1476.96	0.0386516
1475.03	0.0383755
1473.1	0.0383032
1471.17	0.0383471
1469.24	0.0380408
1467.32	0.0376652
1465.39	0.0375198
1463.46	0.0374387
1461.53	0.0373633
1459.6	0.0371734
1457.68	0.03709
1455.75	0.0367806
1453.82	0.0367039
1451.89	0.0367982
1449.96	0.0367203
1448.04	0.0362889
1446.11	0.0361015
1444.18	0.0360664
1442.25	0.0359293
1440.32	0.0356511
1438.4	0.0356016
1436.47	0.0356074
1434.54	0.0354093
1432.61	0.0351395
1430.68	0.0350401
1428.76	0.0349433
1426.83	0.0346109
1424.9	0.0342401
1422.97	0.034245
1421.04	0.0344528
1419.12	0.0342736
1417.19	0.0342862
1415.26	0.0339228
1413.33	0.033438
1411.4	0.0335162
1409.48	0.0334569
1407.55	0.033201
1405.62	0.0331669
1403.69	0.0330043
1401.76	0.032918
1399.84	0.0328039
1397.91	0.032531
1395.98	0.0320686
1394.05	0.0318827
1392.12	0.0319042
1390.2	0.0320131
1388.27	0.0321008
1386.34	0.0319383
1384.41	0.0316743
1382.48	0.0315573
1380.56	0.0314656
1378.63	0.0313534
1376.7	0.031264
1374.77	0.0311597
1372.84	0.0310154
1370.92	0.03068
1368.99	0.0305716
1367.06	0.0306824
1365.13	0.0304893
1363.2	0.0300838
1361.28	0.0300422
1359.35	0.0300712
1357.42	0.0298133
1355.49	0.0293691
1353.56	0.029431
1351.64	0.0296702
1349.71	0.029506
1347.78	0.0292969
1345.85	0.0291138
1343.92	0.0291398
1342	0.0289974
1340.07	0.0288434
1338.14	0.0287841
1336.21	0.0286604
1334.28	0.028663
1332.36	0.0288074
1330.43	0.0287236
1328.5	0.0284669
1326.57	0.0281861
1324.64	0.0280934
1322.72	0.0280395
1320.79	0.0279101
1318.86	0.0275313
1316.93	0.0272861
1315	0.0275836
1313.08	0.0276056
1311.15	0.0275046
1309.22	0.0273403
1307.29	0.0272755
1305.36	0.027539
1303.44	0.0275946
1301.51	0.0270758
1299.58	0.026758
1297.65	0.0269683
1295.72	0.0270019
1293.8	0.0266932
1291.87	0.0265711
1289.94	0.0264707
1288.01	0.0262941
1286.08	0.0259274
1284.15	0.0258638
1282.23	0.026136
1280.3	0.0260426
1278.37	0.0261356
1276.44	0.0262336
1274.52	0.0261289
1272.59	0.0258861
1270.66	0.0256964
1268.73	0.0257285
1266.8	0.0257537
1264.88	0.0256436
1262.95	0.0254157
1261.02	0.0253421
1259.09	0.0254871
1257.16	0.0254198
1255.24	0.0254135
1253.31	0.0252692
1251.38	0.0251927
1249.45	0.0253525
1247.52	0.0249626
1245.59	0.0246905
1243.67	0.0247348
1241.74	0.0247963
1239.81	0.0249262
1237.88	0.0248142
1235.96	0.0245839
1234.03	0.0244149
1232.1	0.0243393
1230.17	0.0247312
1228.24	0.0247539
1226.31	0.0244038
1224.39	0.0245587
1222.46	0.0249436
1220.53	0.0248757
1218.6	0.0246692
1216.68	0.0245826
1214.75	0.0244564
1212.82	0.0245079
1210.89	0.0247756
1208.96	0.0246253
1207.03	0.0245764
1205.11	0.0247795
1203.18	0.0246427
1201.25	0.0249136
1199.32	0.0247637
1197.39	0.0247124
1195.47	0.025171
1193.54	0.0254228
1191.61	0.0256241
1189.68	0.0257418
1187.75	0.0257496
1185.83	0.0259272
1183.9	0.0260224
1181.97	0.0261593
1180.04	0.0263848
1178.11	0.0267376
1176.19	0.0272785
1174.26	0.0277005
1172.33	0.0276574
1170.4	0.0282324
1168.47	0.0291701
1166.55	0.0299665
1164.62	0.0307127
1162.69	0.0318776
1160.76	0.032647
1158.83	0.032911
1156.91	0.033779
1154.98	0.0349558
1153.05	0.0360423
1151.12	0.0369624
1149.19	0.0378673
1147.27	0.039306
1145.34	0.0409579
1143.41	0.0420704
1141.48	0.0429888
1139.55	0.0441306
1137.63	0.0458131
1135.7	0.0471197
1133.77	0.0480977
1131.84	0.0487988
1129.91	0.0496618
1127.99	0.0505955
1126.06	0.0515581
1124.13	0.05304
1122.2	0.0537523
1120.27	0.0537551
1118.35	0.0539955
1116.42	0.0542363
1114.49	0.054207
1112.56	0.0539208
1110.63	0.0529779
1108.71	0.0523232
1106.78	0.0517794
1104.85	0.0514533
1102.92	0.050476
1100.99	0.049101
1099.07	0.0478623
1097.14	0.0470409
1095.21	0.0452954
1093.28	0.043219
1091.35	0.0413495
1089.43	0.0399069
1087.5	0.0382894
1085.57	0.0367076
1083.64	0.0357217
1081.71	0.0346857
1079.79	0.0335845
1077.86	0.0327218
1075.93	0.0309088
1074	0.0293756
1072.07	0.0288814
1070.15	0.0282819
1068.22	0.0275843
1066.29	0.0273312
1064.36	0.0276932
1062.43	0.0271367
1060.51	0.0261535
1058.58	0.0259034
1056.65	0.0267115
1054.72	0.0271907
1052.79	0.0271081
1050.87	0.0265264
1048.94	0.0266834
1047.01	0.0270982
1045.08	0.0268881
1043.15	0.0268915
1041.23	0.0273811
1039.3	0.0278682
1037.37	0.0286368
1035.44	0.029221
1033.51	0.02983
1031.59	0.0301054
1029.66	0.0299837
1027.73	0.0301409
1025.8	0.0307128
1023.87	0.0310574
1021.95	0.0318212
1020.02	0.0328216
1018.09	0.033243
1016.16	0.0340858
1014.23	0.0351546
1012.31	0.0358454
1010.38	0.0357985
1008.45	0.0364204
1006.52	0.0379852
1004.59	0.0392564
1002.67	0.0397942
1000.74	0.0411192
998.81	0.0426315
996.882	0.043655
994.954	0.0451727
993.026	0.0472145
991.098	0.0486341
989.17	0.0498954
987.242	0.0512327
985.314	0.0530348
983.386	0.0542285
981.458	0.0558801
979.53	0.0592072
977.602	0.06182
975.673	0.0635909
973.746	0.0660235
971.817	0.0688279
969.89	0.0711126
967.962	0.0732106
966.034	0.076284
964.106	0.0794565
962.178	0.0820063
960.25	0.0849224
958.322	0.0877625
956.394	0.0903793
954.465	0.0933041
952.538	0.0965172
950.609	0.0996142
948.682	0.102383
946.754	0.10471
944.826	0.107526
942.898	0.111016
940.97	0.113855
939.042	0.115984
937.113	0.118624
935.186	0.121111
933.257	0.123037
931.33	0.125282
929.401	0.127553
927.474	0.129262
925.546	0.131574
923.618	0.134114
921.69	0.135239
919.761	0.136579
917.833	0.138403
915.905	0.139547
913.978	0.140533
912.049	0.141784
910.122	0.142866
908.193	0.14345
906.266	0.143784
904.338	0.144533
902.409	0.145751
900.481	0.146798
898.553	0.14651
896.625	0.146232
894.697	0.146649
892.77	0.145908
890.841	0.145252
888.914	0.145795
886.985	0.14589
885.058	0.145677
883.129	0.146286
881.201	0.146317
879.273	0.145353
877.345	0.144926
875.417	0.144564
873.489	0.143768
871.562	0.143346
869.633	0.143041
867.706	0.142317
865.777	0.141087
863.849	0.140087
861.921	0.13954
859.993	0.139266
858.065	0.138462
856.137	0.138235
854.209	0.138236
852.281	0.137464
850.354	0.135654
848.425	0.134442
846.497	0.134
844.569	0.133541
842.641	0.132575
840.713	0.131962
838.785	0.130604
836.857	0.128077
834.929	0.127035
833.001	0.126764
831.073	0.126157
829.145	0.124993
827.217	0.123269
825.289	0.122887
823.361	0.121904
821.433	0.120401
819.505	0.119449
817.577	0.118197
815.649	0.11646
813.721	0.115815
811.793	0.11552
809.865	0.114392
807.937	0.113849
806.009	0.112727
804.081	0.111139
802.153	0.10991
800.225	0.109194
798.297	0.108921
796.369	0.107207
794.441	0.105879
792.513	0.105481
790.585	0.103617
788.657	0.101537
786.729	0.0998994
784.801	0.098846
782.873	0.0976979
780.945	0.0964484
779.017	0.0950058
777.089	0.0942195
775.161	0.0930527
773.232	0.090964
771.305	0.0895318
769.377	0.0898779
767.449	0.0891372
765.521	0.0871038
763.593	0.085794
761.665	0.0851447
759.737	0.08379
757.809	0.0822472
755.881	0.0812272
753.953	0.0802529
752.024	0.0787562
750.097	0.077454
748.169	0.0765194
746.241	0.075629
744.313	0.0744745
742.385	0.0738502
740.457	0.072056
738.529	0.0702679
736.601	0.0699008
734.672	0.0683156
732.745	0.0662523
730.816	0.066147
728.889	0.0660541
726.961	0.0654092
725.033	0.0650633
723.105	0.0645328
721.177	0.0633417
719.249	0.0619914
717.32	0.0607682
715.393	0.0593483
713.464	0.0581433
711.537	0.057135
709.608	0.055111
707.681	0.0544648
705.752	0.0545909
703.825	0.0537776
701.897	0.0527959
699.968	0.0521608
698.041	0.0508074
696.112	0.0500727
694.185	0.048928
692.256	0.0477522
690.329	0.0468431
688.4	0.0468997
686.473	0.0475161
684.544	0.0470217
682.617	0.0460927
680.688	0.0451532
678.76	0.0440978
676.833	0.043386
674.904	0.0418336
672.977	0.040926
671.048	0.0415155
669.121	0.0406529
667.192	0.0397402
665.265	0.0401744
663.336	0.0401184
661.408	0.0387419
659.48	0.0376375
657.552	0.0372716
655.625	0.0375033
653.696	0.0371587
651.769	0.0358676
649.84	0.0353611
647.913	0.0355678
645.984	0.0347808
644.056	0.0339348
642.128	0.0341511
640.2	0.0334811
638.272	0.0325464
636.344	0.0311311
634.417	0.0305032
632.488	0.0311701
630.561	0.0324639
628.632	0.0314073
626.704	0.0291745
624.776	0.0282939
622.848	0.0289191
620.92	0.0295465
618.992	0.0295124
617.064	0.0293483
615.136	0.0293939
613.208	0.0290315
611.28	0.0286501
609.353	0.0276286
607.424	0.0273389
605.496	0.0255874
603.568	0.0242086
601.64	0.0258532
599.712	0.027423
597.784	0.0262572
595.856	0.0239137
593.928	0.0233894
592	0.0229838
590.072	0.0219068
588.144	0.0234451
586.216	0.0233251
584.288	0.0221777
582.36	0.0213124
580.432	0.0211469
578.504	0.0215402
576.576	0.0206997
574.648	0.0210512
572.72	0.0215101
570.792	0.0209287
568.864	0.0204867
566.936	0.0203207
565.008	0.0192961
563.08	0.0191751
561.152	0.0202648
559.224	0.0196332
557.296	0.0177998
555.368	0.0163875
553.44	0.0170267
551.512	0.0174964
549.583	0.0175591
547.656	0.0175479
545.728	0.0168898
543.8	0.0172712
541.872	0.0167078
539.944	0.0183574
538.016	0.0177976
536.088	0.0141465
534.16	0.0138187
532.231	0.013951
530.304	0.0151909
528.375	0.0145164
526.448	0.0138418
524.52	0.0157161
522.592	0.0162297
520.664	0.0153527
518.736	0.0154966
516.808	0.0139853
514.879	0.0122632
512.952	0.0112912
511.023	0.0103772
509.096	0.0117736
507.167	0.0126598
505.24	0.0100959
503.312	0.00976051
501.384	0.0116139
499.456	0.0107478
497.527	0.00852221
495.6	0.00763456
493.671	0.00699311
491.744	0.00646414
489.815	0.00704736
487.888	0.00973957
485.959	0.00765763
484.032	0.00480859
482.104	0.0111082
480.176	0.0196982
478.248	0.0161383
476.319	0.00964324
474.392	0.0118457
472.463	0.0118274
470.536	0.008915
468.607	0.0104846
466.68	0.00790948
464.751	0.00526477
462.824	0.0132093
460.895	0.0187033
458.967	0.0197663
457.04	0.0122675
455.111	0.0155286
453.184	0.0189915
451.255	0.0168954
449.328	0.0176152
447.399	0.0151756
445.472	0.0133805
443.543	0.0177108
441.615	0.0194858
439.687	0.0208047
437.759	0.0179593
435.832	0.00876544
433.903	0.0103351
431.976	0.0205206
430.047	0.0294153
428.12	0.041742
426.191	0.0354452
424.263	0.0250855
422.335	0.0213383
420.407	0.0272217
418.479	0.0429277
416.551	0.056448
414.624	0.0584889
412.695	0.0533691
410.768	0.066104
408.839	0.0754414
406.912	0.0629205
404.983	0.058377
403.055	0.0807597
401.127	0.0837868
