nAHl0464.spa, Thu Nov 02 02:17:17 2006 (GMT-10:00)
9999.26	0.00623632
9997.33	0.00715648
9995.4	0.00672439
9993.48	0.00657292
9991.55	0.00725684
9989.62	0.00702631
9987.69	0.00614531
9985.76	0.00578348
9983.84	0.00668347
9981.91	0.0074134
9979.98	0.00778627
9978.05	0.00786673
9976.12	0.00683757
9974.2	0.00672597
9972.27	0.00695334
9970.34	0.00674623
9968.41	0.00664875
9966.48	0.00656579
9964.56	0.00664619
9962.63	0.00712799
9960.7	0.00764984
9958.77	0.00764471
9956.84	0.00699025
9954.92	0.00656945
9952.99	0.0068609
9951.06	0.00681606
9949.13	0.00716824
9947.2	0.00803978
9945.28	0.00797633
9943.35	0.00710084
9941.42	0.00665709
9939.49	0.00753968
9937.56	0.00765004
9935.64	0.00771773
9933.71	0.00768946
9931.78	0.00758061
9929.85	0.00785998
9927.92	0.00733235
9926	0.00646445
9924.07	0.00601574
9922.14	0.00661039
9920.21	0.00751153
9918.28	0.00807138
9916.36	0.0072346
9914.43	0.00661507
9912.5	0.00694109
9910.57	0.00687423
9908.64	0.00680678
9906.71	0.00727689
9904.79	0.00754143
9902.86	0.00703466
9900.93	0.00626355
9899	0.00760758
9897.08	0.00838812
9895.15	0.00758273
9893.22	0.00686969
9891.29	0.00704588
9889.36	0.007571
9887.43	0.00735604
9885.51	0.00716992
9883.58	0.00711283
9881.65	0.00635748
9879.72	0.00641151
9877.79	0.00722187
9875.87	0.00731132
9873.94	0.00666608
9872.01	0.00616712
9870.08	0.00657739
9868.15	0.00761379
9866.23	0.00696264
9864.3	0.00672627
9862.37	0.00745833
9860.44	0.00801349
9858.51	0.00703301
9856.59	0.00634611
9854.66	0.005964
9852.73	0.00644393
9850.8	0.0072187
9848.87	0.00708481
9846.95	0.00743083
9845.02	0.0080115
9843.09	0.00792949
9841.16	0.00817444
9839.23	0.00812313
9837.31	0.00761521
9835.38	0.00765567
9833.45	0.00742732
9831.52	0.0069792
9829.59	0.00736336
9827.67	0.00764276
9825.74	0.00812924
9823.81	0.00803968
9821.88	0.00760276
9819.95	0.00780023
9818.03	0.00749498
9816.1	0.00687699
9814.17	0.0074465
9812.24	0.0079681
9810.31	0.00831752
9808.39	0.00811705
9806.46	0.00783518
9804.53	0.0075559
9802.6	0.00720715
9800.67	0.00732969
9798.75	0.00767537
9796.82	0.00820037
9794.89	0.00792861
9792.96	0.00746292
9791.03	0.00780118
9789.11	0.00828662
9787.18	0.00798038
9785.25	0.00730971
9783.32	0.00666103
9781.39	0.00693301
9779.46	0.00739079
9777.54	0.0067223
9775.61	0.00705254
9773.68	0.00765193
9771.75	0.00750671
9769.83	0.00749039
9767.9	0.0074128
9765.97	0.00756577
9764.04	0.00754619
9762.11	0.00691059
9760.18	0.00734361
9758.26	0.0080757
9756.33	0.00784612
9754.4	0.00768666
9752.47	0.00720176
9750.54	0.00706797
9748.62	0.00807856
9746.69	0.00836623
9744.76	0.00815989
9742.83	0.00723518
9740.9	0.00655179
9738.98	0.00697247
9737.05	0.00761355
9735.12	0.00718505
9733.19	0.00655647
9731.26	0.00708781
9729.34	0.00777237
9727.41	0.00721547
9725.48	0.00640892
9723.55	0.00694866
9721.62	0.0073525
9719.7	0.00716093
9717.77	0.00759794
9715.84	0.00757009
9713.91	0.00734991
9711.98	0.00730775
9710.06	0.00751938
9708.13	0.00795004
9706.2	0.00821206
9704.27	0.0078339
9702.34	0.00719724
9700.42	0.00688312
9698.49	0.00730448
9696.56	0.0070936
9694.63	0.00671069
9692.7	0.00719775
9690.78	0.00712098
9688.85	0.00721025
9686.92	0.00816266
9684.99	0.00781589
9683.06	0.00745564
9681.14	0.00770602
9679.21	0.00772865
9677.28	0.00767408
9675.35	0.00704631
9673.42	0.00689345
9671.5	0.0072094
9669.57	0.0075441
9667.64	0.00792021
9665.71	0.00758334
9663.78	0.00717494
9661.86	0.00741253
9659.93	0.00794926
9658	0.00765284
9656.07	0.00789882
9654.14	0.00840751
9652.21	0.00794471
9650.29	0.00741738
9648.36	0.00688228
9646.43	0.0072656
9644.5	0.00752404
9642.57	0.00743683
9640.65	0.0076466
9638.72	0.00739042
9636.79	0.00714267
9634.86	0.00685259
9632.93	0.0066468
9631.01	0.00668791
9629.08	0.00722069
9627.15	0.00721911
9625.22	0.00684013
9623.29	0.00772464
9621.37	0.00796614
9619.44	0.00750634
9617.51	0.00754983
9615.58	0.00740326
9613.65	0.0072182
9611.73	0.00719162
9609.8	0.0071773
9607.87	0.00717767
9605.94	0.00727258
9604.01	0.00705635
9602.09	0.0066968
9600.16	0.00733842
9598.23	0.0082595
9596.3	0.00879472
9594.37	0.00831577
9592.45	0.00743363
9590.52	0.00705682
9588.59	0.0068265
9586.66	0.00710262
9584.73	0.00723437
9582.81	0.0079085
9580.88	0.00830489
9578.95	0.00782493
9577.02	0.00775301
9575.09	0.00772481
9573.17	0.00710458
9571.24	0.00696668
9569.31	0.00734401
9567.38	0.00728427
9565.45	0.00689971
9563.53	0.00665978
9561.6	0.00693867
9559.67	0.00741219
9557.74	0.00766747
9555.81	0.00739301
9553.88	0.00675299
9551.96	0.00689958
9550.03	0.00791208
9548.1	0.0074039
9546.17	0.00666073
9544.25	0.0066257
9542.32	0.00655173
9540.39	0.0067289
9538.46	0.00723494
9536.53	0.00727632
9534.6	0.00719465
9532.68	0.0073456
9530.75	0.00819257
9528.82	0.00871621
9526.89	0.008359
9524.96	0.0079328
9523.04	0.00727439
9521.11	0.00659596
9519.18	0.00656962
9517.25	0.00704022
9515.32	0.00759039
9513.4	0.00753223
9511.47	0.00734866
9509.54	0.00750479
9507.61	0.0069851
9505.68	0.00698728
9503.76	0.00718865
9501.83	0.00724505
9499.9	0.00715069
9497.97	0.00716154
9496.04	0.00752798
9494.12	0.00750721
9492.19	0.00732763
9490.26	0.00716433
9488.33	0.00686709
9486.4	0.00746228
9484.48	0.00795831
9482.55	0.00742641
9480.62	0.00705551
9478.69	0.00674138
9476.76	0.00665329
9474.84	0.00742992
9472.91	0.00811209
9470.98	0.00792132
9469.05	0.00743949
9467.12	0.007068
9465.2	0.0069725
9463.27	0.00717242
9461.34	0.00741296
9459.41	0.00759106
9457.48	0.00736817
9455.56	0.00792706
9453.63	0.00823553
9451.7	0.00809828
9449.77	0.0075885
9447.84	0.0072874
9445.92	0.00749238
9443.99	0.0075242
9442.06	0.0078196
9440.13	0.00767459
9438.2	0.00756436
9436.28	0.00743804
9434.35	0.00697641
9432.42	0.00697237
9430.49	0.00672129
9428.56	0.00643637
9426.63	0.00690015
9424.71	0.00722945
9422.78	0.00707278
9420.85	0.00715311
9418.92	0.00756304
9417	0.0073277
9415.07	0.00657511
9413.14	0.00684804
9411.21	0.00729727
9409.28	0.00772582
9407.35	0.00777382
9405.43	0.00717801
9403.5	0.00617989
9401.57	0.00617837
9399.64	0.00706305
9397.71	0.00751433
9395.79	0.00749943
9393.86	0.00693459
9391.93	0.00691564
9390	0.00685417
9388.07	0.00663792
9386.15	0.00703261
9384.22	0.00720449
9382.29	0.00642554
9380.36	0.00604981
9378.43	0.00595658
9376.51	0.0065925
9374.58	0.00703332
9372.65	0.00674865
9370.72	0.00607249
9368.79	0.0059074
9366.87	0.0059803
9364.94	0.00612928
9363.01	0.00636713
9361.08	0.00648146
9359.15	0.00658261
9357.23	0.00665595
9355.3	0.00663179
9353.37	0.00642103
9351.44	0.00592833
9349.51	0.00597768
9347.59	0.00670908
9345.66	0.00718821
9343.73	0.00674758
9341.8	0.00644329
9339.87	0.00697159
9337.95	0.0070086
9336.02	0.00708612
9334.09	0.00744344
9332.16	0.00713001
9330.23	0.00629296
9328.31	0.00630439
9326.38	0.00617666
9324.45	0.00587795
9322.52	0.00598859
9320.59	0.00588772
9318.67	0.00597415
9316.74	0.00646825
9314.81	0.00660918
9312.88	0.00705281
9310.95	0.00703295
9309.03	0.00672675
9307.1	0.00635254
9305.17	0.00628062
9303.24	0.00649687
9301.31	0.00655627
9299.38	0.00593055
9297.46	0.00608814
9295.53	0.0071483
9293.6	0.00710232
9291.67	0.00634285
9289.74	0.00592598
9287.82	0.00572509
9285.89	0.00623951
9283.96	0.00710697
9282.03	0.00692991
9280.1	0.00638051
9278.18	0.00652858
9276.25	0.00672513
9274.32	0.00635452
9272.39	0.00596437
9270.46	0.00601114
9268.54	0.0061236
9266.61	0.00644275
9264.68	0.00679971
9262.75	0.00674017
9260.82	0.00662789
9258.9	0.00703638
9256.97	0.00660976
9255.04	0.00639709
9253.11	0.0064665
9251.18	0.00597532
9249.26	0.00594919
9247.33	0.00630641
9245.4	0.00675209
9243.47	0.0069285
9241.54	0.00658432
9239.62	0.00631804
9237.69	0.00605327
9235.76	0.00613001
9233.83	0.00655267
9231.9	0.00618207
9229.98	0.00643707
9228.05	0.00722706
9226.12	0.0070712
9224.19	0.00699974
9222.26	0.00713843
9220.34	0.00605481
9218.41	0.00544937
9216.48	0.00598661
9214.55	0.00667758
9212.62	0.00659909
9210.7	0.00594405
9208.77	0.00554984
9206.84	0.00541519
9204.91	0.00598933
9202.98	0.00642557
9201.05	0.00660868
9199.13	0.0066542
9197.2	0.00668388
9195.27	0.00688864
9193.34	0.00700954
9191.42	0.00683717
9189.49	0.00616702
9187.56	0.00626597
9185.63	0.00662271
9183.7	0.00665521
9181.77	0.00654709
9179.85	0.00626614
9177.92	0.00630617
9175.99	0.00640277
9174.06	0.00637557
9172.13	0.0063988
9170.21	0.00631105
9168.28	0.00609987
9166.35	0.00593669
9164.42	0.00603617
9162.49	0.00599209
9160.57	0.00635805
9158.64	0.00687073
9156.71	0.00670154
9154.78	0.00593522
9152.85	0.00549061
9150.93	0.00571502
9149	0.00574571
9147.07	0.00519291
9145.14	0.00550729
9143.21	0.00605276
9141.29	0.00619747
9139.36	0.00595547
9137.43	0.00601308
9135.5	0.00564003
9133.57	0.0054077
9131.65	0.00572452
9129.72	0.00580867
9127.79	0.00601043
9125.86	0.00601604
9123.93	0.00545813
9122.01	0.00536788
9120.08	0.00537047
9118.15	0.00546028
9116.22	0.005876
9114.29	0.00613573
9112.37	0.00581132
9110.44	0.00585169
9108.51	0.00618399
9106.58	0.00595161
9104.65	0.00575229
9102.73	0.00577747
9100.8	0.00580766
9098.87	0.00584685
9096.94	0.00576441
9095.01	0.00569068
9093.08	0.00582791
9091.16	0.00586193
9089.23	0.00576397
9087.3	0.00601779
9085.37	0.00613257
9083.45	0.00574776
9081.52	0.00559669
9079.59	0.00600338
9077.66	0.00614369
9075.73	0.00576434
9073.8	0.0057169
9071.88	0.00570361
9069.95	0.00607017
9068.02	0.00589639
9066.09	0.00562042
9064.17	0.00631905
9062.24	0.00643371
9060.31	0.00592672
9058.38	0.00544048
9056.45	0.00540985
9054.52	0.00526135
9052.6	0.00525324
9050.67	0.00564154
9048.74	0.00569511
9046.81	0.00573732
9044.88	0.0057402
9042.96	0.00577448
9041.03	0.00587899
9039.1	0.00596468
9037.17	0.00584658
9035.24	0.00579947
9033.32	0.00586294
9031.39	0.0057312
9029.46	0.00575545
9027.53	0.00590381
9025.6	0.00591842
9023.68	0.00601816
9021.75	0.00627847
9019.82	0.00653353
9017.89	0.00634928
9015.96	0.00608761
9014.04	0.00600912
9012.11	0.00568155
9010.18	0.00571898
9008.25	0.00582509
9006.32	0.00565755
9004.4	0.00550518
9002.47	0.00503245
9000.54	0.00484555
8998.61	0.00502726
8996.68	0.00498546
8994.76	0.00514757
8992.83	0.00514348
8990.9	0.00524348
8988.97	0.00532854
8987.04	0.0054581
8985.12	0.00551205
8983.19	0.00566245
8981.26	0.00565265
8979.33	0.00524227
8977.4	0.00543515
8975.48	0.00546588
8973.55	0.00551034
8971.62	0.00558273
8969.69	0.0054987
8967.76	0.00557246
8965.83	0.00534625
8963.91	0.00523248
8961.98	0.00525867
8960.05	0.00526035
8958.12	0.00539392
8956.2	0.00501147
8954.27	0.00479131
8952.34	0.00500946
8950.41	0.00539751
8948.48	0.00531388
8946.55	0.00510952
8944.63	0.00522886
8942.7	0.00517926
8940.77	0.0050059
8938.84	0.00506969
8936.92	0.00518442
8934.99	0.00491183
8933.06	0.00492966
8931.13	0.0050529
8929.2	0.00515773
8927.27	0.00518047
8925.35	0.00503419
8923.42	0.00516716
8921.49	0.00511867
8919.56	0.0052414
8917.63	0.00543971
8915.71	0.00496297
8913.78	0.00442766
8911.85	0.00469976
8909.92	0.00516816
8907.99	0.00482153
8906.07	0.00450717
8904.14	0.00475235
8902.21	0.00470853
8900.28	0.00459868
8898.35	0.00470769
8896.43	0.00483225
8894.5	0.00451095
8892.57	0.00444668
8890.64	0.00464315
8888.71	0.00505246
8886.79	0.00515183
8884.86	0.00455559
8882.93	0.00476072
8881	0.00518064
8879.07	0.00552575
8877.15	0.00520703
8875.22	0.00473938
8873.29	0.00469416
8871.36	0.00495878
8869.43	0.00531891
8867.51	0.00540331
8865.58	0.00494635
8863.65	0.00477804
8861.72	0.00481955
8859.79	0.00457059
8857.87	0.00484129
8855.94	0.00499726
8854.01	0.00476394
8852.08	0.00483717
8850.15	0.00529204
8848.22	0.00516286
8846.3	0.00466342
8844.37	0.00464155
8842.44	0.00486505
8840.51	0.00465303
8838.58	0.00474377
8836.66	0.00512142
8834.73	0.00511324
8832.8	0.00469674
8830.87	0.00459249
8828.94	0.00493431
8827.02	0.00479536
8825.09	0.00457089
8823.16	0.00462075
8821.23	0.00473355
8819.3	0.00468472
8817.38	0.00470233
8815.45	0.0049695
8813.52	0.00488418
8811.59	0.00456653
8809.66	0.0043879
8807.74	0.00452626
8805.81	0.00466864
8803.88	0.00438633
8801.95	0.00455505
8800.02	0.00468214
8798.1	0.00480913
8796.17	0.00478725
8794.24	0.00434175
8792.31	0.00415377
8790.38	0.00428954
8788.46	0.00491327
8786.53	0.00498971
8784.6	0.00461285
8782.67	0.00452291
8780.74	0.00431892
8778.82	0.0042183
8776.89	0.00422717
8774.96	0.00440012
8773.03	0.00470856
8771.1	0.00464734
8769.18	0.00444494
8767.25	0.00443443
8765.32	0.00442408
8763.39	0.00429988
8761.46	0.0044046
8759.54	0.00450399
8757.61	0.00420904
8755.68	0.00405834
8753.75	0.00435095
8751.82	0.00422433
8749.9	0.00442559
8747.97	0.00464212
8746.04	0.0046256
8744.11	0.00468009
8742.18	0.004617
8740.25	0.00423303
8738.33	0.00390004
8736.4	0.00396507
8734.47	0.00390265
8732.54	0.0040048
8730.62	0.00429058
8728.69	0.00473479
8726.76	0.00462041
8724.83	0.00445706
8722.9	0.00447744
8720.97	0.00435225
8719.05	0.00428981
8717.12	0.00413273
8715.19	0.00403961
8713.26	0.00420208
8711.33	0.00448166
8709.41	0.00430159
8707.48	0.00392184
8705.55	0.00366079
8703.62	0.00356627
8701.69	0.00344933
8699.77	0.00340966
8697.84	0.00363236
8695.91	0.00365424
8693.98	0.00398029
8692.05	0.00435363
8690.13	0.00448648
8688.2	0.00422934
8686.27	0.0038179
8684.34	0.00338591
8682.41	0.00343767
8680.49	0.00406265
8678.56	0.00413862
8676.63	0.00409062
8674.7	0.0041617
8672.77	0.00406951
8670.85	0.00405439
8668.92	0.00419251
8666.99	0.00423661
8665.06	0.00392298
8663.13	0.0036486
8661.21	0.00337099
8659.28	0.00346379
8657.35	0.00405978
8655.42	0.00415534
8653.49	0.00389974
8651.57	0.00386918
8649.64	0.00377435
8647.71	0.00349953
8645.78	0.00347167
8643.85	0.00363637
8641.93	0.00361679
8640	0.00384648
8638.07	0.00409316
8636.14	0.00396353
8634.21	0.00355548
8632.29	0.00359507
8630.36	0.00342335
8628.43	0.00311938
8626.5	0.00357068
8624.57	0.0037823
8622.65	0.00391134
8620.72	0.00392354
8618.79	0.00363263
8616.86	0.00333215
8614.93	0.00298664
8613	0.00298194
8611.08	0.00329479
8609.15	0.00354406
8607.22	0.003622
8605.29	0.00369401
8603.37	0.00368027
8601.44	0.0034353
8599.51	0.00325052
8597.58	0.00316077
8595.65	0.0030427
8593.72	0.00332324
8591.8	0.00374467
8589.87	0.00400781
8587.94	0.0037923
8586.01	0.00327503
8584.08	0.00293664
8582.16	0.00287986
8580.23	0.0029356
8578.3	0.00296569
8576.37	0.00322395
8574.44	0.00329025
8572.52	0.0032318
8570.59	0.00325823
8568.66	0.00348747
8566.73	0.00338351
8564.8	0.00286479
8562.88	0.00258794
8560.95	0.00298204
8559.02	0.00331876
8557.09	0.00328671
8555.16	0.00346583
8553.24	0.00366146
8551.31	0.00374791
8549.38	0.0035157
8547.45	0.0034151
8545.52	0.00335402
8543.6	0.00337329
8541.67	0.00343347
8539.74	0.00351386
8537.81	0.00365765
8535.88	0.00325807
8533.96	0.00311648
8532.03	0.00324278
8530.1	0.003415
8528.17	0.00316888
8526.24	0.00299348
8524.32	0.00336067
8522.39	0.00353721
8520.46	0.00326641
8518.53	0.00316874
8516.6	0.00335242
8514.68	0.00320332
8512.75	0.00299849
8510.82	0.00285575
8508.89	0.00280572
8506.96	0.00284694
8505.04	0.00284928
8503.11	0.00284971
8501.18	0.0029784
8499.25	0.00302578
8497.32	0.00299498
8495.39	0.00284314
8493.47	0.00276594
8491.54	0.00280909
8489.61	0.00296369
8487.68	0.00290798
8485.75	0.00275323
8483.83	0.00292636
8481.9	0.00291899
8479.97	0.00253338
8478.04	0.00260128
8476.11	0.00280656
8474.19	0.00262441
8472.26	0.00250022
8470.33	0.00277871
8468.4	0.00279488
8466.47	0.00284804
8464.55	0.00295051
8462.62	0.00293167
8460.69	0.00300416
8458.76	0.00286279
8456.83	0.00282657
8454.91	0.00286792
8452.98	0.00281489
8451.05	0.00267031
8449.12	0.00246903
8447.19	0.00253345
8445.27	0.002446
8443.34	0.00243118
8441.41	0.00279535
8439.48	0.00268612
8437.55	0.00234822
8435.63	0.00252718
8433.7	0.00248786
8431.77	0.00210663
8429.84	0.00225618
8427.91	0.00277531
8425.99	0.00268352
8424.06	0.00246393
8422.13	0.00287549
8420.2	0.00279015
8418.27	0.00238556
8416.35	0.00215201
8414.42	0.00218375
8412.49	0.0022006
8410.56	0.00246243
8408.63	0.00273236
8406.71	0.00304467
8404.78	0.00317932
8402.85	0.00280132
8400.92	0.00266908
8398.99	0.002738
8397.07	0.00249979
8395.14	0.00230881
8393.21	0.00221219
8391.28	0.00226448
8389.35	0.00231471
8387.43	0.00243607
8385.5	0.00253658
8383.57	0.00235781
8381.64	0.00241672
8379.71	0.0023712
8377.79	0.00235765
8375.86	0.00237514
8373.93	0.00247736
8372	0.002373
8370.07	0.00235028
8368.14	0.00231267
8366.22	0.00231527
8364.29	0.00259298
8362.36	0.00254721
8360.43	0.00242508
8358.5	0.00232986
8356.58	0.0021602
8354.65	0.00195613
8352.72	0.00205319
8350.79	0.00204447
8348.86	0.00225019
8346.94	0.00232943
8345.01	0.00258528
8343.08	0.00233593
8341.15	0.00219467
8339.22	0.00223863
8337.3	0.00211122
8335.37	0.00218921
8333.44	0.00234965
8331.51	0.0023724
8329.58	0.00208505
8327.66	0.00195869
8325.73	0.00209078
8323.8	0.00208978
8321.87	0.00188607
8319.94	0.00187612
8318.02	0.00208009
8316.09	0.00191532
8314.16	0.00157274
8312.23	0.00169386
8310.3	0.0020464
8308.38	0.00215111
8306.45	0.00188534
8304.52	0.00160237
8302.59	0.00174516
8300.66	0.00187429
8298.74	0.00176925
8296.81	0.001616
8294.88	0.00133776
8292.95	0.00165797
8291.02	0.00189592
8289.1	0.00190494
8287.17	0.00210882
8285.24	0.00207816
8283.31	0.00183126
8281.38	0.00167693
8279.46	0.00178778
8277.53	0.00182854
8275.6	0.00160562
8273.67	0.00155913
8271.74	0.00155937
8269.82	0.00176282
8267.89	0.00184411
8265.96	0.00183782
8264.03	0.00183629
8262.1	0.00172507
8260.17	0.0017065
8258.25	0.00191719
8256.32	0.00206911
8254.39	0.00169995
8252.46	0.00166057
8250.54	0.00171795
8248.61	0.00172101
8246.68	0.00175374
8244.75	0.00176449
8242.82	0.00195363
8240.89	0.00199314
8238.97	0.00165485
8237.04	0.00131602
8235.11	0.00154437
8233.18	0.00159342
8231.25	0.00158012
8229.33	0.00165219
8227.4	0.00147714
8225.47	0.00154151
8223.54	0.00171136
8221.61	0.00160363
8219.69	0.00144509
8217.76	0.00156013
8215.83	0.00140094
8213.9	0.00120965
8211.97	0.00146195
8210.05	0.00150996
8208.12	0.00141969
8206.19	0.00132104
8204.26	0.00133151
8202.33	0.00158225
8200.41	0.00152302
8198.48	0.00117038
8196.55	0.00138482
8194.62	0.00177467
8192.69	0.00171113
8190.77	0.00153991
8188.84	0.00143535
8186.91	0.00127508
8184.98	0.000925093
8183.05	0.00104375
8181.13	0.00124341
8179.2	0.00111334
8177.27	0.00114503
8175.34	0.00109111
8173.41	0.00137811
8171.49	0.00173179
8169.56	0.00144639
8167.63	0.00116672
8165.7	0.00103555
8163.77	0.000807863
8161.85	0.00103584
8159.92	0.00146963
8157.99	0.00141284
8156.06	0.00128664
8154.13	0.00136288
8152.21	0.00145184
8150.28	0.00141032
8148.35	0.00141544
8146.42	0.0010959
8144.49	0.000939703
8142.56	0.00125261
8140.64	0.00155302
8138.71	0.00146956
8136.78	0.000972977
8134.85	0.000798137
8132.92	0.000930173
8131	0.00113872
8129.07	0.00112171
8127.14	0.00104933
8125.21	0.00122052
8123.28	0.00112095
8121.36	0.000722193
8119.43	0.000534184
8117.5	0.000705466
8115.57	0.000749343
8113.64	0.000683762
8111.72	0.00114108
8109.79	0.00121267
8107.86	0.00105179
8105.93	0.000982109
8104	0.000991175
8102.08	0.00126704
8100.15	0.00142042
8098.22	0.00118888
8096.29	0.00103684
8094.36	0.00110633
8092.44	0.001114
8090.51	0.000885349
8088.58	0.000531497
8086.65	0.000776693
8084.72	0.000884917
8082.8	0.000885183
8080.87	0.000866225
8078.94	0.000899227
8077.01	0.000905171
8075.08	0.000856995
8073.16	0.00114719
8071.23	0.00113859
8069.3	0.000732913
8067.37	0.000670056
8065.44	0.000633156
8063.52	0.000770951
8061.59	0.000957469
8059.66	0.000809622
8057.73	0.000697933
8055.8	0.000648453
8053.88	0.000480909
8051.95	0.000607208
8050.02	0.00057884
8048.09	0.000620845
8046.16	0.000593239
8044.24	0.000669326
8042.31	0.000941098
8040.38	0.00105295
8038.45	0.000809755
8036.52	0.000658375
8034.6	0.000573067
8032.67	0.000532525
8030.74	0.000528312
8028.81	0.00091895
8026.88	0.00107112
8024.96	0.000785954
8023.03	0.000631132
8021.1	0.000540421
8019.17	0.000581892
8017.24	0.000802419
8015.31	0.000816527
8013.39	0.000584911
8011.46	0.000420111
8009.53	0.000484989
8007.6	0.000755782
8005.67	0.000543407
8003.75	0.000420376
8001.82	0.000463959
7999.89	0.000432548
7997.96	0.000276592
7996.03	0.000277852
7994.11	0.000445649
7992.18	0.00049358
7990.25	0.000159769
7988.32	0.00026512
7986.39	0.000443958
7984.47	0.00018569
7982.54	0.000201502
7980.61	0.000453046
7978.68	9.26195e-05
7976.75	-5.64899e-05
7974.83	0.000146676
7972.9	0.000125198
7970.97	-2.00788e-05
7969.04	4.47333e-05
7967.11	0.000432217
7965.19	0.000561554
7963.26	0.000406712
7961.33	0.00015367
7959.4	6.05401e-05
7957.47	-2.97533e-05
7955.55	-8.03426e-05
7953.62	0.000275895
7951.69	0.000308289
7949.76	0.000231337
7947.83	0.000177867
7945.91	9.57679e-05
7943.98	0.000163945
7942.05	0.000345759
7940.12	0.000262965
7938.19	0.000165602
7936.27	1.24917e-05
7934.34	5.09631e-05
7932.41	0.000205148
7930.48	0.000376864
7928.55	0.000389068
7926.63	2.27968e-05
7924.7	-0.000134437
7922.77	0.000195568
7920.84	0.000338298
7918.91	7.70766e-05
7916.99	3.0153e-05
7915.06	-1.33197e-05
7913.13	4.19497e-05
7911.2	-7.91896e-06
7909.27	7.08464e-05
7907.35	-2.57775e-05
7905.42	-0.000153052
7903.49	-0.000163519
7901.56	-0.000163088
7899.63	-0.00014613
7897.71	-6.20225e-05
7895.78	-0.000206012
7893.85	-0.000317573
7891.92	-0.000170242
7889.99	3.66147e-05
7888.06	-0.000177628
7886.14	-0.000209059
7884.21	-0.00017329
7882.28	-0.000392991
7880.35	-0.000332671
7878.42	-0.000164446
7876.5	-0.000245288
7874.57	-0.000217636
7872.64	-0.000147057
7870.71	-0.000147819
7868.78	-0.000321083
7866.86	-0.000419241
7864.93	-0.00031456
7863	-0.000351079
7861.07	-0.000324526
7859.14	-0.000386403
7857.22	-0.00042371
7855.29	-0.000270985
7853.36	-0.000143546
7851.43	-0.000291184
7849.5	-0.00056394
7847.58	-0.000433674
7845.65	-0.000211609
7843.72	-0.000380808
7841.79	-0.000439433
7839.86	-0.00039842
7837.94	-0.000490504
7836.01	-0.000509203
7834.08	-0.000433674
7832.15	-0.000399976
7830.22	-0.000400936
7828.3	-0.000293535
7826.37	-0.000418182
7824.44	-0.000415071
7822.51	-0.000296382
7820.58	-0.000238036
7818.66	-0.000262972
7816.73	-0.000376173
7814.8	-0.00030317
7812.87	-0.000484117
7810.94	-0.000412124
7809.02	-0.000443405
7807.09	-0.000575587
7805.16	-0.000435196
7803.23	-0.000685433
7801.3	-0.000682224
7799.38	-0.000540279
7797.45	-0.000579823
7795.52	-0.000494674
7793.59	-0.000363759
7791.66	-0.000388786
7789.74	-0.00050778
7787.81	-0.000463563
7785.88	-0.000342968
7783.95	-0.000457473
7782.02	-0.000680272
7780.09	-0.000768295
7778.17	-0.000610959
7776.24	-0.000609967
7774.31	-0.000710442
7772.38	-0.000817376
7770.46	-0.000739187
7768.53	-0.000642788
7766.6	-0.000657742
7764.67	-0.000638917
7762.74	-0.000615029
7760.81	-0.00044847
7758.89	-0.000404246
7756.96	-0.000385906
7755.03	-0.000418381
7753.1	-0.00076502
7751.17	-0.000847338
7749.25	-0.000715867
7747.32	-0.000706572
7745.39	-0.000563212
7743.46	-0.000549611
7741.53	-0.000695159
7739.61	-0.00089598
7737.68	-0.00104303
7735.75	-0.000941576
7733.82	-0.000851637
7731.89	-0.000802659
7729.97	-0.000965347
7728.04	-0.000806528
7726.11	-0.000582834
7724.18	-0.000543059
7722.25	-0.000640936
7720.33	-0.000884606
7718.4	-0.0010895
7716.47	-0.0011285
7714.54	-0.000929045
7712.61	-0.000816516
7710.69	-0.000758306
7708.76	-0.000720002
7706.83	-0.000755428
7704.9	-0.000856333
7702.97	-0.000961677
7701.05	-0.000976091
7699.12	-0.000956982
7697.19	-0.00102145
7695.26	-0.00104062
7693.33	-0.000993348
7691.41	-0.00102346
7689.48	-0.00102475
7687.55	-0.000953577
7685.62	-0.000786486
7683.69	-0.000787875
7681.77	-0.00091291
7679.84	-0.000923623
7677.91	-0.000967826
7675.98	-0.000979596
7674.05	-0.000858251
7672.12	-0.000758571
7670.2	-0.000867047
7668.27	-0.00127369
7666.34	-0.00143075
7664.41	-0.00132599
7662.48	-0.00135268
7660.56	-0.00121716
7658.63	-0.00105292
7656.7	-0.00110563
7654.77	-0.00121406
7652.84	-0.0011746
7650.92	-0.00120682
7648.99	-0.00125711
7647.06	-0.00125532
7645.13	-0.00121449
7643.2	-0.000973777
7641.28	-0.000790256
7639.35	-0.000886887
7637.42	-0.00103788
7635.49	-0.00115805
7633.56	-0.00127161
7631.64	-0.001228
7629.71	-0.00132044
7627.78	-0.00133712
7625.85	-0.00124653
7623.92	-0.00130617
7622	-0.00137424
7620.07	-0.00122701
7618.14	-0.00110914
7616.21	-0.00099748
7614.28	-0.00104654
7612.36	-0.00109496
7610.43	-0.00112675
7608.5	-0.00120817
7606.57	-0.00122496
7604.64	-0.0011981
7602.72	-0.00101913
7600.79	-0.00101679
7598.86	-0.00130465
7596.93	-0.00134795
7595	-0.00134217
7593.08	-0.00136133
7591.15	-0.00131766
7589.22	-0.00132262
7587.29	-0.00137709
7585.36	-0.00129279
7583.44	-0.00133352
7581.51	-0.00137791
7579.58	-0.00135994
7577.65	-0.00118339
7575.72	-0.00116129
7573.8	-0.00137025
7571.87	-0.00156907
7569.94	-0.00149878
7568.01	-0.00130048
7566.08	-0.00139997
7564.16	-0.00156369
7562.23	-0.00146774
7560.3	-0.00136483
7558.37	-0.00142848
7556.44	-0.00129104
7554.52	-0.00122793
7552.59	-0.00130656
7550.66	-0.00135225
7548.73	-0.00137309
7546.8	-0.00146959
7544.88	-0.00130524
7542.95	-0.00137656
7541.02	-0.00159918
7539.09	-0.00153702
7537.16	-0.00151892
7535.23	-0.00166233
7533.31	-0.00168728
7531.38	-0.00150175
7529.45	-0.0014507
7527.52	-0.0014406
7525.59	-0.00139023
7523.67	-0.00136434
7521.74	-0.00148313
7519.81	-0.00152675
7517.88	-0.00136886
7515.95	-0.00135714
7514.03	-0.00148075
7512.1	-0.00140443
7510.17	-0.00147857
7508.24	-0.00160479
7506.31	-0.00165659
7504.39	-0.00173982
7502.46	-0.00171006
7500.53	-0.00176359
7498.6	-0.00182991
7496.67	-0.0016417
7494.75	-0.00145664
7492.82	-0.0015147
7490.89	-0.00152572
7488.96	-0.00155534
7487.03	-0.00167207
7485.11	-0.00166009
7483.18	-0.00146048
7481.25	-0.00153177
7479.32	-0.00178596
7477.39	-0.00171682
7475.47	-0.00161235
7473.54	-0.00150766
7471.61	-0.00151153
7469.68	-0.00153761
7467.75	-0.00162714
7465.83	-0.00165811
7463.9	-0.00165137
7461.97	-0.00169936
7460.04	-0.00171012
7458.11	-0.00178164
7456.19	-0.00156353
7454.26	-0.00153781
7452.33	-0.00153527
7450.4	-0.00156402
7448.47	-0.00162203
7446.54	-0.00164365
7444.62	-0.00185584
7442.69	-0.00194208
7440.76	-0.0017288
7438.83	-0.00172032
7436.91	-0.00162962
7434.98	-0.00164705
7433.05	-0.00180104
7431.12	-0.00191361
7429.19	-0.00183532
7427.26	-0.00174332
7425.34	-0.00173247
7423.41	-0.00178556
7421.48	-0.00190523
7419.55	-0.00193165
7417.62	-0.00188365
7415.7	-0.00195257
7413.77	-0.00201184
7411.84	-0.00193551
7409.91	-0.00176484
7407.98	-0.00166768
7406.06	-0.00185165
7404.13	-0.00184736
7402.2	-0.00184109
7400.27	-0.001782
7398.34	-0.00164328
7396.42	-0.00170306
7394.49	-0.00197984
7392.56	-0.00218475
7390.63	-0.00213019
7388.7	-0.00185551
7386.78	-0.00179483
7384.85	-0.00199231
7382.92	-0.00206648
7380.99	-0.00193221
7379.06	-0.00184641
7377.14	-0.00188659
7375.21	-0.00188299
7373.28	-0.00201593
7371.35	-0.00189609
7369.42	-0.00165989
7367.5	-0.00161292
7365.57	-0.00172837
7363.64	-0.00165117
7361.71	-0.00150789
7359.78	-0.00163216
7357.86	-0.00190381
7355.93	-0.00200818
7354	-0.00205303
7352.07	-0.00212383
7350.14	-0.00213481
7348.22	-0.00194181
7346.29	-0.00190427
7344.36	-0.00201263
7342.43	-0.00213045
7340.5	-0.00214635
7338.58	-0.00208713
7336.65	-0.00205824
7334.72	-0.00204224
7332.79	-0.00203262
7330.86	-0.00205705
7328.94	-0.00198077
7327.01	-0.00203067
7325.08	-0.00212412
7323.15	-0.00207473
7321.22	-0.00194363
7319.29	-0.00183479
7317.37	-0.00175946
7315.44	-0.00176458
7313.51	-0.00187237
7311.58	-0.00195263
7309.65	-0.00196035
7307.73	-0.00210737
7305.8	-0.00221917
7303.87	-0.00226512
7301.94	-0.00226641
7300.01	-0.0022223
7298.09	-0.00208416
7296.16	-0.0022103
7294.23	-0.00229096
7292.3	-0.00220803
7290.37	-0.0019806
7288.45	-0.00182252
7286.52	-0.00187976
7284.59	-0.00185561
7282.66	-0.00187729
7280.73	-0.00198397
7278.81	-0.00206477
7276.88	-0.00210427
7274.95	-0.00207476
7273.02	-0.0020861
7271.09	-0.00210243
7269.17	-0.0022615
7267.24	-0.00223602
7265.31	-0.00220579
7263.38	-0.00220912
7261.45	-0.00227933
7259.53	-0.00234729
7257.6	-0.00225837
7255.67	-0.0021623
7253.74	-0.0021535
7251.81	-0.00230734
7249.89	-0.00234673
7247.96	-0.00228536
7246.03	-0.00229818
7244.1	-0.00231552
7242.17	-0.00214163
7240.25	-0.00196151
7238.32	-0.00206348
7236.39	-0.00224264
7234.46	-0.00227794
7232.53	-0.00227722
7230.61	-0.0021776
7228.68	-0.00214941
7226.75	-0.00222989
7224.82	-0.00238565
7222.89	-0.0023057
7220.97	-0.00217605
7219.04	-0.00220388
7217.11	-0.00220404
7215.18	-0.00214407
7213.25	-0.00220912
7211.33	-0.00227824
7209.4	-0.0022438
7207.47	-0.00228879
7205.54	-0.00227172
7203.61	-0.00209933
7201.69	-0.00200056
7199.76	-0.00201767
7197.83	-0.00220536
7195.9	-0.00233364
7193.97	-0.00226888
7192.04	-0.00207776
7190.12	-0.00217941
7188.19	-0.0022138
7186.26	-0.00227185
7184.33	-0.00236274
7182.4	-0.00231855
7180.48	-0.00227129
7178.55	-0.00219343
7176.62	-0.00230013
7174.69	-0.00248285
7172.76	-0.00236209
7170.84	-0.00229597
7168.91	-0.00233453
7166.98	-0.00233582
7165.05	-0.00223216
7163.12	-0.00213715
7161.2	-0.00223292
7159.27	-0.00231723
7157.34	-0.0021714
7155.41	-0.0021418
7153.48	-0.00229693
7151.56	-0.00242048
7149.63	-0.0023752
7147.7	-0.00219155
7145.77	-0.00203674
7143.84	-0.0020461
7141.92	-0.00215607
7139.99	-0.0019933
7138.06	-0.00210985
7136.13	-0.00228958
7134.2	-0.00212834
7132.28	-0.00204221
7130.35	-0.00215762
7128.42	-0.00222431
7126.49	-0.00215845
7124.56	-0.00225543
7122.64	-0.00228292
7120.71	-0.00201613
7118.78	-0.00216395
7116.85	-0.00239306
7114.92	-0.00238535
7113	-0.00235039
7111.07	-0.00239332
7109.14	-0.00250597
7107.21	-0.00240163
7105.28	-0.00241125
7103.36	-0.00233351
7101.43	-0.00215683
7099.5	-0.00221855
7097.57	-0.00232
7095.64	-0.00236868
7093.71	-0.00241352
7091.79	-0.00242743
7089.86	-0.00248894
7087.93	-0.00254544
7086	-0.00251493
7084.08	-0.00234317
7082.15	-0.00219893
7080.22	-0.00236482
7078.29	-0.00250643
7076.36	-0.00229152
7074.43	-0.00220707
7072.51	-0.00237754
7070.58	-0.00248173
7068.65	-0.00233592
7066.72	-0.00227208
7064.79	-0.00220038
7062.87	-0.0020678
7060.94	-0.0020776
7059.01	-0.00216441
7057.08	-0.00223981
7055.15	-0.00226206
7053.23	-0.00234755
7051.3	-0.00226881
7049.37	-0.00216544
7047.44	-0.00226054
7045.51	-0.00221541
7043.59	-0.00222814
7041.66	-0.0023867
7039.73	-0.00228658
7037.8	-0.00205504
7035.87	-0.00205036
7033.95	-0.00212587
7032.02	-0.00213547
7030.09	-0.00204772
7028.16	-0.00208815
7026.23	-0.00230257
7024.31	-0.00237774
7022.38	-0.00229996
7020.45	-0.00235118
7018.52	-0.00237939
7016.59	-0.00232758
7014.67	-0.00213464
7012.74	-0.00216989
7010.81	-0.00218729
7008.88	-0.00216395
7006.95	-0.00206154
7005.03	-0.00207225
7003.1	-0.00216112
7001.17	-0.00224406
6999.24	-0.002246
6997.31	-0.00221413
6995.39	-0.00222145
6993.46	-0.00209085
6991.53	-0.00191288
6989.6	-0.00187458
6987.67	-0.00197892
6985.75	-0.00203994
6983.82	-0.00194303
6981.89	-0.0019148
6979.96	-0.00204323
6978.03	-0.00210572
6976.1	-0.0022103
6974.18	-0.00223971
6972.25	-0.00214905
6970.32	-0.00201777
6968.39	-0.00203618
6966.46	-0.00203397
6964.54	-0.0020154
6962.61	-0.00200102
6960.68	-0.00197945
6958.75	-0.00184667
6956.82	-0.00191641
6954.9	-0.00201741
6952.97	-0.00198964
6951.04	-0.00187795
6949.11	-0.00188563
6947.18	-0.00182387
6945.26	-0.00174375
6943.33	-0.00169068
6941.4	-0.00162906
6939.47	-0.00162559
6937.54	-0.00171633
6935.62	-0.00173039
6933.69	-0.00194244
6931.76	-0.00197928
6929.83	-0.00196566
6927.9	-0.00204386
6925.98	-0.00210032
6924.05	-0.00208215
6922.12	-0.0019308
6920.19	-0.00185136
6918.26	-0.00185413
6916.34	-0.00189589
6914.41	-0.00185007
6912.48	-0.00171214
6910.55	-0.00179071
6908.62	-0.00185954
6906.7	-0.00186099
6904.77	-0.0017459
6902.84	-0.00160057
6900.91	-0.00170336
6898.98	-0.00181552
6897.06	-0.00177421
6895.13	-0.00174616
6893.2	-0.00167903
6891.27	-0.00172029
6889.34	-0.00163757
6887.42	-0.0015071
6885.49	-0.00155745
6883.56	-0.00155742
6881.63	-0.00154563
6879.7	-0.00163137
6877.78	-0.00167243
6875.85	-0.00164418
6873.92	-0.00162843
6871.99	-0.00157637
6870.06	-0.00151645
6868.14	-0.00145721
6866.21	-0.00154147
6864.28	-0.00151011
6862.35	-0.00136922
6860.42	-0.00134785
6858.5	-0.00140922
6856.57	-0.00146497
6854.64	-0.00140314
6852.71	-0.00134032
6850.78	-0.00135241
6848.85	-0.00128149
6846.93	-0.00142666
6845	-0.00156297
6843.07	-0.0015702
6841.14	-0.00144951
6839.21	-0.00122641
6837.29	-0.00119373
6835.36	-0.00118072
6833.43	-0.00110114
6831.5	-0.00108808
6829.57	-0.00110461
6827.65	-0.00112391
6825.72	-0.0012356
6823.79	-0.00122334
6821.86	-0.00122004
6819.93	-0.00124729
6818.01	-0.00122202
6816.08	-0.00108987
6814.15	-0.00107956
6812.22	-0.00110547
6810.29	-0.00105539
6808.37	-0.000989877
6806.44	-0.000998109
6804.51	-0.00105222
6802.58	-0.00104716
6800.65	-0.000989943
6798.73	-0.000943097
6796.8	-0.000938633
6794.87	-0.000989513
6792.94	-0.00090299
6791.01	-0.000770511
6789.09	-0.000840889
6787.16	-0.000840228
6785.23	-0.000818037
6783.3	-0.000774711
6781.37	-0.000689634
6779.45	-0.000830671
6777.52	-0.000945576
6775.59	-0.000926466
6773.66	-0.000684804
6771.73	-0.000721656
6769.81	-0.000803883
6767.88	-0.00074577
6765.95	-0.000688013
6764.02	-0.000571584
6762.09	-0.000512513
6760.17	-0.000521085
6758.24	-0.000509601
6756.31	-0.000646361
6754.38	-0.000537433
6752.45	-0.000531013
6750.53	-0.000641763
6748.6	-0.000631043
6746.67	-0.000720829
6744.74	-0.00069592
6742.81	-0.000513936
6740.88	-0.000444862
6738.96	-0.000467402
6737.03	-0.000475147
6735.1	-0.000432449
6733.17	-0.000424107
6731.25	-0.000392924
6729.32	-0.000285522
6727.39	-0.000444862
6725.46	-0.00041517
6723.53	-0.000333532
6721.6	-0.000468594
6719.68	-0.000523401
6717.75	-0.000503346
6715.82	-0.000593323
6713.89	-0.000591239
6711.96	-0.000457837
6710.04	-0.000439532
6708.11	-0.000448436
6706.18	-0.000413813
6704.25	-0.000473294
6702.32	-0.000442843
6700.4	-0.000380345
6698.47	-0.00051622
6696.54	-0.000620555
6694.61	-0.00058515
6692.68	-0.000557685
6690.76	-0.000558149
6688.83	-0.000602687
6686.9	-0.000567679
6684.97	-0.000453633
6683.04	-0.000474915
6681.12	-0.00034502
6679.19	-0.000335452
6677.26	-0.000392064
6675.33	-0.000307872
6673.4	-0.000245189
6671.48	-0.000331313
6669.55	-0.000439532
6667.62	-0.000577639
6665.69	-0.000710078
6663.76	-0.000591967
6661.84	-0.000443604
6659.91	-0.000490008
6657.98	-0.000476471
6656.05	-0.00030913
6654.12	-0.000373691
6652.2	-0.000386866
6650.27	-0.000263402
6648.34	-0.00033234
6646.41	-0.000487459
6644.48	-0.000517113
6642.56	-0.000454262
6640.63	-0.000461047
6638.7	-0.000648876
6636.77	-0.000651589
6634.84	-0.000458962
6632.92	-0.000378656
6630.99	-0.000389349
6629.06	-0.000408384
6627.13	-0.000477265
6625.2	-0.000526346
6623.27	-0.000540941
6621.35	-0.000461047
6619.42	-0.000478457
6617.49	-0.000524957
6615.56	-0.000423346
6613.63	-0.000564039
6611.71	-0.000760754
6609.78	-0.000719506
6607.85	-0.000611886
6605.92	-0.000571286
6603.99	-0.000599875
6602.07	-0.000489942
6600.14	-0.000420069
6598.21	-0.000535149
6596.28	-0.00059961
6594.35	-0.000644244
6592.43	-0.000546566
6590.5	-0.000443306
6588.57	-0.000445987
6586.64	-0.00041517
6584.71	-0.000451647
6582.79	-0.000472665
6580.86	-0.000496462
6578.93	-0.000506093
6577	-0.000513903
6575.07	-0.000623863
6573.15	-0.000694993
6571.22	-0.000642788
6569.29	-0.000568341
6567.36	-0.000539584
6565.43	-0.000665319
6563.51	-0.000621117
6561.58	-0.000529193
6559.65	-0.000571947
6557.72	-0.000631374
6555.79	-0.00062029
6553.87	-0.0007116
6551.94	-0.000648479
6550.01	-0.000624525
6548.08	-0.000687153
6546.15	-0.000704521
6544.23	-0.000733134
6542.3	-0.000886193
6540.37	-0.000889764
6538.44	-0.00082528
6536.51	-0.000817938
6534.59	-0.000761713
6532.66	-0.00067038
6530.73	-0.000831497
6528.8	-0.000965314
6526.87	-0.000932979
6524.95	-0.0010231
6523.02	-0.000978009
6521.09	-0.000841551
6519.16	-0.000791943
6517.23	-0.00074233
6515.31	-0.000754171
6513.38	-0.000705447
6511.45	-0.000741172
6509.52	-0.000877794
6507.59	-0.000934963
6505.67	-0.000900775
6503.74	-0.000984158
6501.81	-0.00103969
6499.88	-0.00108203
6497.95	-0.00114096
6496.02	-0.0011128
6494.1	-0.0010076
6492.17	-0.00097543
6490.24	-0.000976521
6488.31	-0.00100664
6486.38	-0.00105301
6484.46	-0.000973943
6482.53	-0.00102227
6480.6	-0.00109086
6478.67	-0.00109608
6476.74	-0.00110025
6474.82	-0.00105166
6472.89	-0.00101619
6470.96	-0.00109526
6469.03	-0.00110087
6467.1	-0.00118088
6465.18	-0.00127739
6463.25	-0.00125407
6461.32	-0.00116247
6459.39	-0.0011171
6457.46	-0.00116036
6455.54	-0.00114215
6453.61	-0.00110775
6451.68	-0.00109555
6449.75	-0.00112804
6447.82	-0.0011631
6445.9	-0.00124478
6443.97	-0.0013204
6442.04	-0.00123642
6440.11	-0.00127399
6438.18	-0.001354
6436.26	-0.00124482
6434.33	-0.00132196
6432.4	-0.0013684
6430.47	-0.00130987
6428.54	-0.0013936
6426.62	-0.00141645
6424.69	-0.00143181
6422.76	-0.00142352
6420.83	-0.00131657
6418.9	-0.0013505
6416.98	-0.0013395
6415.05	-0.00144231
6413.12	-0.00149389
6411.19	-0.00142646
6409.26	-0.00143353
6407.34	-0.00143429
6405.41	-0.0014935
6403.48	-0.00149838
6401.55	-0.00143574
6399.62	-0.00141437
6397.7	-0.00138997
6395.77	-0.0015625
6393.84	-0.00162493
6391.91	-0.00147226
6389.98	-0.00150918
6388.06	-0.00156102
6386.13	-0.00156554
6384.2	-0.00154203
6382.27	-0.0015068
6380.34	-0.00156663
6378.42	-0.00156973
6376.49	-0.00157356
6374.56	-0.00156498
6372.63	-0.00158228
6370.7	-0.00169745
6368.77	-0.0018146
6366.85	-0.00175329
6364.92	-0.00155303
6362.99	-0.00147857
6361.06	-0.00157591
6359.13	-0.00160532
6357.21	-0.00147913
6355.28	-0.00156472
6353.35	-0.00178942
6351.42	-0.0018727
6349.49	-0.00186089
6347.57	-0.00190315
6345.64	-0.00186944
6343.71	-0.00182262
6341.78	-0.00176042
6339.85	-0.00189517
6337.93	-0.00187686
6336	-0.00182011
6334.07	-0.00187069
6332.14	-0.00185429
6330.21	-0.00180694
6328.29	-0.00179507
6326.36	-0.00181486
6324.43	-0.00194317
6322.5	-0.00195227
6320.57	-0.00191918
6318.65	-0.00187742
6316.72	-0.00179427
6314.79	-0.0017749
6312.86	-0.00181902
6310.93	-0.0018732
6309.01	-0.00184621
6307.08	-0.00194181
6305.15	-0.00203865
6303.22	-0.00199073
6301.29	-0.002056
6299.37	-0.00209399
6297.44	-0.00190497
6295.51	-0.00185429
6293.58	-0.00189398
6291.65	-0.00193245
6289.73	-0.00192558
6287.8	-0.00198268
6285.87	-0.00201098
6283.94	-0.00205342
6282.01	-0.00207555
6280.08	-0.00211872
6278.16	-0.0021508
6276.23	-0.00211377
6274.3	-0.00201138
6272.37	-0.00201702
6270.45	-0.0021507
6268.52	-0.00218063
6266.59	-0.0021447
6264.66	-0.00217447
6262.73	-0.00222072
6260.8	-0.00221093
6258.88	-0.002249
6256.95	-0.00214648
6255.02	-0.00210589
6253.09	-0.00214516
6251.17	-0.00211928
6249.24	-0.00214648
6247.31	-0.00214928
6245.38	-0.00207496
6243.45	-0.00207595
6241.52	-0.00209636
6239.6	-0.00210866
6237.67	-0.00214793
6235.74	-0.00214928
6233.81	-0.0021449
6231.88	-0.00223885
6229.96	-0.00232768
6228.03	-0.00230013
6226.1	-0.00218143
6224.17	-0.00213115
6222.24	-0.00208244
6220.32	-0.00210295
6218.39	-0.00216606
6216.46	-0.00221953
6214.53	-0.00218166
6212.6	-0.00214608
6210.68	-0.00212943
6208.75	-0.00219372
6206.82	-0.00225289
6204.89	-0.00216616
6202.96	-0.00209399
6201.04	-0.00205827
6199.11	-0.0020522
6197.18	-0.00206447
6195.25	-0.0021657
6193.32	-0.00222606
6191.4	-0.00218686
6189.47	-0.00216174
6187.54	-0.00217767
6185.61	-0.00220958
6183.68	-0.00216141
6181.76	-0.00214849
6179.83	-0.00214809
6177.9	-0.00223575
6175.97	-0.00229508
6174.04	-0.0022701
6172.12	-0.00225583
6170.19	-0.00218172
6168.26	-0.0021323
6166.33	-0.00210642
6164.4	-0.00206632
6162.48	-0.00209702
6160.55	-0.00214585
6158.62	-0.00215162
6156.69	-0.00215772
6154.76	-0.0021111
6152.83	-0.00217671
6150.91	-0.00219995
6148.98	-0.00216112
6147.05	-0.00224548
6145.12	-0.00236667
6143.19	-0.00243603
6141.27	-0.00236255
6139.34	-0.00236564
6137.41	-0.00237408
6135.48	-0.00237777
6133.55	-0.00231575
6131.63	-0.00231011
6129.7	-0.00228829
6127.77	-0.00221123
6125.84	-0.00231209
6123.91	-0.00234871
6121.99	-0.00228325
6120.06	-0.00218897
6118.13	-0.00220454
6116.2	-0.00230332
6114.27	-0.00227907
6112.35	-0.0022405
6110.42	-0.00229215
6108.49	-0.00226769
6106.56	-0.00222576
6104.63	-0.00225827
6102.71	-0.00227897
6100.78	-0.00234198
6098.85	-0.00238706
6096.92	-0.00239029
6094.99	-0.00229054
6093.07	-0.00227396
6091.14	-0.00232458
6089.21	-0.0024271
6087.28	-0.00246532
6085.35	-0.00238077
6083.43	-0.00233536
6081.5	-0.00229456
6079.57	-0.0022908
6077.64	-0.00238482
6075.71	-0.00242453
6073.79	-0.00247365
6071.86	-0.002424
6069.93	-0.00236541
6068	-0.00244199
6066.07	-0.00245685
6064.15	-0.00243544
6062.22	-0.00243194
6060.29	-0.00238354
6058.36	-0.00236446
6056.43	-0.00236877
6054.51	-0.00246634
6052.58	-0.00253144
6050.65	-0.00253654
6048.72	-0.0024615
6046.79	-0.00242911
6044.87	-0.00253371
6042.94	-0.00258766
6041.01	-0.00253341
6039.08	-0.00256043
6037.15	-0.00257824
6035.23	-0.00253598
6033.3	-0.00248509
6031.37	-0.00251009
6029.44	-0.00251226
6027.51	-0.00250825
6025.58	-0.00255555
6023.66	-0.00255641
6021.73	-0.0025012
6019.8	-0.00248393
6017.87	-0.00254603
6015.94	-0.00250782
6014.02	-0.00244908
6012.09	-0.00250258
6010.16	-0.00249975
6008.23	-0.00245876
6006.3	-0.00252538
6004.38	-0.00256892
6002.45	-0.00253908
6000.52	-0.00251823
5998.59	-0.00252284
5996.66	-0.00254606
5994.74	-0.00253572
5992.81	-0.00255996
5990.88	-0.00257752
5988.95	-0.00250195
5987.02	-0.00251487
5985.1	-0.00254863
5983.17	-0.0025486
5981.24	-0.0025378
5979.31	-0.00257597
5977.38	-0.00272822
5975.46	-0.00286079
5973.53	-0.00287248
5971.6	-0.00280493
5969.67	-0.00264685
5967.74	-0.00264211
5965.82	-0.00266911
5963.89	-0.00274254
5961.96	-0.00278982
5960.03	-0.00272094
5958.1	-0.00268465
5956.18	-0.00278314
5954.25	-0.00278574
5952.32	-0.00276032
5950.39	-0.00273872
5948.46	-0.00263921
5946.54	-0.00265024
5944.61	-0.00272967
5942.68	-0.00280483
5940.75	-0.00280592
5938.82	-0.00268706
5936.9	-0.00266025
5934.97	-0.00271057
5933.04	-0.00277491
5931.11	-0.00282011
5929.18	-0.00283604
5927.25	-0.00283923
5925.33	-0.00279012
5923.4	-0.00273645
5921.47	-0.00286155
5919.54	-0.00293301
5917.62	-0.00286181
5915.69	-0.002821
5913.76	-0.00289354
5911.83	-0.00294538
5909.9	-0.0029983
5907.97	-0.00292945
5906.05	-0.00287626
5904.12	-0.00289345
5902.19	-0.0028658
5900.26	-0.00280473
5898.33	-0.00281974
5896.41	-0.00299754
5894.48	-0.00310365
5892.55	-0.00301044
5890.62	-0.00293136
5888.69	-0.00296931
5886.77	-0.00297167
5884.84	-0.00289354
5882.91	-0.00288693
5880.98	-0.00289776
5879.05	-0.00292198
5877.13	-0.00295476
5875.2	-0.00296289
5873.27	-0.0029622
5871.34	-0.00284661
5869.41	-0.00281224
5867.49	-0.00281428
5865.56	-0.00275031
5863.63	-0.00280572
5861.7	-0.00283364
5859.77	-0.00275581
5857.85	-0.00280463
5855.92	-0.00289545
5853.99	-0.00284015
5852.06	-0.00281862
5850.13	-0.00297039
5848.21	-0.00298586
5846.28	-0.00295094
5844.35	-0.00286892
5842.42	-0.00284012
5840.49	-0.00285474
5838.57	-0.00284433
5836.64	-0.00290631
5834.71	-0.00295278
5832.78	-0.0029798
5830.85	-0.00301501
5828.93	-0.00290589
5827	-0.00271913
5825.07	-0.00271008
5823.14	-0.0029622
5821.21	-0.00315079
5819.29	-0.00311911
5817.36	-0.00310003
5815.43	-0.00307835
5813.5	-0.00299007
5811.57	-0.00289953
5809.65	-0.00298859
5807.72	-0.00305897
5805.79	-0.003024
5803.86	-0.00306828
5801.93	-0.00309779
5800	-0.00302426
5798.08	-0.002928
5796.15	-0.00287343
5794.22	-0.00297204
5792.29	-0.00303933
5790.36	-0.00301646
5788.44	-0.00300932
5786.51	-0.0030565
5784.58	-0.00312997
5782.65	-0.00313161
5780.72	-0.00302212
5778.8	-0.00297891
5776.87	-0.00303002
5774.94	-0.00305101
5773.01	-0.00302962
5771.08	-0.00300261
5769.16	-0.00304078
5767.23	-0.00312085
5765.3	-0.00305996
5763.37	-0.00292544
5761.44	-0.00294189
5759.52	-0.00302962
5757.59	-0.003008
5755.66	-0.00300606
5753.73	-0.0029981
5751.8	-0.00298128
5749.88	-0.00297608
5747.95	-0.00292215
5746.02	-0.00294683
5744.09	-0.00302462
5742.16	-0.00306137
5740.24	-0.00302607
5738.31	-0.00297368
5736.38	-0.00299856
5734.45	-0.00296467
5732.52	-0.00295384
5730.6	-0.00298566
5728.67	-0.00294759
5726.74	-0.0028969
5724.81	-0.00296832
5722.88	-0.00305762
5720.96	-0.00302492
5719.03	-0.0029983
5717.1	-0.00302396
5715.17	-0.00297835
5713.24	-0.00291619
5711.32	-0.00293442
5709.39	-0.00296345
5707.46	-0.00301376
5705.53	-0.00296081
5703.6	-0.00299547
5701.68	-0.00295897
5699.75	-0.00282172
5697.82	-0.00286563
5695.89	-0.00296694
5693.96	-0.00303183
5692.03	-0.00304581
5690.11	-0.00300425
5688.18	-0.00301778
5686.25	-0.00296605
5684.32	-0.00295943
5682.4	-0.00295219
5680.47	-0.00291329
5678.54	-0.00296371
5676.61	-0.00309454
5674.68	-0.00314368
5672.75	-0.00299145
5670.83	-0.00298559
5668.9	-0.00305374
5666.97	-0.0029905
5665.04	-0.00291201
5663.11	-0.00286682
5661.19	-0.00292652
5659.26	-0.00292323
5657.33	-0.00293037
5655.4	-0.00309717
5653.47	-0.00318204
5651.55	-0.00303459
5649.62	-0.00286096
5647.69	-0.00296463
5645.76	-0.00307295
5643.83	-0.00299017
5641.91	-0.00293149
5639.98	-0.00286909
5638.05	-0.00295269
5636.12	-0.00303785
5634.19	-0.00293376
5632.27	-0.00289154
5630.34	-0.00298359
5628.41	-0.00300142
5626.48	-0.00291586
5624.55	-0.00296262
5622.63	-0.00293821
5620.7	-0.0029207
5618.77	-0.00300965
5616.84	-0.0029436
5614.91	-0.00286497
5612.99	-0.00298935
5611.06	-0.00310075
5609.13	-0.00308463
5607.2	-0.00294647
5605.27	-0.00289068
5603.35	-0.00294515
5601.42	-0.00293844
5599.49	-0.00289414
5597.56	-0.00290835
5595.63	-0.00296111
5593.71	-0.00300261
5591.78	-0.00297358
5589.85	-0.00292962
5587.92	-0.00298099
5585.99	-0.00301857
5584.07	-0.00292817
5582.14	-0.00285632
5580.21	-0.00298497
5578.28	-0.00304298
5576.35	-0.00302488
5574.43	-0.00302505
5572.5	-0.0030844
5570.57	-0.00313628
5568.64	-0.00308684
5566.71	-0.00302426
5564.79	-0.00311803
5562.86	-0.00314421
5560.93	-0.00311362
5559	-0.00307378
5557.07	-0.00303337
5555.14	-0.00303248
5553.22	-0.00306318
5551.29	-0.00305065
5549.36	-0.00307944
5547.43	-0.00311572
5545.5	-0.00310312
5543.58	-0.00307953
5541.65	-0.00302288
5539.72	-0.00303248
5537.79	-0.00305256
5535.86	-0.00304078
5533.94	-0.00305733
5532.01	-0.00316043
5530.08	-0.00322364
5528.15	-0.00314168
5526.22	-0.00309463
5524.3	-0.00311526
5522.37	-0.00304854
5520.44	-0.0030514
5518.51	-0.00307052
5516.58	-0.00311171
5514.66	-0.00311977
5512.73	-0.00315474
5510.8	-0.00320957
5508.87	-0.00318809
5506.94	-0.00314737
5505.02	-0.00317227
5503.09	-0.0032223
5501.16	-0.00329596
5499.23	-0.00333216
5497.3	-0.0032294
5495.38	-0.00301995
5493.45	-0.00290411
5491.52	-0.00286764
5489.59	-0.00298734
5487.66	-0.0031703
5485.74	-0.00325397
5483.81	-0.00321569
5481.88	-0.00321486
5479.95	-0.00323815
5478.02	-0.00324785
5476.1	-0.00322289
5474.17	-0.00319769
5472.24	-0.00319358
5470.31	-0.00325308
5468.38	-0.00327258
5466.46	-0.00329609
5464.53	-0.00316661
5462.6	-0.00306887
5460.67	-0.00308391
5458.74	-0.00316322
5456.82	-0.00317227
5454.89	-0.00311875
5452.96	-0.00312049
5451.03	-0.00313339
5449.1	-0.00306769
5447.17	-0.00318013
5445.25	-0.00325532
5443.32	-0.00323789
5441.39	-0.00325791
5439.46	-0.00324288
5437.54	-0.00321029
5435.61	-0.00329363
5433.68	-0.0033245
5431.75	-0.00324055
5429.82	-0.00319441
5427.89	-0.00323989
5425.97	-0.00327353
5424.04	-0.0031523
5422.11	-0.00313546
5420.18	-0.00320736
5418.25	-0.00321697
5416.33	-0.00322299
5414.4	-0.00329363
5412.47	-0.00332368
5410.54	-0.00321595
5408.61	-0.00306354
5406.69	-0.00305696
5404.76	-0.00320598
5402.83	-0.00323003
5400.9	-0.00320855
5398.97	-0.00320391
5397.05	-0.00323871
5395.12	-0.00328906
5393.19	-0.00330254
5391.26	-0.00327442
5389.33	-0.00323733
5387.41	-0.00324384
5385.48	-0.0032641
5383.55	-0.00333069
5381.62	-0.00336912
5379.69	-0.00334377
5377.77	-0.00333236
5375.84	-0.00331273
5373.91	-0.00331135
5371.98	-0.00328564
5370.05	-0.00317954
5368.13	-0.0031624
5366.2	-0.00325042
5364.27	-0.00332776
5362.34	-0.0033589
5360.41	-0.00333611
5358.49	-0.00325413
5356.56	-0.00325042
5354.63	-0.0032807
5352.7	-0.00330007
5350.77	-0.00329991
5348.85	-0.00326393
5346.92	-0.00323789
5344.99	-0.00322447
5343.06	-0.0032248
5341.13	-0.00324979
5339.21	-0.00320891
5337.28	-0.00315687
5335.35	-0.00317128
5333.42	-0.00320657
5331.49	-0.00324933
5329.56	-0.00329254
5327.64	-0.00326271
5325.71	-0.00314618
5323.78	-0.00314816
5321.85	-0.00319483
5319.92	-0.00317112
5318	-0.0032047
5316.07	-0.00317296
5314.14	-0.00307723
5312.21	-0.00303528
5310.28	-0.00303176
5308.36	-0.00310569
5306.43	-0.00306256
5304.5	-0.00297757
5302.57	-0.00297312
5300.64	-0.00293176
5298.72	-0.00296848
5296.79	-0.00303969
5294.86	-0.00298204
5292.93	-0.00301008
5291	-0.00305295
5289.08	-0.00297269
5287.15	-0.00293613
5285.22	-0.00285098
5283.29	-0.00276266
5281.36	-0.00281168
5279.44	-0.00286356
5277.51	-0.00274271
5275.58	-0.00264471
5273.65	-0.0026833
5271.72	-0.00272845
5269.8	-0.00277263
5267.87	-0.00279361
5265.94	-0.00269802
5264.01	-0.00256408
5262.08	-0.00253908
5260.16	-0.00250403
5258.23	-0.00248841
5256.3	-0.00253908
5254.37	-0.00245903
5252.44	-0.00242334
5250.52	-0.00238525
5248.59	-0.00236835
5246.66	-0.00239214
5244.73	-0.00239942
5242.8	-0.00237392
5240.88	-0.00216807
5238.95	-0.00207229
5237.02	-0.00208409
5235.09	-0.00208502
5233.16	-0.00204993
5231.24	-0.00203258
5229.31	-0.001953
5227.38	-0.00193314
5225.45	-0.0018728
5223.52	-0.00172725
5221.6	-0.00156277
5219.67	-0.00144043
5217.74	-0.00148012
5215.81	-0.00144809
5213.88	-0.00129589
5211.96	-0.00122588
5210.03	-0.00134581
5208.1	-0.00135132
5206.17	-0.00124214
5204.24	-0.00106696
5202.31	-0.000990703
5200.39	-0.00096981
5198.46	-0.000860268
5196.53	-0.000738989
5194.6	-0.000662937
5192.67	-0.000553615
5190.75	-0.000502717
5188.82	-0.000539749
5186.89	-0.00045638
5184.96	-0.000302144
5183.03	-0.000273998
5181.11	-0.000214556
5179.18	-6.90458e-05
5177.25	1.14314e-05
5175.32	0.000102164
5173.39	0.000202098
5171.47	0.000192551
5169.54	0.000231834
5167.61	0.000325598
5165.68	0.00034997
5163.75	0.000381872
5161.83	0.000445782
5159.9	0.000484889
5157.97	0.000593671
5156.04	0.000727105
5154.11	0.000802718
5152.19	0.000846903
5150.26	0.000866889
5148.33	0.00100482
5146.4	0.00113423
5144.47	0.00111915
5142.55	0.00105215
5140.62	0.00109892
5138.69	0.00129209
5136.76	0.00128548
5134.83	0.00130123
5132.91	0.00146766
5130.98	0.00156788
5129.05	0.00156216
5127.12	0.00163246
5125.19	0.00178445
5123.27	0.00177108
5121.34	0.00173708
5119.41	0.00171914
5117.48	0.00177124
5115.55	0.00188833
5113.62	0.00196119
5111.7	0.00199197
5109.77	0.00202782
5107.84	0.00198768
5105.91	0.00197453
5103.99	0.00203375
5102.06	0.00203928
5100.13	0.00205486
5098.2	0.00217336
5096.27	0.00221505
5094.34	0.0022012
5092.42	0.00217445
5090.49	0.00222834
5088.56	0.00224656
5086.63	0.00222028
5084.71	0.00223726
5082.78	0.00224033
5080.85	0.00225602
5078.92	0.00222731
5076.99	0.00223533
5075.06	0.00229159
5073.14	0.00232173
5071.21	0.00232417
5069.28	0.0022795
5067.35	0.0023209
5065.42	0.00250852
5063.5	0.00261301
5061.57	0.00259248
5059.64	0.00258701
5057.71	0.00260201
5055.78	0.00267912
5053.86	0.00275363
5051.93	0.00280345
5050	0.00282577
5048.07	0.00279382
5046.14	0.0028342
5044.22	0.00297714
5042.29	0.00299802
5040.36	0.00296539
5038.43	0.00307443
5036.5	0.0032383
5034.58	0.0032986
5032.65	0.00328528
5030.72	0.0033952
5028.79	0.00359801
5026.86	0.00372368
5024.94	0.00384765
5023.01	0.00399309
5021.08	0.00407985
5019.15	0.00409001
5017.22	0.0041354
5015.3	0.00414186
5013.37	0.00404095
5011.44	0.00394431
5009.51	0.00379323
5007.58	0.00365885
5005.66	0.00349676
5003.73	0.00334741
5001.8	0.00316741
4999.87	0.00303259
4997.94	0.00297737
4996.02	0.00286545
4994.09	0.00269695
4992.16	0.00260951
4990.23	0.00255734
4988.3	0.00249759
4986.38	0.00239896
4984.45	0.00225012
4982.52	0.00221132
4980.59	0.00231654
4978.66	0.00229489
4976.73	0.00224206
4974.81	0.00220586
4972.88	0.00215428
4970.95	0.00220403
4969.02	0.00229352
4967.09	0.00222168
4965.17	0.00205995
4963.24	0.00199044
4961.31	0.00203575
4959.38	0.00205093
4957.45	0.0020239
4955.53	0.00187898
4953.6	0.00174908
4951.67	0.00179819
4949.74	0.00184314
4947.81	0.00183183
4945.89	0.00183709
4943.96	0.00187725
4942.03	0.00177893
4940.1	0.00156266
4938.17	0.00152419
4936.25	0.00167301
4934.32	0.00171562
4932.39	0.00169859
4930.46	0.00167457
4928.53	0.00159179
4926.61	0.00148246
4924.68	0.00143914
4922.75	0.0013799
4920.82	0.00130379
4918.89	0.00128432
4916.97	0.00121819
4915.04	0.00120267
4913.11	0.00119593
4911.18	0.0012153
4909.25	0.00119802
4907.33	0.00114835
4905.4	0.00112217
4903.47	0.0010954
4901.54	0.000975534
4899.61	0.000874957
4897.69	0.000779017
4895.76	0.000765673
4893.83	0.000825789
4891.9	0.000803614
4889.97	0.000704637
4888.05	0.000601501
4886.12	0.000591713
4884.19	0.000626188
4882.26	0.000535776
4880.33	0.000410161
4878.41	0.000406612
4876.48	0.000439115
4874.55	0.000476066
4872.62	0.00038542
4870.69	0.000212375
4868.77	0.000176475
4866.84	0.000137163
4864.91	5.45421e-05
4862.98	-2.40878e-05
4861.05	-0.000149806
4859.12	-0.000115324
4857.2	-3.73405e-05
4855.27	-9.74363e-05
4853.34	-0.000152224
4851.41	-0.000155073
4849.48	-0.000125129
4847.56	-0.000198659
4845.63	-0.000300289
4843.7	-0.000447708
4841.77	-0.000468197
4839.84	-0.000443968
4837.92	-0.000436222
4835.99	-0.000457373
4834.06	-0.000604342
4832.13	-0.00079062
4830.2	-0.000806727
4828.28	-0.000713452
4826.35	-0.000772098
4824.42	-0.000919423
4822.49	-0.000937972
4820.56	-0.000951263
4818.64	-0.00108425
4816.71	-0.0010624
4814.78	-0.000959991
4812.85	-0.00103272
4810.92	-0.0011249
4809	-0.00119433
4807.07	-0.00123728
4805.14	-0.00127848
4803.21	-0.00132767
4801.28	-0.00140153
4799.36	-0.00152638
4797.43	-0.00154752
4795.5	-0.00152305
4793.57	-0.00146474
4791.64	-0.00150426
4789.72	-0.00162863
4787.79	-0.00164926
4785.86	-0.00158383
4783.93	-0.0016252
4782	-0.00172385
4780.08	-0.00179602
4778.15	-0.00186435
4776.22	-0.00194811
4774.29	-0.00204891
4772.36	-0.00211789
4770.44	-0.00211149
4768.51	-0.00213566
4766.58	-0.0021561
4764.65	-0.0022168
4762.72	-0.00226453
4760.79	-0.00219455
4758.87	-0.00220546
4756.94	-0.00227916
4755.01	-0.00233154
4753.08	-0.00240805
4751.16	-0.00246772
4749.23	-0.00252692
4747.3	-0.00254168
4745.37	-0.00248393
4743.44	-0.00257469
4741.51	-0.00270612
4739.59	-0.00274274
4737.66	-0.00276964
4735.73	-0.0028076
4733.8	-0.00284884
4731.88	-0.00285823
4729.95	-0.00270369
4728.02	-0.00263298
4726.09	-0.0027326
4724.16	-0.00284407
4722.23	-0.00303633
4720.31	-0.00311335
4718.38	-0.00298685
4716.45	-0.00294627
4714.52	-0.00299379
4712.59	-0.00302432
4710.67	-0.0030291
4708.74	-0.00309322
4706.81	-0.00309003
4704.88	-0.0032093
4702.95	-0.00337737
4701.03	-0.00339407
4699.1	-0.0033244
4697.17	-0.00331168
4695.24	-0.00336347
4693.31	-0.00339427
4691.39	-0.00328833
4689.46	-0.00332976
4687.53	-0.00347544
4685.6	-0.00354226
4683.67	-0.00354978
4681.75	-0.00363262
4679.82	-0.00359723
4677.89	-0.00352309
4675.96	-0.00353624
4674.03	-0.00353627
4672.11	-0.00349552
4670.18	-0.00362681
4668.25	-0.00374012
4666.32	-0.00374085
4664.39	-0.00369906
4662.47	-0.00370254
4660.54	-0.00376525
4658.61	-0.00379853
4656.68	-0.00385429
4654.75	-0.00383807
4652.83	-0.00383515
4650.9	-0.00383932
4648.97	-0.00382398
4647.04	-0.00386559
4645.11	-0.00391951
4643.19	-0.00391485
4641.26	-0.00389718
4639.33	-0.0039206
4637.4	-0.00397924
4635.47	-0.00400521
4633.54	-0.00406686
4631.62	-0.00409397
4629.69	-0.00403094
4627.76	-0.00396564
4625.83	-0.00407188
4623.9	-0.0041536
4621.98	-0.00415784
4620.05	-0.00409732
4618.12	-0.00405478
4616.19	-0.00402274
4614.26	-0.00404191
4612.34	-0.00418547
4610.41	-0.00420992
4608.48	-0.00412768
4606.55	-0.00412942
4604.62	-0.00420191
4602.7	-0.00418458
4600.77	-0.0042278
4598.84	-0.00430835
4596.91	-0.00425756
4594.98	-0.00418022
4593.06	-0.00416972
4591.13	-0.00420982
4589.2	-0.00423154
4587.27	-0.00426786
4585.34	-0.00429939
4583.42	-0.00436405
4581.49	-0.00434945
4579.56	-0.00425185
4577.63	-0.00419213
4575.7	-0.00423764
4573.78	-0.00422803
4571.85	-0.00420253
4569.92	-0.00420949
4567.99	-0.00415173
4566.06	-0.00410188
4564.14	-0.00404634
4562.21	-0.00395908
4560.28	-0.00405576
4558.35	-0.00404867
4556.42	-0.00390766
4554.5	-0.00385538
4552.57	-0.00395517
4550.64	-0.00392253
4548.71	-0.00382217
4546.78	-0.00370993
4544.86	-0.00367866
4542.93	-0.00367928
4541	-0.00362188
4539.07	-0.00361468
4537.14	-0.00364087
4535.22	-0.00367153
4533.29	-0.00369459
4531.36	-0.00363768
4529.43	-0.00360068
4527.5	-0.00353999
4525.58	-0.00356983
4523.65	-0.00365116
4521.72	-0.00374991
4519.79	-0.00379537
4517.86	-0.00368122
4515.94	-0.00365152
4514.01	-0.00378687
4512.08	-0.00386477
4510.15	-0.00389859
4508.22	-0.00392818
4506.29	-0.00400924
4504.37	-0.00412604
4502.44	-0.00408839
4500.51	-0.0040551
4498.58	-0.00411045
4496.65	-0.00417517
4494.73	-0.00421274
4492.8	-0.00421888
4490.87	-0.00422721
4488.94	-0.00426613
4487.01	-0.00436569
4485.09	-0.00441378
4483.16	-0.00443421
4481.23	-0.00442368
4479.3	-0.0043674
4477.37	-0.0043758
4475.45	-0.00442273
4473.52	-0.00449839
4471.59	-0.00460568
4469.66	-0.00458568
4467.73	-0.00455945
4465.81	-0.00454394
4463.88	-0.00457964
4461.95	-0.00460545
4460.02	-0.00459341
4458.09	-0.00453348
4456.17	-0.00450561
4454.24	-0.00460945
4452.31	-0.00471277
4450.38	-0.0047208
4448.45	-0.00478759
4446.53	-0.00474954
4444.6	-0.00462043
4442.67	-0.00460823
4440.74	-0.00451253
4438.81	-0.00450954
4436.89	-0.00470733
4434.96	-0.00468976
4433.03	-0.0046025
4431.1	-0.00456538
4429.17	-0.00462912
4427.25	-0.00461292
4425.32	-0.00453722
4423.39	-0.00456833
4421.46	-0.00465659
4419.53	-0.0047033
4417.61	-0.00471326
4415.68	-0.00464757
4413.75	-0.00464921
4411.82	-0.00466006
4409.89	-0.00462767
4407.96	-0.00459433
4406.04	-0.0046179
4404.11	-0.00461063
4402.18	-0.00457381
4400.25	-0.00457394
4398.33	-0.00458928
4396.4	-0.00460407
4394.47	-0.00463764
4392.54	-0.0047011
4390.61	-0.00468363
4388.68	-0.00467124
4386.76	-0.00472496
4384.83	-0.00471969
4382.9	-0.00468937
4380.97	-0.0046497
4379.04	-0.00464049
4377.12	-0.00469012
4375.19	-0.00468704
4373.26	-0.00463249
4371.33	-0.0046004
4369.4	-0.00463157
4367.48	-0.00460627
4365.55	-0.00457909
4363.62	-0.00462718
4361.69	-0.00461843
4359.76	-0.00455033
4357.84	-0.00453456
4355.91	-0.0045905
4353.98	-0.00465803
4352.05	-0.00454443
4350.12	-0.00449623
4348.2	-0.00456171
4346.27	-0.00456459
4344.34	-0.00457099
4342.41	-0.00457355
4340.48	-0.00465177
4338.56	-0.00473188
4336.63	-0.00477825
4334.7	-0.00473653
4332.77	-0.00463174
4330.84	-0.0045323
4328.92	-0.00453587
4326.99	-0.00461259
4325.06	-0.00466678
4323.13	-0.0047421
4321.2	-0.00472499
4319.28	-0.00457079
4317.35	-0.00451187
4315.42	-0.00438819
4313.49	-0.0043816
4311.56	-0.00445999
4309.64	-0.00448311
4307.71	-0.00444503
4305.78	-0.00450495
4303.85	-0.00453394
4301.92	-0.00450079
4300	-0.00449603
4298.07	-0.00447278
4296.14	-0.00442627
4294.21	-0.00450626
4292.28	-0.00452948
4290.35	-0.00451636
4288.43	-0.00448236
4286.5	-0.00441525
4284.57	-0.00439157
4282.64	-0.00433177
4280.71	-0.00430103
4278.79	-0.00442096
4276.86	-0.00447193
4274.93	-0.00445589
4273	-0.00445258
4271.07	-0.00446271
4269.15	-0.00438232
4267.22	-0.00432219
4265.29	-0.00429887
4263.36	-0.00427042
4261.43	-0.00422278
4259.51	-0.0041647
4257.58	-0.00432085
4255.65	-0.004435
4253.72	-0.00443238
4251.79	-0.00435644
4249.87	-0.00429952
4247.94	-0.00423997
4246.01	-0.00417848
4244.08	-0.00413332
4242.15	-0.00421504
4240.23	-0.00430953
4238.3	-0.00440528
4236.37	-0.00439164
4234.44	-0.00428512
4232.51	-0.00420273
4230.59	-0.00418212
4228.66	-0.00424063
4226.73	-0.00427137
4224.8	-0.00423118
4222.87	-0.00424001
4220.95	-0.00425822
4219.02	-0.00423282
4217.09	-0.00430527
4215.16	-0.00430579
4213.23	-0.0042844
4211.31	-0.00423187
4209.38	-0.00418665
4207.45	-0.004213
4205.52	-0.00417992
4203.59	-0.00411294
4201.67	-0.004109
4199.74	-0.00416916
4197.81	-0.00420562
4195.88	-0.0041557
4193.95	-0.0041731
4192.03	-0.00415275
4190.1	-0.00417956
4188.17	-0.00419541
4186.24	-0.00409909
4184.31	-0.00402536
4182.39	-0.00401528
4180.46	-0.00411658
4178.53	-0.0041754
4176.6	-0.00416086
4174.67	-0.00412013
4172.75	-0.00415078
4170.82	-0.00409676
4168.89	-0.0040231
4166.96	-0.00406873
4165.03	-0.00405868
4163.1	-0.00405619
4161.18	-0.00414163
4159.25	-0.00406699
4157.32	-0.00398974
4155.39	-0.00402957
4153.46	-0.00406607
4151.54	-0.00405419
4149.61	-0.00399299
4147.68	-0.00391597
4145.75	-0.0039623
4143.82	-0.00404736
4141.9	-0.00405445
4139.97	-0.00398114
4138.04	-0.0038939
4136.11	-0.00387735
4134.18	-0.00388776
4132.26	-0.00386378
4130.33	-0.00387919
4128.4	-0.0039093
4126.47	-0.00386204
4124.54	-0.00383649
4122.62	-0.00390178
4120.69	-0.00395783
4118.76	-0.00395307
4116.83	-0.00394631
4114.9	-0.00385692
4112.98	-0.00378847
4111.05	-0.00382208
4109.12	-0.00389387
4107.19	-0.00389167
4105.26	-0.00388139
4103.34	-0.00399322
4101.41	-0.00405904
4099.48	-0.00398991
4097.55	-0.00382024
4095.62	-0.00381915
4093.7	-0.00387242
4091.77	-0.00394732
4089.84	-0.00393028
4087.91	-0.00390782
4085.98	-0.00394112
4084.06	-0.00394194
4082.13	-0.00395625
4080.2	-0.00391442
4078.27	-0.00389186
4076.34	-0.00389505
4074.42	-0.00386516
4072.49	-0.00385886
4070.56	-0.00379632
4068.63	-0.00373129
4066.7	-0.0036803
4064.78	-0.00363266
4062.85	-0.00367737
4060.92	-0.0037594
4058.99	-0.00378815
4057.06	-0.00378095
4055.14	-0.00371233
4053.21	-0.00374906
4051.28	-0.00379534
4049.35	-0.00379123
4047.42	-0.00379045
4045.5	-0.00374305
4043.57	-0.00377087
4041.64	-0.00377941
4039.71	-0.00375109
4037.78	-0.00375244
4035.85	-0.00367563
4033.93	-0.00369449
4032	-0.00374186
4030.07	-0.00364685
4028.14	-0.0036667
4026.21	-0.00371361
4024.29	-0.00366397
4022.36	-0.00364708
4020.43	-0.00366045
4018.5	-0.00367383
4016.57	-0.00370234
4014.65	-0.00376962
4012.72	-0.00372442
4010.79	-0.00367008
4008.86	-0.00368914
4006.93	-0.00365572
4005.01	-0.0037261
4003.08	-0.00383807
4001.15	-0.00376105
3999.22	-0.00366101
3997.29	-0.0037142
3995.37	-0.00371269
3993.44	-0.0036824
3991.51	-0.003602
3989.58	-0.00355402
3987.65	-0.00360729
3985.73	-0.00361764
3983.8	-0.00362066
3981.87	-0.00366269
3979.94	-0.00362862
3978.01	-0.0037031
3976.09	-0.00372179
3974.16	-0.00366059
3972.23	-0.00368979
3970.3	-0.00369587
3968.37	-0.00367024
3966.45	-0.00366722
3964.52	-0.00359339
3962.59	-0.00362421
3960.66	-0.00364672
3958.73	-0.00368651
3956.81	-0.00375484
3954.88	-0.00370208
3952.95	-0.0036528
3951.02	-0.00365871
3949.09	-0.00363134
3947.17	-0.00357758
3945.24	-0.00368976
3943.31	-0.00375796
3941.38	-0.00378713
3939.45	-0.00378943
3937.53	-0.00370234
3935.6	-0.00362888
3933.67	-0.00375201
3931.74	-0.00378723
3929.81	-0.00376689
3927.88	-0.00377918
3925.96	-0.00382628
3924.03	-0.00380831
3922.1	-0.00383731
3920.17	-0.00387965
3918.24	-0.00376259
3916.32	-0.00361458
3914.39	-0.00365845
3912.46	-0.00374295
3910.53	-0.00378778
3908.6	-0.00378076
3906.68	-0.00389367
3904.75	-0.00394197
3902.82	-0.00387643
3900.89	-0.00388237
3898.96	-0.00384562
3897.04	-0.0037667
3895.11	-0.0038382
3893.18	-0.00379031
3891.25	-0.00369847
3889.32	-0.0037164
3887.4	-0.00388047
3885.47	-0.00386598
3883.54	-0.00376348
3881.61	-0.00377317
3879.68	-0.00374088
3877.76	-0.00375848
3875.83	-0.00376157
3873.9	-0.00374153
3871.97	-0.00382917
3870.04	-0.00377947
3868.12	-0.00368749
3866.19	-0.00367665
3864.26	-0.0035627
3862.33	-0.00352329
3860.4	-0.00360519
3858.48	-0.00372918
3856.55	-0.00391948
3854.62	-0.00401949
3852.69	-0.0038341
3850.76	-0.00371788
3848.84	-0.00353627
3846.91	-0.00344888
3844.98	-0.00348704
3843.05	-0.00352894
3841.12	-0.00364038
3839.2	-0.00383377
3837.27	-0.00375757
3835.34	-0.0035253
3833.41	-0.00347317
3831.48	-0.00347244
3829.56	-0.00347599
3827.63	-0.0034399
3825.7	-0.00334351
3823.77	-0.00337379
3821.84	-0.00330934
3819.92	-0.00323466
3817.99	-0.00335945
3816.06	-0.00333417
3814.13	-0.00317661
3812.2	-0.00319046
3810.27	-0.00323733
3808.35	-0.00329754
3806.42	-0.00327363
3804.49	-0.00327015
3802.56	-0.00334038
3800.64	-0.0032292
3798.71	-0.00315878
3796.78	-0.00307901
3794.85	-0.0029468
3792.92	-0.00292231
3790.99	-0.00287982
3789.07	-0.00280184
3787.14	-0.00270059
3785.21	-0.00261
3783.28	-0.00267833
3781.35	-0.00279091
3779.43	-0.00278811
3777.5	-0.00272252
3775.57	-0.00267395
3773.64	-0.00272937
3771.71	-0.00267369
3769.79	-0.00260525
3767.86	-0.00256655
3765.93	-0.00248252
3764	-0.00235441
3762.07	-0.00237016
3760.15	-0.00238087
3758.22	-0.00230856
3756.29	-0.00230599
3754.36	-0.00243662
3752.43	-0.00244347
3750.51	-0.00235151
3748.58	-0.00219527
3746.65	-0.00232201
3744.72	-0.00226522
3742.79	-0.00190002
3740.87	-0.00186917
3738.94	-0.00194933
3737.01	-0.00187207
3735.08	-0.00171857
3733.15	-0.00175623
3731.23	-0.00173916
3729.3	-0.00166586
3727.37	-0.00159232
3725.44	-0.0014619
3723.51	-0.00138026
3721.59	-0.00135135
3719.66	-0.00114357
3717.73	-0.000966801
3715.8	-0.00108802
3713.87	-0.00127267
3711.95	-0.00129758
3710.02	-0.00111023
3708.09	-0.000812977
3706.16	-0.000606327
3704.23	-0.000594614
3702.31	-0.00065546
3700.38	-0.000402326
3698.45	-0.000125361
3696.52	5.5735e-05
3694.59	0.000118205
3692.67	0.000242974
3690.74	0.000483562
3688.81	0.000737162
3686.88	0.00105438
3684.95	0.0012361
3683.02	0.00145852
3681.1	0.00175042
3679.17	0.001928
3677.24	0.00217525
3675.31	0.00250515
3673.38	0.00276811
3671.46	0.00297894
3669.53	0.00341871
3667.6	0.00387149
3665.67	0.00424822
3663.74	0.00460169
3661.82	0.00500855
3659.89	0.00546954
3657.96	0.00585783
3656.03	0.00632416
3654.1	0.00685572
3652.18	0.00724896
3650.25	0.00759919
3648.32	0.00816796
3646.39	0.00886975
3644.46	0.00963088
3642.54	0.010276
3640.61	0.0109814
3638.68	0.0117399
3636.75	0.0124428
3634.82	0.0131185
3632.9	0.0138737
3630.97	0.014696
3629.04	0.0158184
3627.11	0.0169795
3625.18	0.0180751
3623.26	0.0191892
3621.33	0.0201959
3619.4	0.0211361
3617.47	0.0222176
3615.54	0.0234064
3613.62	0.0246856
3611.69	0.0259975
3609.76	0.0273541
3607.83	0.0287623
3605.9	0.030257
3603.98	0.0318699
3602.05	0.0335571
3600.12	0.0351833
3598.19	0.0369569
3596.26	0.0389455
3594.34	0.0409797
3592.41	0.0429845
3590.48	0.0448654
3588.55	0.046916
3586.62	0.0493575
3584.7	0.0518583
3582.77	0.0542794
3580.84	0.0567139
3578.91	0.0593923
3576.98	0.0622998
3575.05	0.0653265
3573.13	0.0684869
3571.2	0.0716121
3569.27	0.0748407
3567.34	0.0782738
3565.42	0.0820922
3563.49	0.0861532
3561.56	0.0901077
3559.63	0.0942564
3557.7	0.0988325
3555.77	0.103546
3553.85	0.108324
3551.92	0.113261
3549.99	0.118448
3548.06	0.123986
3546.13	0.129761
3544.21	0.135857
3542.28	0.142078
3540.35	0.148568
3538.42	0.15521
3536.49	0.162102
3534.57	0.169401
3532.64	0.176779
3530.71	0.1845
3528.78	0.192665
3526.85	0.200993
3524.93	0.209366
3523	0.217919
3521.07	0.226668
3519.14	0.235682
3517.21	0.244904
3515.29	0.254329
3513.36	0.263853
3511.43	0.273254
3509.5	0.28272
3507.57	0.292356
3505.65	0.302151
3503.72	0.312012
3501.79	0.321499
3499.86	0.330831
3497.93	0.339938
3496.01	0.349076
3494.08	0.358098
3492.15	0.366415
3490.22	0.374314
3488.29	0.381978
3486.37	0.389486
3484.44	0.396472
3482.51	0.402829
3480.58	0.408461
3478.65	0.413645
3476.73	0.418767
3474.8	0.423032
3472.87	0.426475
3470.94	0.429773
3469.01	0.432848
3467.09	0.435115
3465.16	0.436852
3463.23	0.438063
3461.3	0.438929
3459.37	0.439733
3457.44	0.439976
3455.52	0.439571
3453.59	0.439092
3451.66	0.438338
3449.73	0.437039
3447.81	0.43608
3445.88	0.435245
3443.95	0.433739
3442.02	0.431954
3440.09	0.430176
3438.16	0.4286
3436.24	0.426814
3434.31	0.424654
3432.38	0.422651
3430.45	0.420699
3428.52	0.418377
3426.6	0.415954
3424.67	0.413572
3422.74	0.411267
3420.81	0.408926
3418.88	0.406644
3416.96	0.404288
3415.03	0.401839
3413.1	0.399321
3411.17	0.396668
3409.24	0.394385
3407.32	0.392299
3405.39	0.390071
3403.46	0.387962
3401.53	0.386323
3399.6	0.384759
3397.68	0.382958
3395.75	0.381417
3393.82	0.379866
3391.89	0.378274
3389.96	0.377003
3388.04	0.375809
3386.11	0.374563
3384.18	0.373369
3382.25	0.37223
3380.32	0.37127
3378.4	0.370408
3376.47	0.369606
3374.54	0.36891
3372.61	0.367895
3370.68	0.367138
3368.76	0.366523
3366.83	0.36574
3364.9	0.36514
3362.97	0.364572
3361.04	0.363838
3359.12	0.363217
3357.19	0.362654
3355.26	0.362234
3353.33	0.361515
3351.4	0.360737
3349.48	0.360232
3347.55	0.359751
3345.62	0.359319
3343.69	0.359014
3341.76	0.358472
3339.83	0.357993
3337.91	0.357507
3335.98	0.35713
3334.05	0.356847
3332.12	0.356482
3330.19	0.35597
3328.27	0.355697
3326.34	0.355772
3324.41	0.355377
3322.48	0.354865
3320.55	0.354856
3318.63	0.354933
3316.7	0.35472
3314.77	0.354575
3312.84	0.354634
3310.91	0.354609
3308.99	0.354423
3307.06	0.354514
3305.13	0.354905
3303.2	0.355348
3301.27	0.355484
3299.35	0.35561
3297.42	0.356132
3295.49	0.356384
3293.56	0.356661
3291.63	0.357213
3289.71	0.357821
3287.78	0.358665
3285.85	0.359268
3283.92	0.359995
3281.99	0.361044
3280.07	0.361608
3278.14	0.362414
3276.21	0.363495
3274.28	0.364726
3272.35	0.366007
3270.43	0.367254
3268.5	0.368258
3266.57	0.369366
3264.64	0.370699
3262.71	0.372226
3260.79	0.373557
3258.86	0.374943
3256.93	0.376207
3255	0.377249
3253.07	0.378707
3251.15	0.380241
3249.22	0.381518
3247.29	0.383026
3245.36	0.384511
3243.43	0.385661
3241.51	0.386945
3239.58	0.388422
3237.65	0.389407
3235.72	0.390455
3233.79	0.391756
3231.87	0.392734
3229.94	0.393854
3228.01	0.395047
3226.08	0.395961
3224.15	0.396936
3222.22	0.398135
3220.3	0.399246
3218.37	0.400155
3216.44	0.401087
3214.51	0.401905
3212.58	0.402553
3210.66	0.403253
3208.73	0.403914
3206.8	0.404343
3204.87	0.404723
3202.94	0.405146
3201.02	0.405484
3199.09	0.405736
3197.16	0.405863
3195.23	0.406198
3193.3	0.406629
3191.38	0.40674
3189.45	0.406881
3187.52	0.406791
3185.59	0.406336
3183.66	0.406138
3181.74	0.405995
3179.81	0.405536
3177.88	0.405076
3175.95	0.404601
3174.02	0.404087
3172.1	0.40346
3170.17	0.402965
3168.24	0.402496
3166.31	0.401799
3164.38	0.400847
3162.46	0.399614
3160.53	0.398577
3158.6	0.397826
3156.67	0.39653
3154.74	0.395057
3152.82	0.393645
3150.89	0.392008
3148.96	0.390351
3147.03	0.388501
3145.1	0.386503
3143.18	0.384354
3141.25	0.382309
3139.32	0.380166
3137.39	0.377545
3135.46	0.374697
3133.54	0.372025
3131.61	0.369171
3129.68	0.366171
3127.75	0.362999
3125.82	0.359394
3123.9	0.355741
3121.97	0.351961
3120.04	0.347982
3118.11	0.343928
3116.18	0.339462
3114.26	0.334823
3112.33	0.330177
3110.4	0.325298
3108.47	0.319885
3106.54	0.31407
3104.61	0.308345
3102.69	0.302494
3100.76	0.296607
3098.83	0.290411
3096.9	0.283868
3094.98	0.276858
3093.05	0.269994
3091.12	0.263243
3089.19	0.256091
3087.26	0.248552
3085.33	0.24135
3083.41	0.234238
3081.48	0.226712
3079.55	0.21911
3077.62	0.211756
3075.69	0.204402
3073.77	0.196844
3071.84	0.189432
3069.91	0.182399
3067.98	0.175479
3066.05	0.168811
3064.13	0.162307
3062.2	0.155907
3060.27	0.149715
3058.34	0.143924
3056.41	0.138261
3054.49	0.132859
3052.56	0.127636
3050.63	0.122717
3048.7	0.118116
3046.77	0.113808
3044.85	0.109647
3042.92	0.105509
3040.99	0.101645
3039.06	0.0980284
3037.13	0.0946305
3035.21	0.0914241
3033.28	0.0883468
3031.35	0.0855128
3029.42	0.0828862
3027.49	0.0803605
3025.57	0.0778825
3023.64	0.0755537
3021.71	0.0732593
3019.78	0.0711266
3017.85	0.0692546
3015.93	0.0674819
3014	0.0657309
3012.07	0.0641819
3010.14	0.0627427
3008.21	0.0611601
3006.29	0.0597087
3004.36	0.0583632
3002.43	0.0570698
3000.5	0.0560252
2998.57	0.0550064
2996.65	0.0539869
2994.72	0.0530277
2992.79	0.052024
2990.86	0.0510383
2988.93	0.0500832
2987	0.0492178
2985.08	0.0485649
2983.15	0.0480923
2981.22	0.0474139
2979.29	0.0468371
2977.36	0.0463905
2975.44	0.0458826
2973.51	0.0451884
2971.58	0.0445834
2969.65	0.0442221
2967.72	0.0438444
2965.8	0.0435608
2963.87	0.0432587
2961.94	0.0428513
2960.01	0.042315
2958.08	0.0420027
2956.16	0.0416668
2954.23	0.0413489
2952.3	0.0411948
2950.37	0.0408155
2948.44	0.0404891
2946.52	0.0402582
2944.59	0.039978
2942.66	0.0396833
2940.73	0.0395513
2938.8	0.0394407
2936.88	0.0392105
2934.95	0.0390217
2933.02	0.0388101
2931.09	0.03852
2929.16	0.0383624
2927.24	0.0381243
2925.31	0.0379234
2923.38	0.0379027
2921.45	0.0376847
2919.52	0.0375432
2917.6	0.0374955
2915.67	0.0373609
2913.74	0.0370647
2911.81	0.0367109
2909.88	0.0366604
2907.96	0.0364405
2906.03	0.0360979
2904.1	0.0359245
2902.17	0.035752
2900.24	0.0356254
2898.32	0.0355134
2896.39	0.0353085
2894.46	0.0350649
2892.53	0.0348194
2890.6	0.0344838
2888.68	0.0343265
2886.75	0.0341188
2884.82	0.0338406
2882.89	0.0335784
2880.96	0.0335588
2879.04	0.033427
2877.11	0.0333877
2875.18	0.0332396
2873.25	0.0330389
2871.32	0.0328558
2869.39	0.0326537
2867.47	0.0324957
2865.54	0.0322245
2863.61	0.0318776
2861.68	0.0315774
2859.75	0.0314636
2857.83	0.0312817
2855.9	0.0307919
2853.97	0.0305683
2852.04	0.0304553
2850.11	0.0300523
2848.19	0.0296716
2846.26	0.0294013
2844.33	0.0292131
2842.4	0.0288604
2840.47	0.0286331
2838.55	0.0284466
2836.62	0.028111
2834.69	0.0278647
2832.76	0.0278729
2830.83	0.0276933
2828.91	0.0273492
2826.98	0.0271541
2825.05	0.0269352
2823.12	0.0264718
2821.19	0.0259851
2819.27	0.0254682
2817.34	0.0255134
2815.41	0.0255161
2813.48	0.025088
2811.55	0.0248487
2809.63	0.0247361
2807.7	0.0244562
2805.77	0.0241983
2803.84	0.0240375
2801.91	0.0238516
2799.99	0.0233824
2798.06	0.0229938
2796.13	0.0227401
2794.2	0.0225355
2792.27	0.0222535
2790.35	0.0220012
2788.42	0.0218287
2786.49	0.0216594
2784.56	0.021459
2782.63	0.0212166
2780.71	0.020974
2778.78	0.0207789
2776.85	0.0206888
2774.92	0.0205332
2772.99	0.0201341
2771.06	0.0199607
2769.14	0.0197523
2767.21	0.0195616
2765.28	0.0191325
2763.35	0.0186787
2761.43	0.0185937
2759.5	0.0185097
2757.57	0.0182312
2755.64	0.017945
2753.71	0.0178089
2751.78	0.0176459
2749.86	0.0174726
2747.93	0.0172691
2746	0.0169535
2744.07	0.0166062
2742.15	0.0162751
2740.22	0.0161462
2738.29	0.0160682
2736.36	0.015874
2734.43	0.0157582
2732.5	0.0157613
2730.58	0.015597
2728.65	0.0153441
2726.72	0.0152158
2724.79	0.0150365
2722.86	0.0146915
2720.94	0.0144492
2719.01	0.0143095
2717.08	0.0140641
2715.15	0.0138827
2713.22	0.0140203
2711.3	0.0141172
2709.37	0.0139091
2707.44	0.0135262
2705.51	0.0133663
2703.58	0.0134127
2701.66	0.0133357
2699.73	0.0131393
2697.8	0.0130927
2695.87	0.0129906
2693.94	0.0127294
2692.02	0.0125601
2690.09	0.0124168
2688.16	0.012265
2686.23	0.0120391
2684.3	0.0117619
2682.38	0.0115209
2680.45	0.0114079
2678.52	0.0116136
2676.59	0.0116489
2674.66	0.0113611
2672.74	0.0113615
2670.81	0.0115663
2668.88	0.0116452
2666.95	0.011608
2665.02	0.0117712
2663.1	0.0115588
2661.17	0.0110254
2659.24	0.0110799
2657.31	0.0110363
2655.38	0.0105827
2653.46	0.0106339
2651.53	0.010833
2649.6	0.0108558
2647.67	0.0110393
2645.74	0.0109095
2643.81	0.010525
2641.89	0.0104767
2639.96	0.0103323
2638.03	0.0102102
2636.1	0.0103286
2634.17	0.010567
2632.25	0.0104703
2630.32	0.0102565
2628.39	0.0101872
2626.46	0.010232
2624.53	0.0104568
2622.61	0.0108072
2620.68	0.0108406
2618.75	0.0107486
2616.82	0.0105154
2614.89	0.0102995
2612.97	0.0101664
2611.04	0.0101495
2609.11	0.0102852
2607.18	0.010237
2605.25	0.0104794
2603.33	0.0105668
2601.4	0.0104175
2599.47	0.0102696
2597.54	0.0102847
2595.61	0.0103614
2593.69	0.0104937
2591.76	0.0104916
2589.83	0.0105606
2587.9	0.0105053
2585.97	0.0105473
2584.05	0.0104199
2582.12	0.0102326
2580.19	0.010203
2578.26	0.0102939
2576.33	0.0104905
2574.41	0.0105069
2572.48	0.0106356
2570.55	0.01046
2568.62	0.0102068
2566.69	0.0105263
2564.77	0.0108967
2562.84	0.0108591
2560.91	0.0105632
2558.98	0.0102509
2557.05	0.0104935
2555.13	0.0104433
2553.2	0.0104399
2551.27	0.0106128
2549.34	0.0105863
2547.41	0.0104925
2545.49	0.0104448
2543.56	0.010682
2541.63	0.0107489
2539.7	0.0106815
2537.77	0.0108686
2535.85	0.0110083
2533.92	0.0110275
2531.99	0.0108677
2530.06	0.0107672
2528.13	0.0107498
2526.21	0.010732
2524.28	0.0105204
2522.35	0.0104738
2520.42	0.0106742
2518.49	0.0106379
2516.56	0.0105776
2514.64	0.0106856
2512.71	0.0107155
2510.78	0.0109297
2508.85	0.011152
2506.92	0.0110983
2505	0.0107745
2503.07	0.0107874
2501.14	0.0109553
2499.21	0.0111084
2497.28	0.0108989
2495.36	0.010843
2493.43	0.0111274
2491.5	0.0112583
2489.57	0.0113572
2487.64	0.011379
2485.72	0.0114696
2483.79	0.0115938
2481.86	0.0115753
2479.93	0.0114865
2478	0.0116777
2476.08	0.0116103
2474.15	0.0115805
2472.22	0.0120886
2470.29	0.0120527
2468.36	0.0115457
2466.44	0.0113542
2464.51	0.0115311
2462.58	0.0117607
2460.65	0.0118784
2458.72	0.0118694
2456.8	0.0118644
2454.87	0.0120301
2452.94	0.0121875
2451.01	0.0122926
2449.08	0.0122889
2447.16	0.012405
2445.23	0.01247
2443.3	0.0125207
2441.37	0.0123633
2439.44	0.012296
2437.52	0.0121208
2435.59	0.0122335
2433.66	0.012489
2431.73	0.0123825
2429.8	0.0122455
2427.88	0.0122141
2425.95	0.0123722
2424.02	0.0126213
2422.09	0.0128248
2420.16	0.0128858
2418.24	0.0128985
2416.31	0.0125832
2414.38	0.012247
2412.45	0.0124888
2410.52	0.0127434
2408.6	0.0127715
2406.67	0.0131958
2404.74	0.0134295
2402.81	0.013013
2400.88	0.0128915
2398.95	0.0130696
2397.03	0.0130847
2395.1	0.0130304
2393.17	0.0131729
2391.24	0.0135184
2389.31	0.0138126
2387.39	0.0139066
2385.46	0.0138092
2383.53	0.0138385
2381.6	0.01381
2379.67	0.014004
2377.75	0.0144483
2375.82	0.014254
2373.89	0.0140148
2371.96	0.0142269
2370.03	0.0142964
2368.11	0.0142347
2366.18	0.01427
2364.25	0.0141006
2362.32	0.0142198
2360.39	0.0145416
2358.47	0.014369
2356.54	0.0144531
2354.61	0.0146834
2352.68	0.0146852
2350.75	0.014825
2348.83	0.0152465
2346.9	0.0155232
2344.97	0.0159302
2343.04	0.0165646
2341.11	0.0169198
2339.19	0.0157299
2337.26	0.0153258
2335.33	0.0152914
2333.4	0.0148375
2331.47	0.0146773
2329.55	0.0147768
2327.62	0.0144576
2325.69	0.0146733
2323.76	0.0152725
2321.83	0.0155459
2319.91	0.0151688
2317.98	0.0149743
2316.05	0.0147517
2314.12	0.0147142
2312.19	0.0150488
2310.27	0.0152217
2308.34	0.0152978
2306.41	0.0148585
2304.48	0.0145948
2302.55	0.0152226
2300.63	0.0151654
2298.7	0.0145057
2296.77	0.0145844
2294.84	0.0151175
2292.91	0.0146627
2290.98	0.0145561
2289.06	0.0147413
2287.13	0.0148634
2285.2	0.0146841
2283.27	0.0142807
2281.35	0.0150026
2279.42	0.0154328
2277.49	0.0150344
2275.56	0.0148449
2273.63	0.0141978
2271.7	0.0141639
2269.78	0.0146481
2267.85	0.0153144
2265.92	0.0154391
2263.99	0.0152012
2262.06	0.0162111
2260.14	0.0162364
2258.21	0.0154898
2256.28	0.0151882
2254.35	0.0148654
2252.42	0.0146861
2250.5	0.01522
2248.57	0.0151915
2246.64	0.0157943
2244.71	0.0163066
2242.78	0.0162409
2240.86	0.0157223
2238.93	0.0153151
2237	0.0161255
2235.07	0.0168931
2233.14	0.0169429
2231.22	0.01713
2229.29	0.0174498
2227.36	0.0180126
2225.43	0.0177809
2223.5	0.0172944
2221.58	0.0172227
2219.65	0.0171145
2217.72	0.0171576
2215.79	0.016653
2213.86	0.0162236
2211.94	0.0168008
2210.01	0.0166826
2208.08	0.0167049
2206.15	0.0168502
2204.22	0.016661
2202.3	0.016586
2200.37	0.0165074
2198.44	0.0165634
2196.51	0.0165721
2194.58	0.0154464
2192.66	0.0146357
2190.73	0.015477
2188.8	0.0157521
2186.87	0.0155145
2184.94	0.0153619
2183.02	0.0152647
2181.09	0.0151356
2179.16	0.0145669
2177.23	0.0139026
2175.3	0.0137571
2173.38	0.0138734
2171.45	0.0135226
2169.52	0.0128771
2167.59	0.0128596
2165.66	0.0124905
2163.73	0.0108286
2161.81	0.0102756
2159.88	0.010343
2157.95	0.00984839
2156.02	0.00817995
2154.09	0.00713166
2152.17	0.00790668
2150.24	0.00792858
2148.31	0.00708804
2146.38	0.00659489
2144.45	0.00665198
2142.53	0.00699574
2140.6	0.0057852
2138.67	0.00418331
2136.74	0.00346403
2134.81	0.00236401
2132.89	0.00163955
2130.96	0.00122357
2129.03	0.000378456
2127.1	-0.000346113
2125.17	-0.00054564
2123.25	-0.00113703
2121.32	-0.00180985
2119.39	-0.00332138
2117.46	-0.00534336
2115.53	-0.00558486
2113.61	-0.00624962
2111.68	-0.00664946
2109.75	-0.00746753
2107.82	-0.00912127
2105.89	-0.0102796
2103.97	-0.0106362
2102.04	-0.0108993
2100.11	-0.0133245
2098.18	-0.015237
2096.25	-0.0155423
2094.33	-0.0170907
2092.4	-0.0185767
2090.47	-0.0210556
2088.54	-0.0233352
2086.61	-0.0232951
2084.69	-0.0230496
2082.76	-0.0258304
2080.83	-0.0293684
2078.9	-0.0294248
2076.97	-0.0292659
2075.05	-0.0305082
2073.12	-0.0305884
2071.19	-0.0302509
2069.26	-0.0314834
2067.33	-0.0332817
2065.41	-0.0343027
2063.48	-0.0354095
2061.55	-0.0343582
2059.62	-0.0352902
2057.69	-0.0365831
2055.77	-0.0358914
2053.84	-0.0355873
2051.91	-0.0377278
2049.98	-0.0400479
2048.05	-0.0394827
2046.12	-0.0371561
2044.2	-0.0382434
2042.27	-0.0390495
2040.34	-0.0384496
2038.41	-0.0373101
2036.48	-0.0362989
2034.56	-0.0374827
2032.63	-0.036809
2030.7	-0.036765
2028.77	-0.0377554
2026.84	-0.0368963
2024.92	-0.0366309
2022.99	-0.0382589
2021.06	-0.0374939
2019.13	-0.0386693
2017.2	-0.0400832
2015.28	-0.0396291
2013.35	-0.0403229
2011.42	-0.0400609
2009.49	-0.0387801
2007.56	-0.0373966
2005.64	-0.0365267
2003.71	-0.036464
2001.78	-0.036952
