nAHl0590.spa, Thu Nov 02 06:27:01 2006 (GMT-10:00)
9999.26	-0.00503841
9997.33	-0.00386917
9995.4	-0.00403186
9993.48	-0.00420224
9991.55	-0.00405924
9989.62	-0.00439571
9987.69	-0.00428332
9985.76	-0.00418019
9983.84	-0.00375211
9981.91	-0.00386513
9979.98	-0.0041114
9978.05	-0.0036432
9976.12	-0.00372899
9974.2	-0.0039423
9972.27	-0.00400376
9970.34	-0.00376433
9968.41	-0.00387958
9966.48	-0.00379353
9964.56	-0.00295124
9962.63	-0.00309023
9960.7	-0.00357607
9958.77	-0.00344378
9956.84	-0.00374656
9954.92	-0.00409525
9952.99	-0.00364366
9951.06	-0.0032095
9949.13	-0.00363098
9947.2	-0.00405412
9945.28	-0.0039156
9943.35	-0.00399985
9941.42	-0.00430307
9939.49	-0.00373099
9937.56	-0.00348267
9935.64	-0.00263536
9933.71	-0.00238232
9931.78	-0.00266483
9929.85	-0.00260315
9927.92	-0.00279733
9926	-0.00334624
9924.07	-0.00393813
9922.14	-0.00308769
9920.21	-0.00193597
9918.28	-0.00137461
9916.36	-0.00203911
9914.43	-0.00279219
9912.5	-0.00263944
9910.57	-0.00309819
9908.64	-0.00357315
9906.71	-0.00380621
9904.79	-0.00355941
9902.86	-0.00267764
9900.93	-0.00242002
9899	-0.00142015
9897.08	-0.000985645
9895.15	-0.00182113
9893.22	-0.00279588
9891.29	-0.00284417
9889.36	-0.00224722
9887.43	-0.00212515
9885.51	-0.00164602
9883.58	-0.00211176
9881.65	-0.00307572
9879.72	-0.00251437
9877.79	-0.00156567
9875.87	-0.00150875
9873.94	-0.00195897
9872.01	-0.00215967
9870.08	-0.00185588
9868.15	-0.00157495
9866.23	-0.00269588
9864.3	-0.00313207
9862.37	-0.00246779
9860.44	-0.00194577
9858.51	-0.00235833
9856.59	-0.00270859
9854.66	-0.00312197
9852.73	-0.00270882
9850.8	-0.00174956
9848.87	-0.00160869
9846.95	-0.00133573
9845.02	-0.000775108
9843.09	-0.00105668
9841.16	-0.00143032
9839.23	-0.00175029
9837.31	-0.00249088
9835.38	-0.00297974
9833.45	-0.0023782
9831.52	-0.00207512
9829.59	-0.00181077
9827.67	-0.00129986
9825.74	-0.000730819
9823.81	-0.000985381
9821.88	-0.00192202
9819.95	-0.00187181
9818.03	-0.00180041
9816.1	-0.00221742
9814.17	-0.00117543
9812.24	-0.000325619
9810.31	-0.000372499
9808.39	-0.000879282
9806.46	-0.00136896
9804.53	-0.00128902
9802.6	-0.00137282
9800.67	-0.00182433
9798.75	-0.00192908
9796.82	-0.00173039
9794.89	-0.00192934
9792.96	-0.00206183
9791.03	-0.00160486
9789.11	-0.000857722
9787.18	-0.000754403
9785.25	-0.00103593
9783.32	-0.00174468
9781.39	-0.00158845
9779.46	-0.00119331
9777.54	-0.00147781
9775.61	-0.000962041
9773.68	-0.000660985
9771.75	-0.00110748
9769.83	-0.00132361
9767.9	-0.00123844
9765.97	-0.000746332
9764.04	-0.000917142
9762.11	-0.0013831
9760.18	-0.00121947
9758.26	-0.000772363
9756.33	-0.000499639
9754.4	-0.000407291
9752.47	-0.00104396
9750.54	-0.00107711
9748.62	-0.000479715
9746.69	-0.000516584
9744.76	-0.00109965
9742.83	-0.0014619
9740.9	-0.00145882
9738.98	-0.00107635
9737.05	-0.000573834
9735.12	-0.00051751
9733.19	-0.000722086
9731.26	-0.00121779
9729.34	-0.00119367
9727.41	-0.00101136
9725.48	-0.000767038
9723.55	-0.000540312
9721.62	-5.82457e-05
9719.7	-0.000208959
9717.77	-0.00041901
9715.84	-0.00076512
9713.91	-0.0012014
9711.98	-0.000984885
9710.06	-0.000211708
9708.13	1.82572e-05
9706.2	0.000173127
9704.27	-0.000133609
9702.34	-0.000611191
9700.42	-0.00072675
9698.49	-0.000968917
9696.56	-0.000624525
9694.63	-0.000275853
9692.7	-0.00038925
9690.78	-0.000479417
9688.85	-0.000115324
9686.92	8.44006e-05
9684.99	-6.70912e-05
9683.06	-0.000223531
9681.14	-0.000439897
9679.21	-5.56947e-05
9677.28	0.000489798
9675.35	-0.000237572
9673.42	-0.000905536
9671.5	-0.000262077
9669.57	0.000618058
9667.64	0.000403893
9665.71	-8.91877e-05
9663.78	-0.000670248
9661.86	-0.000638355
9659.93	-0.000161333
9658	-0.000391567
9656.07	4.67192e-06
9654.14	0.000624927
9652.21	0.000522507
9650.29	-8.21716e-06
9648.36	-0.000442512
9646.43	-0.00055196
9644.5	-0.00102908
9642.57	-0.000808843
9640.65	5.39787e-05
9638.72	0.000404921
9636.79	-0.000262077
9634.86	-0.000749904
9632.93	-0.000241712
9631.01	-0.000163585
9629.08	-7.12986e-05
9627.15	0.000234652
9625.22	-9.01236e-06
9623.29	0.00050927
9621.37	0.00128202
9619.44	0.00133739
9617.51	0.000846505
9615.58	0.000641518
9613.65	0.00098284
9611.73	0.000640721
9609.8	-8.96515e-05
9607.87	-0.000373988
9605.94	-0.000123341
9604.01	0.000458884
9602.09	0.00063956
9600.16	0.000795016
9598.23	0.000924628
9596.3	0.00123713
9594.37	0.000649482
9592.45	-0.000235486
9590.52	-0.000143546
9588.59	-0.00034363
9586.66	-0.000552788
9584.73	-0.000383291
9582.81	0.000394773
9580.88	0.0012894
9578.95	0.00127714
9577.02	0.00102884
9575.09	0.000541449
9573.17	5.50723e-05
9571.24	0.000383033
9569.31	0.00100957
9567.38	0.00100502
9565.45	-6.45403e-05
9563.53	-0.000450125
9561.6	-3.59821e-05
9559.67	0.000610393
9557.74	0.000834819
9555.81	0.000354215
9553.88	7.26028e-05
9551.96	0.000249571
9550.03	0.00059513
9548.1	0.000736266
9546.17	0.000263462
9544.25	0.000258423
9542.32	0.00069624
9540.39	0.000692059
9538.46	0.000741443
9536.53	0.000535478
9534.6	0.000429132
9532.68	0.000497693
9530.75	0.000964575
9528.82	0.00175551
9526.89	0.00196804
9524.96	0.00198468
9523.04	0.00198978
9521.11	0.00173661
9519.18	0.00162721
9517.25	0.00164141
9515.32	0.00121839
9513.4	0.000843185
9511.47	0.00104737
9509.54	0.00114171
9507.61	0.00134234
9505.68	0.00139204
9503.76	0.00089086
9501.83	0.000617959
9499.9	0.000689072
9497.97	0.000889001
9496.04	0.000953019
9494.12	0.00111653
9492.19	0.00105923
9490.26	0.00103369
9488.33	0.00156715
9486.4	0.00181
9484.48	0.00151195
9482.55	0.00129276
9480.62	0.0010851
9478.69	0.000732515
9476.76	0.000725844
9474.84	0.000923466
9472.91	0.00127086
9470.98	0.00140414
9469.05	0.0013697
9467.12	0.00136844
9465.2	0.00173834
9463.27	0.00183476
9461.34	0.00190491
9459.41	0.00212934
9457.48	0.00171136
9455.56	0.0018505
9453.63	0.00184527
9451.7	0.00179363
9449.77	0.00151907
9447.84	0.00133646
9445.92	0.00154756
9443.99	0.00175195
9442.06	0.00195493
9440.13	0.00202996
9438.2	0.00165904
9436.28	0.00114171
9434.35	0.000837541
9432.42	0.000801655
9430.49	0.000831931
9428.56	0.000902481
9426.63	0.00119015
9424.71	0.001358
9422.78	0.00170235
9420.85	0.00127116
9418.92	0.00105072
9417	0.00101751
9415.07	0.0014281
9413.14	0.00148635
9411.21	0.00131346
9409.28	0.00194191
9407.35	0.00229056
9405.43	0.00170514
9403.5	0.00126292
9401.57	0.00126135
9399.64	0.00150686
9397.71	0.0017747
9395.79	0.00150573
9393.86	0.00169806
9391.93	0.00217439
9390	0.00194205
9388.07	0.00185682
9386.15	0.00181516
9384.22	0.00130745
9382.29	0.00135232
9380.36	0.00160459
9378.43	0.00143113
9376.51	0.00161633
9374.58	0.00183552
9372.65	0.00179799
9370.72	0.00131569
9368.79	0.000640921
9366.87	0.000677622
9364.94	0.00128305
9363.01	0.00154926
9361.08	0.00151621
9359.15	0.00113111
9357.23	0.00108364
9355.3	0.00147987
9353.37	0.00165624
9351.44	0.00185013
9349.51	0.0018094
9347.59	0.00186001
9345.66	0.00225172
9343.73	0.00220579
9341.8	0.0019972
9339.87	0.00191066
9337.95	0.0016156
9336.02	0.00197673
9334.09	0.00248942
9332.16	0.00224043
9330.23	0.00179157
9328.31	0.0017595
9326.38	0.00133526
9324.45	0.00122331
9322.52	0.00109932
9320.59	0.000703641
9318.67	0.00108962
9316.74	0.00204846
9314.81	0.00238357
9312.88	0.00244717
9310.95	0.00212071
9309.03	0.00178538
9307.1	0.00175128
9305.17	0.00181619
9303.24	0.00176905
9301.31	0.00177823
9299.38	0.00111938
9297.46	0.00117387
9295.53	0.00221751
9293.6	0.00266178
9291.67	0.00221205
9289.74	0.00210436
9287.82	0.00185093
9285.89	0.00177217
9283.96	0.00213253
9282.03	0.00211765
9280.1	0.00206151
9278.18	0.00230531
9276.25	0.00234102
9274.32	0.00203418
9272.39	0.00157882
9270.46	0.00157071
9268.54	0.00159628
9266.61	0.00196075
9264.68	0.00248569
9262.75	0.00276837
9260.82	0.00247526
9258.9	0.00239266
9256.97	0.00214362
9255.04	0.00210613
9253.11	0.00273333
9251.18	0.00295572
9249.26	0.00295648
9247.33	0.00282623
9245.4	0.00237437
9243.47	0.00218648
9241.54	0.00254831
9239.62	0.00279358
9237.69	0.00257544
9235.76	0.00259371
9233.83	0.00259598
9231.9	0.0024694
9229.98	0.00240675
9228.05	0.00234679
9226.12	0.00235898
9224.19	0.00272796
9222.26	0.00302184
9220.34	0.00253981
9218.41	0.00228769
9216.48	0.00215288
9214.55	0.00223666
9212.62	0.00228616
9210.7	0.00230944
9208.77	0.00250739
9206.84	0.00217589
9204.91	0.0021312
9202.98	0.00250849
9201.05	0.00259718
9199.13	0.00228856
9197.2	0.00230305
9195.27	0.00230012
9193.34	0.00225285
9191.42	0.00250439
9189.49	0.00244171
9187.56	0.0024534
9185.63	0.00277381
9183.7	0.00242418
9181.77	0.00178468
9179.85	0.0019736
9177.92	0.00250949
9175.99	0.00244554
9174.06	0.00237763
9172.13	0.00253375
9170.21	0.00231377
9168.28	0.00216034
9166.35	0.00218065
9164.42	0.00233426
9162.49	0.00243914
9160.57	0.00269068
9158.64	0.00298881
9156.71	0.00327042
9154.78	0.00255358
9152.85	0.00192108
9150.93	0.00198136
9149	0.00203142
9147.07	0.00164151
9145.14	0.00175551
9143.21	0.00219234
9141.29	0.00215474
9139.36	0.00216257
9137.43	0.00256628
9135.5	0.00239269
9133.57	0.00236577
9131.65	0.0027642
9129.72	0.0024666
9127.79	0.00202596
9125.86	0.00218455
9123.93	0.00207686
9122.01	0.00227473
9120.08	0.00251975
9118.15	0.00272293
9116.22	0.00270179
9114.29	0.00242388
9112.37	0.00229868
9110.44	0.00198622
9108.51	0.00206102
9106.58	0.00220995
9104.65	0.00244221
9102.73	0.00272649
9100.8	0.00264008
9098.87	0.00250979
9096.94	0.00226927
9095.01	0.00214722
9093.08	0.00244031
9091.16	0.00290188
9089.23	0.00283607
9087.3	0.00303282
9085.37	0.00316641
9083.45	0.00286709
9081.52	0.00260308
9079.59	0.00295045
9077.66	0.00352061
9075.73	0.00337002
9073.8	0.00288817
9071.88	0.00272949
9069.95	0.00329813
9068.02	0.003076
9066.09	0.00253308
9064.17	0.00287303
9062.24	0.00335609
9060.31	0.00298768
9058.38	0.00203495
9056.45	0.00226091
9054.52	0.00262984
9052.6	0.00286202
9050.67	0.00285301
9048.74	0.00276931
9046.81	0.00282583
9044.88	0.00297013
9042.96	0.00302064
9041.03	0.00314418
9039.1	0.00345093
9037.17	0.0028246
9035.24	0.00253938
9033.32	0.00300433
9031.39	0.00303709
9029.46	0.0028206
9027.53	0.00278458
9025.6	0.00308538
9023.68	0.0033611
9021.75	0.00299108
9019.82	0.0029755
9017.89	0.00303816
9015.96	0.00299468
9014.04	0.00309545
9012.11	0.00309759
9010.18	0.00279148
9008.25	0.00258914
9006.32	0.00231727
9004.4	0.00231904
9002.47	0.0023287
9000.54	0.00223943
8998.61	0.00248129
8996.68	0.00272976
8994.76	0.00309926
8992.83	0.00299058
8990.9	0.00283264
8988.97	0.00278611
8987.04	0.00285148
8985.12	0.00306092
8983.19	0.00324996
8981.26	0.00341156
8979.33	0.0033604
8977.4	0.00327226
8975.48	0.00290308
8973.55	0.00275917
8971.62	0.00308905
8969.69	0.00308651
8967.76	0.00324047
8965.83	0.00321961
8963.91	0.00335456
8961.98	0.00334287
8960.05	0.00324915
8958.12	0.00305664
8956.2	0.00278858
8954.27	0.00270512
8952.34	0.00316414
8950.41	0.00335132
8948.48	0.00309609
8946.55	0.00281509
8944.63	0.00269248
8942.7	0.00257141
8940.77	0.00257571
8938.84	0.00303996
8936.92	0.00338812
8934.99	0.00307119
8933.06	0.00256941
8931.13	0.00268068
8929.2	0.00284618
8927.27	0.00296469
8925.35	0.00277147
8923.42	0.00286072
8921.49	0.00299548
8919.56	0.00282757
8917.63	0.00299952
8915.71	0.00306422
8913.78	0.00288687
8911.85	0.00297437
8909.92	0.00319728
8907.99	0.00293287
8906.07	0.00274356
8904.14	0.00310777
8902.21	0.00302004
8900.28	0.00267998
8898.35	0.00296132
8896.43	0.00323407
8894.5	0.00285612
8892.57	0.00287159
8890.64	0.00330444
8888.71	0.00370808
8886.79	0.00382937
8884.86	0.00331572
8882.93	0.00303646
8881	0.0031601
8879.07	0.00329409
8877.15	0.00327025
8875.22	0.00291746
8873.29	0.00264938
8871.36	0.00313967
8869.43	0.00363968
8867.51	0.00367319
8865.58	0.00360195
8863.65	0.00339773
8861.72	0.00308845
8859.79	0.00287493
8857.87	0.00286235
8855.94	0.00309535
8854.01	0.00333232
8852.08	0.00357352
8850.15	0.00365989
8848.22	0.00309025
8846.3	0.00260748
8844.37	0.00268568
8842.44	0.00292289
8840.51	0.00316414
8838.58	0.00348383
8836.66	0.00361131
8834.73	0.00331946
8832.8	0.0031084
8830.87	0.00278278
8828.94	0.00312652
8827.02	0.00338771
8825.09	0.00310023
8823.16	0.00288503
8821.23	0.00318947
8819.3	0.00334411
8817.38	0.00319705
8815.45	0.00324809
8813.52	0.00330571
8811.59	0.00314104
8809.66	0.00323477
8807.74	0.00340374
8805.81	0.00341964
8803.88	0.00295915
8801.95	0.002743
8800.02	0.00272476
8798.1	0.00324335
8796.17	0.00361766
8794.24	0.00333582
8792.31	0.00338842
8790.38	0.00320649
8788.46	0.00288803
8786.53	0.00291522
8784.6	0.00273476
8782.67	0.00257824
8780.74	0.00250402
8778.82	0.00263498
8776.89	0.00287463
8774.96	0.00319424
8773.03	0.00349779
8771.1	0.00354002
8769.18	0.00314151
8767.25	0.00309502
8765.32	0.00309949
8763.39	0.00269318
8761.46	0.00299205
8759.54	0.00353888
8757.61	0.00321778
8755.68	0.00299345
8753.75	0.00362103
8751.82	0.00361869
8749.9	0.00319357
8747.97	0.00319441
8746.04	0.00333763
8744.11	0.00327175
8742.18	0.00332027
8740.25	0.0032327
8738.33	0.00297897
8736.4	0.00299562
8734.47	0.00295345
8732.54	0.00303122
8730.62	0.00336217
8728.69	0.00344048
8726.76	0.00320456
8724.83	0.00309105
8722.9	0.00330354
8720.97	0.00314625
8719.05	0.00302628
8717.12	0.00328244
8715.19	0.00313407
8713.26	0.00306652
8711.33	0.00323363
8709.41	0.00316787
8707.48	0.00298688
8705.55	0.0030412
8703.62	0.00300419
8701.69	0.00264951
8699.77	0.00277878
8697.84	0.00308721
8695.91	0.00323397
8693.98	0.00334324
8692.05	0.00331766
8690.13	0.00338905
8688.2	0.00352538
8686.27	0.00312686
8684.34	0.00236338
8682.41	0.00235841
8680.49	0.00294468
8678.56	0.0029722
8676.63	0.00295819
8674.7	0.00303956
8672.77	0.00306719
8670.85	0.0033221
8668.92	0.00321591
8666.99	0.00292389
8665.06	0.00291902
8663.13	0.00296122
8661.21	0.00299191
8659.28	0.00288407
8657.35	0.00302978
8655.42	0.00337726
8653.49	0.00319301
8651.57	0.00322872
8649.64	0.00320649
8647.71	0.00296963
8645.78	0.00311157
8643.85	0.00324752
8641.93	0.00339797
8640	0.00340147
8638.07	0.00352665
8636.14	0.00334464
8634.21	0.00290711
8632.29	0.00286042
8630.36	0.00294915
8628.43	0.00273873
8626.5	0.00292373
8624.57	0.00292529
8622.65	0.00302545
8620.72	0.00328144
8618.79	0.00317725
8616.86	0.0031589
8614.93	0.00320633
8613	0.0029307
8611.08	0.00275737
8609.15	0.00287386
8607.22	0.00319898
8605.29	0.00320085
8603.37	0.00320095
8601.44	0.00341299
8599.51	0.00328337
8597.58	0.00292139
8595.65	0.00268248
8593.72	0.00293594
8591.8	0.00326358
8589.87	0.00349088
8587.94	0.00320799
8586.01	0.00295692
8584.08	0.00286495
8582.16	0.00271246
8580.23	0.00277094
8578.3	0.00277434
8576.37	0.00288717
8574.44	0.00286419
8572.52	0.00303979
8570.59	0.00326
8568.66	0.00320636
8566.73	0.00306459
8564.8	0.00292403
8562.88	0.00277141
8560.95	0.0028358
8559.02	0.00277791
8557.09	0.00262474
8555.16	0.00272049
8553.24	0.00294418
8551.31	0.00296549
8549.38	0.0028364
8547.45	0.00295405
8545.52	0.0030111
8543.6	0.00281656
8541.67	0.00287209
8539.74	0.00320789
8537.81	0.00350444
8535.88	0.0036486
8533.96	0.00348437
8532.03	0.00340261
8530.1	0.00334491
8528.17	0.0032812
8526.24	0.00307924
8524.32	0.00312752
8522.39	0.00306562
8520.46	0.00281233
8518.53	0.00298441
8516.6	0.00313079
8514.68	0.00289794
8512.75	0.00271316
8510.82	0.00275714
8508.89	0.00305474
8506.96	0.00331696
8505.04	0.00321474
8503.11	0.00313457
8501.18	0.00309669
8499.25	0.00284801
8497.32	0.00286712
8495.39	0.00312102
8493.47	0.00310657
8491.54	0.00289337
8489.61	0.00293624
8487.68	0.00296132
8485.75	0.00302581
8483.83	0.00330638
8481.9	0.00328825
8479.97	0.00308784
8478.04	0.00335509
8476.11	0.00343654
8474.19	0.00312515
8472.26	0.00299639
8470.33	0.00325403
8468.4	0.00318803
8466.47	0.00328003
8464.55	0.00354429
8462.62	0.00362825
8460.69	0.00331078
8458.76	0.00288233
8456.83	0.00277654
8454.91	0.00290992
8452.98	0.00295832
8451.05	0.0028845
8449.12	0.0029384
8447.19	0.00303649
8445.27	0.00287816
8443.34	0.00279612
8441.41	0.00301517
8439.48	0.00301791
8437.55	0.00286295
8435.63	0.00296156
8433.7	0.00310139
8431.77	0.00293914
8429.84	0.0028324
8427.91	0.00321387
8425.99	0.00311911
8424.06	0.00307356
8422.13	0.00330444
8420.2	0.00306382
8418.27	0.00270392
8416.35	0.00276567
8414.42	0.0027627
8412.49	0.00256998
8410.56	0.00282547
8408.63	0.00324401
8406.71	0.00358077
8404.78	0.00336471
8402.85	0.00290515
8400.92	0.00286005
8398.99	0.00314518
8397.07	0.00299659
8395.14	0.00284574
8393.21	0.00279729
8391.28	0.00278178
8389.35	0.00281249
8387.43	0.00271819
8385.5	0.00289117
8383.57	0.0032556
8381.64	0.00337082
8379.71	0.00334033
8377.79	0.00326171
8375.86	0.00322008
8373.93	0.00315015
8372	0.00305581
8370.07	0.00293497
8368.14	0.00291612
8366.22	0.00297704
8364.29	0.00305891
8362.36	0.00311805
8360.43	0.00308261
8358.5	0.00308614
8356.58	0.00281943
8354.65	0.00261201
8352.72	0.00288343
8350.79	0.00297977
8348.86	0.00284481
8346.94	0.00274013
8345.01	0.00291422
8343.08	0.00312122
8341.15	0.00325129
8339.22	0.00305788
8337.3	0.00273393
8335.37	0.00256091
8333.44	0.00278788
8331.51	0.00293487
8329.58	0.00262501
8327.66	0.00285942
8325.73	0.0031618
8323.8	0.00300906
8321.87	0.00258438
8319.94	0.00256181
8318.02	0.00292836
8316.09	0.00295832
8314.16	0.00291299
8312.23	0.00279442
8310.3	0.00272536
8308.38	0.00292693
8306.45	0.00289094
8304.52	0.00301884
8302.59	0.00314051
8300.66	0.00310039
8298.74	0.00305865
8296.81	0.00287152
8294.88	0.00275644
8292.95	0.00302855
8291.02	0.00309265
8289.1	0.00302822
8287.17	0.00306392
8285.24	0.0030794
8283.31	0.00302067
8281.38	0.00314965
8279.46	0.00330531
8277.53	0.00296749
8275.6	0.00271052
8273.67	0.00265294
8271.74	0.00282343
8269.82	0.00321133
8267.89	0.00315966
8265.96	0.00285575
8264.03	0.00268475
8262.1	0.00280912
8260.17	0.00290565
8258.25	0.00303769
8256.32	0.00302428
8254.39	0.00273593
8252.46	0.00270915
8250.54	0.00281209
8248.61	0.00276981
8246.68	0.00257994
8244.75	0.0028795
8242.82	0.00315756
8240.89	0.00301687
8238.97	0.00292479
8237.04	0.00261604
8235.11	0.00238277
8233.18	0.00264091
8231.25	0.00274466
8229.33	0.00257821
8227.4	0.00258128
8225.47	0.00276831
8223.54	0.00304436
8221.61	0.00305684
8219.69	0.00289127
8217.76	0.0028254
8215.83	0.00261678
8213.9	0.00242561
8211.97	0.00261791
8210.05	0.00263151
8208.12	0.00228746
8206.19	0.00239063
8204.26	0.00258391
8202.33	0.00273056
8200.41	0.00284491
8198.48	0.00244101
8196.55	0.00236121
8194.62	0.00266648
8192.69	0.00259948
8190.77	0.00247879
8188.84	0.00267465
8186.91	0.00274837
8184.98	0.00248083
8183.05	0.00268158
8181.13	0.00284074
8179.2	0.00254258
8177.27	0.00248219
8175.34	0.00244214
8173.41	0.00268002
8171.49	0.00290401
8169.56	0.00263364
8167.63	0.00255028
8165.7	0.00258728
8163.77	0.00258581
8161.85	0.00282623
8159.92	0.00301984
8157.99	0.00299148
8156.06	0.00289374
8154.13	0.00278124
8152.21	0.00272379
8150.28	0.00263511
8148.35	0.00273313
8146.42	0.00279008
8144.49	0.0028799
8142.56	0.00278678
8140.64	0.00269132
8138.71	0.00283587
8136.78	0.00258758
8134.85	0.00241798
8132.92	0.00250475
8131	0.00264771
8129.07	0.00267825
8127.14	0.00264181
8125.21	0.00284601
8123.28	0.00261118
8121.36	0.0022743
8119.43	0.00222334
8117.5	0.0022817
8115.57	0.00267948
8113.64	0.00285258
8111.72	0.00308301
8109.79	0.00305628
8107.86	0.00268598
8105.93	0.00244624
8104	0.00251762
8102.08	0.00289484
8100.15	0.0029744
8098.22	0.00281079
8096.29	0.00284954
8094.36	0.00299395
8092.44	0.0029803
8090.51	0.00272376
8088.58	0.00251122
8086.65	0.00296503
8084.72	0.00306205
8082.8	0.0028241
8080.87	0.00271256
8078.94	0.00266151
8077.01	0.00258941
8075.08	0.00259008
8073.16	0.00278941
8071.23	0.00271079
8069.3	0.00248363
8067.37	0.00254228
8065.44	0.0027423
8063.52	0.00282857
8061.59	0.00274383
8059.66	0.00252378
8057.73	0.00239503
8055.8	0.00244201
8053.88	0.00242461
8051.95	0.002379
8050.02	0.00249972
8048.09	0.00263684
8046.16	0.00262034
8044.24	0.00255771
8042.31	0.00263461
8040.38	0.0028287
8038.45	0.00278541
8036.52	0.00279525
8034.6	0.00266811
8032.67	0.00247473
8030.74	0.00247496
8028.81	0.00272356
8026.88	0.00292269
8024.96	0.00282516
8023.03	0.00276991
8021.1	0.00281836
8019.17	0.00280022
8017.24	0.00279742
8015.31	0.00258748
8013.39	0.00243441
8011.46	0.00256011
8009.53	0.00263738
8007.6	0.00279588
8005.67	0.00289741
8003.75	0.00292209
8001.82	0.00288707
7999.89	0.00268678
7997.96	0.00254461
7996.03	0.00253718
7994.11	0.00240116
7992.18	0.00247903
7990.25	0.00254501
7988.32	0.00248649
7986.39	0.0024706
7984.47	0.00219767
7982.54	0.00232983
7980.61	0.0027519
7978.68	0.00259891
7976.75	0.00232806
7974.83	0.00239023
7972.9	0.00258341
7970.97	0.00248536
7969.04	0.002453
7967.11	0.00269999
7965.19	0.00255368
7963.26	0.0023719
7961.33	0.00242371
7959.4	0.00230411
7957.47	0.00202659
7955.55	0.00209571
7953.62	0.00264461
7951.69	0.00297747
7949.76	0.00289257
7947.83	0.00259864
7945.91	0.00240169
7943.98	0.00229032
7942.05	0.00235625
7940.12	0.00250752
7938.19	0.00251545
7936.27	0.00222461
7934.34	0.00230091
7932.41	0.00252725
7930.48	0.00259211
7928.55	0.00260964
7926.63	0.00243484
7924.7	0.00228902
7922.77	0.00249116
7920.84	0.00242821
7918.91	0.00218907
7916.99	0.00227067
7915.06	0.00239216
7913.13	0.00258578
7911.2	0.00261958
7909.27	0.00259908
7907.35	0.00243324
7905.42	0.00222967
7903.49	0.0021928
7901.56	0.00230581
7899.63	0.00261141
7897.71	0.00262244
7895.78	0.00227237
7893.85	0.00230631
7891.92	0.00258248
7889.99	0.00269609
7888.06	0.00266848
7886.14	0.00266498
7884.21	0.00249819
7882.28	0.00241522
7880.35	0.0024671
7878.42	0.00246903
7876.5	0.00237887
7874.57	0.00226474
7872.64	0.00233336
7870.71	0.0023721
7868.78	0.00225105
7866.86	0.00217948
7864.93	0.00233626
7863	0.00249046
7861.07	0.00256384
7859.14	0.00245057
7857.22	0.00239649
7855.29	0.00249366
7853.36	0.0024623
7851.43	0.0024485
7849.5	0.00252168
7847.58	0.00248323
7845.65	0.00234375
7843.72	0.00241082
7841.79	0.00240619
7839.86	0.00230774
7837.94	0.00206191
7836.01	0.00201324
7834.08	0.00228796
7832.15	0.00244381
7830.22	0.00248066
7828.3	0.00253635
7826.37	0.00226974
7824.44	0.00235745
7822.51	0.00250359
7820.58	0.00238786
7818.66	0.00229862
7816.73	0.00237597
7814.8	0.00256751
7812.87	0.00231071
7810.94	0.00230388
7809.02	0.00261471
7807.09	0.00259211
7805.16	0.00265628
7803.23	0.00245477
7801.3	0.00230691
7799.38	0.00214698
7797.45	0.00189173
7795.52	0.00199627
7793.59	0.00208066
7791.66	0.0021943
7789.74	0.00222124
7787.81	0.00246157
7785.88	0.00271916
7783.95	0.00272276
7782.02	0.00238027
7780.09	0.00205692
7778.17	0.00221711
7776.24	0.00235825
7774.31	0.0022726
7772.38	0.00222681
7770.46	0.00237447
7768.53	0.0024467
7766.6	0.00240945
7764.67	0.00226354
7762.74	0.00209501
7760.81	0.00215368
7758.89	0.0023885
7756.96	0.00251615
7755.03	0.00246473
7753.1	0.00221751
7751.17	0.00228712
7749.25	0.00254821
7747.32	0.00253415
7745.39	0.00235142
7743.46	0.00223047
7741.53	0.0024524
7739.61	0.0024482
7737.68	0.00232007
7735.75	0.00230711
7733.82	0.00215771
7731.89	0.00204344
7729.97	0.00197293
7728.04	0.00228449
7726.11	0.00260581
7724.18	0.00269365
7722.25	0.00249909
7720.33	0.00202383
7718.4	0.0018883
7716.47	0.00205303
7714.54	0.00213546
7712.61	0.002324
7710.69	0.00234096
7708.76	0.00221765
7706.83	0.00230948
7704.9	0.00236737
7702.97	0.00206521
7701.05	0.00205928
7699.12	0.00215234
7697.19	0.00208432
7695.26	0.00193403
7693.33	0.00193562
7691.41	0.00215398
7689.48	0.00226767
7687.55	0.00222544
7685.62	0.00219823
7683.69	0.00218278
7681.77	0.00226438
7679.84	0.00248093
7677.91	0.002316
7675.98	0.00201431
7674.05	0.0020223
7672.12	0.00206022
7670.2	0.00211255
7668.27	0.00206258
7666.34	0.00204177
7664.41	0.00209594
7662.48	0.00206638
7660.56	0.00215761
7658.63	0.00229392
7656.7	0.00225881
7654.77	0.00220216
7652.84	0.00223463
7650.92	0.00220959
7648.99	0.002194
7647.06	0.00218198
7645.13	0.00226398
7643.2	0.00229878
7641.28	0.00239889
7639.35	0.00234705
7637.42	0.00210956
7635.49	0.00195296
7633.56	0.00205116
7631.64	0.00222168
7629.71	0.00213546
7627.78	0.00220206
7625.85	0.00226974
7623.92	0.00211991
7622	0.00201634
7620.07	0.00215211
7618.14	0.00221588
7616.21	0.00221538
7614.28	0.00217306
7612.36	0.0021608
7610.43	0.00239676
7608.5	0.00249209
7606.57	0.00229858
7604.64	0.00225582
7602.72	0.00240186
7600.79	0.00251045
7598.86	0.00238786
7596.93	0.00220836
7595	0.00208162
7593.08	0.00216896
7591.15	0.00225522
7589.22	0.00203638
7587.29	0.0020191
7585.36	0.0022714
7583.44	0.00223337
7581.51	0.00222448
7579.58	0.00218171
7577.65	0.00198249
7575.72	0.00209141
7573.8	0.00213843
7571.87	0.00188664
7569.94	0.00199773
7568.01	0.00232517
7566.08	0.00224199
7564.16	0.00200838
7562.23	0.00197859
7560.3	0.00214325
7558.37	0.00233632
7556.44	0.0023813
7554.52	0.00222181
7552.59	0.0020755
7550.66	0.00196528
7548.73	0.00203761
7546.8	0.00209404
7544.88	0.00214239
7542.95	0.00215517
7541.02	0.00206421
7539.09	0.00198359
7537.16	0.00205639
7535.23	0.00213316
7533.31	0.00208289
7531.38	0.0020464
7529.45	0.00204144
7527.52	0.00213017
7525.59	0.00211335
7523.67	0.00205229
7521.74	0.00202969
7519.81	0.00200332
7517.88	0.00198409
7515.95	0.00205093
7514.03	0.00228459
7512.1	0.00230854
7510.17	0.0021057
7508.24	0.00214702
7506.31	0.00221928
7504.39	0.00213646
7502.46	0.00205795
7500.53	0.00211419
7498.6	0.00216007
7496.67	0.00231008
7494.75	0.00246213
7492.82	0.00236877
7490.89	0.00237057
7488.96	0.00235961
7487.03	0.00215697
7485.11	0.00210982
7483.18	0.00217236
7481.25	0.00221668
7479.32	0.00228872
7477.39	0.00229415
7475.47	0.00224139
7473.54	0.00215711
7471.61	0.00205253
7469.68	0.00210922
7467.75	0.00222561
7465.83	0.00219617
7463.9	0.00212381
7461.97	0.00210027
7460.04	0.00213586
7458.11	0.00197473
7456.19	0.00196045
7454.26	0.00212571
7452.33	0.00237364
7450.4	0.00228259
7448.47	0.0021948
7446.54	0.00213653
7444.62	0.00205735
7442.69	0.00197769
7440.76	0.00208196
7438.83	0.00204091
7436.91	0.00215091
7434.98	0.00226368
7433.05	0.00210716
7431.12	0.0020241
7429.19	0.00228563
7427.26	0.00231281
7425.34	0.00224672
7423.41	0.0022714
7421.48	0.00204357
7419.55	0.00203365
7417.62	0.00220146
7415.7	0.00214272
7413.77	0.00207779
7411.84	0.00216237
7409.91	0.0021033
7407.98	0.0021654
7406.06	0.00215977
7404.13	0.00210023
7402.2	0.00191802
7400.27	0.00192151
7398.34	0.00210573
7396.42	0.00200476
7394.49	0.00176948
7392.56	0.00179137
7390.63	0.00186381
7388.7	0.00207929
7386.78	0.00204011
7384.85	0.00194807
7382.92	0.00202919
7380.99	0.00207513
7379.06	0.00198222
7377.14	0.0018679
7375.21	0.00187798
7373.28	0.00191975
7371.35	0.0022299
7369.42	0.00241705
7367.5	0.00247896
7365.57	0.00242794
7363.64	0.00248629
7361.71	0.002445
7359.78	0.0023803
7357.86	0.00234072
7355.93	0.00216909
7354	0.002072
7352.07	0.00213157
7350.14	0.00210992
7348.22	0.002105
7346.29	0.00199953
7344.36	0.00191229
7342.43	0.0019967
7340.5	0.00203099
7338.58	0.00204933
7336.65	0.00214965
7334.72	0.00209238
7332.79	0.00209364
7330.86	0.00228246
7328.94	0.00218288
7327.01	0.00205556
7325.08	0.00208961
7323.15	0.00205296
7321.22	0.00207933
7319.29	0.00216626
7317.37	0.00212827
7315.44	0.00209188
7313.51	0.00214742
7311.58	0.00225368
7309.65	0.00217779
7307.73	0.00201108
7305.8	0.00191156
7303.87	0.00178611
7301.94	0.00174978
7300.01	0.00197816
7298.09	0.00224176
7296.16	0.00218171
7294.23	0.00226238
7292.3	0.00236444
7290.37	0.00226541
7288.45	0.00226121
7286.52	0.0023827
7284.59	0.00242245
7282.66	0.00225965
7280.73	0.00214345
7278.81	0.0021588
7276.88	0.00207084
7274.95	0.00195722
7273.02	0.00176043
7271.09	0.00193526
7269.17	0.0020999
7267.24	0.00203731
7265.31	0.00207247
7263.38	0.00217242
7261.45	0.00197343
7259.53	0.00177753
7257.6	0.0018657
7255.67	0.00208582
7253.74	0.00215584
7251.81	0.00211395
7249.89	0.0020433
7247.96	0.00192657
7246.03	0.00188923
7244.1	0.00192381
7242.17	0.00185303
7240.25	0.00201504
7238.32	0.00212564
7236.39	0.001977
7234.46	0.00190923
7232.53	0.00194268
7230.61	0.0020716
7228.68	0.00213606
7226.75	0.00212338
7224.82	0.00191609
7222.89	0.00194747
7220.97	0.00213203
7219.04	0.00224582
7217.11	0.00228176
7215.18	0.0022009
7213.25	0.00201241
7211.33	0.00201967
7209.4	0.00204477
7207.47	0.00220596
7205.54	0.00223693
7203.61	0.00225881
7201.69	0.00216054
7199.76	0.00191872
7197.83	0.00166809
7195.9	0.00179466
7193.97	0.00195033
7192.04	0.00199803
7190.12	0.00204071
7188.19	0.002098
7186.26	0.00193329
7184.33	0.00187502
7182.4	0.00194404
7180.48	0.00205362
7178.55	0.00200692
7176.62	0.00189396
7174.69	0.00193156
7172.76	0.00204201
7170.84	0.00198855
7168.91	0.00191306
7166.98	0.00189246
7165.05	0.00186381
7163.12	0.0019081
7161.2	0.00202589
7159.27	0.0021327
7157.34	0.00209098
7155.41	0.00199334
7153.48	0.00178016
7151.56	0.00172377
7149.63	0.00184391
7147.7	0.00192224
7145.77	0.00198422
7143.84	0.00186334
7141.92	0.0018131
7139.99	0.00195759
7138.06	0.00186144
7136.13	0.00184394
7134.2	0.00209398
7132.28	0.00212361
7130.35	0.00194391
7128.42	0.00196238
7126.49	0.00205559
7124.56	0.00207833
7122.64	0.00215587
7120.71	0.00225315
7118.78	0.00214588
7116.85	0.00196295
7114.92	0.00182328
7113	0.00183306
7111.07	0.00188996
7109.14	0.00196551
7107.21	0.00200193
7105.28	0.00191469
7103.36	0.00188045
7101.43	0.00197493
7099.5	0.00191918
7097.57	0.00180135
7095.64	0.00176163
7093.71	0.00185682
7091.79	0.00189486
7089.86	0.00175068
7087.93	0.00168761
7086	0.0017077
7084.08	0.00177893
7082.15	0.00198392
7080.22	0.00192015
7078.29	0.00176199
7076.36	0.00186926
7074.43	0.00196545
7072.51	0.0018272
7070.58	0.00174879
7068.65	0.00187336
7066.72	0.00187875
7064.79	0.00194917
7062.87	0.00204514
7060.94	0.00195067
7059.01	0.00188647
7057.08	0.00180671
7055.15	0.00183516
7053.23	0.00180192
7051.3	0.00182601
7049.37	0.00192421
7047.44	0.00187988
7045.51	0.00189076
7043.59	0.00182468
7041.66	0.00185672
7039.73	0.00194062
7037.8	0.00206308
7035.87	0.00190121
7033.95	0.00170165
7032.02	0.00176545
7030.09	0.00194857
7028.16	0.00187765
7026.23	0.001726
7024.31	0.00161078
7022.38	0.00171519
7020.45	0.00182275
7018.52	0.00185575
7016.59	0.00187785
7014.67	0.00187462
7012.74	0.00173345
7010.81	0.00173006
7008.88	0.00175205
7006.95	0.00176253
7005.03	0.00170777
7003.1	0.00169327
7001.17	0.00176695
6999.24	0.00196897
6997.31	0.00192205
6995.39	0.00178691
6993.46	0.00188877
6991.53	0.0019072
6989.6	0.00185931
6987.67	0.00192098
6985.75	0.00185978
6983.82	0.00192427
6981.89	0.00198002
6979.96	0.00184291
6978.03	0.0019108
6976.1	0.00189046
6974.18	0.00173681
6972.25	0.00170567
6970.32	0.0018679
6968.39	0.0017766
6966.46	0.00176426
6964.54	0.00186524
6962.61	0.00190328
6960.68	0.00185572
6958.75	0.00189133
6956.82	0.0018693
6954.9	0.00180262
6952.97	0.00192241
6951.04	0.002074
6949.11	0.00202919
6947.18	0.00208076
6945.26	0.00210247
6943.33	0.00195922
6941.4	0.00193406
6939.47	0.00205016
6937.54	0.00194964
6935.62	0.00196069
6933.69	0.00194328
6931.76	0.00183539
6929.83	0.00175358
6927.9	0.00171289
6925.98	0.00173435
6924.05	0.00178864
6922.12	0.00193656
6920.19	0.00199267
6918.26	0.00186174
6916.34	0.00170414
6914.41	0.00165255
6912.48	0.00179283
6910.55	0.00183073
6908.62	0.0018278
6906.7	0.00182864
6904.77	0.00183136
6902.84	0.0019074
6900.91	0.00189179
6898.98	0.00180308
6897.06	0.00174556
6895.13	0.00179157
6893.2	0.00188474
6891.27	0.00182488
6889.34	0.0018462
6887.42	0.00183626
6885.49	0.00182035
6883.56	0.00190028
6881.63	0.00193399
6879.7	0.00196688
6877.78	0.00194584
6875.85	0.0018679
6873.92	0.00170744
6871.99	0.00169599
6870.06	0.00184171
6868.14	0.00201667
6866.21	0.00182158
6864.28	0.0017239
6862.35	0.00197047
6860.42	0.00207114
6858.5	0.00192338
6856.57	0.00178162
6854.64	0.00176465
6852.71	0.00171978
6850.78	0.00176109
6848.85	0.00182175
6846.93	0.00175617
6845	0.00171795
6843.07	0.00173099
6841.14	0.00173794
6839.21	0.00182444
6837.29	0.00189659
6835.36	0.00206068
6833.43	0.00200506
6831.5	0.00194774
6829.57	0.00207094
6827.65	0.00185206
6825.72	0.00152562
6823.79	0.00174393
6821.86	0.00186394
6819.93	0.00186198
6818.01	0.00187399
6816.08	0.00180574
6814.15	0.00170827
6812.22	0.00168528
6810.29	0.00175534
6808.37	0.00172267
6806.44	0.00166742
6804.51	0.00172111
6802.58	0.00161776
6800.65	0.00158201
6798.73	0.00175614
6796.8	0.00177281
6794.87	0.00172656
6792.94	0.00186803
6791.01	0.0018281
6789.09	0.00163306
6787.16	0.00169706
6785.23	0.00179323
6783.3	0.00192005
6781.37	0.00194211
6779.45	0.00187672
6777.52	0.00189941
6775.59	0.00175734
6773.66	0.00180228
6771.73	0.00181825
6769.81	0.0017436
6767.88	0.0019311
6765.95	0.00201654
6764.02	0.00197716
6762.09	0.00188211
6760.17	0.00182484
6758.24	0.00176981
6756.31	0.00176442
6754.38	0.00190897
6752.45	0.00194368
6750.53	0.00183835
6748.6	0.00187269
6746.67	0.00182268
6744.74	0.00184444
6742.81	0.00187875
6740.88	0.0017731
6738.96	0.00174968
6737.03	0.0018132
6735.1	0.00186604
6733.17	0.00191789
6731.25	0.00192344
6729.32	0.00186381
6727.39	0.00175534
6725.46	0.00181553
6723.53	0.00189822
6721.6	0.00179283
6719.68	0.00176808
6717.75	0.00185709
6715.82	0.00183206
6713.89	0.00176276
6711.96	0.00183399
6710.04	0.00181686
6708.11	0.00181423
6706.18	0.00178129
6704.25	0.00184361
6702.32	0.0020243
6700.4	0.00201198
6698.47	0.00173764
6696.54	0.00158218
6694.61	0.00170823
6692.68	0.00175424
6690.76	0.00173881
6688.83	0.00177946
6686.9	0.00183113
6684.97	0.00186334
6683.04	0.00174862
6681.12	0.00169519
6679.19	0.00177813
6677.26	0.00189256
6675.33	0.00195563
6673.4	0.00202193
6671.48	0.00195606
6669.55	0.00175833
6667.62	0.00167647
6665.69	0.00165006
6663.76	0.00173139
6661.84	0.00180694
6659.91	0.00177207
6657.98	0.00183735
6656.05	0.00199886
6654.12	0.00199893
6652.2	0.00201551
6650.27	0.00200366
6648.34	0.00187279
6646.41	0.00186258
6644.48	0.00192514
6642.56	0.00186923
6640.63	0.00180005
6638.7	0.00172813
6636.77	0.00182125
6634.84	0.00188537
6632.92	0.0017764
6630.99	0.00183053
6629.06	0.00191755
6627.13	0.00185978
6625.2	0.00179031
6623.27	0.00174842
6621.35	0.00187579
6619.42	0.00197204
6617.49	0.00195782
6615.56	0.0019285
6613.63	0.00171845
6611.71	0.00157955
6609.78	0.00163619
6607.85	0.00169433
6605.92	0.0018309
6603.99	0.00183645
6602.07	0.00184973
6600.14	0.00196172
6598.21	0.00182817
6596.28	0.00167943
6594.35	0.0017105
6592.43	0.00181949
6590.5	0.00189342
6588.57	0.0018674
6586.64	0.00188154
6584.71	0.00184185
6582.79	0.00184457
6580.86	0.00170986
6578.93	0.00169223
6577	0.00183566
6575.07	0.00177061
6573.15	0.00158248
6571.22	0.00166669
6569.29	0.00189429
6567.36	0.0019768
6565.43	0.00176785
6563.51	0.00169892
6561.58	0.0018123
6559.65	0.00190574
6557.72	0.00188274
6555.79	0.00186976
6553.87	0.00182617
6551.94	0.00190677
6550.01	0.00189509
6548.08	0.00177131
6546.15	0.0016442
6544.23	0.00166479
6542.3	0.0016312
6540.37	0.00159342
6538.44	0.00166779
6536.51	0.00168568
6534.59	0.00180904
6532.66	0.00194188
6530.73	0.0018481
6528.8	0.00180119
6526.87	0.00185905
6524.95	0.00170221
6523.02	0.00165827
6521.09	0.00184564
6519.16	0.00189805
6517.23	0.00192497
6515.31	0.00193183
6513.38	0.00188474
6511.45	0.00182571
6509.52	0.0017568
6507.59	0.00165714
6505.67	0.00170793
6503.74	0.00162837
6501.81	0.00156888
6499.88	0.00168515
6497.95	0.00173857
6496.02	0.00173724
6494.1	0.0017562
6492.17	0.00185978
6490.24	0.0019725
6488.31	0.00193083
6486.38	0.00177387
6484.46	0.00172703
6482.53	0.00166363
6480.6	0.00163007
6478.67	0.00175837
6476.74	0.00191259
6474.82	0.00187116
6472.89	0.00188464
6470.96	0.00184381
6469.03	0.00176612
6467.1	0.00166566
6465.18	0.00164627
6463.25	0.00164497
6461.32	0.00169639
6459.39	0.00175128
6457.46	0.00164936
6455.54	0.0016445
6453.61	0.00169639
6451.68	0.00183373
6449.75	0.00185872
6447.82	0.00184208
6445.9	0.0018099
6443.97	0.00176782
6442.04	0.00176153
6440.11	0.00168738
6438.18	0.00165638
6436.26	0.00173059
6434.33	0.00173894
6432.4	0.00171648
6430.47	0.00174523
6428.54	0.00178764
6426.62	0.00176752
6424.69	0.0016483
6422.76	0.0016304
6420.83	0.00170614
6418.9	0.00170175
6416.98	0.0018088
6415.05	0.00178309
6413.12	0.00168974
6411.19	0.00168299
6409.26	0.00172507
6407.34	0.00183423
6405.41	0.00189699
6403.48	0.00179703
6401.55	0.00157702
6399.62	0.00172896
6397.7	0.00197773
6395.77	0.00187076
6393.84	0.00181962
6391.91	0.00192038
6389.98	0.00190707
6388.06	0.00182048
6386.13	0.00177257
6384.2	0.00177387
6382.27	0.00177357
6380.34	0.00176086
6378.42	0.00173325
6376.49	0.00163097
6374.56	0.00168458
6372.63	0.00171901
6370.7	0.00157726
6368.77	0.00156622
6366.85	0.00171299
6364.92	0.00181785
6362.99	0.00185466
6361.06	0.00181669
6359.13	0.00180275
6357.21	0.00190274
6355.28	0.0018678
6353.35	0.00180312
6351.42	0.00168571
6349.49	0.00151837
6347.57	0.00156841
6345.64	0.00163014
6343.71	0.00172836
6341.78	0.00181556
6339.85	0.00169862
6337.93	0.00157104
6336	0.0015331
6334.07	0.00155112
6332.14	0.00161557
6330.21	0.00168488
6328.29	0.00171838
6326.36	0.00169533
6324.43	0.00156971
6322.5	0.00143798
6320.57	0.00144605
6318.65	0.00158707
6316.72	0.00176735
6314.79	0.00184091
6312.86	0.00186827
6310.93	0.00182837
6309.01	0.00176831
6307.08	0.00168199
6305.15	0.00162884
6303.22	0.00163961
6301.29	0.00158384
6299.37	0.00160785
6297.44	0.00171665
6295.51	0.00169237
6293.58	0.00159495
6291.65	0.00153965
6289.73	0.00160533
6287.8	0.00163426
6285.87	0.00170966
6283.94	0.00165302
6282.01	0.00160925
6280.08	0.00166177
6278.16	0.0017957
6276.23	0.00182275
6274.3	0.00176026
6272.37	0.00168688
6270.45	0.00158331
6268.52	0.00156382
6266.59	0.00162099
6264.66	0.00169243
6262.73	0.00166296
6260.8	0.0016149
6258.88	0.00159246
6256.95	0.00170946
6255.02	0.00168312
6253.09	0.00157333
6251.17	0.00162149
6249.24	0.0015886
6247.31	0.00155228
6245.38	0.0016468
6243.45	0.00166682
6241.52	0.00164983
6239.6	0.00167138
6237.67	0.00157357
6235.74	0.00157114
6233.81	0.00176083
6231.88	0.00170424
6229.96	0.00156918
6228.03	0.00154001
6226.1	0.00159256
6224.17	0.00164524
6222.24	0.00167657
6220.32	0.00163759
6218.39	0.00166137
6216.46	0.0017083
6214.53	0.0016616
6212.6	0.00153386
6210.68	0.00151917
6208.75	0.0015588
6206.82	0.00161158
6204.89	0.00174429
6202.96	0.00176788
6201.04	0.00174606
6199.11	0.00172018
6197.18	0.00170394
6195.25	0.00166483
6193.32	0.00168116
6191.4	0.00172114
6189.47	0.00162761
6187.54	0.00162209
6185.61	0.00165754
6183.68	0.0016944
6181.76	0.00169213
6179.83	0.00167144
6177.9	0.00158886
6175.97	0.00157965
6174.04	0.00165079
6172.12	0.00166256
6170.19	0.00168059
6168.26	0.00160646
6166.33	0.00156848
6164.4	0.00167015
6162.48	0.00175388
6160.55	0.00169969
6158.62	0.00162614
6156.69	0.00163236
6154.76	0.00169686
6152.83	0.0016635
6150.91	0.00166506
6148.98	0.00174706
6147.05	0.00168724
6145.12	0.00153995
6143.19	0.00144984
6141.27	0.00152073
6139.34	0.00154351
6137.41	0.00157702
6135.48	0.0016144
6133.55	0.00157071
6131.63	0.00152103
6129.7	0.00161105
6127.77	0.00167886
6125.84	0.00171306
6123.91	0.00176768
6121.99	0.00182844
6120.06	0.00173781
6118.13	0.00159462
6116.2	0.00156179
6114.27	0.00157526
6112.35	0.00163273
6110.42	0.00161929
6108.49	0.00161843
6106.56	0.00159415
6104.63	0.00153027
6102.71	0.00155963
6100.78	0.00159259
6098.85	0.00164381
6096.92	0.0016477
6094.99	0.00164111
6093.07	0.00154294
6091.14	0.00149207
6089.21	0.00141803
6087.28	0.00150507
6085.35	0.00165491
6083.43	0.001661
6081.5	0.00165711
6079.57	0.00163772
6077.64	0.00163167
6075.71	0.00166526
6073.79	0.00163752
6071.86	0.00164224
6069.93	0.00159099
6068	0.00149666
6066.07	0.0015719
6064.15	0.0016775
6062.22	0.00161816
6060.29	0.00156598
6058.36	0.00162771
6056.43	0.00170391
6054.51	0.00158627
6052.58	0.0014928
6050.65	0.00153014
6048.72	0.00161527
6046.79	0.00161115
6044.87	0.00158594
6042.94	0.00159881
6041.01	0.00167557
6039.08	0.00160326
6037.15	0.00151378
6035.23	0.00155578
6033.3	0.00159568
6031.37	0.00161248
6029.44	0.00153632
6027.51	0.00156455
6025.58	0.001586
6023.66	0.00156226
6021.73	0.00156326
6019.8	0.00159176
6017.87	0.00148176
6015.94	0.00149632
6014.02	0.00157097
6012.09	0.00145636
6010.16	0.0015467
6008.23	0.00170591
6006.3	0.00172124
6004.38	0.00166572
6002.45	0.00164743
6000.52	0.00156682
5998.59	0.00154254
5996.66	0.00162478
5994.74	0.00160243
5992.81	0.00163898
5990.88	0.00169842
5988.95	0.00161324
5987.02	0.00160945
5985.1	0.00165172
5983.17	0.00159615
5981.24	0.00158098
5979.31	0.00159013
5977.38	0.00152429
5975.46	0.00138941
5973.53	0.00140696
5971.6	0.00153213
5969.67	0.00160436
5967.74	0.00156775
5965.82	0.00156835
5963.89	0.00154387
5961.96	0.00157097
5960.03	0.00163273
5958.1	0.0016031
5956.18	0.00156036
5954.25	0.00162501
5952.32	0.00174629
5950.39	0.00171369
5948.46	0.00166496
5946.54	0.0016329
5944.61	0.00152402
5942.68	0.00146467
5940.75	0.00153303
5938.82	0.00160373
5936.9	0.00166812
5934.97	0.00166087
5933.04	0.00163569
5931.11	0.00162345
5929.18	0.00160493
5927.25	0.00163655
5925.33	0.00170581
5923.4	0.00162368
5921.47	0.0015723
5919.54	0.00152505
5917.62	0.00155125
5915.69	0.00156841
5913.76	0.00156635
5911.83	0.00163034
5909.9	0.00152904
5907.97	0.00159708
5906.05	0.00155125
5904.12	0.00143542
5902.19	0.00152286
5900.26	0.00162345
5898.33	0.00164793
5896.41	0.00165767
5894.48	0.00159448
5892.55	0.00161098
5890.62	0.0016318
5888.69	0.00154101
5886.77	0.00156199
5884.84	0.00154427
5882.91	0.00145789
5880.98	0.0015477
5879.05	0.00158963
5877.13	0.00159555
5875.2	0.00153326
5873.27	0.00150424
5871.34	0.00158817
5869.41	0.00162016
5867.49	0.00171332
5865.56	0.00176971
5863.63	0.00160629
5861.7	0.00153672
5859.77	0.00158165
5857.85	0.00155578
5855.92	0.00158141
5853.99	0.0017261
5852.06	0.0017232
5850.13	0.0015455
5848.21	0.00150221
5846.28	0.00148588
5844.35	0.0015856
5842.42	0.00161889
5840.49	0.00161717
5838.57	0.00164324
5836.64	0.0016948
5834.71	0.0017585
5832.78	0.00164218
5830.85	0.00152987
5828.93	0.00157845
5827	0.00174559
5825.07	0.00173498
5823.14	0.00156801
5821.21	0.00151288
5819.29	0.00152379
5817.36	0.00156469
5815.43	0.00157686
5813.5	0.00164154
5811.57	0.00160692
5809.65	0.00149459
5807.72	0.00155671
5805.79	0.00158148
5803.86	0.00152479
5801.93	0.00148229
5800	0.00144825
5798.08	0.00145829
5796.15	0.00165528
5794.22	0.00169549
5792.29	0.00150607
5790.36	0.00146916
5788.44	0.00152861
5786.51	0.0015864
5784.58	0.00151381
5782.65	0.00152701
5780.72	0.00167757
5778.8	0.00163998
5776.87	0.00149676
5774.94	0.00143761
5773.01	0.00150756
5771.08	0.00157669
5769.16	0.00148665
5767.23	0.00141497
5765.3	0.00145759
5763.37	0.0015064
5761.44	0.00161883
5759.52	0.00165877
5757.59	0.0016331
5755.66	0.0015739
5753.73	0.00164211
5751.8	0.00176369
5749.88	0.00175225
5747.95	0.00168931
5746.02	0.00161078
5744.09	0.00146308
5742.16	0.00149307
5740.24	0.00158215
5738.31	0.00162488
5736.38	0.00162289
5734.45	0.00163439
5732.52	0.00159814
5730.6	0.00162395
5728.67	0.00173448
5726.74	0.00179786
5724.81	0.00172124
5722.88	0.00161164
5720.96	0.00166705
5719.03	0.00173791
5717.1	0.00168997
5715.17	0.0016026
5713.24	0.00160183
5711.32	0.00162571
5709.39	0.00163619
5707.46	0.00159043
5705.53	0.00159954
5703.6	0.00157573
5701.68	0.00166732
5699.75	0.00166024
5697.82	0.00147268
5695.89	0.00144506
5693.96	0.00147501
5692.03	0.00149649
5690.11	0.00151434
5688.18	0.00153782
5686.25	0.00159319
5684.32	0.00154793
5682.4	0.00154484
5680.47	0.00168535
5678.54	0.0016153
5676.61	0.00143538
5674.68	0.00140257
5672.75	0.00161869
5670.83	0.0016302
5668.9	0.00151145
5666.97	0.00155694
5665.04	0.00163898
5663.11	0.00170028
5661.19	0.00165851
5659.26	0.0016164
5657.33	0.00165608
5655.4	0.00153732
5653.47	0.00150896
5651.55	0.0016167
5649.62	0.00164906
5647.69	0.00165129
5645.76	0.00163063
5643.83	0.00154065
5641.91	0.00146105
5639.98	0.00152532
5638.05	0.00163629
5636.12	0.00162195
5634.19	0.00154497
5632.27	0.00145257
5630.34	0.00142135
5628.41	0.00150437
5626.48	0.0016326
5624.55	0.0016445
5622.63	0.00167993
5620.7	0.0016326
5618.77	0.00162139
5616.84	0.0016948
5614.91	0.00165684
5612.99	0.00148861
5611.06	0.00143748
5609.13	0.00144981
5607.2	0.0016038
5605.27	0.00171732
5603.35	0.00168186
5601.42	0.00170161
5599.49	0.00167733
5597.56	0.00160705
5595.63	0.00159073
5593.71	0.00159874
5591.78	0.00163512
5589.85	0.00167417
5587.92	0.00167407
5585.99	0.00167068
5584.07	0.00164763
5582.14	0.00160802
5580.21	0.00155401
5578.28	0.00159349
5576.35	0.00162032
5574.43	0.00160948
5572.5	0.00163832
5570.57	0.00162927
5568.64	0.00163978
5566.71	0.00165092
5564.79	0.0016151
5562.86	0.00161846
5560.93	0.00164307
5559	0.00162262
5557.07	0.00166483
5555.14	0.00169164
5553.22	0.00168678
5551.29	0.00161327
5549.36	0.0014537
5547.43	0.00146264
5545.5	0.00151863
5543.58	0.00163463
5541.65	0.00175308
5539.72	0.00170158
5537.79	0.00162548
5535.86	0.00159103
5533.94	0.0015601
5532.01	0.0015342
5530.08	0.00151135
5528.15	0.00151814
5526.22	0.00149819
5524.3	0.00150962
5522.37	0.00158936
5520.44	0.00156765
5518.51	0.00156342
5516.58	0.00160336
5514.66	0.00165006
5512.73	0.00168821
5510.8	0.00171871
5508.87	0.00159621
5506.94	0.00154374
5505.02	0.00158311
5503.09	0.001572
5501.16	0.00149636
5499.23	0.00148525
5497.3	0.00151883
5495.38	0.00159342
5493.45	0.0016304
5491.52	0.00164996
5489.59	0.00162634
5487.66	0.00160353
5485.74	0.00154045
5483.81	0.00152359
5481.88	0.00154637
5479.95	0.00156223
5478.02	0.00155967
5476.1	0.00162289
5474.17	0.00166433
5472.24	0.00169949
5470.31	0.00161683
5468.38	0.00152954
5466.46	0.00145855
5464.53	0.00149449
5462.6	0.00161264
5460.67	0.00162595
5458.74	0.00155627
5456.82	0.0015179
5454.89	0.00158308
5452.96	0.00168036
5451.03	0.00169902
5449.1	0.00168402
5447.17	0.00156103
5445.25	0.0015054
5443.32	0.00154736
5441.39	0.00155391
5439.46	0.00153912
5437.54	0.00158151
5435.61	0.00159774
5433.68	0.00164228
5431.75	0.00167208
5429.82	0.00167174
5427.89	0.00164909
5425.97	0.00157111
5424.04	0.00157679
5422.11	0.00159425
5420.18	0.00158494
5418.25	0.0015753
5416.33	0.00155325
5414.4	0.00150587
5412.47	0.00154437
5410.54	0.00159013
5408.61	0.00168036
5406.69	0.00176915
5404.76	0.001632
5402.83	0.00160243
5400.9	0.0016755
5398.97	0.00160719
5397.05	0.00155664
5395.12	0.001587
5393.19	0.00156442
5391.26	0.00158836
5389.33	0.00165754
5387.41	0.00165857
5385.48	0.00153925
5383.55	0.00144236
5381.62	0.00146387
5379.69	0.00147195
5377.77	0.00151478
5375.84	0.00155238
5373.91	0.00155119
5371.98	0.00158407
5370.05	0.00165062
5368.13	0.00169616
5366.2	0.00164623
5364.27	0.00150826
5362.34	0.00144605
5360.41	0.00143901
5358.49	0.00147062
5356.56	0.00153666
5354.63	0.00155302
5352.7	0.00156861
5350.77	0.00159362
5348.85	0.00156386
5346.92	0.00154946
5344.99	0.00158201
5343.06	0.00159964
5341.13	0.00154799
5339.21	0.00153998
5337.28	0.00156349
5335.35	0.00154613
5333.42	0.00154387
5331.49	0.00155099
5329.56	0.00151155
5327.64	0.00154138
5325.71	0.00164015
5323.78	0.00167254
5321.85	0.0016455
5319.92	0.00163522
5318	0.00158763
5316.07	0.00150766
5314.14	0.00148628
5312.21	0.00150387
5310.28	0.00150952
5308.36	0.00150247
5306.43	0.00155794
5304.5	0.00166479
5302.57	0.00165355
5300.64	0.00157869
5298.72	0.00158936
5296.79	0.00163566
5294.86	0.00168382
5292.93	0.00168332
5291	0.00159718
5289.08	0.00155933
5287.15	0.00150959
5285.22	0.00154477
5283.29	0.00160459
5281.36	0.00160396
5279.44	0.00164869
5277.51	0.00166855
5275.58	0.00162581
5273.65	0.00160453
5271.72	0.00154321
5269.8	0.00150683
5267.87	0.00145786
5265.94	0.00139902
5264.01	0.00146387
5262.08	0.00155578
5260.16	0.00150799
5258.23	0.0014402
5256.3	0.00145071
5254.37	0.00155142
5252.44	0.00156432
5250.52	0.00154367
5248.59	0.00146554
5246.66	0.00138399
5244.73	0.00141909
5242.8	0.00139024
5240.88	0.00146387
5238.95	0.00151162
5237.02	0.00146963
5235.09	0.00148771
5233.16	0.00153872
5231.24	0.00146657
5229.31	0.00150909
5227.38	0.0015184
5225.45	0.00148711
5223.52	0.00149852
5221.6	0.00154264
5219.67	0.00162881
5217.74	0.00158298
5215.81	0.00152046
5213.88	0.00154972
5211.96	0.00165511
5210.03	0.00157131
5208.1	0.00149476
5206.17	0.00147508
5204.24	0.00151657
5202.31	0.00161414
5200.39	0.00162332
5198.46	0.00154291
5196.53	0.00149775
5194.6	0.0015444
5192.67	0.00160433
5190.75	0.00155737
5188.82	0.00141341
5186.89	0.00142624
5184.96	0.00158231
5183.03	0.00156788
5181.11	0.0014403
5179.18	0.00153586
5177.25	0.00161075
5175.32	0.00161527
5173.39	0.00157643
5171.47	0.00153862
5169.54	0.00154876
5167.61	0.00153819
5165.68	0.0014931
5163.75	0.00143764
5161.83	0.0014409
5159.9	0.00149852
5157.97	0.00162714
5156.04	0.00164996
5154.11	0.00156036
5152.19	0.00154863
5150.26	0.00156608
5148.33	0.0016004
5146.4	0.00156914
5144.47	0.00152382
5142.55	0.00154297
5140.62	0.00158471
5138.69	0.00158783
5136.76	0.00148595
5134.83	0.00148565
5132.91	0.00152419
5130.98	0.00159242
5129.05	0.00156675
5127.12	0.0015864
5125.19	0.0016179
5123.27	0.00150823
5121.34	0.00151365
5119.41	0.00151617
5117.48	0.0015044
5115.55	0.0015718
5113.62	0.00169516
5111.7	0.00175268
5109.77	0.00167727
5107.84	0.00149596
5105.91	0.00151016
5103.99	0.00158238
5102.06	0.00157819
5100.13	0.00158717
5098.2	0.00162857
5096.27	0.00158504
5094.34	0.00152412
5092.42	0.00160157
5090.49	0.00166855
5088.56	0.00157011
5086.63	0.00154666
5084.71	0.0015736
5082.78	0.0015753
5080.85	0.00156638
5078.92	0.00154174
5076.99	0.00147584
5075.06	0.00148076
5073.14	0.00156861
5071.21	0.00158903
5069.28	0.00155162
5067.35	0.0015741
5065.42	0.00164327
5063.5	0.00159435
5061.57	0.00152974
5059.64	0.00159216
5057.71	0.0016008
5055.78	0.00161796
5053.86	0.00165072
5051.93	0.00165159
5050	0.00166516
5048.07	0.00158451
5046.14	0.00155122
5044.22	0.00160273
5042.29	0.00159472
5040.36	0.0015308
5038.43	0.00153114
5036.5	0.00159681
5034.58	0.00159335
5032.65	0.00160386
5030.72	0.00161144
5028.79	0.00164394
5026.86	0.00164284
5024.94	0.00166536
5023.01	0.00166167
5021.08	0.00156522
5019.15	0.0014783
5017.22	0.00147022
5015.3	0.00155508
5013.37	0.00161204
5011.44	0.0016332
5009.51	0.001646
5007.58	0.00169157
5005.66	0.00164161
5003.73	0.00158361
5001.8	0.00158873
4999.87	0.00161158
4997.94	0.00166256
4996.02	0.00167653
4994.09	0.00164098
4992.16	0.00163649
4990.23	0.00165565
4988.3	0.00162565
4986.38	0.00160782
4984.45	0.00154936
4982.52	0.00154234
4980.59	0.00160383
4978.66	0.00161863
4976.73	0.00161154
4974.81	0.00164094
4972.88	0.00169616
4970.95	0.00166293
4969.02	0.00166562
4967.09	0.00168751
4965.17	0.00163725
4963.24	0.00159422
4961.31	0.00162654
4959.38	0.001709
4957.45	0.00170198
4955.53	0.00154291
4953.6	0.00154553
4951.67	0.00166393
4949.74	0.00167727
4947.81	0.00163123
4945.89	0.00162292
4943.96	0.00164221
4942.03	0.00164879
4940.1	0.00155494
4938.17	0.00152977
4936.25	0.00165252
4934.32	0.00171655
4932.39	0.00168631
4930.46	0.00167357
4928.53	0.00164158
4926.61	0.00159708
4924.68	0.00168495
4922.75	0.00180142
4920.82	0.00178967
4918.89	0.00170038
4916.97	0.00165644
4915.04	0.00170714
4913.11	0.00170461
4911.18	0.00173112
4909.25	0.00175411
4907.33	0.00172979
4905.4	0.00170151
4903.47	0.001709
4901.54	0.00167158
4899.61	0.00160509
4897.69	0.0015616
4895.76	0.00162598
4893.83	0.00171898
4891.9	0.00172946
4889.97	0.00166509
4888.05	0.0015893
4886.12	0.00161939
4884.19	0.00166469
4882.26	0.00165059
4880.33	0.00162804
4878.41	0.00165029
4876.48	0.00167351
4874.55	0.00167031
4872.62	0.00160918
4870.69	0.00159176
4868.77	0.00169174
4866.84	0.00175767
4864.91	0.00170245
4862.98	0.0015895
4861.05	0.00153885
4859.12	0.00163991
4857.2	0.00170211
4855.27	0.00163067
4853.34	0.00163087
4851.41	0.00162751
4849.48	0.00165059
4847.56	0.00163403
4845.63	0.00153729
4843.7	0.00150617
4841.77	0.00156788
4839.84	0.00166556
4837.92	0.00163951
4835.99	0.00159651
4834.06	0.00162086
4832.13	0.00160127
4830.2	0.00164038
4828.28	0.00171549
4826.35	0.00163469
4824.42	0.00146753
4822.49	0.00144586
4820.56	0.00156738
4818.64	0.00163858
4816.71	0.00171243
4814.78	0.00173089
4812.85	0.00163077
4810.92	0.00160396
4809	0.001616
4807.07	0.00157982
4805.14	0.00156765
4803.21	0.0015456
4801.28	0.00153027
4799.36	0.00157796
4797.43	0.00158853
4795.5	0.00148788
4793.57	0.00148628
4791.64	0.00158427
4789.72	0.00164021
4787.79	0.00152362
4785.86	0.00154939
4783.93	0.0016007
4782	0.00156253
4780.08	0.00154021
4778.15	0.00161969
4776.22	0.00166822
4774.29	0.00171692
4772.36	0.00174702
4770.44	0.00170893
4768.51	0.00167148
4766.58	0.00170248
4764.65	0.00165375
4762.72	0.00159236
4760.79	0.00162861
4758.87	0.00169806
4756.94	0.00169466
4755.01	0.00164923
4753.08	0.00159645
4751.16	0.00160962
4749.23	0.00159226
4747.3	0.0016325
4745.37	0.00167125
4743.44	0.00162851
4741.51	0.00153001
4739.59	0.00148339
4737.66	0.00158973
4735.73	0.00176179
4733.8	0.00179453
4731.88	0.00161258
4729.95	0.00162099
4728.02	0.00162452
4726.09	0.00163133
4724.16	0.00158221
4722.23	0.00149416
4720.31	0.00142102
4718.38	0.00147465
4716.45	0.00165458
4714.52	0.00158873
4712.59	0.00150327
4710.67	0.0015883
4708.74	0.00163153
4706.81	0.00165262
4704.88	0.00162638
4702.95	0.00158298
4701.03	0.00162465
4699.1	0.00163755
4697.17	0.00165641
4695.24	0.00167613
4693.31	0.0016018
4691.39	0.00159402
4689.46	0.00166413
4687.53	0.001663
4685.6	0.00166878
4683.67	0.00162644
4681.75	0.00155282
4679.82	0.00165438
4677.89	0.0016929
4675.96	0.0016167
4674.03	0.00166027
4672.11	0.00172217
4670.18	0.0016914
4668.25	0.0016931
4666.32	0.00163805
4664.39	0.00163795
4662.47	0.00163636
4660.54	0.0015616
4658.61	0.00152901
4656.68	0.00153888
4654.75	0.00163413
4652.83	0.00169373
4650.9	0.00170135
4648.97	0.00168485
4647.04	0.00160203
4645.11	0.00157643
4643.19	0.00163097
4641.26	0.00164314
4639.33	0.00162565
4637.4	0.00161417
4635.47	0.00154045
4633.54	0.00152685
4631.62	0.00156176
4629.69	0.0015747
4627.76	0.0016171
4625.83	0.0015721
4623.9	0.00155897
4621.98	0.00154424
4620.05	0.00158108
4618.12	0.00168688
4616.19	0.00169519
4614.26	0.00160775
4612.34	0.00157307
4610.41	0.0015857
4608.48	0.00160759
4606.55	0.00160296
4604.62	0.00154284
4602.7	0.0015477
4600.77	0.00160589
4598.84	0.00163988
4596.91	0.00165052
4594.98	0.00164281
4593.06	0.00163798
4591.13	0.00163167
4589.2	0.00160619
4587.27	0.00157643
4585.34	0.00162202
4583.42	0.00158284
4581.49	0.00153696
4579.56	0.00163479
4577.63	0.00167597
4575.7	0.00160925
4573.78	0.00154932
4571.85	0.00153539
4569.92	0.00159751
4567.99	0.0016169
4566.06	0.00159508
4564.14	0.00159874
4562.21	0.00164543
4560.28	0.00162728
4558.35	0.00162156
4556.42	0.00168824
4554.5	0.00169343
4552.57	0.00161613
4550.64	0.00163729
4548.71	0.00171861
4546.78	0.00173179
4544.86	0.0017233
4542.93	0.00164986
4541	0.00169852
4539.07	0.00178016
4537.14	0.00171043
4535.22	0.00163928
4533.29	0.00161364
4531.36	0.00159069
4529.43	0.00159864
4527.5	0.00163925
4525.58	0.0016609
4523.65	0.00172154
4521.72	0.00163163
4519.79	0.00147704
4517.86	0.00152711
4515.94	0.00159754
4514.01	0.00161753
4512.08	0.001533
4510.15	0.00147195
4508.22	0.00156026
4506.29	0.00153722
4504.37	0.00145995
4502.44	0.0014802
4500.51	0.00148199
4498.58	0.00152073
4496.65	0.00159685
4494.73	0.00160888
4492.8	0.001632
4490.87	0.0016459
4488.94	0.00165282
4487.01	0.00161264
4485.09	0.00157909
4483.16	0.0015887
4481.23	0.00157101
4479.3	0.00158793
4477.37	0.00152555
4475.45	0.00154756
4473.52	0.00159901
4471.59	0.00161753
4469.66	0.00166742
4467.73	0.00162372
4465.81	0.0015749
4463.88	0.00155554
4461.95	0.00163147
4460.02	0.00170138
4458.09	0.00172154
4456.17	0.00173192
4454.24	0.00165332
4452.31	0.00160669
4450.38	0.00160074
4448.45	0.00153167
4446.53	0.00159478
4444.6	0.00168455
4442.67	0.00166459
4440.74	0.00166985
4438.81	0.00171722
4436.89	0.00162668
4434.96	0.00158158
4433.03	0.00168415
4431.1	0.00169353
4429.17	0.00157633
4427.25	0.00153124
4425.32	0.00167816
4423.39	0.00179659
4421.46	0.00167643
4419.53	0.00156525
4417.61	0.00158155
4415.68	0.00166712
4413.75	0.00168482
4411.82	0.00164903
4409.89	0.00163765
4407.96	0.00164397
4406.04	0.00162548
4404.11	0.00158052
4402.18	0.00164124
4400.25	0.00170344
4398.33	0.00169726
4396.4	0.00165851
4394.47	0.00160446
4392.54	0.00151677
4390.61	0.001519
4388.68	0.00154879
4386.76	0.00151966
4384.83	0.0015177
4382.9	0.00155897
4380.97	0.00158544
4379.04	0.00163795
4377.12	0.00171941
4375.19	0.00170667
4373.26	0.00166719
4371.33	0.00159841
4369.4	0.00154939
4367.48	0.0016903
4365.55	0.00180178
4363.62	0.00165751
4361.69	0.00160266
4359.76	0.00159781
4357.84	0.00157117
4355.91	0.00161617
4353.98	0.00157799
4352.05	0.00158271
4350.12	0.00161643
4348.2	0.00160007
4346.27	0.00163905
4344.34	0.00164381
4342.41	0.00160719
4340.48	0.00156961
4338.56	0.00151767
4336.63	0.00153599
4334.7	0.00161926
4332.77	0.0016938
4330.84	0.00174666
4328.92	0.0017085
4326.99	0.0016453
4325.06	0.00160483
4323.13	0.00158614
4321.2	0.00163313
4319.28	0.00165126
4317.35	0.00164141
4315.42	0.00169779
4313.49	0.00169712
4311.56	0.00164221
4309.64	0.00160616
4307.71	0.0016177
4305.78	0.00161028
4303.85	0.00157214
4301.92	0.00158743
4300	0.00157453
4298.07	0.00160403
4296.14	0.00167414
4294.21	0.00165797
4292.28	0.0015731
4290.35	0.00153995
4288.43	0.00150028
4286.5	0.0015449
4284.57	0.00154271
4282.64	0.00152216
4280.71	0.00158211
4278.79	0.001602
4276.86	0.00155009
4274.93	0.00150015
4273	0.00159551
4271.07	0.00161929
4269.15	0.00158441
4267.22	0.00155228
4265.29	0.00155225
4263.36	0.00156738
4261.43	0.0016448
4259.51	0.00176465
4257.58	0.00167391
4255.65	0.00155734
4253.72	0.00159635
4251.79	0.00163293
4249.87	0.0016166
4247.94	0.00153582
4246.01	0.00149416
4244.08	0.00146301
4242.15	0.00145353
4240.23	0.00155538
4238.3	0.00155026
4236.37	0.00154281
4234.44	0.00151371
4232.51	0.00152109
4230.59	0.00159362
4228.66	0.00156073
4226.73	0.00154347
4224.8	0.0015752
4222.87	0.00157034
4220.95	0.0014939
4219.02	0.00146457
4217.09	0.00144858
4215.16	0.00156017
4213.23	0.00162887
4211.31	0.00155827
4209.38	0.00150932
4207.45	0.00154587
4205.52	0.0015325
4203.59	0.00151255
4201.67	0.00160004
4199.74	0.0015882
4197.81	0.00154883
4195.88	0.00160799
4193.95	0.00156838
4192.03	0.00155767
4190.1	0.00161554
4188.17	0.00158441
4186.24	0.00156519
4184.31	0.00162787
4182.39	0.00168339
4180.46	0.00163366
4178.53	0.001544
4176.6	0.00147727
4174.67	0.00149177
4172.75	0.00159083
4170.82	0.00156266
4168.89	0.00158487
4166.96	0.00155541
4165.03	0.00148292
4163.1	0.00154091
4161.18	0.00156445
4159.25	0.00155814
4157.32	0.00160765
4155.39	0.00165831
4153.46	0.00161773
4151.54	0.00159246
4149.61	0.00162641
4147.68	0.00171119
4145.75	0.0016022
4143.82	0.00153659
4141.9	0.00156841
4139.97	0.00151607
4138.04	0.00148196
4136.11	0.00146614
4134.18	0.00144426
4132.26	0.00150138
4130.33	0.00162026
4128.4	0.00158587
4126.47	0.00159638
4124.54	0.00160902
4122.62	0.00164271
4120.69	0.00156455
4118.76	0.00152193
4116.83	0.00157809
4114.9	0.00168512
4112.98	0.00169792
4111.05	0.00172117
4109.12	0.00168695
4107.19	0.00157689
4105.26	0.00162162
4103.34	0.00157939
4101.41	0.00149735
4099.48	0.00155684
4097.55	0.00163276
4095.62	0.00165076
4093.7	0.00170098
4091.77	0.00157317
4089.84	0.0014661
4087.91	0.00144642
4085.98	0.00146351
4084.06	0.00145373
4082.13	0.00143136
4080.2	0.0015449
4078.27	0.00159086
4076.34	0.00157081
4074.42	0.00153001
4072.49	0.00153998
4070.56	0.00159019
4068.63	0.00151255
4066.7	0.00153822
4064.78	0.00161906
4062.85	0.00162917
4060.92	0.00162674
4058.99	0.00157782
4057.06	0.00145068
4055.14	0.0014541
4053.21	0.00151321
4051.28	0.00150254
4049.35	0.00153243
4047.42	0.00164384
4045.5	0.00164048
4043.57	0.00153233
4041.64	0.00156186
4039.71	0.00166193
4037.78	0.00159561
4035.85	0.00152013
4033.93	0.00144443
4032	0.00140407
4030.07	0.00144459
4028.14	0.00144848
4026.21	0.0015332
4024.29	0.00164913
4022.36	0.0016782
4020.43	0.00167437
4018.5	0.00162874
4016.57	0.00155398
4014.65	0.00150357
4012.72	0.00148655
4010.79	0.00144546
4008.86	0.00147275
4006.93	0.00154793
4005.01	0.00160616
4003.08	0.00163998
4001.15	0.00153283
3999.22	0.00148725
3997.29	0.00144672
3995.37	0.00142578
3993.44	0.00140045
3991.51	0.00152668
3989.58	0.00158391
3987.65	0.00154517
3985.73	0.00160047
3983.8	0.00167248
3981.87	0.00162728
3979.94	0.00163356
3978.01	0.00156216
3976.09	0.00155574
3974.16	0.00148688
3972.23	0.00140743
3970.3	0.00151594
3968.37	0.00156698
3966.45	0.00163333
3964.52	0.00174107
3962.59	0.00164507
3960.66	0.00146979
3958.73	0.00147139
3956.81	0.00147628
3954.88	0.00151518
3952.95	0.00159714
3951.02	0.00156582
3949.09	0.0016303
3947.17	0.00156419
3945.24	0.00140224
3943.31	0.00145304
3941.38	0.00158723
3939.45	0.00150912
3937.53	0.00149948
3935.6	0.00150693
3933.67	0.00148961
3931.74	0.00155408
3929.81	0.00155172
3927.88	0.00147418
3925.96	0.00142149
3924.03	0.00136262
3922.1	0.00134008
3920.17	0.00130951
3918.24	0.00140909
3916.32	0.00157969
3914.39	0.00155315
3912.46	0.00149865
3910.53	0.00152252
3908.6	0.00149672
3906.68	0.00134224
3904.75	0.00131044
3902.82	0.00136987
3900.89	0.00140404
3898.96	0.00145131
3897.04	0.00151135
3895.11	0.00139855
3893.18	0.0013678
3891.25	0.00147634
3889.32	0.00155644
3887.4	0.00144496
3885.47	0.00145683
3883.54	0.00150287
3881.61	0.00146008
3879.68	0.00142721
3877.76	0.00145014
3875.83	0.00146447
3873.9	0.00137442
3871.97	0.00129316
3870.04	0.00146171
3868.12	0.00151378
3866.19	0.00147514
3864.26	0.00159412
3862.33	0.00165897
3860.4	0.00161773
3858.48	0.00143129
3856.55	0.00111041
3854.62	0.0009934
3852.69	0.00118174
3850.76	0.00133118
3848.84	0.00153303
3846.91	0.00159911
3844.98	0.00156482
3843.05	0.00147431
3841.12	0.00135288
3839.2	0.00123494
3837.27	0.00127142
3835.34	0.00138622
3833.41	0.00140424
3831.48	0.00135896
3829.56	0.00136531
3827.63	0.00142847
3825.7	0.00146281
3823.77	0.00140992
3821.84	0.00144193
3819.92	0.00151411
3817.99	0.00144356
3816.06	0.00151641
3814.13	0.00166789
3812.2	0.00156106
3810.27	0.00146005
3808.35	0.00137798
3806.42	0.00145423
3804.49	0.00145476
3802.56	0.0013357
3800.64	0.00147235
3798.71	0.00153782
3796.78	0.00156971
3794.85	0.00159957
3792.92	0.00156402
3790.99	0.00153932
3789.07	0.00158082
3787.14	0.00165162
3785.21	0.0016629
3783.28	0.00157061
3781.35	0.0014932
3779.43	0.00145008
3777.5	0.00143595
3775.57	0.00156419
3773.64	0.00148449
3771.71	0.00140789
3769.79	0.00145769
3767.86	0.00142159
3765.93	0.00149466
3764	0.00160579
3762.07	0.00151122
3760.15	0.00144223
3758.22	0.00147677
3756.29	0.00149619
3754.36	0.00125919
3752.43	0.00119457
3750.51	0.00123261
3748.58	0.00130595
3746.65	0.00124165
3744.72	0.00138296
3742.79	0.00164783
3740.87	0.00162239
3738.94	0.00150939
3737.01	0.00141737
3735.08	0.00151853
3733.15	0.00156672
3731.23	0.00157915
3729.3	0.00159591
3727.37	0.0016008
3725.44	0.00154819
3723.51	0.00158973
3721.59	0.00166187
3719.66	0.00173754
3717.73	0.00177281
3715.8	0.00166313
3713.87	0.00149995
3711.95	0.00145802
3710.02	0.0015465
3708.09	0.00165146
3706.16	0.00168704
3704.23	0.0015883
3702.31	0.00132686
3700.38	0.00128026
3698.45	0.00147335
3696.52	0.00160446
3694.59	0.00151913
3692.67	0.00139898
3690.74	0.00144502
3688.81	0.00144855
3686.88	0.00157879
3684.95	0.00169034
3683.02	0.00172211
3681.1	0.00174127
3679.17	0.0015338
3677.24	0.00135507
3675.31	0.00139975
3673.38	0.00125737
3671.46	0.00124863
3669.53	0.00143838
3667.6	0.00144014
3665.67	0.00142677
3663.74	0.00136372
3661.82	0.00136199
3659.89	0.00135624
3657.96	0.00120095
3656.03	0.00116662
3654.1	0.00122962
3652.18	0.00112327
3650.25	0.000978124
3648.32	0.000946079
3646.39	0.00109374
3644.46	0.00121982
3642.54	0.00119772
3640.61	0.00115716
3638.68	0.00101213
3636.75	0.000946544
3634.82	0.0010567
3632.9	0.00109284
3630.97	0.000897899
3629.04	0.00100463
3627.11	0.001257
3625.18	0.0013011
3623.26	0.0012581
3621.33	0.00125717
3619.4	0.00124308
3617.47	0.00122371
3615.54	0.00112287
3613.62	0.00107218
3611.69	0.00102412
3609.76	0.00102512
3607.83	0.00110889
3605.9	0.00106232
3603.98	0.0010944
3602.05	0.0012348
3600.12	0.00123876
3598.19	0.00117958
3596.26	0.00112131
3594.34	0.00108524
3592.41	0.00110839
3590.48	0.000978224
3588.55	0.0009062
3586.62	0.0011047
3584.7	0.00113822
3582.77	0.0011337
3580.84	0.0011438
3578.91	0.00113061
3576.98	0.00118566
3575.05	0.00126999
3573.13	0.00134474
3571.2	0.0012789
3569.27	0.00121078
3567.34	0.00120327
3565.42	0.00121689
3563.49	0.00130396
3561.56	0.00123527
3559.63	0.00126189
3557.7	0.00136475
3555.77	0.00138831
3553.85	0.00132679
3551.92	0.00123962
3549.99	0.00122088
3548.06	0.0012774
3546.13	0.00134929
3544.21	0.00153476
3542.28	0.00170102
3540.35	0.00171206
3538.42	0.00154287
3536.49	0.00142564
3534.57	0.00147664
3532.64	0.001632
3530.71	0.00176722
3528.78	0.00183266
3526.85	0.00183369
3524.93	0.0016595
3523	0.00162478
3521.07	0.00165531
3519.14	0.00166985
3517.21	0.00161307
3515.29	0.00157407
3513.36	0.00150317
3511.43	0.00143375
3509.5	0.00134078
3507.57	0.00144722
3505.65	0.00153489
3503.72	0.00147628
3501.79	0.00133503
3499.86	0.00138738
3497.93	0.00149955
3496.01	0.00152901
3494.08	0.00148342
3492.15	0.00140719
3490.22	0.0013812
3488.29	0.00144898
3486.37	0.00152881
3484.44	0.00150204
3482.51	0.00146584
3480.58	0.0014171
3478.65	0.00136677
3476.73	0.00146504
3474.8	0.00161869
3472.87	0.00160203
3470.94	0.00149888
3469.01	0.00152246
3467.09	0.00160835
3465.16	0.00164517
3463.23	0.00153104
3461.3	0.00154643
3459.37	0.00161291
3457.44	0.00163948
3455.52	0.00151042
3453.59	0.00151863
3451.66	0.00162079
3449.73	0.00155987
3447.81	0.00162844
3445.88	0.00186181
3443.95	0.00184311
3442.02	0.00162937
3440.09	0.00151634
3438.16	0.00151897
3436.24	0.00144463
3434.31	0.00143565
3432.38	0.00152997
3430.45	0.00167051
3428.52	0.00168568
3426.6	0.00154274
3424.67	0.00153373
3422.74	0.0015587
3420.81	0.0014918
3418.88	0.00158108
3416.96	0.00172074
3415.03	0.00168033
3413.1	0.00162262
3411.17	0.0015603
3409.24	0.00149602
3407.32	0.00140517
3405.39	0.00146703
3403.46	0.00164104
3401.53	0.00171722
3399.6	0.00162222
3397.68	0.00159053
3395.75	0.00166729
3393.82	0.00169366
3391.89	0.0017248
3389.96	0.00180022
3388.04	0.00181093
3386.11	0.00183536
3384.18	0.00178142
3382.25	0.0016329
3380.32	0.00162229
3378.4	0.00166805
3376.47	0.00177344
3374.54	0.00165864
3372.61	0.00165904
3370.68	0.00177986
3368.76	0.00176209
3366.83	0.00194797
3364.9	0.0022352
3362.97	0.0020736
3361.04	0.00182997
3359.12	0.00186807
3357.19	0.00189436
3355.26	0.00190677
3353.33	0.00196977
3351.4	0.00201581
3349.48	0.00198881
3347.55	0.00203269
3345.62	0.00204853
3343.69	0.00204028
3341.76	0.00201238
3339.83	0.00207204
3337.91	0.00211049
3335.98	0.00203378
3334.05	0.00200942
3332.12	0.00200878
3330.19	0.00191372
3328.27	0.00187562
3326.34	0.00185888
3324.41	0.00189762
3322.48	0.00198149
3320.55	0.0020776
3318.63	0.00216476
3316.7	0.00209421
3314.77	0.00193629
3312.84	0.00192238
3310.91	0.00188534
3308.99	0.00184976
3307.06	0.00195749
3305.13	0.0018866
3303.2	0.00183566
3301.27	0.00187226
3299.35	0.00202749
3297.42	0.00208469
3295.49	0.00190893
3293.56	0.00181802
3291.63	0.00196788
3289.71	0.00199284
3287.78	0.00204344
3285.85	0.00194428
3283.92	0.00195263
3281.99	0.0021948
3280.07	0.0020496
3278.14	0.00182657
3276.21	0.00179087
3274.28	0.00188471
3272.35	0.00193928
3270.43	0.0020983
3268.5	0.00220086
3266.57	0.00222051
3264.64	0.0021004
3262.71	0.00203964
3260.79	0.00215374
3258.86	0.0021589
3256.93	0.0021678
3255	0.00208708
3253.07	0.00199993
3251.15	0.00194231
3249.22	0.0017747
3247.29	0.00182062
3245.36	0.00207696
3243.43	0.00205829
3241.51	0.00198232
3239.58	0.00203475
3237.65	0.00206551
3235.72	0.00213356
3233.79	0.00211742
3231.87	0.00208582
3229.94	0.00217789
3228.01	0.00218827
3226.08	0.00200559
3224.15	0.00195396
3222.22	0.00210227
3220.3	0.00218471
3218.37	0.00216473
3216.44	0.00216566
3214.51	0.00222774
3212.58	0.00213486
3210.66	0.00212311
3208.73	0.00210297
3206.8	0.00207154
3204.87	0.00218611
3202.94	0.00225495
3201.02	0.00214509
3199.09	0.00212487
3197.16	0.00221372
3195.23	0.00208905
3193.3	0.00195802
3191.38	0.00207849
3189.45	0.00230098
3187.52	0.00224442
3185.59	0.00218881
3183.66	0.00211528
3181.74	0.00200342
3179.81	0.00206844
3177.88	0.00211715
3175.95	0.00218151
3174.02	0.00222767
3172.1	0.00225891
3170.17	0.00218698
3168.24	0.00209148
3166.31	0.00210809
3164.38	0.00208615
3162.46	0.0020747
3160.53	0.00204364
3158.6	0.00211752
3156.67	0.00210183
3154.74	0.0019999
3152.82	0.00213426
3150.89	0.00221908
3148.96	0.00215914
3147.03	0.0021349
3145.1	0.00202426
3143.18	0.00207493
3141.25	0.00224789
3139.32	0.00223756
3137.39	0.00208602
3135.46	0.00198618
3133.54	0.002073
3131.61	0.00206884
3129.68	0.00206102
3127.75	0.0020003
3125.82	0.00204926
3123.9	0.00208172
3121.97	0.00215614
3120.04	0.00211149
3118.11	0.00213496
3116.18	0.00213966
3114.26	0.00215634
3112.33	0.00227353
3110.4	0.00229199
3108.47	0.00214502
3106.54	0.00205096
3104.61	0.00208072
3102.69	0.00208482
3100.76	0.00208805
3098.83	0.00210969
3096.9	0.00224716
3094.98	0.00222507
3093.05	0.00217895
3091.12	0.00232097
3089.19	0.00227627
3087.26	0.00210426
3085.33	0.00217808
3083.41	0.00227117
3081.48	0.0023189
3079.55	0.00221931
3077.62	0.00216077
3075.69	0.00220183
3073.77	0.00222184
3071.84	0.00232007
3069.91	0.00236271
3067.98	0.00231224
3066.05	0.00220046
3064.13	0.00214702
3062.2	0.00209467
3060.27	0.00206418
3058.34	0.00209754
3056.41	0.00208352
3054.49	0.0021308
3052.56	0.00216387
3050.63	0.00212804
3048.7	0.00218291
3046.77	0.00224646
3044.85	0.00224399
3042.92	0.0021958
3040.99	0.00204161
3039.06	0.0019986
3037.13	0.00211419
3035.21	0.00212214
3033.28	0.00211612
3031.35	0.00227207
3029.42	0.00232596
3027.49	0.00233696
3025.57	0.00235675
3023.64	0.00223157
3021.71	0.00204807
3019.78	0.00183269
3017.85	0.00186304
3015.93	0.00203162
3014	0.00209194
3012.07	0.00214352
3010.14	0.00228093
3008.21	0.00234848
3006.29	0.00229512
3004.36	0.00220559
3002.43	0.00209254
3000.5	0.00218328
2998.57	0.00226271
2996.65	0.00240046
2994.72	0.00238396
2992.79	0.00221225
2990.86	0.00217465
2988.93	0.00215371
2987	0.00195326
2985.08	0.00195939
2983.15	0.00213749
2981.22	0.0021609
2979.29	0.00226118
2977.36	0.00234279
2975.44	0.0024475
2973.51	0.00247993
2971.58	0.00237813
2969.65	0.00233373
2967.72	0.00249222
2965.8	0.00265678
2963.87	0.00265398
2961.94	0.00258361
2960.01	0.00243584
2958.08	0.00246513
2956.16	0.00249905
2954.23	0.00249682
2952.3	0.00237757
2950.37	0.00217675
2948.44	0.00209521
2946.52	0.00199537
2944.59	0.00200599
2942.66	0.0021055
2940.73	0.00219983
2938.8	0.00211585
2936.88	0.0020436
2934.95	0.00213083
2933.02	0.00210383
2931.09	0.00207423
2929.16	0.0020755
2927.24	0.00200026
2925.31	0.00190767
2923.38	0.00201944
2921.45	0.00215248
2919.52	0.00224955
2917.6	0.00224369
2915.67	0.00218937
2913.74	0.0021015
2911.81	0.00204297
2909.88	0.0021348
2907.96	0.00215141
2906.03	0.00205739
2904.1	0.00189296
2902.17	0.00188733
2900.24	0.00191732
2898.32	0.00190757
2896.39	0.00194072
2894.46	0.00196924
2892.53	0.00200193
2890.6	0.00205862
2888.68	0.00208845
2886.75	0.00201727
2884.82	0.00191712
2882.89	0.00191742
2880.96	0.00201484
2879.04	0.00196854
2877.11	0.00201215
2875.18	0.00204214
2873.25	0.00208089
2871.32	0.00214452
2869.39	0.00220253
2867.47	0.00214738
2865.54	0.00211718
2863.61	0.00214861
2861.68	0.00202946
2859.75	0.0021347
2857.83	0.00228556
2855.9	0.00217579
2853.97	0.00203355
2852.04	0.00205675
2850.11	0.00198678
2848.19	0.00186916
2846.26	0.00186654
2844.33	0.00210157
2842.4	0.0020776
2840.47	0.00187293
2838.55	0.00189988
2836.62	0.00204137
2834.69	0.00208112
2832.76	0.00217565
2830.83	0.0022811
2828.91	0.00230768
2826.98	0.00240366
2825.05	0.00242025
2823.12	0.00214795
2821.19	0.0019986
2819.27	0.00187302
2817.34	0.00214578
2815.41	0.00235698
2813.48	0.00215248
2811.55	0.00204547
2809.63	0.00213296
2807.7	0.00205902
2805.77	0.00219377
2803.84	0.00226724
2801.91	0.00218668
2799.99	0.0020458
2798.06	0.00205203
2796.13	0.00201774
2794.2	0.00198112
2792.27	0.00191489
2790.35	0.00193882
2788.42	0.00196332
2786.49	0.00187239
2784.56	0.00206458
2782.63	0.00224246
2780.71	0.00208915
2778.78	0.00194488
2776.85	0.00201924
2774.92	0.00211898
2772.99	0.00220516
2771.06	0.00240999
2769.14	0.00237823
2767.21	0.00211039
2765.28	0.00196258
2763.35	0.00198152
2761.43	0.00206881
2759.5	0.00200918
2757.57	0.00186048
2755.64	0.00197829
2753.71	0.0022299
2751.78	0.00221332
2749.86	0.00223074
2747.93	0.0022339
2746	0.00205183
2744.07	0.00189076
2742.15	0.00177194
2740.22	0.00181246
2738.29	0.00196498
2736.36	0.00214179
2734.43	0.00212451
2732.5	0.00217612
2730.58	0.00219507
2728.65	0.00224349
2726.72	0.00228299
2724.79	0.00222221
2722.86	0.00213773
2720.94	0.00214901
2719.01	0.00218138
2717.08	0.00209221
2715.15	0.00198042
2713.22	0.00201478
2711.3	0.0022396
2709.37	0.00229232
2707.44	0.00218022
2705.51	0.00214082
2703.58	0.00224456
2701.66	0.00220296
2699.73	0.00201894
2697.8	0.00209914
2695.87	0.00222421
2693.94	0.00237034
2692.02	0.00249732
2690.09	0.00238383
2688.16	0.00223646
2686.23	0.00212108
2684.3	0.00196365
2682.38	0.00196638
2680.45	0.00211086
2678.52	0.00226744
2676.59	0.00236178
2674.66	0.00213247
2672.74	0.00202403
2670.81	0.00219747
2668.88	0.0023257
2666.95	0.00222158
2665.02	0.00233599
2663.1	0.00245024
2661.17	0.00236398
2659.24	0.00221432
2657.31	0.00196751
2655.38	0.00169712
2653.46	0.00182604
2651.53	0.002324
2649.6	0.00253455
2647.67	0.00279995
2645.74	0.00256854
2643.81	0.00213483
2641.89	0.00214772
2639.96	0.00221955
2638.03	0.00215857
2636.1	0.0021923
2634.17	0.00224073
2632.25	0.0020205
2630.32	0.0018498
2628.39	0.0019544
2626.46	0.00225228
2624.53	0.00253128
2622.61	0.00279218
2620.68	0.00269945
2618.75	0.00266775
2616.82	0.0024663
2614.89	0.00252012
2612.97	0.00246137
2611.04	0.00218921
2609.11	0.00231141
2607.18	0.00251748
2605.25	0.00277478
2603.33	0.00277574
2601.4	0.00258891
2599.47	0.00248652
2597.54	0.00254171
2595.61	0.00251035
2593.69	0.00260138
2591.76	0.00271176
2589.83	0.00255021
2587.9	0.00226844
2585.97	0.00229838
2584.05	0.00236241
2582.12	0.00230022
2580.19	0.002071
2578.26	0.00204404
2576.33	0.00240672
2574.41	0.00256958
2572.48	0.00261251
2570.55	0.00261871
2568.62	0.00262944
2566.69	0.00249142
2564.77	0.00252335
2562.84	0.00252292
2560.91	0.00254318
2558.98	0.00246383
2557.05	0.00230288
2555.13	0.00222477
2553.2	0.00230871
2551.27	0.00228819
2549.34	0.00228726
2547.41	0.00229032
2545.49	0.00232633
2543.56	0.00248476
2541.63	0.00240286
2539.7	0.0021294
2537.77	0.00227077
2535.85	0.00234695
2533.92	0.00250975
2531.99	0.00282827
2530.06	0.00249612
2528.13	0.0019747
2526.21	0.00198182
2524.28	0.00187416
2522.35	0.00186893
2520.42	0.00197021
2518.49	0.00175604
2516.56	0.00191835
2514.64	0.00217402
2512.71	0.00196115
2510.78	0.00203944
2508.85	0.00235371
2506.92	0.00242891
2505	0.00211089
2503.07	0.00185798
2501.14	0.00181167
2499.21	0.00212534
2497.28	0.00228283
2495.36	0.00190015
2493.43	0.00182338
2491.5	0.00195553
2489.57	0.0021324
2487.64	0.00181875
2485.72	0.00182458
2483.79	0.00194488
2481.86	0.00159312
2479.93	0.00151717
2478	0.001889
2476.08	0.00178079
2474.15	0.00158866
2472.22	0.00211905
2470.29	0.00194155
2468.36	0.00149443
2466.44	0.00134823
2464.51	0.00129485
2462.58	0.00145506
2460.65	0.00154098
2458.72	0.00139812
2456.8	0.00134756
2454.87	0.00143435
2452.94	0.00145766
2451.01	0.00183755
2449.08	0.00162385
2447.16	0.00138881
2445.23	0.00121071
2443.3	0.00123032
2441.37	0.00140025
2439.44	0.00160626
2437.52	0.001124
2435.59	0.00104421
2433.66	0.00130043
2431.73	0.00114862
2429.8	0.000989448
2427.88	0.00085331
2425.95	0.000761923
2424.02	0.000817523
2422.09	0.000915663
2420.16	0.00110168
2418.24	0.00117991
2416.31	0.000922735
2414.38	0.000506948
2412.45	0.000457756
2410.52	0.000647225
2408.6	0.000662191
2406.67	0.000575555
2404.74	0.000461106
2402.81	0.00015957
2400.88	0.000161194
2398.95	0.000177701
2397.03	0.000384227
2395.1	0.000398786
2393.17	0.000380081
2391.24	0.000478288
2389.31	0.000511891
2387.39	0.000454638
2385.46	0.000335446
2383.53	0.000363036
2381.6	0.000236211
2379.67	0.000164409
2377.75	0.000559663
2375.82	0.00037315
2373.89	-0.000203362
2371.96	-0.00013659
2370.03	0.000356735
2368.11	0.000216386
2366.18	-2.84612e-05
2364.25	-0.000257375
2362.32	-0.000501856
2360.39	-0.000348662
2358.47	-0.000317341
2356.54	-0.000586342
2354.61	-0.000728867
2352.68	-0.000767369
2350.75	-0.000537929
2348.83	-0.000299031
2346.9	-0.000197169
2344.97	-0.000191969
2343.04	0.000822469
2341.11	0.00138572
2339.19	-0.00036452
2337.26	-0.00101312
2335.33	-0.00115045
2333.4	-0.00154398
2331.47	-0.00158211
2329.55	-0.00192991
2327.62	-0.00209652
2325.69	-0.00167161
2323.76	-0.001652
2321.83	-0.00168151
2319.91	-0.00174081
2317.98	-0.00204772
2316.05	-0.00243461
2314.12	-0.00227
2312.19	-0.00218555
2310.27	-0.00245372
2308.34	-0.00283051
2306.41	-0.00303594
2304.48	-0.00335087
2302.55	-0.00314635
2300.63	-0.00346623
2298.7	-0.00404798
2296.77	-0.00411166
2294.84	-0.00405911
2292.91	-0.00437258
2290.98	-0.00421566
2289.06	-0.00439928
2287.13	-0.00452062
2285.2	-0.00480365
2283.27	-0.00519903
2281.35	-0.00484353
2279.42	-0.00436458
2277.49	-0.00458696
2275.56	-0.0050465
2273.63	-0.00580694
2271.7	-0.00654066
2269.78	-0.00647603
2267.85	-0.00566578
2265.92	-0.00583738
2263.99	-0.00657304
2262.06	-0.00607815
2260.14	-0.00596813
2258.21	-0.00586742
2256.28	-0.00637482
2254.35	-0.00695651
2252.42	-0.00714807
2250.5	-0.00711762
2248.57	-0.00741346
2246.64	-0.00733163
2244.71	-0.00710263
2242.78	-0.00668634
2240.86	-0.00691177
2238.93	-0.00708366
2237	-0.00657529
2235.07	-0.00623313
2233.14	-0.00608606
2231.22	-0.00619919
2229.29	-0.00591936
2227.36	-0.00566235
2225.43	-0.00571601
2223.5	-0.00558859
2221.58	-0.00524555
2219.65	-0.00553834
2217.72	-0.00579252
2215.79	-0.00550861
2213.86	-0.00525825
2211.94	-0.00490427
2210.01	-0.00516056
2208.08	-0.00533871
2206.15	-0.00530545
2204.22	-0.00532843
2202.3	-0.00479942
2200.37	-0.00482423
2198.44	-0.00498928
2196.51	-0.0045385
2194.58	-0.00512631
2192.66	-0.00562745
2190.73	-0.00507971
2188.8	-0.00446068
2186.87	-0.00453676
2184.94	-0.00495879
2183.02	-0.00436592
2181.09	-0.0039113
2179.16	-0.004528
2177.23	-0.00477507
2175.3	-0.00484012
2173.38	-0.00518878
2171.45	-0.00537599
2169.52	-0.00518806
2167.59	-0.00555467
2165.66	-0.00568972
2163.73	-0.00630024
2161.81	-0.00608233
2159.88	-0.00583731
2157.95	-0.00632839
2156.02	-0.00734736
2154.09	-0.00803171
2152.17	-0.00759723
2150.24	-0.00756594
2148.31	-0.00817777
2146.38	-0.00874237
2144.45	-0.00859579
2142.53	-0.0084721
2140.6	-0.00933587
2138.67	-0.00944514
2136.74	-0.00954155
2134.81	-0.0107666
2132.89	-0.0118409
2130.96	-0.0127717
2129.03	-0.0132769
2127.1	-0.0125344
2125.17	-0.012461
2123.25	-0.0144298
2121.32	-0.0147998
2119.39	-0.0144312
2117.46	-0.0156054
2115.53	-0.0161198
2113.61	-0.0174516
2111.68	-0.0183854
2109.75	-0.0191036
2107.82	-0.0199515
2105.89	-0.020006
2103.97	-0.0197321
2102.04	-0.020647
2100.11	-0.0228699
2098.18	-0.0239532
2096.25	-0.0236757
2094.33	-0.025457
2092.4	-0.0270256
2090.47	-0.0304307
2088.54	-0.0336954
2086.61	-0.0340867
2084.69	-0.0337922
2082.76	-0.0352991
2080.83	-0.0386454
2078.9	-0.0397575
2076.97	-0.0390616
2075.05	-0.038582
2073.12	-0.0392208
2071.19	-0.0402391
2069.26	-0.0399167
2067.33	-0.0404208
2065.41	-0.042353
2063.48	-0.044169
2061.55	-0.0426463
2059.62	-0.042551
2057.69	-0.0450292
2055.77	-0.0466627
2053.84	-0.0464285
2051.91	-0.0474867
2049.98	-0.0477728
2048.05	-0.0479996
2046.12	-0.0464893
2044.2	-0.046217
2042.27	-0.0462323
2040.34	-0.0462065
2038.41	-0.0468213
2036.48	-0.0457037
2034.56	-0.0452299
2032.63	-0.0442211
2030.7	-0.0452277
2028.77	-0.0468446
2026.84	-0.0460136
2024.92	-0.0440702
2022.99	-0.0440087
2021.06	-0.0439435
2019.13	-0.0458238
2017.2	-0.0459716
2015.28	-0.0465294
2013.35	-0.0477859
2011.42	-0.0456321
2009.49	-0.0440667
2007.56	-0.0453023
2005.64	-0.0463649
2003.71	-0.0465721
2001.78	-0.0470489
