nAHl0491.spa, Thu Nov 02 03:10:47 2006 (GMT-10:00)
9999.26	0.00358936
9997.33	0.0045223
9995.4	0.00396544
9993.48	0.00343413
9991.55	0.00387179
9989.62	0.00379517
9987.69	0.00401537
9985.76	0.0045509
9983.84	0.00462755
9981.91	0.00442395
9979.98	0.00419455
9978.05	0.00402169
9976.12	0.00398239
9974.2	0.00461844
9972.27	0.00465327
9970.34	0.00453784
9968.41	0.00454665
9966.48	0.00464021
9964.56	0.00457397
9962.63	0.00400052
9960.7	0.00453593
9958.77	0.0048996
9956.84	0.00426635
9954.92	0.00368475
9952.99	0.00448189
9951.06	0.00509423
9949.13	0.00503858
9947.2	0.0054893
9945.28	0.00511344
9943.35	0.00447142
9941.42	0.00422985
9939.49	0.00430711
9937.56	0.00406516
9935.64	0.00474715
9933.71	0.00474136
9931.78	0.00379955
9929.85	0.00487028
9927.92	0.0051583
9926	0.00421181
9924.07	0.00385146
9922.14	0.00502387
9920.21	0.00552729
9918.28	0.00518778
9916.36	0.00457738
9914.43	0.00413162
9912.5	0.00428793
9910.57	0.00489487
9908.64	0.0055194
9906.71	0.00578889
9904.79	0.00509353
9902.86	0.00471128
9900.93	0.00479
9899	0.00523701
9897.08	0.00561445
9895.15	0.00500557
9893.22	0.00398263
9891.29	0.0044035
9889.36	0.00549867
9887.43	0.00530459
9885.51	0.00496377
9883.58	0.00457226
9881.65	0.00462118
9879.72	0.00444751
9877.79	0.00468241
9875.87	0.00534014
9873.94	0.00515948
9872.01	0.00464108
9870.08	0.00528094
9868.15	0.00618204
9866.23	0.00530858
9864.3	0.00544666
9862.37	0.00607642
9860.44	0.00566352
9858.51	0.00477516
9856.59	0.00449442
9854.66	0.00407857
9852.73	0.00407389
9850.8	0.00499655
9848.87	0.00564164
9846.95	0.00588856
9845.02	0.00627125
9843.09	0.00571395
9841.16	0.00542928
9839.23	0.0055281
9837.31	0.00520917
9835.38	0.00496022
9833.45	0.00499987
9831.52	0.00473272
9829.59	0.00524469
9827.67	0.00567806
9825.74	0.00600395
9823.81	0.00593451
9821.88	0.00480518
9819.95	0.00459322
9818.03	0.00470491
9816.1	0.00472776
9814.17	0.00560045
9812.24	0.00638757
9810.31	0.00614531
9808.39	0.00598177
9806.46	0.00590532
9804.53	0.00501988
9802.6	0.00484116
9800.67	0.00505139
9798.75	0.00556736
9796.82	0.00628832
9794.89	0.00555981
9792.96	0.00484954
9791.03	0.00492078
9789.11	0.00502608
9787.18	0.00515827
9785.25	0.00524995
9783.32	0.00519489
9781.39	0.0053285
9779.46	0.0059248
9777.54	0.00596934
9775.61	0.00615129
9773.68	0.00571025
9771.75	0.004975
9769.83	0.00527544
9767.9	0.00505176
9765.97	0.0049309
9764.04	0.00550769
9762.11	0.00575142
9760.18	0.00610014
9758.26	0.00620775
9756.33	0.00598053
9754.4	0.00589686
9752.47	0.00556253
9750.54	0.0054277
9748.62	0.00595248
9746.69	0.00616789
9744.76	0.00582395
9742.83	0.00530777
9740.9	0.00500523
9738.98	0.00522694
9737.05	0.00519049
9735.12	0.00512427
9733.19	0.00547457
9731.26	0.00545407
9729.34	0.00568655
9727.41	0.00570314
9725.48	0.00542196
9723.55	0.00528657
9721.62	0.00563063
9719.7	0.00560686
9717.77	0.00577553
9715.84	0.00594506
9713.91	0.00628836
9711.98	0.00636891
9710.06	0.0066619
9708.13	0.00638451
9706.2	0.00587909
9704.27	0.00612272
9702.34	0.00614268
9700.42	0.00563059
9698.49	0.00537204
9696.56	0.00524046
9694.63	0.00573627
9692.7	0.00584376
9690.78	0.00557713
9688.85	0.00591291
9686.92	0.00641578
9684.99	0.00632682
9683.06	0.00638381
9681.14	0.00602646
9679.21	0.00566238
9677.28	0.00556008
9675.35	0.00518218
9673.42	0.00502826
9671.5	0.00546484
9669.57	0.00657356
9667.64	0.00695489
9665.71	0.00618184
9663.78	0.0054326
9661.86	0.00544964
9659.93	0.00563546
9658	0.00546276
9656.07	0.00539093
9654.14	0.00596054
9652.21	0.00652869
9650.29	0.00641582
9648.36	0.00577113
9646.43	0.00560529
9644.5	0.00529218
9642.57	0.00576572
9640.65	0.00633159
9638.72	0.00596417
9636.79	0.00519287
9634.86	0.00539875
9632.93	0.00566665
9631.01	0.00554377
9629.08	0.00603287
9627.15	0.00610132
9625.22	0.00561519
9623.29	0.00575914
9621.37	0.00575122
9619.44	0.00557864
9617.51	0.00611304
9615.58	0.00592158
9613.65	0.00540109
9611.73	0.00551957
9609.8	0.00589719
9607.87	0.00585498
9605.94	0.00548763
9604.01	0.00560864
9602.09	0.00584128
9600.16	0.00619753
9598.23	0.00654729
9596.3	0.00653043
9594.37	0.00577653
9592.45	0.00517436
9590.52	0.00520843
9588.59	0.0050302
9586.66	0.00521377
9584.73	0.00534635
9582.81	0.00538664
9580.88	0.00579043
9578.95	0.00583372
9577.02	0.00613774
9575.09	0.00605323
9573.17	0.00568471
9571.24	0.00577482
9569.31	0.00606399
9567.38	0.00598836
9565.45	0.00563398
9563.53	0.00517507
9561.6	0.00571482
9559.67	0.00586891
9557.74	0.00578238
9555.81	0.00578029
9553.88	0.00538338
9551.96	0.00549752
9550.03	0.00637691
9548.1	0.00645463
9546.17	0.00581575
9544.25	0.00531126
9542.32	0.00533508
9540.39	0.00545431
9538.46	0.00545478
9536.53	0.00554793
9534.6	0.00558807
9532.68	0.0051517
9530.75	0.00554736
9528.82	0.00607948
9526.89	0.0060533
9524.96	0.005863
9523.04	0.00555964
9521.11	0.00570505
9519.18	0.00563852
9517.25	0.00547424
9515.32	0.00585202
9513.4	0.0058495
9511.47	0.00592893
9509.54	0.00616248
9507.61	0.00614853
9505.68	0.0061852
9503.76	0.00632181
9501.83	0.00620318
9499.9	0.00598547
9497.97	0.00605401
9496.04	0.0063827
9494.12	0.0065048
9492.19	0.00632097
9490.26	0.00609853
9488.33	0.00601759
9486.4	0.0064061
9484.48	0.00663866
9482.55	0.00614725
9480.62	0.00592729
9478.69	0.00584578
9476.76	0.00568279
9474.84	0.00612091
9472.91	0.00645422
9470.98	0.00613579
9469.05	0.0063988
9467.12	0.00646623
9465.2	0.00585531
9463.27	0.00544052
9461.34	0.00573285
9459.41	0.00589797
9457.48	0.00599676
9455.56	0.00635294
9453.63	0.006028
9451.7	0.00557693
9449.77	0.00583486
9447.84	0.00641501
9445.92	0.00637342
9443.99	0.00611015
9442.06	0.00602894
9440.13	0.00601487
9438.2	0.00593307
9436.28	0.00571596
9434.35	0.00547598
9432.42	0.00564899
9430.49	0.00558877
9428.56	0.00543391
9426.63	0.00569861
9424.71	0.00602387
9422.78	0.006459
9420.85	0.00658042
9418.92	0.00633216
9417	0.00566849
9415.07	0.00538348
9413.14	0.0056502
9411.21	0.00585041
9409.28	0.00606224
9407.35	0.00630308
9405.43	0.00578614
9403.5	0.00542555
9401.57	0.00575578
9399.64	0.00591049
9397.71	0.00582287
9395.79	0.00568481
9393.86	0.00575652
9391.93	0.00627807
9390	0.00598554
9388.07	0.00534732
9386.15	0.00558924
9384.22	0.005964
9382.29	0.00563308
9380.36	0.00552078
9378.43	0.00563043
9376.51	0.00594492
9374.58	0.0060828
9372.65	0.00572533
9370.72	0.00597996
9368.79	0.00578013
9366.87	0.00538036
9364.94	0.00546639
9363.01	0.00580847
9361.08	0.00608042
9359.15	0.00538134
9357.23	0.00514613
9355.3	0.00530224
9353.37	0.00499786
9351.44	0.00479871
9349.51	0.0054743
9347.59	0.00619968
9345.66	0.00601762
9343.73	0.005665
9341.8	0.00588332
9339.87	0.00613643
9337.95	0.00584366
9336.02	0.00577616
9334.09	0.00616621
9332.16	0.00654493
9330.23	0.00605249
9328.31	0.00545441
9326.38	0.00519355
9324.45	0.00534235
9322.52	0.00500543
9320.59	0.00488512
9318.67	0.00514999
9316.74	0.00547588
9314.81	0.0054226
9312.88	0.005925
9310.95	0.00625968
9309.03	0.00612144
9307.1	0.00601735
9305.17	0.00584033
9303.24	0.00558126
9301.31	0.00549756
9299.38	0.00525706
9297.46	0.00548551
9295.53	0.00587348
9293.6	0.00611244
9291.67	0.00593139
9289.74	0.00576347
9287.82	0.00554602
9285.89	0.00559357
9283.96	0.00584638
9282.03	0.00560707
9280.1	0.00547417
9278.18	0.00584598
9276.25	0.00586959
9274.32	0.00588231
9272.39	0.00564315
9270.46	0.00545041
9268.54	0.00520049
9266.61	0.00554565
9264.68	0.00600418
9262.75	0.00613311
9260.82	0.00623777
9258.9	0.006061
9256.97	0.0055091
9255.04	0.00561039
9253.11	0.00601114
9251.18	0.0058672
9249.26	0.00576193
9247.33	0.00597375
9245.4	0.00582828
9243.47	0.00575911
9241.54	0.00586052
9239.62	0.00550212
9237.69	0.00547736
9235.76	0.00564087
9233.83	0.00595809
9231.9	0.00572449
9229.98	0.0052575
9228.05	0.00556504
9226.12	0.00549702
9224.19	0.00533263
9222.26	0.00569112
9220.34	0.00527913
9218.41	0.00518734
9216.48	0.00543968
9214.55	0.00552464
9212.62	0.00584215
9210.7	0.00585787
9208.77	0.00542065
9206.84	0.00510221
9204.91	0.00583469
9202.98	0.00593854
9201.05	0.00549907
9199.13	0.00540566
9197.2	0.00539167
9195.27	0.00572389
9193.34	0.0058717
9191.42	0.00558585
9189.49	0.00507854
9187.56	0.00519338
9185.63	0.00565654
9183.7	0.00567833
9181.77	0.00558961
9179.85	0.00551279
9177.92	0.0057484
9175.99	0.00559921
9174.06	0.00562247
9172.13	0.0058402
9170.21	0.00573067
9168.28	0.00521715
9166.35	0.00490446
9164.42	0.00482715
9162.49	0.0048093
9160.57	0.00521296
9158.64	0.00569991
9156.71	0.00603697
9154.78	0.00582186
9152.85	0.00520166
9150.93	0.0050231
9149	0.00511877
9147.07	0.00438438
9145.14	0.00440624
9143.21	0.00486388
9141.29	0.00485915
9139.36	0.00483761
9137.43	0.00487919
9135.5	0.00510007
9133.57	0.00547179
9131.65	0.00530338
9129.72	0.00516203
9127.79	0.00530807
9125.86	0.00535101
9123.93	0.00517762
9122.01	0.00509246
9120.08	0.00512357
9118.15	0.00516669
9116.22	0.00530311
9114.29	0.00521219
9112.37	0.00503564
9110.44	0.00468689
9108.51	0.0046598
9106.58	0.0049689
9104.65	0.00532622
9102.73	0.00555031
9100.8	0.00539536
9098.87	0.0049998
9096.94	0.00475231
9095.01	0.004513
9093.08	0.00419214
9091.16	0.004695
9089.23	0.00509956
9087.3	0.00534735
9085.37	0.0052354
9083.45	0.00480471
9081.52	0.00484562
9079.59	0.00572352
9077.66	0.00585928
9075.73	0.00520706
9073.8	0.00471463
9071.88	0.00481204
9069.95	0.0055933
9068.02	0.0054125
9066.09	0.00458264
9064.17	0.00502685
9062.24	0.00563351
9060.31	0.00551625
9058.38	0.00513282
9056.45	0.00487601
9054.52	0.00485449
9052.6	0.00489568
9050.67	0.00501717
9048.74	0.00523174
9046.81	0.00515445
9044.88	0.00499645
9042.96	0.00522648
9041.03	0.00540146
9039.1	0.00537348
9037.17	0.00494175
9035.24	0.00508216
9033.32	0.00535963
9031.39	0.00528637
9029.46	0.00533326
9027.53	0.00494256
9025.6	0.00477445
9023.68	0.00535943
9021.75	0.00509604
9019.82	0.00488442
9017.89	0.00518382
9015.96	0.00534598
9014.04	0.00521806
9012.11	0.00497524
9010.18	0.004573
9008.25	0.00457129
9006.32	0.00444336
9004.4	0.00455271
9002.47	0.00426615
9000.54	0.00423714
8998.61	0.00467289
8996.68	0.00478216
8994.76	0.00526326
8992.83	0.00498552
8990.9	0.00428
8988.97	0.00452073
8987.04	0.0049065
8985.12	0.00533675
8983.19	0.00556202
8981.26	0.00507459
8979.33	0.0047296
8977.4	0.00489598
8975.48	0.00477419
8973.55	0.00437371
8971.62	0.00433244
8969.69	0.00436531
8967.76	0.00437629
8965.83	0.00425427
8963.91	0.00424748
8961.98	0.0046871
8960.05	0.00518952
8958.12	0.0048939
8956.2	0.0044514
8954.27	0.00435861
8952.34	0.00489749
8950.41	0.00506932
8948.48	0.0046889
8946.55	0.00447038
8944.63	0.00454253
8942.7	0.00446054
8940.77	0.00430199
8938.84	0.00444032
8936.92	0.00473017
8934.99	0.00458375
8933.06	0.00453931
8931.13	0.00476782
8929.2	0.00497845
8927.27	0.00502601
8925.35	0.00464198
8923.42	0.00440708
8921.49	0.00447065
8919.56	0.00443684
8917.63	0.00458867
8915.71	0.00442224
8913.78	0.00411446
8911.85	0.00457306
8909.92	0.00480936
8907.99	0.00473694
8906.07	0.00436675
8904.14	0.00414922
8902.21	0.00443523
8900.28	0.00436973
8898.35	0.00450423
8896.43	0.00458589
8894.5	0.0041346
8892.57	0.0039738
8890.64	0.00427515
8888.71	0.00472896
8886.79	0.00443416
8884.86	0.00395494
8882.93	0.00424671
8881	0.0044744
8879.07	0.00441769
8877.15	0.00426679
8875.22	0.00404008
8873.29	0.00399299
8871.36	0.00447644
8869.43	0.00491756
8867.51	0.00467598
8865.58	0.00426592
8863.65	0.00434506
8861.72	0.00455816
8859.79	0.00463361
8857.87	0.00447815
8855.94	0.00450101
8854.01	0.00431537
8852.08	0.0041627
8850.15	0.00433415
8848.22	0.00406279
8846.3	0.0037175
8844.37	0.00386343
8842.44	0.00407326
8840.51	0.00416434
8838.58	0.00424343
8836.66	0.00431762
8834.73	0.00425692
8832.8	0.00402192
8830.87	0.00389188
8828.94	0.00429533
8827.02	0.00455364
8825.09	0.00448933
8823.16	0.00437475
8821.23	0.00463083
8819.3	0.00451316
8817.38	0.00431762
8815.45	0.00452026
8813.52	0.00462001
8811.59	0.00442204
8809.66	0.00443664
8807.74	0.00449371
8805.81	0.00461208
8803.88	0.00411851
8801.95	0.00406302
8800.02	0.00412065
8798.1	0.0041815
8796.17	0.00426187
8794.24	0.00411714
8792.31	0.00420445
8790.38	0.0041538
8788.46	0.00436772
8786.53	0.00424932
8784.6	0.0040573
8782.67	0.00414497
8780.74	0.00398356
8778.82	0.00405597
8776.89	0.00405573
8774.96	0.00413316
8773.03	0.00407961
8771.1	0.00393331
8769.18	0.00395604
8767.25	0.00410493
8765.32	0.00409359
8763.39	0.00374882
8761.46	0.00394611
8759.54	0.00428245
8757.61	0.00396761
8755.68	0.00374223
8753.75	0.00397621
8751.82	0.00383849
8749.9	0.00390482
8747.97	0.00407276
8746.04	0.00401058
8744.11	0.00414788
8742.18	0.00434469
8740.25	0.00411784
8738.33	0.00407824
8736.4	0.00415571
8734.47	0.00395725
8732.54	0.00386617
8730.62	0.00393535
8728.69	0.00387339
8726.76	0.00362437
8724.83	0.00364489
8722.9	0.00401058
8720.97	0.00380985
8719.05	0.00355842
8717.12	0.0036055
8715.19	0.00365675
8713.26	0.00364399
8711.33	0.00378702
8709.41	0.00403145
8707.48	0.00387938
8705.55	0.00326241
8703.62	0.00321754
8701.69	0.00335085
8699.77	0.00340568
8697.84	0.00366477
8695.91	0.00377853
8693.98	0.00373023
8692.05	0.00349586
8690.13	0.00363266
8688.2	0.00382008
8686.27	0.00358882
8684.34	0.00308835
8682.41	0.00305861
8680.49	0.00337917
8678.56	0.00345444
8676.63	0.00351453
8674.7	0.00352188
8672.77	0.00349181
8670.85	0.0036761
8668.92	0.00376329
8666.99	0.00359774
8665.06	0.00336417
8663.13	0.00319317
8661.21	0.00301207
8659.28	0.00299298
8657.35	0.00350097
8655.42	0.00365334
8653.49	0.00320479
8651.57	0.00338494
8649.64	0.00369528
8647.71	0.00340782
8645.78	0.00327065
8643.85	0.00309205
8641.93	0.003159
8640	0.00314798
8638.07	0.00294868
8636.14	0.00294998
8634.21	0.00302561
8632.29	0.00327246
8630.36	0.00326267
8628.43	0.00338645
8626.5	0.00360847
8624.57	0.00341049
8622.65	0.00365053
8620.72	0.00355839
8618.79	0.00319287
8616.86	0.00309111
8614.93	0.00289554
8613	0.00296813
8611.08	0.00329553
8609.15	0.00346252
8607.22	0.00334327
8605.29	0.00310663
8603.37	0.00291105
8601.44	0.00286259
8599.51	0.0027525
8597.58	0.00272286
8595.65	0.0028311
8593.72	0.00319488
8591.8	0.00366397
8589.87	0.00387654
8587.94	0.0032778
8586.01	0.00288687
8584.08	0.00264534
8582.16	0.00238886
8580.23	0.00242455
8578.3	0.00254258
8576.37	0.00283697
8574.44	0.00298424
8572.52	0.00304099
8570.59	0.00318977
8568.66	0.00337419
8566.73	0.00325296
8564.8	0.00268218
8562.88	0.00241598
8560.95	0.00238886
8559.02	0.00288917
8557.09	0.0029355
8555.16	0.00275203
8553.24	0.00305508
8551.31	0.00300736
8549.38	0.00260444
8547.45	0.00271022
8545.52	0.00285968
8543.6	0.00287536
8541.67	0.00272096
8539.74	0.00275397
8537.81	0.00317048
8535.88	0.00304036
8533.96	0.00282923
8532.03	0.00300142
8530.1	0.00305965
8528.17	0.00279929
8526.24	0.00251285
8524.32	0.00268775
8522.39	0.00271986
8520.46	0.00241282
8518.53	0.00273036
8516.6	0.0032129
8514.68	0.00286052
8512.75	0.00244281
8510.82	0.00257994
8508.89	0.00263598
8506.96	0.00238746
8505.04	0.00216996
8503.11	0.00230591
8501.18	0.00251305
8499.25	0.00249722
8497.32	0.00255198
8495.39	0.00250202
8493.47	0.00251402
8491.54	0.00248203
8489.61	0.00266481
8487.68	0.00267535
8485.75	0.00249426
8483.83	0.00250549
8481.9	0.00244351
8479.97	0.00244301
8478.04	0.00239633
8476.11	0.0022017
8474.19	0.00207936
8472.26	0.0021013
8470.33	0.00239879
8468.4	0.00267128
8466.47	0.00263488
8464.55	0.00272096
8462.62	0.00268892
8460.69	0.00253598
8458.76	0.00246723
8456.83	0.00242804
8454.91	0.00245627
8452.98	0.00245887
8451.05	0.00239253
8449.12	0.00207736
8447.19	0.00224912
8445.27	0.00220612
8443.34	0.00204048
8441.41	0.00228686
8439.48	0.00219813
8437.55	0.00190714
8435.63	0.00205259
8433.7	0.00216693
8431.77	0.00198375
8429.84	0.00223094
8427.91	0.00272179
8425.99	0.00251468
8424.06	0.0024729
8422.13	0.00281112
8420.2	0.00257428
8418.27	0.00196984
8416.35	0.00183007
8414.42	0.00200296
8412.49	0.00188933
8410.56	0.00208755
8408.63	0.00221568
8406.71	0.00235208
8404.78	0.00239133
8402.85	0.00218817
8400.92	0.00217049
8398.99	0.00232883
8397.07	0.00223573
8395.14	0.00195177
8393.21	0.00168917
8391.28	0.00160812
8389.35	0.00176449
8387.43	0.00206165
8385.5	0.00206687
8383.57	0.00194145
8381.64	0.00206022
8379.71	0.00187855
8377.79	0.00190098
8375.86	0.00189442
8373.93	0.00156652
8372	0.00138958
8370.07	0.00161287
8368.14	0.001851
8366.22	0.00194614
8364.29	0.00198036
8362.36	0.00209091
8360.43	0.00224869
8358.5	0.00215211
8356.58	0.00181646
8354.65	0.00188281
8352.72	0.00196624
8350.79	0.00189615
8348.86	0.00205539
8346.94	0.00192284
8345.01	0.00193835
8343.08	0.00197277
8341.15	0.00218055
8339.22	0.00218438
8337.3	0.00181952
8335.37	0.00150563
8333.44	0.00163499
8331.51	0.00188088
8329.58	0.00163642
8327.66	0.00181067
8325.73	0.00192614
8323.8	0.00168292
8321.87	0.0015597
8319.94	0.00159226
8318.02	0.001907
8316.09	0.00180917
8314.16	0.0014064
8312.23	0.0012785
8310.3	0.00151817
8308.38	0.00174882
8306.45	0.00145919
8304.52	0.0013456
8302.59	0.00164304
8300.66	0.00182983
8298.74	0.0017763
8296.81	0.00168099
8294.88	0.00156605
8292.95	0.00165481
8291.02	0.00180042
8289.1	0.00178019
8287.17	0.00145304
8285.24	0.00114058
8283.31	0.00129658
8281.38	0.00140623
8279.46	0.00141454
8277.53	0.00137658
8275.6	0.00139666
8273.67	0.00145889
8271.74	0.00136947
8269.82	0.00138629
8267.89	0.00140091
8265.96	0.00156362
8264.03	0.00161181
8262.1	0.001404
8260.17	0.00136069
8258.25	0.0016321
8256.32	0.00166569
8254.39	0.00121095
8252.46	0.0013571
8250.54	0.00135451
8248.61	0.00115257
8246.68	0.00121018
8244.75	0.00139932
8242.82	0.00176685
8240.89	0.00165056
8238.97	0.00129309
8237.04	0.000987057
8235.11	0.00101459
8233.18	0.00110746
8231.25	0.00111111
8229.33	0.00097467
8227.4	0.000915663
8225.47	0.0011045
8223.54	0.00133826
8221.61	0.00141906
8219.69	0.0012145
8217.76	0.00120713
8215.83	0.00126654
8213.9	0.00108882
8211.97	0.00123916
8210.05	0.00130193
8208.12	0.000863303
8206.19	0.000622504
8204.26	0.000786154
8202.33	0.00105189
8200.41	0.00112131
8198.48	0.000930605
8196.55	0.000926222
8194.62	0.00114526
8192.69	0.00104465
8190.77	0.00092403
8188.84	0.000959992
8186.91	0.00105501
8184.98	0.000751002
8183.05	0.000478686
8181.13	0.000761956
8179.2	0.000579802
8177.27	0.000566896
8175.34	0.000828478
8173.41	0.00126295
8171.49	0.00102841
8169.56	0.000798402
8167.63	0.000717547
8165.7	0.000429762
8163.77	0.000256069
8161.85	0.000759499
8159.92	0.00135943
8157.99	0.00135604
8156.06	0.0010755
8154.13	0.00106374
8152.21	0.000998349
8150.28	0.000957402
8148.35	0.0012887
8146.42	0.00135534
8144.49	0.000935154
8142.56	0.0008642
8140.64	0.000876185
8138.71	0.000817423
8136.78	0.000529208
8134.85	0.000482368
8132.92	0.000531729
8131	0.000606843
8129.07	0.000684857
8127.14	0.000592343
8125.21	0.000650975
8123.28	0.000513583
8121.36	0.000318137
8119.43	0.000285179
8117.5	0.000372155
8115.57	0.000600738
8113.64	0.000636209
8111.72	0.000786618
8109.79	0.000898596
8107.86	0.000583949
8105.93	0.000320127
8104	0.000359156
8102.08	0.000519621
8100.15	0.000620314
8098.22	0.000831798
8096.29	0.00104441
8094.36	0.00102568
8092.44	0.000817822
8090.51	0.000765142
8088.58	0.000730358
8086.65	0.000718576
8084.72	0.00076086
8082.8	0.000577015
8080.87	0.000583219
8078.94	0.000707524
8077.01	0.000565602
8075.08	0.000337535
8073.16	0.000378058
8071.23	0.000754089
8069.3	0.000821274
8067.37	0.000659105
8065.44	0.000502437
8063.52	0.000609929
8061.59	0.000675996
8059.66	0.000440376
8057.73	0.000334186
8055.8	0.000266513
8053.88	0.000120691
8051.95	0.000252787
8050.02	0.000606213
8048.09	0.000613346
8046.16	0.000474739
8044.24	0.000365987
8042.31	0.000505124
8040.38	0.000804377
8038.45	0.000762686
8036.52	0.000696107
8034.6	0.00047935
8032.67	0.000344068
8030.74	0.000317474
8028.81	0.0004623
8026.88	0.000603558
8024.96	0.000504228
8023.03	0.000382966
8021.1	0.000311174
8019.17	0.00039915
8017.24	0.000602563
8015.31	0.000353187
8013.39	-4.89362e-05
8011.46	-4.57226e-05
8009.53	0.000259716
8007.6	0.00051617
8005.67	0.000431918
8003.75	0.000440641
8001.82	0.00041895
7999.89	0.000139583
7997.96	-0.000174913
7996.03	-0.000140035
7994.11	0.000118305
7992.18	0.000386581
7990.25	0.000267109
7988.32	9.97118e-05
7986.39	0.000106904
7984.47	-0.000109859
7982.54	-8.49474e-05
7980.61	6.39534e-05
7978.68	-0.000166268
7976.75	-0.000174548
7974.83	0.000110483
7972.9	7.99267e-05
7970.97	-4.44305e-05
7969.04	-1.35516e-05
7967.11	0.000211712
7965.19	0.000213833
7963.26	0.000104782
7961.33	-5.48334e-05
7959.4	-0.000301879
7957.47	-0.000496561
7955.55	-0.000295687
7953.62	0.00015178
7951.69	0.000124569
7949.76	9.76239e-05
7947.83	1.78596e-05
7945.91	-2.16029e-05
7943.98	-0.000130495
7942.05	-8.49474e-05
7940.12	4.14858e-05
7938.19	-1.88529e-05
7936.27	-8.77963e-05
7934.34	-0.000184219
7932.41	-0.000242076
7930.48	-0.000205747
7928.55	-7.58372e-05
7926.63	-0.000196209
7924.7	-0.000331313
7922.77	-0.000302442
7920.84	-0.000184319
7918.91	-9.79001e-05
7916.99	-0.000199587
7915.06	-0.000560697
7913.13	-0.000608676
7911.2	-0.000452574
7909.27	-0.000237837
7907.35	-0.000228498
7905.42	-0.00045883
7903.49	-0.000612812
7901.56	-0.000620819
7899.63	-0.000493781
7897.71	-0.000426689
7895.78	-0.000467932
7893.85	-0.000414971
7891.92	-0.000128177
7889.99	-7.3717e-05
7888.06	-0.000321646
7886.14	-0.000285786
7884.21	-0.000276581
7882.28	-0.000429536
7880.35	-0.000529755
7878.42	-0.000537995
7876.5	-0.000490173
7874.57	-0.000283866
7872.64	-0.000280522
7870.71	-0.000248169
7868.78	-0.00038637
7866.86	-0.000759364
7864.93	-0.000729727
7863	-0.000491961
7861.07	-0.000404312
7859.14	-0.000471506
7857.22	-0.000377928
7855.29	-0.000229492
7853.36	-0.000309627
7851.43	-0.00047432
7849.5	-0.000712195
7847.58	-0.000858317
7845.65	-0.000639579
7843.72	-0.000589485
7841.79	-0.000704421
7839.86	-0.000743223
7837.94	-0.000878257
7836.01	-0.000669189
7834.08	-0.000411297
7832.15	-0.000440724
7830.22	-0.000543886
7828.3	-0.000630745
7826.37	-0.00085081
7824.44	-0.00078804
7822.51	-0.000534686
7820.58	-0.000686458
7818.66	-0.000820055
7816.73	-0.000852001
7814.8	-0.000682952
7812.87	-0.000593456
7810.94	-0.000716826
7809.02	-0.000804974
7807.09	-0.000970835
7805.16	-0.00093212
7803.23	-0.00073889
7801.3	-0.000639844
7799.38	-0.000828091
7797.45	-0.00103107
7795.52	-0.00094465
7793.59	-0.000771966
7791.66	-0.000736078
7789.74	-0.000749011
7787.81	-0.000587003
7785.88	-0.000435891
7783.95	-0.000458466
7782.02	-0.000785824
7780.09	-0.00114017
7778.17	-0.00111327
7776.24	-0.000948552
7774.31	-0.000949544
7772.38	-0.00111347
7770.46	-0.00106908
7768.53	-0.00093946
7766.6	-0.000769022
7764.67	-0.000912777
7762.74	-0.00125717
7760.81	-0.00104617
7758.89	-0.000683415
7756.96	-0.000702701
7755.03	-0.00089436
7753.1	-0.00105705
7751.17	-0.00112503
7749.25	-0.00114969
7747.32	-0.00115824
7745.39	-0.0010513
7743.46	-0.000867774
7741.53	-0.000857424
7739.61	-0.000739981
7737.68	-0.000883481
7735.75	-0.00104118
7733.82	-0.00104825
7731.89	-0.00119119
7729.97	-0.00140067
7728.04	-0.00108187
7726.11	-0.000831398
7724.18	-0.000847404
7722.25	-0.000757214
7720.33	-0.000998671
7718.4	-0.0013651
7716.47	-0.00145684
7714.54	-0.00134405
7712.61	-0.00101097
7710.69	-0.000989679
7708.76	-0.0012316
7706.83	-0.00135198
7704.9	-0.0013351
7702.97	-0.00154573
7701.05	-0.00143416
7699.12	-0.00115127
7697.19	-0.00127435
7695.26	-0.00147699
7693.33	-0.00144978
7691.41	-0.00121178
7689.48	-0.00119304
7687.55	-0.00134389
7685.62	-0.00120715
7683.69	-0.00112133
7681.77	-0.00126573
7679.84	-0.0012806
7677.91	-0.00121617
7675.98	-0.00123269
7674.05	-0.00142015
7672.12	-0.00150799
7670.2	-0.00143667
7668.27	-0.00142554
7666.34	-0.00151103
7664.41	-0.00151588
7662.48	-0.00148524
7660.56	-0.00131125
7658.63	-0.00121531
7656.7	-0.0013937
7654.77	-0.00165164
7652.84	-0.00176441
7650.92	-0.00171032
7648.99	-0.00150106
7647.06	-0.0013753
7645.13	-0.00123434
7643.2	-0.00115319
7641.28	-0.00108137
7639.35	-0.00116393
7637.42	-0.00126821
7635.49	-0.00139443
7633.56	-0.00154563
7631.64	-0.00147867
7629.71	-0.00151661
7627.78	-0.00166758
7625.85	-0.00167636
7623.92	-0.0017358
7622	-0.00162094
7620.07	-0.00146094
7618.14	-0.0014153
7616.21	-0.0014263
7614.28	-0.00155788
7612.36	-0.00158588
7610.43	-0.00151222
7608.5	-0.00160413
7606.57	-0.00168791
7604.64	-0.00163137
7602.72	-0.00138828
7600.79	-0.00126229
7598.86	-0.0014149
7596.93	-0.00143984
7595	-0.00141639
7593.08	-0.00152536
7591.15	-0.00156036
7589.22	-0.00168484
7587.29	-0.00172692
7585.36	-0.00176596
7583.44	-0.0018114
7581.51	-0.0017024
7579.58	-0.00167438
7577.65	-0.00167583
7575.72	-0.00168794
7573.8	-0.00168279
7571.87	-0.00185162
7569.94	-0.00191783
7568.01	-0.00170553
7566.08	-0.00172735
7564.16	-0.00189507
7562.23	-0.00188224
7560.3	-0.00171124
7558.37	-0.00163127
7556.44	-0.00170699
7554.52	-0.0019331
7552.59	-0.00198262
7550.66	-0.00186046
7548.73	-0.00190675
7546.8	-0.00205705
7544.88	-0.00203746
7542.95	-0.0019712
7541.02	-0.00197196
7539.09	-0.00198067
7537.16	-0.00181737
7535.23	-0.00184205
7533.31	-0.00205461
7531.38	-0.00193739
7529.45	-0.00180031
7527.52	-0.00178685
7525.59	-0.00175217
7523.67	-0.00174943
7521.74	-0.00191958
7519.81	-0.00194528
7517.88	-0.00178979
7515.95	-0.00179757
7514.03	-0.0017488
7512.1	-0.00172233
7510.17	-0.00194138
7508.24	-0.00196876
7506.31	-0.00188784
7504.39	-0.00207163
7502.46	-0.00209451
7500.53	-0.00203855
7498.6	-0.00213289
7496.67	-0.0020371
7494.75	-0.00197427
7492.82	-0.00200623
7490.89	-0.0019932
7488.96	-0.00203967
7487.03	-0.00202958
7485.11	-0.00190605
7483.18	-0.00179883
7481.25	-0.00191542
7479.32	-0.0020029
7477.39	-0.00191001
7475.47	-0.00183806
7473.54	-0.00184819
7471.61	-0.00191882
7469.68	-0.0019745
7467.75	-0.00184202
7465.83	-0.00177629
7463.9	-0.00183819
7461.97	-0.00208353
7460.04	-0.00217302
7458.11	-0.00229739
7456.19	-0.00221897
7454.26	-0.00212211
7452.33	-0.00207107
7450.4	-0.00206836
7448.47	-0.00208508
7446.54	-0.00210744
7444.62	-0.00215802
7442.69	-0.00229406
7440.76	-0.00214546
7438.83	-0.00212442
7436.91	-0.0021083
7434.98	-0.00208498
7433.05	-0.00224195
7431.12	-0.00227139
7429.19	-0.00208225
7427.26	-0.00208399
7425.34	-0.00220671
7423.41	-0.00220414
7421.48	-0.00216952
7419.55	-0.00217724
7417.62	-0.00215195
7415.7	-0.00216972
7413.77	-0.00215782
7411.84	-0.00220664
7409.91	-0.00208347
7407.98	-0.0020805
7406.06	-0.00225207
7404.13	-0.00230385
7402.2	-0.00231872
7400.27	-0.00218785
7398.34	-0.00197262
7396.42	-0.00207605
7394.49	-0.00229241
7392.56	-0.00236667
7390.63	-0.00240749
7388.7	-0.00221673
7386.78	-0.00207275
7384.85	-0.00228272
7382.92	-0.00243804
7380.99	-0.00221222
7379.06	-0.00206635
7377.14	-0.00212841
7375.21	-0.00231377
7373.28	-0.00242341
7371.35	-0.00224544
7369.42	-0.00198697
7367.5	-0.00195346
7365.57	-0.00212277
7363.64	-0.00214644
7361.71	-0.0020707
7359.78	-0.0021472
7357.86	-0.00228272
7355.93	-0.00229169
7354	-0.00228539
7352.07	-0.00233869
7350.14	-0.00233997
7348.22	-0.00229591
7346.29	-0.00241712
7344.36	-0.00245945
7342.43	-0.00242815
7340.5	-0.00254626
7338.58	-0.00262136
7336.65	-0.00241955
7334.72	-0.00243273
7332.79	-0.00250956
7330.86	-0.00225688
7328.94	-0.00212172
7327.01	-0.00222761
7325.08	-0.00231908
7323.15	-0.00236657
7321.22	-0.00227356
7319.29	-0.00222211
7317.37	-0.0022643
7315.44	-0.00236798
7313.51	-0.00248051
7311.58	-0.00250498
7309.65	-0.00243926
7307.73	-0.00254333
7305.8	-0.00249474
7303.87	-0.0023491
7301.94	-0.00248519
7300.01	-0.00253473
7298.09	-0.00238413
7296.16	-0.00241511
7294.23	-0.00246637
7292.3	-0.00240212
7290.37	-0.00226796
7288.45	-0.00216412
7286.52	-0.00223997
7284.59	-0.00225454
7282.66	-0.00224581
7280.73	-0.00231703
7278.81	-0.00229373
7276.88	-0.00248146
7274.95	-0.00259297
7273.02	-0.00257156
7271.09	-0.00248285
7269.17	-0.00251404
7267.24	-0.00254376
7265.31	-0.0025293
7263.38	-0.00250551
7261.45	-0.00262337
7259.53	-0.00271495
7257.6	-0.00259979
7255.67	-0.00240749
7253.74	-0.00247201
7251.81	-0.00264817
7249.89	-0.00267853
7247.96	-0.00252712
7246.03	-0.00258414
7244.1	-0.00262719
7242.17	-0.00263226
7240.25	-0.00253733
7238.32	-0.00265097
7236.39	-0.0028289
7234.46	-0.00278755
7232.53	-0.00267978
7230.61	-0.00257818
7228.68	-0.00264306
7226.75	-0.00254906
7224.82	-0.00260232
7222.89	-0.00256355
7220.97	-0.00249546
7219.04	-0.00262801
7217.11	-0.0025982
7215.18	-0.00262399
7213.25	-0.00261981
7211.33	-0.00259979
7209.4	-0.00266562
7207.47	-0.0025259
7205.54	-0.00242618
7203.61	-0.00249408
7201.69	-0.00254425
7199.76	-0.00267379
7197.83	-0.00284809
7195.9	-0.00289078
7193.97	-0.00291793
7192.04	-0.00266061
7190.12	-0.00253516
7188.19	-0.00247155
7186.26	-0.00266068
7184.33	-0.00282639
7182.4	-0.00279058
7180.48	-0.00274155
7178.55	-0.00271959
7176.62	-0.00268245
7174.69	-0.00278406
7172.76	-0.00276579
7170.84	-0.0027432
7168.91	-0.00282442
7166.98	-0.00290552
7165.05	-0.00284206
7163.12	-0.00279917
7161.2	-0.00283271
7159.27	-0.0027623
7157.34	-0.00249032
7155.41	-0.00250057
7153.48	-0.00267998
7151.56	-0.00283318
7149.63	-0.00290882
7147.7	-0.00290605
7145.77	-0.00282761
7143.84	-0.00269282
7141.92	-0.00258678
7139.99	-0.00254293
7138.06	-0.0026039
7136.13	-0.00272335
7134.2	-0.00267761
7132.28	-0.00253931
7130.35	-0.00267293
7128.42	-0.00279229
7126.49	-0.00266233
7124.56	-0.00262399
7122.64	-0.00253295
7120.71	-0.00229555
7118.78	-0.00246917
7116.85	-0.00272364
7114.92	-0.00265189
7113	-0.00267497
7111.07	-0.00287458
7109.14	-0.00293176
7107.21	-0.00292451
7105.28	-0.00283087
7103.36	-0.00272088
7101.43	-0.00252511
7099.5	-0.00260957
7097.57	-0.00278152
7095.64	-0.00276937
7093.71	-0.0027379
7091.79	-0.00269901
7089.86	-0.00262969
7087.93	-0.00266378
7086	-0.00275406
7084.08	-0.00267119
7082.15	-0.00268311
7080.22	-0.00281428
7078.29	-0.00287284
7076.36	-0.0027804
7074.43	-0.00276039
7072.51	-0.00281728
7070.58	-0.00285375
7068.65	-0.0027239
7066.72	-0.0026672
7064.79	-0.00259419
7062.87	-0.00244832
7060.94	-0.00264165
7059.01	-0.00271291
7057.08	-0.00264889
7055.15	-0.00279496
7053.23	-0.00287225
7051.3	-0.00263957
7049.37	-0.00245333
7047.44	-0.00253911
7045.51	-0.00252567
7043.59	-0.00254534
7041.66	-0.00274939
7039.73	-0.00281313
7037.8	-0.00265311
7035.87	-0.00259873
7033.95	-0.00264036
7032.02	-0.00269562
7030.09	-0.00266809
7028.16	-0.00257943
7026.23	-0.00255812
7024.31	-0.00263664
7022.38	-0.00264191
7020.45	-0.00265436
7018.52	-0.00262739
7016.59	-0.00260825
7014.67	-0.00261843
7012.74	-0.00275041
7010.81	-0.00263608
7008.88	-0.00252004
7006.95	-0.00247777
7005.03	-0.00254257
7003.1	-0.00264635
7001.17	-0.00274037
6999.24	-0.00265429
6997.31	-0.00260166
6995.39	-0.00262347
6993.46	-0.00263315
6991.53	-0.00258684
6989.6	-0.00258958
6987.67	-0.0025874
6985.75	-0.00258612
6983.82	-0.00265327
6981.89	-0.00254396
6979.96	-0.00241181
6978.03	-0.00248245
6976.1	-0.00252017
6974.18	-0.0025711
6972.25	-0.00250746
6970.32	-0.00247118
6968.39	-0.00252828
6966.46	-0.00246654
6964.54	-0.00242756
6962.61	-0.00240529
6960.68	-0.00241784
6958.75	-0.00239323
6956.82	-0.00243313
6954.9	-0.00238298
6952.97	-0.00233338
6951.04	-0.00229518
6949.11	-0.00232475
6947.18	-0.00238212
6945.26	-0.00226186
6943.33	-0.00217806
6941.4	-0.00217256
6939.47	-0.00220701
6937.54	-0.00232646
6935.62	-0.00239141
6933.69	-0.00240917
6931.76	-0.00236449
6929.83	-0.00236446
6927.9	-0.0024894
6925.98	-0.00247642
6924.05	-0.00227162
6922.12	-0.00222735
6920.19	-0.00239402
6918.26	-0.00234541
6916.34	-0.00218565
6914.41	-0.00232798
6912.48	-0.0023233
6910.55	-0.00225326
6908.62	-0.00228889
6906.7	-0.0023546
6904.77	-0.0022698
6902.84	-0.00216138
6900.91	-0.0022579
6898.98	-0.0023728
6897.06	-0.00231786
6895.13	-0.00232715
6893.2	-0.00227267
6891.27	-0.00229245
6889.34	-0.00214021
6887.42	-0.00198829
6885.49	-0.00202437
6883.56	-0.00201642
6881.63	-0.001975
6879.7	-0.00207977
6877.78	-0.00216863
6875.85	-0.00206121
6873.92	-0.00200082
6871.99	-0.00194208
6870.06	-0.00185162
6868.14	-0.0017652
6866.21	-0.00190351
6864.28	-0.00188217
6862.35	-0.0018179
6860.42	-0.0018861
6858.5	-0.00194099
6856.57	-0.00198872
6854.64	-0.00188573
6852.71	-0.00184278
6850.78	-0.00192532
6848.85	-0.00187706
6846.93	-0.00186402
6845	-0.00198083
6843.07	-0.00198321
6841.14	-0.00190605
6839.21	-0.00175055
6837.29	-0.00169511
6835.36	-0.00157376
6833.43	-0.00157439
6831.5	-0.00158396
6829.57	-0.00158614
6827.65	-0.00170606
6825.72	-0.00178428
6823.79	-0.0017459
6821.86	-0.00164345
6819.93	-0.00144337
6818.01	-0.00140681
6816.08	-0.00147434
6814.15	-0.00158627
6812.22	-0.00157934
6810.29	-0.00147913
6808.37	-0.00144921
6806.44	-0.00148253
6804.51	-0.00159539
6802.58	-0.00160641
6800.65	-0.00146081
6798.73	-0.00137745
6796.8	-0.00140764
6794.87	-0.0015559
6792.94	-0.00146061
6791.01	-0.00128592
6789.09	-0.00124495
6787.16	-0.00129708
6785.23	-0.00141659
6783.3	-0.00131363
6781.37	-0.00123249
6779.45	-0.00125688
6777.52	-0.00112778
6775.59	-0.000979926
6773.66	-0.000986009
6771.73	-0.00106591
6769.81	-0.00112004
6767.88	-0.00113825
6765.95	-0.00117715
6764.02	-0.00115325
6762.09	-0.001094
6760.17	-0.00093817
6758.24	-0.000799087
6756.31	-0.000890095
6754.38	-0.000988224
6752.45	-0.00107645
6750.53	-0.00109294
6748.6	-0.00104019
6746.67	-0.00106772
6744.74	-0.000973513
6742.81	-0.000901899
6740.88	-0.000930698
6738.96	-0.000921077
6737.03	-0.000912182
6735.1	-0.000794688
6733.17	-0.000793762
6731.25	-0.000667304
6729.32	-0.000670513
6727.39	-0.000876868
6725.46	-0.000806892
6723.53	-0.000740477
6721.6	-0.000874156
6719.68	-0.000878819
6717.75	-0.000822535
6715.82	-0.000840989
6713.89	-0.000770445
6711.96	-0.00064077
6710.04	-0.000774017
6708.11	-0.000828091
6706.18	-0.000721987
6704.25	-0.000689899
6702.32	-0.00060325
6700.4	-0.000615658
6698.47	-0.000803585
6696.54	-0.000852464
6694.61	-0.000885895
6692.68	-0.000906826
6690.76	-0.000893038
6688.83	-0.000844825
6686.9	-0.000875777
6684.97	-0.00084337
6683.04	-0.000825545
6681.12	-0.000778945
6679.19	-0.000889863
6677.26	-0.000819129
6675.33	-0.00067005
6673.4	-0.000597923
6671.48	-0.000641134
6669.55	-0.00081817
6667.62	-0.00099391
6665.69	-0.000953048
6663.76	-0.00081936
6661.84	-0.000814962
6659.91	-0.000901436
6657.98	-0.000967826
6656.05	-0.000799385
6654.12	-0.000599213
6652.2	-0.000672101
6650.27	-0.000683779
6648.34	-0.000769585
6646.41	-0.000813308
6644.48	-0.00085372
6642.56	-0.000872206
6640.63	-0.000885994
6638.7	-0.000929442
6636.77	-0.000874686
6634.84	-0.00075609
6632.92	-0.00070204
6630.99	-0.000678816
6629.06	-0.00070333
6627.13	-0.000752484
6625.2	-0.000868436
6623.27	-0.000923986
6621.35	-0.000854382
6619.42	-0.000798095
6617.49	-0.000864203
6615.56	-0.000947362
6613.63	-0.00108253
6611.71	-0.00114189
6609.78	-0.00105853
6607.85	-0.000915357
6605.92	-0.000832721
6603.99	-0.000893038
6602.07	-0.000825512
6600.14	-0.000781889
6598.21	-0.000916183
6596.28	-0.000908942
6594.35	-0.000904346
6592.43	-0.000826636
6590.5	-0.000743851
6588.57	-0.000767501
6586.64	-0.000785858
6584.71	-0.00084585
6582.79	-0.000845023
6580.86	-0.000848132
6578.93	-0.000890029
6577	-0.000823263
6575.07	-0.000839071
6573.15	-0.000886557
6571.22	-0.000847503
6569.29	-0.000866419
6567.36	-0.0008395
6565.43	-0.000899419
6563.51	-0.00101715
6561.58	-0.00101265
6559.65	-0.000993811
6557.72	-0.00107688
6555.79	-0.000977116
6553.87	-0.000940154
6551.94	-0.000982703
6550.01	-0.00100859
6548.08	-0.00100069
6546.15	-0.00103771
6544.23	-0.00101907
6542.3	-0.00110223
6540.37	-0.00109066
6538.44	-0.00101513
6536.51	-0.00101279
6534.59	-0.00103007
6532.66	-0.00100251
6530.73	-0.00112335
6528.8	-0.00117715
6526.87	-0.00115676
6524.95	-0.00122076
6523.02	-0.0011175
6521.09	-0.000998208
6519.16	-0.00102429
6517.23	-0.00107423
6515.31	-0.00112685
6513.38	-0.00119129
6511.45	-0.00129774
6509.52	-0.001335
6507.59	-0.00131251
6505.67	-0.00118782
6503.74	-0.00125083
6501.81	-0.00131575
6499.88	-0.00127462
6497.95	-0.00133272
6496.02	-0.00129417
6494.1	-0.00117117
6492.17	-0.00118108
6490.24	-0.0012315
6488.31	-0.00130243
6486.38	-0.00135538
6484.46	-0.00135188
6482.53	-0.00141639
6480.6	-0.00136493
6478.67	-0.0013208
6476.74	-0.0013175
6474.82	-0.00133216
6472.89	-0.00134957
6470.96	-0.00138851
6469.03	-0.00133078
6467.1	-0.00142686
6465.18	-0.00157323
6463.25	-0.00156019
6461.32	-0.00141635
6459.39	-0.00138052
6457.46	-0.00141464
6455.54	-0.00146124
6453.61	-0.00149611
6451.68	-0.00141424
6449.75	-0.00146206
6447.82	-0.00158515
6445.9	-0.00158634
6443.97	-0.00159618
6442.04	-0.00160796
6440.11	-0.00161222
6438.18	-0.00159208
6436.26	-0.001504
6434.33	-0.00159697
6432.4	-0.00168553
6430.47	-0.00164916
6428.54	-0.00167078
6426.62	-0.0017294
6424.69	-0.00178665
6422.76	-0.00178576
6420.83	-0.00173342
6418.9	-0.00166738
6416.98	-0.00162955
6415.05	-0.00174824
6413.12	-0.0017985
6411.19	-0.00164824
6409.26	-0.00170501
6407.34	-0.00178371
6405.41	-0.00174781
6403.48	-0.00174322
6401.55	-0.00181473
6399.62	-0.00175039
6397.7	-0.00165005
6395.77	-0.00175722
6393.84	-0.00189929
6391.91	-0.0018435
6389.98	-0.00174157
6388.06	-0.00179794
6386.13	-0.00185878
6384.2	-0.00183918
6382.27	-0.00186963
6380.34	-0.00195253
6378.42	-0.00191882
6376.49	-0.00192103
6374.56	-0.00192321
6372.63	-0.00186775
6370.7	-0.00188527
6368.77	-0.00196438
6366.85	-0.00191433
6364.92	-0.00189636
6362.99	-0.00188583
6361.06	-0.00190243
6359.13	-0.00194
6357.21	-0.00190536
6355.28	-0.00196718
6353.35	-0.00212412
6351.42	-0.00220866
6349.49	-0.0022014
6347.57	-0.00212999
6345.64	-0.00210843
6343.71	-0.00204657
6341.78	-0.00205046
6339.85	-0.00213939
6337.93	-0.00222046
6336	-0.00235935
6334.07	-0.00240539
6332.14	-0.00231038
6330.21	-0.00219362
6328.29	-0.00209728
6326.36	-0.00213721
6324.43	-0.00233704
6322.5	-0.00239138
6320.57	-0.00233503
6318.65	-0.00224709
6316.72	-0.00219448
6314.79	-0.00217388
6312.86	-0.00214041
6310.93	-0.00223767
6309.01	-0.00234745
6307.08	-0.00233246
6305.15	-0.00230866
6303.22	-0.00219877
6301.29	-0.00234643
6299.37	-0.00246308
6297.44	-0.00229637
6295.51	-0.00224508
6293.58	-0.00231878
6291.65	-0.00236785
6289.73	-0.00237738
6287.8	-0.00245662
6285.87	-0.00244394
6283.94	-0.00241893
6282.01	-0.00246865
6280.08	-0.00252261
6278.16	-0.00249856
6276.23	-0.00240245
6274.3	-0.00235533
6272.37	-0.00238894
6270.45	-0.00235975
6268.52	-0.00233918
6266.59	-0.00242552
6264.66	-0.00239955
6262.73	-0.00238103
6260.8	-0.00247669
6258.88	-0.00256849
6256.95	-0.00254211
6255.02	-0.00249932
6253.09	-0.00254442
6251.17	-0.00248775
6249.24	-0.00244575
6247.31	-0.00250732
6245.38	-0.00253444
6243.45	-0.0025092
6241.52	-0.0025432
6239.6	-0.00252192
6237.67	-0.00255987
6235.74	-0.00248238
6233.81	-0.00237154
6231.88	-0.00245217
6229.96	-0.00261049
6228.03	-0.00266124
6226.1	-0.00254781
6224.17	-0.0024952
6222.24	-0.00247649
6220.32	-0.00251684
6218.39	-0.00257093
6216.46	-0.00254461
6214.53	-0.0025294
6212.6	-0.00256985
6210.68	-0.0024812
6208.75	-0.00255272
6206.82	-0.00259919
6204.89	-0.00245695
6202.96	-0.00235882
6201.04	-0.00236805
6199.11	-0.00243853
6197.18	-0.00251678
6195.25	-0.00250732
6193.32	-0.00249774
6191.4	-0.00250637
6189.47	-0.00253015
6187.54	-0.00255156
6185.61	-0.00252435
6183.68	-0.00245438
6181.76	-0.00249536
6179.83	-0.00251184
6177.9	-0.00248976
6175.97	-0.00254926
6174.04	-0.00261062
6172.12	-0.00260509
6170.19	-0.00256059
6168.26	-0.00257936
6166.33	-0.0025573
6164.4	-0.00248792
6162.48	-0.00248179
6160.55	-0.00250047
6158.62	-0.00254514
6156.69	-0.00261102
6154.76	-0.00254662
6152.83	-0.00262557
6150.91	-0.00269608
6148.98	-0.00260927
6147.05	-0.00249681
6145.12	-0.00256629
6143.19	-0.00267036
6141.27	-0.00269144
6139.34	-0.00262719
6137.41	-0.00254972
6135.48	-0.00264606
6133.55	-0.00268758
6131.63	-0.00270451
6129.7	-0.00261375
6127.77	-0.00253223
6125.84	-0.00256932
6123.91	-0.00249121
6121.99	-0.00241455
6120.06	-0.00242684
6118.13	-0.00248054
6116.2	-0.00252399
6114.27	-0.00259774
6112.35	-0.00266993
6110.42	-0.00271126
6108.49	-0.00262014
6106.56	-0.00261507
6104.63	-0.00265347
6102.71	-0.00262627
6100.78	-0.00266881
6098.85	-0.00267827
6096.92	-0.00267606
6094.99	-0.0027435
6093.07	-0.00280009
6091.14	-0.00278883
6089.21	-0.00276888
6087.28	-0.00277856
6085.35	-0.00279443
6083.43	-0.00272107
6081.5	-0.00256062
6079.57	-0.00264751
6077.64	-0.00277319
6075.71	-0.00272506
6073.79	-0.00271445
6071.86	-0.00278251
6069.93	-0.00286461
6068	-0.00292981
6066.07	-0.00273013
6064.15	-0.00263061
6062.22	-0.00267823
6060.29	-0.00272499
6058.36	-0.00276065
6056.43	-0.00269552
6054.51	-0.00271182
6052.58	-0.00279779
6050.65	-0.00286784
6048.72	-0.0028043
6046.79	-0.00270718
6044.87	-0.00274303
6042.94	-0.00279538
6041.01	-0.00281451
6039.08	-0.00284782
6037.15	-0.00282412
6035.23	-0.00277998
6033.3	-0.00275278
6031.37	-0.00274705
6029.44	-0.002786
6027.51	-0.00282047
6025.58	-0.0028681
6023.66	-0.00287814
6021.73	-0.00288265
6019.8	-0.00290694
6017.87	-0.00306604
6015.94	-0.00300899
6014.02	-0.00293172
6012.09	-0.00300945
6010.16	-0.00296585
6008.23	-0.00291372
6006.3	-0.00288071
6004.38	-0.00284243
6002.45	-0.00280236
6000.52	-0.00283281
5998.59	-0.00280704
5996.66	-0.00279947
5994.74	-0.0029206
5992.81	-0.0029254
5990.88	-0.00291346
5988.95	-0.00288081
5987.02	-0.00284177
5985.1	-0.00291928
5983.17	-0.00295634
5981.24	-0.00289048
5979.31	-0.00292774
5977.38	-0.00303403
5975.46	-0.00317987
5973.53	-0.00315066
5971.6	-0.00305341
5969.67	-0.00300942
5967.74	-0.00309536
5965.82	-0.00309707
5963.89	-0.00313437
5961.96	-0.00312671
5960.03	-0.00300188
5958.1	-0.00299738
5956.18	-0.00309743
5954.25	-0.00309023
5952.32	-0.00304278
5950.39	-0.00301363
5948.46	-0.00309039
5946.54	-0.00314993
5944.61	-0.00316122
5942.68	-0.0032566
5940.75	-0.00330566
5938.82	-0.00321013
5936.9	-0.00312204
5934.97	-0.00314187
5933.04	-0.00310144
5931.11	-0.0031425
5929.18	-0.00322545
5927.25	-0.00322101
5925.33	-0.00308355
5923.4	-0.00311279
5921.47	-0.00322654
5919.54	-0.00329498
5917.62	-0.00323854
5915.69	-0.00320671
5913.76	-0.00321187
5911.83	-0.00327304
5909.9	-0.00333006
5907.97	-0.00322703
5906.05	-0.00319434
5904.12	-0.00319154
5902.19	-0.00318026
5900.26	-0.00323723
5898.33	-0.00327636
5896.41	-0.00330934
5894.48	-0.00339424
5892.55	-0.00336304
5890.62	-0.0032928
5888.69	-0.00324769
5886.77	-0.00317602
5884.84	-0.00321897
5882.91	-0.00331763
5880.98	-0.00326528
5879.05	-0.00323983
5877.13	-0.00325295
5875.2	-0.00332704
5873.27	-0.00331392
5871.34	-0.00320401
5869.41	-0.00318154
5867.49	-0.00320763
5865.56	-0.00316181
5863.63	-0.00319487
5861.7	-0.00325097
5859.77	-0.00326959
5857.85	-0.00328915
5855.92	-0.00328583
5853.99	-0.00319174
5852.06	-0.00319697
5850.13	-0.00324555
5848.21	-0.00324246
5846.28	-0.00329935
5844.35	-0.00326166
5842.42	-0.00326712
5840.49	-0.0033075
5838.57	-0.00320292
5836.64	-0.00316609
5834.71	-0.00320572
5832.78	-0.00326364
5830.85	-0.00337116
5828.93	-0.00335225
5827	-0.00320621
5825.07	-0.00322657
5823.14	-0.00337583
5821.21	-0.00339624
5819.29	-0.00338714
5817.36	-0.00346587
5815.43	-0.00337116
5813.5	-0.00325324
5811.57	-0.00336741
5809.65	-0.00341745
5807.72	-0.0032886
5805.79	-0.00329784
5803.86	-0.0034326
5801.93	-0.00351235
5800	-0.00342794
5798.08	-0.00325078
5796.15	-0.00319184
5794.22	-0.00329619
5792.29	-0.00341143
5790.36	-0.00336567
5788.44	-0.00331947
5786.51	-0.00333131
5784.58	-0.00346814
5782.65	-0.00347807
5780.72	-0.00331408
5778.8	-0.00327672
5776.87	-0.00340716
5774.94	-0.00346209
5773.01	-0.00349463
5771.08	-0.00345962
5769.16	-0.0034257
5767.23	-0.00348852
5765.3	-0.00334213
5763.37	-0.00320342
5761.44	-0.00320628
5759.52	-0.00329853
5757.59	-0.00336222
5755.66	-0.00341801
5753.73	-0.00338066
5751.8	-0.00331855
5749.88	-0.00332322
5747.95	-0.00335071
5746.02	-0.00331921
5744.09	-0.0033244
5742.16	-0.00334403
5740.24	-0.00335544
5738.31	-0.00330987
5736.38	-0.0033151
5734.45	-0.00334384
5732.52	-0.00330934
5730.6	-0.00326604
5728.67	-0.00327011
5726.74	-0.00321871
5724.81	-0.00325104
5722.88	-0.00332319
5720.96	-0.00335995
5719.03	-0.00333644
5717.1	-0.00334762
5715.17	-0.00333627
5713.24	-0.00322545
5711.32	-0.00325683
5709.39	-0.00335699
5707.46	-0.00342412
5705.53	-0.00342356
5703.6	-0.00334075
5701.68	-0.00319358
5699.75	-0.00323371
5697.82	-0.00330201
5695.89	-0.00339529
5693.96	-0.00345042
5692.03	-0.0033246
5690.11	-0.00325361
5688.18	-0.00331737
5686.25	-0.00332108
5684.32	-0.00336176
5682.4	-0.00337984
5680.47	-0.0032419
5678.54	-0.00324292
5676.61	-0.0034495
5674.68	-0.00352474
5672.75	-0.00333309
5670.83	-0.00327051
5668.9	-0.00335015
5666.97	-0.00330606
5665.04	-0.00329517
5663.11	-0.00329405
5661.19	-0.00330951
5659.26	-0.00331454
5657.33	-0.00339161
5655.4	-0.00342659
5653.47	-0.00342176
5651.55	-0.00337711
5649.62	-0.00329277
5647.69	-0.00331382
5645.76	-0.00338155
5643.83	-0.00336659
5641.91	-0.00330951
5639.98	-0.00320657
5638.05	-0.00320151
5636.12	-0.00335117
5634.19	-0.00342241
5632.27	-0.00344066
5630.34	-0.00343497
5628.41	-0.00329662
5626.48	-0.00314243
5624.55	-0.00319631
5622.63	-0.0031649
5620.7	-0.00326459
5618.77	-0.00335903
5616.84	-0.00331882
5614.91	-0.00331875
5612.99	-0.00338313
5611.06	-0.00343892
5609.13	-0.00348112
5607.2	-0.00335945
5605.27	-0.00329323
5603.35	-0.0034021
5601.42	-0.00335817
5599.49	-0.00331937
5597.56	-0.00339345
5595.63	-0.0034307
5593.71	-0.00336294
5591.78	-0.00333634
5589.85	-0.00336721
5587.92	-0.00336406
5585.99	-0.00335396
5584.07	-0.00333983
5582.14	-0.00327764
5580.21	-0.00328948
5578.28	-0.00332424
5576.35	-0.00333746
5574.43	-0.00331405
5572.5	-0.00340913
5570.57	-0.0034758
5568.64	-0.00338494
5566.71	-0.00330274
5564.79	-0.0033631
5562.86	-0.00339858
5560.93	-0.00340338
5559	-0.00340292
5557.07	-0.00338451
5555.14	-0.00327505
5553.22	-0.00324887
5551.29	-0.00341032
5549.36	-0.00352017
5547.43	-0.0034824
5545.5	-0.003478
5543.58	-0.00342468
5541.65	-0.00332848
5539.72	-0.00330211
5537.79	-0.00339401
5535.86	-0.00345746
5533.94	-0.00341847
5532.01	-0.00344888
5530.08	-0.00351662
5528.15	-0.00346104
5526.22	-0.0033874
5524.3	-0.00338687
5522.37	-0.00337409
5520.44	-0.00339726
5518.51	-0.00348724
5516.58	-0.00350367
5514.66	-0.00345496
5512.73	-0.00340907
5510.8	-0.00337399
5508.87	-0.00340999
5506.94	-0.00340492
5505.02	-0.00337356
5503.09	-0.00340611
5501.16	-0.00348201
5499.23	-0.00356736
5497.3	-0.00355524
5495.38	-0.00340887
5493.45	-0.00338724
5491.52	-0.00341005
5489.59	-0.00347882
5487.66	-0.00348056
5485.74	-0.00352093
5483.81	-0.0035276
5481.88	-0.00353286
5479.95	-0.0035156
5478.02	-0.00346814
5476.1	-0.0034684
5474.17	-0.00348694
5472.24	-0.00342787
5470.31	-0.00345811
5468.38	-0.00354419
5466.46	-0.00354955
5464.53	-0.00342945
5462.6	-0.00338145
5460.67	-0.00343543
5458.74	-0.00347945
5456.82	-0.00349026
5454.89	-0.00343928
5452.96	-0.00346156
5451.03	-0.00346101
5449.1	-0.00341715
5447.17	-0.0034611
5445.25	-0.00349555
5443.32	-0.00351918
5441.39	-0.00360647
5439.46	-0.00352901
5437.54	-0.00344861
5435.61	-0.00356128
5433.68	-0.00360325
5431.75	-0.00356125
5429.82	-0.0035787
5427.89	-0.00357854
5425.97	-0.00351734
5424.04	-0.00353726
5422.11	-0.00360052
5420.18	-0.00357045
5418.25	-0.0035042
5416.33	-0.00349844
5414.4	-0.00363098
5412.47	-0.0036202
5410.54	-0.00345884
5408.61	-0.00335561
5406.69	-0.00339973
5404.76	-0.00352993
5402.83	-0.00358373
5400.9	-0.00359668
5398.97	-0.00356703
5397.05	-0.00353499
5395.12	-0.00357055
5393.19	-0.00355626
5391.26	-0.00354163
5389.33	-0.00353713
5387.41	-0.00349989
5385.48	-0.00355708
5383.55	-0.00359464
5381.62	-0.00356575
5379.69	-0.00357538
5377.77	-0.003611
5375.84	-0.00356243
5373.91	-0.00350883
5371.98	-0.00353907
5370.05	-0.00353989
5368.13	-0.00357341
5366.2	-0.00361833
5364.27	-0.00360371
5362.34	-0.00365973
5360.41	-0.00365079
5358.49	-0.00351938
5356.56	-0.00352747
5354.63	-0.0035368
5352.7	-0.0035438
5350.77	-0.00353384
5348.85	-0.00358958
5346.92	-0.00360634
5344.99	-0.00346788
5343.06	-0.00346725
5341.13	-0.00355905
5339.21	-0.00358922
5337.28	-0.0035458
5335.35	-0.00352832
5333.42	-0.00356135
5331.49	-0.00355662
5329.56	-0.00358711
5327.64	-0.00353341
5325.71	-0.00347251
5323.78	-0.00344585
5321.85	-0.00346469
5319.92	-0.00347159
5318	-0.00344003
5316.07	-0.00338832
5314.14	-0.00335041
5312.21	-0.00339463
5310.28	-0.00346482
5308.36	-0.00346748
5306.43	-0.00339582
5304.5	-0.00327653
5302.57	-0.00328475
5300.64	-0.00330994
5298.72	-0.00333006
5296.79	-0.00328567
5294.86	-0.00326903
5292.93	-0.00324565
5291	-0.00318355
5289.08	-0.00319924
5287.15	-0.00324815
5285.22	-0.00319013
5283.29	-0.0031024
5281.36	-0.00310987
5279.44	-0.00309253
5277.51	-0.00300899
5275.58	-0.00299389
5273.65	-0.00298889
5271.72	-0.0030768
5269.8	-0.00307736
5267.87	-0.00304489
5265.94	-0.00304466
5264.01	-0.00297049
5262.08	-0.00293643
5260.16	-0.00287518
5258.23	-0.00281194
5256.3	-0.00285632
5254.37	-0.00283657
5252.44	-0.00281086
5250.52	-0.0027621
5248.59	-0.00275802
5246.66	-0.00272463
5244.73	-0.00265732
5242.8	-0.00268953
5240.88	-0.0026176
5238.95	-0.0025734
5237.02	-0.00257442
5235.09	-0.00252745
5233.16	-0.00246011
5231.24	-0.00239955
5229.31	-0.00228668
5227.38	-0.00226578
5225.45	-0.00223621
5223.52	-0.00213464
5221.6	-0.00204046
5219.67	-0.00194989
5217.74	-0.00195352
5215.81	-0.0018313
5213.88	-0.00171177
5211.96	-0.00171276
5210.03	-0.00177226
5208.1	-0.00171775
5206.17	-0.00165253
5204.24	-0.00152949
5202.31	-0.00145869
5200.39	-0.00140159
5198.46	-0.00133851
5196.53	-0.00131033
5194.6	-0.00129107
5192.67	-0.00118134
5190.75	-0.00110758
5188.82	-0.00109694
5186.89	-0.0010185
5184.96	-0.000850248
5183.03	-0.000745638
5181.11	-0.000712096
5179.18	-0.000636337
5177.25	-0.000567877
5175.32	-0.000497819
5173.39	-0.000386933
5171.47	-0.000360746
5169.54	-0.000370413
5167.61	-0.000252739
5165.68	-0.00010065
5163.75	-7.53071e-05
5161.83	-6.05317e-05
5159.9	3.59188e-05
5157.97	0.000183303
5156.04	0.000313395
5154.11	0.000390362
5152.19	0.000378191
5150.26	0.000388239
5148.33	0.000525028
5146.4	0.000647856
5144.47	0.00070769
5142.55	0.000743402
5140.62	0.000765872
5138.69	0.000789904
5136.76	0.000795946
5134.83	0.000941364
5132.91	0.00103495
5130.98	0.0011742
5129.05	0.00126222
5127.12	0.00128485
5125.19	0.00132556
5123.27	0.00129309
5121.34	0.0012783
5119.41	0.00133413
5117.48	0.00141614
5115.55	0.00147667
5113.62	0.0015326
5111.7	0.00159345
5109.77	0.00158215
5107.84	0.00150434
5105.91	0.00159698
5103.99	0.00162704
5102.06	0.00162422
5100.13	0.00175617
5098.2	0.0018706
5096.27	0.00190204
5094.34	0.00189875
5092.42	0.00190001
5090.49	0.00184071
5088.56	0.0018112
5086.63	0.00186344
5084.71	0.00184005
5082.78	0.00185359
5080.85	0.00197001
5078.92	0.00203941
5076.99	0.00209797
5075.06	0.00211742
5073.14	0.00210829
5071.21	0.00210277
5069.28	0.00213843
5067.35	0.00217156
5065.42	0.00230545
5063.5	0.00235328
5061.57	0.00232926
5059.64	0.00236378
5057.71	0.00231244
5055.78	0.00240196
5053.86	0.00262934
5051.93	0.0027503
5050	0.00271272
5048.07	0.00263614
5046.14	0.00269902
5044.22	0.00286645
5042.29	0.00287733
5040.36	0.00287993
5038.43	0.00300212
5036.5	0.0031086
5034.58	0.00315646
5032.65	0.00322956
5030.72	0.00339656
5028.79	0.00358548
5026.86	0.00371486
5024.94	0.00388653
5023.01	0.00402356
5021.08	0.00403914
5019.15	0.00403974
5017.22	0.00408369
5015.3	0.00412216
5013.37	0.00406861
5011.44	0.00394812
5009.51	0.00378003
5007.58	0.00357676
5005.66	0.0033418
5003.73	0.00312933
5001.8	0.00300683
4999.87	0.00295632
4997.94	0.00291846
4996.02	0.00281116
4994.09	0.00263054
4992.16	0.00253158
4990.23	0.00248546
4988.3	0.00242095
4986.38	0.00237327
4984.45	0.00228489
4982.52	0.00226847
4980.59	0.00236827
4978.66	0.00230238
4976.73	0.00218644
4974.81	0.00219916
4972.88	0.00225502
4970.95	0.00224096
4969.02	0.00214179
4967.09	0.00202703
4965.17	0.00192824
4963.24	0.0018704
4961.31	0.00191026
4959.38	0.00196927
4957.45	0.00188667
4955.53	0.00171984
4953.6	0.00164553
4951.67	0.00173052
4949.74	0.00179866
4947.81	0.00180538
4945.89	0.00180252
4943.96	0.0018272
4942.03	0.00179773
4940.1	0.00169889
4938.17	0.00160489
4936.25	0.00161384
4934.32	0.00163379
4932.39	0.00155255
4930.46	0.00151744
4928.53	0.00146906
4926.61	0.00141268
4924.68	0.00142917
4922.75	0.00141032
4920.82	0.00136807
4918.89	0.0012694
4916.97	0.0011444
4915.04	0.00115666
4913.11	0.00118214
4911.18	0.00116716
4909.25	0.00115081
4907.33	0.00114842
4905.4	0.00111065
4903.47	0.00105016
4901.54	0.000921341
4899.61	0.000838205
4897.69	0.00080056
4895.76	0.00078549
4893.83	0.000810784
4891.9	0.00076262
4889.97	0.000656915
4888.05	0.000591448
4886.12	0.000552364
4884.19	0.000510199
4882.26	0.000491523
4880.33	0.000451653
4878.41	0.00040449
4876.48	0.000356138
4874.55	0.000383
4872.62	0.00034294
4870.69	0.000233359
4868.77	0.000165536
4866.84	0.000167293
4864.91	0.000151118
4862.98	3.33341e-05
4861.05	-5.5496e-05
4859.12	-1.95155e-05
4857.2	2.10075e-05
4855.27	-4.72134e-05
4853.34	-4.99633e-05
4851.41	-7.55722e-05
4849.48	-0.000182464
4847.56	-0.000266349
4845.63	-0.000334359
4843.7	-0.000419109
4841.77	-0.000468064
4839.84	-0.000447741
4837.92	-0.000573668
4835.99	-0.000649207
4834.06	-0.000649505
4832.13	-0.000733829
4830.2	-0.00077921
4828.28	-0.000721094
4826.35	-0.000775737
4824.42	-0.000981216
4822.49	-0.00100736
4820.56	-0.000970405
4818.64	-0.00107691
4816.71	-0.00105853
4814.78	-0.00105632
4812.85	-0.00118121
4810.92	-0.0012093
4809	-0.0012166
4807.07	-0.00131664
4805.14	-0.00140205
4803.21	-0.0014962
4801.28	-0.00151615
4799.36	-0.00154296
4797.43	-0.00163153
4795.5	-0.00164375
4793.57	-0.00158499
4791.64	-0.00161625
4789.72	-0.00177098
4787.79	-0.00188026
4785.86	-0.00185855
4783.93	-0.00184258
4782	-0.00193248
4780.08	-0.00198733
4778.15	-0.00201748
4776.22	-0.00203324
4774.29	-0.00207694
4772.36	-0.00207878
4770.44	-0.00208614
4768.51	-0.00216059
4766.58	-0.0022103
4764.65	-0.00226878
4762.72	-0.00239451
4760.79	-0.0024359
4758.87	-0.00242509
4756.94	-0.00246249
4755.01	-0.00255436
4753.08	-0.00256744
4751.16	-0.0025877
4749.23	-0.00272891
4747.3	-0.00275482
4745.37	-0.00270688
4743.44	-0.00284433
4741.51	-0.00296207
4739.59	-0.00291352
4737.66	-0.00289371
4735.73	-0.00290569
4733.8	-0.0028919
4731.88	-0.00281665
4729.95	-0.0028447
4728.02	-0.00301044
4726.09	-0.0031147
4724.16	-0.00315786
4722.23	-0.00325874
4720.31	-0.00327863
4718.38	-0.00320914
4716.45	-0.00316901
4714.52	-0.00315237
4712.59	-0.00332523
4710.67	-0.00347054
4708.74	-0.00346804
4706.81	-0.00335087
4704.88	-0.00345762
4702.95	-0.0035693
4701.03	-0.00347665
4699.1	-0.00344174
4697.17	-0.00354216
4695.24	-0.00363601
4693.31	-0.00368158
4691.39	-0.00353088
4689.46	-0.00351527
4687.53	-0.00369544
4685.6	-0.00378174
4683.67	-0.00382165
4681.75	-0.00383265
4679.82	-0.00376443
4677.89	-0.00379925
4675.96	-0.00387843
4674.03	-0.00385321
4672.11	-0.00378404
4670.18	-0.00389659
4668.25	-0.00396591
4666.32	-0.00396052
4664.39	-0.00397385
4662.47	-0.00396003
4660.54	-0.00401272
4658.61	-0.00404634
4656.68	-0.00406623
4654.75	-0.0040406
4652.83	-0.00404227
4650.9	-0.00406607
4648.97	-0.00405704
4647.04	-0.00408484
4645.11	-0.00410506
4643.19	-0.0041413
4641.26	-0.00422311
4639.33	-0.00421746
4637.4	-0.00422196
4635.47	-0.00418419
4633.54	-0.00422885
4631.62	-0.0043386
4629.69	-0.00429565
4627.76	-0.00424877
4625.83	-0.0043528
4623.9	-0.00438354
4621.98	-0.0043304
4620.05	-0.00424316
4618.12	-0.00420027
4616.19	-0.0042176
4614.26	-0.00430195
4612.34	-0.00444139
4610.41	-0.00449137
4608.48	-0.00436842
4606.55	-0.00432879
4604.62	-0.00444805
4602.7	-0.00447426
4600.77	-0.00443982
4598.84	-0.00436012
4596.91	-0.00438468
4594.98	-0.00440131
4593.06	-0.00440355
4591.13	-0.00443621
4589.2	-0.00446461
4587.27	-0.00454732
4585.34	-0.00454286
4583.42	-0.00451925
4581.49	-0.00450669
4579.56	-0.00447481
4577.63	-0.00447288
4575.7	-0.00445615
4573.78	-0.00445087
4571.85	-0.00444458
4569.92	-0.00445851
4567.99	-0.00447006
4566.06	-0.0044164
4564.14	-0.00432915
4562.21	-0.00432423
4560.28	-0.00433932
4558.35	-0.00425595
4556.42	-0.00413332
4554.5	-0.00409325
4552.57	-0.00413726
4550.64	-0.00416873
4548.71	-0.00413024
4546.78	-0.00405609
4544.86	-0.00389232
4542.93	-0.00383669
4541	-0.00379278
4539.07	-0.00374975
4537.14	-0.00376279
4535.22	-0.00381817
4533.29	-0.00388464
4531.36	-0.00386907
4529.43	-0.00383439
4527.5	-0.0038022
4525.58	-0.00383968
4523.65	-0.00389823
4521.72	-0.0039754
4519.79	-0.0041006
4517.86	-0.00409233
4515.94	-0.00401883
4514.01	-0.00400015
4512.08	-0.00409298
4510.15	-0.00415219
4508.22	-0.00419151
4506.29	-0.00425251
4504.37	-0.00431035
4502.44	-0.00431731
4500.51	-0.00432521
4498.58	-0.00439977
4496.65	-0.00455817
4494.73	-0.00465387
4492.8	-0.00459059
4490.87	-0.00448747
4488.94	-0.00441771
4487.01	-0.00459168
4485.09	-0.00474581
4483.16	-0.00468783
4481.23	-0.00466934
4479.3	-0.0047107
4477.37	-0.00475112
4475.45	-0.0047776
4473.52	-0.00477553
4471.59	-0.00481538
4469.66	-0.00489765
4467.73	-0.00486971
4465.81	-0.00488409
4463.88	-0.00492933
4461.95	-0.00485578
4460.02	-0.00478232
4458.09	-0.00482557
4456.17	-0.00492334
4454.24	-0.00500966
4452.31	-0.00503596
4450.38	-0.00501932
4448.45	-0.00502511
4446.53	-0.00495715
4444.6	-0.00491305
4442.67	-0.00496445
4440.74	-0.00487298
4438.81	-0.00478451
4436.89	-0.00492305
4434.96	-0.00501237
4433.03	-0.0049163
4431.1	-0.00489536
4429.17	-0.00498037
4427.25	-0.00499138
4425.32	-0.00491449
4423.39	-0.00485798
4421.46	-0.00485303
4419.53	-0.00487924
4417.61	-0.00488792
4415.68	-0.0048738
4413.75	-0.00491056
4411.82	-0.00489982
4409.89	-0.00486381
4407.96	-0.00485604
4406.04	-0.00495295
4404.11	-0.00504133
4402.18	-0.00499213
4400.25	-0.00494496
4398.33	-0.00497471
4396.4	-0.00502515
4394.47	-0.00500104
4392.54	-0.00499292
4390.61	-0.00501224
4388.68	-0.00500193
4386.76	-0.00499203
4384.83	-0.00497061
4382.9	-0.00496128
4380.97	-0.00501585
4379.04	-0.00497618
4377.12	-0.004956
4375.19	-0.00497854
4373.26	-0.00498247
4371.33	-0.00497448
4369.4	-0.00495708
4367.48	-0.00482354
4365.55	-0.0047484
4363.62	-0.00487253
4361.69	-0.00489765
4359.76	-0.00482993
4357.84	-0.00486427
4355.91	-0.00488416
4353.98	-0.00490702
4352.05	-0.00490801
4350.12	-0.00486168
4348.2	-0.00486263
4346.27	-0.00479005
4344.34	-0.0047444
4342.41	-0.0048357
4340.48	-0.0048913
4338.56	-0.00493395
4336.63	-0.00498512
4334.7	-0.00494476
4332.77	-0.00489828
4330.84	-0.00485149
4328.92	-0.00485254
4326.99	-0.0049316
4325.06	-0.00490182
4323.13	-0.00489805
4321.2	-0.00488429
4319.28	-0.00477887
4317.35	-0.00476078
4315.42	-0.00473817
4313.49	-0.00471585
4311.56	-0.00473755
4309.64	-0.00472326
4307.71	-0.00474538
4305.78	-0.00483101
4303.85	-0.00481446
4301.92	-0.00476255
4300	-0.00474073
4298.07	-0.00467707
4296.14	-0.00461587
4294.21	-0.00467662
4292.28	-0.00472591
4290.35	-0.00473345
4288.43	-0.00476832
4286.5	-0.00475295
4284.57	-0.00472942
4282.64	-0.00470556
4280.71	-0.00462902
4278.79	-0.00471569
4276.86	-0.00476131
4274.93	-0.00473306
4273	-0.0046497
4271.07	-0.00466462
4269.15	-0.00467052
4267.22	-0.0047442
4265.29	-0.00476842
4263.36	-0.00471726
4261.43	-0.00461843
4259.51	-0.00448895
4257.58	-0.00461043
4255.65	-0.00463108
4253.72	-0.00461036
4251.79	-0.00466655
4249.87	-0.00465895
4247.94	-0.00458158
4246.01	-0.00447629
4244.08	-0.00456118
4242.15	-0.00459659
4240.23	-0.00450744
4238.3	-0.0045882
4236.37	-0.00462967
4234.44	-0.00456997
4232.51	-0.00452335
4230.59	-0.00452489
4228.66	-0.00460141
4226.73	-0.00461151
4224.8	-0.00450649
4222.87	-0.00450708
4220.95	-0.00452502
4219.02	-0.00455007
4217.09	-0.00468393
4215.16	-0.00464141
4213.23	-0.00460086
4211.31	-0.00455817
4209.38	-0.00452908
4207.45	-0.00451679
4205.52	-0.00456315
4203.59	-0.00452482
4201.67	-0.00444766
4199.74	-0.0044024
4197.81	-0.00440437
4195.88	-0.00446537
4193.95	-0.00453577
4192.03	-0.00453518
4190.1	-0.00452361
4188.17	-0.00448327
4186.24	-0.00440227
4184.31	-0.00434988
4182.39	-0.0043817
4180.46	-0.00441502
4178.53	-0.00449888
4176.6	-0.0045445
4174.67	-0.00448501
4172.75	-0.00446914
4170.82	-0.00444103
4168.89	-0.0043861
4166.96	-0.00445461
4165.03	-0.00447616
4163.1	-0.00444146
4161.18	-0.00447462
4159.25	-0.00445871
4157.32	-0.00437215
4155.39	-0.00438961
4153.46	-0.00438216
4151.54	-0.00430956
4149.61	-0.00435493
4147.68	-0.00433876
4145.75	-0.00435218
4143.82	-0.00435208
4141.9	-0.00432367
4139.97	-0.00430418
4138.04	-0.00423728
4136.11	-0.0042256
4134.18	-0.00426596
4132.26	-0.00432784
4130.33	-0.00430599
4128.4	-0.00427042
4126.47	-0.00423318
4124.54	-0.00429076
4122.62	-0.00431803
4120.69	-0.00426908
4118.76	-0.00422531
4116.83	-0.00411337
4114.9	-0.00408468
4112.98	-0.00420365
4111.05	-0.00420847
4109.12	-0.00425668
4107.19	-0.0043303
4105.26	-0.00426826
4103.34	-0.0042721
4101.41	-0.00432695
4099.48	-0.00430271
4097.55	-0.00425021
4095.62	-0.0042297
4093.7	-0.00418911
4091.77	-0.00425677
4089.84	-0.00429083
4087.91	-0.00433213
4085.98	-0.00429368
4084.06	-0.00425674
4082.13	-0.00429323
4080.2	-0.00424883
4078.27	-0.00425579
4076.34	-0.00423279
4074.42	-0.00414648
4072.49	-0.00419945
4070.56	-0.00424027
4068.63	-0.00425215
4066.7	-0.00416991
4064.78	-0.0040985
4062.85	-0.00416525
4060.92	-0.00424719
4058.99	-0.00425674
4057.06	-0.00423197
4055.14	-0.00417474
4053.21	-0.00411445
4051.28	-0.00408586
4049.35	-0.00409515
4047.42	-0.00409295
4045.5	-0.0040746
4043.57	-0.00414445
4041.64	-0.0041431
4039.71	-0.00405412
4037.78	-0.00406873
4035.85	-0.00405885
4033.93	-0.00417274
4032	-0.00422294
4030.07	-0.00408586
4028.14	-0.00410808
4026.21	-0.00413424
4024.29	-0.00405396
4022.36	-0.00408714
4020.43	-0.00413004
4018.5	-0.00407572
4016.57	-0.00405638
4014.65	-0.00414025
4012.72	-0.0041047
4010.79	-0.00407135
4008.86	-0.00412167
4006.93	-0.00395517
4005.01	-0.00392871
4003.08	-0.00407999
4001.15	-0.00415177
3999.22	-0.00411537
3997.29	-0.00413719
3995.37	-0.00408084
3993.44	-0.00407043
3991.51	-0.00402221
3989.58	-0.00399729
3987.65	-0.00399076
3985.73	-0.00395606
3983.8	-0.0039442
3981.87	-0.00406663
3979.94	-0.00400954
3978.01	-0.00404207
3976.09	-0.00408757
3974.16	-0.00409791
3972.23	-0.00413756
3970.3	-0.00409279
3968.37	-0.00407546
3966.45	-0.0040768
3964.52	-0.00402313
3962.59	-0.00404007
3960.66	-0.00410483
3958.73	-0.00409879
3956.81	-0.00411136
3954.88	-0.00411714
3952.95	-0.00408268
3951.02	-0.00405313
3949.09	-0.00397661
3947.17	-0.0039993
3945.24	-0.00410533
3943.31	-0.00409607
3941.38	-0.00408783
3939.45	-0.00410355
3937.53	-0.00409669
3935.6	-0.00413496
3933.67	-0.00419568
3931.74	-0.00415213
3929.81	-0.00416824
3927.88	-0.00418931
3925.96	-0.00421008
3924.03	-0.00421848
3922.1	-0.00417773
3920.17	-0.00420178
3918.24	-0.00413106
3916.32	-0.00408868
3914.39	-0.00416181
3912.46	-0.00419505
3910.53	-0.00414973
3908.6	-0.00418212
3906.68	-0.00433781
3904.75	-0.00434545
3902.82	-0.00430599
3900.89	-0.00430513
3898.96	-0.00427354
3897.04	-0.00416617
3895.11	-0.00415206
3893.18	-0.00414218
3891.25	-0.00414409
3889.32	-0.00417674
3887.4	-0.00429939
3885.47	-0.00421093
3883.54	-0.00408038
3881.61	-0.00411376
3879.68	-0.00412797
3877.76	-0.00416096
3875.83	-0.00410802
3873.9	-0.00410506
3871.97	-0.00425064
3870.04	-0.00415922
3868.12	-0.00405281
3866.19	-0.00406968
3864.26	-0.00403859
3862.33	-0.00401016
3860.4	-0.00400396
3858.48	-0.00412535
3856.55	-0.00441502
3854.62	-0.00451974
3852.69	-0.00423856
3850.76	-0.00408402
3848.84	-0.00395688
3846.91	-0.00393261
3844.98	-0.00401463
3843.05	-0.00399601
3841.12	-0.00403935
3839.2	-0.00417389
3837.27	-0.00419151
3835.34	-0.00404962
3833.41	-0.00393445
3831.48	-0.00392545
3829.56	-0.00386165
3827.63	-0.00378549
3825.7	-0.00379022
3823.77	-0.00387226
3821.84	-0.00381406
3819.92	-0.00372136
3817.99	-0.00381028
3816.06	-0.00380657
3814.13	-0.00371716
3812.2	-0.00370556
3810.27	-0.00366075
3808.35	-0.00371795
3806.42	-0.00370829
3804.49	-0.00372363
3802.56	-0.00381196
3800.64	-0.00368848
3798.71	-0.00359806
3796.78	-0.00352079
3794.85	-0.00351744
3792.92	-0.00352878
3790.99	-0.00346258
3789.07	-0.0034136
3787.14	-0.00336192
3785.21	-0.0032315
3783.28	-0.00317743
3781.35	-0.00321717
3779.43	-0.00322348
3777.5	-0.00317108
3775.57	-0.00312845
3773.64	-0.00328491
3771.71	-0.00331701
3769.79	-0.00308082
3767.86	-0.003031
3765.93	-0.00298803
3764	-0.00283956
3762.07	-0.00288903
3760.15	-0.00290138
3758.22	-0.00288281
3756.29	-0.00283512
3754.36	-0.0029127
3752.43	-0.00288436
3750.51	-0.00274975
3748.58	-0.00268521
3746.65	-0.00286603
3744.72	-0.00272417
3742.79	-0.00239201
3740.87	-0.00238499
3738.94	-0.00241471
3737.01	-0.00230916
3735.08	-0.00213444
3733.15	-0.00211825
3731.23	-0.00201998
3729.3	-0.00195821
3727.37	-0.00184855
3725.44	-0.00182948
3723.51	-0.00180378
3721.59	-0.00174864
3719.66	-0.00160347
3717.73	-0.00150571
3715.8	-0.001655
3713.87	-0.00172276
3711.95	-0.00160905
3710.02	-0.00144069
3708.09	-0.00131766
3706.16	-0.00116789
3704.23	-0.00107737
3702.31	-0.00105553
3700.38	-0.000804577
3698.45	-0.000631208
3696.52	-0.00055795
3694.59	-0.000397029
3692.67	-0.000227074
3690.74	-0.000117908
3688.81	5.25206e-05
3686.88	0.000313561
3684.95	0.000585542
3683.02	0.000867553
3681.1	0.00102771
3679.17	0.0010676
3677.24	0.00124075
3675.31	0.00151993
3673.38	0.00162967
3671.46	0.00179786
3669.53	0.00217172
3667.6	0.00255514
3665.67	0.00300583
3663.74	0.00327573
3661.82	0.00359804
3659.89	0.0039414
3657.96	0.0040958
3656.03	0.00444136
3654.1	0.0049751
3652.18	0.00539126
3650.25	0.00570717
3648.32	0.00611224
3646.39	0.00668512
3644.46	0.00731928
3642.54	0.00781211
3640.61	0.00833242
3638.68	0.00884899
3636.75	0.00941151
3634.82	0.0101029
3632.9	0.0107345
3630.97	0.0112948
3629.04	0.0122578
3627.11	0.0132875
3625.18	0.0142071
3623.26	0.015026
3621.33	0.0158601
3619.4	0.0167808
3617.47	0.0176728
3615.54	0.018674
3613.62	0.0198744
3611.69	0.0209646
3609.76	0.0220675
3607.83	0.0233764
3605.9	0.0247425
3603.98	0.0260831
3602.05	0.0273493
3600.12	0.0287457
3598.19	0.030358
3596.26	0.0320405
3594.34	0.0336928
3592.41	0.0354158
3590.48	0.0370468
3588.55	0.0388533
3586.62	0.0408925
3584.7	0.0429946
3582.77	0.0452799
3580.84	0.0475401
3578.91	0.0497791
3576.98	0.0522429
3575.05	0.0549455
3573.13	0.0576327
3571.2	0.060246
3569.27	0.062994
3567.34	0.066011
3565.42	0.069238
3563.49	0.0727164
3561.56	0.0761394
3559.63	0.0796632
3557.7	0.0834412
3555.77	0.0873755
3553.85	0.0915563
3551.92	0.095934
3549.99	0.10053
3548.06	0.105417
3546.13	0.110457
3544.21	0.11572
3542.28	0.121106
3540.35	0.126801
3538.42	0.132681
3536.49	0.138933
3534.57	0.145545
3532.64	0.152299
3530.71	0.15932
3528.78	0.166755
3526.85	0.174455
3524.93	0.182268
3523	0.190358
3521.07	0.19886
3519.14	0.207553
3517.21	0.216476
3515.29	0.225728
3513.36	0.235271
3511.43	0.244892
3509.5	0.254836
3507.57	0.265064
3505.65	0.275289
3503.72	0.285556
3501.79	0.29589
3499.86	0.306511
3497.93	0.31716
3496.01	0.327479
3494.08	0.337809
3492.15	0.348047
3490.22	0.358043
3488.29	0.367788
3486.37	0.377094
3484.44	0.38585
3482.51	0.394391
3480.58	0.402402
3478.65	0.409856
3476.73	0.416822
3474.8	0.423242
3472.87	0.428976
3470.94	0.433935
3469.01	0.438129
3467.09	0.442
3465.16	0.44525
3463.23	0.447779
3461.3	0.449754
3459.37	0.450878
3457.44	0.451651
3455.52	0.45221
3453.59	0.452316
3451.66	0.452071
3449.73	0.451294
3447.81	0.450222
3445.88	0.449066
3443.95	0.447565
3442.02	0.445557
3440.09	0.443525
3438.16	0.441549
3436.24	0.439285
3434.31	0.437001
3432.38	0.434814
3430.45	0.432026
3428.52	0.429209
3426.6	0.42679
3424.67	0.4242
3422.74	0.421401
3420.81	0.41838
3418.88	0.415607
3416.96	0.412806
3415.03	0.409783
3413.1	0.406832
3411.17	0.403983
3409.24	0.401523
3407.32	0.39926
3405.39	0.396979
3403.46	0.39478
3401.53	0.392789
3399.6	0.391013
3397.68	0.389116
3395.75	0.387485
3393.82	0.385963
3391.89	0.384462
3389.96	0.38296
3388.04	0.38158
3386.11	0.380376
3384.18	0.379012
3382.25	0.377681
3380.32	0.376811
3378.4	0.375878
3376.47	0.374925
3374.54	0.373924
3372.61	0.373013
3370.68	0.372336
3368.76	0.371326
3366.83	0.370555
3364.9	0.369818
3362.97	0.36889
3361.04	0.368058
3359.12	0.367402
3357.19	0.366633
3355.26	0.365804
3353.33	0.364924
3351.4	0.364368
3349.48	0.363742
3347.55	0.363028
3345.62	0.362338
3343.69	0.361721
3341.76	0.361051
3339.83	0.360556
3337.91	0.360004
3335.98	0.359343
3334.05	0.35861
3332.12	0.358098
3330.19	0.357545
3328.27	0.356869
3326.34	0.356571
3324.41	0.35608
3322.48	0.355537
3320.55	0.355373
3318.63	0.354937
3316.7	0.354354
3314.77	0.353676
3312.84	0.353328
3310.91	0.353452
3308.99	0.353415
3307.06	0.353177
3305.13	0.35299
3303.2	0.353039
3301.27	0.353163
3299.35	0.353433
3297.42	0.3538
3295.49	0.354015
3293.56	0.354543
3291.63	0.355051
3289.71	0.355261
3287.78	0.35595
3285.85	0.35681
3283.92	0.357523
3281.99	0.358431
3280.07	0.359507
3278.14	0.36057
3276.21	0.361575
3274.28	0.362986
3272.35	0.364403
3270.43	0.365919
3268.5	0.367535
3266.57	0.369113
3264.64	0.370898
3262.71	0.372337
3260.79	0.373584
3258.86	0.375383
3256.93	0.377538
3255	0.379071
3253.07	0.380836
3251.15	0.382975
3249.22	0.384754
3247.29	0.386653
3245.36	0.388402
3243.43	0.389836
3241.51	0.391489
3239.58	0.39321
3237.65	0.394971
3235.72	0.396591
3233.79	0.398159
3231.87	0.399962
3229.94	0.401662
3228.01	0.402882
3226.08	0.404121
3224.15	0.405673
3222.22	0.407213
3220.3	0.408605
3218.37	0.410082
3216.44	0.411406
3214.51	0.412448
3212.58	0.413332
3210.66	0.414399
3208.73	0.415376
3206.8	0.416005
3204.87	0.41688
3202.94	0.41776
3201.02	0.418341
3199.09	0.418795
3197.16	0.419187
3195.23	0.419764
3193.3	0.420379
3191.38	0.420738
3189.45	0.421233
3187.52	0.421742
3185.59	0.421799
3183.66	0.421838
3181.74	0.422107
3179.81	0.422065
3177.88	0.422105
3175.95	0.42215
3174.02	0.421863
3172.1	0.421736
3170.17	0.421606
3168.24	0.42117
3166.31	0.420485
3164.38	0.42002
3162.46	0.419779
3160.53	0.419038
3158.6	0.418328
3156.67	0.41744
3154.74	0.416342
3152.82	0.415419
3150.89	0.414197
3148.96	0.412592
3147.03	0.411059
3145.1	0.409618
3143.18	0.408001
3141.25	0.405683
3139.32	0.403367
3137.39	0.401156
3135.46	0.398716
3133.54	0.395956
3131.61	0.392962
3129.68	0.390171
3127.75	0.387078
3125.82	0.383398
3123.9	0.379628
3121.97	0.375731
3120.04	0.371424
3118.11	0.367026
3116.18	0.362149
3114.26	0.357197
3112.33	0.352164
3110.4	0.34659
3108.47	0.340634
3106.54	0.334655
3104.61	0.328545
3102.69	0.322117
3100.76	0.315418
3098.83	0.308658
3096.9	0.301643
3094.98	0.294218
3093.05	0.28659
3091.12	0.27894
3089.19	0.271247
3087.26	0.263453
3085.33	0.255434
3083.41	0.247389
3081.48	0.239363
3079.55	0.231102
3077.62	0.223184
3075.69	0.215257
3073.77	0.207352
3071.84	0.20003
3069.91	0.192818
3067.98	0.185345
3066.05	0.17818
3064.13	0.17136
3062.2	0.164978
3060.27	0.158781
3058.34	0.152648
3056.41	0.14689
3054.49	0.141499
3052.56	0.136277
3050.63	0.131227
3048.7	0.126517
3046.77	0.122018
3044.85	0.117601
3042.92	0.113483
3040.99	0.109566
3039.06	0.105823
3037.13	0.102315
3035.21	0.0990679
3033.28	0.0959962
3031.35	0.0929307
3029.42	0.0900707
3027.49	0.0874318
3025.57	0.0849435
3023.64	0.0825719
3021.71	0.0800808
3019.78	0.0777135
3017.85	0.0758557
3015.93	0.0740503
3014	0.0721414
3012.07	0.070496
3010.14	0.0689725
3008.21	0.0672664
3006.29	0.0656825
3004.36	0.0643668
3002.43	0.0630954
3000.5	0.0619815
2998.57	0.0608575
2996.65	0.0597081
2994.72	0.0585142
2992.79	0.0573784
2990.86	0.0564759
2988.93	0.0555402
2987	0.0544932
2985.08	0.0537464
2983.15	0.0532018
2981.22	0.0525442
2979.29	0.0517167
2977.36	0.0510158
2975.44	0.0504819
2973.51	0.0498947
2971.58	0.049193
2969.65	0.0486234
2967.72	0.0482663
2965.8	0.0477797
2963.87	0.0473176
2961.94	0.0468985
2960.01	0.0462269
2958.08	0.0456821
2956.16	0.0452714
2954.23	0.0449737
2952.3	0.0446664
2950.37	0.0442229
2948.44	0.0439155
2946.52	0.0434887
2944.59	0.0430542
2942.66	0.0427201
2940.73	0.0424348
2938.8	0.0421656
2936.88	0.0419385
2934.95	0.0417148
2933.02	0.0414216
2931.09	0.0411721
2929.16	0.0409115
2927.24	0.0405454
2925.31	0.0402643
2923.38	0.0400128
2921.45	0.0397812
2919.52	0.0396368
2917.6	0.0395029
2915.67	0.0392926
2913.74	0.039038
2911.81	0.0387211
2909.88	0.0384494
2907.96	0.0381422
2906.03	0.0377481
2904.1	0.0375055
2902.17	0.0373226
2900.24	0.0370751
2898.32	0.0368525
2896.39	0.0365706
2894.46	0.0363842
2892.53	0.0360586
2890.6	0.0357042
2888.68	0.0355528
2886.75	0.0351683
2884.82	0.034795
2882.89	0.0345623
2880.96	0.0344415
2879.04	0.0342513
2877.11	0.0340454
2875.18	0.0338453
2873.25	0.0337081
2871.32	0.0335951
2869.39	0.0332868
2867.47	0.0328155
2865.54	0.0324119
2863.61	0.0321067
2861.68	0.0320368
2859.75	0.0319186
2857.83	0.0316563
2855.9	0.0310801
2853.97	0.0305884
2852.04	0.0303048
2850.11	0.0301826
2848.19	0.0299514
2846.26	0.0295277
2844.33	0.0292324
2842.4	0.028913
2840.47	0.028522
2838.55	0.0282945
2836.62	0.0280398
2834.69	0.0277547
2832.76	0.0275433
2830.83	0.0272556
2828.91	0.0269155
2826.98	0.0267517
2825.05	0.0265708
2823.12	0.0262176
2821.19	0.0257064
2819.27	0.0251422
2817.34	0.0251212
2815.41	0.025044
2813.48	0.0246551
2811.55	0.0243571
2809.63	0.0240994
2807.7	0.0237034
2805.77	0.0233703
2803.84	0.0231976
2801.91	0.0230651
2799.99	0.0226726
2798.06	0.0222366
2796.13	0.0219823
2794.2	0.0217687
2792.27	0.0215617
2790.35	0.0214635
2788.42	0.0213037
2786.49	0.0210021
2784.56	0.0207618
2782.63	0.0203787
2780.71	0.0199377
2778.78	0.0197525
2776.85	0.019794
2774.92	0.0197676
2772.99	0.01954
2771.06	0.0191828
2769.14	0.0187657
2767.21	0.0184233
2765.28	0.018014
2763.35	0.0177324
2761.43	0.0177009
2759.5	0.0175264
2757.57	0.0171998
2755.64	0.0169586
2753.71	0.0168848
2751.78	0.0165931
2749.86	0.0162382
2747.93	0.0159577
2746	0.0157162
2744.07	0.0154082
2742.15	0.0151627
2740.22	0.0150485
2738.29	0.0149427
2736.36	0.0147095
2734.43	0.0144903
2732.5	0.0144865
2730.58	0.0144939
2728.65	0.0143833
2726.72	0.0141464
2724.79	0.0137924
2722.86	0.0134872
2720.94	0.0134039
2719.01	0.013331
2717.08	0.0129737
2715.15	0.0125241
2713.22	0.0125147
2711.3	0.0126831
2709.37	0.0125887
2707.44	0.01232
2705.51	0.0121351
2703.58	0.0120793
2701.66	0.0121109
2699.73	0.0118986
2697.8	0.0118855
2695.87	0.0118879
2693.94	0.0115682
2692.02	0.0113067
2690.09	0.0112203
2688.16	0.0110701
2686.23	0.0109888
2684.3	0.0107355
2682.38	0.0105736
2680.45	0.010682
2678.52	0.0107465
2676.59	0.0106664
2674.66	0.0102817
2672.74	0.0102216
2670.81	0.0103572
2668.88	0.0102841
2666.95	0.0101139
2665.02	0.0100981
2663.1	0.00996775
2661.17	0.00983775
2659.24	0.0100591
2657.31	0.0100296
2655.38	0.00945306
2653.46	0.00917215
2651.53	0.00938798
2649.6	0.00980446
2647.67	0.0100756
2645.74	0.00982012
2643.81	0.00964653
2641.89	0.00962248
2639.96	0.00925284
2638.03	0.00916667
2636.1	0.00919876
2634.17	0.00925775
2632.25	0.00925981
2630.32	0.00917425
2628.39	0.0091394
2626.46	0.00930764
2624.53	0.00940863
2622.61	0.00956178
2620.68	0.00960151
2618.75	0.00960781
2616.82	0.00934762
2614.89	0.00945604
2612.97	0.00952868
2611.04	0.00938422
2609.11	0.00924492
2607.18	0.00911155
2605.25	0.00932525
2603.33	0.00961526
2601.4	0.00958217
2599.47	0.00950125
2597.54	0.00960656
2595.61	0.00965947
2593.69	0.00950972
2591.76	0.00945174
2589.83	0.00938575
2587.9	0.00930507
2585.97	0.009449
2584.05	0.00969959
2582.12	0.00961577
2580.19	0.00923741
2578.26	0.00913628
2576.33	0.00936855
2574.41	0.00951663
2572.48	0.00965341
2570.55	0.00980518
2568.62	0.00986988
2566.69	0.00993276
2564.77	0.0100547
2562.84	0.0101669
2560.91	0.0100603
2558.98	0.00993951
2557.05	0.00999355
2555.13	0.00990625
2553.2	0.0098674
2551.27	0.00997456
2549.34	0.0100206
2547.41	0.0100079
2545.49	0.00987842
2543.56	0.0100726
2541.63	0.0103919
2539.7	0.0101601
2537.77	0.0100691
2535.85	0.0102381
2533.92	0.010451
2531.99	0.0105455
2530.06	0.0103554
2528.13	0.0102754
2526.21	0.0102526
2524.28	0.00999375
2522.35	0.00999768
2520.42	0.0100991
2518.49	0.0103079
2516.56	0.0106853
2514.64	0.0108435
2512.71	0.0106458
2510.78	0.0107675
2508.85	0.0110545
2506.92	0.0111802
2505	0.0109269
2503.07	0.0105917
2501.14	0.0107299
2499.21	0.0110303
2497.28	0.0108679
2495.36	0.0106032
2493.43	0.0106915
2491.5	0.0109165
2489.57	0.0110455
2487.64	0.0110579
2485.72	0.0111926
2483.79	0.0113805
2481.86	0.0113495
2479.93	0.0114067
2478	0.0114453
2476.08	0.0114475
2474.15	0.011492
2472.22	0.0118108
2470.29	0.0117876
2468.36	0.0117898
2466.44	0.011474
2464.51	0.0110956
2462.58	0.0113903
2460.65	0.0116228
2458.72	0.0116476
2456.8	0.0117225
2454.87	0.0118592
2452.94	0.011965
2451.01	0.0120901
2449.08	0.0120464
2447.16	0.0121073
2445.23	0.0123317
2443.3	0.0124319
2441.37	0.0123398
2439.44	0.0123088
2437.52	0.0121854
2435.59	0.01227
2433.66	0.0125388
2431.73	0.0122732
2429.8	0.012032
2427.88	0.0121226
2425.95	0.0124214
2424.02	0.0126427
2422.09	0.0127625
2420.16	0.0130373
2418.24	0.0129651
2416.31	0.0124456
2414.38	0.0122316
2412.45	0.0126707
2410.52	0.0130701
2408.6	0.0133384
2406.67	0.0133884
2404.74	0.0130806
2402.81	0.0127052
2400.88	0.0127304
2398.95	0.0130144
2397.03	0.0130556
2395.1	0.0131855
2393.17	0.0135589
2391.24	0.0135667
2389.31	0.0134803
2387.39	0.0133654
2385.46	0.013435
2383.53	0.0135265
2381.6	0.0133604
2379.67	0.0139798
2377.75	0.0147222
2375.82	0.0144465
2373.89	0.0139802
2371.96	0.0136183
2370.03	0.0137594
2368.11	0.0139692
2366.18	0.0140485
2364.25	0.0143193
2362.32	0.0145761
2360.39	0.0146961
2358.47	0.014715
2356.54	0.0145765
2354.61	0.0146634
2352.68	0.014565
2350.75	0.0146636
2348.83	0.01525
2346.9	0.0156251
2344.97	0.0160087
2343.04	0.0167473
2341.11	0.0172367
2339.19	0.0160907
2337.26	0.0154309
2335.33	0.0154889
2333.4	0.0154249
2331.47	0.0152404
2329.55	0.0147743
2327.62	0.0144862
2325.69	0.0152041
2323.76	0.0157363
2321.83	0.0160998
2319.91	0.0157969
2317.98	0.0152539
2316.05	0.0150226
2314.12	0.0152115
2312.19	0.0157409
2310.27	0.0156721
2308.34	0.0152524
2306.41	0.0150477
2304.48	0.0147196
2302.55	0.0152699
2300.63	0.0153869
2298.7	0.0150094
2296.77	0.0149297
2294.84	0.0149052
2292.91	0.0146548
2290.98	0.0150323
2289.06	0.0156578
2287.13	0.0160459
2285.2	0.0153572
2283.27	0.014699
2281.35	0.0148344
2279.42	0.0152529
2277.49	0.0153674
2275.56	0.0153518
2273.63	0.0148078
2271.7	0.0145405
2269.78	0.0150696
2267.85	0.0158789
2265.92	0.0157316
2263.99	0.0152509
2262.06	0.0160745
2260.14	0.0161051
2258.21	0.0159613
2256.28	0.0164758
2254.35	0.0165361
2252.42	0.0160449
2250.5	0.0158556
2248.57	0.0161496
2246.64	0.0166231
2244.71	0.0167194
2242.78	0.016862
2240.86	0.0166864
2238.93	0.0162049
2237	0.0165579
2235.07	0.0168082
2233.14	0.0169482
2231.22	0.0167369
2229.29	0.0167948
2227.36	0.0171065
2225.43	0.0169209
2223.5	0.0171618
2221.58	0.0179853
2219.65	0.0173801
2217.72	0.0167701
2215.79	0.0163266
2213.86	0.0164343
2211.94	0.0172943
2210.01	0.017162
2208.08	0.0168391
2206.15	0.0164456
2204.22	0.0158306
2202.3	0.0160785
2200.37	0.015911
2198.44	0.0157273
2196.51	0.0161412
2194.58	0.0151945
2192.66	0.0145816
2190.73	0.0152407
2188.8	0.0153259
2186.87	0.0151508
2184.94	0.0151503
2183.02	0.0148914
2181.09	0.0141695
2179.16	0.0133222
2177.23	0.0126035
2175.3	0.0127291
2173.38	0.0125549
2171.45	0.0120914
2169.52	0.011539
2167.59	0.0112061
2165.66	0.0110285
2163.73	0.00970125
2161.81	0.00939716
2159.88	0.0098225
2157.95	0.00915205
2156.02	0.00768832
2154.09	0.00595718
2152.17	0.0058215
2150.24	0.00622711
2148.31	0.00555833
2146.38	0.00506597
2144.45	0.00491937
2142.53	0.00417374
2140.6	0.00294848
2138.67	0.00280502
2136.74	0.00222847
2134.81	0.000354712
2132.89	0.000209557
2130.96	0.000460907
2129.03	-0.000872503
2127.1	-0.00142673
2125.17	-0.00157297
2123.25	-0.00336028
2121.32	-0.00437816
2119.39	-0.00532025
2117.46	-0.00613088
2115.53	-0.00585915
2113.61	-0.0070598
2111.68	-0.00811881
2109.75	-0.0098361
2107.82	-0.0116251
2105.89	-0.0114095
2103.97	-0.0117425
2102.04	-0.0129459
2100.11	-0.0142743
2098.18	-0.0158703
2096.25	-0.0165477
2094.33	-0.017865
2092.4	-0.0198578
2090.47	-0.0214404
2088.54	-0.0237462
2086.61	-0.0254931
2084.69	-0.0265015
2082.76	-0.0292636
2080.83	-0.0312822
2078.9	-0.0315825
2076.97	-0.031771
2075.05	-0.0313253
2073.12	-0.0317623
2071.19	-0.0322455
2069.26	-0.0340546
2067.33	-0.0355643
2065.41	-0.0373443
2063.48	-0.0390542
2061.55	-0.0389957
2059.62	-0.0383907
2057.69	-0.0399178
2055.77	-0.0398913
2053.84	-0.0395079
2051.91	-0.0419725
2049.98	-0.0426961
2048.05	-0.0416774
2046.12	-0.0398767
2044.2	-0.0394672
2042.27	-0.0401805
2040.34	-0.0403089
2038.41	-0.0408678
2036.48	-0.039501
2034.56	-0.0402295
2032.63	-0.0407203
2030.7	-0.0407124
2028.77	-0.0398904
2026.84	-0.0398476
2024.92	-0.0405001
2022.99	-0.0402654
2021.06	-0.0374916
2019.13	-0.0388012
2017.2	-0.0408674
2015.28	-0.0409007
2013.35	-0.042986
2011.42	-0.042972
2009.49	-0.0414778
2007.56	-0.0406295
2005.64	-0.0408585
2003.71	-0.0403181
2001.78	-0.040477
