nAHl0494.spa, Thu Nov 02 03:16:45 2006 (GMT-10:00)
9999.26	0.00420696
9997.33	0.00520884
9995.4	0.00511777
9993.48	0.00484495
9991.55	0.00486512
9989.62	0.00418204
9987.69	0.00336504
9985.76	0.0035632
9983.84	0.00407336
9981.91	0.00411942
9979.98	0.0045736
9978.05	0.00526169
9976.12	0.00531059
9974.2	0.00547065
9972.27	0.00482806
9970.34	0.0044587
9968.41	0.00417424
9966.48	0.00371289
9964.56	0.00402483
9962.63	0.00481281
9960.7	0.00531592
9958.77	0.00497078
9956.84	0.00429694
9954.92	0.003664
9952.99	0.0037043
9951.06	0.00398343
9949.13	0.00436491
9947.2	0.00449338
9945.28	0.00466472
9943.35	0.00528657
9941.42	0.00519911
9939.49	0.00531401
9937.56	0.00530469
9935.64	0.00538992
9933.71	0.00486649
9931.78	0.0039432
9929.85	0.00438422
9927.92	0.00473261
9926	0.00453011
9924.07	0.0037546
9922.14	0.00434312
9920.21	0.00545843
9918.28	0.00560237
9916.36	0.00541381
9914.43	0.00513064
9912.5	0.00465256
9910.57	0.00421017
9908.64	0.00457273
9906.71	0.00484736
9904.79	0.00423279
9902.86	0.00429456
9900.93	0.00476531
9899	0.00549779
9897.08	0.00570764
9895.15	0.0054996
9893.22	0.00486615
9891.29	0.00493214
9889.36	0.00490684
9887.43	0.00456871
9885.51	0.00477633
9883.58	0.00465923
9881.65	0.00435878
9879.72	0.00413497
9877.79	0.00501284
9875.87	0.0056558
9873.94	0.00521098
9872.01	0.00520163
9870.08	0.00594536
9868.15	0.00627854
9866.23	0.0054333
9864.3	0.00507911
9862.37	0.00515938
9860.44	0.00487999
9858.51	0.00458043
9856.59	0.00462902
9854.66	0.00466392
9852.73	0.00507757
9850.8	0.00561093
9848.87	0.00589427
9846.95	0.00650867
9845.02	0.00688776
9843.09	0.0065524
9841.16	0.0063943
9839.23	0.00571415
9837.31	0.00547085
9835.38	0.00570421
9833.45	0.00549581
9831.52	0.00488204
9829.59	0.00530177
9827.67	0.0051638
9825.74	0.00506617
9823.81	0.00521994
9821.88	0.00490861
9819.95	0.0053284
9818.03	0.00552789
9816.1	0.00513175
9814.17	0.00598392
9812.24	0.0064324
9810.31	0.00634171
9808.39	0.00649522
9806.46	0.00620735
9804.53	0.00618301
9802.6	0.00617676
9800.67	0.00584668
9798.75	0.00546437
9796.82	0.00556672
9794.89	0.00544139
9792.96	0.00543501
9791.03	0.00562754
9789.11	0.00575672
9787.18	0.0057167
9785.25	0.00567997
9783.32	0.0054889
9781.39	0.00545568
9779.46	0.00582865
9777.54	0.00585897
9775.61	0.00585551
9773.68	0.00545592
9771.75	0.00444323
9769.83	0.00481546
9767.9	0.00507177
9765.97	0.00535846
9764.04	0.00571908
9762.11	0.00530663
9760.18	0.00568981
9758.26	0.00602945
9756.33	0.00582606
9754.4	0.00552773
9752.47	0.00583926
9750.54	0.00611751
9748.62	0.00612067
9746.69	0.00588675
9744.76	0.00559683
9742.83	0.00551655
9740.9	0.00573255
9738.98	0.0059591
9737.05	0.0062142
9735.12	0.0057999
9733.19	0.00523721
9731.26	0.00524713
9729.34	0.00562516
9727.41	0.0058223
9725.48	0.00563936
9723.55	0.00580293
9721.62	0.0066113
9719.7	0.00654769
9717.77	0.00640035
9715.84	0.00624422
9713.91	0.00562751
9711.98	0.00568769
9710.06	0.00581411
9708.13	0.00546746
9706.2	0.00588483
9704.27	0.00598631
9702.34	0.00575397
9700.42	0.00605485
9698.49	0.00618758
9696.56	0.00628779
9694.63	0.00617747
9692.7	0.00644336
9690.78	0.00673166
9688.85	0.0063795
9686.92	0.00632709
9684.99	0.00625219
9683.06	0.00558421
9681.14	0.00555155
9679.21	0.0061033
9677.28	0.00616443
9675.35	0.00576646
9673.42	0.00565077
9671.5	0.00560723
9669.57	0.00592091
9667.64	0.00647655
9665.71	0.0060656
9663.78	0.00546712
9661.86	0.005563
9659.93	0.00600815
9658	0.00605626
9656.07	0.0063831
9654.14	0.00682118
9652.21	0.00720263
9650.29	0.00683761
9648.36	0.00632635
9646.43	0.00625528
9644.5	0.00599115
9642.57	0.00599844
9640.65	0.00606271
9638.72	0.00591479
9636.79	0.00567672
9634.86	0.00517745
9632.93	0.0051523
9631.01	0.00531555
9629.08	0.00574749
9627.15	0.00632661
9625.22	0.00627965
9623.29	0.00610931
9621.37	0.00586596
9619.44	0.00567195
9617.51	0.00587724
9615.58	0.00572301
9613.65	0.00560277
9611.73	0.00573658
9609.8	0.00567423
9607.87	0.00562052
9605.94	0.00596367
9604.01	0.00633539
9602.09	0.00634221
9600.16	0.00651685
9598.23	0.0071865
9596.3	0.00737694
9594.37	0.00653202
9592.45	0.00579883
9590.52	0.00548561
9588.59	0.00561623
9586.66	0.00648432
9584.73	0.00636985
9582.81	0.00619925
9580.88	0.00638962
9578.95	0.00608814
9577.02	0.00607618
9575.09	0.00583986
9573.17	0.00582502
9571.24	0.00600381
9569.31	0.00598913
9567.38	0.00644679
9565.45	0.00622825
9563.53	0.00556561
9561.6	0.00574349
9559.67	0.00661881
9557.74	0.00643626
9555.81	0.00557387
9553.88	0.00521306
9551.96	0.00536818
9550.03	0.00592961
9548.1	0.00647884
9546.17	0.00650259
9544.25	0.00613378
9542.32	0.00579927
9540.39	0.0060778
9538.46	0.00623259
9536.53	0.00616644
9534.6	0.00616023
9532.68	0.00567262
9530.75	0.00598177
9528.82	0.00693792
9526.89	0.00683444
9524.96	0.00650151
9523.04	0.00609557
9521.11	0.0059285
9519.18	0.00574537
9517.25	0.00555464
9515.32	0.00602256
9513.4	0.00646519
9511.47	0.00665067
9509.54	0.00639204
9507.61	0.00633764
9505.68	0.00631428
9503.76	0.00609718
9501.83	0.00562193
9499.9	0.00559552
9497.97	0.00611798
9496.04	0.00640529
9494.12	0.00647343
9492.19	0.00609634
9490.26	0.00577959
9488.33	0.00603603
9486.4	0.00657612
9484.48	0.00665595
9482.55	0.00655435
9480.62	0.00670161
9478.69	0.00600492
9476.76	0.00532203
9474.84	0.00566967
9472.91	0.006007
9470.98	0.00629189
9469.05	0.00653017
9467.12	0.00637631
9465.2	0.00631962
9463.27	0.00634423
9461.34	0.00623044
9459.41	0.00619236
9457.48	0.00607067
9455.56	0.00657053
9453.63	0.00673122
9451.7	0.00617639
9449.77	0.00554159
9447.84	0.00577831
9445.92	0.00627383
9443.99	0.00641572
9442.06	0.00674946
9440.13	0.00671786
9438.2	0.00636198
9436.28	0.00596138
9434.35	0.00561663
9432.42	0.0057348
9430.49	0.00602417
9428.56	0.0058357
9426.63	0.0056558
9424.71	0.00650538
9422.78	0.0071577
9420.85	0.00670507
9418.92	0.00594556
9417	0.00580675
9415.07	0.00580783
9413.14	0.0057816
9411.21	0.00546719
9409.28	0.00581511
9407.35	0.00673358
9405.43	0.0066827
9403.5	0.00560918
9401.57	0.0053283
9399.64	0.00579158
9397.71	0.00605824
9395.79	0.00590774
9393.86	0.00595272
9391.93	0.00616873
9390	0.00597223
9388.07	0.0057671
9386.15	0.00599182
9384.22	0.00617246
9382.29	0.00561922
9380.36	0.00541656
9378.43	0.00551752
9376.51	0.00584527
9374.58	0.00567843
9372.65	0.00542988
9370.72	0.00522342
9368.79	0.00518858
9366.87	0.00534299
9364.94	0.00538204
9363.01	0.00554588
9361.08	0.00565446
9359.15	0.00575726
9357.23	0.00581357
9355.3	0.00550383
9353.37	0.00490928
9351.44	0.00530012
9349.51	0.00546749
9347.59	0.00570683
9345.66	0.0061893
9343.73	0.00607326
9341.8	0.00585028
9339.87	0.00615371
9337.95	0.00585105
9336.02	0.0060531
9334.09	0.00667577
9332.16	0.00653235
9330.23	0.0061074
9328.31	0.00614954
9326.38	0.00586394
9324.45	0.00528319
9322.52	0.00501499
9320.59	0.00526082
9318.67	0.00551944
9316.74	0.00564701
9314.81	0.00609695
9312.88	0.00629384
9310.95	0.00578446
9309.03	0.00522567
9307.1	0.00493951
9305.17	0.00521554
9303.24	0.0051469
9301.31	0.00518322
9299.38	0.00504348
9297.46	0.00517507
9295.53	0.00596064
9293.6	0.00627094
9291.67	0.00565268
9289.74	0.00615569
9287.82	0.00588292
9285.89	0.00519401
9283.96	0.00543283
9282.03	0.00565292
9280.1	0.00546058
9278.18	0.00579393
9276.25	0.00607057
9274.32	0.00571371
9272.39	0.00507569
9270.46	0.00488931
9268.54	0.00477395
9266.61	0.00506825
9264.68	0.00539103
9262.75	0.00536352
9260.82	0.00563966
9258.9	0.00617918
9256.97	0.00601849
9255.04	0.00597277
9253.11	0.00608025
9251.18	0.00572221
9249.26	0.00580437
9247.33	0.00594788
9245.4	0.00519871
9243.47	0.00484917
9241.54	0.00537486
9239.62	0.0057492
9237.69	0.00574833
9235.76	0.00577915
9233.83	0.00566074
9231.9	0.005598
9229.98	0.00534661
9228.05	0.00543907
9226.12	0.00526659
9224.19	0.00524194
9222.26	0.00588362
9220.34	0.00568477
9218.41	0.00536205
9216.48	0.00546061
9214.55	0.00576246
9212.62	0.00594895
9210.7	0.00571381
9208.77	0.0052801
9206.84	0.00521913
9204.91	0.00532166
9202.98	0.00512431
9201.05	0.00521578
9199.13	0.00540509
9197.2	0.00556988
9195.27	0.00558756
9193.34	0.00533055
9191.42	0.00542039
9189.49	0.00540975
9187.56	0.00547102
9185.63	0.00594667
9183.7	0.00583976
9181.77	0.00579584
9179.85	0.00601775
9177.92	0.00599632
9175.99	0.00567074
9174.06	0.00580306
9172.13	0.00569041
9170.21	0.00534876
9168.28	0.00499927
9166.35	0.00482648
9164.42	0.00498539
9162.49	0.00549796
9160.57	0.00574138
9158.64	0.00556025
9156.71	0.00568276
9154.78	0.00545152
9152.85	0.00514452
9150.93	0.00528134
9149	0.00533903
9147.07	0.0046664
9145.14	0.00442837
9143.21	0.00464064
9141.29	0.00462212
9139.36	0.00490905
9137.43	0.0055241
9135.5	0.00525314
9133.57	0.00493612
9131.65	0.00521598
9129.72	0.00549611
9127.79	0.00556944
9125.86	0.00566346
9123.93	0.0051747
9122.01	0.00491347
9120.08	0.00496317
9118.15	0.00512176
9116.22	0.00520297
9114.29	0.00560743
9112.37	0.00556568
9110.44	0.00485258
9108.51	0.00480722
9106.58	0.00484123
9104.65	0.00470709
9102.73	0.00485466
9100.8	0.004938
9098.87	0.00498613
9096.94	0.00518711
9095.01	0.00506574
9093.08	0.00490332
9091.16	0.00517302
9089.23	0.00522208
9087.3	0.00529818
9085.37	0.005263
9083.45	0.00462252
9081.52	0.00442117
9079.59	0.0048172
9077.66	0.00521226
9075.73	0.00510385
9073.8	0.00496612
9071.88	0.0053655
9069.95	0.00575051
9068.02	0.0055094
9066.09	0.00499169
9064.17	0.00519254
9062.24	0.00555847
9060.31	0.00526186
9058.38	0.00473643
9056.45	0.00503785
9054.52	0.00514932
9052.6	0.00481476
9050.67	0.00493881
9048.74	0.00511123
9046.81	0.0050831
9044.88	0.00516799
9042.96	0.00514499
9041.03	0.00515083
9039.1	0.00520525
9037.17	0.00471114
9035.24	0.00446583
9033.32	0.00475636
9031.39	0.00492242
9029.46	0.00512166
9027.53	0.00515264
9025.6	0.00503034
9023.68	0.00530871
9021.75	0.00522969
9019.82	0.00521424
9017.89	0.00519398
9015.96	0.00531103
9014.04	0.00527779
9012.11	0.00523972
9010.18	0.00512756
9008.25	0.00486237
9006.32	0.0046322
9004.4	0.0046734
9002.47	0.00457802
9000.54	0.00457792
8998.61	0.00475958
8996.68	0.00467711
8994.76	0.00488787
8992.83	0.00478853
8990.9	0.00466291
8988.97	0.00495107
8987.04	0.0048098
8985.12	0.004701
8983.19	0.00495425
8981.26	0.00502333
8979.33	0.00474776
8977.4	0.00476518
8975.48	0.00432588
8973.55	0.00425374
8971.62	0.00468254
8969.69	0.00481338
8967.76	0.00483422
8965.83	0.00462283
8963.91	0.00410694
8961.98	0.00416053
8960.05	0.00468539
8958.12	0.0049633
8956.2	0.00463083
8954.27	0.00452923
8952.34	0.00495097
8950.41	0.00506289
8948.48	0.00448501
8946.55	0.00427324
8944.63	0.00457186
8942.7	0.00467849
8940.77	0.00447942
8938.84	0.00453905
8936.92	0.00481824
8934.99	0.00481653
8933.06	0.0048549
8931.13	0.00491508
8929.2	0.00485057
8927.27	0.00494082
8925.35	0.00490995
8923.42	0.00457909
8921.49	0.00440353
8919.56	0.0044514
8917.63	0.00453352
8915.71	0.00472719
8913.78	0.00461958
8911.85	0.00477435
8909.92	0.0047435
8907.99	0.00413728
8906.07	0.00394765
8904.14	0.00422178
8902.21	0.00434559
8900.28	0.00395344
8898.35	0.00428643
8896.43	0.00457263
8894.5	0.00391719
8892.57	0.0041437
8890.64	0.00462356
8888.71	0.00507415
8886.79	0.00499561
8884.86	0.00447004
8882.93	0.00462082
8881	0.00464369
8879.07	0.00452257
8877.15	0.00452244
8875.22	0.00430912
8873.29	0.00414577
8871.36	0.00447436
8869.43	0.00471094
8867.51	0.00482588
8865.58	0.00455984
8863.65	0.00406142
8861.72	0.00384261
8859.79	0.00398139
8857.87	0.00449448
8855.94	0.00460578
8854.01	0.00427244
8852.08	0.00444815
8850.15	0.00483288
8848.22	0.00446452
8846.3	0.00410175
8844.37	0.00419395
8842.44	0.00428014
8840.51	0.00417692
8838.58	0.00426642
8836.66	0.00471212
8834.73	0.00462062
8832.8	0.00431213
8830.87	0.00412069
8828.94	0.00445545
8827.02	0.00445957
8825.09	0.00421563
8823.16	0.00427181
8821.23	0.00442592
8819.3	0.00455853
8817.38	0.00456017
8815.45	0.00468642
8813.52	0.00455522
8811.59	0.00425548
8809.66	0.00423915
8807.74	0.00414982
8805.81	0.00421526
8803.88	0.00405065
8801.95	0.00408342
8800.02	0.00405419
8798.1	0.00417327
8796.17	0.00442174
8794.24	0.00426163
8792.31	0.00393036
8790.38	0.00389131
8788.46	0.00407118
8786.53	0.00420696
8784.6	0.0041331
8782.67	0.00389282
8780.74	0.00378525
8778.82	0.00399426
8776.89	0.00388596
8774.96	0.00388386
8773.03	0.00405476
8771.1	0.00397805
8769.18	0.00374517
8767.25	0.00398427
8765.32	0.00422085
8763.39	0.00396852
8761.46	0.00376048
8759.54	0.00378809
8757.61	0.00365274
8755.68	0.00363166
8753.75	0.00434717
8751.82	0.00418726
8749.9	0.00371897
8747.97	0.00399985
8746.04	0.00430426
8744.11	0.00402135
8742.18	0.00398437
8740.25	0.00391609
8738.33	0.00379521
8736.4	0.00398517
8734.47	0.00396089
8732.54	0.00375821
8730.62	0.00390061
8728.69	0.00420004
8726.76	0.00428168
8724.83	0.00405242
8722.9	0.00378792
8720.97	0.0034866
8719.05	0.00384531
8717.12	0.00431752
8715.19	0.00421355
8713.26	0.00360717
8711.33	0.00369855
8709.41	0.00385187
8707.48	0.00374317
8705.55	0.00364726
8703.62	0.00338508
8701.69	0.00309061
8699.77	0.00304253
8697.84	0.00330721
8695.91	0.00354326
8693.98	0.00351359
8692.05	0.00348637
8690.13	0.00367342
8688.2	0.00361592
8686.27	0.00328858
8684.34	0.00326575
8682.41	0.0035762
8680.49	0.00361381
8678.56	0.0032778
8676.63	0.00337182
8674.7	0.0035492
8672.77	0.00330881
8670.85	0.00330978
8668.92	0.0036214
8666.99	0.003436
8665.06	0.00330911
8663.13	0.00352695
8661.21	0.00330244
8659.28	0.00286685
8657.35	0.00322165
8655.42	0.00337366
8653.49	0.00291729
8651.57	0.00318119
8649.64	0.00364576
8647.71	0.00358725
8645.78	0.00325887
8643.85	0.00295158
8641.93	0.00302194
8640	0.00323797
8638.07	0.00332033
8636.14	0.00327222
8634.21	0.00292696
8632.29	0.00263434
8630.36	0.00264964
8628.43	0.00272212
8626.5	0.00288847
8624.57	0.00311958
8622.65	0.00330244
8620.72	0.00340952
8618.79	0.00321594
8616.86	0.00299302
8614.93	0.00301744
8613	0.00327746
8611.08	0.00327476
8609.15	0.00324371
8607.22	0.00328861
8605.29	0.00323921
8603.37	0.00291262
8601.44	0.0030146
8599.51	0.0029322
8597.58	0.00267695
8595.65	0.00269322
8593.72	0.00317742
8591.8	0.00356323
8589.87	0.00376001
8587.94	0.00326124
8586.01	0.00269925
8584.08	0.00266711
8582.16	0.00260211
8580.23	0.00251129
8578.3	0.00265618
8576.37	0.00269789
8574.44	0.00277194
8572.52	0.00297874
8570.59	0.00311858
8568.66	0.00303446
8566.73	0.00267945
8564.8	0.00246416
8562.88	0.00273239
8560.95	0.00287776
8559.02	0.00301747
8557.09	0.00311611
8555.16	0.00315032
8553.24	0.003074
8551.31	0.00299478
8549.38	0.00262558
8547.45	0.00271739
8545.52	0.0029294
8543.6	0.00276517
8541.67	0.00253371
8539.74	0.00259411
8537.81	0.00302992
8535.88	0.00322655
8533.96	0.00317729
8532.03	0.00319014
8530.1	0.00299739
8528.17	0.00282126
8526.24	0.00262034
8524.32	0.00273756
8522.39	0.00279232
8520.46	0.00265588
8518.53	0.00268745
8516.6	0.00310293
8514.68	0.00295155
8512.75	0.00256618
8510.82	0.00274133
8508.89	0.00288307
8506.96	0.0028259
8505.04	0.00263071
8503.11	0.00241345
8501.18	0.00229419
8499.25	0.00242351
8497.32	0.00252838
8495.39	0.00268812
8493.47	0.00275067
8491.54	0.00249186
8489.61	0.00258164
8487.68	0.00290681
8485.75	0.00264754
8483.83	0.00239419
8481.9	0.00267852
8479.97	0.00286709
8478.04	0.00275877
8476.11	0.00223723
8474.19	0.00196734
8472.26	0.00223074
8470.33	0.00242535
8468.4	0.00250019
8466.47	0.00266545
8464.55	0.00266318
8462.62	0.00244594
8460.69	0.00233036
8458.76	0.00218794
8456.83	0.00202773
8454.91	0.00208712
8452.98	0.0022814
8451.05	0.00230701
8449.12	0.00215734
8447.19	0.00225955
8445.27	0.00227104
8443.34	0.00221988
8441.41	0.0024625
8439.48	0.00266228
8437.55	0.00257648
8435.63	0.00233203
8433.7	0.00204474
8431.77	0.00175148
8429.84	0.00191159
8427.91	0.00256648
8425.99	0.00250295
8424.06	0.00234029
8422.13	0.00253808
8420.2	0.00250912
8418.27	0.00219504
8416.35	0.00209704
8414.42	0.00195396
8412.49	0.00166819
8410.56	0.00196854
8408.63	0.00209557
8406.71	0.00220376
8404.78	0.00217246
8402.85	0.00194558
8400.92	0.00208269
8398.99	0.0023811
8397.07	0.00215854
8395.14	0.00181915
8393.21	0.00174439
8391.28	0.00183506
8389.35	0.00179666
8387.43	0.00168907
8385.5	0.00176921
8383.57	0.00193463
8381.64	0.00210513
8379.71	0.00203059
8377.79	0.00209351
8375.86	0.00204946
8373.93	0.00194022
8372	0.00196368
8370.07	0.00183875
8368.14	0.00189782
8366.22	0.00201837
8364.29	0.00210739
8362.36	0.0021284
8360.43	0.00220892
8358.5	0.00207184
8356.58	0.0016322
8354.65	0.00150886
8352.72	0.00172267
8350.79	0.00185449
8348.86	0.00183775
8346.94	0.00178871
8345.01	0.00172533
8343.08	0.00149516
8341.15	0.00167993
8339.22	0.00195253
8337.3	0.00185442
8335.37	0.00173714
8333.44	0.00177064
8331.51	0.00184025
8329.58	0.00175271
8327.66	0.00183639
8325.73	0.00200266
8323.8	0.00172437
8321.87	0.00129452
8319.94	0.00135494
8318.02	0.00151843
8316.09	0.0017072
8314.16	0.00168272
8312.23	0.00149596
8310.3	0.00187016
8308.38	0.00215691
8306.45	0.00177121
8304.52	0.00143631
8302.59	0.00151262
8300.66	0.00170461
8298.74	0.00176778
8296.81	0.00172347
8294.88	0.00153699
8292.95	0.00156575
8291.02	0.00158597
8289.1	0.00172819
8287.17	0.00168801
8285.24	0.00146261
8283.31	0.00144645
8281.38	0.00148499
8279.46	0.00158747
8277.53	0.00164394
8275.6	0.00165767
8273.67	0.00140407
8271.74	0.00110769
8269.82	0.0013917
8267.89	0.00137542
8265.96	0.00128216
8264.03	0.00167484
8262.1	0.00154141
8260.17	0.00129233
8258.25	0.0015999
8256.32	0.00171944
8254.39	0.00139084
8252.46	0.00148562
8250.54	0.00140812
8248.61	0.00122377
8246.68	0.00120633
8244.75	0.00128392
8242.82	0.00160809
8240.89	0.00164803
8238.97	0.00142022
8237.04	0.000997917
8235.11	0.000733843
8233.18	0.000812743
8231.25	0.0010379
8229.33	0.00104847
8227.4	0.000871271
8225.47	0.000905204
8223.54	0.00126514
8221.61	0.001428
8219.69	0.00151823
8217.76	0.00137282
8215.83	0.000860282
8213.9	0.000815896
8211.97	0.00112762
8210.05	0.00113447
8208.12	0.000758537
8206.19	0.000770387
8204.26	0.000990113
8202.33	0.00117187
8200.41	0.00110414
8198.48	0.000752695
8196.55	0.000780942
8194.62	0.00113882
8192.69	0.00118055
8190.77	0.00101419
8188.84	0.00109062
8186.91	0.00107836
8184.98	0.000809622
8183.05	0.000911778
8181.13	0.00102004
8179.2	0.000698596
8177.27	0.000765673
8175.34	0.000975733
8173.41	0.00123683
8171.49	0.00104129
8169.56	0.000742671
8167.63	0.000719439
8165.7	0.000702844
8163.77	0.000699293
8161.85	0.000917157
8159.92	0.00104242
8157.99	0.000936615
8156.06	0.000808859
8154.13	0.000845077
8152.21	0.000805307
8150.28	0.000917722
8148.35	0.0010218
8146.42	0.00103946
8144.49	0.00103289
8142.56	0.000999411
8140.64	0.00113114
8138.71	0.00132981
8136.78	0.000970353
8134.85	0.000617328
8132.92	0.00063883
8131	0.000762686
8129.07	0.000740514
8127.14	0.00070311
8125.21	0.000815531
8123.28	0.000458519
8121.36	0.00040187
8119.43	0.000566166
8117.5	0.000545397
8115.57	0.000620845
8113.64	0.000565469
8111.72	0.000757375
8109.79	0.000985496
8107.86	0.000851119
8105.93	0.00068708
8104	0.000843384
8102.08	0.000784527
8100.15	0.00073381
8098.22	0.000679149
8096.29	0.000570346
8094.36	0.000471488
8092.44	0.000478686
8090.51	0.000297878
8088.58	0.000152046
8086.65	0.000621642
8084.72	0.000805838
8082.8	0.000699526
8080.87	0.000516967
8078.94	0.000412317
8077.01	0.000457026
8075.08	0.00075711
8073.16	0.000901219
8071.23	0.000562151
8069.3	0.000233359
8067.37	0.000469863
8065.44	0.000477227
8063.52	0.000418585
8061.59	0.000516204
8059.66	0.00037262
8057.73	0.000292009
8055.8	0.000424157
8053.88	0.000345825
8051.95	0.000340652
8050.02	0.00022232
8048.09	0.000114791
8046.16	3.75756e-05
8044.24	1.43473e-05
8042.31	0.000303747
8040.38	0.000654559
8038.45	0.000426611
8036.52	0.000342973
8034.6	0.000592045
8032.67	0.000291611
8030.74	-6.53685e-05
8028.81	-2.40215e-05
8026.88	0.000205811
8024.96	0.000360847
8023.03	0.0003062
8021.1	0.000179624
8019.17	0.000375306
8017.24	0.000390892
8015.31	0.000292042
8013.39	0.000226961
8011.46	3.94644e-05
8009.53	0.000118404
8007.6	0.000381275
8005.67	0.000306764
8003.75	0.000348113
8001.82	0.000426247
7999.89	0.000266612
7997.96	8.51628e-05
7996.03	0.000131661
7994.11	0.000153272
7992.18	0.000215458
7990.25	0.000254942
7988.32	0.000161691
7986.39	7.60493e-05
7984.47	5.98111e-05
7982.54	0.000280371
7980.61	0.000368043
7978.68	-1.55727e-05
7976.75	-0.000107275
7974.83	-6.6268e-07
7972.9	-0.000208628
7970.97	-0.000335882
7969.04	-0.000167957
7967.11	4.22148e-05
7965.19	-6.30495e-05
7963.26	-0.00017107
7961.33	-8.62062e-05
7959.4	-7.08679e-05
7957.47	-0.000242275
7955.55	-0.000199421
7953.62	0.000173558
7951.69	0.000202065
7949.76	7.91976e-05
7947.83	6.909e-05
7945.91	-4.42648e-05
7943.98	-0.000342405
7942.05	-0.000322871
7940.12	-0.000248898
7938.19	-0.000346642
7936.27	-0.00030125
7934.34	-2.6407e-05
7932.41	2.48181e-05
7930.48	-0.000129402
7928.55	-0.000159412
7926.63	-0.000289429
7924.7	-0.000405405
7922.77	-0.000349159
7920.84	-0.000262077
7918.91	-0.000354125
7916.99	-0.000440658
7915.06	-0.000480476
7913.13	-0.000255521
7911.2	-0.000115291
7909.27	-0.000201342
7907.35	-0.000401366
7905.42	-0.000356608
7903.49	-0.00041997
7901.56	-0.000438407
7899.63	-0.000220021
7897.71	-9.53162e-05
7895.78	-0.000263799
7893.85	-0.00050093
7891.92	-0.000409278
7889.99	-5.88752e-05
7888.06	-7.84875e-05
7886.14	-0.000125957
7884.21	-0.000211609
7882.28	-0.000447907
7880.35	-0.000606327
7878.42	-0.000623003
7876.5	-0.000669057
7874.57	-0.000563741
7872.64	-0.000448569
7870.71	-0.000459756
7868.78	-0.000614566
7866.86	-0.000700849
7864.93	-0.000653342
7863	-0.000724865
7861.07	-0.00072374
7859.14	-0.000708589
7857.22	-0.000677692
7855.29	-0.000560002
7853.36	-0.000445226
7851.43	-0.000522541
7849.5	-0.000623499
7847.58	-0.000524295
7845.65	-0.000357899
7843.72	-0.000414375
7841.79	-0.000519529
7839.86	-0.000590412
7837.94	-0.000746994
7836.01	-0.000653011
7834.08	-0.000634219
7832.15	-0.000850248
7830.22	-0.000710442
7828.3	-0.000576547
7826.37	-0.000852761
7824.44	-0.000819592
7822.51	-0.000508674
7820.58	-0.000651423
7818.66	-0.000870453
7816.73	-0.000889004
7814.8	-0.000581676
7812.87	-0.000547725
7810.94	-0.000599114
7809.02	-0.000727445
7807.09	-0.000700154
7805.16	-0.000862384
7803.23	-0.00102151
7801.3	-0.000788437
7799.38	-0.00092273
7797.45	-0.00115464
7795.52	-0.00105047
7793.59	-0.000797499
7791.66	-0.000791249
7789.74	-0.000857126
7787.81	-0.000613474
7785.88	-0.000472168
7783.95	-0.000340385
7782.02	-0.000623863
7780.09	-0.00105688
7778.17	-0.00105338
7776.24	-0.0008687
7774.31	-0.000838674
7772.38	-0.000865327
7770.46	-0.000841253
7768.53	-0.000732539
7766.6	-0.000593621
7764.67	-0.000803949
7762.74	-0.00107129
7760.81	-0.00103474
7758.89	-0.000881663
7756.96	-0.000814631
7755.03	-0.00076932
7753.1	-0.00097381
7751.17	-0.00113693
7749.25	-0.00101384
7747.32	-0.000908281
7745.39	-0.000920812
7743.46	-0.000883614
7741.53	-0.000755693
7739.61	-0.000709846
7737.68	-0.000929673
7735.75	-0.00110686
7733.82	-0.00106571
7731.89	-0.00108223
7729.97	-0.00132675
7728.04	-0.00115643
7726.11	-0.00074362
7724.18	-0.000649935
7722.25	-0.00073148
7720.33	-0.00108683
7718.4	-0.00134075
7716.47	-0.00130501
7714.54	-0.00123091
7712.61	-0.00116304
7710.69	-0.00113944
7708.76	-0.00110553
7706.83	-0.00100994
7704.9	-0.00116862
7702.97	-0.00139591
7701.05	-0.00123692
7699.12	-0.00112361
7697.19	-0.0012468
7695.26	-0.00147461
7693.33	-0.00155953
7691.41	-0.00145988
7689.48	-0.00138485
7687.55	-0.00139416
7685.62	-0.00120976
7683.69	-0.00109552
7681.77	-0.00122331
7679.84	-0.00117797
7677.91	-0.00126867
7675.98	-0.00142491
7674.05	-0.0012581
7672.12	-0.00109535
7670.2	-0.00126959
7668.27	-0.00161658
7666.34	-0.00165154
7664.41	-0.00134627
7662.48	-0.00135773
7660.56	-0.00132681
7658.63	-0.0011441
7656.7	-0.00122992
7654.77	-0.00136031
7652.84	-0.00152912
7650.92	-0.00162589
7648.99	-0.00150373
7647.06	-0.00133094
7645.13	-0.00128773
7643.2	-0.0012389
7641.28	-0.00109737
7639.35	-0.00114651
7637.42	-0.00131608
7635.49	-0.00145773
7633.56	-0.00153084
7631.64	-0.0013497
7629.71	-0.0013904
7627.78	-0.00145575
7625.85	-0.00159393
7623.92	-0.00176524
7622	-0.00183532
7620.07	-0.00158687
7618.14	-0.0013247
7616.21	-0.00140962
7614.28	-0.00165794
7612.36	-0.00164695
7610.43	-0.00146767
7608.5	-0.00145014
7606.57	-0.00158872
7604.64	-0.00160027
7602.72	-0.0013713
7600.79	-0.00129041
7598.86	-0.00141398
7596.93	-0.00151588
7595	-0.00151681
7593.08	-0.00150968
7591.15	-0.00152496
7589.22	-0.00164807
7587.29	-0.00163097
7585.36	-0.00147801
7583.44	-0.00158578
7581.51	-0.00163998
7579.58	-0.0016044
7577.65	-0.00173982
7575.72	-0.00174293
7573.8	-0.00162401
7571.87	-0.00170078
7569.94	-0.00165527
7568.01	-0.00153295
7566.08	-0.00167507
7564.16	-0.00195046
7562.23	-0.00194449
7560.3	-0.00159301
7558.37	-0.00152856
7556.44	-0.001587
7554.52	-0.00169464
7552.59	-0.00180371
7550.66	-0.00174157
7548.73	-0.00178345
7546.8	-0.0019211
7544.88	-0.00178761
7542.95	-0.001808
7541.02	-0.00188629
7539.09	-0.00177154
7537.16	-0.00168171
7535.23	-0.0018277
7533.31	-0.00188197
7531.38	-0.00183631
7529.45	-0.00184248
7527.52	-0.00183314
7525.59	-0.00174339
7523.67	-0.00172999
7521.74	-0.00179434
7519.81	-0.0017123
7517.88	-0.0016792
7515.95	-0.00184166
7514.03	-0.00186521
7512.1	-0.00181846
7510.17	-0.00190229
7508.24	-0.00197381
7506.31	-0.00173718
7504.39	-0.00176689
7502.46	-0.0018081
7500.53	-0.00187834
7498.6	-0.001921
7496.67	-0.00187181
7494.75	-0.00183077
7492.82	-0.00185706
7490.89	-0.00176982
7488.96	-0.00193268
7487.03	-0.00209652
7485.11	-0.00194739
7483.18	-0.00169085
7481.25	-0.0017459
7479.32	-0.00194376
7477.39	-0.00192892
7475.47	-0.00202114
7473.54	-0.00198835
7471.61	-0.00191407
7469.68	-0.00209507
7467.75	-0.00220912
7465.83	-0.00214819
7463.9	-0.00206579
7461.97	-0.00204752
7460.04	-0.00208462
7458.11	-0.00212742
7456.19	-0.00199594
7454.26	-0.00188676
7452.33	-0.00176629
7450.4	-0.00192651
7448.47	-0.00192397
7446.54	-0.00188537
7444.62	-0.00205507
7442.69	-0.00210655
7440.76	-0.00212607
7438.83	-0.00216178
7436.91	-0.00204492
7434.98	-0.00190922
7433.05	-0.00219603
7431.12	-0.00238176
7429.19	-0.002123
7427.26	-0.00215452
7425.34	-0.00211825
7423.41	-0.00195098
7421.48	-0.0021417
7419.55	-0.00222009
7417.62	-0.00214664
7415.7	-0.00217503
7413.77	-0.0021776
7411.84	-0.00216095
7409.91	-0.0021262
7407.98	-0.00203918
7406.06	-0.0020807
7404.13	-0.00219201
7402.2	-0.00224482
7400.27	-0.00215683
7398.34	-0.00200712
7396.42	-0.00206942
7394.49	-0.00224337
7392.56	-0.00234142
7390.63	-0.00239286
7388.7	-0.00215957
7386.78	-0.00202902
7384.85	-0.00216797
7382.92	-0.00227659
7380.99	-0.00217012
7379.06	-0.00220068
7377.14	-0.00232692
7375.21	-0.00235332
7373.28	-0.00250268
7371.35	-0.00232656
7369.42	-0.0020774
7367.5	-0.00204432
7365.57	-0.00214246
7363.64	-0.00208004
7361.71	-0.00193459
7359.78	-0.00187306
7357.86	-0.00217549
7355.93	-0.00238426
7354	-0.00227659
7352.07	-0.00220206
7350.14	-0.00234518
7348.22	-0.00240825
7346.29	-0.00237401
7344.36	-0.00244578
7342.43	-0.00250041
7340.5	-0.00242002
7338.58	-0.00241886
7336.65	-0.00229149
7334.72	-0.00231084
7332.79	-0.00236555
7330.86	-0.00234159
7328.94	-0.00230032
7327.01	-0.00239935
7325.08	-0.00247365
7323.15	-0.00246011
7321.22	-0.00225464
7319.29	-0.00207997
7317.37	-0.0021236
7315.44	-0.0022493
7313.51	-0.00232676
7311.58	-0.00232923
7309.65	-0.00241992
7307.73	-0.00239669
7305.8	-0.00234765
7303.87	-0.00251019
7301.94	-0.00251411
7300.01	-0.00247781
7298.09	-0.0025175
7296.16	-0.00250525
7294.23	-0.00236393
7292.3	-0.00229812
7290.37	-0.00230112
7288.45	-0.00234528
7286.52	-0.00235072
7284.59	-0.00229561
7282.66	-0.0022312
7280.73	-0.00232893
7278.81	-0.00234261
7276.88	-0.00239487
7274.95	-0.00253615
7273.02	-0.00261886
7271.09	-0.00257617
7269.17	-0.00249764
7267.24	-0.00240225
7265.31	-0.00240825
7263.38	-0.00237494
7261.45	-0.00253358
7259.53	-0.00275281
7257.6	-0.00263684
7255.67	-0.00239817
7253.74	-0.00248308
7251.81	-0.00269592
7249.89	-0.00274438
7247.96	-0.00264356
7246.03	-0.00261263
7244.1	-0.00261415
7242.17	-0.0026265
7240.25	-0.00241082
7238.32	-0.00239863
7236.39	-0.00261543
7234.46	-0.00279114
7232.53	-0.00278159
7230.61	-0.00260084
7228.68	-0.00244542
7226.75	-0.00241774
7224.82	-0.00255354
7222.89	-0.00270441
7220.97	-0.00264504
7219.04	-0.00253124
7217.11	-0.00245207
7215.18	-0.00241069
7213.25	-0.00254781
7211.33	-0.00263074
7209.4	-0.00254488
7207.47	-0.00241629
7205.54	-0.00245484
7203.61	-0.00235859
7201.69	-0.00228335
7199.76	-0.00246041
7197.83	-0.00285046
7195.9	-0.00296792
7193.97	-0.0029384
7192.04	-0.00278715
7190.12	-0.00258628
7188.19	-0.00252274
7186.26	-0.00268841
7184.33	-0.00266085
7182.4	-0.00264991
7180.48	-0.00260993
7178.55	-0.0026038
7176.62	-0.0027267
7174.69	-0.00276579
7172.76	-0.00263331
7170.84	-0.00264514
7168.91	-0.00276091
7166.98	-0.00273451
7165.05	-0.00266812
7163.12	-0.00266671
7161.2	-0.00277988
7159.27	-0.00287649
7157.34	-0.00283555
7155.41	-0.00280062
7153.48	-0.00276727
7151.56	-0.00274787
7149.63	-0.00280098
7147.7	-0.00281991
7145.77	-0.00258111
7143.84	-0.00247982
7141.92	-0.00268894
7139.99	-0.0027217
7138.06	-0.00285661
7136.13	-0.00286938
7134.2	-0.00277313
7132.28	-0.00265367
7130.35	-0.00254432
7128.42	-0.00248301
7126.49	-0.00244272
7124.56	-0.00254004
7122.64	-0.00261843
7120.71	-0.00265712
7118.78	-0.0027326
7116.85	-0.00271129
7114.92	-0.00274238
7113	-0.00281066
7111.07	-0.00294867
7109.14	-0.0029075
7107.21	-0.00274573
7105.28	-0.00271011
7103.36	-0.00276615
7101.43	-0.00274336
7099.5	-0.00281379
7097.57	-0.00282073
7095.64	-0.00274998
7093.71	-0.00273961
7091.79	-0.00278653
7089.86	-0.00278827
7087.93	-0.00281408
7086	-0.00290961
7084.08	-0.00286846
7082.15	-0.00279104
7080.22	-0.0028018
7078.29	-0.00281184
7076.36	-0.00273023
7074.43	-0.00261991
7072.51	-0.00275127
7070.58	-0.00279996
7068.65	-0.00261797
7066.72	-0.00266391
7064.79	-0.00267566
7062.87	-0.00259053
7060.94	-0.00273375
7059.01	-0.00265959
7057.08	-0.00260917
7055.15	-0.00280091
7053.23	-0.00293913
7051.3	-0.00274346
7049.37	-0.00259511
7047.44	-0.00269282
7045.51	-0.00269154
7043.59	-0.00260983
7041.66	-0.00277431
7039.73	-0.00290645
7037.8	-0.0026919
7035.87	-0.00263736
7033.95	-0.00266206
7032.02	-0.00253437
7030.09	-0.00251875
7028.16	-0.0027537
7026.23	-0.00283805
7024.31	-0.00269025
7022.38	-0.00256326
7020.45	-0.00262393
7018.52	-0.00270158
7016.59	-0.00279933
7014.67	-0.00279476
7012.74	-0.00283568
7010.81	-0.00278801
7008.88	-0.00263983
7006.95	-0.00257212
7005.03	-0.00262373
7003.1	-0.00268521
7001.17	-0.00274192
6999.24	-0.00275173
6997.31	-0.00276131
6995.39	-0.00270642
6993.46	-0.00252363
6991.53	-0.00247349
6989.6	-0.00260305
6987.67	-0.00268156
6985.75	-0.00265255
6983.82	-0.00258615
6981.89	-0.00251796
6979.96	-0.00254086
6978.03	-0.00246809
6976.1	-0.00247616
6974.18	-0.00260937
6972.25	-0.0027378
6970.32	-0.00269236
6968.39	-0.0025684
6966.46	-0.00246937
6964.54	-0.00242104
6962.61	-0.00232976
6960.68	-0.00237388
6958.75	-0.00231558
6956.82	-0.00230893
6954.9	-0.0023525
6952.97	-0.00245527
6951.04	-0.00247356
6949.11	-0.00254402
6947.18	-0.00255733
6945.26	-0.00239533
6943.33	-0.00219151
6941.4	-0.00219794
6939.47	-0.00228081
6937.54	-0.00243385
6935.62	-0.00253766
6933.69	-0.00250459
6931.76	-0.00249125
6929.83	-0.00247837
6927.9	-0.00250251
6925.98	-0.00259527
6924.05	-0.0025037
6922.12	-0.00229304
6920.19	-0.00230359
6918.26	-0.00240156
6916.34	-0.00240674
6914.41	-0.00252666
6912.48	-0.00243287
6910.55	-0.00228371
6908.62	-0.00230085
6906.7	-0.00242927
6904.77	-0.00255344
6902.84	-0.00245109
6900.91	-0.00241672
6898.98	-0.00243616
6897.06	-0.00236564
6895.13	-0.00223546
6893.2	-0.00211469
6891.27	-0.00220144
6889.34	-0.00226502
6887.42	-0.00223961
6885.49	-0.00230507
6883.56	-0.00217688
6881.63	-0.00206256
6879.7	-0.0021504
6877.78	-0.00216471
6875.85	-0.00215957
6873.92	-0.00227386
6871.99	-0.00226295
6870.06	-0.0020774
6868.14	-0.00187848
6866.21	-0.0020001
6864.28	-0.0020614
6862.35	-0.0019112
6860.42	-0.00195613
6858.5	-0.00200514
6856.57	-0.00209125
6854.64	-0.00204442
6852.71	-0.00206615
6850.78	-0.00210487
6848.85	-0.00197895
6846.93	-0.0020558
6845	-0.00211506
6843.07	-0.00193607
6841.14	-0.00183733
6839.21	-0.00175392
6837.29	-0.00178857
6835.36	-0.00182476
6833.43	-0.00179493
6831.5	-0.001739
6829.57	-0.00162721
6827.65	-0.00177725
6825.72	-0.00201715
6823.79	-0.00188893
6821.86	-0.0018338
6819.93	-0.00176385
6818.01	-0.00156917
6816.08	-0.00154038
6814.15	-0.00176632
6812.22	-0.00185337
6810.29	-0.00172286
6808.37	-0.00161671
6806.44	-0.00159971
6804.51	-0.00166042
6802.58	-0.00165325
6800.65	-0.00155577
6798.73	-0.00143227
6796.8	-0.00141292
6794.87	-0.00155296
6792.94	-0.00149208
6791.01	-0.00150363
6789.09	-0.00157432
6787.16	-0.00154151
6785.23	-0.00150479
6783.3	-0.00132939
6781.37	-0.00125965
6779.45	-0.00139961
6777.52	-0.00139281
6775.59	-0.00122433
6773.66	-0.00110454
6771.73	-0.00121706
6769.81	-0.00132691
6767.88	-0.00128271
6765.95	-0.00123533
6764.02	-0.0012283
6762.09	-0.00119139
6760.17	-0.0011786
6758.24	-0.00105563
6756.31	-0.0010465
6754.38	-0.00106819
6752.45	-0.00111472
6750.53	-0.00116945
6748.6	-0.00118257
6746.67	-0.00120163
6744.74	-0.000918398
6742.81	-0.000809472
6740.88	-0.000980191
6738.96	-0.0010665
6737.03	-0.00101206
6735.1	-0.00100098
6733.17	-0.000955991
6731.25	-0.000864765
6729.32	-0.000759
6727.39	-0.000812316
6725.46	-0.000785758
6723.53	-0.000794192
6721.6	-0.000931888
6719.68	-0.000966901
6717.75	-0.000899287
6715.82	-0.000795052
6713.89	-0.000864666
6711.96	-0.000911885
6710.04	-0.000895451
6708.11	-0.000907487
6706.18	-0.000861392
6704.25	-0.000788603
6702.32	-0.000707134
6700.4	-0.000685036
6698.47	-0.000820319
6696.54	-0.00093245
6694.61	-0.000852265
6692.68	-0.000814598
6690.76	-0.000781889
6688.83	-0.000761415
6686.9	-0.000849818
6684.97	-0.000818897
6683.04	-0.000827628
6681.12	-0.000814697
6679.19	-0.000808546
6677.26	-0.000760853
6675.33	-0.000769585
6673.4	-0.000709152
6671.48	-0.000761713
6669.55	-0.000887714
6667.62	-0.0010386
6665.69	-0.00103202
6663.76	-0.000863641
6661.84	-0.00100151
6659.91	-0.00110699
6657.98	-0.000865989
6656.05	-0.000711897
6654.12	-0.000767666
6652.2	-0.000743785
6650.27	-0.000713386
6648.34	-0.000707233
6646.41	-0.000736243
6644.48	-0.000822502
6642.56	-0.000907024
6640.63	-0.000966702
6638.7	-0.00100512
6636.77	-0.000975265
6634.84	-0.000873925
6632.92	-0.000790786
6630.99	-0.000743223
6629.06	-0.000846677
6627.13	-0.000979926
6625.2	-0.000968355
6623.27	-0.000906727
6621.35	-0.0008395
6619.42	-0.000934732
6617.49	-0.00102356
6615.56	-0.000919523
6613.63	-0.000998142
6611.71	-0.00101685
6609.78	-0.000978571
6607.85	-0.000994737
6605.92	-0.000963297
6603.99	-0.000939261
6602.07	-0.000858085
6600.14	-0.000912182
6598.21	-0.000941543
6596.28	-0.000875248
6594.35	-0.00101834
6592.43	-0.00111006
6590.5	-0.00102522
6588.57	-0.000930996
6586.64	-0.000799153
6584.71	-0.000841088
6582.79	-0.000876273
6580.86	-0.00088368
6578.93	-0.000889103
6577	-0.000916547
6575.07	-0.00105771
6573.15	-0.00107433
6571.22	-0.00099758
6569.29	-0.000969017
6567.36	-0.000880274
6565.43	-0.000979364
6563.51	-0.00102244
6561.58	-0.000948618
6559.65	-0.000996918
6557.72	-0.00109212
6555.79	-0.00108253
6553.87	-0.00113766
6551.94	-0.00105374
6550.01	-0.00100647
6548.08	-0.00105797
6546.15	-0.00111654
6544.23	-0.00114565
6542.3	-0.00118121
6540.37	-0.00112758
6538.44	-0.00111829
6536.51	-0.00121994
6534.59	-0.00115924
6532.66	-0.00111456
6530.73	-0.00120157
6528.8	-0.00121865
6526.87	-0.00127419
6524.95	-0.00147233
6523.02	-0.00145186
6521.09	-0.00126005
6519.16	-0.00121587
6517.23	-0.00119796
6515.31	-0.00125579
6513.38	-0.00126381
6511.45	-0.00128463
6509.52	-0.00136126
6507.59	-0.00147104
6505.67	-0.00146784
6503.74	-0.00151285
6501.81	-0.00151093
6499.88	-0.00147501
6497.95	-0.00152104
6496.02	-0.00147603
6494.1	-0.00148125
6492.17	-0.00141272
6490.24	-0.00124168
6488.31	-0.00125123
6486.38	-0.00143188
6484.46	-0.00143855
6482.53	-0.00150426
6480.6	-0.00153867
6478.67	-0.00158726
6476.74	-0.00153388
6474.82	-0.001549
6472.89	-0.00152104
6470.96	-0.00148471
6469.03	-0.0014438
6467.1	-0.00158568
6465.18	-0.00166032
6463.25	-0.00172643
6461.32	-0.00166821
6459.39	-0.00158581
6457.46	-0.00160384
6455.54	-0.00160661
6453.61	-0.00159304
6451.68	-0.00148811
6449.75	-0.00157039
6447.82	-0.00160182
6445.9	-0.0015803
6443.97	-0.00165609
6442.04	-0.00164629
6440.11	-0.00169864
6438.18	-0.00178701
6436.26	-0.0017259
6434.33	-0.0017617
6432.4	-0.00180628
6430.47	-0.00174916
6428.54	-0.00174973
6426.62	-0.00183311
6424.69	-0.0018212
6422.76	-0.00175085
6420.83	-0.00178645
6418.9	-0.00181773
6416.98	-0.0017353
6415.05	-0.00174141
6413.12	-0.00184037
6411.19	-0.0018668
6409.26	-0.001841
6407.34	-0.00182414
6405.41	-0.00190325
6403.48	-0.00199416
6401.55	-0.00202256
6399.62	-0.00192337
6397.7	-0.00179315
6395.77	-0.00192892
6393.84	-0.00211459
6391.91	-0.00202355
6389.98	-0.00188659
6388.06	-0.00185954
6386.13	-0.00185274
6384.2	-0.00183631
6382.27	-0.00186515
6380.34	-0.0019015
6378.42	-0.00195659
6376.49	-0.00208868
6374.56	-0.00210863
6372.63	-0.00207502
6370.7	-0.00206694
6368.77	-0.00205366
6366.85	-0.00198957
6364.92	-0.00196098
6362.99	-0.00200725
6361.06	-0.00203008
6359.13	-0.0020493
6357.21	-0.00206879
6355.28	-0.00216349
6353.35	-0.00224281
6351.42	-0.00240595
6349.49	-0.00236354
6347.57	-0.00223437
6345.64	-0.00229007
6343.71	-0.00226651
6341.78	-0.00213458
6339.85	-0.00221258
6337.93	-0.00233051
6336	-0.0024325
6334.07	-0.00234772
6332.14	-0.00224755
6330.21	-0.00226789
6328.29	-0.00230224
6326.36	-0.00238726
6324.43	-0.00248894
6322.5	-0.00250525
6320.57	-0.00244403
6318.65	-0.00241685
6316.72	-0.00233519
6314.79	-0.00228117
6312.86	-0.00236265
6310.93	-0.00246216
6309.01	-0.00250377
6307.08	-0.00249675
6305.15	-0.00247375
6303.22	-0.00237444
6301.29	-0.00241013
6299.37	-0.00245181
6297.44	-0.00232227
6295.51	-0.00232834
6293.58	-0.00237425
6291.65	-0.00241866
6289.73	-0.00236723
6287.8	-0.00235615
6285.87	-0.00236449
6283.94	-0.0025177
6282.01	-0.00267471
6280.08	-0.00269381
6278.16	-0.00261869
6276.23	-0.00250818
6274.3	-0.00246232
6272.37	-0.00240759
6270.45	-0.00252686
6268.52	-0.00264283
6266.59	-0.00265281
6264.66	-0.00258144
6262.73	-0.00254191
6260.8	-0.00260664
6258.88	-0.0027216
6256.95	-0.00261082
6255.02	-0.00260407
6253.09	-0.00262475
6251.17	-0.00256398
6249.24	-0.00256039
6247.31	-0.00255993
6245.38	-0.00257508
6243.45	-0.00253299
6241.52	-0.00258226
6239.6	-0.00268811
6237.67	-0.00276816
6235.74	-0.00270741
6233.81	-0.00255944
6231.88	-0.00263885
6229.96	-0.00278992
6228.03	-0.00276075
6226.1	-0.0025959
6224.17	-0.00250073
6222.24	-0.00254027
6220.32	-0.0026038
6218.39	-0.0026316
6216.46	-0.00272772
6214.53	-0.00273019
6212.6	-0.00265824
6210.68	-0.00262696
6208.75	-0.00267863
6206.82	-0.00263186
6204.89	-0.00252179
6202.96	-0.00256886
6201.04	-0.00265037
6199.11	-0.00261859
6197.18	-0.00259791
6195.25	-0.00263526
6193.32	-0.00259702
6191.4	-0.00254356
6189.47	-0.00260012
6187.54	-0.00261174
6185.61	-0.00264461
6183.68	-0.00267741
6181.76	-0.00269035
6179.83	-0.00264827
6177.9	-0.00266243
6175.97	-0.00269279
6174.04	-0.00271577
6172.12	-0.00273879
6170.19	-0.00268449
6168.26	-0.00267981
6166.33	-0.00267576
6164.4	-0.00258898
6162.48	-0.00249013
6160.55	-0.0025544
6158.62	-0.00263727
6156.69	-0.00264118
6154.76	-0.00262366
6152.83	-0.00264754
6150.91	-0.00262073
6148.98	-0.00260295
6147.05	-0.00264566
6145.12	-0.00275545
6143.19	-0.00286079
6141.27	-0.00277007
6139.34	-0.00269707
6137.41	-0.00272657
6135.48	-0.00275729
6133.55	-0.00272983
6131.63	-0.00276934
6129.7	-0.00266345
6127.77	-0.00265073
6125.84	-0.00276842
6123.91	-0.00276506
6121.99	-0.00270188
6120.06	-0.00268255
6118.13	-0.00277375
6116.2	-0.00279068
6114.27	-0.00273385
6112.35	-0.00267484
6110.42	-0.00274857
6108.49	-0.0027648
6106.56	-0.00281882
6104.63	-0.0028023
6102.71	-0.00267945
6100.78	-0.00274248
6098.85	-0.00276032
6096.92	-0.00276552
6094.99	-0.0027431
6093.07	-0.00272539
6091.14	-0.00280819
6089.21	-0.00294429
6087.28	-0.00290039
6085.35	-0.00286965
6083.43	-0.00290131
6081.5	-0.00283765
6079.57	-0.0028415
6077.64	-0.00288989
6075.71	-0.00291573
6073.79	-0.00284322
6071.86	-0.00278244
6069.93	-0.00281681
6068	-0.0029022
6066.07	-0.00283298
6064.15	-0.00272901
6062.22	-0.00271008
6060.29	-0.00283416
6058.36	-0.00295654
6056.43	-0.00297085
6054.51	-0.00307078
6052.58	-0.00309167
6050.65	-0.0030182
6048.72	-0.00295265
6046.79	-0.00292761
6044.87	-0.00296832
6042.94	-0.00297378
6041.01	-0.00288074
6039.08	-0.00287432
6037.15	-0.00293886
6035.23	-0.00296302
6033.3	-0.00287952
6031.37	-0.00288275
6029.44	-0.00300524
6027.51	-0.00306621
6025.58	-0.00309424
6023.66	-0.00300113
6021.73	-0.00294416
6019.8	-0.00303044
6017.87	-0.00316747
6015.94	-0.00311625
6014.02	-0.00298842
6012.09	-0.00305124
6010.16	-0.00313072
6008.23	-0.00309615
6006.3	-0.00300649
6004.38	-0.0030185
6002.45	-0.00298879
6000.52	-0.00303949
5998.59	-0.00310095
5996.66	-0.00310075
5994.74	-0.00313645
5992.81	-0.00312056
5990.88	-0.00304222
5988.95	-0.00298744
5987.02	-0.00304041
5985.1	-0.00307499
5983.17	-0.00302926
5981.24	-0.00301037
5979.31	-0.00307404
5977.38	-0.00319246
5975.46	-0.00326189
5973.53	-0.00317441
5971.6	-0.00310144
5969.67	-0.00306818
5967.74	-0.00315868
5965.82	-0.00323285
5963.89	-0.00320904
5961.96	-0.00320256
5960.03	-0.00317789
5958.1	-0.00318154
5956.18	-0.00322019
5954.25	-0.00313829
5952.32	-0.00314536
5950.39	-0.00314431
5948.46	-0.00321164
5946.54	-0.00329461
5944.61	-0.00337172
5942.68	-0.00343415
5940.75	-0.00335771
5938.82	-0.00323022
5936.9	-0.00319095
5934.97	-0.00323193
5933.04	-0.00325989
5931.11	-0.00325439
5929.18	-0.00325124
5927.25	-0.0032612
5925.33	-0.00325755
5923.4	-0.00334038
5921.47	-0.00345371
5919.54	-0.00347994
5917.62	-0.00331507
5915.69	-0.0032538
5913.76	-0.00336501
5911.83	-0.00335482
5909.9	-0.0033896
5907.97	-0.00329984
5906.05	-0.0033077
5904.12	-0.00338191
5902.19	-0.00341774
5900.26	-0.00345144
5898.33	-0.00341364
5896.41	-0.00342212
5894.48	-0.00348319
5892.55	-0.00344766
5890.62	-0.00334515
5888.69	-0.00336232
5886.77	-0.00332276
5884.84	-0.00335117
5882.91	-0.00345381
5880.98	-0.00342649
5879.05	-0.00335728
5877.13	-0.00336971
5875.2	-0.00347866
5873.27	-0.00347359
5871.34	-0.00343543
5869.41	-0.00340095
5867.49	-0.0033444
5865.56	-0.00334219
5863.63	-0.00337872
5861.7	-0.0033467
5859.77	-0.00331757
5857.85	-0.00334466
5855.92	-0.00342833
5853.99	-0.00335025
5852.06	-0.00327663
5850.13	-0.0033683
5848.21	-0.00336218
5846.28	-0.00335975
5844.35	-0.00340634
5842.42	-0.00348171
5840.49	-0.00346725
5838.57	-0.00341087
5836.64	-0.00339214
5834.71	-0.00344332
5832.78	-0.00355813
5830.85	-0.0035785
5828.93	-0.00346922
5827	-0.00330303
5825.07	-0.00336412
5823.14	-0.00353506
5821.21	-0.00357285
5819.29	-0.00357551
5817.36	-0.00353571
5815.43	-0.00345982
5813.5	-0.00340127
5811.57	-0.00343533
5809.65	-0.00347547
5807.72	-0.00344588
5805.79	-0.00356233
5803.86	-0.00366568
5801.93	-0.00368657
5800	-0.00361886
5798.08	-0.00342688
5796.15	-0.00331852
5794.22	-0.00337356
5792.29	-0.00344174
5790.36	-0.00342044
5788.44	-0.00344904
5786.51	-0.00347524
5784.58	-0.00352027
5782.65	-0.00347734
5780.72	-0.00336301
5778.8	-0.00342208
5776.87	-0.00351093
5774.94	-0.00349614
5773.01	-0.00351231
5771.08	-0.00351764
5769.16	-0.00358307
5767.23	-0.00359148
5765.3	-0.00348102
5763.37	-0.00343563
5761.44	-0.00343471
5759.52	-0.00350025
5757.59	-0.00354699
5755.66	-0.00356536
5753.73	-0.00352171
5751.8	-0.00343665
5749.88	-0.00350331
5747.95	-0.00350357
5746.02	-0.00346511
5744.09	-0.00350666
5742.16	-0.0035207
5740.24	-0.00351843
5738.31	-0.00346797
5736.38	-0.00337441
5734.45	-0.00344365
5732.52	-0.00351715
5730.6	-0.00351386
5728.67	-0.00345811
5726.74	-0.00336485
5724.81	-0.00347724
5722.88	-0.00350913
5720.96	-0.00336218
5719.03	-0.00337445
5717.1	-0.00345397
5715.17	-0.00340624
5713.24	-0.00337793
5711.32	-0.00345818
5709.39	-0.00351682
5707.46	-0.00357689
5705.53	-0.00351425
5703.6	-0.00344648
5701.68	-0.00340584
5699.75	-0.00338447
5697.82	-0.00339437
5695.89	-0.00348112
5693.96	-0.00362214
5692.03	-0.00356539
5690.11	-0.00341364
5688.18	-0.00344842
5686.25	-0.00347662
5684.32	-0.00352756
5682.4	-0.00352586
5680.47	-0.00342915
5678.54	-0.00349177
5676.61	-0.00362842
5674.68	-0.00360515
5672.75	-0.00342044
5670.83	-0.00337994
5668.9	-0.00348089
5666.97	-0.00340604
5665.04	-0.00340999
5663.11	-0.00346702
5661.19	-0.00349943
5659.26	-0.00353006
5657.33	-0.00349243
5655.4	-0.00353069
5653.47	-0.0035275
5651.55	-0.00345529
5649.62	-0.00340778
5647.69	-0.00348369
5645.76	-0.00359411
5643.83	-0.00358123
5641.91	-0.00351889
5639.98	-0.0033825
5638.05	-0.00340394
5636.12	-0.00353706
5634.19	-0.00363736
5632.27	-0.00362993
5630.34	-0.00358563
5628.41	-0.00357466
5626.48	-0.00353762
5624.55	-0.00347774
5622.63	-0.0034613
5620.7	-0.00352983
5618.77	-0.003567
5616.84	-0.00350502
5614.91	-0.00341627
5612.99	-0.00342159
5611.06	-0.00353779
5609.13	-0.00366065
5607.2	-0.00356884
5605.27	-0.00348852
5603.35	-0.00351935
5601.42	-0.00355356
5599.49	-0.00357085
5597.56	-0.0034876
5595.63	-0.0034918
5593.71	-0.00350696
5591.78	-0.00345006
5589.85	-0.00341702
5587.92	-0.00351504
5585.99	-0.0035693
5584.07	-0.00345213
5582.14	-0.00342314
5580.21	-0.00352129
5578.28	-0.00357676
5576.35	-0.0035533
5574.43	-0.00351882
5572.5	-0.0035952
5570.57	-0.00363821
5568.64	-0.00354978
5566.71	-0.00356026
5564.79	-0.00353581
5562.86	-0.00343487
5560.93	-0.00350331
5559	-0.00362477
5557.07	-0.00361439
5555.14	-0.00350426
5553.22	-0.00344283
5551.29	-0.00350518
5549.36	-0.00362625
5547.43	-0.00362806
5545.5	-0.00366693
5543.58	-0.00368427
5541.65	-0.00359457
5539.72	-0.00353808
5537.79	-0.00354298
5535.86	-0.00355313
5533.94	-0.00360571
5532.01	-0.00367264
5530.08	-0.00370619
5528.15	-0.00364288
5526.22	-0.00350495
5524.3	-0.00344132
5522.37	-0.00344487
5520.44	-0.00347507
5518.51	-0.00352618
5516.58	-0.00357676
5514.66	-0.00356007
5512.73	-0.00353463
5510.8	-0.00348129
5508.87	-0.00352221
5506.94	-0.00357584
5505.02	-0.00361212
5503.09	-0.00364432
5501.16	-0.00371512
5499.23	-0.00368017
5497.3	-0.00362359
5495.38	-0.00348947
5493.45	-0.00347195
5491.52	-0.00357942
5489.59	-0.00367389
5487.66	-0.00367241
5485.74	-0.00365378
5483.81	-0.00360095
5481.88	-0.00360936
5479.95	-0.00370093
5478.02	-0.00373391
5476.1	-0.0037325
5474.17	-0.00364567
5472.24	-0.00356802
5470.31	-0.00367599
5468.38	-0.00381551
5466.46	-0.00386037
5464.53	-0.00371805
5462.6	-0.00357702
5460.67	-0.00353723
5458.74	-0.00360295
5456.82	-0.0036551
5454.89	-0.00356283
5452.96	-0.00359185
5451.03	-0.00363811
5449.1	-0.00359638
5447.17	-0.00367199
5445.25	-0.00370819
5443.32	-0.0036707
5441.39	-0.00373257
5439.46	-0.00371033
5437.54	-0.00363745
5435.61	-0.00370073
5433.68	-0.00368368
5431.75	-0.0036322
5429.82	-0.00363312
5427.89	-0.00370947
5425.97	-0.00376433
5424.04	-0.00368082
5422.11	-0.00365135
5420.18	-0.00369203
5418.25	-0.00368713
5416.33	-0.00365602
5414.4	-0.00376844
5412.47	-0.00375546
5410.54	-0.00364288
5408.61	-0.00359914
5406.69	-0.00361281
5404.76	-0.00372301
5402.83	-0.00375329
5400.9	-0.00369531
5398.97	-0.00370027
5397.05	-0.00366959
5395.12	-0.0036323
5393.19	-0.00367442
5391.26	-0.00367734
5389.33	-0.00363956
5387.41	-0.00364849
5385.48	-0.00372764
5383.55	-0.0037916
5381.62	-0.00371348
5379.69	-0.00371414
5377.77	-0.00377557
5375.84	-0.00375198
5373.91	-0.00366877
5371.98	-0.00360479
5370.05	-0.00357259
5368.13	-0.00360032
5366.2	-0.00364685
5364.27	-0.00367691
5362.34	-0.00371864
5360.41	-0.00376712
5358.49	-0.00373638
5356.56	-0.00366075
5354.63	-0.00362934
5352.7	-0.00359191
5350.77	-0.00361419
5348.85	-0.00368345
5346.92	-0.0037392
5344.99	-0.00370573
5343.06	-0.00369015
5341.13	-0.00377271
5339.21	-0.00374351
5337.28	-0.00368595
5335.35	-0.00366768
5333.42	-0.00367126
5331.49	-0.00373887
5329.56	-0.00375632
5327.64	-0.00366666
5325.71	-0.00360726
5323.78	-0.00360798
5321.85	-0.00363621
5319.92	-0.00356217
5318	-0.0035296
5316.07	-0.00356565
5314.14	-0.00363157
5312.21	-0.00357614
5310.28	-0.00344723
5308.36	-0.00353733
5306.43	-0.00356986
5304.5	-0.00344155
5302.57	-0.00338375
5300.64	-0.00343034
5298.72	-0.00340742
5296.79	-0.00341114
5294.86	-0.003438
5292.93	-0.00343181
5291	-0.00342366
5289.08	-0.00344704
5287.15	-0.00349808
5285.22	-0.00338707
5283.29	-0.00324334
5281.36	-0.00325518
5279.44	-0.00328475
5277.51	-0.00330109
5275.58	-0.00330349
5273.65	-0.00324446
5271.72	-0.00325515
5269.8	-0.00324759
5267.87	-0.00323496
5265.94	-0.0032143
5264.01	-0.00323963
5262.08	-0.00313783
5260.16	-0.00304657
5258.23	-0.00311737
5256.3	-0.00311046
5254.37	-0.00297974
5252.44	-0.00297625
5250.52	-0.00292455
5248.59	-0.00297052
5246.66	-0.0029438
5244.73	-0.00287156
5242.8	-0.00282172
5240.88	-0.00270425
5238.95	-0.00270405
5237.02	-0.00274764
5235.09	-0.00270487
5233.16	-0.00259567
5231.24	-0.00256115
5229.31	-0.00246295
5227.38	-0.00241254
5225.45	-0.00239718
5223.52	-0.00228549
5221.6	-0.00215162
5219.67	-0.00210497
5217.74	-0.00214885
5215.81	-0.00202678
5213.88	-0.00187376
5211.96	-0.00185759
5210.03	-0.00200313
5208.1	-0.00201042
5206.17	-0.00187765
5204.24	-0.00173636
5202.31	-0.00166751
5200.39	-0.00161929
5198.46	-0.0015314
5196.53	-0.00147626
5194.6	-0.00141464
5192.67	-0.00125341
5190.75	-0.00118696
5188.82	-0.00119433
5186.89	-0.00111049
5184.96	-0.000989414
5183.03	-0.000945609
5181.11	-0.000884903
5179.18	-0.000763234
5177.25	-0.00067928
5175.32	-0.000590974
5173.39	-0.000435792
5171.47	-0.000407424
5169.54	-0.000401995
5167.61	-0.000272012
5165.68	-0.000215782
5163.75	-0.000202468
5161.83	-0.000217901
5159.9	-0.00015494
5157.97	7.7176e-05
5156.04	0.000106937
5154.11	0.000130269
5152.19	0.000256334
5150.26	0.000369071
5148.33	0.000503797
5146.4	0.000544601
5144.47	0.000552331
5142.55	0.000611356
5140.62	0.000672611
5138.69	0.000682567
5136.76	0.000655554
5134.83	0.000774204
5132.91	0.000921374
5130.98	0.00107188
5129.05	0.00109925
5127.12	0.00112384
5125.19	0.00120188
5123.27	0.00115324
5121.34	0.00123098
5119.41	0.00133895
5117.48	0.00134254
5115.55	0.00131632
5113.62	0.00139436
5111.7	0.00149755
5109.77	0.00152239
5107.84	0.00146833
5105.91	0.00149134
5103.99	0.00153326
5102.06	0.00157333
5100.13	0.00160928
5098.2	0.0016776
5096.27	0.00165535
5094.34	0.0016478
5092.42	0.00168571
5090.49	0.00168043
5088.56	0.00164879
5086.63	0.0017602
5084.71	0.00183339
5082.78	0.00187512
5080.85	0.0019969
5078.92	0.00199454
5076.99	0.00191602
5075.06	0.00188058
5073.14	0.00183413
5071.21	0.00187905
5069.28	0.00200625
5067.35	0.00203961
5065.42	0.00211958
5063.5	0.00219057
5061.57	0.00222191
5059.64	0.00229139
5057.71	0.00227557
5055.78	0.00231224
5053.86	0.00242265
5051.93	0.00247603
5050	0.0024489
5048.07	0.00251232
5046.14	0.00261838
5044.22	0.00270065
5042.29	0.0027639
5040.36	0.00283851
5038.43	0.00287676
5036.5	0.00299699
5034.58	0.00302404
5032.65	0.00301283
5030.72	0.00315676
5028.79	0.00337439
5026.86	0.00353166
5024.94	0.00371927
5023.01	0.00391014
5021.08	0.00390539
5019.15	0.0038633
5017.22	0.00386293
5015.3	0.00391468
5013.37	0.00387206
5011.44	0.00373622
5009.51	0.00357653
5007.58	0.00340895
5005.66	0.00321981
5003.73	0.0030466
5001.8	0.00295021
4999.87	0.00283917
4997.94	0.00277524
4996.02	0.00270259
4994.09	0.00254075
4992.16	0.00242331
4990.23	0.00236497
4988.3	0.00236504
4986.38	0.00234159
4984.45	0.00222894
4982.52	0.00210826
4980.59	0.00207497
4978.66	0.00199883
4976.73	0.00198681
4974.81	0.00201441
4972.88	0.00199693
4970.95	0.00196684
4969.02	0.00197646
4967.09	0.00194178
4965.17	0.00186035
4963.24	0.00180012
4961.31	0.00182897
4959.38	0.00180864
4957.45	0.00176645
4955.53	0.00166529
4953.6	0.00166486
4951.67	0.00171602
4949.74	0.00172214
4947.81	0.00167856
4945.89	0.00165628
4943.96	0.00164257
4942.03	0.00160296
4940.1	0.00151574
4938.17	0.00140899
4936.25	0.00143349
4934.32	0.00149489
4932.39	0.00146979
4930.46	0.00138994
4928.53	0.00133649
4926.61	0.00132347
4924.68	0.00136415
4922.75	0.0013124
4920.82	0.00122042
4918.89	0.00114447
4916.97	0.00100605
4915.04	0.00106308
4913.11	0.00103897
4911.18	0.000934258
4909.25	0.000936283
4907.33	0.000909155
4905.4	0.000916792
4903.47	0.000892388
4901.54	0.000832163
4899.61	0.00074765
4897.69	0.000704305
4895.76	0.000800925
4893.83	0.000772245
4891.9	0.000613811
4889.97	0.000565668
4888.05	0.000480179
4886.12	0.000402069
4884.19	0.000412549
4882.26	0.000437623
4880.33	0.000311273
4878.41	0.000183369
4876.48	0.00026396
4874.55	0.00029244
4872.62	0.00015072
4870.69	6.56104e-05
4868.77	7.40278e-05
4866.84	1.93507e-05
4864.91	-5.84445e-05
4862.98	-0.000156464
4861.05	-0.000218928
4859.12	-0.000137584
4857.2	-0.000168884
4855.27	-0.000283469
4853.34	-0.000259859
4851.41	-0.000224624
4849.48	-0.000252938
4847.56	-0.000350781
4845.63	-0.000478325
4843.7	-0.000573106
4841.77	-0.000611059
4839.84	-0.000625716
4837.92	-0.000608974
4835.99	-0.000648214
4834.06	-0.000750764
4832.13	-0.00086245
4830.2	-0.000895914
4828.28	-0.000864931
4826.35	-0.000944188
4824.42	-0.00103318
4822.49	-0.0010187
4820.56	-0.00104743
4818.64	-0.00112913
4816.71	-0.00113445
4814.78	-0.00113739
4812.85	-0.00121591
4810.92	-0.00126609
4809	-0.00128813
4807.07	-0.00140159
4805.14	-0.00152061
4803.21	-0.00166217
4801.28	-0.00172517
4799.36	-0.00174081
4797.43	-0.00184667
4795.5	-0.00185367
4793.57	-0.00173844
4791.64	-0.00170105
4789.72	-0.00181625
4787.79	-0.00201045
4785.86	-0.00206358
4783.93	-0.00203149
4782	-0.00205837
4780.08	-0.00207832
4778.15	-0.00213896
4776.22	-0.00216853
4774.29	-0.00218413
4772.36	-0.00220885
4770.44	-0.00224877
4768.51	-0.00228668
4766.58	-0.00233058
4764.65	-0.00240347
4762.72	-0.00245171
4760.79	-0.00250396
4758.87	-0.00251839
4756.94	-0.00257475
4755.01	-0.00268778
4753.08	-0.00273971
4751.16	-0.00276641
4749.23	-0.00281263
4747.3	-0.00274244
4745.37	-0.0027054
4743.44	-0.00286037
4741.51	-0.00292231
4739.59	-0.00289012
4737.66	-0.00295726
4735.73	-0.00310112
4733.8	-0.00319697
4731.88	-0.00319029
4729.95	-0.00300731
4728.02	-0.00305841
4726.09	-0.00327935
4724.16	-0.00327715
4722.23	-0.00328222
4720.31	-0.00341482
4718.38	-0.00348858
4716.45	-0.00345082
4714.52	-0.00344348
4712.59	-0.00347514
4710.67	-0.00340795
4708.74	-0.00342067
4706.81	-0.00342702
4704.88	-0.00353542
4702.95	-0.00363026
4701.03	-0.00368549
4699.1	-0.00370106
4697.17	-0.00374222
4695.24	-0.00382244
4693.31	-0.00380756
4691.39	-0.00373789
4689.46	-0.00376417
4687.53	-0.00383869
4685.6	-0.00383623
4683.67	-0.00384352
4681.75	-0.00396253
4679.82	-0.00397631
4677.89	-0.00397553
4675.96	-0.0039858
4674.03	-0.00400704
4672.11	-0.00393409
4670.18	-0.003909
4668.25	-0.0039726
4666.32	-0.00410024
4664.39	-0.00417156
4662.47	-0.00417074
4660.54	-0.00423699
4658.61	-0.0042841
4656.68	-0.0042905
4654.75	-0.00421822
4652.83	-0.00414048
4650.9	-0.00415095
4648.97	-0.00427098
4647.04	-0.00428312
4645.11	-0.00424326
4643.19	-0.00423197
4641.26	-0.00426448
4639.33	-0.00433443
4637.4	-0.00444851
4635.47	-0.00451262
4633.54	-0.00447471
4631.62	-0.00447717
4629.69	-0.00447193
4627.76	-0.00440866
4625.83	-0.0044472
4623.9	-0.00449459
4621.98	-0.00453364
4620.05	-0.00451902
4618.12	-0.00444628
4616.19	-0.00441306
4614.26	-0.0045178
4612.34	-0.00458332
4610.41	-0.00459502
4608.48	-0.00449829
4606.55	-0.00445386
4604.62	-0.00458758
4602.7	-0.00469094
4600.77	-0.00470949
4598.84	-0.0046656
4596.91	-0.00459761
4594.98	-0.0046025
4593.06	-0.00458591
4591.13	-0.00454676
4589.2	-0.00461
4587.27	-0.0046619
4585.34	-0.00460371
4583.42	-0.00462489
4581.49	-0.0046301
4579.56	-0.00459794
4577.63	-0.00456463
4575.7	-0.00460269
4573.78	-0.00461771
4571.85	-0.00462066
4569.92	-0.00459469
4567.99	-0.00456289
4566.06	-0.00457555
4564.14	-0.00456289
4562.21	-0.00449387
4560.28	-0.00441722
4558.35	-0.00431777
4556.42	-0.00430241
4554.5	-0.00433771
4552.57	-0.00435234
4550.64	-0.00431967
4548.71	-0.00420828
4546.78	-0.00412558
4544.86	-0.00411619
4542.93	-0.00407237
4541	-0.00401263
4539.07	-0.00398091
4537.14	-0.00403603
4535.22	-0.00403767
4533.29	-0.00403613
4531.36	-0.00402776
4529.43	-0.00400061
4527.5	-0.00397645
4525.58	-0.00395927
4523.65	-0.00394598
4521.72	-0.00397769
4519.79	-0.00406265
4517.86	-0.00406823
4515.94	-0.00408432
4514.01	-0.0041348
4512.08	-0.00422039
4510.15	-0.00427
4508.22	-0.00430782
4506.29	-0.00441302
4504.37	-0.00444612
4502.44	-0.00445104
4500.51	-0.00454322
4498.58	-0.00457545
4496.65	-0.00459069
4494.73	-0.00463413
4492.8	-0.00466891
4490.87	-0.00467035
4488.94	-0.00464387
4487.01	-0.00473198
4485.09	-0.00482102
4483.16	-0.00489136
4481.23	-0.00497136
4479.3	-0.00491184
4477.37	-0.00487348
4475.45	-0.00489458
4473.52	-0.00493598
4471.59	-0.00496406
4469.66	-0.00492275
4467.73	-0.00492684
4465.81	-0.00495354
4463.88	-0.00492187
4461.95	-0.00493006
4460.02	-0.00491502
4458.09	-0.00499364
4456.17	-0.00506992
4454.24	-0.00509694
4452.31	-0.00506661
4450.38	-0.00509409
4448.45	-0.00514242
4446.53	-0.00502525
4444.6	-0.00499881
4442.67	-0.00505063
4440.74	-0.00497284
4438.81	-0.00494925
4436.89	-0.00503478
4434.96	-0.00510666
4433.03	-0.00501588
4431.1	-0.00494955
4429.17	-0.00505534
4427.25	-0.00510774
4425.32	-0.00499813
4423.39	-0.00498185
4421.46	-0.00510525
4419.53	-0.00519206
4417.61	-0.00512376
4415.68	-0.00498411
4413.75	-0.00497539
4411.82	-0.00503926
4409.89	-0.00503108
4407.96	-0.00498931
4406.04	-0.00497143
4404.11	-0.00503789
4402.18	-0.00507915
4400.25	-0.00505682
4398.33	-0.00506471
4396.4	-0.00509982
4394.47	-0.00515529
4392.54	-0.00517212
4390.61	-0.00508289
4388.68	-0.00505751
4386.76	-0.0051102
4384.83	-0.00512448
4382.9	-0.00508636
4380.97	-0.00508845
4379.04	-0.00512192
4377.12	-0.00512732
4375.19	-0.00506327
4373.26	-0.00504395
4371.33	-0.00509566
4369.4	-0.00510846
4367.48	-0.00502551
4365.55	-0.00495181
4363.62	-0.00493458
4361.69	-0.00495299
4359.76	-0.00491879
4357.84	-0.00496114
4355.91	-0.00503553
4353.98	-0.00509874
4352.05	-0.00505125
4350.12	-0.00495282
4348.2	-0.00499469
4346.27	-0.00506772
4344.34	-0.00504418
4342.41	-0.00497434
4340.48	-0.00498974
4338.56	-0.0050332
4336.63	-0.00507781
4334.7	-0.00505534
4332.77	-0.00497199
4330.84	-0.00490676
4328.92	-0.00496527
4326.99	-0.0050525
4325.06	-0.00511066
4323.13	-0.00508056
4321.2	-0.00497562
4319.28	-0.00491512
4317.35	-0.00493097
4315.42	-0.00484815
4313.49	-0.00484441
4311.56	-0.00490427
4309.64	-0.00490788
4307.71	-0.00486296
4305.78	-0.00480935
4303.85	-0.00478114
4301.92	-0.0048702
4300	-0.00486515
4298.07	-0.00482266
4296.14	-0.00478841
4294.21	-0.0047967
4292.28	-0.0048681
4290.35	-0.00483386
4288.43	-0.00482121
4286.5	-0.00484916
4284.57	-0.00481862
4282.64	-0.00480027
4280.71	-0.00480388
4278.79	-0.0048587
4276.86	-0.00487407
4274.93	-0.00491066
4273	-0.00495374
4271.07	-0.00490211
4269.15	-0.00479208
4267.22	-0.00480807
4265.29	-0.00482819
4263.36	-0.00472752
4261.43	-0.00463757
4259.51	-0.00463174
4257.58	-0.00473981
4255.65	-0.00472198
4253.72	-0.0046974
4251.79	-0.00474702
4249.87	-0.00476593
4247.94	-0.00476055
4246.01	-0.00468153
4244.08	-0.00469494
4242.15	-0.00479428
4240.23	-0.00474174
4238.3	-0.00468937
4236.37	-0.00470497
4234.44	-0.00470677
4232.51	-0.00463475
4230.59	-0.00456787
4228.66	-0.00455627
4226.73	-0.00455253
4224.8	-0.00461033
4222.87	-0.00467517
4220.95	-0.00475112
4219.02	-0.00476622
4217.09	-0.00473417
4215.16	-0.00467045
4213.23	-0.00466518
4211.31	-0.00463666
4209.38	-0.00459338
4207.45	-0.00460335
4205.52	-0.00463623
4203.59	-0.00462046
4201.67	-0.00449223
4199.74	-0.00449911
4197.81	-0.00454413
4195.88	-0.00455168
4193.95	-0.0046518
4192.03	-0.0047367
4190.1	-0.00466386
4188.17	-0.00454722
4186.24	-0.00447521
4184.31	-0.00452072
4182.39	-0.00457519
4180.46	-0.00451961
4178.53	-0.00450485
4176.6	-0.00462384
4174.67	-0.00463144
4172.75	-0.0045445
4170.82	-0.0045365
4168.89	-0.00456735
4166.96	-0.00457856
4165.03	-0.00458319
4163.1	-0.00456355
4161.18	-0.00457991
4159.25	-0.00453322
4157.32	-0.00445133
4155.39	-0.00441404
4153.46	-0.00443772
4151.54	-0.00449947
4149.61	-0.00452512
4147.68	-0.0044779
4145.75	-0.00453246
4143.82	-0.00452974
4141.9	-0.00448085
4139.97	-0.00450075
4138.04	-0.0044552
4136.11	-0.00443001
4134.18	-0.00440282
4132.26	-0.00433906
4130.33	-0.00427636
4128.4	-0.00427826
4126.47	-0.00434106
4124.54	-0.00441788
4122.62	-0.00444494
4120.69	-0.00442158
4118.76	-0.0044187
4116.83	-0.0043836
4114.9	-0.00430336
4112.98	-0.00431101
4111.05	-0.00435667
4109.12	-0.00440437
4107.19	-0.00440958
4105.26	-0.00434598
4103.34	-0.0043961
4101.41	-0.00445641
4099.48	-0.00447344
4097.55	-0.00437166
4095.62	-0.00432413
4093.7	-0.0043138
4091.77	-0.0043323
4089.84	-0.00435247
4087.91	-0.00439882
4085.98	-0.00443644
4084.06	-0.00447957
4082.13	-0.00447409
4080.2	-0.0043818
4078.27	-0.00433853
4076.34	-0.00434217
4074.42	-0.00431357
4072.49	-0.00433945
4070.56	-0.00438518
4068.63	-0.00432357
4066.7	-0.00415771
4064.78	-0.00417034
4062.85	-0.00431947
4060.92	-0.00432518
4058.99	-0.00432958
4057.06	-0.00435264
4055.14	-0.00432282
4053.21	-0.00427114
4051.28	-0.0042926
4049.35	-0.00423033
4047.42	-0.00415869
4045.5	-0.00415895
4043.57	-0.0042758
4041.64	-0.00429595
4039.71	-0.0042154
4037.78	-0.00425333
4035.85	-0.00419801
4033.93	-0.00422918
4032	-0.00431865
4030.07	-0.00423417
4028.14	-0.00420634
4026.21	-0.00418065
4024.29	-0.00413546
4022.36	-0.00415853
4020.43	-0.00424627
4018.5	-0.00427698
4016.57	-0.0042761
4014.65	-0.00433223
4012.72	-0.00422206
4010.79	-0.00414274
4008.86	-0.00425674
4006.93	-0.00424808
4005.01	-0.00418878
4003.08	-0.00414894
4001.15	-0.0041791
3999.22	-0.00418678
3997.29	-0.00419607
3995.37	-0.00414281
3993.44	-0.00406249
3991.51	-0.00400731
3989.58	-0.00401315
3987.65	-0.0040788
3985.73	-0.00412275
3983.8	-0.00411681
3981.87	-0.00418806
3979.94	-0.00416604
3978.01	-0.00419627
3976.09	-0.0041329
3974.16	-0.00413634
3972.23	-0.00430937
3970.3	-0.00434145
3968.37	-0.00424257
3966.45	-0.00414927
3964.52	-0.00407434
3962.59	-0.00411035
3960.66	-0.00413273
3958.73	-0.00416581
3956.81	-0.00423637
3954.88	-0.00423118
3952.95	-0.00423079
3951.02	-0.00414803
3949.09	-0.0040707
3947.17	-0.00406945
3945.24	-0.00412581
3943.31	-0.00415577
3941.38	-0.00421422
3939.45	-0.00426435
3937.53	-0.0042236
3935.6	-0.00424155
3933.67	-0.00427538
3931.74	-0.00422544
3929.81	-0.00422649
3927.88	-0.00425766
3925.96	-0.00429611
3924.03	-0.00431573
3922.1	-0.00434863
3920.17	-0.00440696
3918.24	-0.00423564
3916.32	-0.00409577
3914.39	-0.0041732
3912.46	-0.00423371
3910.53	-0.00427466
3908.6	-0.00426698
3906.68	-0.00430773
3904.75	-0.00441706
3902.82	-0.00442463
3900.89	-0.00442542
3898.96	-0.00432777
3897.04	-0.00417782
3895.11	-0.0041855
3893.18	-0.00429605
3891.25	-0.00430536
3889.32	-0.00421641
3887.4	-0.00428765
3885.47	-0.00429375
3883.54	-0.00426704
3881.61	-0.00428345
3879.68	-0.00427889
3877.76	-0.00426514
3875.83	-0.00425402
3873.9	-0.00429047
3871.97	-0.0043301
3870.04	-0.00427981
3868.12	-0.0042533
3866.19	-0.00424808
3864.26	-0.00418885
3862.33	-0.00414976
3860.4	-0.00417293
3858.48	-0.00425356
3856.55	-0.0044246
3854.62	-0.00458932
3852.69	-0.0044125
3850.76	-0.00422724
3848.84	-0.00408501
3846.91	-0.00403787
3844.98	-0.00405678
3843.05	-0.00405875
3841.12	-0.00410519
3839.2	-0.00420644
3837.27	-0.00417146
3835.34	-0.00401811
3833.41	-0.00399312
3831.48	-0.00400632
3829.56	-0.00399299
3827.63	-0.00392651
3825.7	-0.00387948
3823.77	-0.00396236
3821.84	-0.00397237
3819.92	-0.00385354
3817.99	-0.00394378
3816.06	-0.00397257
3814.13	-0.00386595
3812.2	-0.00383281
3810.27	-0.00380664
3808.35	-0.00381771
3806.42	-0.0037802
3804.49	-0.00378847
3802.56	-0.00393721
3800.64	-0.00387324
3798.71	-0.00379209
3796.78	-0.00361715
3794.85	-0.00346173
3792.92	-0.00345545
3790.99	-0.00338812
3789.07	-0.00334058
3787.14	-0.00330757
3785.21	-0.00320809
3783.28	-0.00323871
3781.35	-0.00340492
3779.43	-0.00340275
3777.5	-0.00330537
3775.57	-0.00322272
3773.64	-0.00329103
3771.71	-0.00331007
3769.79	-0.00322864
3767.86	-0.0031502
3765.93	-0.00306601
3764	-0.00298987
3762.07	-0.00302123
3760.15	-0.00299557
3758.22	-0.00294729
3756.29	-0.00294163
3754.36	-0.00310717
3752.43	-0.00313484
3750.51	-0.00295137
3748.58	-0.00282063
3746.65	-0.00299172
3744.72	-0.00285168
3742.79	-0.0025146
3740.87	-0.00254652
3738.94	-0.00266124
3737.01	-0.00262729
3735.08	-0.00246927
3733.15	-0.00238354
3731.23	-0.00229185
3729.3	-0.00221439
3727.37	-0.00210286
3725.44	-0.00201797
3723.51	-0.00195237
3721.59	-0.00185116
3719.66	-0.0016081
3717.73	-0.00157139
3715.8	-0.0017192
3713.87	-0.00184067
3711.95	-0.00181731
3710.02	-0.00161229
3708.09	-0.00140988
3706.16	-0.00116125
3704.23	-0.00113957
3702.31	-0.00126652
3700.38	-0.00109773
3698.45	-0.000878621
3696.52	-0.000645005
3694.59	-0.000563476
3692.67	-0.000582768
3690.74	-0.000439797
3688.81	-0.000193327
3686.88	8.57594e-05
3684.95	0.000326659
3683.02	0.000564175
3681.1	0.000802353
3679.17	0.000911512
3677.24	0.00106076
3675.31	0.00123055
3673.38	0.00139187
3671.46	0.00160539
3669.53	0.0019494
3667.6	0.00224909
3665.67	0.00261921
3663.74	0.00294861
3661.82	0.00329613
3659.89	0.00372408
3657.96	0.0040065
3656.03	0.00420562
3654.1	0.00463451
3652.18	0.0050468
3650.25	0.0053595
3648.32	0.00584154
3646.39	0.00645466
3644.46	0.00704615
3642.54	0.00748004
3640.61	0.00797299
3638.68	0.00856567
3636.75	0.00919456
3634.82	0.00991412
3632.9	0.0105043
3630.97	0.0110592
3629.04	0.0118986
3627.11	0.0128695
3625.18	0.0138395
3623.26	0.0146711
3621.33	0.0155268
3619.4	0.0164585
3617.47	0.0173915
3615.54	0.0183022
3613.62	0.0193228
3611.69	0.0203299
3609.76	0.0215015
3607.83	0.0229324
3605.9	0.0242535
3603.98	0.0254271
3602.05	0.0267642
3600.12	0.0282975
3598.19	0.0297887
3596.26	0.0313606
3594.34	0.0330891
3592.41	0.0347078
3590.48	0.036151
3588.55	0.0379705
3586.62	0.04016
3584.7	0.0423439
3582.77	0.0444685
3580.84	0.0465218
3578.91	0.0487442
3576.98	0.0512029
3575.05	0.0539008
3573.13	0.0566233
3571.2	0.0592152
3569.27	0.0618455
3567.34	0.0648365
3565.42	0.068144
3563.49	0.0714932
3561.56	0.0748032
3559.63	0.0783568
3557.7	0.0821363
3555.77	0.0860733
3553.85	0.0901816
3551.92	0.0944905
3549.99	0.0990218
3548.06	0.103749
3546.13	0.10869
3544.21	0.113862
3542.28	0.119283
3540.35	0.124959
3538.42	0.130682
3536.49	0.136747
3534.57	0.14325
3532.64	0.149972
3530.71	0.157117
3528.78	0.1645
3526.85	0.172075
3524.93	0.179703
3523	0.187789
3521.07	0.196214
3519.14	0.205023
3517.21	0.213998
3515.29	0.223255
3513.36	0.232811
3511.43	0.242442
3509.5	0.252275
3507.57	0.262554
3505.65	0.272914
3503.72	0.283297
3501.79	0.293741
3499.86	0.30422
3497.93	0.314705
3496.01	0.325094
3494.08	0.335552
3492.15	0.345806
3490.22	0.355895
3488.29	0.365764
3486.37	0.375359
3484.44	0.384442
3482.51	0.392866
3480.58	0.400776
3478.65	0.408328
3476.73	0.415638
3474.8	0.422425
3472.87	0.428358
3470.94	0.433398
3469.01	0.437923
3467.09	0.442052
3465.16	0.445439
3463.23	0.447855
3461.3	0.449826
3459.37	0.451517
3457.44	0.452643
3455.52	0.452788
3453.59	0.452739
3451.66	0.452627
3449.73	0.45172
3447.81	0.450547
3445.88	0.449263
3443.95	0.447664
3442.02	0.445886
3440.09	0.44403
3438.16	0.442238
3436.24	0.440248
3434.31	0.437782
3432.38	0.435173
3430.45	0.432713
3428.52	0.430185
3426.6	0.427536
3424.67	0.425044
3422.74	0.422251
3420.81	0.419149
3418.88	0.416331
3416.96	0.41365
3415.03	0.410633
3413.1	0.407669
3411.17	0.405037
3409.24	0.40231
3407.32	0.399737
3405.39	0.397593
3403.46	0.395709
3401.53	0.394044
3399.6	0.392042
3397.68	0.389884
3395.75	0.388274
3393.82	0.386347
3391.89	0.384618
3389.96	0.383356
3388.04	0.382128
3386.11	0.380617
3384.18	0.379123
3382.25	0.378144
3380.32	0.377199
3378.4	0.376332
3376.47	0.375598
3374.54	0.374452
3372.61	0.3734
3370.68	0.372539
3368.76	0.371705
3366.83	0.371113
3364.9	0.370393
3362.97	0.369575
3361.04	0.368486
3359.12	0.367735
3357.19	0.367428
3355.26	0.366629
3353.33	0.365661
3351.4	0.364825
3349.48	0.363979
3347.55	0.363428
3345.62	0.362717
3343.69	0.362047
3341.76	0.361296
3339.83	0.360631
3337.91	0.36013
3335.98	0.35967
3334.05	0.359299
3332.12	0.358706
3330.19	0.357933
3328.27	0.357152
3326.34	0.356628
3324.41	0.356119
3322.48	0.355545
3320.55	0.355205
3318.63	0.354943
3316.7	0.354521
3314.77	0.35392
3312.84	0.353648
3310.91	0.353665
3308.99	0.353526
3307.06	0.35326
3305.13	0.353048
3303.2	0.35307
3301.27	0.353141
3299.35	0.353262
3297.42	0.353604
3295.49	0.353845
3293.56	0.354083
3291.63	0.354587
3289.71	0.355136
3287.78	0.35591
3285.85	0.356701
3283.92	0.357675
3281.99	0.358664
3280.07	0.359713
3278.14	0.360811
3276.21	0.36164
3274.28	0.362805
3272.35	0.364273
3270.43	0.365797
3268.5	0.367307
3266.57	0.369016
3264.64	0.370631
3262.71	0.37234
3260.79	0.374142
3258.86	0.375994
3256.93	0.377786
3255	0.379485
3253.07	0.381239
3251.15	0.383079
3249.22	0.384802
3247.29	0.386474
3245.36	0.388371
3243.43	0.390498
3241.51	0.39225
3239.58	0.393697
3237.65	0.395188
3235.72	0.397105
3233.79	0.398926
3231.87	0.40036
3229.94	0.40186
3228.01	0.40345
3226.08	0.404868
3224.15	0.406477
3222.22	0.407812
3220.3	0.408913
3218.37	0.410654
3216.44	0.412073
3214.51	0.413063
3212.58	0.413989
3210.66	0.414842
3208.73	0.415671
3206.8	0.416869
3204.87	0.41773
3202.94	0.418391
3201.02	0.419183
3199.09	0.419688
3197.16	0.420117
3195.23	0.42076
3193.3	0.421341
3191.38	0.421779
3189.45	0.422453
3187.52	0.422659
3185.59	0.422766
3183.66	0.423071
3181.74	0.422905
3179.81	0.423027
3177.88	0.423452
3175.95	0.423576
3174.02	0.423335
3172.1	0.423069
3170.17	0.422917
3168.24	0.422806
3166.31	0.422659
3164.38	0.42193
3162.46	0.421368
3160.53	0.420663
3158.6	0.419846
3156.67	0.418949
3154.74	0.418076
3152.82	0.417258
3150.89	0.415991
3148.96	0.414373
3147.03	0.412742
3145.1	0.411031
3143.18	0.409389
3141.25	0.407556
3139.32	0.405443
3137.39	0.403062
3135.46	0.400328
3133.54	0.397489
3131.61	0.394624
3129.68	0.391751
3127.75	0.388528
3125.82	0.384893
3123.9	0.381141
3121.97	0.377088
3120.04	0.372819
3118.11	0.368317
3116.18	0.36359
3114.26	0.358809
3112.33	0.35375
3110.4	0.348045
3108.47	0.342118
3106.54	0.336249
3104.61	0.330122
3102.69	0.323419
3100.76	0.316629
3098.83	0.309636
3096.9	0.302563
3094.98	0.295091
3093.05	0.287617
3091.12	0.280192
3089.19	0.27245
3087.26	0.264369
3085.33	0.25655
3083.41	0.248694
3081.48	0.240498
3079.55	0.232243
3077.62	0.224137
3075.69	0.216312
3073.77	0.208553
3071.84	0.200936
3069.91	0.193778
3067.98	0.18661
3066.05	0.179488
3064.13	0.172632
3062.2	0.166186
3060.27	0.160066
3058.34	0.154021
3056.41	0.148189
3054.49	0.142742
3052.56	0.137583
3050.63	0.132562
3048.7	0.127858
3046.77	0.123431
3044.85	0.119021
3042.92	0.11476
3040.99	0.110863
3039.06	0.107141
3037.13	0.10363
3035.21	0.100367
3033.28	0.0970925
3031.35	0.0940193
3029.42	0.0913197
3027.49	0.0888034
3025.57	0.0861205
3023.64	0.0835839
3021.71	0.0812336
3019.78	0.0789632
3017.85	0.0770397
3015.93	0.075169
3014	0.0732586
3012.07	0.0716836
3010.14	0.0702011
3008.21	0.06846
3006.29	0.0668181
3004.36	0.0653146
3002.43	0.0638622
3000.5	0.0627456
2998.57	0.0616531
2996.65	0.0605779
2994.72	0.0594721
2992.79	0.0582851
2990.86	0.0572537
2988.93	0.0562739
2987	0.0553217
2985.08	0.0545287
2983.15	0.0537096
2981.22	0.0528366
2979.29	0.0522423
2977.36	0.0517056
2975.44	0.0510818
2973.51	0.0503902
2971.58	0.049719
2969.65	0.0492434
2967.72	0.0488284
2965.8	0.0483251
2963.87	0.0477593
2961.94	0.0473029
2960.01	0.0467538
2958.08	0.0463233
2956.16	0.0458743
2954.23	0.0455162
2952.3	0.0452082
2950.37	0.0447134
2948.44	0.0443325
2946.52	0.0440068
2944.59	0.0434746
2942.66	0.0432017
2940.73	0.0430977
2938.8	0.0427243
2936.88	0.0424011
2934.95	0.042153
2933.02	0.0418057
2931.09	0.0415791
2929.16	0.0413852
2927.24	0.0410868
2925.31	0.0406616
2923.38	0.0403277
2921.45	0.0401496
2919.52	0.0400366
2917.6	0.0397284
2915.67	0.0394454
2913.74	0.039152
2911.81	0.0388536
2909.88	0.0387304
2907.96	0.0385158
2906.03	0.0382254
2904.1	0.0378654
2902.17	0.0375015
2900.24	0.0372264
2898.32	0.0370391
2896.39	0.0368322
2894.46	0.0365443
2892.53	0.0362059
2890.6	0.035902
2888.68	0.0357542
2886.75	0.0354321
2884.82	0.0350436
2882.89	0.034746
2880.96	0.0346692
2879.04	0.0345397
2877.11	0.0342785
2875.18	0.0339244
2873.25	0.0336872
2871.32	0.033469
2869.39	0.0332877
2867.47	0.0329652
2865.54	0.032546
2863.61	0.0322291
2861.68	0.03195
2859.75	0.0317799
2857.83	0.0316781
2855.9	0.0312656
2853.97	0.0308281
2852.04	0.0304645
2850.11	0.0300308
2848.19	0.0297235
2846.26	0.0294552
2844.33	0.0291713
2842.4	0.0287824
2840.47	0.0286549
2838.55	0.0284146
2836.62	0.0279197
2834.69	0.0277261
2832.76	0.0276901
2830.83	0.027493
2828.91	0.0270363
2826.98	0.0266383
2825.05	0.0263742
2823.12	0.0260784
2821.19	0.0256542
2819.27	0.0252266
2817.34	0.025233
2815.41	0.0250763
2813.48	0.0246534
2811.55	0.0244109
2809.63	0.0241885
2807.7	0.0238418
2805.77	0.0236034
2803.84	0.0234752
2801.91	0.0231746
2799.99	0.022625
2798.06	0.0222877
2796.13	0.0220833
2794.2	0.0218435
2792.27	0.0215624
2790.35	0.0212207
2788.42	0.021045
2786.49	0.0208636
2784.56	0.0206589
2782.63	0.020373
2780.71	0.0199557
2778.78	0.019631
2776.85	0.0195218
2774.92	0.0193969
2772.99	0.0191586
2771.06	0.0188359
2769.14	0.0185745
2767.21	0.0185196
2765.28	0.0181767
2763.35	0.0177998
2761.43	0.0177879
2759.5	0.0174749
2757.57	0.0171044
2755.64	0.0169111
2753.71	0.0167012
2751.78	0.0162441
2749.86	0.0160617
2747.93	0.0160382
2746	0.0157168
2744.07	0.0151937
2742.15	0.0150056
2740.22	0.0148993
2738.29	0.0147864
2736.36	0.0145362
2734.43	0.0141737
2732.5	0.0142904
2730.58	0.0143376
2728.65	0.0139596
2726.72	0.0136624
2724.79	0.013498
2722.86	0.0132464
2720.94	0.0130892
2719.01	0.0130173
2717.08	0.0127728
2715.15	0.0125003
2713.22	0.0124926
2711.3	0.0125959
2709.37	0.0123674
2707.44	0.0121047
2705.51	0.0119014
2703.58	0.0117796
2701.66	0.0117238
2699.73	0.0116417
2697.8	0.0115567
2695.87	0.0115002
2693.94	0.011256
2692.02	0.0111597
2690.09	0.0110199
2688.16	0.0106968
2686.23	0.010553
2684.3	0.0104912
2682.38	0.0102127
2680.45	0.0100394
2678.52	0.0101114
2676.59	0.0102315
2674.66	0.00991679
2672.74	0.00976878
2670.81	0.0100948
2668.88	0.0103327
2666.95	0.0102462
2665.02	0.0100831
2663.1	0.0100265
2661.17	0.0100542
2659.24	0.00987174
2657.31	0.00962746
2655.38	0.00932633
2653.46	0.00937498
2651.53	0.00935646
2649.6	0.00948537
2647.67	0.00975445
2645.74	0.00963904
2643.81	0.00948503
2641.89	0.00932254
2639.96	0.00931885
2638.03	0.00920952
2636.1	0.00908668
2634.17	0.00921683
2632.25	0.00932481
2630.32	0.0092942
2628.39	0.00923013
2626.46	0.00931848
2624.53	0.0094172
2622.61	0.00959812
2620.68	0.00956042
2618.75	0.00948764
2616.82	0.00948273
2614.89	0.00967255
2612.97	0.00946593
2611.04	0.00917784
2609.11	0.00919896
2607.18	0.00918095
2605.25	0.00949444
2603.33	0.0096801
2601.4	0.00951195
2599.47	0.00945421
2597.54	0.00952509
2595.61	0.00947876
2593.69	0.00944896
2591.76	0.00941368
2589.83	0.00930243
2587.9	0.00908286
2585.97	0.00921896
2584.05	0.00959778
2582.12	0.00956486
2580.19	0.00927562
2578.26	0.00945695
2576.33	0.00968705
2574.41	0.00962221
2572.48	0.00976841
2570.55	0.00976149
2568.62	0.00977535
2566.69	0.00994903
2564.77	0.0100726
2562.84	0.00999002
2560.91	0.00977207
2558.98	0.00966852
2557.05	0.0098189
2555.13	0.00979487
2553.2	0.00982022
2551.27	0.0100143
2549.34	0.0101372
2547.41	0.0100289
2545.49	0.00995669
2543.56	0.0101206
2541.63	0.0102248
2539.7	0.0100656
2537.77	0.0100167
2535.85	0.0101078
2533.92	0.0104295
2531.99	0.0106246
2530.06	0.0105135
2528.13	0.0102745
2526.21	0.0100512
2524.28	0.0101514
2522.35	0.0103043
2520.42	0.0102042
2518.49	0.0105804
2516.56	0.010703
2514.64	0.0106705
2512.71	0.0106851
2510.78	0.0106485
2508.85	0.0108173
2506.92	0.0108443
2505	0.0106195
2503.07	0.0107554
2501.14	0.0109263
2499.21	0.0110406
2497.28	0.0107329
2495.36	0.0104759
2493.43	0.0106999
2491.5	0.0109473
2489.57	0.0110833
2487.64	0.0109481
2485.72	0.0111084
2483.79	0.0113714
2481.86	0.0112827
2479.93	0.0113297
2478	0.0116013
2476.08	0.0115038
2474.15	0.011187
2472.22	0.0115961
2470.29	0.011784
2468.36	0.0116064
2466.44	0.0111235
2464.51	0.0108505
2462.58	0.0112476
2460.65	0.0115435
2458.72	0.0115591
2456.8	0.0116971
2454.87	0.0119803
2452.94	0.0122676
2451.01	0.0125247
2449.08	0.0124118
2447.16	0.0123171
2445.23	0.012308
2443.3	0.0124312
2441.37	0.0124264
2439.44	0.0122759
2437.52	0.012176
2435.59	0.0122895
2433.66	0.0124827
2431.73	0.0125429
2429.8	0.0125797
2427.88	0.012449
2425.95	0.0125408
2424.02	0.0125886
2422.09	0.0128021
2420.16	0.0127611
2418.24	0.0127147
2416.31	0.0127063
2414.38	0.0125282
2412.45	0.012637
2410.52	0.0127817
2408.6	0.013135
2406.67	0.0134081
2404.74	0.0133454
2402.81	0.0133797
2400.88	0.0132379
2398.95	0.0130954
2397.03	0.0132119
2395.1	0.01303
2393.17	0.0129097
2391.24	0.0133065
2389.31	0.0136492
2387.39	0.0136149
2385.46	0.0131931
2383.53	0.0133178
2381.6	0.0135462
2379.67	0.0137555
2377.75	0.0140276
2375.82	0.0139875
2373.89	0.013824
2371.96	0.0141161
2370.03	0.0142614
2368.11	0.013954
2366.18	0.0140793
2364.25	0.0140086
2362.32	0.0141315
2360.39	0.0141862
2358.47	0.0143028
2356.54	0.0144854
2354.61	0.0146451
2352.68	0.0150541
2350.75	0.015178
2348.83	0.0151479
2346.9	0.0153313
2344.97	0.0155473
2343.04	0.0165741
2341.11	0.017052
2339.19	0.0158004
2337.26	0.0154769
2335.33	0.0154759
2333.4	0.0152647
2331.47	0.0151308
2329.55	0.0150708
2327.62	0.0148172
2325.69	0.0150703
2323.76	0.015525
2321.83	0.0161221
2319.91	0.015859
2317.98	0.0151626
2316.05	0.0148206
2314.12	0.0151608
2312.19	0.0154729
2310.27	0.0154429
2308.34	0.0155258
2306.41	0.0155205
2304.48	0.0150336
2302.55	0.0149993
2300.63	0.0148165
2298.7	0.0148354
2296.77	0.0148492
2294.84	0.0151813
2292.91	0.0150813
2290.98	0.0154675
2289.06	0.0157222
2287.13	0.0157824
2285.2	0.0155203
2283.27	0.0151003
2281.35	0.0152345
2279.42	0.0157261
2277.49	0.0158876
2275.56	0.0157287
2273.63	0.0151354
2271.7	0.0149221
2269.78	0.0153908
2267.85	0.0165813
2265.92	0.0167188
2263.99	0.0159712
2262.06	0.0170544
2260.14	0.017185
2258.21	0.0158513
2256.28	0.0152773
2254.35	0.015322
2252.42	0.0155844
2250.5	0.0160235
2248.57	0.0160305
2246.64	0.0165703
2244.71	0.0168234
2242.78	0.0165815
2240.86	0.01622
2238.93	0.0163875
2237	0.0170804
2235.07	0.0175956
2233.14	0.0176044
2231.22	0.0174543
2229.29	0.0172852
2227.36	0.0174308
2225.43	0.0176473
2223.5	0.0174952
2221.58	0.0181556
2219.65	0.018155
2217.72	0.0174839
2215.79	0.0169988
2213.86	0.0170363
2211.94	0.0173339
2210.01	0.0175507
2208.08	0.0177073
2206.15	0.0171231
2204.22	0.0156888
2202.3	0.0153706
2200.37	0.0157902
2198.44	0.0160646
2196.51	0.0160001
2194.58	0.0153768
2192.66	0.0150835
2190.73	0.0150699
2188.8	0.0149684
2186.87	0.0151324
2184.94	0.0146922
2183.02	0.0145337
2181.09	0.0142499
2179.16	0.0132626
2177.23	0.0128672
2175.3	0.0125839
2173.38	0.0119475
2171.45	0.012074
2169.52	0.0116047
2167.59	0.010949
2165.66	0.0102709
2163.73	0.00927609
2161.81	0.00927559
2159.88	0.00943992
2157.95	0.00918952
2156.02	0.00799266
2154.09	0.00705406
2152.17	0.00736544
2150.24	0.00665386
2148.31	0.00550095
2146.38	0.00443135
2144.45	0.00402777
2142.53	0.00373267
2140.6	0.00295648
2138.67	0.00289707
2136.74	0.0022784
2134.81	0.00110487
2132.89	0.000172331
2130.96	7.96947e-05
2129.03	0.00011045
2127.1	-0.000961644
2125.17	-0.00176913
2123.25	-0.00300123
2121.32	-0.00386799
2119.39	-0.00473663
2117.46	-0.00549113
2115.53	-0.00594286
2113.61	-0.00700519
2111.68	-0.00717675
2109.75	-0.00851038
2107.82	-0.0104117
2105.89	-0.0116122
2103.97	-0.0121941
2102.04	-0.0132619
2100.11	-0.0151598
2098.18	-0.0161547
2096.25	-0.0162632
2094.33	-0.0174935
2092.4	-0.0194917
2090.47	-0.0221528
2088.54	-0.0243697
2086.61	-0.0255173
2084.69	-0.0263439
2082.76	-0.0271604
2080.83	-0.0294619
2078.9	-0.0314228
2076.97	-0.0319822
2075.05	-0.0319299
2073.12	-0.0324058
2071.19	-0.0324523
2069.26	-0.0336626
2067.33	-0.0359333
2065.41	-0.0379818
2063.48	-0.0385886
2061.55	-0.0372681
2059.62	-0.0368803
2057.69	-0.0382379
2055.77	-0.0381603
2053.84	-0.0378138
2051.91	-0.039993
2049.98	-0.0426452
2048.05	-0.0425316
2046.12	-0.0387061
2044.2	-0.0374535
2042.27	-0.0381654
2040.34	-0.038372
2038.41	-0.0375999
2036.48	-0.036464
2034.56	-0.0379056
2032.63	-0.0383839
2030.7	-0.0375287
2028.77	-0.0388869
2026.84	-0.039727
2024.92	-0.038696
2022.99	-0.0386061
2021.06	-0.0380068
2019.13	-0.0393633
2017.2	-0.0400125
2015.28	-0.0388424
2013.35	-0.0399535
2011.42	-0.0389908
2009.49	-0.0391148
2007.56	-0.040042
2005.64	-0.0395539
2003.71	-0.038729
2001.78	-0.0378334
