nAHs0084.spa, Wed Nov 08 14:05:58 2006 (GMT-10:00)
9999.26	0.0062092
9997.33	0.00673442
9995.4	0.00632984
9993.48	0.00641471
9991.55	0.0071359
9989.62	0.00781359
9987.69	0.00703948
9985.76	0.00631414
9983.84	0.00650665
9981.91	0.00683178
9979.98	0.00735139
9978.05	0.00769695
9976.12	0.0071707
9974.2	0.00656932
9972.27	0.00650427
9970.34	0.00620714
9968.41	0.00653854
9966.48	0.0069258
9964.56	0.00613156
9962.63	0.00621461
9960.7	0.00715035
9958.77	0.00680253
9956.84	0.0067713
9954.92	0.00695594
9952.99	0.00623487
9951.06	0.00654766
9949.13	0.00617935
9947.2	0.00524542
9945.28	0.00492225
9943.35	0.00529506
9941.42	0.00644309
9939.49	0.00628953
9937.56	0.00595507
9935.64	0.00623148
9933.71	0.00615918
9931.78	0.00619263
9929.85	0.00630722
9927.92	0.00654883
9926	0.00711781
9924.07	0.00699042
9922.14	0.00640482
9920.21	0.00675054
9918.28	0.0072249
9916.36	0.00707935
9914.43	0.00744856
9912.5	0.00761976
9910.57	0.00743053
9908.64	0.00665763
9906.71	0.00672951
9904.79	0.00687339
9902.86	0.00664623
9900.93	0.00703699
9899	0.00731079
9897.08	0.00719364
9895.15	0.00724889
9893.22	0.00718134
9891.29	0.00630426
9889.36	0.0068611
9887.43	0.00753385
9885.51	0.00618379
9883.58	0.00496696
9881.65	0.00470093
9879.72	0.0052642
9877.79	0.00586885
9875.87	0.00639796
9873.94	0.00635539
9872.01	0.00579399
9870.08	0.00447359
9868.15	0.00483999
9866.23	0.00656104
9864.3	0.00634174
9862.37	0.005499
9860.44	0.00587056
9858.51	0.00681879
9856.59	0.00698233
9854.66	0.00636767
9852.73	0.00676016
9850.8	0.00750826
9848.87	0.00750061
9846.95	0.00680671
9845.02	0.00617286
9843.09	0.00523888
9841.16	0.00533152
9839.23	0.00605895
9837.31	0.0062058
9835.38	0.00591194
9833.45	0.00604282
9831.52	0.00615398
9829.59	0.00644898
9827.67	0.00679809
9825.74	0.00677517
9823.81	0.00653023
9821.88	0.00608196
9819.95	0.00601762
9818.03	0.00642913
9816.1	0.00594321
9814.17	0.00557068
9812.24	0.00628489
9810.31	0.00569448
9808.39	0.00578959
9806.46	0.00651274
9804.53	0.00592544
9802.6	0.00553548
9800.67	0.00625857
9798.75	0.00687719
9796.82	0.00722675
9794.89	0.0069455
9792.96	0.00694506
9791.03	0.00730152
9789.11	0.00666503
9787.18	0.00592635
9785.25	0.00607806
9783.32	0.00706945
9781.39	0.00734155
9779.46	0.00709794
9777.54	0.00659307
9775.61	0.00642631
9773.68	0.00617256
9771.75	0.00654803
9769.83	0.00674923
9767.9	0.00703018
9765.97	0.00654231
9764.04	0.00625914
9762.11	0.00613889
9760.18	0.00701638
9758.26	0.00706073
9756.33	0.00588433
9754.4	0.00553857
9752.47	0.00622671
9750.54	0.00626032
9748.62	0.00584554
9746.69	0.0054938
9744.76	0.00542773
9742.83	0.00511475
9740.9	0.00543236
9738.98	0.00564285
9737.05	0.00536121
9735.12	0.00534816
9733.19	0.00569582
9731.26	0.0059068
9729.34	0.00608388
9727.41	0.00583231
9725.48	0.00547377
9723.55	0.00548165
9721.62	0.00535403
9719.7	0.00568169
9717.77	0.00590458
9715.84	0.00581082
9713.91	0.00573
9711.98	0.00606096
9710.06	0.00613166
9708.13	0.0056603
9706.2	0.00526437
9704.27	0.00522728
9702.34	0.00577331
9700.42	0.00565879
9698.49	0.00560696
9696.56	0.00529395
9694.63	0.00522862
9692.7	0.00575565
9690.78	0.00580554
9688.85	0.00623377
9686.92	0.00638855
9684.99	0.00574655
9683.06	0.00536651
9681.14	0.00548833
9679.21	0.00554578
9677.28	0.00600882
9675.35	0.00577818
9673.42	0.0056547
9671.5	0.00583382
9669.57	0.00550048
9667.64	0.00610955
9665.71	0.00599746
9663.78	0.00552618
9661.86	0.00578849
9659.93	0.00615058
9658	0.00640492
9656.07	0.00592457
9654.14	0.00544931
9652.21	0.00539848
9650.29	0.00536047
9648.36	0.00555907
9646.43	0.00506725
9644.5	0.00479167
9642.57	0.00544169
9640.65	0.00590918
9638.72	0.00612588
9636.79	0.0063368
9634.86	0.00586042
9632.93	0.00559585
9631.01	0.00602847
9629.08	0.00586371
9627.15	0.00535604
9625.22	0.0050885
9623.29	0.00560401
9621.37	0.00583671
9619.44	0.00559109
9617.51	0.00519623
9615.58	0.00488117
9613.65	0.00494752
9611.73	0.00535309
9609.8	0.0056311
9607.87	0.00572788
9605.94	0.00552538
9604.01	0.00510322
9602.09	0.00502417
9600.16	0.0054539
9598.23	0.00505856
9596.3	0.00461586
9594.37	0.00520786
9592.45	0.00529174
9590.52	0.00547504
9588.59	0.00563821
9586.66	0.00546028
9584.73	0.00540576
9582.81	0.00528439
9580.88	0.00517879
9578.95	0.00521008
9577.02	0.005423
9575.09	0.00545102
9573.17	0.00572164
9571.24	0.00645533
9569.31	0.00630187
9567.38	0.00542528
9565.45	0.00531197
9563.53	0.00538197
9561.6	0.00463706
9559.67	0.00462226
9557.74	0.00455482
9555.81	0.00484092
9553.88	0.00545934
9551.96	0.00566796
9550.03	0.00560629
9548.1	0.00535785
9546.17	0.00506218
9544.25	0.00508572
9542.32	0.00507955
9540.39	0.00518281
9538.46	0.00502203
9536.53	0.0047506
9534.6	0.00499025
9532.68	0.00525052
9530.75	0.00516679
9528.82	0.00477134
9526.89	0.00444718
9524.96	0.00470893
9523.04	0.0051399
9521.11	0.00534682
9519.18	0.00486874
9517.25	0.00461563
9515.32	0.00462882
9513.4	0.00509517
9511.47	0.00448816
9509.54	0.00447604
9507.61	0.0053913
9505.68	0.00526045
9503.76	0.00489571
9501.83	0.00450808
9499.9	0.00429874
9497.97	0.00451069
9496.04	0.00414591
9494.12	0.00447915
9492.19	0.00508314
9490.26	0.00448297
9488.33	0.00427616
9486.4	0.00492399
9484.48	0.00544005
9482.55	0.00544588
9480.62	0.00520511
9478.69	0.00528302
9476.76	0.00511515
9474.84	0.00507958
9472.91	0.0055338
9470.98	0.00536902
9469.05	0.00484424
9467.12	0.00455458
9465.2	0.00448293
9463.27	0.00488401
9461.34	0.00531569
9459.41	0.00450054
9457.48	0.0041256
9455.56	0.00421275
9453.63	0.00410386
9451.7	0.00438114
9449.77	0.00485624
9447.84	0.00471218
9445.92	0.00374541
9443.99	0.00374554
9442.06	0.00496525
9440.13	0.00534303
9438.2	0.00493974
9436.28	0.00528929
9434.35	0.00492651
9432.42	0.00479412
9430.49	0.00554545
9428.56	0.00549853
9426.63	0.00463913
9424.71	0.00453667
9422.78	0.00461576
9420.85	0.00414213
9418.92	0.00429382
9417	0.00438777
9415.07	0.00462286
9413.14	0.00494279
9411.21	0.00479918
9409.28	0.00417518
9407.35	0.00405155
9405.43	0.00402125
9403.5	0.00400995
9401.57	0.00432408
9399.64	0.004452
9397.71	0.0046591
9395.79	0.00502772
9393.86	0.00513544
9391.93	0.00465052
9390	0.00435035
9388.07	0.004581
9386.15	0.00471747
9384.22	0.0048942
9382.29	0.00532072
9380.36	0.00541834
9378.43	0.00497188
9376.51	0.00456627
9374.58	0.00486545
9372.65	0.00525937
9370.72	0.00523714
9368.79	0.00486418
9366.87	0.00436621
9364.94	0.00417665
9363.01	0.00398537
9361.08	0.004521
9359.15	0.00460689
9357.23	0.00416096
9355.3	0.00418381
9353.37	0.00370089
9351.44	0.00337783
9349.51	0.00392401
9347.59	0.00429908
9345.66	0.00450275
9343.73	0.00444798
9341.8	0.00423249
9339.87	0.00443587
9337.95	0.00437384
9336.02	0.00379283
9334.09	0.00360653
9332.16	0.00320376
9330.23	0.00338621
9328.31	0.0039422
9326.38	0.00430513
9324.45	0.00414782
9322.52	0.0038644
9320.59	0.00386276
9318.67	0.00359918
9316.74	0.00397684
9314.81	0.00477013
9312.88	0.00425143
9310.95	0.00365875
9309.03	0.00337202
9307.1	0.00351199
9305.17	0.00362825
9303.24	0.00341537
9301.31	0.00374507
9299.38	0.00380567
9297.46	0.00370524
9295.53	0.00416782
9293.6	0.00474873
9291.67	0.00455733
9289.74	0.00416966
9287.82	0.00369511
9285.89	0.00412945
9283.96	0.0045508
9282.03	0.00390552
9280.1	0.00372131
9278.18	0.0036903
9276.25	0.00365642
9274.32	0.00349936
9272.39	0.0036633
9270.46	0.00407496
9268.54	0.00392017
9266.61	0.00310173
9264.68	0.00271379
9262.75	0.00291682
9260.82	0.00347825
9258.9	0.00392291
9256.97	0.00374327
9255.04	0.00348777
9253.11	0.00380988
9251.18	0.00386998
9249.26	0.00375403
9247.33	0.00421181
9245.4	0.00408931
9243.47	0.00408914
9241.54	0.00402376
9239.62	0.00374106
9237.69	0.00389161
9235.76	0.00435517
9233.83	0.00431437
9231.9	0.00413463
9229.98	0.00400316
9228.05	0.00347411
9226.12	0.00347946
9224.19	0.00366139
9222.26	0.0036063
9220.34	0.00422058
9218.41	0.00435804
9216.48	0.00433897
9214.55	0.00389643
9212.62	0.00352064
9210.7	0.00329446
9208.77	0.00321971
9206.84	0.00336975
9204.91	0.00385283
9202.98	0.00402944
9201.05	0.00362197
9199.13	0.00313447
9197.2	0.00351059
9195.27	0.00374541
9193.34	0.00380687
9191.42	0.00349586
9189.49	0.00312362
9187.56	0.0036632
9185.63	0.00366647
9183.7	0.00339102
9181.77	0.00373839
9179.85	0.00378862
9177.92	0.00344055
9175.99	0.00348216
9174.06	0.00355294
9172.13	0.00332951
9170.21	0.00374133
9168.28	0.00342078
9166.35	0.00307336
9164.42	0.00337135
9162.49	0.00322262
9160.57	0.00315472
9158.64	0.00329159
9156.71	0.00395277
9154.78	0.00412152
9152.85	0.00351764
9150.93	0.00334234
9149	0.00347194
9147.07	0.00370701
9145.14	0.00392063
9143.21	0.00399393
9141.29	0.00390315
9139.36	0.00375486
9137.43	0.00324582
9135.5	0.00295822
9133.57	0.00301147
9131.65	0.00314298
9129.72	0.00350588
9127.79	0.0037045
9125.86	0.0035948
9123.93	0.00368398
9122.01	0.00380015
9120.08	0.00383284
9118.15	0.00373003
9116.22	0.00315429
9114.29	0.00300046
9112.37	0.00319965
9110.44	0.00317669
9108.51	0.00268078
9106.58	0.00264188
9104.65	0.00295105
9102.73	0.00320219
9100.8	0.00298945
9098.87	0.00260234
9096.94	0.00274203
9095.01	0.00327877
9093.08	0.00352762
9091.16	0.00322445
9089.23	0.00293604
9087.3	0.00256881
9085.37	0.00273389
9083.45	0.00343514
9081.52	0.00340732
9079.59	0.00280312
9077.66	0.00302455
9075.73	0.00314922
9073.8	0.00273309
9071.88	0.00282426
9069.95	0.00332387
9068.02	0.00341309
9066.09	0.00296966
9064.17	0.00248056
9062.24	0.00208921
9060.31	0.00250659
9058.38	0.00320566
9056.45	0.00322005
9054.52	0.00284448
9052.6	0.0021052
9050.67	0.00246183
9048.74	0.00295722
9046.81	0.00268925
9044.88	0.00343063
9042.96	0.00367947
9041.03	0.00337483
9039.1	0.00320502
9037.17	0.00260944
9035.24	0.00250712
9033.32	0.00299799
9031.39	0.00328898
9029.46	0.00350167
9027.53	0.00378194
9025.6	0.00346199
9023.68	0.00295635
9021.75	0.00256078
9019.82	0.00291409
9017.89	0.00307353
9015.96	0.00317288
9014.04	0.00337399
9012.11	0.0031858
9010.18	0.00337523
9008.25	0.00351045
9006.32	0.00315916
9004.4	0.00319371
9002.47	0.00326815
9000.54	0.00356487
8998.61	0.0034149
8996.68	0.00310286
8994.76	0.00280466
8992.83	0.00306602
8990.9	0.00335983
8988.97	0.00355618
8987.04	0.00359664
8985.12	0.00316948
8983.19	0.00260501
8981.26	0.00267585
8979.33	0.00304019
8977.4	0.00308971
8975.48	0.00285425
8973.55	0.00255724
8971.62	0.00258961
8969.69	0.00255248
8967.76	0.00221985
8965.83	0.00217306
8963.91	0.00249539
8961.98	0.00227187
8960.05	0.00222121
8958.12	0.00236847
8956.2	0.00249392
8954.27	0.00272916
8952.34	0.00279535
8950.41	0.0027481
8948.48	0.00257451
8946.55	0.00238013
8944.63	0.00236931
8942.7	0.00265141
8940.77	0.00243254
8938.84	0.00240889
8936.92	0.00271252
8934.99	0.00263178
8933.06	0.00280455
8931.13	0.00313623
8929.2	0.00268785
8927.27	0.00229998
8925.35	0.00244927
8923.42	0.00233136
8921.49	0.00195616
8919.56	0.00183053
8917.63	0.0022727
8915.71	0.00248506
8913.78	0.0022755
8911.85	0.00235731
8909.92	0.00221302
8907.99	0.00214575
8906.07	0.00205216
8904.14	0.00214832
8902.21	0.00234599
8900.28	0.00252272
8898.35	0.00275584
8896.43	0.00258811
8894.5	0.00231354
8892.57	0.00259524
8890.64	0.00268212
8888.71	0.00238113
8886.79	0.00200173
8884.86	0.00235088
8882.93	0.00249752
8881	0.00218914
8879.07	0.00184837
8877.15	0.00224346
8875.22	0.00248106
8873.29	0.00204966
8871.36	0.00189615
8869.43	0.00208199
8867.51	0.00206684
8865.58	0.00190956
8863.65	0.00232057
8861.72	0.00232823
8859.79	0.00204923
8857.87	0.00174928
8855.94	0.00184993
8854.01	0.00228273
8852.08	0.00224716
8850.15	0.00222108
8848.22	0.0021011
8846.3	0.00211538
8844.37	0.00212048
8842.44	0.00200306
8840.51	0.00197846
8838.58	0.00182248
8836.66	0.00196358
8834.73	0.00223846
8832.8	0.00261431
8830.87	0.00263604
8828.94	0.0023208
8827.02	0.00215577
8825.09	0.00233636
8823.16	0.00212138
8821.23	0.00214475
8819.3	0.00198355
8817.38	0.00210207
8815.45	0.00218018
8813.52	0.00196345
8811.59	0.00185076
8809.66	0.00200739
8807.74	0.00207263
8805.81	0.00212058
8803.88	0.00236134
8801.95	0.00249925
8800.02	0.00243961
8798.1	0.00204117
8796.17	0.00180095
8794.24	0.00196395
8792.31	0.00191056
8790.38	0.0019488
8788.46	0.00203169
8786.53	0.00185742
8784.6	0.00198282
8782.67	0.00224792
8780.74	0.0023172
8778.82	0.00200139
8776.89	0.00191193
8774.96	0.00208409
8773.03	0.00205942
8771.1	0.00195962
8769.18	0.00172753
8767.25	0.00166972
8765.32	0.00182664
8763.39	0.00216653
8761.46	0.00259711
8759.54	0.002317
8757.61	0.00188005
8755.68	0.00187722
8753.75	0.00174097
8751.82	0.00178894
8749.9	0.00187076
8747.97	0.00177474
8746.04	0.00170591
8744.11	0.00234605
8742.18	0.00209211
8740.25	0.00157689
8738.33	0.00164736
8736.4	0.00152226
8734.47	0.00192401
8732.54	0.00245044
8730.62	0.00246017
8728.69	0.00220886
8726.76	0.00173285
8724.83	0.001723
8722.9	0.00236234
8720.97	0.00271436
8719.05	0.00252582
8717.12	0.00225548
8715.19	0.00199304
8713.26	0.00148402
8711.33	0.00127405
8709.41	0.00152206
8707.48	0.00182591
8705.55	0.00192844
8703.62	0.00171658
8701.69	0.00173395
8699.77	0.00206974
8697.84	0.00202483
8695.91	0.00168432
8693.98	0.00180471
8692.05	0.00174523
8690.13	0.00161713
8688.2	0.00159142
8686.27	0.00151075
8684.34	0.00133659
8682.41	0.00130951
8680.49	0.00159422
8678.56	0.00151837
8676.63	0.00139725
8674.7	0.00167158
8672.77	0.00155079
8670.85	0.00158501
8668.92	0.00160067
8666.99	0.00171026
8665.06	0.00201091
8663.13	0.00184887
8661.21	0.001759
8659.28	0.00154294
8657.35	0.00136079
8655.42	0.00149805
8653.49	0.00167288
8651.57	0.00151218
8649.64	0.00126378
8647.71	0.00129219
8645.78	0.00151727
8643.85	0.00125278
8641.93	0.00101665
8640	0.00123982
8638.07	0.00150889
8636.14	0.00133802
8634.21	0.00117819
8632.29	0.00129505
8630.36	0.00152768
8628.43	0.00159003
8626.5	0.00148399
8624.57	0.00133703
8622.65	0.00134085
8620.72	0.00114314
8618.79	0.00114938
8616.86	0.00106929
8614.93	0.00104568
8613	0.00139935
8611.08	0.00142977
8609.15	0.00131526
8607.22	0.00136767
8605.29	0.00128887
8603.37	0.00149769
8601.44	0.00174592
8599.51	0.00155172
8597.58	0.00123235
8595.65	0.000949532
8593.72	0.00115383
8591.8	0.00140663
8589.87	0.00126644
8587.94	0.00130562
8586.01	0.0014033
8584.08	0.00128226
8582.16	0.00115633
8580.23	0.00109819
8578.3	0.00128927
8576.37	0.00160965
8574.44	0.00169915
8572.52	0.00149493
8570.59	0.00123912
8568.66	0.00123773
8566.73	0.00127604
8564.8	0.00136378
8562.88	0.00142352
8560.95	0.0015879
8559.02	0.00139995
8557.09	0.00125773
8555.16	0.00139779
8553.24	0.00160077
8551.31	0.00130678
8549.38	0.00101685
8547.45	0.00117134
8545.52	0.00141394
8543.6	0.00140377
8541.67	0.00107849
8539.74	0.000708387
8537.81	0.000724749
8535.88	0.00103116
8533.96	0.00111291
8532.03	0.00107182
8530.1	0.000937379
8528.17	0.000839433
8526.24	0.000849526
8524.32	0.00100443
8522.39	0.000718941
8520.46	0.000629041
8518.53	0.00084282
8516.6	0.00101525
8514.68	0.00117194
8512.75	0.00124803
8510.82	0.00102691
8508.89	0.000884552
8506.96	0.000745791
8505.04	0.000759865
8503.11	0.000815332
8501.18	0.000825191
8499.25	0.000811282
8497.32	0.000941231
8495.39	0.000866557
8493.47	0.00105013
8491.54	0.00103296
8489.61	0.00101877
8487.68	0.00114051
8485.75	0.00099081
8483.83	0.00103883
8481.9	0.00117304
8479.97	0.00130409
8478.04	0.00123421
8476.11	0.000975301
8474.19	0.000999943
8472.26	0.00112955
8470.33	0.000952621
8468.4	0.000594102
8466.47	0.000532757
8464.55	0.000655986
8462.62	0.000606445
8460.69	0.000765806
8458.76	0.00074526
8456.83	0.000685123
8454.91	0.00070769
8452.98	0.000878675
8451.05	0.000901551
8449.12	0.000644305
8447.19	0.00084511
8445.27	0.00075701
8443.34	0.000584546
8441.41	0.000527682
8439.48	0.00077749
8437.55	0.00109952
8435.63	0.000909686
8433.7	0.000855999
8431.77	0.000899327
8429.84	0.000816594
8427.91	0.000769457
8425.99	0.00107059
8424.06	0.00112247
8422.13	0.000569152
8420.2	0.000346488
8418.27	0.000346256
8416.35	0.000624728
8414.42	0.000728267
8412.49	0.000532359
8410.56	0.000229116
8408.63	0.00045288
8406.71	0.000941031
8404.78	0.00095096
8402.85	0.000826353
8400.92	0.000886444
8398.99	0.000910184
8397.07	0.000989183
8395.14	0.000780112
8393.21	0.000473412
8391.28	0.000468768
8389.35	0.000595562
8387.43	0.000574991
8385.5	0.000548051
8383.57	0.000623931
8381.64	0.000514412
8379.71	0.000496167
8377.79	0.00067593
8375.86	0.000976032
8373.93	0.00104006
8372	0.000665974
8370.07	0.000286638
8368.14	0.000384989
8366.22	0.000511161
8364.29	0.000682335
8362.36	0.000912409
8360.43	0.000588727
8358.5	0.000596889
8356.58	0.000583783
8354.65	0.000567957
8352.72	0.000584215
8350.79	0.000303448
8348.86	0.000447275
8346.94	0.000662689
8345.01	0.00075472
8343.08	0.000897268
8341.15	0.000754156
8339.22	0.000614408
8337.3	0.000524
8335.37	0.000216055
8333.44	1.76277e-05
8331.51	0.000356271
8329.58	0.000717514
8327.66	0.000862274
8325.73	0.000796842
8323.8	0.000814137
8321.87	0.000552795
8319.94	0.000533255
8318.02	0.000664448
8316.09	0.000572071
8314.16	0.000483695
8312.23	0.000372984
8310.3	0.000317209
8308.38	0.000555184
8306.45	0.000516204
8304.52	0.000219403
8302.59	0.00043686
8300.66	0.000825988
8298.74	0.000853178
8296.81	0.00084833
8294.88	0.00088764
8292.95	0.000489699
8291.02	0.000393579
8289.1	0.000358061
8287.17	0.000516137
8285.24	0.000784859
8283.31	0.000890761
8281.38	0.000873728
8279.46	0.000722392
8277.53	0.000392517
8275.6	9.70838e-06
8273.67	-2.21992e-05
8271.74	0.000237901
8269.82	0.000357033
8267.89	0.00023084
8265.96	8.69524e-05
8264.03	0.000335446
8262.1	0.000310179
8260.17	0.000206342
8258.25	0.000328748
8256.32	0.000130965
8254.39	0.000152443
8252.46	0.000403827
8250.54	0.000182839
8248.61	0.000356171
8246.68	0.000492286
8244.75	0.000264026
8242.82	0.000357829
8240.89	0.000313959
8238.97	0.000521976
8237.04	0.000604819
8235.11	3.09152e-05
8233.18	-4.52919e-05
8231.25	0.000148731
8229.33	0.00025776
8227.4	0.000146709
8225.47	3.49578e-05
8223.54	0.000281963
8221.61	0.000363367
8219.69	0.00031943
8217.76	0.00052798
8215.83	0.00054334
8213.9	0.00013902
8211.97	-7.07023e-05
8210.05	0.000132954
8208.12	-7.30544e-05
8206.19	-0.000136557
8204.26	4.3706e-05
8202.33	-6.34139e-05
8200.41	-2.05426e-05
8198.48	6.56059e-06
8196.55	0.000119233
8194.62	0.000180419
8192.69	0.000295225
8190.77	0.000233625
8188.84	9.77465e-06
8186.91	-7.90506e-05
8184.98	-5.38395e-05
8183.05	-0.000161432
8181.13	-1.34191e-05
8179.2	0.000254809
8177.27	0.000265352
8175.34	0.000182043
8173.41	-5.66886e-05
8171.49	-0.000112939
8169.56	0.000400046
8167.63	0.000539658
8165.7	3.86691e-05
8163.77	-0.000248136
8161.85	-0.000255984
8159.92	-0.0002738
8157.99	-6.48716e-05
8156.06	0.000163746
8154.13	0.000145151
8152.21	0.000389997
8150.28	0.000324669
8148.35	0.000260479
8146.42	0.000119199
8144.49	8.58256e-05
8142.56	0.00015831
8140.64	0.000368209
8138.71	0.000149493
8136.78	5.46715e-06
8134.85	0.000303249
8132.92	0.000233525
8131	-0.000155503
8129.07	-0.000210814
8127.14	-4.54575e-05
8125.21	0.000194441
8123.28	8.44006e-05
8121.36	-0.000322109
8119.43	-0.000199785
8117.5	0.000139782
8115.57	0.00024609
8113.64	-2.0642e-05
8111.72	-0.000151297
8109.79	0.000151084
8107.86	0.000332064
8105.93	0.000236244
8104	0.000202927
8102.08	0.000134976
8100.15	0.000104418
8098.22	0.000226132
8096.29	2.22998e-05
8094.36	-4.72134e-05
8092.44	-5.55954e-05
8090.51	1.59046e-05
8088.58	0.000186651
8086.65	0.000102695
8084.72	-6.56004e-05
8082.8	-0.000580716
8080.87	-0.000560862
8078.94	-0.000199024
8077.01	-0.000335982
8075.08	-0.00039938
8073.16	-0.000231247
8071.23	6.16668e-05
8069.3	0.000166133
8067.37	0.000150753
8065.44	-8.94618e-07
8063.52	0.000145582
8061.59	0.000265717
8059.66	8.95705e-05
8057.73	3.3301e-05
8055.8	6.99134e-06
8053.88	-0.000115887
8051.95	-0.000240884
8050.02	-0.000408384
8048.09	-0.000225054
8046.16	-0.000200415
8044.24	-0.000254031
8042.31	-0.000410138
8040.38	-0.000313467
8038.45	-0.000277508
8036.52	-0.000288071
8034.6	-0.000340484
8032.67	-0.000486136
8030.74	-0.000629918
8028.81	-0.000490008
8026.88	-7.0106e-05
8024.96	-4.48943e-05
8023.03	-0.000365348
8021.1	-0.000232704
8019.17	-0.000101577
8017.24	0.000106804
8015.31	0.000136633
8013.39	-4.52587e-05
8011.46	-0.000179814
8009.53	-0.00021492
8007.6	-0.000319791
8005.67	-0.000398254
8003.75	-0.000275488
8001.82	-0.000229956
7999.89	-0.000177595
7997.96	0.00012553
7996.03	-7.08348e-05
7994.11	-0.000364884
7992.18	-0.000416361
7990.25	-0.000209257
7988.32	-0.00011284
7986.39	-5.24811e-05
7984.47	-0.000352337
7982.54	-0.000410668
7980.61	-0.000329658
7978.68	-0.000246613
7976.75	-0.000279594
7974.83	-0.000549578
7972.9	-0.000666046
7970.97	-0.000419109
7969.04	-0.000277243
7967.11	-0.000190876
7965.19	-4.7114e-05
7963.26	9.87507e-05
7961.33	3.82715e-05
7959.4	-0.000576911
7957.47	-0.000874156
7955.55	-0.000567679
7953.62	-0.000501062
7951.69	-0.000435428
7949.76	-2.37233e-05
7947.83	-0.000140896
7945.91	-0.000531774
7943.98	-0.00057433
7942.05	-0.000316017
7940.12	-0.000205548
7938.19	-0.000289561
7936.27	-0.000327738
7934.34	-0.000388157
7932.41	-0.000194255
7930.48	-0.000160207
7928.55	-0.000319725
7926.63	-0.000621349
7924.7	-0.000815722
7922.77	-0.000822403
7920.84	-0.000752782
7918.91	-0.000514102
7916.99	-0.000301216
7915.06	-0.000339789
7913.13	-0.000292243
7911.2	-0.000355581
7909.27	-0.000648777
7907.35	-0.000631506
7905.42	-0.000491861
7903.49	-0.00036505
7901.56	-0.000431456
7899.63	-0.000543522
7897.71	-0.000628925
7895.78	-0.000628925
7893.85	-0.000374783
7891.92	-0.000460385
7889.99	-0.000781789
7888.06	-0.000663069
7886.14	-0.000558215
7884.21	-0.000614202
7882.28	-0.000636271
7880.35	-0.000735218
7878.42	-0.000578003
7876.5	-0.000302442
7874.57	-0.000527538
7872.64	-0.000717786
7870.71	-0.000571749
7868.78	-0.000443571
7866.86	-0.000564767
7864.93	-0.000861921
7863	-0.000866948
7861.07	-0.000720333
7859.14	-0.000613209
7857.22	-0.000430231
7855.29	-0.000220848
7853.36	-0.000412687
7851.43	-0.000451779
7849.5	-0.000187995
7847.58	-0.000174118
7845.65	-0.00024042
7843.72	-0.000309064
7841.79	-0.000499209
7839.86	-0.000443935
7837.94	-0.000357137
7836.01	-0.000419308
7834.08	-0.000633293
7832.15	-0.000937079
7830.22	-0.000669785
7828.3	-0.000443008
7826.37	-0.00073588
7824.44	-0.00117245
7822.51	-0.00106247
7820.58	-0.000701113
7818.66	-0.000670447
7816.73	-0.000992687
7814.8	-0.00108114
7812.87	-0.000888805
7810.94	-0.000839037
7809.02	-0.000896939
7807.09	-0.000806595
7805.16	-0.000712923
7803.23	-0.000682224
7801.3	-0.000498282
7799.38	-0.000434203
7797.45	-0.000435229
7795.52	-0.000370744
7793.59	-0.00081774
7791.66	-0.000936319
7789.74	-0.000673457
7787.81	-0.000649306
7785.88	-0.000567811
7783.95	-0.000625782
7782.02	-0.000726849
7780.09	-0.000785097
7778.17	-0.000595441
7776.24	-0.000428973
7774.31	-0.000426921
7772.38	-0.000454361
7770.46	-0.000693802
7768.53	-0.000797235
7766.6	-0.00058975
7764.67	-0.000632234
7762.74	-0.000649868
7760.81	-0.000488519
7758.89	-0.000546633
7756.96	-0.000747291
7755.03	-0.000802229
7753.1	-0.000836094
7751.17	-0.000740114
7749.25	-0.000584687
7747.32	-0.000655162
7745.39	-0.000873561
7743.46	-0.000947725
7741.53	-0.00067081
7739.61	-0.000649604
7737.68	-0.000847702
7735.75	-0.000824982
7733.82	-0.000681132
7731.89	-0.000678419
7729.97	-0.000819956
7728.04	-0.000891748
7726.11	-0.000752385
7724.18	-0.000606327
7722.25	-0.000801766
7720.33	-0.000904181
7718.4	-0.000723078
7716.47	-0.000618139
7714.54	-0.000754965
7712.61	-0.00073019
7710.69	-0.000638189
7708.76	-0.000765285
7706.83	-0.000616253
7704.9	-0.000480641
7702.97	-0.00070333
7701.05	-0.000783377
7699.12	-0.000823891
7697.19	-0.000866584
7695.26	-0.000763168
7693.33	-0.000659264
7691.41	-0.000749309
7689.48	-0.000744579
7687.55	-0.000763333
7685.62	-0.000786486
7683.69	-0.000894625
7681.77	-0.000815259
7679.84	-0.000744414
7677.91	-0.00083196
7675.98	-0.000875678
7674.05	-0.00096214
7672.12	-0.00104872
7670.2	-0.000860334
7668.27	-0.000721557
7666.34	-0.000666576
7664.41	-0.000693207
7662.48	-0.000620885
7660.56	-0.000592066
7658.63	-0.000684705
7656.7	-0.000769386
7654.77	-0.000842245
7652.84	-0.000709019
7650.92	-0.000605831
7648.99	-0.000687385
7647.06	-0.000627602
7645.13	-0.000632664
7643.2	-0.000717157
7641.28	-0.000870387
7639.35	-0.000892409
7637.42	-0.000698202
7635.49	-0.000528795
7633.56	-0.000663764
7631.64	-0.00077706
7629.71	-0.000729165
7627.78	-0.000781426
7625.85	-0.0008396
7623.92	-0.000867907
7622	-0.000815094
7620.07	-0.000842973
7618.14	-0.000912182
7616.21	-0.000949015
7614.28	-0.00119952
7612.36	-0.00127782
7610.43	-0.0010433
7608.5	-0.000970273
7606.57	-0.0011521
7604.64	-0.00113425
7602.72	-0.000846379
7600.79	-0.000897568
7598.86	-0.00101927
7596.93	-0.000893302
7595	-0.000722251
7593.08	-0.000587996
7591.15	-0.000695159
7589.22	-0.000898923
7587.29	-0.0010194
7585.36	-0.000995166
7583.44	-0.000942634
7581.51	-0.000895914
7579.58	-0.000787577
7577.65	-0.000892244
7575.72	-0.00104888
7573.8	-0.00102135
7571.87	-0.00104313
7569.94	-0.00102412
7568.01	-0.00076287
7566.08	-0.000809571
7564.16	-0.000991133
7562.23	-0.00109212
7560.3	-0.00117989
7558.37	-0.00118194
7556.44	-0.00107222
7554.52	-0.000857689
7552.59	-0.000898923
7550.66	-0.000972323
7548.73	-0.000881663
7546.8	-0.000864468
7544.88	-0.000994737
7542.95	-0.00111069
7541.02	-0.000998604
7539.09	-0.000914728
7537.16	-0.00086622
7535.23	-0.000790918
7533.31	-0.000968653
7531.38	-0.00109939
7529.45	-0.00117616
7527.52	-0.00108967
7525.59	-0.00111168
7523.67	-0.00126262
7521.74	-0.00118841
7519.81	-0.000989051
7517.88	-0.000861723
7515.95	-0.00096571
7514.03	-0.00103606
7512.1	-0.00100502
7510.17	-0.000811423
7508.24	-0.000876438
7506.31	-0.00104191
7504.39	-0.00111148
7502.46	-0.00119202
7500.53	-0.00114569
7498.6	-0.000966339
7496.67	-0.000912711
7494.75	-0.000957412
7492.82	-0.00120765
7490.89	-0.00122479
7488.96	-0.000997381
7487.03	-0.00105503
7485.11	-0.00116403
7483.18	-0.00118947
7481.25	-0.00112811
7479.32	-0.000990836
7477.39	-0.000965082
7475.47	-0.000928053
7473.54	-0.000862484
7471.61	-0.00105358
7469.68	-0.0013495
7467.75	-0.00126487
7465.83	-0.0010185
7463.9	-0.000916646
7461.97	-0.00108554
7460.04	-0.00122559
7458.11	-0.00126867
7456.19	-0.00115577
7454.26	-0.00118247
7452.33	-0.00131611
7450.4	-0.00119245
7448.47	-0.00102888
7446.54	-0.00101014
7444.62	-0.00111271
7442.69	-0.00110986
7440.76	-0.000950205
7438.83	-0.00103189
7436.91	-0.00117374
7434.98	-0.00118485
7433.05	-0.00110884
7431.12	-0.00104819
7429.19	-0.00100208
7427.26	-0.000969215
7425.34	-0.00106386
7423.41	-0.00108726
7421.48	-0.00121534
7419.55	-0.0012091
7417.62	-0.0012322
7415.7	-0.00119892
7413.77	-0.00115064
7411.84	-0.00119915
7409.91	-0.00122202
7407.98	-0.00113171
7406.06	-0.00114192
7404.13	-0.00114843
7402.2	-0.00107443
7400.27	-0.00116723
7398.34	-0.00104769
7396.42	-0.000909769
7394.49	-0.000991497
7392.56	-0.00105754
7390.63	-0.00110213
7388.7	-0.00114618
7386.78	-0.00110362
7384.85	-0.000942931
7382.92	-0.00105057
7380.99	-0.00131492
7379.06	-0.00136225
7377.14	-0.0013425
7375.21	-0.00124984
7373.28	-0.001106
7371.35	-0.00105652
7369.42	-0.0011286
7367.5	-0.00113346
7365.57	-0.00125664
7363.64	-0.00136893
7361.71	-0.00139736
7359.78	-0.00131198
7357.86	-0.00122086
7355.93	-0.00111016
7354	-0.000993282
7352.07	-0.00102971
7350.14	-0.00106164
7348.22	-0.0010858
7346.29	-0.00121472
7344.36	-0.00109747
7342.43	-0.000927226
7340.5	-0.000984984
7338.58	-0.00118845
7336.65	-0.00128582
7334.72	-0.00110838
7332.79	-0.00108313
7330.86	-0.00118689
7328.94	-0.00119172
7327.01	-0.00114509
7325.08	-0.00127749
7323.15	-0.00128198
7321.22	-0.00119909
7319.29	-0.00107919
7317.37	-0.0012237
7315.44	-0.00140387
7313.51	-0.00131396
7311.58	-0.00129645
7309.65	-0.00121891
7307.73	-0.00118329
7305.8	-0.00121313
7303.87	-0.00121835
7301.94	-0.00111204
7300.01	-0.00110097
7298.09	-0.00120745
7296.16	-0.00121498
7294.23	-0.0011175
7292.3	-0.0011443
7290.37	-0.00128096
7288.45	-0.0012762
7286.52	-0.0012837
7284.59	-0.00132232
7282.66	-0.00126543
7280.73	-0.00107893
7278.81	-0.00115524
7276.88	-0.00127657
7274.95	-0.00123167
7273.02	-0.00118204
7271.09	-0.00126028
7269.17	-0.00115071
7267.24	-0.00107304
7265.31	-0.00113931
7263.38	-0.00104111
7261.45	-0.00110253
7259.53	-0.00134353
7257.6	-0.00142402
7255.67	-0.00131267
7253.74	-0.00134039
7251.81	-0.00140024
7249.89	-0.00130838
7247.96	-0.00123497
7246.03	-0.00114063
7244.1	-0.00103916
7242.17	-0.0010747
7240.25	-0.00131383
7238.32	-0.00139855
7236.39	-0.00136552
7234.46	-0.00147401
7232.53	-0.00132701
7230.61	-0.00121095
7228.68	-0.00124848
7226.75	-0.00136728
7224.82	-0.00135195
7222.89	-0.00109608
7220.97	-0.00102072
7219.04	-0.00120864
7217.11	-0.00120715
7215.18	-0.00124158
7213.25	-0.00134141
7211.33	-0.00123441
7209.4	-0.0010548
7207.47	-0.00105192
7205.54	-0.0011629
7203.61	-0.00121472
7201.69	-0.00132024
7199.76	-0.00141536
7197.83	-0.00141196
7195.9	-0.00131548
7193.97	-0.00115841
7192.04	-0.00123431
7190.12	-0.00134405
7188.19	-0.00133461
7186.26	-0.00119294
7184.33	-0.00110368
7182.4	-0.00112619
7180.48	-0.00119083
7178.55	-0.00125004
7176.62	-0.00128912
7174.69	-0.0013093
7172.76	-0.00123844
7170.84	-0.00116056
7168.91	-0.00118531
7166.98	-0.00121561
7165.05	-0.00121019
7163.12	-0.00119208
7161.2	-0.00120801
7159.27	-0.00129847
7157.34	-0.00131528
7155.41	-0.00131409
7153.48	-0.00126702
7151.56	-0.0012948
7149.63	-0.00142593
7147.7	-0.00125185
7145.77	-0.00112325
7143.84	-0.00114169
7141.92	-0.0011366
7139.99	-0.00116218
7138.06	-0.00134115
7136.13	-0.00135793
7134.2	-0.00129566
7132.28	-0.00118752
7130.35	-0.00119479
7128.42	-0.0012428
7126.49	-0.00128446
7124.56	-0.00129698
7122.64	-0.00116614
7120.71	-0.00107883
7118.78	-0.00106435
7116.85	-0.0013717
7114.92	-0.00142613
7113	-0.00134078
7111.07	-0.00129685
7109.14	-0.00124287
7107.21	-0.00123705
7105.28	-0.00121515
7103.36	-0.00128179
7101.43	-0.00120745
7099.5	-0.00112401
7097.57	-0.00127187
7095.64	-0.00144215
7093.71	-0.00124508
7091.79	-0.00100409
7089.86	-0.00108303
7087.93	-0.00107321
7086	-0.00097305
7084.08	-0.00107146
7082.15	-0.00116271
7080.22	-0.00113723
7078.29	-0.00120434
7076.36	-0.00120956
7074.43	-0.00119248
7072.51	-0.00131608
7070.58	-0.00126322
7068.65	-0.00115081
7066.72	-0.00116836
7064.79	-0.00103321
7062.87	-0.000944485
7060.94	-0.00110048
7059.01	-0.00113802
7057.08	-0.00114777
7055.15	-0.00127125
7053.23	-0.00123672
7051.3	-0.00114632
7049.37	-0.00111581
7047.44	-0.00125192
7045.51	-0.00136942
7043.59	-0.00126404
7041.66	-0.00117173
7039.73	-0.00109763
7037.8	-0.00120837
7035.87	-0.00135353
7033.95	-0.00123038
7032.02	-0.00108504
7030.09	-0.0012578
7028.16	-0.00139608
7026.23	-0.00128955
7024.31	-0.00124065
7022.38	-0.00115504
7020.45	-0.00106928
7018.52	-0.00113729
7016.59	-0.00120824
7014.67	-0.00120186
7012.74	-0.00124343
7010.81	-0.00138369
7008.88	-0.00136876
7006.95	-0.00126213
7005.03	-0.00122347
7003.1	-0.00129639
7001.17	-0.00134746
6999.24	-0.0013283
6997.31	-0.00126986
6995.39	-0.00128886
6993.46	-0.00131433
6991.53	-0.00108194
6989.6	-0.00107599
6987.67	-0.00117688
6985.75	-0.00113686
6983.82	-0.00114952
6981.89	-0.00126966
6979.96	-0.00136764
6978.03	-0.00129004
6976.1	-0.00120993
6974.18	-0.00119516
6972.25	-0.00109849
6970.32	-0.000921176
6968.39	-0.000983265
6966.46	-0.00117292
6964.54	-0.00125674
6962.61	-0.00107103
6960.68	-0.00105569
6958.75	-0.00110124
6956.82	-0.00092068
6954.9	-0.0010668
6952.97	-0.00109304
6951.04	-0.000923523
6949.11	-0.000954767
6947.18	-0.0011789
6945.26	-0.00116439
6943.33	-0.00114218
6941.4	-0.00116439
6939.47	-0.00122294
6937.54	-0.00117027
6935.62	-0.00103285
6933.69	-0.0011172
6931.76	-0.00113062
6929.83	-0.00109446
6927.9	-0.000983232
6925.98	-0.00100961
6924.05	-0.00118349
6922.12	-0.00113971
6920.19	-0.00103265
6918.26	-0.00112199
6916.34	-0.00118699
6914.41	-0.00132552
6912.48	-0.0011785
6910.55	-0.000921738
6908.62	-0.000925474
6906.7	-0.00124267
6904.77	-0.00138125
6902.84	-0.00123864
6900.91	-0.00111016
6898.98	-0.00110263
6897.06	-0.00119221
6895.13	-0.00107609
6893.2	-0.00105652
6891.27	-0.00119862
6889.34	-0.00121875
6887.42	-0.00130062
6885.49	-0.00120507
6883.56	-0.00112778
6881.63	-0.00109093
6879.7	-0.00107774
6877.78	-0.00108339
6875.85	-0.00108451
6873.92	-0.00115154
6871.99	-0.00118346
6870.06	-0.00108554
6868.14	-0.00105467
6866.21	-0.00110322
6864.28	-0.00117731
6862.35	-0.00101788
6860.42	-0.00099315
6858.5	-0.00102436
6856.57	-0.00111244
6854.64	-0.00115299
6852.71	-0.00110983
6850.78	-0.00111571
6848.85	-0.00103817
6846.93	-0.00111912
6845	-0.00120421
6843.07	-0.00109271
6841.14	-0.00094432
6839.21	-0.000948651
6837.29	-0.000967463
6835.36	-0.000990406
6833.43	-0.00116492
6831.5	-0.00121432
6829.57	-0.00118276
6827.65	-0.00124766
6825.72	-0.00119856
6823.79	-0.0011093
6821.86	-0.00111297
6819.93	-0.00115907
6818.01	-0.00109215
6816.08	-0.00115537
6814.15	-0.00123481
6812.22	-0.00114509
6810.29	-0.000955891
6808.37	-0.000897766
6806.44	-0.00107559
6804.51	-0.00123999
6802.58	-0.00108498
6800.65	-0.00101844
6798.73	-0.001007
6796.8	-0.000959528
6794.87	-0.000910529
6792.94	-0.000948353
6791.01	-0.00103907
6789.09	-0.00097629
6787.16	-0.000859441
6785.23	-0.000743521
6783.3	-0.000714908
6781.37	-0.000730091
6779.45	-0.00075093
6777.52	-0.000783642
6775.59	-0.000708424
6773.66	-0.000760886
6771.73	-0.000852199
6769.81	-0.000800906
6767.88	-0.000823593
6765.95	-0.000870717
6764.02	-0.000858317
6762.09	-0.00068884
6760.17	-0.000481105
6758.24	-0.000522574
6756.31	-0.000638355
6754.38	-0.000692115
6752.45	-0.000633888
6750.53	-0.000641564
6748.6	-0.000656188
6746.67	-0.000615393
6744.74	-0.000529722
6742.81	-0.000673391
6740.88	-0.000768196
6738.96	-0.000697111
6737.03	-0.000664855
6735.1	-0.000585448
6733.17	-0.000612647
6731.25	-0.000691586
6729.32	-0.000648413
6727.39	-0.000512248
6725.46	-0.000478225
6723.53	-0.000612647
6721.6	-0.000645733
6719.68	-0.000571914
6717.75	-0.000646891
6715.82	-0.000586441
6713.89	-0.000417818
6711.96	-0.000500863
6710.04	-0.000691388
6708.11	-0.000738989
6706.18	-0.000644542
6704.25	-0.000627073
6702.32	-0.000604276
6700.4	-0.000458101
6698.47	-0.00056887
6696.54	-0.00062651
6694.61	-0.000512811
6692.68	-0.000416262
6690.76	-0.00029615
6688.83	-0.000292872
6686.9	-0.000462504
6684.97	-0.000348695
6683.04	-0.000148912
6681.12	-0.000140896
6679.19	-0.000255123
6677.26	-0.000306912
6675.33	-0.000304329
6673.4	-0.000245222
6671.48	-0.000323665
6669.55	-0.000216709
6667.62	-0.000143082
6665.69	-0.000148084
6663.76	-0.000155967
6661.84	-0.000197467
6659.91	-5.30775e-05
6657.98	6.09671e-06
6656.05	-6.06642e-05
6654.12	-0.000137186
6652.2	-0.000146494
6650.27	-7.05035e-05
6648.34	-3.10786e-05
6646.41	-0.000109726
6644.48	-0.000143082
6642.56	-6.01672e-05
6640.63	-5.15535e-05
6638.7	-0.000167659
6636.77	-0.000241149
6634.84	-0.000278071
6632.92	-0.000233333
6630.99	-6.97747e-05
6629.06	3.09483e-05
6627.13	-0.000133708
6625.2	-9.75357e-05
6623.27	7.23045e-05
6621.35	3.73437e-05
6619.42	-8.69681e-05
6617.49	4.45676e-05
6615.56	0.000132954
6613.63	0.000109721
6611.71	-4.15812e-05
6609.78	-0.000199222
6607.85	-0.000246878
6605.92	-0.000139141
6603.99	0.000109522
6602.07	0.000227757
6600.14	0.000157946
6598.21	3.86029e-05
6596.28	-3.10124e-05
6594.35	-7.35182e-05
6592.43	1.66336e-05
6590.5	0.00019348
6588.57	0.000268071
6586.64	0.000275862
6584.71	0.000191922
6582.79	0.000234553
6580.86	0.000267043
6578.93	0.000361842
6577	0.000425849
6575.07	0.000373084
6573.15	0.000233956
6571.22	0.000312102
6569.29	0.000541748
6567.36	0.000676992
6565.43	0.000508839
6563.51	0.00043895
6561.58	0.000617793
6559.65	0.000605748
6557.72	0.000552795
6555.79	0.000570943
6553.87	0.000669293
6551.94	0.000732217
6550.01	0.000778087
6548.08	0.000801589
6546.15	0.000805174
6544.23	0.000860581
6542.3	0.00100127
6540.37	0.00102621
6538.44	0.000962616
6536.51	0.00105511
6534.59	0.00109178
6532.66	0.00107341
6530.73	0.00132762
6528.8	0.00147282
6526.87	0.00143096
6524.95	0.00144473
6523.02	0.00142046
6521.09	0.00131084
6519.16	0.00134221
6517.23	0.00135713
6515.31	0.0013938
6513.38	0.00132323
6511.45	0.00121696
6509.52	0.00120686
6507.59	0.00119805
6505.67	0.00118158
6503.74	0.00113619
6501.81	0.00110799
6499.88	0.00106271
6497.95	0.00104624
6496.02	0.000896737
6494.1	0.000808361
6492.17	0.000846505
6490.24	0.000759732
6488.31	0.000605184
6486.38	0.000570213
6484.46	0.000532426
6482.53	0.000464191
6480.6	0.000422068
6478.67	0.000444124
6476.74	0.000447341
6474.82	0.000380048
6472.89	0.000307062
6470.96	0.000214662
6469.03	0.00018022
6467.1	0.000136965
6465.18	0.00012036
6463.25	0.000186585
6461.32	0.000239261
6459.39	0.000182441
6457.46	7.05761e-06
6455.54	-8.16346e-05
6453.61	-8.00445e-05
6451.68	-6.5733e-05
6449.75	-7.72286e-05
6447.82	3.04844e-05
6445.9	4.60256e-05
6443.97	-3.79037e-05
6442.04	-0.000198129
6440.11	-0.000216974
6438.18	-0.000165374
6436.26	-0.000141095
6434.33	-0.000160107
6432.4	-0.000173985
6430.47	-0.000170309
6428.54	-0.000157458
6426.62	-0.000147951
6424.69	-0.000210052
6422.76	-0.00029168
6420.83	-0.000246679
6418.9	-0.000265058
6416.98	-0.000285025
6415.05	-0.000138942
6413.12	-2.07083e-05
6411.19	-0.000101809
6409.26	-0.000221014
6407.34	-0.000239427
6405.41	-0.00024648
6403.48	-0.000318732
6401.55	-0.000310057
6399.62	-0.000464721
6397.7	-0.000516683
6395.77	-0.000329029
6393.84	-0.000278171
6391.91	-0.000313997
6389.98	-0.000322771
6388.06	-0.000420863
6386.13	-0.000435229
6384.2	-0.000388853
6382.27	-0.000351377
6380.34	-0.000435196
6378.42	-0.000410138
6376.49	-0.00039928
6374.56	-0.000460617
6372.63	-0.000310223
6370.7	-0.000170507
6368.77	-0.000334591
6366.85	-0.000464357
6364.92	-0.000463
6362.99	-0.000418943
6361.06	-0.00043513
6359.13	-0.000484944
6357.21	-0.00046108
6355.28	-0.0004489
6353.35	-0.000400207
6351.42	-0.000489081
6349.49	-0.000570525
6347.57	-0.000529722
6345.64	-0.000603084
6343.71	-0.000489445
6341.78	-0.000333995
6339.85	-0.000428775
6337.93	-0.00051013
6336	-0.000507847
6334.07	-0.000503743
6332.14	-0.000507747
6330.21	-0.000485209
6328.29	-0.000487062
6326.36	-0.000432184
6324.43	-0.000389151
6322.5	-0.000480476
6320.57	-0.000494079
6318.65	-0.000540279
6316.72	-0.00057433
6314.79	-0.00055613
6312.86	-0.000416825
6310.93	-0.000267641
6309.01	-0.000354555
6307.08	-0.00047005
6305.15	-0.000408119
6303.22	-0.000485606
6301.29	-0.000488849
6299.37	-0.00044324
6297.44	-0.000389151
6295.51	-0.000340782
6293.58	-0.00042904
6291.65	-0.000493979
6289.73	-0.000498017
6287.8	-0.000517676
6285.87	-0.00065632
6283.94	-0.000655857
6282.01	-0.000559075
6280.08	-0.000586011
6278.16	-0.000667767
6276.23	-0.000633127
6274.3	-0.00054703
6272.37	-0.000615757
6270.45	-0.000588658
6268.52	-0.000429602
6266.59	-0.000385443
6264.66	-0.000430165
6262.73	-0.000542661
6260.8	-0.000564403
6258.88	-0.000518172
6256.95	-0.000440625
6255.02	-0.000521151
6253.09	-0.000492225
6251.17	-0.000470315
6249.24	-0.000616419
6247.31	-0.000621282
6245.38	-0.00058386
6243.45	-0.00062469
6241.52	-0.000517941
6239.6	-0.000559307
6237.67	-0.000518503
6235.74	-0.000487261
6233.81	-0.000563476
6231.88	-0.000639215
6229.96	-0.000631837
6228.03	-0.000647222
6226.1	-0.000599147
6224.17	-0.000524592
6222.24	-0.000354456
6220.32	-0.000324692
6218.39	-0.00042702
6216.46	-0.000593323
6214.53	-0.000616419
6212.6	-0.000593522
6210.68	-0.000629389
6208.75	-0.000569598
6206.82	-0.000548022
6204.89	-0.000484216
6202.96	-0.000447278
6201.04	-0.000450853
6199.11	-0.000452243
6197.18	-0.000546666
6195.25	-0.000549876
6193.32	-0.000538393
6191.4	-0.000598187
6189.47	-0.000534719
6187.54	-0.000476339
6185.61	-0.000391931
6183.68	-0.000426491
6181.76	-0.000581643
6179.83	-0.000676765
6177.9	-0.000573238
6175.97	-0.000540378
6174.04	-0.000509203
6172.12	-0.000597493
6170.19	-0.000619066
6168.26	-0.000537698
6166.33	-0.000557487
6164.4	-0.00063895
6162.48	-0.000557685
6160.55	-0.000399645
6158.62	-0.000416527
6156.69	-0.000435428
6154.76	-0.000346311
6152.83	-0.000261581
6150.91	-0.00029913
6148.98	-0.000407622
6147.05	-0.000387661
6145.12	-0.000365149
6143.19	-0.000371009
6141.27	-0.000262806
6139.34	-0.000244593
6137.41	-0.000257475
6135.48	-0.000376538
6133.55	-0.000383986
6131.63	-0.00023691
6129.7	-0.000119266
6127.77	-0.000131887
6125.84	-0.000195977
6123.91	-0.000230784
6121.99	-0.00025466
6120.06	-0.000243268
6118.13	-0.000284495
6116.2	-0.000314759
6114.27	-0.000397029
6112.35	-0.000276416
6110.42	-0.00022055
6108.49	-0.000302243
6106.56	-0.000254958
6104.63	-0.000215252
6102.71	-0.000152092
6100.78	-8.47486e-05
6098.85	-0.000173555
6096.92	-0.000218265
6094.99	-0.000298998
6093.07	-0.00036654
6091.14	-0.000287078
6089.21	-0.000274263
6087.28	-0.000275919
6085.35	-0.000319891
6083.43	-0.000373724
6081.5	-0.000392627
6079.57	-0.000382165
6077.64	-0.000340054
6075.71	-0.000360117
6073.79	-0.00044506
6071.86	-0.000454063
6069.93	-0.000332042
6068	-0.000379947
6066.07	-0.000470977
6064.15	-0.000533131
6062.22	-0.000606757
6060.29	-0.000589651
6058.36	-0.000613441
6056.43	-0.000566388
6054.51	-0.000403749
6052.58	-0.000466542
6050.65	-0.000582106
6048.72	-0.000574495
6046.79	-0.000496362
6044.87	-0.000502816
6042.94	-0.000503246
6041.01	-0.000570657
6039.08	-0.000586474
6037.15	-0.000574198
6035.23	-0.000593952
6033.3	-0.000678155
6031.37	-0.000667204
6029.44	-0.00047892
6027.51	-0.000457737
6025.58	-0.000598055
6023.66	-0.00064967
6021.73	-0.000667866
6019.8	-0.000607882
6017.87	-0.000495138
6015.94	-0.000645005
6014.02	-0.000746067
6012.09	-0.000775737
6010.16	-0.000759
6008.23	-0.000682753
6006.3	-0.000523203
6004.38	-0.000486963
6002.45	-0.00060411
6000.52	-0.000641299
5998.59	-0.000618602
5996.66	-0.00071418
5994.74	-0.000776597
5992.81	-0.000652714
5990.88	-0.000532403
5988.95	-0.000641299
5987.02	-0.000753609
5985.1	-0.000764326
5983.17	-0.000841716
5981.24	-0.000836458
5979.31	-0.000730157
5977.38	-0.000737236
5975.46	-0.000864137
5973.53	-0.000838839
5971.6	-0.000687616
5969.67	-0.000537433
5967.74	-0.000558579
5965.82	-0.000692578
5963.89	-0.000632664
5961.96	-0.000640572
5960.03	-0.000649571
5958.1	-0.000599147
5956.18	-0.000716032
5954.25	-0.000791546
5952.32	-0.000724468
5950.39	-0.000684308
5948.46	-0.000617974
5946.54	-0.000507681
5944.61	-0.00055014
5942.68	-0.000664955
5940.75	-0.000697541
5938.82	-0.000757082
5936.9	-0.00073191
5934.97	-0.000674747
5933.04	-0.000614136
5931.11	-0.000634318
5929.18	-0.000636171
5927.25	-0.000710045
5925.33	-0.000649108
5923.4	-0.000659033
5921.47	-0.000609603
5919.54	-0.000616419
5917.62	-0.000706009
5915.69	-0.000795317
5913.76	-0.000705281
5911.83	-0.000670844
5909.9	-0.000783112
5907.97	-0.000837682
5906.05	-0.000736243
5904.12	-0.000676798
5902.19	-0.000755693
5900.26	-0.000724931
5898.33	-0.000609636
5896.41	-0.000709979
5894.48	-0.000787214
5892.55	-0.000677692
5890.62	-0.000601993
5888.69	-0.000596169
5886.77	-0.000651423
5884.84	-0.000712923
5882.91	-0.000656188
5880.98	-0.00065943
5879.05	-0.000692215
5877.13	-0.000743223
5875.2	-0.000717852
5873.27	-0.000741371
5871.34	-0.000768129
5869.41	-0.000830042
5867.49	-0.000771536
5865.56	-0.000713981
5863.63	-0.000653276
5861.7	-0.000652879
5859.77	-0.000808248
5857.85	-0.000825545
5855.92	-0.000665286
5853.99	-0.000628793
5852.06	-0.000705182
5850.13	-0.000748383
5848.21	-0.000636634
5846.28	-0.000601265
5844.35	-0.000649471
5842.42	-0.000668065
5840.49	-0.000754701
5838.57	-0.000781822
5836.64	-0.000723078
5834.71	-0.000733961
5832.78	-0.00084337
5830.85	-0.000809273
5828.93	-0.000736806
5827	-0.000683613
5825.07	-0.000716032
5823.14	-0.000822304
5821.21	-0.000868601
5819.29	-0.000811787
5817.36	-0.000706638
5815.43	-0.000687186
5813.5	-0.000719076
5811.57	-0.000782286
5809.65	-0.000774348
5807.72	-0.0008437
5805.79	-0.000869296
5803.86	-0.000776961
5801.93	-0.000823527
5800	-0.000802295
5798.08	-0.000779342
5796.15	-0.000763532
5794.22	-0.000865427
5792.29	-0.000938137
5790.36	-0.000872503
5788.44	-0.000880175
5786.51	-0.000828554
5784.58	-0.000830472
5782.65	-0.000762672
5780.72	-0.000665186
5778.8	-0.000696284
5776.87	-0.000840956
5774.94	-0.000922465
5773.01	-0.000938269
5771.08	-0.000941543
5769.16	-0.00085005
5767.23	-0.000797632
5765.3	-0.000820551
5763.37	-0.000833416
5761.44	-0.000843436
5759.52	-0.00083325
5757.59	-0.000928714
5755.66	-0.00104753
5753.73	-0.000935393
5751.8	-0.000797334
5749.88	-0.000771635
5747.95	-0.000792075
5746.02	-0.000941543
5744.09	-0.0010981
5742.16	-0.00114509
5740.24	-0.00107017
5738.31	-0.00104184
5736.38	-0.00100125
5734.45	-0.000904181
5732.52	-0.00084995
5730.6	-0.000779606
5728.67	-0.000739287
5726.74	-0.000734391
5724.81	-0.000820849
5722.88	-0.000900709
5720.96	-0.00090676
5719.03	-0.000947229
5717.1	-0.000897832
5715.17	-0.000795416
5713.24	-0.0008395
5711.32	-0.000995464
5709.39	-0.00110048
5707.46	-0.00106468
5705.53	-0.000992323
5703.6	-0.000998869
5701.68	-0.00105678
5699.75	-0.000975992
5697.82	-0.000952651
5695.89	-0.00100565
5693.96	-0.00100356
5692.03	-0.00105992
5690.11	-0.00102879
5688.18	-0.00102631
5686.25	-0.00108075
5684.32	-0.00109882
5682.4	-0.00111261
5680.47	-0.00112335
5678.54	-0.00119112
5676.61	-0.00108065
5674.68	-0.0010351
5672.75	-0.00115097
5670.83	-0.00123917
5668.9	-0.00125321
5666.97	-0.00114437
5665.04	-0.0010384
5663.11	-0.00112731
5661.19	-0.00119093
5659.26	-0.00106984
5657.33	-0.000931194
5655.4	-0.00101348
5653.47	-0.00115464
5651.55	-0.00126656
5649.62	-0.00125892
5647.69	-0.00112381
5645.76	-0.00112897
5643.83	-0.00116
5641.91	-0.00105662
5639.98	-0.00103358
5638.05	-0.00105837
5636.12	-0.00117226
5634.19	-0.00117411
5632.27	-0.00114982
5630.34	-0.00111941
5628.41	-0.00106838
5626.48	-0.00108068
5624.55	-0.00119373
5622.63	-0.00128
5620.7	-0.00125707
5618.77	-0.00124875
5616.84	-0.0012762
5614.91	-0.00117447
5612.99	-0.0011013
5611.06	-0.00107228
5609.13	-0.00108517
5607.2	-0.00119185
5605.27	-0.00121663
5603.35	-0.00114767
5601.42	-0.00115917
5599.49	-0.00118395
5597.56	-0.00114833
5595.63	-0.0012315
5593.71	-0.00132067
5591.78	-0.00132919
5589.85	-0.00123352
5587.92	-0.00110791
5585.99	-0.00109159
5584.07	-0.00122982
5582.14	-0.00130286
5580.21	-0.00128727
5578.28	-0.00126854
5576.35	-0.0012726
5574.43	-0.00119909
5572.5	-0.00119522
5570.57	-0.00121029
5568.64	-0.00124425
5566.71	-0.00138841
5564.79	-0.00148253
5562.86	-0.00148663
5560.93	-0.0014041
5559	-0.00129536
5557.07	-0.0013353
5555.14	-0.00140136
5553.22	-0.00144172
5551.29	-0.00140014
5549.36	-0.00127726
5547.43	-0.0012579
5545.5	-0.00138244
5543.58	-0.001393
5541.65	-0.0013286
5539.72	-0.00131492
5537.79	-0.00133355
5535.86	-0.00136969
5533.94	-0.00146067
5532.01	-0.0014225
5530.08	-0.00136866
5528.15	-0.00140539
5526.22	-0.00140939
5524.3	-0.00142507
5522.37	-0.0014295
5520.44	-0.00140701
5518.51	-0.00139462
5516.58	-0.00145344
5514.66	-0.00142425
5512.73	-0.00142785
5510.8	-0.00150152
5508.87	-0.0014325
5506.94	-0.00137223
5505.02	-0.00139968
5503.09	-0.00147217
5501.16	-0.001618
5499.23	-0.00157251
5497.3	-0.00146048
5495.38	-0.00149838
5493.45	-0.00160988
5491.52	-0.00150954
5489.59	-0.00139905
5487.66	-0.00142692
5485.74	-0.00151929
5483.81	-0.00154745
5481.88	-0.00159618
5479.95	-0.0016585
5478.02	-0.0016279
5476.1	-0.00164523
5474.17	-0.00166009
5472.24	-0.00167269
5470.31	-0.00162668
5468.38	-0.00155607
5466.46	-0.00157561
5464.53	-0.00160479
5462.6	-0.00158294
5460.67	-0.00165081
5458.74	-0.00160707
5456.82	-0.00161239
5454.89	-0.00167223
5452.96	-0.00149545
5451.03	-0.00148643
5449.1	-0.00158357
5447.17	-0.00159819
5445.25	-0.00159123
5443.32	-0.00162193
5441.39	-0.0015975
5439.46	-0.00153064
5437.54	-0.001631
5435.61	-0.00177438
5433.68	-0.00174953
5431.75	-0.00158991
5429.82	-0.00158367
5427.89	-0.00167636
5425.97	-0.00166989
5424.04	-0.00171194
5422.11	-0.00175916
5420.18	-0.00179233
5418.25	-0.00178233
5416.33	-0.0016718
5414.4	-0.00170745
5412.47	-0.00178428
5410.54	-0.00173441
5408.61	-0.00170534
5406.69	-0.00168672
5404.76	-0.00168336
5402.83	-0.00169114
5400.9	-0.0017321
5398.97	-0.00178824
5397.05	-0.00175431
5395.12	-0.00176494
5393.19	-0.0018013
5391.26	-0.00178814
5389.33	-0.00175204
5387.41	-0.00169299
5385.48	-0.00170121
5383.55	-0.00173883
5381.62	-0.00168243
5379.69	-0.0016619
5377.77	-0.00179305
5375.84	-0.00187023
5373.91	-0.00182001
5371.98	-0.00181909
5370.05	-0.00183654
5368.13	-0.00181397
5366.2	-0.00172524
5364.27	-0.00175497
5362.34	-0.001886
5360.41	-0.00190619
5358.49	-0.00184651
5356.56	-0.0017954
5354.63	-0.00183882
5352.7	-0.00191104
5350.77	-0.00182222
5348.85	-0.00185155
5346.92	-0.00187062
5344.99	-0.00177807
5343.06	-0.00184001
5341.13	-0.00180991
5339.21	-0.00175926
5337.28	-0.00186386
5335.35	-0.00189675
5333.42	-0.00180216
5331.49	-0.00183994
5329.56	-0.00187755
5327.64	-0.00183202
5325.71	-0.00185551
5323.78	-0.00193027
5321.85	-0.00197371
5319.92	-0.00197711
5318	-0.00198407
5316.07	-0.00192502
5314.14	-0.00195088
5312.21	-0.00198921
5310.28	-0.00197351
5308.36	-0.00185413
5306.43	-0.00176355
5304.5	-0.00186218
5302.57	-0.00193858
5300.64	-0.00189985
5298.72	-0.00186604
5296.79	-0.00188217
5294.86	-0.00187795
5292.93	-0.00189438
5291	-0.00193574
5289.08	-0.00193723
5287.15	-0.00195748
5285.22	-0.00199129
5283.29	-0.00203278
5281.36	-0.00197417
5279.44	-0.00186317
5277.51	-0.00178375
5275.58	-0.00185749
5273.65	-0.00197015
5271.72	-0.00198892
5269.8	-0.00196151
5267.87	-0.00186881
5265.94	-0.00184469
5264.01	-0.00189563
5262.08	-0.00198268
5260.16	-0.00191552
5258.23	-0.00184001
5256.3	-0.00193165
5254.37	-0.00193934
5252.44	-0.00197107
5250.52	-0.00198572
5248.59	-0.00197206
5246.66	-0.00197932
5244.73	-0.00195656
5242.8	-0.00192285
5240.88	-0.0019681
5238.95	-0.00206777
5237.02	-0.00209323
5235.09	-0.00200933
5233.16	-0.00202648
5231.24	-0.00204069
5229.31	-0.00193007
5227.38	-0.0018663
5225.45	-0.00195283
5223.52	-0.0020217
5221.6	-0.00208775
5219.67	-0.00211568
5217.74	-0.00204472
5215.81	-0.00202427
5213.88	-0.00208307
5211.96	-0.00203139
5210.03	-0.00205178
5208.1	-0.00213349
5206.17	-0.00216441
5204.24	-0.00211027
5202.31	-0.00210018
5200.39	-0.00220562
5198.46	-0.00228444
5196.53	-0.00225075
5194.6	-0.0021712
5192.67	-0.00219969
5190.75	-0.00230023
5188.82	-0.00239873
5186.89	-0.00230636
5184.96	-0.00224393
5183.03	-0.00226341
5181.11	-0.00222814
5179.18	-0.00225098
5177.25	-0.00233681
5175.32	-0.00227442
5173.39	-0.00226357
5171.47	-0.00227771
5169.54	-0.00227969
5167.61	-0.00231621
5165.68	-0.00237507
5163.75	-0.00239797
5161.83	-0.00233793
5159.9	-0.00225533
5157.97	-0.00223206
5156.04	-0.00228777
5154.11	-0.00232995
5152.19	-0.00235731
5150.26	-0.00238426
5148.33	-0.00232943
5146.4	-0.00227455
5144.47	-0.00233928
5142.55	-0.00239257
5140.62	-0.00245287
5138.69	-0.00245985
5136.76	-0.00234689
5134.83	-0.00224488
5132.91	-0.00229693
5130.98	-0.00247952
5129.05	-0.00254946
5127.12	-0.00243
5125.19	-0.00235787
5123.27	-0.0023667
5121.34	-0.00238281
5119.41	-0.00240575
5117.48	-0.00236116
5115.55	-0.00236363
5113.62	-0.00237942
5111.7	-0.00235549
5109.77	-0.00231196
5107.84	-0.0023489
5105.91	-0.00226156
5103.99	-0.00214846
5102.06	-0.00214776
5100.13	-0.00226288
5098.2	-0.00231146
5096.27	-0.00221222
5094.34	-0.00216478
5092.42	-0.00214071
5090.49	-0.00198087
5088.56	-0.00196068
5086.63	-0.00200917
5084.71	-0.00198572
5082.78	-0.00198562
5080.85	-0.0018792
5078.92	-0.00160295
5076.99	-0.00140612
5075.06	-0.00135519
5073.14	-0.00126692
5071.21	-0.00110332
5069.28	-0.000950073
5067.35	-0.000775638
5065.42	-0.000631473
5063.5	-0.00039064
5061.57	-0.000107672
5059.64	0.000107666
5057.71	0.000265617
5055.78	0.000472583
5053.86	0.000680277
5051.93	0.000974571
5050	0.00135135
5048.07	0.00157483
5046.14	0.00184185
5044.22	0.00228
5042.29	0.00259484
5040.36	0.00279575
5038.43	0.00319464
5036.5	0.00368893
5034.58	0.004055
5032.65	0.00443202
5030.72	0.0048871
5028.79	0.00531817
5026.86	0.00574688
5024.94	0.00624997
5023.01	0.00681364
5021.08	0.00729613
5019.15	0.00783633
5017.22	0.00850454
5015.3	0.00916261
5013.37	0.00973771
5011.44	0.0103683
5009.51	0.010998
5007.58	0.0116959
5005.66	0.0123033
5003.73	0.0127179
5001.8	0.0130166
4999.87	0.0131254
4997.94	0.0130609
4996.02	0.0129698
4994.09	0.0127491
4992.16	0.0123896
4990.23	0.0119428
4988.3	0.0113785
4986.38	0.0107293
4984.45	0.0101724
4982.52	0.00968051
4980.59	0.00911669
4978.66	0.00845636
4976.73	0.00791073
4974.81	0.00737791
4972.88	0.00684757
4970.95	0.00637708
4969.02	0.00590193
4967.09	0.00549373
4965.17	0.00506547
4963.24	0.00464463
4961.31	0.00425434
4959.38	0.00391348
4957.45	0.00363212
4955.53	0.0032335
4953.6	0.00284468
4951.67	0.00263461
4949.74	0.00242015
4947.81	0.00221991
4945.89	0.0020198
4943.96	0.00185519
4942.03	0.00171565
4940.1	0.00145181
4938.17	0.00119393
4936.25	0.00100695
4934.32	0.000803481
4932.39	0.000614508
4930.46	0.000530634
4928.53	0.000424489
4926.61	0.000228685
4924.68	5.29514e-05
4922.75	-5.88752e-05
4920.82	-9.16391e-05
4918.89	-0.000236678
4916.97	-0.000472731
4915.04	-0.000596533
4913.11	-0.000647652
4911.18	-0.000725228
4909.25	-0.000935856
4907.33	-0.00105301
4905.4	-0.00113842
4903.47	-0.00125453
4901.54	-0.00127693
4899.61	-0.00130653
4897.69	-0.00139373
4895.76	-0.00146794
4893.83	-0.00161978
4891.9	-0.00175623
4889.97	-0.00180741
4888.05	-0.00193772
4886.12	-0.00204224
4884.19	-0.00198756
4882.26	-0.00200583
4880.33	-0.00207849
4878.41	-0.00205788
4876.48	-0.00219613
4874.55	-0.00231104
4872.62	-0.0023229
4870.69	-0.00234492
4868.77	-0.00241049
4866.84	-0.00246225
4864.91	-0.00251203
4862.98	-0.00248673
4861.05	-0.00255687
4859.12	-0.00270754
4857.2	-0.00277856
4855.27	-0.00275225
4853.34	-0.00270919
4851.41	-0.0028414
4849.48	-0.00299382
4847.56	-0.00290974
4845.63	-0.00285085
4843.7	-0.00282909
4841.77	-0.00295706
4839.84	-0.00305532
4837.92	-0.00309562
4835.99	-0.00313891
4834.06	-0.00309753
4832.13	-0.00307407
4830.2	-0.00309095
4828.28	-0.00317227
4826.35	-0.00324949
4824.42	-0.00330402
4822.49	-0.00333756
4820.56	-0.00321032
4818.64	-0.00327281
4816.71	-0.00342817
4814.78	-0.00350577
4812.85	-0.00350065
4810.92	-0.00347563
4809	-0.00346232
4807.07	-0.00358251
4805.14	-0.00360052
4803.21	-0.00358784
4801.28	-0.00354567
4799.36	-0.00349161
4797.43	-0.00346301
4795.5	-0.00346465
4793.57	-0.00355632
4791.64	-0.00362799
4789.72	-0.00361074
4787.79	-0.00365858
4785.86	-0.00367534
4783.93	-0.00368477
4782	-0.00371805
4780.08	-0.00377701
4778.15	-0.00379908
4776.22	-0.00374351
4774.29	-0.0037372
4772.36	-0.00373385
4770.44	-0.00383068
4768.51	-0.00383922
4766.58	-0.0038362
4764.65	-0.00379399
4762.72	-0.00382884
4760.79	-0.00390165
4758.87	-0.00379724
4756.94	-0.00377044
4755.01	-0.00386825
4753.08	-0.00377143
4751.16	-0.00372846
4749.23	-0.00391432
4747.3	-0.00390037
4745.37	-0.00386671
4743.44	-0.00399375
4741.51	-0.0039268
4739.59	-0.00388979
4737.66	-0.00401164
4735.73	-0.00407483
4733.8	-0.00395957
4731.88	-0.00400813
4729.95	-0.00413414
4728.02	-0.00415767
4726.09	-0.0041004
4724.16	-0.00396748
4722.23	-0.00398679
4720.31	-0.00407864
4718.38	-0.00411783
4716.45	-0.00416233
4714.52	-0.00414402
4712.59	-0.00416335
4710.67	-0.0041877
4708.74	-0.00419321
4706.81	-0.00415387
4704.88	-0.00416555
4702.95	-0.00416716
4701.03	-0.00416568
4699.1	-0.00416932
4697.17	-0.00423098
4695.24	-0.00436084
4693.31	-0.00440292
4691.39	-0.00433942
4689.46	-0.00429149
4687.53	-0.00422767
4685.6	-0.00430385
4683.67	-0.00432387
4681.75	-0.00424053
4679.82	-0.00432715
4677.89	-0.00441014
4675.96	-0.00447242
4674.03	-0.00446816
4672.11	-0.00447209
4670.18	-0.0044452
4668.25	-0.00438324
4666.32	-0.00435392
4664.39	-0.00430828
4662.47	-0.00437898
4660.54	-0.00458951
4658.61	-0.00460069
4656.68	-0.00453213
4654.75	-0.00453213
4652.83	-0.00458591
4650.9	-0.00456909
4648.97	-0.0046279
4647.04	-0.00473499
4645.11	-0.00474981
4643.19	-0.00467006
4641.26	-0.00455404
4639.33	-0.00456833
4637.4	-0.0046279
4635.47	-0.0046518
4633.54	-0.00463659
4631.62	-0.00464393
4629.69	-0.00468937
4627.76	-0.0047187
4625.83	-0.00467966
4623.9	-0.00461361
4621.98	-0.00468075
4620.05	-0.00468465
4618.12	-0.00471936
4616.19	-0.0047362
4614.26	-0.00470569
4612.34	-0.00475711
4610.41	-0.0047657
4608.48	-0.00476921
4606.55	-0.00473319
4604.62	-0.00470903
4602.7	-0.00473211
4600.77	-0.00482993
4598.84	-0.00480355
4596.91	-0.00468012
4594.98	-0.00462964
4593.06	-0.00465754
4591.13	-0.00476675
4589.2	-0.0047186
4587.27	-0.0046219
4585.34	-0.00457466
4583.42	-0.00459577
4581.49	-0.00467911
4579.56	-0.00468963
4577.63	-0.0046798
4575.7	-0.00464705
4573.78	-0.00450908
4571.85	-0.00442916
4569.92	-0.00438373
4567.99	-0.00435221
4566.06	-0.00432987
4564.14	-0.00426271
4562.21	-0.00410956
4560.28	-0.00398827
4558.35	-0.00389249
4556.42	-0.00378076
4554.5	-0.00360591
4552.57	-0.00347179
4550.64	-0.0033297
4548.71	-0.00314349
4546.78	-0.00299484
4544.86	-0.00278225
4542.93	-0.00251602
4541	-0.00220918
4539.07	-0.00195227
4537.14	-0.00180381
4535.22	-0.00163219
4533.29	-0.0013172
4531.36	-0.00105725
4529.43	-0.00080332
4527.5	-0.000497355
4525.58	-0.000198361
4523.65	3.77413e-05
4521.72	0.000342144
4519.79	0.000626519
4517.86	0.000933295
4515.94	0.00128319
4514.01	0.00160459
4512.08	0.00192704
4510.15	0.00220982
4508.22	0.00231614
4506.29	0.00240859
4504.37	0.00261644
4502.44	0.00284241
4500.51	0.00289811
4498.58	0.00298661
4496.65	0.00313647
4494.73	0.00319551
4492.8	0.0031889
4490.87	0.00322682
4488.94	0.00321033
4487.01	0.00317739
4485.09	0.00322469
4483.16	0.00317919
4481.23	0.00316223
4479.3	0.00313663
4477.37	0.00308928
4475.45	0.00293747
4473.52	0.00267341
4471.59	0.00239939
4469.66	0.00213573
4467.73	0.00187975
4465.81	0.00172663
4463.88	0.00152452
4461.95	0.00123211
4460.02	0.00101768
4458.09	0.000901883
4456.17	0.000643774
4454.24	0.000305404
4452.31	5.0364e-06
4450.38	-0.000250289
4448.45	-0.000536804
4446.53	-0.000733002
4444.6	-0.00101421
4442.67	-0.00132985
4440.74	-0.00154187
4438.81	-0.00171692
4436.89	-0.00177989
4434.96	-0.00187023
4433.03	-0.00203245
4431.1	-0.00216873
4429.17	-0.00237593
4427.25	-0.0025595
4425.32	-0.00264102
4423.39	-0.00269453
4421.46	-0.00278337
4419.53	-0.00280865
4417.61	-0.0028841
4415.68	-0.00301705
4413.75	-0.00316983
4411.82	-0.00321421
4409.89	-0.00325791
4407.96	-0.00329928
4406.04	-0.00324538
4404.11	-0.00327199
4402.18	-0.00336935
4400.25	-0.00339217
4398.33	-0.00334259
4396.4	-0.00333371
4394.47	-0.00341597
4392.54	-0.00350814
4390.61	-0.00351688
4388.68	-0.00346876
4386.76	-0.00346774
4384.83	-0.00354692
4382.9	-0.00357568
4380.97	-0.0035621
4379.04	-0.00344158
4377.12	-0.00340256
4375.19	-0.00344822
4373.26	-0.00341051
4371.33	-0.00345114
4369.4	-0.00348194
4367.48	-0.0034495
4365.55	-0.00333305
4363.62	-0.00328268
4361.69	-0.00334357
4359.76	-0.00340328
4357.84	-0.0035253
4355.91	-0.00361021
4353.98	-0.00357768
4352.05	-0.00357834
4350.12	-0.00347652
4348.2	-0.0034137
4346.27	-0.00345446
4344.34	-0.00352181
4342.41	-0.00348888
4340.48	-0.00349171
4338.56	-0.00360745
4336.63	-0.00367205
4334.7	-0.00366657
4332.77	-0.00364179
4330.84	-0.00378851
4328.92	-0.00393202
4326.99	-0.00393521
4325.06	-0.00381633
4323.13	-0.00386122
4321.2	-0.00401611
4319.28	-0.00411317
4317.35	-0.00412666
4315.42	-0.0041196
4313.49	-0.00424116
4311.56	-0.00433496
4309.64	-0.00433076
4307.71	-0.00441453
4305.78	-0.00451948
4303.85	-0.00463502
4301.92	-0.00471831
4300	-0.00470861
4298.07	-0.00469622
4296.14	-0.00472326
4294.21	-0.00481967
4292.28	-0.00479208
4290.35	-0.00469228
4288.43	-0.00470795
4286.5	-0.00480955
4284.57	-0.00493798
4282.64	-0.00485909
4280.71	-0.00487328
4278.79	-0.00502233
4276.86	-0.00513021
4274.93	-0.00515038
4273	-0.00518787
4271.07	-0.00519206
4269.15	-0.00508993
4267.22	-0.00502996
4265.29	-0.00508908
4263.36	-0.00515015
4261.43	-0.00523053
4259.51	-0.00523134
4257.58	-0.00526536
4255.65	-0.00540871
4253.72	-0.00541889
4251.79	-0.00534519
4249.87	-0.00529455
4247.94	-0.00532765
4246.01	-0.00533746
4244.08	-0.00531174
4242.15	-0.00530506
4240.23	-0.00528987
4238.3	-0.00535056
4236.37	-0.00541172
4234.44	-0.0053861
4232.51	-0.00531999
4230.59	-0.00537284
4228.66	-0.00543253
4226.73	-0.00537533
4224.8	-0.00533746
4222.87	-0.00541509
4220.95	-0.00560331
4219.02	-0.00561728
4217.09	-0.00547154
4215.16	-0.00535808
4213.23	-0.00539271
4211.31	-0.00549133
4209.38	-0.00552349
4207.45	-0.00554786
4205.52	-0.00550458
4203.59	-0.0054537
4201.67	-0.00548037
4199.74	-0.00548132
4197.81	-0.00548341
4195.88	-0.00535635
4193.95	-0.00535553
4192.03	-0.00545017
4190.1	-0.00550206
4188.17	-0.0055246
4186.24	-0.00551724
4184.31	-0.00555742
4182.39	-0.005644
4180.46	-0.0055654
4178.53	-0.00552123
4176.6	-0.00550854
4174.67	-0.00544824
4172.75	-0.00539991
4170.82	-0.00546283
4168.89	-0.00558394
4166.96	-0.00552807
4165.03	-0.00539362
4163.1	-0.00532035
4161.18	-0.00534372
4159.25	-0.00546107
4157.32	-0.00553743
4155.39	-0.00554989
4153.46	-0.00553406
4151.54	-0.00566107
4149.61	-0.00568596
4147.68	-0.00549679
4145.75	-0.00542455
4143.82	-0.00549653
4141.9	-0.00553995
4139.97	-0.00559242
4138.04	-0.00560737
4136.11	-0.00551724
4134.18	-0.00546453
4132.26	-0.00550373
4130.33	-0.00551233
4128.4	-0.00553478
4126.47	-0.0056005
4124.54	-0.00561486
4122.62	-0.00555395
4120.69	-0.00558594
4118.76	-0.00556831
4116.83	-0.00556949
4114.9	-0.00562846
4112.98	-0.00558895
4111.05	-0.00545262
4109.12	-0.00545773
4107.19	-0.0055193
4105.26	-0.00557694
4103.34	-0.0055844
4101.41	-0.00565273
4099.48	-0.00570241
4097.55	-0.00568177
4095.62	-0.00559837
4093.7	-0.00560854
4091.77	-0.00562221
4089.84	-0.0056493
4087.91	-0.00573223
4085.98	-0.00564688
4084.06	-0.00559059
4082.13	-0.00562182
4080.2	-0.00562127
4078.27	-0.00556883
4076.34	-0.00554685
4074.42	-0.00559696
4072.49	-0.00559448
4070.56	-0.00558058
4068.63	-0.00559749
4066.7	-0.00559193
4064.78	-0.00556658
4062.85	-0.0055705
4060.92	-0.00563837
4058.99	-0.005663
4057.06	-0.00562827
4055.14	-0.00563873
4053.21	-0.00569786
4051.28	-0.00566025
4049.35	-0.00560874
4047.42	-0.00558587
4045.5	-0.00562071
4043.57	-0.00563965
4041.64	-0.00564099
4039.71	-0.00562902
4037.78	-0.00564616
4035.85	-0.00568089
4033.93	-0.00563945
4032	-0.00555104
4030.07	-0.00560694
4028.14	-0.00572739
4026.21	-0.00570496
4024.29	-0.00566879
4022.36	-0.00564697
4020.43	-0.00568534
4018.5	-0.00571503
4016.57	-0.00562411
4014.65	-0.0056542
4012.72	-0.00570221
4010.79	-0.00573321
4008.86	-0.00572612
4006.93	-0.00567961
4005.01	-0.00564011
4003.08	-0.00561122
4001.15	-0.00559775
3999.22	-0.00557776
3997.29	-0.0055636
3995.37	-0.00560305
3993.44	-0.00561659
3991.51	-0.0056074
3989.58	-0.00556556
3987.65	-0.00558319
3985.73	-0.005751
3983.8	-0.00581593
3981.87	-0.00565633
3979.94	-0.00556222
3978.01	-0.00569233
3976.09	-0.00573776
3974.16	-0.00567435
3972.23	-0.00565283
3970.3	-0.00554315
3968.37	-0.0055654
3966.45	-0.00567425
3964.52	-0.00568632
3962.59	-0.00559166
3960.66	-0.00556929
3958.73	-0.00567098
3956.81	-0.00565329
3954.88	-0.00554659
3952.95	-0.00556232
3951.02	-0.00554633
3949.09	-0.005459
3947.17	-0.0055088
3945.24	-0.00562535
3943.31	-0.00560959
3941.38	-0.00563373
3939.45	-0.00574874
3937.53	-0.00575175
3935.6	-0.00569822
3933.67	-0.00562257
3931.74	-0.00558339
3929.81	-0.00552349
3927.88	-0.00553049
3925.96	-0.00562827
3924.03	-0.00561728
3922.1	-0.00553995
3920.17	-0.00550514
3918.24	-0.0055495
3916.32	-0.00568014
3914.39	-0.00574691
3912.46	-0.00564845
3910.53	-0.00551459
3908.6	-0.0055069
3906.68	-0.00557632
3904.75	-0.00558813
3902.82	-0.00554031
3900.89	-0.00548852
3898.96	-0.00546532
3897.04	-0.00557433
3895.11	-0.00557541
3893.18	-0.00546051
3891.25	-0.00539644
3889.32	-0.00542357
3887.4	-0.0053732
3885.47	-0.00527272
3883.54	-0.00529999
3881.61	-0.00540773
3879.68	-0.00540563
3877.76	-0.00542471
3875.83	-0.00540835
3873.9	-0.00537919
3871.97	-0.00532781
3870.04	-0.00530434
3868.12	-0.00525698
3866.19	-0.0051897
3864.26	-0.00521236
3862.33	-0.0053101
3860.4	-0.0053588
3858.48	-0.00532565
3856.55	-0.00529246
3854.62	-0.00527809
3852.69	-0.00526228
3850.76	-0.00519471
3848.84	-0.00519225
3846.91	-0.00518557
3844.98	-0.00522336
3843.05	-0.00533881
3841.12	-0.00526126
3839.2	-0.00514402
3837.27	-0.00509343
3835.34	-0.00512058
3833.41	-0.00519808
3831.48	-0.00531262
3829.56	-0.00534293
3827.63	-0.00523527
3825.7	-0.00517225
3823.77	-0.0050506
3821.84	-0.00501565
3819.92	-0.00495132
3817.99	-0.00491351
3816.06	-0.005086
3814.13	-0.00511102
3812.2	-0.00511629
3810.27	-0.00513256
3808.35	-0.0050468
3806.42	-0.00498057
3804.49	-0.00497995
3802.56	-0.00500193
3800.64	-0.0049994
3798.71	-0.00500386
3796.78	-0.00499511
3794.85	-0.00501339
3792.92	-0.00506691
3790.99	-0.00499567
3789.07	-0.00480063
3787.14	-0.0047736
3785.21	-0.00480208
3783.28	-0.00478549
3781.35	-0.00483894
3779.43	-0.00489484
3777.5	-0.0048141
3775.57	-0.00468491
3773.64	-0.00470356
3771.71	-0.00480411
3769.79	-0.00491613
3767.86	-0.00489431
3765.93	-0.00468048
3764	-0.00458086
3762.07	-0.00471497
3760.15	-0.00473797
3758.22	-0.00465905
3756.29	-0.00460869
3754.36	-0.00458594
3752.43	-0.00452564
3750.51	-0.00455541
3748.58	-0.00456299
3746.65	-0.00457745
3744.72	-0.00457522
3742.79	-0.00458473
3740.87	-0.00448577
3738.94	-0.00456489
3737.01	-0.00459958
3735.08	-0.0045525
3733.15	-0.00461745
3731.23	-0.00465321
3729.3	-0.0045544
3727.37	-0.00458309
3725.44	-0.00463928
3723.51	-0.00466763
3721.59	-0.00459833
3719.66	-0.00457981
3717.73	-0.00462407
3715.8	-0.00462728
3713.87	-0.00463213
3711.95	-0.00459256
3710.02	-0.00443992
3708.09	-0.00444428
3706.16	-0.00454761
3704.23	-0.00444294
3702.31	-0.00443257
3700.38	-0.00463656
3698.45	-0.00460732
3696.52	-0.00440738
3694.59	-0.00432895
3692.67	-0.00436464
3690.74	-0.00427794
3688.81	-0.00419623
3686.88	-0.00415022
3684.95	-0.00421596
3683.02	-0.00425822
3681.1	-0.00414238
3679.17	-0.00429795
3677.24	-0.00442496
3675.31	-0.0043159
3673.38	-0.00422285
3671.46	-0.0041195
3669.53	-0.00410592
3667.6	-0.00414914
3665.67	-0.00418114
3663.74	-0.00422439
3661.82	-0.00416191
3659.89	-0.00407664
3657.96	-0.00409817
3656.03	-0.00418921
3654.1	-0.00415219
3652.18	-0.00415859
3650.25	-0.00412101
3648.32	-0.00390539
3646.39	-0.00393849
3644.46	-0.00402612
3642.54	-0.00390411
3640.61	-0.00377399
3638.68	-0.00378246
3636.75	-0.0038384
3634.82	-0.00394575
3632.9	-0.00396676
3630.97	-0.00376588
3629.04	-0.00381078
3627.11	-0.00389607
3625.18	-0.00377419
3623.26	-0.0036662
3621.33	-0.0037846
3619.4	-0.00380884
3617.47	-0.00360252
3615.54	-0.00355205
3613.62	-0.00360916
3611.69	-0.00352139
3609.76	-0.00343359
3607.83	-0.00342849
3605.9	-0.00326847
3603.98	-0.00324874
3602.05	-0.00335271
3600.12	-0.00324709
3598.19	-0.00320161
3596.26	-0.0032344
3594.34	-0.00321184
3592.41	-0.00315293
3590.48	-0.00313714
3588.55	-0.00305269
3586.62	-0.00297911
3584.7	-0.00298823
3582.77	-0.00292047
3580.84	-0.00282063
3578.91	-0.00269947
3576.98	-0.00258421
3575.05	-0.00247494
3573.13	-0.00234142
3571.2	-0.00234894
3569.27	-0.0023314
3567.34	-0.00205059
3565.42	-0.00193274
3563.49	-0.00194867
3561.56	-0.00170065
3559.63	-0.00156864
3557.7	-0.00163823
3555.77	-0.00153005
3553.85	-0.00124921
3551.92	-0.0010588
3549.99	-0.000892575
3548.06	-0.000661613
3546.13	-0.000569995
3544.21	-0.000379418
3542.28	-0.000241513
3540.35	-0.000131125
3538.42	3.55211e-05
3536.49	7.07469e-05
3534.57	0.000134744
3532.64	0.000316877
3530.71	0.00055399
3528.78	0.000705798
3526.85	0.000837143
3524.93	0.000984434
3523	0.00111742
3521.07	0.00129997
3519.14	0.00140583
3517.21	0.00160233
3515.29	0.00188317
3513.36	0.00211229
3511.43	0.00229589
3509.5	0.00252288
3507.57	0.00268825
3505.65	0.00278405
3503.72	0.00292096
3501.79	0.00307236
3499.86	0.00336544
3497.93	0.00362728
3496.01	0.00382506
3494.08	0.00407657
3492.15	0.00421074
3490.22	0.00440741
3488.29	0.00474467
3486.37	0.00493029
3484.44	0.00499846
3482.51	0.00513104
3480.58	0.00547843
3478.65	0.0056934
3476.73	0.00586247
3474.8	0.00614151
3472.87	0.00643024
3470.94	0.00678335
3469.01	0.00702985
3467.09	0.00721392
3465.16	0.00746872
3463.23	0.00772036
3461.3	0.00802851
3459.37	0.00830053
3457.44	0.00861285
3455.52	0.00888896
3453.59	0.00915412
3451.66	0.00947365
3449.73	0.00989852
3447.81	0.0102854
3445.88	0.0106195
3443.95	0.0110263
3442.02	0.0113122
3440.09	0.0116492
3438.16	0.0122043
3436.24	0.0128571
3434.31	0.0134985
3432.38	0.0140664
3430.45	0.0146483
3428.52	0.0153262
3426.6	0.0161627
3424.67	0.0171398
3422.74	0.0181778
3420.81	0.0194003
3418.88	0.021008
3416.96	0.0230599
3415.03	0.025703
3413.1	0.0292182
3411.17	0.0340278
3409.24	0.0404555
3407.32	0.0490494
3405.39	0.060663
3403.46	0.075639
3401.53	0.0941028
3399.6	0.115444
3397.68	0.138437
3395.75	0.161394
3393.82	0.182523
3391.89	0.2004
3389.96	0.21483
3388.04	0.22668
3386.11	0.237352
3384.18	0.246207
3382.25	0.247263
3380.32	0.239118
3378.4	0.228792
3376.47	0.22105
3374.54	0.214897
3372.61	0.209538
3370.68	0.205458
3368.76	0.202457
3366.83	0.199305
3364.9	0.193818
3362.97	0.185252
3361.04	0.175381
3359.12	0.166032
3357.19	0.15692
3355.26	0.147708
3353.33	0.138489
3351.4	0.129574
3349.48	0.121285
3347.55	0.114203
3345.62	0.108032
3343.69	0.102786
3341.76	0.098396
3339.83	0.0947363
3337.91	0.0915984
3335.98	0.0890245
3334.05	0.0868253
3332.12	0.0850667
3330.19	0.0836484
3328.27	0.0823238
3326.34	0.0813645
3324.41	0.0805602
3322.48	0.079963
3320.55	0.0795204
3318.63	0.0792886
3316.7	0.0793058
3314.77	0.079305
3312.84	0.0794036
3310.91	0.0797523
3308.99	0.0802339
3307.06	0.0805967
3305.13	0.0808938
3303.2	0.0812663
3301.27	0.0814559
3299.35	0.0815193
3297.42	0.0816286
3295.49	0.0816559
3293.56	0.081794
3291.63	0.0819445
3289.71	0.0819088
3287.78	0.0819366
3285.85	0.0819388
3283.92	0.0817914
3281.99	0.0816753
3280.07	0.081615
3278.14	0.081439
3276.21	0.0813258
3274.28	0.0812813
3272.35	0.0812477
3270.43	0.0812018
3268.5	0.0810545
3266.57	0.0807129
3264.64	0.080485
3262.71	0.0803849
3260.79	0.0802984
3258.86	0.0802499
3256.93	0.0801464
3255	0.079933
3253.07	0.0798365
3251.15	0.0797546
3249.22	0.0795456
3247.29	0.0794709
3245.36	0.0794559
3243.43	0.0796201
3241.51	0.0797543
3239.58	0.0800453
3237.65	0.0804449
3235.72	0.0809094
3233.79	0.0816734
3231.87	0.082693
3229.94	0.0838159
3228.01	0.0849503
3226.08	0.086171
3224.15	0.0872822
3222.22	0.0883396
3220.3	0.0891744
3218.37	0.0899357
3216.44	0.0906495
3214.51	0.0909632
3212.58	0.0909968
3210.66	0.0910728
3208.73	0.0911574
3206.8	0.0908529
3204.87	0.090107
3202.94	0.0893747
3201.02	0.0888023
3199.09	0.0879756
3197.16	0.0868892
3195.23	0.0858053
3193.3	0.0846287
3191.38	0.0834998
3189.45	0.0826098
3187.52	0.0815528
3185.59	0.0804799
3183.66	0.0795619
3181.74	0.0785934
3179.81	0.0777059
3177.88	0.0769749
3175.95	0.0761934
3174.02	0.0754144
3172.1	0.0747429
3170.17	0.0742547
3168.24	0.073831
3166.31	0.073372
3164.38	0.0727512
3162.46	0.0723152
3160.53	0.0721124
3158.6	0.07203
3156.67	0.0716314
3154.74	0.07117
3152.82	0.0709882
3150.89	0.0709137
3148.96	0.0707348
3147.03	0.0703537
3145.1	0.0702652
3143.18	0.0702975
3141.25	0.0702793
3139.32	0.070202
3137.39	0.0699736
3135.46	0.0696986
3133.54	0.0695798
3131.61	0.0695154
3129.68	0.0693499
3127.75	0.0692061
3125.82	0.0690664
3123.9	0.0688827
3121.97	0.0685619
3120.04	0.0683541
3118.11	0.0681699
3116.18	0.0679323
3114.26	0.0677475
3112.33	0.067539
3110.4	0.0672329
3108.47	0.0670327
3106.54	0.0666949
3104.61	0.0664614
3102.69	0.0662115
3100.76	0.0657918
3098.83	0.0653086
3096.9	0.0648831
3094.98	0.0645052
3093.05	0.064297
3091.12	0.0638342
3089.19	0.0632942
3087.26	0.0628241
3085.33	0.0623453
3083.41	0.0618157
3081.48	0.0613686
3079.55	0.0609304
3077.62	0.0603788
3075.69	0.0598333
3073.77	0.0591838
3071.84	0.0584295
3069.91	0.0578745
3067.98	0.0573151
3066.05	0.0567168
3064.13	0.0559341
3062.2	0.0551434
3060.27	0.0545021
3058.34	0.0538604
3056.41	0.0531982
3054.49	0.0523915
3052.56	0.0517054
3050.63	0.0512253
3048.7	0.0506066
3046.77	0.049738
3044.85	0.0488209
3042.92	0.0480909
3040.99	0.0474213
3039.06	0.0466152
3037.13	0.0457814
3035.21	0.0450444
3033.28	0.0441792
3031.35	0.0432876
3029.42	0.0426046
3027.49	0.0419516
3025.57	0.0410721
3023.64	0.0403
3021.71	0.0394453
3019.78	0.0387514
3017.85	0.0378848
3015.93	0.0368879
3014	0.0360667
3012.07	0.035274
3010.14	0.034407
3008.21	0.0335649
3006.29	0.0327971
3004.36	0.0319423
3002.43	0.0311896
3000.5	0.0305225
2998.57	0.029748
2996.65	0.0289879
2994.72	0.0281206
2992.79	0.0272268
2990.86	0.0264724
2988.93	0.0259264
2987	0.0251558
2985.08	0.0244481
2983.15	0.0236962
2981.22	0.0229361
2979.29	0.0222837
2977.36	0.0215824
2975.44	0.0208906
2973.51	0.0202802
2971.58	0.0194857
2969.65	0.0187132
2967.72	0.0181208
2965.8	0.0174373
2963.87	0.0168592
2961.94	0.0162488
2960.01	0.0157064
2958.08	0.0153485
2956.16	0.0149233
2954.23	0.0143066
2952.3	0.0136822
2950.37	0.0130639
2948.44	0.0125002
2946.52	0.012177
2944.59	0.0116057
2942.66	0.0111234
2940.73	0.0106017
2938.8	0.0101313
2936.88	0.00984148
2934.95	0.009417
2933.02	0.00891507
2931.09	0.00857449
2929.16	0.00819403
2927.24	0.00781052
2925.31	0.00748119
2923.38	0.00720145
2921.45	0.00693106
2919.52	0.00658843
2917.6	0.00605471
2915.67	0.00561868
2913.74	0.00550541
2911.81	0.00546521
2909.88	0.00519063
2907.96	0.00475003
2906.03	0.00450094
2904.1	0.004363
2902.17	0.00416708
2900.24	0.00385163
2898.32	0.00364947
2896.39	0.00342241
2894.46	0.00321567
2892.53	0.00309816
2890.6	0.00281016
2888.68	0.00236877
2886.75	0.00225525
2884.82	0.00233096
2882.89	0.00212334
2880.96	0.00176682
2879.04	0.00150902
2877.11	0.00146477
2875.18	0.00144213
2873.25	0.00122527
2871.32	0.00108643
2869.39	0.000944817
2867.47	0.000788245
2865.54	0.000712701
2863.61	0.000610194
2861.68	0.000454041
2859.75	0.000306896
2857.83	0.000186618
2855.9	6.69359e-05
2853.97	-0.000126421
2852.04	-0.000410734
2850.11	-0.000452772
2848.19	-0.000361772
2846.26	-0.000463794
2844.33	-0.000632135
2842.4	-0.00074008
2840.47	-0.000830704
2838.55	-0.00100079
2836.62	-0.000999034
2834.69	-0.00102931
2832.76	-0.00120599
2830.83	-0.00126646
2828.91	-0.00120385
2826.98	-0.00115742
2825.05	-0.0012805
2823.12	-0.00122314
2821.19	-0.00124627
2819.27	-0.0013863
2817.34	-0.00129781
2815.41	-0.00127442
2813.48	-0.00152655
2811.55	-0.00167791
2809.63	-0.00171352
2807.7	-0.00176144
2805.77	-0.00177926
2803.84	-0.00165375
2801.91	-0.00177513
2799.99	-0.00195593
2798.06	-0.00192661
2796.13	-0.00185446
2794.2	-0.00184667
2792.27	-0.00203891
2790.35	-0.00187372
2788.42	-0.00183265
2786.49	-0.00191358
2784.56	-0.00174431
2782.63	-0.00188695
2780.71	-0.00225095
2778.78	-0.00241273
2776.85	-0.00234956
2774.92	-0.00219023
2772.99	-0.0021896
2771.06	-0.00226779
2769.14	-0.00220754
2767.21	-0.00230596
2765.28	-0.00222392
2763.35	-0.00215469
2761.43	-0.00205075
2759.5	-0.0020984
2757.57	-0.00210734
2755.64	-0.00222487
2753.71	-0.00249481
2751.78	-0.00263733
2749.86	-0.00252864
2747.93	-0.00234324
2746	-0.00247952
2744.07	-0.00253783
2742.15	-0.00233325
2740.22	-0.00215258
2738.29	-0.00211819
2736.36	-0.00233645
2734.43	-0.00267873
2732.5	-0.00252274
2730.58	-0.00229251
2728.65	-0.00231532
2726.72	-0.00237635
2724.79	-0.00230936
2722.86	-0.00233299
2720.94	-0.00238367
2719.01	-0.00242967
2717.08	-0.00258447
2715.15	-0.00255595
2713.22	-0.0024611
2711.3	-0.0022646
2709.37	-0.00226845
2707.44	-0.00242367
2705.51	-0.00241583
2703.58	-0.00238318
2701.66	-0.00244934
2699.73	-0.00244354
2697.8	-0.00239194
2695.87	-0.00255384
2693.94	-0.0026454
2692.02	-0.00261312
2690.09	-0.00254112
2688.16	-0.00249932
2686.23	-0.00238835
2684.3	-0.00234992
2682.38	-0.00235424
2680.45	-0.00234195
2678.52	-0.00224096
2676.59	-0.0025538
2674.66	-0.00258496
2672.74	-0.00238087
2670.81	-0.00259307
2668.88	-0.00290631
2666.95	-0.00288647
2665.02	-0.00275844
2663.1	-0.00240697
2661.17	-0.00211479
2659.24	-0.00224271
2657.31	-0.00210414
2655.38	-0.0022908
2653.46	-0.00240354
2651.53	-0.00239734
2649.6	-0.00229123
2647.67	-0.00238232
2645.74	-0.00259511
2643.81	-0.00253098
2641.89	-0.00263608
2639.96	-0.00262063
2638.03	-0.00231193
2636.1	-0.00214071
2634.17	-0.00229116
2632.25	-0.00254685
2630.32	-0.00234066
2628.39	-0.00207107
2626.46	-0.00207621
2624.53	-0.00223849
2622.61	-0.00217681
2620.68	-0.0019554
2618.75	-0.00209863
2616.82	-0.00226341
2614.89	-0.00241672
2612.97	-0.00244921
2611.04	-0.00200913
2609.11	-0.0017622
2607.18	-0.00196645
2605.25	-0.00219237
2603.33	-0.00211459
2601.4	-0.00207446
2599.47	-0.00224904
2597.54	-0.00208713
2595.61	-0.00210563
2593.69	-0.00199643
2591.76	-0.0018668
2589.83	-0.00198212
2587.9	-0.0020405
2585.97	-0.00200851
2584.05	-0.0019905
2582.12	-0.00193703
2580.19	-0.00181773
2578.26	-0.00167104
2576.33	-0.00162189
2574.41	-0.0020336
2572.48	-0.00212788
2570.55	-0.00183846
2568.62	-0.00140922
2566.69	-0.00144482
2564.77	-0.00149419
2562.84	-0.00152909
2560.91	-0.00147567
2558.98	-0.0011753
2557.05	-0.00130508
2555.13	-0.00132262
2553.2	-0.00119413
2551.27	-0.00154798
2549.34	-0.00172926
2547.41	-0.00162328
2545.49	-0.00130722
2543.56	-0.00117817
2541.63	-0.0012167
2539.7	-0.00125955
2537.77	-0.0012091
2535.85	-0.00119796
2533.92	-0.00111343
2531.99	-0.00111135
2530.06	-0.00116575
2528.13	-0.000913141
2526.21	-0.000771602
2524.28	-0.000725096
2522.35	-0.000781359
2520.42	-0.000975794
2518.49	-0.000846677
2516.56	-0.000702767
2514.64	-0.000637892
2512.71	-0.000614367
2510.78	-0.000434468
2508.85	-5.26468e-05
2506.92	-2.9654e-05
2505	-3.26689e-05
2503.07	-9.26991e-05
2501.14	-7.73942e-05
2499.21	4.50315e-05
2497.28	-0.000129402
2495.36	-0.000211112
2493.43	-3.45906e-05
2491.5	0.000242543
2489.57	0.00038164
2487.64	0.000272646
2485.72	0.000432913
2483.79	0.00068197
2481.86	0.000455301
2479.93	-0.000186869
2478	2.14051e-05
2476.08	0.0006018
2474.15	0.000648254
2472.22	0.000503067
2470.29	0.000577977
2468.36	0.000889433
2466.44	0.000936051
2464.51	0.000814967
2462.58	0.000818021
2460.65	0.00089272
2458.72	0.000965505
2456.8	0.0011144
2454.87	0.00133201
2452.94	0.00151674
2451.01	0.00128006
2449.08	0.00124118
2447.16	0.00117084
2445.23	0.00125786
2443.3	0.00126604
2441.37	0.00132875
2439.44	0.00166918
2437.52	0.00176838
2435.59	0.00134178
2433.66	0.00103677
2431.73	0.00111683
2429.8	0.00105155
2427.88	0.00124401
2425.95	0.0014682
2424.02	0.00134131
2422.09	0.00138818
2420.16	0.00165821
2418.24	0.00168232
2416.31	0.00165694
2414.38	0.00138359
2412.45	0.000961653
2410.52	0.000934291
2408.6	0.000992271
2406.67	0.000928447
2404.74	0.00088256
2402.81	0.000903145
2400.88	0.00119583
2398.95	0.00187951
2397.03	0.00168668
2395.1	0.00124796
2393.17	0.00130336
2391.24	0.00112619
2389.31	0.00113271
2387.39	0.00121337
2385.46	0.00130419
2383.53	0.00154144
2381.6	0.00166516
2379.67	0.0014183
2377.75	0.00148419
2375.82	0.00181163
2373.89	0.00187545
2371.96	0.00186154
2370.03	0.00174559
2368.11	0.00167384
2366.18	0.00179014
2364.25	0.00195213
2362.32	0.00193972
2360.39	0.00149672
2358.47	0.000963114
2356.54	0.000981843
2354.61	0.00143189
2352.68	0.00146906
2350.75	0.00132882
2348.83	0.00170464
2346.9	0.00207164
2344.97	0.00198761
2343.04	0.00136325
2341.11	0.00125029
2339.19	0.00143592
2337.26	0.00106517
2335.33	0.00142711
2333.4	0.00185419
2331.47	0.00234219
2329.55	0.00184018
2327.62	0.00119922
2325.69	0.00127873
2323.76	0.00229462
2321.83	0.00254218
2319.91	0.00217565
2317.98	0.00240835
2316.05	0.00248536
2314.12	0.00210673
2312.19	0.00175664
2310.27	0.00193992
2308.34	0.00231304
2306.41	0.00213127
2304.48	0.00241622
2302.55	0.00236028
2300.63	0.00211608
2298.7	0.00214535
2296.77	0.0023275
2294.84	0.00235638
2292.91	0.00198399
2290.98	0.00166203
2289.06	0.00165172
2287.13	0.00177557
2285.2	0.00205892
2283.27	0.00160386
2281.35	0.00134158
2279.42	0.00159798
2277.49	0.00243611
2275.56	0.00201324
2273.63	0.00091646
2271.7	0.00128385
2269.78	0.00194368
2267.85	0.00202872
2265.92	0.00155864
2263.99	0.00122391
2262.06	0.00141969
2260.14	0.00157649
2258.21	0.00217299
2256.28	0.00263458
2254.35	0.00220379
2252.42	0.00195949
2250.5	0.00170644
2248.57	0.00215131
2246.64	0.00221468
2244.71	0.00137409
2242.78	0.00133802
2240.86	0.00144715
2238.93	0.00225735
2237	0.00295515
2235.07	0.00254431
2233.14	0.00156266
2231.22	0.000589291
2229.29	0.00125368
2227.36	0.00136365
2225.43	0.00145284
2223.5	0.00160519
2221.58	0.00129535
2219.65	0.00159003
2217.72	0.001742
2215.79	0.00151637
2213.86	0.00146653
2211.94	0.00177869
2210.01	0.00206045
2208.08	0.0017083
2206.15	0.00122896
2204.22	0.00138668
2202.3	0.00172117
2200.37	0.00145423
2198.44	0.000809257
2196.51	0.00049504
2194.58	0.00106899
2192.66	0.00145812
2190.73	0.00163652
2188.8	0.00211239
2186.87	0.00156565
2184.94	0.000683828
2183.02	0.000451222
2181.09	0.00116483
2179.16	0.00124753
2177.23	0.00147042
2175.3	0.0012351
2173.38	0.00099888
2171.45	0.00154211
2169.52	0.00137778
2167.59	0.00121224
2165.66	0.000944352
2163.73	0.00126135
2161.81	0.00141743
2159.88	0.00113995
2157.95	0.000333092
2156.02	-5.59598e-05
2154.09	0.000710245
2152.17	0.00162604
2150.24	0.000975301
2148.31	0.00099081
2146.38	0.00203272
2144.45	0.00280676
2142.53	0.00265628
2140.6	0.00222361
2138.67	0.00164859
2136.74	0.00141594
2134.81	0.00168764
2132.89	0.00146228
2130.96	0.000984334
2129.03	0.00111277
2127.1	0.000699658
2125.17	0.000978954
2123.25	0.00146843
2121.32	0.00165448
2119.39	0.00111776
2117.46	0.000930472
2115.53	0.000713133
2113.61	0.00075867
2111.68	0.00125667
2109.75	0.00145134
2107.82	0.000379219
2105.89	-0.00112255
2103.97	-0.000673027
2102.04	0.000276492
2100.11	-0.000134371
2098.18	0.000583982
2096.25	0.00126524
2094.33	-5.43033e-05
2092.4	-0.000907818
2090.47	-0.00122496
2088.54	-0.00157072
2086.61	-0.000419407
2084.69	0.000939969
2082.76	0.00098822
2080.83	-0.00104273
2078.9	-0.00208831
2076.97	-0.00265018
2075.05	-0.00256122
2073.12	-0.00213362
2071.19	-0.000867311
2069.26	-0.000739452
2067.33	-0.00135694
2065.41	-0.000988918
2063.48	0.00118124
2061.55	0.0019283
2059.62	-0.000293237
2057.69	-0.00261714
2055.77	-0.00294452
2053.84	-0.00231934
2051.91	-0.00170771
2049.98	-0.00111865
2048.05	-0.000824453
2046.12	-0.00192971
2044.2	-0.00189995
2042.27	0.000700986
2040.34	0.00149809
2038.41	0.00130589
2036.48	0.00072216
2034.56	7.10452e-05
2032.63	0.000263993
2030.7	0.00113148
2028.77	0.00113393
2026.84	0.000576418
2024.92	0.000117841
2022.99	-0.000357303
2021.06	-0.00292735
2019.13	-0.00250861
2017.2	0.000722459
2015.28	0.00278635
2013.35	0.0020002
2011.42	0.00169806
2009.49	0.00123706
2007.56	0.000982076
2005.64	0.00166905
2003.71	0.00078383
2001.78	-0.00114658
